 50  7 14
WAVELENGTH(A)= 
     1.002
 7 14 t 
excit   
    72.800    109.000    182.000    364.000    728.000   1820.000   3640.000   5460.000   7280.000  10900.000  18200.000  36400.000  72800.000 109000.000 
  0.1000E+11  0.1000E-73  0.1000E-73  0.3330E-40  0.1200E-25  0.2070E-18  0.3630E-14  0.7980E-13  0.2080E-12  0.3260E-12  0.4920E-12  0.6500E-12  0.7450E-12  0.7420E-12  0.7120E-12
  0.1000E+12  0.1000E-73  0.1000E-73  0.3000E-40  0.1200E-25  0.2070E-18  0.3630E-14  0.7980E-13  0.2080E-12  0.3260E-12  0.4920E-12  0.6500E-12  0.7450E-12  0.7420E-12  0.7120E-12
  0.1000E+13  0.1000E-73  0.1000E-73  0.2960E-40  0.1200E-25  0.2070E-18  0.3630E-14  0.7980E-13  0.2080E-12  0.3260E-12  0.4920E-12  0.6500E-12  0.7450E-12  0.7420E-12  0.7120E-12
  0.1000E+14  0.1000E-73  0.1000E-73  0.2950E-40  0.1200E-25  0.2070E-18  0.3630E-14  0.7980E-13  0.2080E-12  0.3260E-12  0.4920E-12  0.6500E-12  0.7450E-12  0.7420E-12  0.7120E-12
  0.1000E+15  0.1000E-73  0.1000E-73  0.2950E-40  0.1200E-25  0.2070E-18  0.3630E-14  0.7980E-13  0.2080E-12  0.3260E-12  0.4920E-12  0.6500E-12  0.7450E-12  0.7420E-12  0.7120E-12
  0.1000E+16  0.1000E-73  0.1000E-73  0.2950E-40  0.1200E-25  0.2070E-18  0.3630E-14  0.7980E-13  0.2080E-12  0.3260E-12  0.4920E-12  0.6500E-12  0.7450E-12  0.7420E-12  0.7120E-12
  0.1000E+17  0.1000E-73  0.1000E-73  0.2950E-40  0.1200E-25  0.2070E-18  0.3630E-14  0.7980E-13  0.2080E-12  0.3260E-12  0.4920E-12  0.6500E-12  0.7450E-12  0.7420E-12  0.7120E-12
WAVELENGTH(A)= 
     1.027
 7 14 t 
excit   
    72.800    109.000    182.000    364.000    728.000   1820.000   3640.000   5460.000   7280.000  10900.000  18200.000  36400.000  72800.000 109000.000 
  0.1000E+11  0.1000E-73  0.1000E-73  0.2620E-41  0.4680E-27  0.5810E-20  0.1040E-15  0.2550E-14  0.6960E-14  0.1120E-13  0.1710E-13  0.2280E-13  0.2590E-13  0.2530E-13  0.2400E-13
  0.1000E+12  0.1000E-73  0.1000E-73  0.2620E-41  0.4680E-27  0.5810E-20  0.1040E-15  0.2550E-14  0.6960E-14  0.1120E-13  0.1710E-13  0.2280E-13  0.2590E-13  0.2530E-13  0.2400E-13
  0.1000E+13  0.1000E-73  0.1000E-73  0.2620E-41  0.4680E-27  0.5810E-20  0.1040E-15  0.2550E-14  0.6960E-14  0.1120E-13  0.1710E-13  0.2280E-13  0.2590E-13  0.2530E-13  0.2400E-13
  0.1000E+14  0.1000E-73  0.1000E-73  0.2610E-41  0.4680E-27  0.5810E-20  0.1040E-15  0.2550E-14  0.6960E-14  0.1120E-13  0.1710E-13  0.2280E-13  0.2590E-13  0.2530E-13  0.2400E-13
  0.1000E+15  0.1000E-73  0.1000E-73  0.2610E-41  0.4680E-27  0.5810E-20  0.1040E-15  0.2550E-14  0.6960E-14  0.1120E-13  0.1710E-13  0.2280E-13  0.2590E-13  0.2530E-13  0.2400E-13
  0.1000E+16  0.1000E-73  0.1000E-73  0.2610E-41  0.4680E-27  0.5810E-20  0.1040E-15  0.2550E-14  0.6960E-14  0.1120E-13  0.1710E-13  0.2280E-13  0.2590E-13  0.2530E-13  0.2400E-13
  0.1000E+17  0.1000E-73  0.1000E-73  0.2610E-41  0.4680E-27  0.5810E-20  0.1040E-15  0.2550E-14  0.6960E-14  0.1120E-13  0.1710E-13  0.2280E-13  0.2590E-13  0.2530E-13  0.2400E-13
WAVELENGTH(A)= 
     1.135
 7 14 t 
excit   
    72.800    109.000    182.000    364.000    728.000   1820.000   3640.000   5460.000   7280.000  10900.000  18200.000  36400.000  72800.000 109000.000 
  0.1000E+11  0.1000E-73  0.1000E-73  0.2140E-36  0.1380E-23  0.3100E-17  0.1580E-13  0.2250E-12  0.5040E-12  0.7260E-12  0.9920E-12  0.1180E-11  0.1170E-11  0.1000E-11  0.8820E-12
  0.1000E+12  0.1000E-73  0.1000E-73  0.2140E-36  0.1380E-23  0.3100E-17  0.1580E-13  0.2250E-12  0.5040E-12  0.7260E-12  0.9920E-12  0.1180E-11  0.1170E-11  0.1000E-11  0.8820E-12
  0.1000E+13  0.1000E-73  0.1000E-73  0.2140E-36  0.1380E-23  0.3100E-17  0.1580E-13  0.2250E-12  0.5040E-12  0.7260E-12  0.9920E-12  0.1180E-11  0.1170E-11  0.1000E-11  0.8820E-12
  0.1000E+14  0.1000E-73  0.1000E-73  0.2140E-36  0.1380E-23  0.3100E-17  0.1580E-13  0.2250E-12  0.5040E-12  0.7260E-12  0.9920E-12  0.1180E-11  0.1170E-11  0.1000E-11  0.8820E-12
  0.1000E+15  0.1000E-73  0.1000E-73  0.2140E-36  0.1380E-23  0.3100E-17  0.1580E-13  0.2250E-12  0.5040E-12  0.7260E-12  0.9920E-12  0.1180E-11  0.1170E-11  0.1000E-11  0.8820E-12
  0.1000E+16  0.1000E-73  0.1000E-73  0.2140E-36  0.1380E-23  0.3100E-17  0.1580E-13  0.2250E-12  0.5040E-12  0.7260E-12  0.9920E-12  0.1180E-11  0.1170E-11  0.1000E-11  0.8820E-12
  0.1000E+17  0.1000E-73  0.1000E-73  0.2140E-36  0.1380E-23  0.3100E-17  0.1580E-13  0.2250E-12  0.5040E-12  0.7260E-12  0.9920E-12  0.1180E-11  0.1170E-11  0.1000E-11  0.8820E-12
WAVELENGTH(A)= 
     1.171
 7 14 t 
excit   
    72.800    109.000    182.000    364.000    728.000   1820.000   3640.000   5460.000   7280.000  10900.000  18200.000  36400.000  72800.000 109000.000 
  0.1000E+11  0.1000E-73  0.1000E-73  0.4630E-35  0.5590E-23  0.5690E-17  0.1990E-13  0.2720E-12  0.6200E-12  0.9090E-12  0.1290E-11  0.1640E-11  0.1840E-11  0.1820E-11  0.1750E-11
  0.1000E+12  0.1000E-73  0.1000E-73  0.4630E-35  0.5590E-23  0.5690E-17  0.1990E-13  0.2720E-12  0.6200E-12  0.9090E-12  0.1290E-11  0.1640E-11  0.1840E-11  0.1820E-11  0.1750E-11
  0.1000E+13  0.1000E-73  0.1000E-73  0.4630E-35  0.5590E-23  0.5690E-17  0.1990E-13  0.2720E-12  0.6200E-12  0.9090E-12  0.1290E-11  0.1640E-11  0.1840E-11  0.1820E-11  0.1750E-11
  0.1000E+14  0.1000E-73  0.1000E-73  0.4630E-35  0.5590E-23  0.5690E-17  0.1990E-13  0.2720E-12  0.6200E-12  0.9090E-12  0.1290E-11  0.1640E-11  0.1840E-11  0.1820E-11  0.1750E-11
  0.1000E+15  0.1000E-73  0.1000E-73  0.4630E-35  0.5590E-23  0.5690E-17  0.1990E-13  0.2720E-12  0.6200E-12  0.9090E-12  0.1290E-11  0.1640E-11  0.1840E-11  0.1820E-11  0.1750E-11
  0.1000E+16  0.1000E-73  0.1000E-73  0.4630E-35  0.5590E-23  0.5690E-17  0.1990E-13  0.2720E-12  0.6200E-12  0.9090E-12  0.1290E-11  0.1640E-11  0.1840E-11  0.1820E-11  0.1750E-11
  0.1000E+17  0.1000E-73  0.1000E-73  0.4630E-35  0.5590E-23  0.5690E-17  0.1990E-13  0.2720E-12  0.6200E-12  0.9090E-12  0.1290E-11  0.1640E-11  0.1840E-11  0.1820E-11  0.1750E-11
WAVELENGTH(A)= 
     1.305
 7 14 t 
excit   
    72.800    109.000    182.000    364.000    728.000   1820.000   3640.000   5460.000   7280.000  10900.000  18200.000  36400.000  72800.000 109000.000 
  0.1000E+11  0.1000E-73  0.1000E-73  0.2650E-32  0.3990E-21  0.1310E-15  0.2140E-12  0.2160E-11  0.4410E-11  0.6140E-11  0.8320E-11  0.1020E-10  0.1140E-10  0.1140E-10  0.1100E-10
  0.1000E+12  0.1000E-73  0.1000E-73  0.2650E-32  0.3990E-21  0.1310E-15  0.2140E-12  0.2160E-11  0.4410E-11  0.6140E-11  0.8320E-11  0.1020E-10  0.1140E-10  0.1140E-10  0.1100E-10
  0.1000E+13  0.1000E-73  0.1000E-73  0.2650E-32  0.3990E-21  0.1310E-15  0.2140E-12  0.2160E-11  0.4410E-11  0.6140E-11  0.8320E-11  0.1020E-10  0.1140E-10  0.1140E-10  0.1100E-10
  0.1000E+14  0.1000E-73  0.1000E-73  0.2650E-32  0.3990E-21  0.1310E-15  0.2140E-12  0.2160E-11  0.4410E-11  0.6140E-11  0.8320E-11  0.1020E-10  0.1140E-10  0.1140E-10  0.1100E-10
  0.1000E+15  0.1000E-73  0.1000E-73  0.2650E-32  0.3990E-21  0.1310E-15  0.2140E-12  0.2160E-11  0.4410E-11  0.6140E-11  0.8320E-11  0.1020E-10  0.1140E-10  0.1140E-10  0.1100E-10
  0.1000E+16  0.1000E-73  0.1000E-73  0.2650E-32  0.3990E-21  0.1310E-15  0.2140E-12  0.2160E-11  0.4410E-11  0.6140E-11  0.8320E-11  0.1020E-10  0.1140E-10  0.1140E-10  0.1100E-10
  0.1000E+17  0.1000E-73  0.1000E-73  0.2650E-32  0.3990E-21  0.1310E-15  0.2140E-12  0.2160E-11  0.4410E-11  0.6140E-11  0.8320E-11  0.1020E-10  0.1140E-10  0.1140E-10  0.1100E-10
WAVELENGTH(A)= 
     1.354
 7 14 t 
excit   
    72.800    109.000    182.000    364.000    728.000   1820.000   3640.000   5460.000   7280.000  10900.000  18200.000  36400.000  72800.000 109000.000 
  0.1000E+11  0.1000E-73  0.1000E-73  0.1750E-32  0.1030E-21  0.2130E-16  0.2810E-13  0.2910E-12  0.6080E-12  0.8570E-12  0.1160E-11  0.1390E-11  0.1440E-11  0.1310E-11  0.1200E-11
  0.1000E+12  0.1000E-73  0.1000E-73  0.1750E-32  0.1030E-21  0.2130E-16  0.2810E-13  0.2910E-12  0.6080E-12  0.8570E-12  0.1160E-11  0.1390E-11  0.1440E-11  0.1310E-11  0.1200E-11
  0.1000E+13  0.1000E-73  0.1000E-73  0.1750E-32  0.1030E-21  0.2130E-16  0.2810E-13  0.2910E-12  0.6080E-12  0.8570E-12  0.1160E-11  0.1390E-11  0.1440E-11  0.1310E-11  0.1200E-11
  0.1000E+14  0.1000E-73  0.1000E-73  0.1750E-32  0.1030E-21  0.2130E-16  0.2810E-13  0.2910E-12  0.6080E-12  0.8570E-12  0.1160E-11  0.1390E-11  0.1440E-11  0.1310E-11  0.1200E-11
  0.1000E+15  0.1000E-73  0.6030E-47  0.1750E-32  0.1030E-21  0.2130E-16  0.2810E-13  0.2910E-12  0.6080E-12  0.8570E-12  0.1160E-11  0.1390E-11  0.1440E-11  0.1310E-11  0.1200E-11
  0.1000E+16  0.1000E-73  0.6030E-47  0.1750E-32  0.1030E-21  0.2130E-16  0.2810E-13  0.2910E-12  0.6080E-12  0.8570E-12  0.1160E-11  0.1390E-11  0.1440E-11  0.1310E-11  0.1200E-11
  0.1000E+17  0.1000E-73  0.6270E-47  0.1750E-32  0.1030E-21  0.2130E-16  0.2810E-13  0.2910E-12  0.6080E-12  0.8570E-12  0.1160E-11  0.1390E-11  0.1440E-11  0.1310E-11  0.1200E-11
WAVELENGTH(A)= 
     1.417
 7 14 t 
excit   
    72.800    109.000    182.000    364.000    728.000   1820.000   3640.000   5460.000   7280.000  10900.000  18200.000  36400.000  72800.000 109000.000 
  0.1000E+11  0.1000E-73  0.1000E-73  0.7910E-32  0.2760E-21  0.4880E-16  0.6250E-13  0.6670E-12  0.1420E-11  0.2030E-11  0.2800E-11  0.3410E-11  0.3600E-11  0.3340E-11  0.3090E-11
  0.1000E+12  0.1000E-73  0.1000E-73  0.7910E-32  0.2760E-21  0.4880E-16  0.6250E-13  0.6670E-12  0.1420E-11  0.2030E-11  0.2800E-11  0.3410E-11  0.3600E-11  0.3340E-11  0.3090E-11
  0.1000E+13  0.1000E-73  0.1000E-73  0.7910E-32  0.2760E-21  0.4880E-16  0.6250E-13  0.6670E-12  0.1420E-11  0.2030E-11  0.2800E-11  0.3410E-11  0.3600E-11  0.3340E-11  0.3090E-11
  0.1000E+14  0.1000E-73  0.1000E-73  0.7910E-32  0.2760E-21  0.4880E-16  0.6250E-13  0.6670E-12  0.1420E-11  0.2030E-11  0.2800E-11  0.3410E-11  0.3600E-11  0.3340E-11  0.3090E-11
  0.1000E+15  0.1000E-73  0.1000E-73  0.7910E-32  0.2760E-21  0.4880E-16  0.6250E-13  0.6670E-12  0.1420E-11  0.2030E-11  0.2800E-11  0.3410E-11  0.3600E-11  0.3340E-11  0.3090E-11
  0.1000E+16  0.1000E-73  0.6920E-46  0.7910E-32  0.2760E-21  0.4880E-16  0.6250E-13  0.6670E-12  0.1420E-11  0.2030E-11  0.2800E-11  0.3410E-11  0.3600E-11  0.3340E-11  0.3090E-11
  0.1000E+17  0.1000E-73  0.9000E-46  0.7910E-32  0.2760E-21  0.4880E-16  0.6250E-13  0.6670E-12  0.1420E-11  0.2030E-11  0.2800E-11  0.3410E-11  0.3600E-11  0.3340E-11  0.3090E-11
WAVELENGTH(A)= 
     2.037
 7 14 t 
excit   
    72.800    109.000    182.000    364.000    728.000   1820.000   3640.000   5460.000   7280.000  10900.000  18200.000  36400.000  72800.000 109000.000 
  0.1000E+11  0.1000E-73  0.1000E-73  0.1000E-73  0.4660E-30  0.2320E-21  0.2990E-16  0.1250E-14  0.3970E-14  0.6830E-14  0.1110E-13  0.1500E-13  0.1630E-13  0.1440E-13  0.1270E-13
  0.1000E+12  0.1000E-73  0.1000E-73  0.1000E-73  0.4660E-30  0.2320E-21  0.2990E-16  0.1250E-14  0.3970E-14  0.6830E-14  0.1110E-13  0.1500E-13  0.1630E-13  0.1440E-13  0.1270E-13
  0.1000E+13  0.1000E-73  0.1000E-73  0.1000E-73  0.4660E-30  0.2320E-21  0.2990E-16  0.1250E-14  0.3970E-14  0.6830E-14  0.1110E-13  0.1500E-13  0.1630E-13  0.1440E-13  0.1270E-13
  0.1000E+14  0.1000E-73  0.1000E-73  0.1000E-73  0.4660E-30  0.2320E-21  0.2990E-16  0.1250E-14  0.3970E-14  0.6830E-14  0.1110E-13  0.1500E-13  0.1630E-13  0.1440E-13  0.1270E-13
  0.1000E+15  0.1000E-73  0.1000E-73  0.1000E-73  0.4660E-30  0.2320E-21  0.2990E-16  0.1250E-14  0.3970E-14  0.6830E-14  0.1110E-13  0.1500E-13  0.1630E-13  0.1440E-13  0.1270E-13
  0.1000E+16  0.1000E-73  0.1000E-73  0.1000E-73  0.4660E-30  0.2320E-21  0.2990E-16  0.1250E-14  0.3970E-14  0.6830E-14  0.1110E-13  0.1500E-13  0.1630E-13  0.1440E-13  0.1270E-13
  0.1000E+17  0.1000E-73  0.1000E-73  0.1530E-47  0.4660E-30  0.2320E-21  0.2990E-16  0.1250E-14  0.3970E-14  0.6830E-14  0.1110E-13  0.1500E-13  0.1630E-13  0.1440E-13  0.1270E-13
WAVELENGTH(A)= 
     2.173
 7 14 t 
excit   
    72.800    109.000    182.000    364.000    728.000   1820.000   3640.000   5460.000   7280.000  10900.000  18200.000  36400.000  72800.000 109000.000 
  0.1000E+11  0.1000E-73  0.1000E-73  0.1000E-73  0.1660E-29  0.8580E-21  0.1140E-15  0.4830E-14  0.1560E-13  0.2710E-13  0.4510E-13  0.6400E-13  0.7650E-13  0.7700E-13  0.7390E-13
  0.1000E+12  0.1000E-73  0.1000E-73  0.1000E-73  0.1660E-29  0.8580E-21  0.1140E-15  0.4830E-14  0.1560E-13  0.2710E-13  0.4510E-13  0.6400E-13  0.7650E-13  0.7700E-13  0.7390E-13
  0.1000E+13  0.1000E-73  0.1000E-73  0.1000E-73  0.1660E-29  0.8580E-21  0.1140E-15  0.4830E-14  0.1560E-13  0.2710E-13  0.4510E-13  0.6400E-13  0.7650E-13  0.7700E-13  0.7390E-13
  0.1000E+14  0.1000E-73  0.1000E-73  0.1000E-73  0.1660E-29  0.8580E-21  0.1140E-15  0.4830E-14  0.1560E-13  0.2710E-13  0.4510E-13  0.6400E-13  0.7650E-13  0.7700E-13  0.7390E-13
  0.1000E+15  0.1000E-73  0.1000E-73  0.1000E-73  0.1660E-29  0.8580E-21  0.1140E-15  0.4830E-14  0.1560E-13  0.2710E-13  0.4510E-13  0.6400E-13  0.7650E-13  0.7700E-13  0.7390E-13
  0.1000E+16  0.1000E-73  0.1000E-73  0.1000E-73  0.1660E-29  0.8580E-21  0.1140E-15  0.4830E-14  0.1560E-13  0.2710E-13  0.4510E-13  0.6400E-13  0.7650E-13  0.7700E-13  0.7390E-13
  0.1000E+17  0.1000E-73  0.1000E-73  0.3250E-47  0.1660E-29  0.8580E-21  0.1140E-15  0.4830E-14  0.1560E-13  0.2710E-13  0.4510E-13  0.6400E-13  0.7650E-13  0.7700E-13  0.7390E-13
WAVELENGTH(A)= 
     2.198
 7 14 t 
excit   
    72.800    109.000    182.000    364.000    728.000   1820.000   3640.000   5460.000   7280.000  10900.000  18200.000  36400.000  72800.000 109000.000 
  0.1000E+11  0.1000E-73  0.1000E-73  0.1000E-73  0.3160E-29  0.8740E-21  0.7980E-16  0.2980E-14  0.9160E-14  0.1540E-13  0.2460E-13  0.3290E-13  0.3570E-13  0.3210E-13  0.2860E-13
  0.1000E+12  0.1000E-73  0.1000E-73  0.1000E-73  0.3160E-29  0.8740E-21  0.7980E-16  0.2980E-14  0.9160E-14  0.1540E-13  0.2460E-13  0.3290E-13  0.3570E-13  0.3210E-13  0.2860E-13
  0.1000E+13  0.1000E-73  0.1000E-73  0.1000E-73  0.3160E-29  0.8740E-21  0.7980E-16  0.2980E-14  0.9160E-14  0.1540E-13  0.2460E-13  0.3290E-13  0.3570E-13  0.3210E-13  0.2860E-13
  0.1000E+14  0.1000E-73  0.1000E-73  0.1000E-73  0.3160E-29  0.8740E-21  0.7980E-16  0.2980E-14  0.9160E-14  0.1540E-13  0.2460E-13  0.3290E-13  0.3570E-13  0.3210E-13  0.2860E-13
  0.1000E+15  0.1000E-73  0.1000E-73  0.1000E-73  0.3160E-29  0.8740E-21  0.7980E-16  0.2980E-14  0.9160E-14  0.1540E-13  0.2460E-13  0.3290E-13  0.3570E-13  0.3210E-13  0.2860E-13
  0.1000E+16  0.1000E-73  0.1000E-73  0.2410E-46  0.3160E-29  0.8740E-21  0.7980E-16  0.2980E-14  0.9160E-14  0.1540E-13  0.2460E-13  0.3290E-13  0.3570E-13  0.3210E-13  0.2860E-13
  0.1000E+17  0.1000E-73  0.1000E-73  0.3130E-46  0.3160E-29  0.8740E-21  0.7980E-16  0.2980E-14  0.9160E-14  0.1540E-13  0.2460E-13  0.3290E-13  0.3570E-13  0.3210E-13  0.2860E-13
WAVELENGTH(A)= 
     2.308
 7 14 t 
excit   
    72.800    109.000    182.000    364.000    728.000   1820.000   3640.000   5460.000   7280.000  10900.000  18200.000  36400.000  72800.000 109000.000 
  0.1000E+11  0.1000E-73  0.1000E-73  0.1000E-73  0.5360E-30  0.2800E-21  0.3740E-16  0.1580E-14  0.5100E-14  0.8840E-14  0.1450E-13  0.2000E-13  0.2270E-13  0.2090E-13  0.1900E-13
  0.1000E+12  0.1000E-73  0.1000E-73  0.1000E-73  0.5360E-30  0.2800E-21  0.3740E-16  0.1580E-14  0.5100E-14  0.8840E-14  0.1450E-13  0.2000E-13  0.2270E-13  0.2090E-13  0.1900E-13
  0.1000E+13  0.1000E-73  0.1000E-73  0.1000E-73  0.5360E-30  0.2800E-21  0.3740E-16  0.1580E-14  0.5100E-14  0.8840E-14  0.1450E-13  0.2000E-13  0.2270E-13  0.2090E-13  0.1900E-13
  0.1000E+14  0.1000E-73  0.1000E-73  0.1000E-73  0.5360E-30  0.2800E-21  0.3740E-16  0.1580E-14  0.5100E-14  0.8840E-14  0.1450E-13  0.2000E-13  0.2270E-13  0.2090E-13  0.1900E-13
  0.1000E+15  0.1000E-73  0.1000E-73  0.1000E-73  0.5360E-30  0.2800E-21  0.3740E-16  0.1580E-14  0.5100E-14  0.8840E-14  0.1450E-13  0.2000E-13  0.2270E-13  0.2090E-13  0.1900E-13
  0.1000E+16  0.1000E-73  0.1000E-73  0.1000E-73  0.5360E-30  0.2800E-21  0.3740E-16  0.1580E-14  0.5100E-14  0.8840E-14  0.1450E-13  0.2000E-13  0.2270E-13  0.2090E-13  0.1900E-13
  0.1000E+17  0.1000E-73  0.1000E-73  0.1000E-73  0.5360E-30  0.2800E-21  0.3740E-16  0.1580E-14  0.5100E-14  0.8840E-14  0.1450E-13  0.2000E-13  0.2270E-13  0.2090E-13  0.1900E-13
WAVELENGTH(A)= 
     2.352
 7 14 t 
excit   
    72.800    109.000    182.000    364.000    728.000   1820.000   3640.000   5460.000   7280.000  10900.000  18200.000  36400.000  72800.000 109000.000 
  0.1000E+11  0.1000E-73  0.1000E-73  0.1000E-73  0.1020E-28  0.2920E-20  0.2720E-15  0.1030E-13  0.3210E-13  0.5470E-13  0.8940E-13  0.1250E-12  0.1480E-12  0.1480E-12  0.1430E-12
  0.1000E+12  0.1000E-73  0.1000E-73  0.1000E-73  0.1020E-28  0.2920E-20  0.2720E-15  0.1030E-13  0.3210E-13  0.5470E-13  0.8940E-13  0.1250E-12  0.1480E-12  0.1480E-12  0.1430E-12
  0.1000E+13  0.1000E-73  0.1000E-73  0.1000E-73  0.1020E-28  0.2920E-20  0.2720E-15  0.1030E-13  0.3210E-13  0.5470E-13  0.8940E-13  0.1250E-12  0.1480E-12  0.1480E-12  0.1430E-12
  0.1000E+14  0.1000E-73  0.1000E-73  0.1000E-73  0.1020E-28  0.2920E-20  0.2720E-15  0.1030E-13  0.3210E-13  0.5470E-13  0.8940E-13  0.1250E-12  0.1480E-12  0.1480E-12  0.1430E-12
  0.1000E+15  0.1000E-73  0.1000E-73  0.1000E-73  0.1020E-28  0.2920E-20  0.2720E-15  0.1030E-13  0.3210E-13  0.5470E-13  0.8940E-13  0.1250E-12  0.1480E-12  0.1480E-12  0.1430E-12
  0.1000E+16  0.1000E-73  0.1000E-73  0.1050E-45  0.1020E-28  0.2920E-20  0.2720E-15  0.1030E-13  0.3210E-13  0.5470E-13  0.8940E-13  0.1250E-12  0.1480E-12  0.1480E-12  0.1430E-12
  0.1000E+17  0.1000E-73  0.1000E-73  0.8930E-46  0.1020E-28  0.2920E-20  0.2720E-15  0.1030E-13  0.3210E-13  0.5470E-13  0.8940E-13  0.1250E-12  0.1480E-12  0.1480E-12  0.1430E-12
WAVELENGTH(A)= 
     2.507
 7 14 t 
excit   
    72.800    109.000    182.000    364.000    728.000   1820.000   3640.000   5460.000   7280.000  10900.000  18200.000  36400.000  72800.000 109000.000 
  0.1000E+11  0.1000E-73  0.1000E-73  0.1000E-73  0.3140E-29  0.9190E-21  0.8690E-16  0.3280E-14  0.1020E-13  0.1730E-13  0.2800E-13  0.3810E-13  0.4260E-13  0.3950E-13  0.3570E-13
  0.1000E+12  0.1000E-73  0.1000E-73  0.1000E-73  0.3140E-29  0.9190E-21  0.8690E-16  0.3280E-14  0.1020E-13  0.1730E-13  0.2800E-13  0.3810E-13  0.4260E-13  0.3950E-13  0.3570E-13
  0.1000E+13  0.1000E-73  0.1000E-73  0.1000E-73  0.3140E-29  0.9190E-21  0.8690E-16  0.3280E-14  0.1020E-13  0.1730E-13  0.2800E-13  0.3810E-13  0.4260E-13  0.3950E-13  0.3570E-13
  0.1000E+14  0.1000E-73  0.1000E-73  0.1000E-73  0.3140E-29  0.9190E-21  0.8690E-16  0.3280E-14  0.1020E-13  0.1730E-13  0.2800E-13  0.3810E-13  0.4260E-13  0.3950E-13  0.3570E-13
  0.1000E+15  0.1000E-73  0.1000E-73  0.1000E-73  0.3140E-29  0.9190E-21  0.8690E-16  0.3280E-14  0.1020E-13  0.1730E-13  0.2800E-13  0.3810E-13  0.4260E-13  0.3950E-13  0.3570E-13
  0.1000E+16  0.1000E-73  0.1000E-73  0.1000E-73  0.3140E-29  0.9190E-21  0.8690E-16  0.3280E-14  0.1020E-13  0.1730E-13  0.2800E-13  0.3810E-13  0.4260E-13  0.3950E-13  0.3570E-13
  0.1000E+17  0.1000E-73  0.1000E-73  0.2360E-46  0.3140E-29  0.9190E-21  0.8690E-16  0.3280E-14  0.1020E-13  0.1730E-13  0.2800E-13  0.3810E-13  0.4260E-13  0.3950E-13  0.3570E-13
WAVELENGTH(A)= 
     2.536
 7 14 t 
excit   
    72.800    109.000    182.000    364.000    728.000   1820.000   3640.000   5460.000   7280.000  10900.000  18200.000  36400.000  72800.000 109000.000 
  0.1000E+11  0.1000E-73  0.1000E-73  0.1000E-73  0.5850E-28  0.5930E-20  0.3090E-15  0.9680E-14  0.2820E-13  0.4630E-13  0.7210E-13  0.9490E-13  0.1030E-12  0.9330E-13  0.8420E-13
  0.1000E+12  0.1000E-73  0.1000E-73  0.1000E-73  0.5850E-28  0.5930E-20  0.3090E-15  0.9680E-14  0.2820E-13  0.4630E-13  0.7210E-13  0.9490E-13  0.1030E-12  0.9330E-13  0.8420E-13
  0.1000E+13  0.1000E-73  0.1000E-73  0.1000E-73  0.5850E-28  0.5930E-20  0.3090E-15  0.9680E-14  0.2820E-13  0.4630E-13  0.7210E-13  0.9490E-13  0.1030E-12  0.9330E-13  0.8420E-13
  0.1000E+14  0.1000E-73  0.1000E-73  0.4050E-44  0.5850E-28  0.5930E-20  0.3090E-15  0.9680E-14  0.2820E-13  0.4630E-13  0.7210E-13  0.9490E-13  0.1030E-12  0.9330E-13  0.8420E-13
  0.1000E+15  0.1000E-73  0.1000E-73  0.4450E-44  0.5850E-28  0.5930E-20  0.3090E-15  0.9680E-14  0.2820E-13  0.4630E-13  0.7210E-13  0.9490E-13  0.1030E-12  0.9330E-13  0.8420E-13
  0.1000E+16  0.1000E-73  0.1000E-73  0.4410E-44  0.5850E-28  0.5930E-20  0.3090E-15  0.9680E-14  0.2820E-13  0.4630E-13  0.7210E-13  0.9490E-13  0.1030E-12  0.9330E-13  0.8420E-13
  0.1000E+17  0.1000E-73  0.1000E-73  0.4400E-44  0.5850E-28  0.5930E-20  0.3090E-15  0.9680E-14  0.2820E-13  0.4630E-13  0.7210E-13  0.9490E-13  0.1030E-12  0.9330E-13  0.8420E-13
WAVELENGTH(A)= 
     2.725
 7 14 t 
excit   
    72.800    109.000    182.000    364.000    728.000   1820.000   3640.000   5460.000   7280.000  10900.000  18200.000  36400.000  72800.000 109000.000 
  0.1000E+11  0.1000E-73  0.1000E-73  0.1000E-73  0.1640E-27  0.1760E-19  0.9120E-15  0.2850E-13  0.8330E-13  0.1380E-12  0.2200E-12  0.3000E-12  0.3510E-12  0.3510E-12  0.3370E-12
  0.1000E+12  0.1000E-73  0.1000E-73  0.1000E-73  0.1640E-27  0.1760E-19  0.9120E-15  0.2850E-13  0.8330E-13  0.1380E-12  0.2200E-12  0.3000E-12  0.3510E-12  0.3510E-12  0.3370E-12
  0.1000E+13  0.1000E-73  0.1000E-73  0.1000E-73  0.1640E-27  0.1760E-19  0.9120E-15  0.2850E-13  0.8330E-13  0.1380E-12  0.2200E-12  0.3000E-12  0.3510E-12  0.3510E-12  0.3370E-12
  0.1000E+14  0.1000E-73  0.1000E-73  0.9260E-44  0.1640E-27  0.1760E-19  0.9120E-15  0.2850E-13  0.8330E-13  0.1380E-12  0.2200E-12  0.3000E-12  0.3510E-12  0.3510E-12  0.3370E-12
  0.1000E+15  0.1000E-73  0.1000E-73  0.1020E-43  0.1640E-27  0.1760E-19  0.9120E-15  0.2850E-13  0.8330E-13  0.1380E-12  0.2200E-12  0.3000E-12  0.3510E-12  0.3510E-12  0.3370E-12
  0.1000E+16  0.1000E-73  0.1000E-73  0.1040E-43  0.1640E-27  0.1760E-19  0.9120E-15  0.2850E-13  0.8330E-13  0.1380E-12  0.2200E-12  0.3000E-12  0.3510E-12  0.3510E-12  0.3370E-12
  0.1000E+17  0.1000E-73  0.1000E-73  0.1040E-43  0.1640E-27  0.1760E-19  0.9120E-15  0.2850E-13  0.8330E-13  0.1380E-12  0.2200E-12  0.3000E-12  0.3510E-12  0.3510E-12  0.3370E-12
WAVELENGTH(A)= 
     2.819
 7 14 t 
excit   
    72.800    109.000    182.000    364.000    728.000   1820.000   3640.000   5460.000   7280.000  10900.000  18200.000  36400.000  72800.000 109000.000 
  0.1000E+11  0.1000E-73  0.1000E-73  0.1000E-73  0.7780E-29  0.7490E-21  0.3990E-16  0.1290E-14  0.3810E-14  0.6340E-14  0.1010E-13  0.1390E-13  0.1620E-13  0.1620E-13  0.1560E-13
  0.1000E+12  0.1000E-73  0.1000E-73  0.1000E-73  0.7780E-29  0.7490E-21  0.3990E-16  0.1290E-14  0.3810E-14  0.6340E-14  0.1010E-13  0.1390E-13  0.1620E-13  0.1620E-13  0.1560E-13
  0.1000E+13  0.1000E-73  0.1000E-73  0.1000E-73  0.7780E-29  0.7490E-21  0.3990E-16  0.1290E-14  0.3810E-14  0.6340E-14  0.1010E-13  0.1390E-13  0.1620E-13  0.1620E-13  0.1560E-13
  0.1000E+14  0.1000E-73  0.1000E-73  0.1000E-73  0.7780E-29  0.7490E-21  0.3990E-16  0.1290E-14  0.3810E-14  0.6340E-14  0.1010E-13  0.1390E-13  0.1620E-13  0.1620E-13  0.1560E-13
  0.1000E+15  0.1000E-73  0.1000E-73  0.9050E-45  0.7780E-29  0.7490E-21  0.3990E-16  0.1290E-14  0.3810E-14  0.6340E-14  0.1010E-13  0.1390E-13  0.1620E-13  0.1620E-13  0.1560E-13
  0.1000E+16  0.1000E-73  0.1000E-73  0.7240E-45  0.7780E-29  0.7490E-21  0.3990E-16  0.1290E-14  0.3810E-14  0.6340E-14  0.1010E-13  0.1390E-13  0.1620E-13  0.1620E-13  0.1560E-13
  0.1000E+17  0.1000E-73  0.1000E-73  0.7200E-45  0.7780E-29  0.7490E-21  0.3990E-16  0.1290E-14  0.3810E-14  0.6340E-14  0.1010E-13  0.1390E-13  0.1620E-13  0.1620E-13  0.1560E-13
WAVELENGTH(A)= 
     2.926
 7 14 t 
excit   
    72.800    109.000    182.000    364.000    728.000   1820.000   3640.000   5460.000   7280.000  10900.000  18200.000  36400.000  72800.000 109000.000 
  0.1000E+11  0.1000E-73  0.1000E-73  0.1000E-73  0.4660E-28  0.5160E-20  0.2740E-15  0.8560E-14  0.2500E-13  0.4100E-13  0.6430E-13  0.8590E-13  0.9490E-13  0.8720E-13  0.7890E-13
  0.1000E+12  0.1000E-73  0.1000E-73  0.1000E-73  0.4660E-28  0.5160E-20  0.2740E-15  0.8560E-14  0.2500E-13  0.4100E-13  0.6430E-13  0.8590E-13  0.9490E-13  0.8720E-13  0.7890E-13
  0.1000E+13  0.1000E-73  0.1000E-73  0.1000E-73  0.4660E-28  0.5160E-20  0.2740E-15  0.8560E-14  0.2500E-13  0.4100E-13  0.6430E-13  0.8590E-13  0.9490E-13  0.8720E-13  0.7890E-13
  0.1000E+14  0.1000E-73  0.1000E-73  0.1000E-73  0.4660E-28  0.5160E-20  0.2740E-15  0.8560E-14  0.2500E-13  0.4100E-13  0.6430E-13  0.8590E-13  0.9490E-13  0.8720E-13  0.7890E-13
  0.1000E+15  0.1000E-73  0.1000E-73  0.2480E-44  0.4660E-28  0.5160E-20  0.2740E-15  0.8560E-14  0.2500E-13  0.4100E-13  0.6430E-13  0.8590E-13  0.9490E-13  0.8720E-13  0.7890E-13
  0.1000E+16  0.1000E-73  0.1000E-73  0.2730E-44  0.4660E-28  0.5160E-20  0.2740E-15  0.8560E-14  0.2500E-13  0.4100E-13  0.6430E-13  0.8590E-13  0.9490E-13  0.8720E-13  0.7890E-13
  0.1000E+17  0.1000E-73  0.1000E-73  0.2710E-44  0.4660E-28  0.5160E-20  0.2740E-15  0.8560E-14  0.2500E-13  0.4100E-13  0.6430E-13  0.8590E-13  0.9490E-13  0.8720E-13  0.7890E-13
WAVELENGTH(A)= 
     2.996
 7 14 t 
excit   
    72.800    109.000    182.000    364.000    728.000   1820.000   3640.000   5460.000   7280.000  10900.000  18200.000  36400.000  72800.000 109000.000 
  0.1000E+11  0.1000E-73  0.1000E-73  0.1000E-73  0.1110E-28  0.1130E-20  0.5870E-16  0.1840E-14  0.5360E-14  0.8810E-14  0.1370E-13  0.1810E-13  0.1960E-13  0.1780E-13  0.1600E-13
  0.1000E+12  0.1000E-73  0.1000E-73  0.1000E-73  0.1110E-28  0.1130E-20  0.5870E-16  0.1840E-14  0.5360E-14  0.8810E-14  0.1370E-13  0.1810E-13  0.1960E-13  0.1780E-13  0.1600E-13
  0.1000E+13  0.1000E-73  0.1000E-73  0.1000E-73  0.1110E-28  0.1130E-20  0.5870E-16  0.1840E-14  0.5360E-14  0.8810E-14  0.1370E-13  0.1810E-13  0.1960E-13  0.1780E-13  0.1600E-13
  0.1000E+14  0.1000E-73  0.1000E-73  0.7710E-45  0.1110E-28  0.1130E-20  0.5870E-16  0.1840E-14  0.5360E-14  0.8810E-14  0.1370E-13  0.1810E-13  0.1960E-13  0.1780E-13  0.1600E-13
  0.1000E+15  0.1000E-73  0.1000E-73  0.8480E-45  0.1110E-28  0.1130E-20  0.5870E-16  0.1840E-14  0.5360E-14  0.8810E-14  0.1370E-13  0.1810E-13  0.1960E-13  0.1780E-13  0.1600E-13
  0.1000E+16  0.1000E-73  0.1000E-73  0.8400E-45  0.1110E-28  0.1130E-20  0.5870E-16  0.1840E-14  0.5360E-14  0.8810E-14  0.1370E-13  0.1810E-13  0.1960E-13  0.1780E-13  0.1600E-13
  0.1000E+17  0.1000E-73  0.1000E-73  0.8370E-45  0.1110E-28  0.1130E-20  0.5870E-16  0.1840E-14  0.5360E-14  0.8810E-14  0.1370E-13  0.1810E-13  0.1960E-13  0.1780E-13  0.1600E-13
WAVELENGTH(A)= 
     3.552
 7 14 t 
excit   
    72.800    109.000    182.000    364.000    728.000   1820.000   3640.000   5460.000   7280.000  10900.000  18200.000  36400.000  72800.000 109000.000 
  0.1000E+11  0.1000E-73  0.1000E-73  0.3550E-40  0.9830E-26  0.1440E-18  0.2520E-14  0.5680E-13  0.1500E-12  0.2360E-12  0.3520E-12  0.4510E-12  0.4850E-12  0.4420E-12  0.4040E-12
  0.1000E+12  0.1000E-73  0.1000E-73  0.3470E-40  0.9830E-26  0.1440E-18  0.2520E-14  0.5680E-13  0.1500E-12  0.2360E-12  0.3520E-12  0.4510E-12  0.4850E-12  0.4420E-12  0.4040E-12
  0.1000E+13  0.1000E-73  0.1000E-73  0.3500E-40  0.9830E-26  0.1440E-18  0.2520E-14  0.5680E-13  0.1500E-12  0.2360E-12  0.3520E-12  0.4510E-12  0.4850E-12  0.4420E-12  0.4040E-12
  0.1000E+14  0.1000E-73  0.1000E-73  0.3500E-40  0.9830E-26  0.1440E-18  0.2520E-14  0.5680E-13  0.1500E-12  0.2360E-12  0.3520E-12  0.4510E-12  0.4850E-12  0.4420E-12  0.4040E-12
  0.1000E+15  0.1000E-73  0.1000E-73  0.3500E-40  0.9830E-26  0.1440E-18  0.2520E-14  0.5680E-13  0.1500E-12  0.2360E-12  0.3520E-12  0.4510E-12  0.4850E-12  0.4420E-12  0.4040E-12
  0.1000E+16  0.1000E-73  0.1000E-73  0.3500E-40  0.9830E-26  0.1440E-18  0.2520E-14  0.5680E-13  0.1500E-12  0.2360E-12  0.3520E-12  0.4510E-12  0.4850E-12  0.4420E-12  0.4040E-12
  0.1000E+17  0.1000E-73  0.1000E-73  0.3500E-40  0.9830E-26  0.1440E-18  0.2520E-14  0.5680E-13  0.1500E-12  0.2360E-12  0.3520E-12  0.4510E-12  0.4850E-12  0.4420E-12  0.4040E-12
WAVELENGTH(A)= 
     3.560
 7 14 t 
excit   
    72.800    109.000    182.000    364.000    728.000   1820.000   3640.000   5460.000   7280.000  10900.000  18200.000  36400.000  72800.000 109000.000 
  0.1000E+11  0.1000E-73  0.1000E-73  0.1000E-73  0.2630E-28  0.2530E-20  0.1240E-15  0.3860E-14  0.1140E-13  0.1920E-13  0.3140E-13  0.4560E-13  0.5920E-13  0.6620E-13  0.6740E-13
  0.1000E+12  0.1000E-73  0.1000E-73  0.1000E-73  0.2630E-28  0.2530E-20  0.1240E-15  0.3860E-14  0.1140E-13  0.1920E-13  0.3140E-13  0.4560E-13  0.5920E-13  0.6620E-13  0.6740E-13
  0.1000E+13  0.1000E-73  0.1000E-73  0.1000E-73  0.2630E-28  0.2530E-20  0.1240E-15  0.3860E-14  0.1140E-13  0.1920E-13  0.3140E-13  0.4560E-13  0.5920E-13  0.6620E-13  0.6740E-13
  0.1000E+14  0.1000E-73  0.1000E-73  0.1000E-73  0.2630E-28  0.2530E-20  0.1240E-15  0.3860E-14  0.1140E-13  0.1920E-13  0.3140E-13  0.4560E-13  0.5920E-13  0.6620E-13  0.6740E-13
  0.1000E+15  0.1000E-73  0.1000E-73  0.2140E-44  0.2630E-28  0.2530E-20  0.1240E-15  0.3860E-14  0.1140E-13  0.1920E-13  0.3140E-13  0.4560E-13  0.5920E-13  0.6620E-13  0.6740E-13
  0.1000E+16  0.1000E-73  0.1000E-73  0.2210E-44  0.2630E-28  0.2530E-20  0.1240E-15  0.3860E-14  0.1140E-13  0.1920E-13  0.3140E-13  0.4560E-13  0.5920E-13  0.6620E-13  0.6740E-13
  0.1000E+17  0.1000E-73  0.1000E-73  0.2220E-44  0.2630E-28  0.2530E-20  0.1240E-15  0.3860E-14  0.1140E-13  0.1920E-13  0.3140E-13  0.4560E-13  0.5920E-13  0.6620E-13  0.6740E-13
WAVELENGTH(A)= 
     3.850
 7 14 t 
excit   
    72.800    109.000    182.000    364.000    728.000   1820.000   3640.000   5460.000   7280.000  10900.000  18200.000  36400.000  72800.000 109000.000 
  0.1000E+11  0.1000E-73  0.1000E-73  0.5380E-40  0.1940E-25  0.3340E-18  0.5860E-14  0.1290E-12  0.3360E-12  0.5270E-12  0.7940E-12  0.1050E-11  0.1200E-11  0.1200E-11  0.1150E-11
  0.1000E+12  0.1000E-73  0.1000E-73  0.4840E-40  0.1940E-25  0.3340E-18  0.5860E-14  0.1290E-12  0.3360E-12  0.5270E-12  0.7940E-12  0.1050E-11  0.1200E-11  0.1200E-11  0.1150E-11
  0.1000E+13  0.1000E-73  0.1000E-73  0.4770E-40  0.1940E-25  0.3340E-18  0.5860E-14  0.1290E-12  0.3360E-12  0.5270E-12  0.7940E-12  0.1050E-11  0.1200E-11  0.1200E-11  0.1150E-11
  0.1000E+14  0.1000E-73  0.1000E-73  0.4770E-40  0.1940E-25  0.3340E-18  0.5860E-14  0.1290E-12  0.3360E-12  0.5270E-12  0.7940E-12  0.1050E-11  0.1200E-11  0.1200E-11  0.1150E-11
  0.1000E+15  0.1000E-73  0.1000E-73  0.4770E-40  0.1940E-25  0.3340E-18  0.5860E-14  0.1290E-12  0.3360E-12  0.5270E-12  0.7940E-12  0.1050E-11  0.1200E-11  0.1200E-11  0.1150E-11
  0.1000E+16  0.1000E-73  0.1000E-73  0.4760E-40  0.1940E-25  0.3340E-18  0.5860E-14  0.1290E-12  0.3360E-12  0.5270E-12  0.7940E-12  0.1050E-11  0.1200E-11  0.1200E-11  0.1150E-11
  0.1000E+17  0.1000E-73  0.1000E-73  0.4760E-40  0.1940E-25  0.3340E-18  0.5860E-14  0.1290E-12  0.3360E-12  0.5270E-12  0.7940E-12  0.1050E-11  0.1200E-11  0.1200E-11  0.1150E-11
WAVELENGTH(A)= 
     3.853
 7 14 t 
excit   
    72.800    109.000    182.000    364.000    728.000   1820.000   3640.000   5460.000   7280.000  10900.000  18200.000  36400.000  72800.000 109000.000 
  0.1000E+11  0.1000E-73  0.1000E-73  0.1000E-73  0.1140E-27  0.1300E-19  0.6970E-15  0.2170E-13  0.6290E-13  0.1030E-12  0.1590E-12  0.2060E-12  0.2180E-12  0.1900E-12  0.1670E-12
  0.1000E+12  0.1000E-73  0.1000E-73  0.1000E-73  0.1140E-27  0.1300E-19  0.6970E-15  0.2170E-13  0.6290E-13  0.1030E-12  0.1590E-12  0.2060E-12  0.2180E-12  0.1900E-12  0.1670E-12
  0.1000E+13  0.1000E-73  0.1000E-73  0.1000E-73  0.1140E-27  0.1300E-19  0.6970E-15  0.2170E-13  0.6290E-13  0.1030E-12  0.1590E-12  0.2060E-12  0.2180E-12  0.1900E-12  0.1670E-12
  0.1000E+14  0.1000E-73  0.1000E-73  0.1000E-73  0.1140E-27  0.1300E-19  0.6970E-15  0.2170E-13  0.6290E-13  0.1030E-12  0.1590E-12  0.2060E-12  0.2180E-12  0.1900E-12  0.1670E-12
  0.1000E+15  0.1000E-73  0.1000E-73  0.7170E-44  0.1140E-27  0.1300E-19  0.6970E-15  0.2170E-13  0.6290E-13  0.1030E-12  0.1590E-12  0.2060E-12  0.2180E-12  0.1900E-12  0.1670E-12
  0.1000E+16  0.1000E-73  0.1000E-73  0.7000E-44  0.1140E-27  0.1300E-19  0.6970E-15  0.2170E-13  0.6290E-13  0.1030E-12  0.1590E-12  0.2060E-12  0.2180E-12  0.1900E-12  0.1670E-12
  0.1000E+17  0.1000E-73  0.1000E-73  0.7070E-44  0.1140E-27  0.1300E-19  0.6970E-15  0.2170E-13  0.6290E-13  0.1030E-12  0.1590E-12  0.2060E-12  0.2180E-12  0.1900E-12  0.1670E-12
WAVELENGTH(A)= 
     4.222
 7 14 t 
excit   
    72.800    109.000    182.000    364.000    728.000   1820.000   3640.000   5460.000   7280.000  10900.000  18200.000  36400.000  72800.000 109000.000 
  0.1000E+11  0.1000E-73  0.1000E-73  0.1000E-73  0.4610E-26  0.8550E-19  0.1550E-14  0.3410E-13  0.8870E-13  0.1380E-12  0.2050E-12  0.2630E-12  0.2820E-12  0.2570E-12  0.2320E-12
  0.1000E+12  0.1000E-73  0.1000E-73  0.1100E-40  0.4610E-26  0.8550E-19  0.1550E-14  0.3410E-13  0.8870E-13  0.1380E-12  0.2050E-12  0.2630E-12  0.2820E-12  0.2570E-12  0.2320E-12
  0.1000E+13  0.1000E-73  0.1000E-73  0.9510E-41  0.4610E-26  0.8550E-19  0.1550E-14  0.3410E-13  0.8870E-13  0.1380E-12  0.2050E-12  0.2630E-12  0.2820E-12  0.2570E-12  0.2320E-12
  0.1000E+14  0.1000E-73  0.1000E-73  0.9580E-41  0.4610E-26  0.8550E-19  0.1550E-14  0.3410E-13  0.8870E-13  0.1380E-12  0.2050E-12  0.2630E-12  0.2820E-12  0.2570E-12  0.2320E-12
  0.1000E+15  0.1000E-73  0.1000E-73  0.9600E-41  0.4610E-26  0.8550E-19  0.1550E-14  0.3410E-13  0.8870E-13  0.1380E-12  0.2050E-12  0.2630E-12  0.2820E-12  0.2570E-12  0.2320E-12
  0.1000E+16  0.1000E-73  0.1000E-73  0.9600E-41  0.4610E-26  0.8550E-19  0.1550E-14  0.3410E-13  0.8870E-13  0.1380E-12  0.2050E-12  0.2630E-12  0.2820E-12  0.2570E-12  0.2320E-12
  0.1000E+17  0.1000E-73  0.1000E-73  0.9600E-41  0.4610E-26  0.8550E-19  0.1550E-14  0.3410E-13  0.8870E-13  0.1380E-12  0.2050E-12  0.2630E-12  0.2820E-12  0.2570E-12  0.2320E-12
WAVELENGTH(A)= 
     4.253
 7 14 t 
excit   
    72.800    109.000    182.000    364.000    728.000   1820.000   3640.000   5460.000   7280.000  10900.000  18200.000  36400.000  72800.000 109000.000 
  0.1000E+11  0.1000E-73  0.1000E-73  0.1000E-73  0.1290E-27  0.9170E-20  0.3740E-15  0.1070E-13  0.3000E-13  0.4840E-13  0.7380E-13  0.9550E-13  0.1010E-12  0.8870E-13  0.7840E-13
  0.1000E+12  0.1000E-73  0.1000E-73  0.1000E-73  0.1290E-27  0.9170E-20  0.3740E-15  0.1070E-13  0.3000E-13  0.4840E-13  0.7380E-13  0.9550E-13  0.1010E-12  0.8870E-13  0.7840E-13
  0.1000E+13  0.1000E-73  0.1000E-73  0.1000E-73  0.1290E-27  0.9170E-20  0.3740E-15  0.1070E-13  0.3000E-13  0.4840E-13  0.7380E-13  0.9550E-13  0.1010E-12  0.8870E-13  0.7840E-13
  0.1000E+14  0.1000E-73  0.1000E-73  0.1960E-43  0.1290E-27  0.9170E-20  0.3740E-15  0.1070E-13  0.3000E-13  0.4840E-13  0.7380E-13  0.9550E-13  0.1010E-12  0.8870E-13  0.7840E-13
  0.1000E+15  0.1000E-73  0.1000E-73  0.2150E-43  0.1290E-27  0.9170E-20  0.3740E-15  0.1070E-13  0.3000E-13  0.4840E-13  0.7380E-13  0.9550E-13  0.1010E-12  0.8870E-13  0.7840E-13
  0.1000E+16  0.1000E-73  0.1000E-73  0.2170E-43  0.1290E-27  0.9170E-20  0.3740E-15  0.1070E-13  0.3000E-13  0.4840E-13  0.7380E-13  0.9550E-13  0.1010E-12  0.8870E-13  0.7840E-13
  0.1000E+17  0.1000E-73  0.1000E-73  0.2180E-43  0.1290E-27  0.9170E-20  0.3740E-15  0.1070E-13  0.3000E-13  0.4840E-13  0.7380E-13  0.9550E-13  0.1010E-12  0.8870E-13  0.7840E-13
WAVELENGTH(A)= 
     4.253
 7 14 t 
excit   
    72.800    109.000    182.000    364.000    728.000   1820.000   3640.000   5460.000   7280.000  10900.000  18200.000  36400.000  72800.000 109000.000 
  0.1000E+11  0.1000E-73  0.1000E-73  0.9840E-41  0.1760E-26  0.2180E-19  0.3910E-15  0.9560E-14  0.2610E-13  0.4190E-13  0.6430E-13  0.8560E-13  0.9720E-13  0.9500E-13  0.9020E-13
  0.1000E+12  0.1000E-73  0.1000E-73  0.9840E-41  0.1760E-26  0.2180E-19  0.3910E-15  0.9560E-14  0.2610E-13  0.4190E-13  0.6430E-13  0.8560E-13  0.9720E-13  0.9500E-13  0.9020E-13
  0.1000E+13  0.1000E-73  0.1000E-73  0.9840E-41  0.1760E-26  0.2180E-19  0.3910E-15  0.9560E-14  0.2610E-13  0.4190E-13  0.6430E-13  0.8560E-13  0.9720E-13  0.9500E-13  0.9020E-13
  0.1000E+14  0.1000E-73  0.1000E-73  0.9800E-41  0.1760E-26  0.2180E-19  0.3910E-15  0.9560E-14  0.2610E-13  0.4190E-13  0.6430E-13  0.8560E-13  0.9720E-13  0.9500E-13  0.9020E-13
  0.1000E+15  0.1000E-73  0.1000E-73  0.9800E-41  0.1760E-26  0.2180E-19  0.3910E-15  0.9560E-14  0.2610E-13  0.4190E-13  0.6430E-13  0.8560E-13  0.9720E-13  0.9500E-13  0.9020E-13
  0.1000E+16  0.1000E-73  0.1000E-73  0.9800E-41  0.1760E-26  0.2180E-19  0.3910E-15  0.9560E-14  0.2610E-13  0.4190E-13  0.6430E-13  0.8560E-13  0.9720E-13  0.9500E-13  0.9020E-13
  0.1000E+17  0.1000E-73  0.1000E-73  0.9800E-41  0.1760E-26  0.2180E-19  0.3910E-15  0.9560E-14  0.2610E-13  0.4190E-13  0.6430E-13  0.8560E-13  0.9720E-13  0.9500E-13  0.9020E-13
WAVELENGTH(A)= 
     4.484
 7 14 t 
excit   
    72.800    109.000    182.000    364.000    728.000   1820.000   3640.000   5460.000   7280.000  10900.000  18200.000  36400.000  72800.000 109000.000 
  0.1000E+11  0.1000E-73  0.1000E-73  0.1000E-73  0.1960E-30  0.9800E-22  0.1260E-16  0.5280E-15  0.1680E-14  0.2880E-14  0.4670E-14  0.6320E-14  0.6860E-14  0.6070E-14  0.5340E-14
  0.1000E+12  0.1000E-73  0.1000E-73  0.1000E-73  0.1960E-30  0.9800E-22  0.1260E-16  0.5280E-15  0.1680E-14  0.2880E-14  0.4670E-14  0.6320E-14  0.6860E-14  0.6070E-14  0.5340E-14
  0.1000E+13  0.1000E-73  0.1000E-73  0.1000E-73  0.1960E-30  0.9800E-22  0.1260E-16  0.5280E-15  0.1680E-14  0.2880E-14  0.4670E-14  0.6320E-14  0.6860E-14  0.6070E-14  0.5340E-14
  0.1000E+14  0.1000E-73  0.1000E-73  0.1000E-73  0.1960E-30  0.9800E-22  0.1260E-16  0.5280E-15  0.1680E-14  0.2880E-14  0.4670E-14  0.6320E-14  0.6860E-14  0.6070E-14  0.5340E-14
  0.1000E+15  0.1000E-73  0.1000E-73  0.1000E-73  0.1960E-30  0.9800E-22  0.1260E-16  0.5280E-15  0.1680E-14  0.2880E-14  0.4670E-14  0.6320E-14  0.6860E-14  0.6070E-14  0.5340E-14
  0.1000E+16  0.1000E-73  0.1000E-73  0.1000E-73  0.1960E-30  0.9800E-22  0.1260E-16  0.5280E-15  0.1680E-14  0.2880E-14  0.4670E-14  0.6320E-14  0.6860E-14  0.6070E-14  0.5340E-14
  0.1000E+17  0.1000E-73  0.1000E-73  0.6450E-48  0.1960E-30  0.9800E-22  0.1260E-16  0.5280E-15  0.1680E-14  0.2880E-14  0.4670E-14  0.6320E-14  0.6860E-14  0.6070E-14  0.5340E-14
WAVELENGTH(A)= 
     4.526
 7 14 t 
excit   
    72.800    109.000    182.000    364.000    728.000   1820.000   3640.000   5460.000   7280.000  10900.000  18200.000  36400.000  72800.000 109000.000 
  0.1000E+11  0.1000E-73  0.1000E-73  0.9250E-41  0.2560E-26  0.3760E-19  0.6560E-15  0.1480E-13  0.3920E-13  0.6160E-13  0.9180E-13  0.1180E-12  0.1270E-12  0.1150E-12  0.1050E-12
  0.1000E+12  0.1000E-73  0.1000E-73  0.9060E-41  0.2560E-26  0.3760E-19  0.6560E-15  0.1480E-13  0.3920E-13  0.6160E-13  0.9180E-13  0.1180E-12  0.1270E-12  0.1150E-12  0.1050E-12
  0.1000E+13  0.1000E-73  0.1000E-73  0.9120E-41  0.2560E-26  0.3760E-19  0.6560E-15  0.1480E-13  0.3920E-13  0.6160E-13  0.9180E-13  0.1180E-12  0.1270E-12  0.1150E-12  0.1050E-12
  0.1000E+14  0.1000E-73  0.1000E-73  0.9130E-41  0.2560E-26  0.3760E-19  0.6560E-15  0.1480E-13  0.3920E-13  0.6160E-13  0.9180E-13  0.1180E-12  0.1270E-12  0.1150E-12  0.1050E-12
  0.1000E+15  0.1000E-73  0.1000E-73  0.9130E-41  0.2560E-26  0.3760E-19  0.6560E-15  0.1480E-13  0.3920E-13  0.6160E-13  0.9180E-13  0.1180E-12  0.1270E-12  0.1150E-12  0.1050E-12
  0.1000E+16  0.1000E-73  0.1000E-73  0.9130E-41  0.2560E-26  0.3760E-19  0.6560E-15  0.1480E-13  0.3920E-13  0.6160E-13  0.9180E-13  0.1180E-12  0.1270E-12  0.1150E-12  0.1050E-12
  0.1000E+17  0.1000E-73  0.1000E-73  0.9130E-41  0.2560E-26  0.3760E-19  0.6560E-15  0.1480E-13  0.3920E-13  0.6160E-13  0.9180E-13  0.1180E-12  0.1270E-12  0.1150E-12  0.1050E-12
WAVELENGTH(A)= 
     4.527
 7 14 t 
excit   
    72.800    109.000    182.000    364.000    728.000   1820.000   3640.000   5460.000   7280.000  10900.000  18200.000  36400.000  72800.000 109000.000 
  0.1000E+11  0.1000E-73  0.1000E-73  0.1000E-73  0.6820E-29  0.6570E-21  0.3230E-16  0.1000E-14  0.2960E-14  0.4980E-14  0.8160E-14  0.1180E-13  0.1540E-13  0.1720E-13  0.1750E-13
  0.1000E+12  0.1000E-73  0.1000E-73  0.1000E-73  0.6820E-29  0.6570E-21  0.3230E-16  0.1000E-14  0.2960E-14  0.4980E-14  0.8160E-14  0.1180E-13  0.1540E-13  0.1720E-13  0.1750E-13
  0.1000E+13  0.1000E-73  0.1000E-73  0.1000E-73  0.6820E-29  0.6570E-21  0.3230E-16  0.1000E-14  0.2960E-14  0.4980E-14  0.8160E-14  0.1180E-13  0.1540E-13  0.1720E-13  0.1750E-13
  0.1000E+14  0.1000E-73  0.1000E-73  0.1000E-73  0.6820E-29  0.6570E-21  0.3230E-16  0.1000E-14  0.2960E-14  0.4980E-14  0.8160E-14  0.1180E-13  0.1540E-13  0.1720E-13  0.1750E-13
  0.1000E+15  0.1000E-73  0.1000E-73  0.5550E-45  0.6820E-29  0.6570E-21  0.3230E-16  0.1000E-14  0.2960E-14  0.4980E-14  0.8160E-14  0.1180E-13  0.1540E-13  0.1720E-13  0.1750E-13
  0.1000E+16  0.1000E-73  0.1000E-73  0.5730E-45  0.6820E-29  0.6570E-21  0.3230E-16  0.1000E-14  0.2960E-14  0.4980E-14  0.8160E-14  0.1180E-13  0.1540E-13  0.1720E-13  0.1750E-13
  0.1000E+17  0.1000E-73  0.1000E-73  0.5770E-45  0.6820E-29  0.6570E-21  0.3230E-16  0.1000E-14  0.2960E-14  0.4980E-14  0.8160E-14  0.1180E-13  0.1540E-13  0.1720E-13  0.1750E-13
WAVELENGTH(A)= 
     4.728
 7 14 t 
excit   
    72.800    109.000    182.000    364.000    728.000   1820.000   3640.000   5460.000   7280.000  10900.000  18200.000  36400.000  72800.000 109000.000 
  0.1000E+11  0.1000E-73  0.1000E-73  0.1000E-73  0.6970E-30  0.3600E-21  0.4770E-16  0.2020E-14  0.6550E-14  0.1140E-13  0.1890E-13  0.2680E-13  0.3210E-13  0.3230E-13  0.3100E-13
  0.1000E+12  0.1000E-73  0.1000E-73  0.1000E-73  0.6970E-30  0.3600E-21  0.4770E-16  0.2020E-14  0.6550E-14  0.1140E-13  0.1890E-13  0.2680E-13  0.3210E-13  0.3230E-13  0.3100E-13
  0.1000E+13  0.1000E-73  0.1000E-73  0.1000E-73  0.6970E-30  0.3600E-21  0.4770E-16  0.2020E-14  0.6550E-14  0.1140E-13  0.1890E-13  0.2680E-13  0.3210E-13  0.3230E-13  0.3100E-13
  0.1000E+14  0.1000E-73  0.1000E-73  0.1000E-73  0.6970E-30  0.3600E-21  0.4770E-16  0.2020E-14  0.6550E-14  0.1140E-13  0.1890E-13  0.2680E-13  0.3210E-13  0.3230E-13  0.3100E-13
  0.1000E+15  0.1000E-73  0.1000E-73  0.1000E-73  0.6970E-30  0.3600E-21  0.4770E-16  0.2020E-14  0.6550E-14  0.1140E-13  0.1890E-13  0.2680E-13  0.3210E-13  0.3230E-13  0.3100E-13
  0.1000E+16  0.1000E-73  0.1000E-73  0.1000E-73  0.6970E-30  0.3600E-21  0.4770E-16  0.2020E-14  0.6550E-14  0.1140E-13  0.1890E-13  0.2680E-13  0.3210E-13  0.3230E-13  0.3100E-13
  0.1000E+17  0.1000E-73  0.1000E-73  0.1360E-47  0.6970E-30  0.3600E-21  0.4770E-16  0.2020E-14  0.6550E-14  0.1140E-13  0.1890E-13  0.2680E-13  0.3210E-13  0.3230E-13  0.3100E-13
WAVELENGTH(A)= 
     4.968
 7 14 t 
excit   
    72.800    109.000    182.000    364.000    728.000   1820.000   3640.000   5460.000   7280.000  10900.000  18200.000  36400.000  72800.000 109000.000 
  0.1000E+11  0.1000E-73  0.1000E-73  0.1000E-73  0.3140E-30  0.1640E-21  0.2200E-16  0.9280E-15  0.2990E-14  0.5180E-14  0.8510E-14  0.1170E-13  0.1330E-13  0.1230E-13  0.1110E-13
  0.1000E+12  0.1000E-73  0.1000E-73  0.1000E-73  0.3140E-30  0.1640E-21  0.2200E-16  0.9280E-15  0.2990E-14  0.5180E-14  0.8510E-14  0.1170E-13  0.1330E-13  0.1230E-13  0.1110E-13
  0.1000E+13  0.1000E-73  0.1000E-73  0.1000E-73  0.3140E-30  0.1640E-21  0.2200E-16  0.9280E-15  0.2990E-14  0.5180E-14  0.8510E-14  0.1170E-13  0.1330E-13  0.1230E-13  0.1110E-13
  0.1000E+14  0.1000E-73  0.1000E-73  0.1000E-73  0.3140E-30  0.1640E-21  0.2200E-16  0.9280E-15  0.2990E-14  0.5180E-14  0.8510E-14  0.1170E-13  0.1330E-13  0.1230E-13  0.1110E-13
  0.1000E+15  0.1000E-73  0.1000E-73  0.1000E-73  0.3140E-30  0.1640E-21  0.2200E-16  0.9280E-15  0.2990E-14  0.5180E-14  0.8510E-14  0.1170E-13  0.1330E-13  0.1230E-13  0.1110E-13
  0.1000E+16  0.1000E-73  0.1000E-73  0.1000E-73  0.3140E-30  0.1640E-21  0.2200E-16  0.9280E-15  0.2990E-14  0.5180E-14  0.8510E-14  0.1170E-13  0.1330E-13  0.1230E-13  0.1110E-13
  0.1000E+17  0.1000E-73  0.1000E-73  0.1000E-73  0.3140E-30  0.1640E-21  0.2200E-16  0.9280E-15  0.2990E-14  0.5180E-14  0.8510E-14  0.1170E-13  0.1330E-13  0.1230E-13  0.1110E-13
WAVELENGTH(A)= 
     5.351
 7 14 t 
excit   
    72.800    109.000    182.000    364.000    728.000   1820.000   3640.000   5460.000   7280.000  10900.000  18200.000  36400.000  72800.000 109000.000 
  0.1000E+11  0.1000E-73  0.1000E-73  0.1000E-73  0.1300E-29  0.3590E-21  0.3280E-16  0.1220E-14  0.3760E-14  0.6330E-14  0.1010E-13  0.1350E-13  0.1470E-13  0.1320E-13  0.1180E-13
  0.1000E+12  0.1000E-73  0.1000E-73  0.1000E-73  0.1300E-29  0.3590E-21  0.3280E-16  0.1220E-14  0.3760E-14  0.6330E-14  0.1010E-13  0.1350E-13  0.1470E-13  0.1320E-13  0.1180E-13
  0.1000E+13  0.1000E-73  0.1000E-73  0.1000E-73  0.1300E-29  0.3590E-21  0.3280E-16  0.1220E-14  0.3760E-14  0.6330E-14  0.1010E-13  0.1350E-13  0.1470E-13  0.1320E-13  0.1180E-13
  0.1000E+14  0.1000E-73  0.1000E-73  0.1000E-73  0.1300E-29  0.3590E-21  0.3280E-16  0.1220E-14  0.3760E-14  0.6330E-14  0.1010E-13  0.1350E-13  0.1470E-13  0.1320E-13  0.1180E-13
  0.1000E+15  0.1000E-73  0.1000E-73  0.1000E-73  0.1300E-29  0.3590E-21  0.3280E-16  0.1220E-14  0.3760E-14  0.6330E-14  0.1010E-13  0.1350E-13  0.1470E-13  0.1320E-13  0.1180E-13
  0.1000E+16  0.1000E-73  0.1000E-73  0.9890E-47  0.1300E-29  0.3590E-21  0.3280E-16  0.1220E-14  0.3760E-14  0.6330E-14  0.1010E-13  0.1350E-13  0.1470E-13  0.1320E-13  0.1180E-13
  0.1000E+17  0.1000E-73  0.1000E-73  0.1290E-46  0.1300E-29  0.3590E-21  0.3280E-16  0.1220E-14  0.3760E-14  0.6330E-14  0.1010E-13  0.1350E-13  0.1470E-13  0.1320E-13  0.1180E-13
WAVELENGTH(A)= 
     5.665
 7 14 t 
excit   
    72.800    109.000    182.000    364.000    728.000   1820.000   3640.000   5460.000   7280.000  10900.000  18200.000  36400.000  72800.000 109000.000 
  0.1000E+11  0.1000E-73  0.1000E-73  0.1000E-73  0.4130E-29  0.1180E-20  0.1100E-15  0.4180E-14  0.1300E-13  0.2220E-13  0.3620E-13  0.5070E-13  0.6020E-13  0.6000E-13  0.5790E-13
  0.1000E+12  0.1000E-73  0.1000E-73  0.1000E-73  0.4130E-29  0.1180E-20  0.1100E-15  0.4180E-14  0.1300E-13  0.2220E-13  0.3620E-13  0.5070E-13  0.6020E-13  0.6000E-13  0.5790E-13
  0.1000E+13  0.1000E-73  0.1000E-73  0.1000E-73  0.4130E-29  0.1180E-20  0.1100E-15  0.4180E-14  0.1300E-13  0.2220E-13  0.3620E-13  0.5070E-13  0.6020E-13  0.6000E-13  0.5790E-13
  0.1000E+14  0.1000E-73  0.1000E-73  0.1000E-73  0.4130E-29  0.1180E-20  0.1100E-15  0.4180E-14  0.1300E-13  0.2220E-13  0.3620E-13  0.5070E-13  0.6020E-13  0.6000E-13  0.5790E-13
  0.1000E+15  0.1000E-73  0.1000E-73  0.1000E-73  0.4130E-29  0.1180E-20  0.1100E-15  0.4180E-14  0.1300E-13  0.2220E-13  0.3620E-13  0.5070E-13  0.6020E-13  0.6000E-13  0.5790E-13
  0.1000E+16  0.1000E-73  0.1000E-73  0.4260E-46  0.4130E-29  0.1180E-20  0.1100E-15  0.4180E-14  0.1300E-13  0.2220E-13  0.3620E-13  0.5070E-13  0.6020E-13  0.6000E-13  0.5790E-13
  0.1000E+17  0.1000E-73  0.1000E-73  0.3620E-46  0.4130E-29  0.1180E-20  0.1100E-15  0.4180E-14  0.1300E-13  0.2220E-13  0.3620E-13  0.5070E-13  0.6020E-13  0.6000E-13  0.5790E-13
WAVELENGTH(A)= 
     5.994
 7 14 t 
excit   
    72.800    109.000    182.000    364.000    728.000   1820.000   3640.000   5460.000   7280.000  10900.000  18200.000  36400.000  72800.000 109000.000 
  0.1000E+11  0.1000E-73  0.1000E-73  0.1000E-73  0.1800E-29  0.5280E-21  0.4990E-16  0.1880E-14  0.5840E-14  0.9920E-14  0.1610E-13  0.2190E-13  0.2450E-13  0.2270E-13  0.2050E-13
  0.1000E+12  0.1000E-73  0.1000E-73  0.1000E-73  0.1800E-29  0.5280E-21  0.4990E-16  0.1880E-14  0.5840E-14  0.9920E-14  0.1610E-13  0.2190E-13  0.2450E-13  0.2270E-13  0.2050E-13
  0.1000E+13  0.1000E-73  0.1000E-73  0.1000E-73  0.1800E-29  0.5280E-21  0.4990E-16  0.1880E-14  0.5840E-14  0.9920E-14  0.1610E-13  0.2190E-13  0.2450E-13  0.2270E-13  0.2050E-13
  0.1000E+14  0.1000E-73  0.1000E-73  0.1000E-73  0.1800E-29  0.5280E-21  0.4990E-16  0.1880E-14  0.5840E-14  0.9920E-14  0.1610E-13  0.2190E-13  0.2450E-13  0.2270E-13  0.2050E-13
  0.1000E+15  0.1000E-73  0.1000E-73  0.1000E-73  0.1800E-29  0.5280E-21  0.4990E-16  0.1880E-14  0.5840E-14  0.9920E-14  0.1610E-13  0.2190E-13  0.2450E-13  0.2270E-13  0.2050E-13
  0.1000E+16  0.1000E-73  0.1000E-73  0.1000E-73  0.1800E-29  0.5280E-21  0.4990E-16  0.1880E-14  0.5840E-14  0.9920E-14  0.1610E-13  0.2190E-13  0.2450E-13  0.2270E-13  0.2050E-13
  0.1000E+17  0.1000E-73  0.1000E-73  0.1360E-46  0.1800E-29  0.5280E-21  0.4990E-16  0.1880E-14  0.5840E-14  0.9920E-14  0.1610E-13  0.2190E-13  0.2450E-13  0.2270E-13  0.2050E-13
WAVELENGTH(A)= 
     6.162
 7 14 t 
excit   
    72.800    109.000    182.000    364.000    728.000   1820.000   3640.000   5460.000   7280.000  10900.000  18200.000  36400.000  72800.000 109000.000 
  0.1000E+11  0.1000E-73  0.1000E-73  0.1000E-73  0.5770E-30  0.1600E-21  0.1460E-16  0.5440E-15  0.1670E-14  0.2820E-14  0.4500E-14  0.6010E-14  0.6520E-14  0.5850E-14  0.5230E-14
  0.1000E+12  0.1000E-73  0.1000E-73  0.1000E-73  0.5770E-30  0.1600E-21  0.1460E-16  0.5440E-15  0.1670E-14  0.2820E-14  0.4500E-14  0.6010E-14  0.6520E-14  0.5850E-14  0.5230E-14
  0.1000E+13  0.1000E-73  0.1000E-73  0.1000E-73  0.5770E-30  0.1600E-21  0.1460E-16  0.5440E-15  0.1670E-14  0.2820E-14  0.4500E-14  0.6010E-14  0.6520E-14  0.5850E-14  0.5230E-14
  0.1000E+14  0.1000E-73  0.1000E-73  0.1000E-73  0.5770E-30  0.1600E-21  0.1460E-16  0.5440E-15  0.1670E-14  0.2820E-14  0.4500E-14  0.6010E-14  0.6520E-14  0.5850E-14  0.5230E-14
  0.1000E+15  0.1000E-73  0.1000E-73  0.1000E-73  0.5770E-30  0.1600E-21  0.1460E-16  0.5440E-15  0.1670E-14  0.2820E-14  0.4500E-14  0.6010E-14  0.6520E-14  0.5850E-14  0.5230E-14
  0.1000E+16  0.1000E-73  0.1000E-73  0.4400E-47  0.5770E-30  0.1600E-21  0.1460E-16  0.5440E-15  0.1670E-14  0.2820E-14  0.4500E-14  0.6010E-14  0.6520E-14  0.5850E-14  0.5230E-14
  0.1000E+17  0.1000E-73  0.1000E-73  0.5720E-47  0.5770E-30  0.1600E-21  0.1460E-16  0.5440E-15  0.1670E-14  0.2820E-14  0.4500E-14  0.6010E-14  0.6520E-14  0.5850E-14  0.5230E-14
WAVELENGTH(A)= 
     7.915
 7 14 t 
excit   
    72.800    109.000    182.000    364.000    728.000   1820.000   3640.000   5460.000   7280.000  10900.000  18200.000  36400.000  72800.000 109000.000 
  0.1000E+11  0.1000E-73  0.1000E-73  0.1000E-73  0.2190E-28  0.2220E-20  0.1150E-15  0.3620E-14  0.1050E-13  0.1730E-13  0.2690E-13  0.3550E-13  0.3850E-13  0.3490E-13  0.3150E-13
  0.1000E+12  0.1000E-73  0.1000E-73  0.1000E-73  0.2190E-28  0.2220E-20  0.1150E-15  0.3620E-14  0.1050E-13  0.1730E-13  0.2690E-13  0.3550E-13  0.3850E-13  0.3490E-13  0.3150E-13
  0.1000E+13  0.1000E-73  0.1000E-73  0.1000E-73  0.2190E-28  0.2220E-20  0.1150E-15  0.3620E-14  0.1050E-13  0.1730E-13  0.2690E-13  0.3550E-13  0.3850E-13  0.3490E-13  0.3150E-13
  0.1000E+14  0.1000E-73  0.1000E-73  0.1510E-44  0.2190E-28  0.2220E-20  0.1150E-15  0.3620E-14  0.1050E-13  0.1730E-13  0.2690E-13  0.3550E-13  0.3850E-13  0.3490E-13  0.3150E-13
  0.1000E+15  0.1000E-73  0.1000E-73  0.1660E-44  0.2190E-28  0.2220E-20  0.1150E-15  0.3620E-14  0.1050E-13  0.1730E-13  0.2690E-13  0.3550E-13  0.3850E-13  0.3490E-13  0.3150E-13
  0.1000E+16  0.1000E-73  0.1000E-73  0.1650E-44  0.2190E-28  0.2220E-20  0.1150E-15  0.3620E-14  0.1050E-13  0.1730E-13  0.2690E-13  0.3550E-13  0.3850E-13  0.3490E-13  0.3150E-13
  0.1000E+17  0.1000E-73  0.1000E-73  0.1640E-44  0.2190E-28  0.2220E-20  0.1150E-15  0.3620E-14  0.1050E-13  0.1730E-13  0.2690E-13  0.3550E-13  0.3850E-13  0.3490E-13  0.3150E-13
WAVELENGTH(A)= 
     8.447
 7 14 t 
excit   
    72.800    109.000    182.000    364.000    728.000   1820.000   3640.000   5460.000   7280.000  10900.000  18200.000  36400.000  72800.000 109000.000 
  0.1000E+11  0.1000E-73  0.1000E-73  0.1000E-73  0.5990E-28  0.6430E-20  0.3340E-15  0.1040E-13  0.3050E-13  0.5060E-13  0.8040E-13  0.1100E-12  0.1290E-12  0.1280E-12  0.1230E-12
  0.1000E+12  0.1000E-73  0.1000E-73  0.1000E-73  0.5990E-28  0.6430E-20  0.3340E-15  0.1040E-13  0.3050E-13  0.5060E-13  0.8040E-13  0.1100E-12  0.1290E-12  0.1280E-12  0.1230E-12
  0.1000E+13  0.1000E-73  0.1000E-73  0.1000E-73  0.5990E-28  0.6430E-20  0.3340E-15  0.1040E-13  0.3050E-13  0.5060E-13  0.8040E-13  0.1100E-12  0.1290E-12  0.1280E-12  0.1230E-12
  0.1000E+14  0.1000E-73  0.1000E-73  0.3390E-44  0.5990E-28  0.6430E-20  0.3340E-15  0.1040E-13  0.3050E-13  0.5060E-13  0.8040E-13  0.1100E-12  0.1290E-12  0.1280E-12  0.1230E-12
  0.1000E+15  0.1000E-73  0.1000E-73  0.3730E-44  0.5990E-28  0.6430E-20  0.3340E-15  0.1040E-13  0.3050E-13  0.5060E-13  0.8040E-13  0.1100E-12  0.1290E-12  0.1280E-12  0.1230E-12
  0.1000E+16  0.1000E-73  0.1000E-73  0.3800E-44  0.5990E-28  0.6430E-20  0.3340E-15  0.1040E-13  0.3050E-13  0.5060E-13  0.8040E-13  0.1100E-12  0.1290E-12  0.1280E-12  0.1230E-12
  0.1000E+17  0.1000E-73  0.1000E-73  0.3790E-44  0.5990E-28  0.6430E-20  0.3340E-15  0.1040E-13  0.3050E-13  0.5060E-13  0.8040E-13  0.1100E-12  0.1290E-12  0.1280E-12  0.1230E-12
WAVELENGTH(A)= 
     9.113
 7 14 t 
excit   
    72.800    109.000    182.000    364.000    728.000   1820.000   3640.000   5460.000   7280.000  10900.000  18200.000  36400.000  72800.000 109000.000 
  0.1000E+11  0.1000E-73  0.1000E-73  0.1000E-73  0.2460E-28  0.2730E-20  0.1450E-15  0.4530E-14  0.1320E-13  0.2170E-13  0.3410E-13  0.4550E-13  0.5020E-13  0.4620E-13  0.4180E-13
  0.1000E+12  0.1000E-73  0.1000E-73  0.1000E-73  0.2460E-28  0.2730E-20  0.1450E-15  0.4530E-14  0.1320E-13  0.2170E-13  0.3410E-13  0.4550E-13  0.5020E-13  0.4620E-13  0.4180E-13
  0.1000E+13  0.1000E-73  0.1000E-73  0.1000E-73  0.2460E-28  0.2730E-20  0.1450E-15  0.4530E-14  0.1320E-13  0.2170E-13  0.3410E-13  0.4550E-13  0.5020E-13  0.4620E-13  0.4180E-13
  0.1000E+14  0.1000E-73  0.1000E-73  0.1000E-73  0.2460E-28  0.2730E-20  0.1450E-15  0.4530E-14  0.1320E-13  0.2170E-13  0.3410E-13  0.4550E-13  0.5020E-13  0.4620E-13  0.4180E-13
  0.1000E+15  0.1000E-73  0.1000E-73  0.1310E-44  0.2460E-28  0.2730E-20  0.1450E-15  0.4530E-14  0.1320E-13  0.2170E-13  0.3410E-13  0.4550E-13  0.5020E-13  0.4620E-13  0.4180E-13
  0.1000E+16  0.1000E-73  0.1000E-73  0.1440E-44  0.2460E-28  0.2730E-20  0.1450E-15  0.4530E-14  0.1320E-13  0.2170E-13  0.3410E-13  0.4550E-13  0.5020E-13  0.4620E-13  0.4180E-13
  0.1000E+17  0.1000E-73  0.1000E-73  0.1440E-44  0.2460E-28  0.2730E-20  0.1450E-15  0.4530E-14  0.1320E-13  0.2170E-13  0.3410E-13  0.4550E-13  0.5020E-13  0.4620E-13  0.4180E-13
WAVELENGTH(A)= 
     9.428
 7 14 t 
excit   
    72.800    109.000    182.000    364.000    728.000   1820.000   3640.000   5460.000   7280.000  10900.000  18200.000  36400.000  72800.000 109000.000 
  0.1000E+11  0.1000E-73  0.1000E-73  0.1000E-73  0.5490E-29  0.5290E-21  0.2820E-16  0.9090E-15  0.2690E-14  0.4480E-14  0.7140E-14  0.9790E-14  0.1150E-13  0.1150E-13  0.1100E-13
  0.1000E+12  0.1000E-73  0.1000E-73  0.1000E-73  0.5490E-29  0.5290E-21  0.2820E-16  0.9090E-15  0.2690E-14  0.4480E-14  0.7140E-14  0.9790E-14  0.1150E-13  0.1150E-13  0.1100E-13
  0.1000E+13  0.1000E-73  0.1000E-73  0.1000E-73  0.5490E-29  0.5290E-21  0.2820E-16  0.9090E-15  0.2690E-14  0.4480E-14  0.7140E-14  0.9790E-14  0.1150E-13  0.1150E-13  0.1100E-13
  0.1000E+14  0.1000E-73  0.1000E-73  0.1000E-73  0.5490E-29  0.5290E-21  0.2820E-16  0.9090E-15  0.2690E-14  0.4480E-14  0.7140E-14  0.9790E-14  0.1150E-13  0.1150E-13  0.1100E-13
  0.1000E+15  0.1000E-73  0.1000E-73  0.6390E-45  0.5490E-29  0.5290E-21  0.2820E-16  0.9090E-15  0.2690E-14  0.4480E-14  0.7140E-14  0.9790E-14  0.1150E-13  0.1150E-13  0.1100E-13
  0.1000E+16  0.1000E-73  0.1000E-73  0.5110E-45  0.5490E-29  0.5290E-21  0.2820E-16  0.9090E-15  0.2690E-14  0.4480E-14  0.7140E-14  0.9790E-14  0.1150E-13  0.1150E-13  0.1100E-13
  0.1000E+17  0.1000E-73  0.1000E-73  0.5080E-45  0.5490E-29  0.5290E-21  0.2820E-16  0.9090E-15  0.2690E-14  0.4480E-14  0.7140E-14  0.9790E-14  0.1150E-13  0.1150E-13  0.1100E-13
WAVELENGTH(A)= 
     9.755
 7 14 t 
excit   
    72.800    109.000    182.000    364.000    728.000   1820.000   3640.000   5460.000   7280.000  10900.000  18200.000  36400.000  72800.000 109000.000 
  0.1000E+11  0.1000E-73  0.1000E-73  0.1000E-73  0.3370E-29  0.3620E-21  0.1880E-16  0.5870E-15  0.1710E-14  0.2840E-14  0.4520E-14  0.6180E-14  0.7230E-14  0.7220E-14  0.6930E-14
  0.1000E+12  0.1000E-73  0.1000E-73  0.1000E-73  0.3370E-29  0.3620E-21  0.1880E-16  0.5870E-15  0.1710E-14  0.2840E-14  0.4520E-14  0.6180E-14  0.7230E-14  0.7220E-14  0.6930E-14
  0.1000E+13  0.1000E-73  0.1000E-73  0.1000E-73  0.3370E-29  0.3620E-21  0.1880E-16  0.5870E-15  0.1710E-14  0.2840E-14  0.4520E-14  0.6180E-14  0.7230E-14  0.7220E-14  0.6930E-14
  0.1000E+14  0.1000E-73  0.1000E-73  0.1910E-45  0.3370E-29  0.3620E-21  0.1880E-16  0.5870E-15  0.1710E-14  0.2840E-14  0.4520E-14  0.6180E-14  0.7230E-14  0.7220E-14  0.6930E-14
  0.1000E+15  0.1000E-73  0.1000E-73  0.2100E-45  0.3370E-29  0.3620E-21  0.1880E-16  0.5870E-15  0.1710E-14  0.2840E-14  0.4520E-14  0.6180E-14  0.7230E-14  0.7220E-14  0.6930E-14
  0.1000E+16  0.1000E-73  0.1000E-73  0.2130E-45  0.3370E-29  0.3620E-21  0.1880E-16  0.5870E-15  0.1710E-14  0.2840E-14  0.4520E-14  0.6180E-14  0.7230E-14  0.7220E-14  0.6930E-14
  0.1000E+17  0.1000E-73  0.1000E-73  0.2130E-45  0.3370E-29  0.3620E-21  0.1880E-16  0.5870E-15  0.1710E-14  0.2840E-14  0.4520E-14  0.6180E-14  0.7230E-14  0.7220E-14  0.6930E-14
WAVELENGTH(A)= 
     9.826
 7 14 t 
excit   
    72.800    109.000    182.000    364.000    728.000   1820.000   3640.000   5460.000   7280.000  10900.000  18200.000  36400.000  72800.000 109000.000 
  0.1000E+11  0.1000E-73  0.1000E-73  0.1000E-73  0.1320E-28  0.1340E-20  0.6950E-16  0.2180E-14  0.6340E-14  0.1040E-13  0.1620E-13  0.2140E-13  0.2320E-13  0.2100E-13  0.1900E-13
  0.1000E+12  0.1000E-73  0.1000E-73  0.1000E-73  0.1320E-28  0.1340E-20  0.6950E-16  0.2180E-14  0.6340E-14  0.1040E-13  0.1620E-13  0.2140E-13  0.2320E-13  0.2100E-13  0.1900E-13
  0.1000E+13  0.1000E-73  0.1000E-73  0.1000E-73  0.1320E-28  0.1340E-20  0.6950E-16  0.2180E-14  0.6340E-14  0.1040E-13  0.1620E-13  0.2140E-13  0.2320E-13  0.2100E-13  0.1900E-13
  0.1000E+14  0.1000E-73  0.1000E-73  0.9120E-45  0.1320E-28  0.1340E-20  0.6950E-16  0.2180E-14  0.6340E-14  0.1040E-13  0.1620E-13  0.2140E-13  0.2320E-13  0.2100E-13  0.1900E-13
  0.1000E+15  0.1000E-73  0.1000E-73  0.1000E-44  0.1320E-28  0.1340E-20  0.6950E-16  0.2180E-14  0.6340E-14  0.1040E-13  0.1620E-13  0.2140E-13  0.2320E-13  0.2100E-13  0.1900E-13
  0.1000E+16  0.1000E-73  0.1000E-73  0.9940E-45  0.1320E-28  0.1340E-20  0.6950E-16  0.2180E-14  0.6340E-14  0.1040E-13  0.1620E-13  0.2140E-13  0.2320E-13  0.2100E-13  0.1900E-13
  0.1000E+17  0.1000E-73  0.1000E-73  0.9910E-45  0.1320E-28  0.1340E-20  0.6950E-16  0.2180E-14  0.6340E-14  0.1040E-13  0.1620E-13  0.2140E-13  0.2320E-13  0.2100E-13  0.1900E-13
WAVELENGTH(A)= 
    10.136
 7 14 t 
excit   
    72.800    109.000    182.000    364.000    728.000   1820.000   3640.000   5460.000   7280.000  10900.000  18200.000  36400.000  72800.000 109000.000 
  0.1000E+11  0.1000E-73  0.1000E-73  0.1000E-73  0.3440E-30  0.1780E-21  0.2350E-16  0.9990E-15  0.3230E-14  0.5610E-14  0.9330E-14  0.1320E-13  0.1580E-13  0.1590E-13  0.1530E-13
  0.1000E+12  0.1000E-73  0.1000E-73  0.1000E-73  0.3440E-30  0.1780E-21  0.2350E-16  0.9990E-15  0.3230E-14  0.5610E-14  0.9330E-14  0.1320E-13  0.1580E-13  0.1590E-13  0.1530E-13
  0.1000E+13  0.1000E-73  0.1000E-73  0.1000E-73  0.3440E-30  0.1780E-21  0.2350E-16  0.9990E-15  0.3230E-14  0.5610E-14  0.9330E-14  0.1320E-13  0.1580E-13  0.1590E-13  0.1530E-13
  0.1000E+14  0.1000E-73  0.1000E-73  0.1000E-73  0.3440E-30  0.1780E-21  0.2350E-16  0.9990E-15  0.3230E-14  0.5610E-14  0.9330E-14  0.1320E-13  0.1580E-13  0.1590E-13  0.1530E-13
  0.1000E+15  0.1000E-73  0.1000E-73  0.1000E-73  0.3440E-30  0.1780E-21  0.2350E-16  0.9990E-15  0.3230E-14  0.5610E-14  0.9330E-14  0.1320E-13  0.1580E-13  0.1590E-13  0.1530E-13
  0.1000E+16  0.1000E-73  0.1000E-73  0.1000E-73  0.3440E-30  0.1780E-21  0.2350E-16  0.9990E-15  0.3230E-14  0.5610E-14  0.9330E-14  0.1320E-13  0.1580E-13  0.1590E-13  0.1530E-13
  0.1000E+17  0.1000E-73  0.1000E-73  0.6730E-48  0.3440E-30  0.1780E-21  0.2350E-16  0.9990E-15  0.3230E-14  0.5610E-14  0.9330E-14  0.1320E-13  0.1580E-13  0.1590E-13  0.1530E-13
WAVELENGTH(A)= 
    10.640
 7 14 t 
excit   
    72.800    109.000    182.000    364.000    728.000   1820.000   3640.000   5460.000   7280.000  10900.000  18200.000  36400.000  72800.000 109000.000 
  0.1000E+11  0.1000E-73  0.1000E-73  0.1000E-73  0.1780E-30  0.9340E-22  0.1250E-16  0.5270E-15  0.1700E-14  0.2940E-14  0.4830E-14  0.6650E-14  0.7550E-14  0.6960E-14  0.6310E-14
  0.1000E+12  0.1000E-73  0.1000E-73  0.1000E-73  0.1780E-30  0.9340E-22  0.1250E-16  0.5270E-15  0.1700E-14  0.2940E-14  0.4830E-14  0.6650E-14  0.7550E-14  0.6960E-14  0.6310E-14
  0.1000E+13  0.1000E-73  0.1000E-73  0.1000E-73  0.1780E-30  0.9340E-22  0.1250E-16  0.5270E-15  0.1700E-14  0.2940E-14  0.4830E-14  0.6650E-14  0.7550E-14  0.6960E-14  0.6310E-14
  0.1000E+14  0.1000E-73  0.1000E-73  0.1000E-73  0.1780E-30  0.9340E-22  0.1250E-16  0.5270E-15  0.1700E-14  0.2940E-14  0.4830E-14  0.6650E-14  0.7550E-14  0.6960E-14  0.6310E-14
  0.1000E+15  0.1000E-73  0.1000E-73  0.1000E-73  0.1780E-30  0.9340E-22  0.1250E-16  0.5270E-15  0.1700E-14  0.2940E-14  0.4830E-14  0.6650E-14  0.7550E-14  0.6960E-14  0.6310E-14
  0.1000E+16  0.1000E-73  0.1000E-73  0.1000E-73  0.1780E-30  0.9340E-22  0.1250E-16  0.5270E-15  0.1700E-14  0.2940E-14  0.4830E-14  0.6650E-14  0.7550E-14  0.6960E-14  0.6310E-14
  0.1000E+17  0.1000E-73  0.1000E-73  0.1000E-73  0.1780E-30  0.9340E-22  0.1250E-16  0.5270E-15  0.1700E-14  0.2940E-14  0.4830E-14  0.6650E-14  0.7550E-14  0.6960E-14  0.6310E-14
WAVELENGTH(A)= 
    14.858
 7 14 t 
excit   
    72.800    109.000    182.000    364.000    728.000   1820.000   3640.000   5460.000   7280.000  10900.000  18200.000  36400.000  72800.000 109000.000 
  0.1000E+11  0.1000E-73  0.1000E-73  0.1000E-73  0.6030E-30  0.1670E-21  0.1520E-16  0.5680E-15  0.1750E-14  0.2940E-14  0.4700E-14  0.6280E-14  0.6810E-14  0.6120E-14  0.5460E-14
  0.1000E+12  0.1000E-73  0.1000E-73  0.1000E-73  0.6030E-30  0.1670E-21  0.1520E-16  0.5680E-15  0.1750E-14  0.2940E-14  0.4700E-14  0.6280E-14  0.6810E-14  0.6120E-14  0.5460E-14
  0.1000E+13  0.1000E-73  0.1000E-73  0.1000E-73  0.6030E-30  0.1670E-21  0.1520E-16  0.5680E-15  0.1750E-14  0.2940E-14  0.4700E-14  0.6280E-14  0.6810E-14  0.6120E-14  0.5460E-14
  0.1000E+14  0.1000E-73  0.1000E-73  0.1000E-73  0.6030E-30  0.1670E-21  0.1520E-16  0.5680E-15  0.1750E-14  0.2940E-14  0.4700E-14  0.6280E-14  0.6810E-14  0.6120E-14  0.5460E-14
  0.1000E+15  0.1000E-73  0.1000E-73  0.1000E-73  0.6030E-30  0.1670E-21  0.1520E-16  0.5680E-15  0.1750E-14  0.2940E-14  0.4700E-14  0.6280E-14  0.6810E-14  0.6120E-14  0.5460E-14
  0.1000E+16  0.1000E-73  0.1000E-73  0.4600E-47  0.6030E-30  0.1670E-21  0.1520E-16  0.5680E-15  0.1750E-14  0.2940E-14  0.4700E-14  0.6280E-14  0.6810E-14  0.6120E-14  0.5460E-14
  0.1000E+17  0.1000E-73  0.1000E-73  0.5980E-47  0.6030E-30  0.1670E-21  0.1520E-16  0.5680E-15  0.1750E-14  0.2940E-14  0.4700E-14  0.6280E-14  0.6810E-14  0.6120E-14  0.5460E-14
WAVELENGTH(A)= 
    15.703
 7 14 t 
excit   
    72.800    109.000    182.000    364.000    728.000   1820.000   3640.000   5460.000   7280.000  10900.000  18200.000  36400.000  72800.000 109000.000 
  0.1000E+11  0.1000E-73  0.1000E-73  0.1000E-73  0.1850E-29  0.5320E-21  0.4960E-16  0.1880E-14  0.5840E-14  0.9950E-14  0.1630E-13  0.2270E-13  0.2700E-13  0.2690E-13  0.2600E-13
  0.1000E+12  0.1000E-73  0.1000E-73  0.1000E-73  0.1850E-29  0.5320E-21  0.4960E-16  0.1880E-14  0.5840E-14  0.9950E-14  0.1630E-13  0.2270E-13  0.2700E-13  0.2690E-13  0.2600E-13
  0.1000E+13  0.1000E-73  0.1000E-73  0.1000E-73  0.1850E-29  0.5320E-21  0.4960E-16  0.1880E-14  0.5840E-14  0.9950E-14  0.1630E-13  0.2270E-13  0.2700E-13  0.2690E-13  0.2600E-13
  0.1000E+14  0.1000E-73  0.1000E-73  0.1000E-73  0.1850E-29  0.5320E-21  0.4960E-16  0.1880E-14  0.5840E-14  0.9950E-14  0.1630E-13  0.2270E-13  0.2700E-13  0.2690E-13  0.2600E-13
  0.1000E+15  0.1000E-73  0.1000E-73  0.1000E-73  0.1850E-29  0.5320E-21  0.4960E-16  0.1880E-14  0.5840E-14  0.9950E-14  0.1630E-13  0.2270E-13  0.2700E-13  0.2690E-13  0.2600E-13
  0.1000E+16  0.1000E-73  0.1000E-73  0.1910E-46  0.1850E-29  0.5320E-21  0.4960E-16  0.1880E-14  0.5840E-14  0.9950E-14  0.1630E-13  0.2270E-13  0.2700E-13  0.2690E-13  0.2600E-13
  0.1000E+17  0.1000E-73  0.1000E-73  0.1620E-46  0.1850E-29  0.5320E-21  0.4960E-16  0.1880E-14  0.5840E-14  0.9950E-14  0.1630E-13  0.2270E-13  0.2700E-13  0.2690E-13  0.2600E-13
WAVELENGTH(A)= 
    16.799
 7 14 t 
excit   
    72.800    109.000    182.000    364.000    728.000   1820.000   3640.000   5460.000   7280.000  10900.000  18200.000  36400.000  72800.000 109000.000 
  0.1000E+11  0.1000E-73  0.1000E-73  0.1000E-73  0.9470E-30  0.2770E-21  0.2620E-16  0.9890E-15  0.3070E-14  0.5210E-14  0.8430E-14  0.1150E-13  0.1290E-13  0.1190E-13  0.1080E-13
  0.1000E+12  0.1000E-73  0.1000E-73  0.1000E-73  0.9470E-30  0.2770E-21  0.2620E-16  0.9890E-15  0.3070E-14  0.5210E-14  0.8430E-14  0.1150E-13  0.1290E-13  0.1190E-13  0.1080E-13
  0.1000E+13  0.1000E-73  0.1000E-73  0.1000E-73  0.9470E-30  0.2770E-21  0.2620E-16  0.9890E-15  0.3070E-14  0.5210E-14  0.8430E-14  0.1150E-13  0.1290E-13  0.1190E-13  0.1080E-13
  0.1000E+14  0.1000E-73  0.1000E-73  0.1000E-73  0.9470E-30  0.2770E-21  0.2620E-16  0.9890E-15  0.3070E-14  0.5210E-14  0.8430E-14  0.1150E-13  0.1290E-13  0.1190E-13  0.1080E-13
  0.1000E+15  0.1000E-73  0.1000E-73  0.1000E-73  0.9470E-30  0.2770E-21  0.2620E-16  0.9890E-15  0.3070E-14  0.5210E-14  0.8430E-14  0.1150E-13  0.1290E-13  0.1190E-13  0.1080E-13
  0.1000E+16  0.1000E-73  0.1000E-73  0.1000E-73  0.9470E-30  0.2770E-21  0.2620E-16  0.9890E-15  0.3070E-14  0.5210E-14  0.8430E-14  0.1150E-13  0.1290E-13  0.1190E-13  0.1080E-13
  0.1000E+17  0.1000E-73  0.1000E-73  0.7120E-47  0.9470E-30  0.2770E-21  0.2620E-16  0.9890E-15  0.3070E-14  0.5210E-14  0.8430E-14  0.1150E-13  0.1290E-13  0.1190E-13  0.1080E-13
WAVELENGTH(A)= 
    18.187
 7 14 t 
excit   
    72.800    109.000    182.000    364.000    728.000   1820.000   3640.000   5460.000   7280.000  10900.000  18200.000  36400.000  72800.000 109000.000 
  0.1000E+11  0.1000E-73  0.1000E-73  0.1000E-73  0.5740E-30  0.1590E-21  0.1450E-16  0.5400E-15  0.1660E-14  0.2800E-14  0.4470E-14  0.5980E-14  0.6480E-14  0.5820E-14  0.5200E-14
  0.1000E+12  0.1000E-73  0.1000E-73  0.1000E-73  0.5740E-30  0.1590E-21  0.1450E-16  0.5400E-15  0.1660E-14  0.2800E-14  0.4470E-14  0.5980E-14  0.6480E-14  0.5820E-14  0.5200E-14
  0.1000E+13  0.1000E-73  0.1000E-73  0.1000E-73  0.5740E-30  0.1590E-21  0.1450E-16  0.5400E-15  0.1660E-14  0.2800E-14  0.4470E-14  0.5980E-14  0.6480E-14  0.5820E-14  0.5200E-14
  0.1000E+14  0.1000E-73  0.1000E-73  0.1000E-73  0.5740E-30  0.1590E-21  0.1450E-16  0.5400E-15  0.1660E-14  0.2800E-14  0.4470E-14  0.5980E-14  0.6480E-14  0.5820E-14  0.5200E-14
  0.1000E+15  0.1000E-73  0.1000E-73  0.1000E-73  0.5740E-30  0.1590E-21  0.1450E-16  0.5400E-15  0.1660E-14  0.2800E-14  0.4470E-14  0.5980E-14  0.6480E-14  0.5820E-14  0.5200E-14
  0.1000E+16  0.1000E-73  0.1000E-73  0.4370E-47  0.5740E-30  0.1590E-21  0.1450E-16  0.5400E-15  0.1660E-14  0.2800E-14  0.4470E-14  0.5980E-14  0.6480E-14  0.5820E-14  0.5200E-14
  0.1000E+17  0.1000E-73  0.1000E-73  0.5680E-47  0.5740E-30  0.1590E-21  0.1450E-16  0.5400E-15  0.1660E-14  0.2800E-14  0.4470E-14  0.5980E-14  0.6480E-14  0.5820E-14  0.5200E-14
WAVELENGTH(A)= 
    26.223
 7 14 t 
excit   
    72.800    109.000    182.000    364.000    728.000   1820.000   3640.000   5460.000   7280.000  10900.000  18200.000  36400.000  72800.000 109000.000 
  0.1000E+11  0.1000E-73  0.1000E-73  0.1000E-73  0.1760E-30  0.9100E-22  0.1210E-16  0.5120E-15  0.1660E-14  0.2880E-14  0.4780E-14  0.6790E-14  0.8110E-14  0.8160E-14  0.7840E-14
  0.1000E+12  0.1000E-73  0.1000E-73  0.1000E-73  0.1760E-30  0.9100E-22  0.1210E-16  0.5120E-15  0.1660E-14  0.2880E-14  0.4780E-14  0.6790E-14  0.8110E-14  0.8160E-14  0.7840E-14
  0.1000E+13  0.1000E-73  0.1000E-73  0.1000E-73  0.1760E-30  0.9100E-22  0.1210E-16  0.5120E-15  0.1660E-14  0.2880E-14  0.4780E-14  0.6790E-14  0.8110E-14  0.8160E-14  0.7840E-14
  0.1000E+14  0.1000E-73  0.1000E-73  0.1000E-73  0.1760E-30  0.9100E-22  0.1210E-16  0.5120E-15  0.1660E-14  0.2880E-14  0.4780E-14  0.6790E-14  0.8110E-14  0.8160E-14  0.7840E-14
  0.1000E+15  0.1000E-73  0.1000E-73  0.1000E-73  0.1760E-30  0.9100E-22  0.1210E-16  0.5120E-15  0.1660E-14  0.2880E-14  0.4780E-14  0.6790E-14  0.8110E-14  0.8160E-14  0.7840E-14
  0.1000E+16  0.1000E-73  0.1000E-73  0.1000E-73  0.1760E-30  0.9100E-22  0.1210E-16  0.5120E-15  0.1660E-14  0.2880E-14  0.4780E-14  0.6790E-14  0.8110E-14  0.8160E-14  0.7840E-14
  0.1000E+17  0.1000E-73  0.1000E-73  0.3450E-48  0.1760E-30  0.9100E-22  0.1210E-16  0.5120E-15  0.1660E-14  0.2880E-14  0.4780E-14  0.6790E-14  0.8110E-14  0.8160E-14  0.7840E-14
WAVELENGTH(A)= 
    30.425
 7 14 t 
excit   
    72.800    109.000    182.000    364.000    728.000   1820.000   3640.000   5460.000   7280.000  10900.000  18200.000  36400.000  72800.000 109000.000 
  0.1000E+11  0.1000E-73  0.1000E-73  0.3120E-32  0.1840E-21  0.3790E-16  0.5010E-13  0.5180E-12  0.1080E-11  0.1530E-11  0.2070E-11  0.2480E-11  0.2570E-11  0.2340E-11  0.2140E-11
  0.1000E+12  0.1000E-73  0.1000E-73  0.3120E-32  0.1840E-21  0.3790E-16  0.5010E-13  0.5180E-12  0.1080E-11  0.1530E-11  0.2070E-11  0.2480E-11  0.2570E-11  0.2340E-11  0.2140E-11
  0.1000E+13  0.1000E-73  0.1000E-73  0.3120E-32  0.1840E-21  0.3790E-16  0.5010E-13  0.5180E-12  0.1080E-11  0.1530E-11  0.2070E-11  0.2480E-11  0.2570E-11  0.2340E-11  0.2140E-11
  0.1000E+14  0.1000E-73  0.1000E-73  0.3120E-32  0.1840E-21  0.3790E-16  0.5010E-13  0.5180E-12  0.1080E-11  0.1530E-11  0.2070E-11  0.2480E-11  0.2570E-11  0.2340E-11  0.2140E-11
  0.1000E+15  0.1000E-73  0.1070E-46  0.3120E-32  0.1840E-21  0.3790E-16  0.5010E-13  0.5180E-12  0.1080E-11  0.1530E-11  0.2070E-11  0.2480E-11  0.2570E-11  0.2340E-11  0.2140E-11
  0.1000E+16  0.1000E-73  0.1070E-46  0.3120E-32  0.1840E-21  0.3790E-16  0.5010E-13  0.5180E-12  0.1080E-11  0.1530E-11  0.2070E-11  0.2480E-11  0.2570E-11  0.2340E-11  0.2140E-11
  0.1000E+17  0.1000E-73  0.1120E-46  0.3120E-32  0.1840E-21  0.3790E-16  0.5010E-13  0.5180E-12  0.1080E-11  0.1530E-11  0.2070E-11  0.2480E-11  0.2570E-11  0.2340E-11  0.2140E-11
WAVELENGTH(A)= 
    36.138
 7 14 t 
excit   
    72.800    109.000    182.000    364.000    728.000   1820.000   3640.000   5460.000   7280.000  10900.000  18200.000  36400.000  72800.000 109000.000 
  0.1000E+11  0.1000E-73  0.1000E-73  0.4380E-35  0.6590E-24  0.2170E-18  0.3540E-15  0.3580E-14  0.7290E-14  0.1020E-13  0.1380E-13  0.1690E-13  0.1880E-13  0.1880E-13  0.1820E-13
  0.1000E+12  0.1000E-73  0.1000E-73  0.4380E-35  0.6590E-24  0.2170E-18  0.3540E-15  0.3580E-14  0.7290E-14  0.1020E-13  0.1380E-13  0.1690E-13  0.1880E-13  0.1880E-13  0.1820E-13
  0.1000E+13  0.1000E-73  0.1000E-73  0.4380E-35  0.6590E-24  0.2170E-18  0.3540E-15  0.3580E-14  0.7290E-14  0.1020E-13  0.1380E-13  0.1690E-13  0.1880E-13  0.1880E-13  0.1820E-13
  0.1000E+14  0.1000E-73  0.1000E-73  0.4380E-35  0.6590E-24  0.2170E-18  0.3540E-15  0.3580E-14  0.7290E-14  0.1020E-13  0.1380E-13  0.1690E-13  0.1880E-13  0.1880E-13  0.1820E-13
  0.1000E+15  0.1000E-73  0.1000E-73  0.4380E-35  0.6590E-24  0.2170E-18  0.3540E-15  0.3580E-14  0.7290E-14  0.1020E-13  0.1380E-13  0.1690E-13  0.1880E-13  0.1880E-13  0.1820E-13
  0.1000E+16  0.1000E-73  0.1000E-73  0.4380E-35  0.6590E-24  0.2170E-18  0.3540E-15  0.3580E-14  0.7290E-14  0.1020E-13  0.1380E-13  0.1690E-13  0.1880E-13  0.1880E-13  0.1820E-13
  0.1000E+17  0.1000E-73  0.1000E-73  0.4380E-35  0.6590E-24  0.2170E-18  0.3540E-15  0.3580E-14  0.7290E-14  0.1020E-13  0.1380E-13  0.1690E-13  0.1880E-13  0.1880E-13  0.1820E-13
WAVELENGTH(A)= 
    36.201
 7 14 t 
excit   
    72.800    109.000    182.000    364.000    728.000   1820.000   3640.000   5460.000   7280.000  10900.000  18200.000  36400.000  72800.000 109000.000 
  0.1000E+11  0.1000E-73  0.1000E-73  0.1940E-37  0.1250E-24  0.2810E-18  0.1430E-14  0.2040E-13  0.4560E-13  0.6580E-13  0.8990E-13  0.1070E-12  0.1060E-12  0.9100E-13  0.7990E-13
  0.1000E+12  0.1000E-73  0.1000E-73  0.1940E-37  0.1250E-24  0.2810E-18  0.1430E-14  0.2040E-13  0.4560E-13  0.6580E-13  0.8990E-13  0.1070E-12  0.1060E-12  0.9100E-13  0.7990E-13
  0.1000E+13  0.1000E-73  0.1000E-73  0.1940E-37  0.1250E-24  0.2810E-18  0.1430E-14  0.2040E-13  0.4560E-13  0.6580E-13  0.8990E-13  0.1070E-12  0.1060E-12  0.9100E-13  0.7990E-13
  0.1000E+14  0.1000E-73  0.1000E-73  0.1940E-37  0.1250E-24  0.2810E-18  0.1430E-14  0.2040E-13  0.4560E-13  0.6580E-13  0.8990E-13  0.1070E-12  0.1060E-12  0.9100E-13  0.7990E-13
  0.1000E+15  0.1000E-73  0.1000E-73  0.1940E-37  0.1250E-24  0.2810E-18  0.1430E-14  0.2040E-13  0.4560E-13  0.6580E-13  0.8990E-13  0.1070E-12  0.1060E-12  0.9100E-13  0.7990E-13
  0.1000E+16  0.1000E-73  0.1000E-73  0.1940E-37  0.1250E-24  0.2810E-18  0.1430E-14  0.2040E-13  0.4560E-13  0.6580E-13  0.8990E-13  0.1070E-12  0.1060E-12  0.9100E-13  0.7990E-13
  0.1000E+17  0.1000E-73  0.1000E-73  0.1940E-37  0.1250E-24  0.2810E-18  0.1430E-14  0.2040E-13  0.4560E-13  0.6580E-13  0.8990E-13  0.1070E-12  0.1060E-12  0.9100E-13  0.7990E-13
