 50  7 14
WAVELENGTH(A)= 
     1.112
 7 14 t 
excit   
    77.400    116.000    193.000    387.000    774.000   1930.000   3870.000   5800.000   7740.000  11600.000  19300.000  38700.000  77400.000 116000.000 
  0.1000E+11  0.1000E-73  0.1000E-73  0.1690E-37  0.3960E-25  0.5110E-19  0.1860E-15  0.2380E-14  0.5130E-14  0.7260E-14  0.9780E-14  0.1150E-13  0.1130E-13  0.9700E-14  0.8520E-14
  0.1000E+12  0.1000E-73  0.1000E-73  0.1690E-37  0.3960E-25  0.5110E-19  0.1860E-15  0.2380E-14  0.5130E-14  0.7260E-14  0.9780E-14  0.1150E-13  0.1130E-13  0.9700E-14  0.8520E-14
  0.1000E+13  0.1000E-73  0.1000E-73  0.1690E-37  0.3960E-25  0.5110E-19  0.1860E-15  0.2380E-14  0.5130E-14  0.7260E-14  0.9780E-14  0.1150E-13  0.1130E-13  0.9700E-14  0.8520E-14
  0.1000E+14  0.1000E-73  0.1000E-73  0.1690E-37  0.3960E-25  0.5110E-19  0.1860E-15  0.2380E-14  0.5130E-14  0.7260E-14  0.9780E-14  0.1150E-13  0.1130E-13  0.9700E-14  0.8520E-14
  0.1000E+15  0.1000E-73  0.1000E-73  0.1690E-37  0.3960E-25  0.5110E-19  0.1860E-15  0.2380E-14  0.5130E-14  0.7260E-14  0.9780E-14  0.1150E-13  0.1130E-13  0.9700E-14  0.8520E-14
  0.1000E+16  0.1000E-73  0.1000E-73  0.1690E-37  0.3960E-25  0.5110E-19  0.1860E-15  0.2380E-14  0.5130E-14  0.7260E-14  0.9780E-14  0.1150E-13  0.1130E-13  0.9700E-14  0.8520E-14
  0.1000E+17  0.1000E-73  0.1000E-73  0.1690E-37  0.3960E-25  0.5110E-19  0.1860E-15  0.2380E-14  0.5130E-14  0.7260E-14  0.9780E-14  0.1150E-13  0.1130E-13  0.9700E-14  0.8520E-14
WAVELENGTH(A)= 
     1.144
 7 14 t 
excit   
    77.400    116.000    193.000    387.000    774.000   1930.000   3870.000   5800.000   7740.000  11600.000  19300.000  38700.000  77400.000 116000.000 
  0.1000E+11  0.1000E-73  0.1000E-73  0.3650E-35  0.3810E-23  0.3310E-17  0.9990E-14  0.1300E-12  0.2940E-12  0.4340E-12  0.6300E-12  0.8360E-12  0.1020E-11  0.1100E-11  0.1110E-11
  0.1000E+12  0.1000E-73  0.1000E-73  0.3650E-35  0.3810E-23  0.3310E-17  0.9990E-14  0.1300E-12  0.2940E-12  0.4340E-12  0.6300E-12  0.8360E-12  0.1020E-11  0.1100E-11  0.1110E-11
  0.1000E+13  0.1000E-73  0.1000E-73  0.3650E-35  0.3810E-23  0.3310E-17  0.9990E-14  0.1300E-12  0.2940E-12  0.4340E-12  0.6300E-12  0.8360E-12  0.1020E-11  0.1100E-11  0.1110E-11
  0.1000E+14  0.1000E-73  0.1000E-73  0.3650E-35  0.3810E-23  0.3310E-17  0.9990E-14  0.1300E-12  0.2940E-12  0.4340E-12  0.6300E-12  0.8360E-12  0.1020E-11  0.1100E-11  0.1110E-11
  0.1000E+15  0.1000E-73  0.1000E-73  0.3650E-35  0.3810E-23  0.3310E-17  0.9990E-14  0.1300E-12  0.2940E-12  0.4340E-12  0.6300E-12  0.8360E-12  0.1020E-11  0.1100E-11  0.1110E-11
  0.1000E+16  0.1000E-73  0.1000E-73  0.3650E-35  0.3810E-23  0.3310E-17  0.9990E-14  0.1300E-12  0.2940E-12  0.4340E-12  0.6300E-12  0.8360E-12  0.1020E-11  0.1100E-11  0.1110E-11
  0.1000E+17  0.1000E-73  0.1000E-73  0.3650E-35  0.3810E-23  0.3310E-17  0.9990E-14  0.1300E-12  0.2940E-12  0.4340E-12  0.6300E-12  0.8360E-12  0.1020E-11  0.1100E-11  0.1110E-11
WAVELENGTH(A)= 
     1.264
 7 14 t 
excit   
    77.400    116.000    193.000    387.000    774.000   1930.000   3870.000   5800.000   7740.000  11600.000  19300.000  38700.000  77400.000 116000.000 
  0.1000E+11  0.1000E-73  0.1000E-73  0.7180E-32  0.5260E-21  0.1200E-15  0.1570E-12  0.1480E-11  0.2960E-11  0.4070E-11  0.5460E-11  0.6660E-11  0.7370E-11  0.7340E-11  0.7080E-11
  0.1000E+12  0.1000E-73  0.1000E-73  0.7180E-32  0.5260E-21  0.1200E-15  0.1570E-12  0.1480E-11  0.2960E-11  0.4070E-11  0.5460E-11  0.6660E-11  0.7370E-11  0.7340E-11  0.7080E-11
  0.1000E+13  0.1000E-73  0.1000E-73  0.7180E-32  0.5260E-21  0.1200E-15  0.1570E-12  0.1480E-11  0.2960E-11  0.4070E-11  0.5460E-11  0.6660E-11  0.7370E-11  0.7340E-11  0.7080E-11
  0.1000E+14  0.1000E-73  0.1000E-73  0.7180E-32  0.5260E-21  0.1200E-15  0.1570E-12  0.1480E-11  0.2960E-11  0.4070E-11  0.5460E-11  0.6660E-11  0.7370E-11  0.7340E-11  0.7080E-11
  0.1000E+15  0.1000E-73  0.1000E-73  0.7180E-32  0.5260E-21  0.1200E-15  0.1570E-12  0.1480E-11  0.2960E-11  0.4070E-11  0.5460E-11  0.6660E-11  0.7370E-11  0.7340E-11  0.7080E-11
  0.1000E+16  0.1000E-73  0.1000E-73  0.7180E-32  0.5260E-21  0.1200E-15  0.1570E-12  0.1480E-11  0.2960E-11  0.4070E-11  0.5460E-11  0.6660E-11  0.7370E-11  0.7340E-11  0.7080E-11
  0.1000E+17  0.1000E-73  0.1000E-73  0.7180E-32  0.5260E-21  0.1200E-15  0.1570E-12  0.1480E-11  0.2960E-11  0.4070E-11  0.5460E-11  0.6660E-11  0.7370E-11  0.7340E-11  0.7080E-11
WAVELENGTH(A)= 
     1.269
 7 14 t 
excit   
    77.400    116.000    193.000    387.000    774.000   1930.000   3870.000   5800.000   7740.000  11600.000  19300.000  38700.000  77400.000 116000.000 
  0.1000E+11  0.1000E-73  0.1000E-73  0.1870E-35  0.4370E-23  0.5630E-17  0.2050E-13  0.2620E-12  0.5650E-12  0.8000E-12  0.1080E-11  0.1260E-11  0.1250E-11  0.1070E-11  0.9390E-12
  0.1000E+12  0.1000E-73  0.1000E-73  0.1870E-35  0.4370E-23  0.5630E-17  0.2050E-13  0.2620E-12  0.5650E-12  0.8000E-12  0.1080E-11  0.1260E-11  0.1250E-11  0.1070E-11  0.9390E-12
  0.1000E+13  0.1000E-73  0.1000E-73  0.1870E-35  0.4370E-23  0.5630E-17  0.2050E-13  0.2620E-12  0.5650E-12  0.8000E-12  0.1080E-11  0.1260E-11  0.1250E-11  0.1070E-11  0.9390E-12
  0.1000E+14  0.1000E-73  0.1000E-73  0.1870E-35  0.4370E-23  0.5630E-17  0.2050E-13  0.2620E-12  0.5650E-12  0.8000E-12  0.1080E-11  0.1260E-11  0.1250E-11  0.1070E-11  0.9390E-12
  0.1000E+15  0.1000E-73  0.1000E-73  0.1870E-35  0.4370E-23  0.5630E-17  0.2050E-13  0.2620E-12  0.5650E-12  0.8000E-12  0.1080E-11  0.1260E-11  0.1250E-11  0.1070E-11  0.9390E-12
  0.1000E+16  0.1000E-73  0.1000E-73  0.1870E-35  0.4370E-23  0.5630E-17  0.2050E-13  0.2620E-12  0.5650E-12  0.8000E-12  0.1080E-11  0.1260E-11  0.1250E-11  0.1070E-11  0.9390E-12
  0.1000E+17  0.1000E-73  0.1000E-73  0.1870E-35  0.4370E-23  0.5630E-17  0.2050E-13  0.2620E-12  0.5650E-12  0.8000E-12  0.1080E-11  0.1260E-11  0.1250E-11  0.1070E-11  0.9390E-12
WAVELENGTH(A)= 
     1.306
 7 14 t 
excit   
    77.400    116.000    193.000    387.000    774.000   1930.000   3870.000   5800.000   7740.000  11600.000  19300.000  38700.000  77400.000 116000.000 
  0.1000E+11  0.1000E-73  0.1000E-73  0.6860E-32  0.2220E-21  0.3390E-16  0.3630E-13  0.3350E-12  0.6670E-12  0.9160E-12  0.1200E-11  0.1400E-11  0.1410E-11  0.1260E-11  0.1130E-11
  0.1000E+12  0.1000E-73  0.1000E-73  0.6860E-32  0.2220E-21  0.3390E-16  0.3630E-13  0.3350E-12  0.6670E-12  0.9160E-12  0.1200E-11  0.1400E-11  0.1410E-11  0.1260E-11  0.1130E-11
  0.1000E+13  0.1000E-73  0.1000E-73  0.6860E-32  0.2220E-21  0.3390E-16  0.3630E-13  0.3350E-12  0.6670E-12  0.9160E-12  0.1200E-11  0.1400E-11  0.1410E-11  0.1260E-11  0.1130E-11
  0.1000E+14  0.1000E-73  0.1000E-73  0.6860E-32  0.2220E-21  0.3390E-16  0.3630E-13  0.3350E-12  0.6670E-12  0.9160E-12  0.1200E-11  0.1400E-11  0.1410E-11  0.1260E-11  0.1130E-11
  0.1000E+15  0.1000E-73  0.6140E-46  0.6860E-32  0.2220E-21  0.3390E-16  0.3630E-13  0.3350E-12  0.6670E-12  0.9160E-12  0.1200E-11  0.1400E-11  0.1410E-11  0.1260E-11  0.1130E-11
  0.1000E+16  0.1000E-73  0.5320E-46  0.6860E-32  0.2220E-21  0.3390E-16  0.3630E-13  0.3350E-12  0.6670E-12  0.9160E-12  0.1200E-11  0.1400E-11  0.1410E-11  0.1260E-11  0.1130E-11
  0.1000E+17  0.1000E-73  0.5400E-46  0.6860E-32  0.2220E-21  0.3390E-16  0.3630E-13  0.3350E-12  0.6670E-12  0.9160E-12  0.1200E-11  0.1400E-11  0.1410E-11  0.1260E-11  0.1130E-11
WAVELENGTH(A)= 
     1.311
 7 14 t 
excit   
    77.400    116.000    193.000    387.000    774.000   1930.000   3870.000   5800.000   7740.000  11600.000  19300.000  38700.000  77400.000 116000.000 
  0.1000E+11  0.1000E-73  0.1000E-73  0.1340E-37  0.1400E-25  0.1210E-19  0.3660E-16  0.4760E-15  0.1080E-14  0.1590E-14  0.2310E-14  0.3070E-14  0.3740E-14  0.4050E-14  0.4070E-14
  0.1000E+12  0.1000E-73  0.1000E-73  0.1340E-37  0.1400E-25  0.1210E-19  0.3660E-16  0.4760E-15  0.1080E-14  0.1590E-14  0.2310E-14  0.3070E-14  0.3740E-14  0.4050E-14  0.4070E-14
  0.1000E+13  0.1000E-73  0.1000E-73  0.1340E-37  0.1400E-25  0.1210E-19  0.3660E-16  0.4760E-15  0.1080E-14  0.1590E-14  0.2310E-14  0.3070E-14  0.3740E-14  0.4050E-14  0.4070E-14
  0.1000E+14  0.1000E-73  0.1000E-73  0.1340E-37  0.1400E-25  0.1210E-19  0.3660E-16  0.4760E-15  0.1080E-14  0.1590E-14  0.2310E-14  0.3070E-14  0.3740E-14  0.4050E-14  0.4070E-14
  0.1000E+15  0.1000E-73  0.1000E-73  0.1340E-37  0.1400E-25  0.1210E-19  0.3660E-16  0.4760E-15  0.1080E-14  0.1590E-14  0.2310E-14  0.3070E-14  0.3740E-14  0.4050E-14  0.4070E-14
  0.1000E+16  0.1000E-73  0.1000E-73  0.1340E-37  0.1400E-25  0.1210E-19  0.3660E-16  0.4760E-15  0.1080E-14  0.1590E-14  0.2310E-14  0.3070E-14  0.3740E-14  0.4050E-14  0.4070E-14
  0.1000E+17  0.1000E-73  0.1000E-73  0.1340E-37  0.1400E-25  0.1210E-19  0.3660E-16  0.4760E-15  0.1080E-14  0.1590E-14  0.2310E-14  0.3070E-14  0.3740E-14  0.4050E-14  0.4070E-14
WAVELENGTH(A)= 
     1.363
 7 14 t 
excit   
    77.400    116.000    193.000    387.000    774.000   1930.000   3870.000   5800.000   7740.000  11600.000  19300.000  38700.000  77400.000 116000.000 
  0.1000E+11  0.1000E-73  0.1000E-73  0.1120E-31  0.1970E-21  0.2450E-16  0.2540E-13  0.2510E-12  0.5230E-12  0.7380E-12  0.1000E-11  0.1210E-11  0.1270E-11  0.1170E-11  0.1080E-11
  0.1000E+12  0.1000E-73  0.1000E-73  0.1120E-31  0.1970E-21  0.2450E-16  0.2540E-13  0.2510E-12  0.5230E-12  0.7380E-12  0.1000E-11  0.1210E-11  0.1270E-11  0.1170E-11  0.1080E-11
  0.1000E+13  0.1000E-73  0.1000E-73  0.1120E-31  0.1970E-21  0.2450E-16  0.2540E-13  0.2510E-12  0.5230E-12  0.7380E-12  0.1000E-11  0.1210E-11  0.1270E-11  0.1170E-11  0.1080E-11
  0.1000E+14  0.1000E-73  0.1000E-73  0.1120E-31  0.1970E-21  0.2450E-16  0.2540E-13  0.2510E-12  0.5230E-12  0.7380E-12  0.1000E-11  0.1210E-11  0.1270E-11  0.1170E-11  0.1080E-11
  0.1000E+15  0.1000E-73  0.1000E-73  0.1120E-31  0.1970E-21  0.2450E-16  0.2540E-13  0.2510E-12  0.5230E-12  0.7380E-12  0.1000E-11  0.1210E-11  0.1270E-11  0.1170E-11  0.1080E-11
  0.1000E+16  0.1000E-73  0.2200E-45  0.1120E-31  0.1970E-21  0.2450E-16  0.2540E-13  0.2510E-12  0.5230E-12  0.7380E-12  0.1000E-11  0.1210E-11  0.1270E-11  0.1170E-11  0.1080E-11
  0.1000E+17  0.1000E-73  0.2640E-45  0.1120E-31  0.1970E-21  0.2450E-16  0.2540E-13  0.2510E-12  0.5230E-12  0.7380E-12  0.1000E-11  0.1210E-11  0.1270E-11  0.1170E-11  0.1080E-11
WAVELENGTH(A)= 
     1.948
 7 14 t 
excit   
    77.400    116.000    193.000    387.000    774.000   1930.000   3870.000   5800.000   7740.000  11600.000  19300.000  38700.000  77400.000 116000.000 
  0.1000E+11  0.1000E-73  0.1000E-73  0.1000E-73  0.6300E-30  0.2140E-21  0.2190E-16  0.8490E-15  0.2630E-14  0.4470E-14  0.7150E-14  0.9520E-14  0.1030E-13  0.9060E-14  0.8030E-14
  0.1000E+12  0.1000E-73  0.1000E-73  0.1000E-73  0.6300E-30  0.2140E-21  0.2190E-16  0.8490E-15  0.2630E-14  0.4470E-14  0.7150E-14  0.9520E-14  0.1030E-13  0.9060E-14  0.8030E-14
  0.1000E+13  0.1000E-73  0.1000E-73  0.1000E-73  0.6300E-30  0.2140E-21  0.2190E-16  0.8490E-15  0.2630E-14  0.4470E-14  0.7150E-14  0.9520E-14  0.1030E-13  0.9060E-14  0.8030E-14
  0.1000E+14  0.1000E-73  0.1000E-73  0.1000E-73  0.6300E-30  0.2140E-21  0.2190E-16  0.8490E-15  0.2630E-14  0.4470E-14  0.7150E-14  0.9520E-14  0.1030E-13  0.9060E-14  0.8030E-14
  0.1000E+15  0.1000E-73  0.1000E-73  0.1000E-73  0.6300E-30  0.2140E-21  0.2190E-16  0.8490E-15  0.2630E-14  0.4470E-14  0.7150E-14  0.9520E-14  0.1030E-13  0.9060E-14  0.8030E-14
  0.1000E+16  0.1000E-73  0.1000E-73  0.1000E-73  0.6300E-30  0.2140E-21  0.2190E-16  0.8490E-15  0.2630E-14  0.4470E-14  0.7150E-14  0.9520E-14  0.1030E-13  0.9060E-14  0.8030E-14
  0.1000E+17  0.1000E-73  0.1000E-73  0.3420E-47  0.6300E-30  0.2140E-21  0.2190E-16  0.8490E-15  0.2630E-14  0.4470E-14  0.7150E-14  0.9520E-14  0.1030E-13  0.9060E-14  0.8030E-14
WAVELENGTH(A)= 
     2.069
 7 14 t 
excit   
    77.400    116.000    193.000    387.000    774.000   1930.000   3870.000   5800.000   7740.000  11600.000  19300.000  38700.000  77400.000 116000.000 
  0.1000E+11  0.1000E-73  0.1000E-73  0.1000E-73  0.1560E-29  0.5460E-21  0.5730E-16  0.2250E-14  0.7100E-14  0.1220E-13  0.2000E-13  0.2820E-13  0.3340E-13  0.3340E-13  0.3210E-13
  0.1000E+12  0.1000E-73  0.1000E-73  0.1000E-73  0.1560E-29  0.5460E-21  0.5730E-16  0.2250E-14  0.7100E-14  0.1220E-13  0.2000E-13  0.2820E-13  0.3340E-13  0.3340E-13  0.3210E-13
  0.1000E+13  0.1000E-73  0.1000E-73  0.1000E-73  0.1560E-29  0.5460E-21  0.5730E-16  0.2250E-14  0.7100E-14  0.1220E-13  0.2000E-13  0.2820E-13  0.3340E-13  0.3340E-13  0.3210E-13
  0.1000E+14  0.1000E-73  0.1000E-73  0.1000E-73  0.1560E-29  0.5460E-21  0.5730E-16  0.2250E-14  0.7100E-14  0.1220E-13  0.2000E-13  0.2820E-13  0.3340E-13  0.3340E-13  0.3210E-13
  0.1000E+15  0.1000E-73  0.1000E-73  0.1000E-73  0.1560E-29  0.5460E-21  0.5730E-16  0.2250E-14  0.7100E-14  0.1220E-13  0.2000E-13  0.2820E-13  0.3340E-13  0.3340E-13  0.3210E-13
  0.1000E+16  0.1000E-73  0.1000E-73  0.1000E-73  0.1560E-29  0.5460E-21  0.5730E-16  0.2250E-14  0.7100E-14  0.1220E-13  0.2000E-13  0.2820E-13  0.3340E-13  0.3340E-13  0.3210E-13
  0.1000E+17  0.1000E-73  0.1000E-73  0.1080E-46  0.1560E-29  0.5460E-21  0.5730E-16  0.2250E-14  0.7100E-14  0.1220E-13  0.2000E-13  0.2820E-13  0.3340E-13  0.3340E-13  0.3210E-13
WAVELENGTH(A)= 
     2.104
 7 14 t 
excit   
    77.400    116.000    193.000    387.000    774.000   1930.000   3870.000   5800.000   7740.000  11600.000  19300.000  38700.000  77400.000 116000.000 
  0.1000E+11  0.1000E-73  0.1000E-73  0.1000E-73  0.4230E-29  0.7930E-21  0.5720E-16  0.1980E-14  0.5920E-14  0.9850E-14  0.1550E-13  0.2060E-13  0.2210E-13  0.1960E-13  0.1750E-13
  0.1000E+12  0.1000E-73  0.1000E-73  0.1000E-73  0.4230E-29  0.7930E-21  0.5720E-16  0.1980E-14  0.5920E-14  0.9850E-14  0.1550E-13  0.2060E-13  0.2210E-13  0.1960E-13  0.1750E-13
  0.1000E+13  0.1000E-73  0.1000E-73  0.1000E-73  0.4230E-29  0.7930E-21  0.5720E-16  0.1980E-14  0.5920E-14  0.9850E-14  0.1550E-13  0.2060E-13  0.2210E-13  0.1960E-13  0.1750E-13
  0.1000E+14  0.1000E-73  0.1000E-73  0.1000E-73  0.4230E-29  0.7930E-21  0.5720E-16  0.1980E-14  0.5920E-14  0.9850E-14  0.1550E-13  0.2060E-13  0.2210E-13  0.1960E-13  0.1750E-13
  0.1000E+15  0.1000E-73  0.1000E-73  0.1000E-73  0.4230E-29  0.7930E-21  0.5720E-16  0.1980E-14  0.5920E-14  0.9850E-14  0.1550E-13  0.2060E-13  0.2210E-13  0.1960E-13  0.1750E-13
  0.1000E+16  0.1000E-73  0.1000E-73  0.8110E-46  0.4230E-29  0.7930E-21  0.5720E-16  0.1980E-14  0.5920E-14  0.9850E-14  0.1550E-13  0.2060E-13  0.2210E-13  0.1960E-13  0.1750E-13
  0.1000E+17  0.1000E-73  0.1000E-73  0.8650E-46  0.4230E-29  0.7930E-21  0.5720E-16  0.1980E-14  0.5920E-14  0.9850E-14  0.1550E-13  0.2060E-13  0.2210E-13  0.1960E-13  0.1750E-13
WAVELENGTH(A)= 
     2.180
 7 14 t 
excit   
    77.400    116.000    193.000    387.000    774.000   1930.000   3870.000   5800.000   7740.000  11600.000  19300.000  38700.000  77400.000 116000.000 
  0.1000E+11  0.1000E-73  0.1000E-73  0.1000E-73  0.7450E-30  0.2650E-21  0.2780E-16  0.1100E-14  0.3440E-14  0.5850E-14  0.9560E-14  0.1300E-13  0.1470E-13  0.1350E-13  0.1220E-13
  0.1000E+12  0.1000E-73  0.1000E-73  0.1000E-73  0.7450E-30  0.2650E-21  0.2780E-16  0.1100E-14  0.3440E-14  0.5850E-14  0.9560E-14  0.1300E-13  0.1470E-13  0.1350E-13  0.1220E-13
  0.1000E+13  0.1000E-73  0.1000E-73  0.1000E-73  0.7450E-30  0.2650E-21  0.2780E-16  0.1100E-14  0.3440E-14  0.5850E-14  0.9560E-14  0.1300E-13  0.1470E-13  0.1350E-13  0.1220E-13
  0.1000E+14  0.1000E-73  0.1000E-73  0.1000E-73  0.7450E-30  0.2650E-21  0.2780E-16  0.1100E-14  0.3440E-14  0.5850E-14  0.9560E-14  0.1300E-13  0.1470E-13  0.1350E-13  0.1220E-13
  0.1000E+15  0.1000E-73  0.1000E-73  0.1000E-73  0.7450E-30  0.2650E-21  0.2780E-16  0.1100E-14  0.3440E-14  0.5850E-14  0.9560E-14  0.1300E-13  0.1470E-13  0.1350E-13  0.1220E-13
  0.1000E+16  0.1000E-73  0.1000E-73  0.1000E-73  0.7450E-30  0.2650E-21  0.2780E-16  0.1100E-14  0.3440E-14  0.5850E-14  0.9560E-14  0.1300E-13  0.1470E-13  0.1350E-13  0.1220E-13
  0.1000E+17  0.1000E-73  0.1000E-73  0.3660E-47  0.7450E-30  0.2650E-21  0.2780E-16  0.1100E-14  0.3440E-14  0.5850E-14  0.9560E-14  0.1300E-13  0.1470E-13  0.1350E-13  0.1220E-13
WAVELENGTH(A)= 
     2.242
 7 14 t 
excit   
    77.400    116.000    193.000    387.000    774.000   1930.000   3870.000   5800.000   7740.000  11600.000  19300.000  38700.000  77400.000 116000.000 
  0.1000E+11  0.1000E-73  0.1000E-73  0.1000E-73  0.9330E-29  0.1820E-20  0.1340E-15  0.4700E-14  0.1430E-13  0.2400E-13  0.3880E-13  0.5380E-13  0.6330E-13  0.6330E-13  0.6040E-13
  0.1000E+12  0.1000E-73  0.1000E-73  0.1000E-73  0.9330E-29  0.1820E-20  0.1340E-15  0.4700E-14  0.1430E-13  0.2400E-13  0.3880E-13  0.5380E-13  0.6330E-13  0.6330E-13  0.6040E-13
  0.1000E+13  0.1000E-73  0.1000E-73  0.1000E-73  0.9330E-29  0.1820E-20  0.1340E-15  0.4700E-14  0.1430E-13  0.2400E-13  0.3880E-13  0.5380E-13  0.6330E-13  0.6330E-13  0.6040E-13
  0.1000E+14  0.1000E-73  0.1000E-73  0.1000E-73  0.9330E-29  0.1820E-20  0.1340E-15  0.4700E-14  0.1430E-13  0.2400E-13  0.3880E-13  0.5380E-13  0.6330E-13  0.6330E-13  0.6040E-13
  0.1000E+15  0.1000E-73  0.1000E-73  0.1000E-73  0.9330E-29  0.1820E-20  0.1340E-15  0.4700E-14  0.1430E-13  0.2400E-13  0.3880E-13  0.5380E-13  0.6330E-13  0.6330E-13  0.6040E-13
  0.1000E+16  0.1000E-73  0.1000E-73  0.1750E-45  0.9330E-29  0.1820E-20  0.1340E-15  0.4700E-14  0.1430E-13  0.2400E-13  0.3880E-13  0.5380E-13  0.6330E-13  0.6330E-13  0.6040E-13
  0.1000E+17  0.1000E-73  0.1000E-73  0.1750E-45  0.9330E-29  0.1820E-20  0.1340E-15  0.4700E-14  0.1430E-13  0.2400E-13  0.3880E-13  0.5380E-13  0.6330E-13  0.6330E-13  0.6040E-13
WAVELENGTH(A)= 
     2.369
 7 14 t 
excit   
    77.400    116.000    193.000    387.000    774.000   1930.000   3870.000   5800.000   7740.000  11600.000  19300.000  38700.000  77400.000 116000.000 
  0.1000E+11  0.1000E-73  0.1000E-73  0.1000E-73  0.4390E-29  0.8710E-21  0.6480E-16  0.2270E-14  0.6860E-14  0.1150E-13  0.1830E-13  0.2480E-13  0.2750E-13  0.2530E-13  0.2290E-13
  0.1000E+12  0.1000E-73  0.1000E-73  0.1000E-73  0.4390E-29  0.8710E-21  0.6480E-16  0.2270E-14  0.6860E-14  0.1150E-13  0.1830E-13  0.2480E-13  0.2750E-13  0.2530E-13  0.2290E-13
  0.1000E+13  0.1000E-73  0.1000E-73  0.1000E-73  0.4390E-29  0.8710E-21  0.6480E-16  0.2270E-14  0.6860E-14  0.1150E-13  0.1830E-13  0.2480E-13  0.2750E-13  0.2530E-13  0.2290E-13
  0.1000E+14  0.1000E-73  0.1000E-73  0.1000E-73  0.4390E-29  0.8710E-21  0.6480E-16  0.2270E-14  0.6860E-14  0.1150E-13  0.1830E-13  0.2480E-13  0.2750E-13  0.2530E-13  0.2290E-13
  0.1000E+15  0.1000E-73  0.1000E-73  0.1000E-73  0.4390E-29  0.8710E-21  0.6480E-16  0.2270E-14  0.6860E-14  0.1150E-13  0.1830E-13  0.2480E-13  0.2750E-13  0.2530E-13  0.2290E-13
  0.1000E+16  0.1000E-73  0.1000E-73  0.6500E-46  0.4390E-29  0.8710E-21  0.6480E-16  0.2270E-14  0.6860E-14  0.1150E-13  0.1830E-13  0.2480E-13  0.2750E-13  0.2530E-13  0.2290E-13
  0.1000E+17  0.1000E-73  0.1000E-73  0.7800E-46  0.4390E-29  0.8710E-21  0.6480E-16  0.2270E-14  0.6860E-14  0.1150E-13  0.1830E-13  0.2480E-13  0.2750E-13  0.2530E-13  0.2290E-13
WAVELENGTH(A)= 
     2.431
 7 14 t 
excit   
    77.400    116.000    193.000    387.000    774.000   1930.000   3870.000   5800.000   7740.000  11600.000  19300.000  38700.000  77400.000 116000.000 
  0.1000E+11  0.1000E-73  0.1000E-73  0.1000E-73  0.7750E-28  0.5330E-20  0.2170E-15  0.6250E-14  0.1770E-13  0.2860E-13  0.4390E-13  0.5710E-13  0.6100E-13  0.5470E-13  0.4900E-13
  0.1000E+12  0.1000E-73  0.1000E-73  0.1000E-73  0.7750E-28  0.5330E-20  0.2170E-15  0.6250E-14  0.1770E-13  0.2860E-13  0.4390E-13  0.5710E-13  0.6100E-13  0.5470E-13  0.4900E-13
  0.1000E+13  0.1000E-73  0.1000E-73  0.1000E-73  0.7750E-28  0.5330E-20  0.2170E-15  0.6250E-14  0.1770E-13  0.2860E-13  0.4390E-13  0.5710E-13  0.6100E-13  0.5470E-13  0.4900E-13
  0.1000E+14  0.1000E-73  0.1000E-73  0.1370E-43  0.7750E-28  0.5330E-20  0.2170E-15  0.6250E-14  0.1770E-13  0.2860E-13  0.4390E-13  0.5710E-13  0.6100E-13  0.5470E-13  0.4900E-13
  0.1000E+15  0.1000E-73  0.1000E-73  0.1230E-43  0.7750E-28  0.5330E-20  0.2170E-15  0.6250E-14  0.1770E-13  0.2860E-13  0.4390E-13  0.5710E-13  0.6100E-13  0.5470E-13  0.4900E-13
  0.1000E+16  0.1000E-73  0.1000E-73  0.1230E-43  0.7750E-28  0.5330E-20  0.2170E-15  0.6250E-14  0.1770E-13  0.2860E-13  0.4390E-13  0.5710E-13  0.6100E-13  0.5470E-13  0.4900E-13
  0.1000E+17  0.1000E-73  0.1000E-73  0.1230E-43  0.7750E-28  0.5330E-20  0.2170E-15  0.6250E-14  0.1770E-13  0.2860E-13  0.4390E-13  0.5710E-13  0.6100E-13  0.5470E-13  0.4900E-13
WAVELENGTH(A)= 
     2.601
 7 14 t 
excit   
    77.400    116.000    193.000    387.000    774.000   1930.000   3870.000   5800.000   7740.000  11600.000  19300.000  38700.000  77400.000 116000.000 
  0.1000E+11  0.1000E-73  0.1000E-73  0.1000E-73  0.1430E-27  0.1050E-19  0.4320E-15  0.1260E-13  0.3580E-13  0.5880E-13  0.9200E-13  0.1250E-12  0.1450E-12  0.1440E-12  0.1380E-12
  0.1000E+12  0.1000E-73  0.1000E-73  0.1000E-73  0.1430E-27  0.1050E-19  0.4320E-15  0.1260E-13  0.3580E-13  0.5880E-13  0.9200E-13  0.1250E-12  0.1450E-12  0.1440E-12  0.1380E-12
  0.1000E+13  0.1000E-73  0.1000E-73  0.1000E-73  0.1430E-27  0.1050E-19  0.4320E-15  0.1260E-13  0.3580E-13  0.5880E-13  0.9200E-13  0.1250E-12  0.1450E-12  0.1440E-12  0.1380E-12
  0.1000E+14  0.1000E-73  0.1000E-73  0.2070E-43  0.1430E-27  0.1050E-19  0.4320E-15  0.1260E-13  0.3580E-13  0.5880E-13  0.9200E-13  0.1250E-12  0.1450E-12  0.1440E-12  0.1380E-12
  0.1000E+15  0.1000E-73  0.1000E-73  0.1970E-43  0.1430E-27  0.1050E-19  0.4320E-15  0.1260E-13  0.3580E-13  0.5880E-13  0.9200E-13  0.1250E-12  0.1450E-12  0.1440E-12  0.1380E-12
  0.1000E+16  0.1000E-73  0.1000E-73  0.1950E-43  0.1430E-27  0.1050E-19  0.4320E-15  0.1260E-13  0.3580E-13  0.5880E-13  0.9200E-13  0.1250E-12  0.1450E-12  0.1440E-12  0.1380E-12
  0.1000E+17  0.1000E-73  0.1000E-73  0.1950E-43  0.1430E-27  0.1050E-19  0.4320E-15  0.1260E-13  0.3580E-13  0.5880E-13  0.9200E-13  0.1250E-12  0.1450E-12  0.1440E-12  0.1380E-12
WAVELENGTH(A)= 
     2.602
 7 14 t 
excit   
    77.400    116.000    193.000    387.000    774.000   1930.000   3870.000   5800.000   7740.000  11600.000  19300.000  38700.000  77400.000 116000.000 
  0.1000E+11  0.1000E-73  0.1000E-73  0.1000E-73  0.1230E-29  0.4970E-21  0.5660E-16  0.2260E-14  0.7110E-14  0.1210E-13  0.1940E-13  0.2610E-13  0.2790E-13  0.2450E-13  0.2160E-13
  0.1000E+12  0.1000E-73  0.1000E-73  0.1000E-73  0.1230E-29  0.4970E-21  0.5660E-16  0.2260E-14  0.7110E-14  0.1210E-13  0.1940E-13  0.2610E-13  0.2790E-13  0.2450E-13  0.2160E-13
  0.1000E+13  0.1000E-73  0.1000E-73  0.1000E-73  0.1230E-29  0.4970E-21  0.5660E-16  0.2260E-14  0.7110E-14  0.1210E-13  0.1940E-13  0.2610E-13  0.2790E-13  0.2450E-13  0.2160E-13
  0.1000E+14  0.1000E-73  0.1000E-73  0.1000E-73  0.1230E-29  0.4970E-21  0.5660E-16  0.2260E-14  0.7110E-14  0.1210E-13  0.1940E-13  0.2610E-13  0.2790E-13  0.2450E-13  0.2160E-13
  0.1000E+15  0.1000E-73  0.1000E-73  0.1000E-73  0.1230E-29  0.4970E-21  0.5660E-16  0.2260E-14  0.7110E-14  0.1210E-13  0.1940E-13  0.2610E-13  0.2790E-13  0.2450E-13  0.2160E-13
  0.1000E+16  0.1000E-73  0.1000E-73  0.1000E-73  0.1230E-29  0.4970E-21  0.5660E-16  0.2260E-14  0.7110E-14  0.1210E-13  0.1940E-13  0.2610E-13  0.2790E-13  0.2450E-13  0.2160E-13
  0.1000E+17  0.1000E-73  0.1000E-73  0.1040E-46  0.1230E-29  0.4970E-21  0.5660E-16  0.2260E-14  0.7110E-14  0.1210E-13  0.1940E-13  0.2610E-13  0.2790E-13  0.2450E-13  0.2160E-13
WAVELENGTH(A)= 
     2.683
 7 14 t 
excit   
    77.400    116.000    193.000    387.000    774.000   1930.000   3870.000   5800.000   7740.000  11600.000  19300.000  38700.000  77400.000 116000.000 
  0.1000E+11  0.1000E-73  0.1000E-73  0.1000E-73  0.7890E-29  0.5280E-21  0.2260E-16  0.6800E-15  0.1970E-14  0.3230E-14  0.5100E-14  0.6920E-14  0.8010E-14  0.7970E-14  0.7620E-14
  0.1000E+12  0.1000E-73  0.1000E-73  0.1000E-73  0.7890E-29  0.5280E-21  0.2260E-16  0.6800E-15  0.1970E-14  0.3230E-14  0.5100E-14  0.6920E-14  0.8010E-14  0.7970E-14  0.7620E-14
  0.1000E+13  0.1000E-73  0.1000E-73  0.1000E-73  0.7890E-29  0.5280E-21  0.2260E-16  0.6800E-15  0.1970E-14  0.3230E-14  0.5100E-14  0.6920E-14  0.8010E-14  0.7970E-14  0.7620E-14
  0.1000E+14  0.1000E-73  0.1000E-73  0.1000E-73  0.7890E-29  0.5280E-21  0.2260E-16  0.6800E-15  0.1970E-14  0.3230E-14  0.5100E-14  0.6920E-14  0.8010E-14  0.7970E-14  0.7620E-14
  0.1000E+15  0.1000E-73  0.1000E-73  0.1470E-44  0.7890E-29  0.5280E-21  0.2260E-16  0.6800E-15  0.1970E-14  0.3230E-14  0.5100E-14  0.6920E-14  0.8010E-14  0.7970E-14  0.7620E-14
  0.1000E+16  0.1000E-73  0.1000E-73  0.1520E-44  0.7890E-29  0.5280E-21  0.2260E-16  0.6800E-15  0.1970E-14  0.3230E-14  0.5100E-14  0.6920E-14  0.8010E-14  0.7970E-14  0.7620E-14
  0.1000E+17  0.1000E-73  0.1000E-73  0.1510E-44  0.7890E-29  0.5280E-21  0.2260E-16  0.6800E-15  0.1970E-14  0.3230E-14  0.5100E-14  0.6920E-14  0.8010E-14  0.7970E-14  0.7620E-14
WAVELENGTH(A)= 
     2.767
 7 14 t 
excit   
    77.400    116.000    193.000    387.000    774.000   1930.000   3870.000   5800.000   7740.000  11600.000  19300.000  38700.000  77400.000 116000.000 
  0.1000E+11  0.1000E-73  0.1000E-73  0.1000E-73  0.6580E-28  0.4940E-20  0.2060E-15  0.5950E-14  0.1690E-13  0.2740E-13  0.4250E-13  0.5620E-13  0.6160E-13  0.5630E-13  0.5080E-13
  0.1000E+12  0.1000E-73  0.1000E-73  0.1000E-73  0.6580E-28  0.4940E-20  0.2060E-15  0.5950E-14  0.1690E-13  0.2740E-13  0.4250E-13  0.5620E-13  0.6160E-13  0.5630E-13  0.5080E-13
  0.1000E+13  0.1000E-73  0.1000E-73  0.1000E-73  0.6580E-28  0.4940E-20  0.2060E-15  0.5950E-14  0.1690E-13  0.2740E-13  0.4250E-13  0.5620E-13  0.6160E-13  0.5630E-13  0.5080E-13
  0.1000E+14  0.1000E-73  0.1000E-73  0.1370E-43  0.6580E-28  0.4940E-20  0.2060E-15  0.5950E-14  0.1690E-13  0.2740E-13  0.4250E-13  0.5620E-13  0.6160E-13  0.5630E-13  0.5080E-13
  0.1000E+15  0.1000E-73  0.1000E-73  0.8230E-44  0.6580E-28  0.4940E-20  0.2060E-15  0.5950E-14  0.1690E-13  0.2740E-13  0.4250E-13  0.5620E-13  0.6160E-13  0.5630E-13  0.5080E-13
  0.1000E+16  0.1000E-73  0.1000E-73  0.8370E-44  0.6580E-28  0.4940E-20  0.2060E-15  0.5950E-14  0.1690E-13  0.2740E-13  0.4250E-13  0.5620E-13  0.6160E-13  0.5630E-13  0.5080E-13
  0.1000E+17  0.1000E-73  0.1000E-73  0.8380E-44  0.6580E-28  0.4940E-20  0.2060E-15  0.5950E-14  0.1690E-13  0.2740E-13  0.4250E-13  0.5620E-13  0.6160E-13  0.5630E-13  0.5080E-13
WAVELENGTH(A)= 
     2.825
 7 14 t 
excit   
    77.400    116.000    193.000    387.000    774.000   1930.000   3870.000   5800.000   7740.000  11600.000  19300.000  38700.000  77400.000 116000.000 
  0.1000E+11  0.1000E-73  0.1000E-73  0.1000E-73  0.1390E-28  0.9580E-21  0.3900E-16  0.1120E-14  0.3170E-14  0.5130E-14  0.7880E-14  0.1030E-13  0.1100E-13  0.9840E-14  0.8810E-14
  0.1000E+12  0.1000E-73  0.1000E-73  0.1000E-73  0.1390E-28  0.9580E-21  0.3900E-16  0.1120E-14  0.3170E-14  0.5130E-14  0.7880E-14  0.1030E-13  0.1100E-13  0.9840E-14  0.8810E-14
  0.1000E+13  0.1000E-73  0.1000E-73  0.1000E-73  0.1390E-28  0.9580E-21  0.3900E-16  0.1120E-14  0.3170E-14  0.5130E-14  0.7880E-14  0.1030E-13  0.1100E-13  0.9840E-14  0.8810E-14
  0.1000E+14  0.1000E-73  0.1000E-73  0.2460E-44  0.1390E-28  0.9580E-21  0.3900E-16  0.1120E-14  0.3170E-14  0.5130E-14  0.7880E-14  0.1030E-13  0.1100E-13  0.9840E-14  0.8810E-14
  0.1000E+15  0.1000E-73  0.1000E-73  0.2220E-44  0.1390E-28  0.9580E-21  0.3900E-16  0.1120E-14  0.3170E-14  0.5130E-14  0.7880E-14  0.1030E-13  0.1100E-13  0.9840E-14  0.8810E-14
  0.1000E+16  0.1000E-73  0.1000E-73  0.2220E-44  0.1390E-28  0.9580E-21  0.3900E-16  0.1120E-14  0.3170E-14  0.5130E-14  0.7880E-14  0.1030E-13  0.1100E-13  0.9840E-14  0.8810E-14
  0.1000E+17  0.1000E-73  0.1000E-73  0.2220E-44  0.1390E-28  0.9580E-21  0.3900E-16  0.1120E-14  0.3170E-14  0.5130E-14  0.7880E-14  0.1030E-13  0.1100E-13  0.9840E-14  0.8810E-14
WAVELENGTH(A)= 
     2.826
 7 14 t 
excit   
    77.400    116.000    193.000    387.000    774.000   1930.000   3870.000   5800.000   7740.000  11600.000  19300.000  38700.000  77400.000 116000.000 
  0.1000E+11  0.1000E-73  0.1000E-73  0.1000E-73  0.1940E-30  0.7290E-22  0.8030E-17  0.3240E-15  0.1040E-14  0.1810E-14  0.3080E-14  0.4550E-14  0.5930E-14  0.6610E-14  0.6710E-14
  0.1000E+12  0.1000E-73  0.1000E-73  0.1000E-73  0.1940E-30  0.7290E-22  0.8030E-17  0.3240E-15  0.1040E-14  0.1810E-14  0.3080E-14  0.4550E-14  0.5930E-14  0.6610E-14  0.6710E-14
  0.1000E+13  0.1000E-73  0.1000E-73  0.1000E-73  0.1940E-30  0.7290E-22  0.8030E-17  0.3240E-15  0.1040E-14  0.1810E-14  0.3080E-14  0.4550E-14  0.5930E-14  0.6610E-14  0.6710E-14
  0.1000E+14  0.1000E-73  0.1000E-73  0.1000E-73  0.1940E-30  0.7290E-22  0.8030E-17  0.3240E-15  0.1040E-14  0.1810E-14  0.3080E-14  0.4550E-14  0.5930E-14  0.6610E-14  0.6710E-14
  0.1000E+15  0.1000E-73  0.1000E-73  0.1000E-73  0.1940E-30  0.7290E-22  0.8030E-17  0.3240E-15  0.1040E-14  0.1810E-14  0.3080E-14  0.4550E-14  0.5930E-14  0.6610E-14  0.6710E-14
  0.1000E+16  0.1000E-73  0.1000E-73  0.1000E-73  0.1940E-30  0.7290E-22  0.8030E-17  0.3240E-15  0.1040E-14  0.1810E-14  0.3080E-14  0.4550E-14  0.5930E-14  0.6610E-14  0.6710E-14
  0.1000E+17  0.1000E-73  0.1000E-73  0.8180E-48  0.1940E-30  0.7290E-22  0.8030E-17  0.3240E-15  0.1040E-14  0.1810E-14  0.3080E-14  0.4550E-14  0.5930E-14  0.6610E-14  0.6710E-14
WAVELENGTH(A)= 
     3.418
 7 14 t 
excit   
    77.400    116.000    193.000    387.000    774.000   1930.000   3870.000   5800.000   7740.000  11600.000  19300.000  38700.000  77400.000 116000.000 
  0.1000E+11  0.1000E-73  0.1000E-73  0.8850E-40  0.1270E-25  0.1290E-18  0.1730E-14  0.3580E-13  0.9130E-13  0.1400E-12  0.2050E-12  0.2600E-12  0.2730E-12  0.2450E-12  0.2210E-12
  0.1000E+12  0.1000E-73  0.1000E-73  0.9170E-40  0.1270E-25  0.1290E-18  0.1730E-14  0.3580E-13  0.9130E-13  0.1400E-12  0.2050E-12  0.2600E-12  0.2730E-12  0.2450E-12  0.2210E-12
  0.1000E+13  0.1000E-73  0.1000E-73  0.9200E-40  0.1270E-25  0.1290E-18  0.1730E-14  0.3580E-13  0.9130E-13  0.1400E-12  0.2050E-12  0.2600E-12  0.2730E-12  0.2450E-12  0.2210E-12
  0.1000E+14  0.1000E-73  0.1000E-73  0.9200E-40  0.1270E-25  0.1290E-18  0.1730E-14  0.3580E-13  0.9130E-13  0.1400E-12  0.2050E-12  0.2600E-12  0.2730E-12  0.2450E-12  0.2210E-12
  0.1000E+15  0.1000E-73  0.1000E-73  0.9200E-40  0.1270E-25  0.1290E-18  0.1730E-14  0.3580E-13  0.9130E-13  0.1400E-12  0.2050E-12  0.2600E-12  0.2730E-12  0.2450E-12  0.2210E-12
  0.1000E+16  0.1000E-73  0.1000E-73  0.9200E-40  0.1270E-25  0.1290E-18  0.1730E-14  0.3580E-13  0.9130E-13  0.1400E-12  0.2050E-12  0.2600E-12  0.2730E-12  0.2450E-12  0.2210E-12
  0.1000E+17  0.1000E-73  0.1000E-73  0.9200E-40  0.1270E-25  0.1290E-18  0.1730E-14  0.3580E-13  0.9130E-13  0.1400E-12  0.2050E-12  0.2600E-12  0.2730E-12  0.2450E-12  0.2210E-12
WAVELENGTH(A)= 
     3.693
 7 14 t 
excit   
    77.400    116.000    193.000    387.000    774.000   1930.000   3870.000   5800.000   7740.000  11600.000  19300.000  38700.000  77400.000 116000.000 
  0.1000E+11  0.1000E-73  0.1000E-73  0.8130E-40  0.1520E-25  0.1790E-18  0.2500E-14  0.5100E-13  0.1300E-12  0.2010E-12  0.3000E-12  0.3930E-12  0.4470E-12  0.4430E-12  0.4250E-12
  0.1000E+12  0.1000E-73  0.1000E-73  0.7920E-40  0.1520E-25  0.1790E-18  0.2500E-14  0.5100E-13  0.1300E-12  0.2010E-12  0.3000E-12  0.3930E-12  0.4470E-12  0.4430E-12  0.4250E-12
  0.1000E+13  0.1000E-73  0.1000E-73  0.7960E-40  0.1520E-25  0.1790E-18  0.2500E-14  0.5100E-13  0.1300E-12  0.2010E-12  0.3000E-12  0.3930E-12  0.4470E-12  0.4430E-12  0.4250E-12
  0.1000E+14  0.1000E-73  0.1000E-73  0.7960E-40  0.1520E-25  0.1790E-18  0.2500E-14  0.5100E-13  0.1300E-12  0.2010E-12  0.3000E-12  0.3930E-12  0.4470E-12  0.4430E-12  0.4250E-12
  0.1000E+15  0.1000E-73  0.1000E-73  0.7960E-40  0.1520E-25  0.1790E-18  0.2500E-14  0.5100E-13  0.1300E-12  0.2010E-12  0.3000E-12  0.3930E-12  0.4470E-12  0.4430E-12  0.4250E-12
  0.1000E+16  0.1000E-73  0.1000E-73  0.7960E-40  0.1520E-25  0.1790E-18  0.2500E-14  0.5100E-13  0.1300E-12  0.2010E-12  0.3000E-12  0.3930E-12  0.4470E-12  0.4430E-12  0.4250E-12
  0.1000E+17  0.1000E-73  0.1000E-73  0.7960E-40  0.1520E-25  0.1790E-18  0.2500E-14  0.5100E-13  0.1300E-12  0.2010E-12  0.3000E-12  0.3930E-12  0.4470E-12  0.4430E-12  0.4250E-12
WAVELENGTH(A)= 
     3.695
 7 14 t 
excit   
    77.400    116.000    193.000    387.000    774.000   1930.000   3870.000   5800.000   7740.000  11600.000  19300.000  38700.000  77400.000 116000.000 
  0.1000E+11  0.1000E-73  0.1000E-73  0.1000E-73  0.1480E-27  0.9750E-20  0.3790E-15  0.1060E-13  0.2940E-13  0.4740E-13  0.7220E-13  0.9240E-13  0.9670E-13  0.8450E-13  0.7510E-13
  0.1000E+12  0.1000E-73  0.1000E-73  0.1000E-73  0.1480E-27  0.9750E-20  0.3790E-15  0.1060E-13  0.2940E-13  0.4740E-13  0.7220E-13  0.9240E-13  0.9670E-13  0.8450E-13  0.7510E-13
  0.1000E+13  0.1000E-73  0.1000E-73  0.1000E-73  0.1480E-27  0.9750E-20  0.3790E-15  0.1060E-13  0.2940E-13  0.4740E-13  0.7220E-13  0.9240E-13  0.9670E-13  0.8450E-13  0.7510E-13
  0.1000E+14  0.1000E-73  0.1000E-73  0.2030E-43  0.1480E-27  0.9750E-20  0.3790E-15  0.1060E-13  0.2940E-13  0.4740E-13  0.7220E-13  0.9240E-13  0.9670E-13  0.8450E-13  0.7510E-13
  0.1000E+15  0.1000E-73  0.1000E-73  0.2440E-43  0.1480E-27  0.9750E-20  0.3790E-15  0.1060E-13  0.2940E-13  0.4740E-13  0.7220E-13  0.9240E-13  0.9670E-13  0.8450E-13  0.7510E-13
  0.1000E+16  0.1000E-73  0.1000E-73  0.2420E-43  0.1480E-27  0.9750E-20  0.3790E-15  0.1060E-13  0.2940E-13  0.4740E-13  0.7220E-13  0.9240E-13  0.9670E-13  0.8450E-13  0.7510E-13
  0.1000E+17  0.1000E-73  0.1000E-73  0.2430E-43  0.1480E-27  0.9750E-20  0.3790E-15  0.1060E-13  0.2940E-13  0.4740E-13  0.7220E-13  0.9240E-13  0.9670E-13  0.8450E-13  0.7510E-13
WAVELENGTH(A)= 
     4.001
 7 14 t 
excit   
    77.400    116.000    193.000    387.000    774.000   1930.000   3870.000   5800.000   7740.000  11600.000  19300.000  38700.000  77400.000 116000.000 
  0.1000E+11  0.1000E-73  0.1000E-73  0.4090E-40  0.6680E-26  0.8370E-19  0.1200E-14  0.2430E-13  0.6140E-13  0.9420E-13  0.1380E-12  0.1750E-12  0.1870E-12  0.1690E-12  0.1520E-12
  0.1000E+12  0.1000E-73  0.1000E-73  0.2860E-40  0.6680E-26  0.8370E-19  0.1200E-14  0.2430E-13  0.6140E-13  0.9420E-13  0.1380E-12  0.1750E-12  0.1870E-12  0.1690E-12  0.1520E-12
  0.1000E+13  0.1000E-73  0.1000E-73  0.3030E-40  0.6680E-26  0.8370E-19  0.1200E-14  0.2430E-13  0.6140E-13  0.9420E-13  0.1380E-12  0.1750E-12  0.1870E-12  0.1690E-12  0.1520E-12
  0.1000E+14  0.1000E-73  0.1000E-73  0.3040E-40  0.6680E-26  0.8370E-19  0.1200E-14  0.2430E-13  0.6140E-13  0.9420E-13  0.1380E-12  0.1750E-12  0.1870E-12  0.1690E-12  0.1520E-12
  0.1000E+15  0.1000E-73  0.1000E-73  0.3030E-40  0.6680E-26  0.8370E-19  0.1200E-14  0.2430E-13  0.6140E-13  0.9420E-13  0.1380E-12  0.1750E-12  0.1870E-12  0.1690E-12  0.1520E-12
  0.1000E+16  0.1000E-73  0.1000E-73  0.3030E-40  0.6680E-26  0.8370E-19  0.1200E-14  0.2430E-13  0.6140E-13  0.9420E-13  0.1380E-12  0.1750E-12  0.1870E-12  0.1690E-12  0.1520E-12
  0.1000E+17  0.1000E-73  0.1000E-73  0.3030E-40  0.6680E-26  0.8370E-19  0.1200E-14  0.2430E-13  0.6140E-13  0.9420E-13  0.1380E-12  0.1750E-12  0.1870E-12  0.1690E-12  0.1520E-12
WAVELENGTH(A)= 
     4.043
 7 14 t 
excit   
    77.400    116.000    193.000    387.000    774.000   1930.000   3870.000   5800.000   7740.000  11600.000  19300.000  38700.000  77400.000 116000.000 
  0.1000E+11  0.1000E-73  0.1000E-73  0.2120E-40  0.1520E-26  0.1340E-19  0.1970E-15  0.4470E-14  0.1190E-13  0.1890E-13  0.2870E-13  0.3770E-13  0.4240E-13  0.4130E-13  0.3910E-13
  0.1000E+12  0.1000E-73  0.1000E-73  0.1700E-40  0.1520E-26  0.1340E-19  0.1970E-15  0.4470E-14  0.1190E-13  0.1890E-13  0.2870E-13  0.3770E-13  0.4240E-13  0.4130E-13  0.3910E-13
  0.1000E+13  0.1000E-73  0.1000E-73  0.1660E-40  0.1520E-26  0.1340E-19  0.1970E-15  0.4470E-14  0.1190E-13  0.1890E-13  0.2870E-13  0.3770E-13  0.4240E-13  0.4130E-13  0.3910E-13
  0.1000E+14  0.1000E-73  0.1000E-73  0.1660E-40  0.1520E-26  0.1340E-19  0.1970E-15  0.4470E-14  0.1190E-13  0.1890E-13  0.2870E-13  0.3770E-13  0.4240E-13  0.4130E-13  0.3910E-13
  0.1000E+15  0.1000E-73  0.1000E-73  0.1660E-40  0.1520E-26  0.1340E-19  0.1970E-15  0.4470E-14  0.1190E-13  0.1890E-13  0.2870E-13  0.3770E-13  0.4240E-13  0.4130E-13  0.3910E-13
  0.1000E+16  0.1000E-73  0.1000E-73  0.1660E-40  0.1520E-26  0.1340E-19  0.1970E-15  0.4470E-14  0.1190E-13  0.1890E-13  0.2870E-13  0.3770E-13  0.4240E-13  0.4130E-13  0.3910E-13
  0.1000E+17  0.1000E-73  0.1000E-73  0.1660E-40  0.1520E-26  0.1340E-19  0.1970E-15  0.4470E-14  0.1190E-13  0.1890E-13  0.2870E-13  0.3770E-13  0.4240E-13  0.4130E-13  0.3910E-13
WAVELENGTH(A)= 
     4.251
 7 14 t 
excit   
    77.400    116.000    193.000    387.000    774.000   1930.000   3870.000   5800.000   7740.000  11600.000  19300.000  38700.000  77400.000 116000.000 
  0.1000E+11  0.1000E-73  0.1000E-73  0.2160E-40  0.3090E-26  0.3140E-19  0.4230E-15  0.8730E-14  0.2230E-13  0.3420E-13  0.5000E-13  0.6330E-13  0.6650E-13  0.5970E-13  0.5390E-13
  0.1000E+12  0.1000E-73  0.1000E-73  0.2240E-40  0.3090E-26  0.3140E-19  0.4230E-15  0.8730E-14  0.2230E-13  0.3420E-13  0.5000E-13  0.6330E-13  0.6650E-13  0.5970E-13  0.5390E-13
  0.1000E+13  0.1000E-73  0.1000E-73  0.2240E-40  0.3090E-26  0.3140E-19  0.4230E-15  0.8730E-14  0.2230E-13  0.3420E-13  0.5000E-13  0.6330E-13  0.6650E-13  0.5970E-13  0.5390E-13
  0.1000E+14  0.1000E-73  0.1000E-73  0.2240E-40  0.3090E-26  0.3140E-19  0.4230E-15  0.8730E-14  0.2230E-13  0.3420E-13  0.5000E-13  0.6330E-13  0.6650E-13  0.5970E-13  0.5390E-13
  0.1000E+15  0.1000E-73  0.1000E-73  0.2240E-40  0.3090E-26  0.3140E-19  0.4230E-15  0.8730E-14  0.2230E-13  0.3420E-13  0.5000E-13  0.6330E-13  0.6650E-13  0.5970E-13  0.5390E-13
  0.1000E+16  0.1000E-73  0.1000E-73  0.2240E-40  0.3090E-26  0.3140E-19  0.4230E-15  0.8730E-14  0.2230E-13  0.3420E-13  0.5000E-13  0.6330E-13  0.6650E-13  0.5970E-13  0.5390E-13
  0.1000E+17  0.1000E-73  0.1000E-73  0.2240E-40  0.3090E-26  0.3140E-19  0.4230E-15  0.8730E-14  0.2230E-13  0.3420E-13  0.5000E-13  0.6330E-13  0.6650E-13  0.5970E-13  0.5390E-13
WAVELENGTH(A)= 
     4.252
 7 14 t 
excit   
    77.400    116.000    193.000    387.000    774.000   1930.000   3870.000   5800.000   7740.000  11600.000  19300.000  38700.000  77400.000 116000.000 
  0.1000E+11  0.1000E-73  0.1000E-73  0.1000E-73  0.2730E-28  0.1540E-20  0.5590E-16  0.1580E-14  0.4520E-14  0.7460E-14  0.1200E-13  0.1700E-13  0.2150E-13  0.2370E-13  0.2400E-13
  0.1000E+12  0.1000E-73  0.1000E-73  0.1000E-73  0.2730E-28  0.1540E-20  0.5590E-16  0.1580E-14  0.4520E-14  0.7460E-14  0.1200E-13  0.1700E-13  0.2150E-13  0.2370E-13  0.2400E-13
  0.1000E+13  0.1000E-73  0.1000E-73  0.1000E-73  0.2730E-28  0.1540E-20  0.5590E-16  0.1580E-14  0.4520E-14  0.7460E-14  0.1200E-13  0.1700E-13  0.2150E-13  0.2370E-13  0.2400E-13
  0.1000E+14  0.1000E-73  0.1000E-73  0.5890E-44  0.2730E-28  0.1540E-20  0.5590E-16  0.1580E-14  0.4520E-14  0.7460E-14  0.1200E-13  0.1700E-13  0.2150E-13  0.2370E-13  0.2400E-13
  0.1000E+15  0.1000E-73  0.1000E-73  0.6280E-44  0.2730E-28  0.1540E-20  0.5590E-16  0.1580E-14  0.4520E-14  0.7460E-14  0.1200E-13  0.1700E-13  0.2150E-13  0.2370E-13  0.2400E-13
  0.1000E+16  0.1000E-73  0.1000E-73  0.6180E-44  0.2730E-28  0.1540E-20  0.5590E-16  0.1580E-14  0.4520E-14  0.7460E-14  0.1200E-13  0.1700E-13  0.2150E-13  0.2370E-13  0.2400E-13
  0.1000E+17  0.1000E-73  0.1000E-73  0.6190E-44  0.2730E-28  0.1540E-20  0.5590E-16  0.1580E-14  0.4520E-14  0.7460E-14  0.1200E-13  0.1700E-13  0.2150E-13  0.2370E-13  0.2400E-13
WAVELENGTH(A)= 
     4.273
 7 14 t 
excit   
    77.400    116.000    193.000    387.000    774.000   1930.000   3870.000   5800.000   7740.000  11600.000  19300.000  38700.000  77400.000 116000.000 
  0.1000E+11  0.1000E-73  0.1000E-73  0.1000E-73  0.2700E-30  0.9170E-22  0.9370E-17  0.3640E-15  0.1130E-14  0.1910E-14  0.3070E-14  0.4080E-14  0.4400E-14  0.3890E-14  0.3440E-14
  0.1000E+12  0.1000E-73  0.1000E-73  0.1000E-73  0.2700E-30  0.9170E-22  0.9370E-17  0.3640E-15  0.1130E-14  0.1910E-14  0.3070E-14  0.4080E-14  0.4400E-14  0.3890E-14  0.3440E-14
  0.1000E+13  0.1000E-73  0.1000E-73  0.1000E-73  0.2700E-30  0.9170E-22  0.9370E-17  0.3640E-15  0.1130E-14  0.1910E-14  0.3070E-14  0.4080E-14  0.4400E-14  0.3890E-14  0.3440E-14
  0.1000E+14  0.1000E-73  0.1000E-73  0.1000E-73  0.2700E-30  0.9170E-22  0.9370E-17  0.3640E-15  0.1130E-14  0.1910E-14  0.3070E-14  0.4080E-14  0.4400E-14  0.3890E-14  0.3440E-14
  0.1000E+15  0.1000E-73  0.1000E-73  0.1000E-73  0.2700E-30  0.9170E-22  0.9370E-17  0.3640E-15  0.1130E-14  0.1910E-14  0.3070E-14  0.4080E-14  0.4400E-14  0.3890E-14  0.3440E-14
  0.1000E+16  0.1000E-73  0.1000E-73  0.1000E-73  0.2700E-30  0.9170E-22  0.9370E-17  0.3640E-15  0.1130E-14  0.1910E-14  0.3070E-14  0.4080E-14  0.4400E-14  0.3890E-14  0.3440E-14
  0.1000E+17  0.1000E-73  0.1000E-73  0.1470E-47  0.2700E-30  0.9170E-22  0.9370E-17  0.3640E-15  0.1130E-14  0.1910E-14  0.3070E-14  0.4080E-14  0.4400E-14  0.3890E-14  0.3440E-14
WAVELENGTH(A)= 
     4.491
 7 14 t 
excit   
    77.400    116.000    193.000    387.000    774.000   1930.000   3870.000   5800.000   7740.000  11600.000  19300.000  38700.000  77400.000 116000.000 
  0.1000E+11  0.1000E-73  0.1000E-73  0.1000E-73  0.6670E-30  0.2340E-21  0.2450E-16  0.9640E-15  0.3040E-14  0.5210E-14  0.8580E-14  0.1200E-13  0.1430E-13  0.1430E-13  0.1370E-13
  0.1000E+12  0.1000E-73  0.1000E-73  0.1000E-73  0.6670E-30  0.2340E-21  0.2450E-16  0.9640E-15  0.3040E-14  0.5210E-14  0.8580E-14  0.1200E-13  0.1430E-13  0.1430E-13  0.1370E-13
  0.1000E+13  0.1000E-73  0.1000E-73  0.1000E-73  0.6670E-30  0.2340E-21  0.2450E-16  0.9640E-15  0.3040E-14  0.5210E-14  0.8580E-14  0.1200E-13  0.1430E-13  0.1430E-13  0.1370E-13
  0.1000E+14  0.1000E-73  0.1000E-73  0.1000E-73  0.6670E-30  0.2340E-21  0.2450E-16  0.9640E-15  0.3040E-14  0.5210E-14  0.8580E-14  0.1200E-13  0.1430E-13  0.1430E-13  0.1370E-13
  0.1000E+15  0.1000E-73  0.1000E-73  0.1000E-73  0.6670E-30  0.2340E-21  0.2450E-16  0.9640E-15  0.3040E-14  0.5210E-14  0.8580E-14  0.1200E-13  0.1430E-13  0.1430E-13  0.1370E-13
  0.1000E+16  0.1000E-73  0.1000E-73  0.1000E-73  0.6670E-30  0.2340E-21  0.2450E-16  0.9640E-15  0.3040E-14  0.5210E-14  0.8580E-14  0.1200E-13  0.1430E-13  0.1430E-13  0.1370E-13
  0.1000E+17  0.1000E-73  0.1000E-73  0.4620E-47  0.6670E-30  0.2340E-21  0.2450E-16  0.9640E-15  0.3040E-14  0.5210E-14  0.8580E-14  0.1200E-13  0.1430E-13  0.1430E-13  0.1370E-13
WAVELENGTH(A)= 
     4.691
 7 14 t 
excit   
    77.400    116.000    193.000    387.000    774.000   1930.000   3870.000   5800.000   7740.000  11600.000  19300.000  38700.000  77400.000 116000.000 
  0.1000E+11  0.1000E-73  0.1000E-73  0.1000E-73  0.4450E-30  0.1590E-21  0.1660E-16  0.6550E-15  0.2060E-14  0.3500E-14  0.5710E-14  0.7790E-14  0.8770E-14  0.8060E-14  0.7290E-14
  0.1000E+12  0.1000E-73  0.1000E-73  0.1000E-73  0.4450E-30  0.1590E-21  0.1660E-16  0.6550E-15  0.2060E-14  0.3500E-14  0.5710E-14  0.7790E-14  0.8770E-14  0.8060E-14  0.7290E-14
  0.1000E+13  0.1000E-73  0.1000E-73  0.1000E-73  0.4450E-30  0.1590E-21  0.1660E-16  0.6550E-15  0.2060E-14  0.3500E-14  0.5710E-14  0.7790E-14  0.8770E-14  0.8060E-14  0.7290E-14
  0.1000E+14  0.1000E-73  0.1000E-73  0.1000E-73  0.4450E-30  0.1590E-21  0.1660E-16  0.6550E-15  0.2060E-14  0.3500E-14  0.5710E-14  0.7790E-14  0.8770E-14  0.8060E-14  0.7290E-14
  0.1000E+15  0.1000E-73  0.1000E-73  0.1000E-73  0.4450E-30  0.1590E-21  0.1660E-16  0.6550E-15  0.2060E-14  0.3500E-14  0.5710E-14  0.7790E-14  0.8770E-14  0.8060E-14  0.7290E-14
  0.1000E+16  0.1000E-73  0.1000E-73  0.1000E-73  0.4450E-30  0.1590E-21  0.1660E-16  0.6550E-15  0.2060E-14  0.3500E-14  0.5710E-14  0.7790E-14  0.8770E-14  0.8060E-14  0.7290E-14
  0.1000E+17  0.1000E-73  0.1000E-73  0.2190E-47  0.4450E-30  0.1590E-21  0.1660E-16  0.6550E-15  0.2060E-14  0.3500E-14  0.5710E-14  0.7790E-14  0.8770E-14  0.8060E-14  0.7290E-14
WAVELENGTH(A)= 
     5.107
 7 14 t 
excit   
    77.400    116.000    193.000    387.000    774.000   1930.000   3870.000   5800.000   7740.000  11600.000  19300.000  38700.000  77400.000 116000.000 
  0.1000E+11  0.1000E-73  0.1000E-73  0.1000E-73  0.1760E-29  0.3310E-21  0.2390E-16  0.8240E-15  0.2470E-14  0.4110E-14  0.6480E-14  0.8570E-14  0.9210E-14  0.8180E-14  0.7280E-14
  0.1000E+12  0.1000E-73  0.1000E-73  0.1000E-73  0.1760E-29  0.3310E-21  0.2390E-16  0.8240E-15  0.2470E-14  0.4110E-14  0.6480E-14  0.8570E-14  0.9210E-14  0.8180E-14  0.7280E-14
  0.1000E+13  0.1000E-73  0.1000E-73  0.1000E-73  0.1760E-29  0.3310E-21  0.2390E-16  0.8240E-15  0.2470E-14  0.4110E-14  0.6480E-14  0.8570E-14  0.9210E-14  0.8180E-14  0.7280E-14
  0.1000E+14  0.1000E-73  0.1000E-73  0.1000E-73  0.1760E-29  0.3310E-21  0.2390E-16  0.8240E-15  0.2470E-14  0.4110E-14  0.6480E-14  0.8570E-14  0.9210E-14  0.8180E-14  0.7280E-14
  0.1000E+15  0.1000E-73  0.1000E-73  0.1000E-73  0.1760E-29  0.3310E-21  0.2390E-16  0.8240E-15  0.2470E-14  0.4110E-14  0.6480E-14  0.8570E-14  0.9210E-14  0.8180E-14  0.7280E-14
  0.1000E+16  0.1000E-73  0.1000E-73  0.3380E-46  0.1760E-29  0.3310E-21  0.2390E-16  0.8240E-15  0.2470E-14  0.4110E-14  0.6480E-14  0.8570E-14  0.9210E-14  0.8180E-14  0.7280E-14
  0.1000E+17  0.1000E-73  0.1000E-73  0.3610E-46  0.1760E-29  0.3310E-21  0.2390E-16  0.8240E-15  0.2470E-14  0.4110E-14  0.6480E-14  0.8570E-14  0.9210E-14  0.8180E-14  0.7280E-14
WAVELENGTH(A)= 
     5.389
 7 14 t 
excit   
    77.400    116.000    193.000    387.000    774.000   1930.000   3870.000   5800.000   7740.000  11600.000  19300.000  38700.000  77400.000 116000.000 
  0.1000E+11  0.1000E-73  0.1000E-73  0.1000E-73  0.3870E-29  0.7530E-21  0.5560E-16  0.1950E-14  0.5920E-14  0.9970E-14  0.1610E-13  0.2230E-13  0.2620E-13  0.2630E-13  0.2500E-13
  0.1000E+12  0.1000E-73  0.1000E-73  0.1000E-73  0.3870E-29  0.7530E-21  0.5560E-16  0.1950E-14  0.5920E-14  0.9970E-14  0.1610E-13  0.2230E-13  0.2620E-13  0.2630E-13  0.2500E-13
  0.1000E+13  0.1000E-73  0.1000E-73  0.1000E-73  0.3870E-29  0.7530E-21  0.5560E-16  0.1950E-14  0.5920E-14  0.9970E-14  0.1610E-13  0.2230E-13  0.2620E-13  0.2630E-13  0.2500E-13
  0.1000E+14  0.1000E-73  0.1000E-73  0.1000E-73  0.3870E-29  0.7530E-21  0.5560E-16  0.1950E-14  0.5920E-14  0.9970E-14  0.1610E-13  0.2230E-13  0.2620E-13  0.2630E-13  0.2500E-13
  0.1000E+15  0.1000E-73  0.1000E-73  0.1000E-73  0.3870E-29  0.7530E-21  0.5560E-16  0.1950E-14  0.5920E-14  0.9970E-14  0.1610E-13  0.2230E-13  0.2620E-13  0.2630E-13  0.2500E-13
  0.1000E+16  0.1000E-73  0.1000E-73  0.7270E-46  0.3870E-29  0.7530E-21  0.5560E-16  0.1950E-14  0.5920E-14  0.9970E-14  0.1610E-13  0.2230E-13  0.2620E-13  0.2630E-13  0.2500E-13
  0.1000E+17  0.1000E-73  0.1000E-73  0.7270E-46  0.3870E-29  0.7530E-21  0.5560E-16  0.1950E-14  0.5920E-14  0.9970E-14  0.1610E-13  0.2230E-13  0.2620E-13  0.2630E-13  0.2500E-13
WAVELENGTH(A)= 
     5.663
 7 14 t 
excit   
    77.400    116.000    193.000    387.000    774.000   1930.000   3870.000   5800.000   7740.000  11600.000  19300.000  38700.000  77400.000 116000.000 
  0.1000E+11  0.1000E-73  0.1000E-73  0.1000E-73  0.2570E-29  0.5090E-21  0.3780E-16  0.1320E-14  0.4010E-14  0.6710E-14  0.1070E-13  0.1450E-13  0.1610E-13  0.1480E-13  0.1340E-13
  0.1000E+12  0.1000E-73  0.1000E-73  0.1000E-73  0.2570E-29  0.5090E-21  0.3780E-16  0.1320E-14  0.4010E-14  0.6710E-14  0.1070E-13  0.1450E-13  0.1610E-13  0.1480E-13  0.1340E-13
  0.1000E+13  0.1000E-73  0.1000E-73  0.1000E-73  0.2570E-29  0.5090E-21  0.3780E-16  0.1320E-14  0.4010E-14  0.6710E-14  0.1070E-13  0.1450E-13  0.1610E-13  0.1480E-13  0.1340E-13
  0.1000E+14  0.1000E-73  0.1000E-73  0.1000E-73  0.2570E-29  0.5090E-21  0.3780E-16  0.1320E-14  0.4010E-14  0.6710E-14  0.1070E-13  0.1450E-13  0.1610E-13  0.1480E-13  0.1340E-13
  0.1000E+15  0.1000E-73  0.1000E-73  0.1000E-73  0.2570E-29  0.5090E-21  0.3780E-16  0.1320E-14  0.4010E-14  0.6710E-14  0.1070E-13  0.1450E-13  0.1610E-13  0.1480E-13  0.1340E-13
  0.1000E+16  0.1000E-73  0.1000E-73  0.3800E-46  0.2570E-29  0.5090E-21  0.3780E-16  0.1320E-14  0.4010E-14  0.6710E-14  0.1070E-13  0.1450E-13  0.1610E-13  0.1480E-13  0.1340E-13
  0.1000E+17  0.1000E-73  0.1000E-73  0.4560E-46  0.2570E-29  0.5090E-21  0.3780E-16  0.1320E-14  0.4010E-14  0.6710E-14  0.1070E-13  0.1450E-13  0.1610E-13  0.1480E-13  0.1340E-13
WAVELENGTH(A)= 
     5.802
 7 14 t 
excit   
    77.400    116.000    193.000    387.000    774.000   1930.000   3870.000   5800.000   7740.000  11600.000  19300.000  38700.000  77400.000 116000.000 
  0.1000E+11  0.1000E-73  0.1000E-73  0.1000E-73  0.7360E-30  0.1380E-21  0.9970E-17  0.3440E-15  0.1030E-14  0.1720E-14  0.2700E-14  0.3580E-14  0.3840E-14  0.3410E-14  0.3040E-14
  0.1000E+12  0.1000E-73  0.1000E-73  0.1000E-73  0.7360E-30  0.1380E-21  0.9970E-17  0.3440E-15  0.1030E-14  0.1720E-14  0.2700E-14  0.3580E-14  0.3840E-14  0.3410E-14  0.3040E-14
  0.1000E+13  0.1000E-73  0.1000E-73  0.1000E-73  0.7360E-30  0.1380E-21  0.9970E-17  0.3440E-15  0.1030E-14  0.1720E-14  0.2700E-14  0.3580E-14  0.3840E-14  0.3410E-14  0.3040E-14
  0.1000E+14  0.1000E-73  0.1000E-73  0.1000E-73  0.7360E-30  0.1380E-21  0.9970E-17  0.3440E-15  0.1030E-14  0.1720E-14  0.2700E-14  0.3580E-14  0.3840E-14  0.3410E-14  0.3040E-14
  0.1000E+15  0.1000E-73  0.1000E-73  0.1000E-73  0.7360E-30  0.1380E-21  0.9970E-17  0.3440E-15  0.1030E-14  0.1720E-14  0.2700E-14  0.3580E-14  0.3840E-14  0.3410E-14  0.3040E-14
  0.1000E+16  0.1000E-73  0.1000E-73  0.1410E-46  0.7360E-30  0.1380E-21  0.9970E-17  0.3440E-15  0.1030E-14  0.1720E-14  0.2700E-14  0.3580E-14  0.3840E-14  0.3410E-14  0.3040E-14
  0.1000E+17  0.1000E-73  0.1000E-73  0.1510E-46  0.7360E-30  0.1380E-21  0.9970E-17  0.3440E-15  0.1030E-14  0.1720E-14  0.2700E-14  0.3580E-14  0.3840E-14  0.3410E-14  0.3040E-14
WAVELENGTH(A)= 
     7.578
 7 14 t 
excit   
    77.400    116.000    193.000    387.000    774.000   1930.000   3870.000   5800.000   7740.000  11600.000  19300.000  38700.000  77400.000 116000.000 
  0.1000E+11  0.1000E-73  0.1000E-73  0.1000E-73  0.2950E-28  0.2030E-20  0.8250E-16  0.2380E-14  0.6720E-14  0.1090E-13  0.1670E-13  0.2170E-13  0.2320E-13  0.2080E-13  0.1860E-13
  0.1000E+12  0.1000E-73  0.1000E-73  0.1000E-73  0.2950E-28  0.2030E-20  0.8250E-16  0.2380E-14  0.6720E-14  0.1090E-13  0.1670E-13  0.2170E-13  0.2320E-13  0.2080E-13  0.1860E-13
  0.1000E+13  0.1000E-73  0.1000E-73  0.1000E-73  0.2950E-28  0.2030E-20  0.8250E-16  0.2380E-14  0.6720E-14  0.1090E-13  0.1670E-13  0.2170E-13  0.2320E-13  0.2080E-13  0.1860E-13
  0.1000E+14  0.1000E-73  0.1000E-73  0.5210E-44  0.2950E-28  0.2030E-20  0.8250E-16  0.2380E-14  0.6720E-14  0.1090E-13  0.1670E-13  0.2170E-13  0.2320E-13  0.2080E-13  0.1860E-13
  0.1000E+15  0.1000E-73  0.1000E-73  0.4690E-44  0.2950E-28  0.2030E-20  0.8250E-16  0.2380E-14  0.6720E-14  0.1090E-13  0.1670E-13  0.2170E-13  0.2320E-13  0.2080E-13  0.1860E-13
  0.1000E+16  0.1000E-73  0.1000E-73  0.4690E-44  0.2950E-28  0.2030E-20  0.8250E-16  0.2380E-14  0.6720E-14  0.1090E-13  0.1670E-13  0.2170E-13  0.2320E-13  0.2080E-13  0.1860E-13
  0.1000E+17  0.1000E-73  0.1000E-73  0.4690E-44  0.2950E-28  0.2030E-20  0.8250E-16  0.2380E-14  0.6720E-14  0.1090E-13  0.1670E-13  0.2170E-13  0.2320E-13  0.2080E-13  0.1860E-13
WAVELENGTH(A)= 
     8.069
 7 14 t 
excit   
    77.400    116.000    193.000    387.000    774.000   1930.000   3870.000   5800.000   7740.000  11600.000  19300.000  38700.000  77400.000 116000.000 
  0.1000E+11  0.1000E-73  0.1000E-73  0.1000E-73  0.5390E-28  0.3940E-20  0.1630E-15  0.4740E-14  0.1350E-13  0.2220E-13  0.3470E-13  0.4710E-13  0.5470E-13  0.5440E-13  0.5200E-13
  0.1000E+12  0.1000E-73  0.1000E-73  0.1000E-73  0.5390E-28  0.3940E-20  0.1630E-15  0.4740E-14  0.1350E-13  0.2220E-13  0.3470E-13  0.4710E-13  0.5470E-13  0.5440E-13  0.5200E-13
  0.1000E+13  0.1000E-73  0.1000E-73  0.1000E-73  0.5390E-28  0.3940E-20  0.1630E-15  0.4740E-14  0.1350E-13  0.2220E-13  0.3470E-13  0.4710E-13  0.5470E-13  0.5440E-13  0.5200E-13
  0.1000E+14  0.1000E-73  0.1000E-73  0.7820E-44  0.5390E-28  0.3940E-20  0.1630E-15  0.4740E-14  0.1350E-13  0.2220E-13  0.3470E-13  0.4710E-13  0.5470E-13  0.5440E-13  0.5200E-13
  0.1000E+15  0.1000E-73  0.1000E-73  0.7430E-44  0.5390E-28  0.3940E-20  0.1630E-15  0.4740E-14  0.1350E-13  0.2220E-13  0.3470E-13  0.4710E-13  0.5470E-13  0.5440E-13  0.5200E-13
  0.1000E+16  0.1000E-73  0.1000E-73  0.7350E-44  0.5390E-28  0.3940E-20  0.1630E-15  0.4740E-14  0.1350E-13  0.2220E-13  0.3470E-13  0.4710E-13  0.5470E-13  0.5440E-13  0.5200E-13
  0.1000E+17  0.1000E-73  0.1000E-73  0.7350E-44  0.5390E-28  0.3940E-20  0.1630E-15  0.4740E-14  0.1350E-13  0.2220E-13  0.3470E-13  0.4710E-13  0.5470E-13  0.5440E-13  0.5200E-13
WAVELENGTH(A)= 
     8.073
 7 14 t 
excit   
    77.400    116.000    193.000    387.000    774.000   1930.000   3870.000   5800.000   7740.000  11600.000  19300.000  38700.000  77400.000 116000.000 
  0.1000E+11  0.1000E-73  0.1000E-73  0.1000E-73  0.4630E-30  0.1880E-21  0.2140E-16  0.8550E-15  0.2680E-14  0.4570E-14  0.7340E-14  0.9840E-14  0.1050E-13  0.9260E-14  0.8150E-14
  0.1000E+12  0.1000E-73  0.1000E-73  0.1000E-73  0.4630E-30  0.1880E-21  0.2140E-16  0.8550E-15  0.2680E-14  0.4570E-14  0.7340E-14  0.9840E-14  0.1050E-13  0.9260E-14  0.8150E-14
  0.1000E+13  0.1000E-73  0.1000E-73  0.1000E-73  0.4630E-30  0.1880E-21  0.2140E-16  0.8550E-15  0.2680E-14  0.4570E-14  0.7340E-14  0.9840E-14  0.1050E-13  0.9260E-14  0.8150E-14
  0.1000E+14  0.1000E-73  0.1000E-73  0.1000E-73  0.4630E-30  0.1880E-21  0.2140E-16  0.8550E-15  0.2680E-14  0.4570E-14  0.7340E-14  0.9840E-14  0.1050E-13  0.9260E-14  0.8150E-14
  0.1000E+15  0.1000E-73  0.1000E-73  0.1000E-73  0.4630E-30  0.1880E-21  0.2140E-16  0.8550E-15  0.2680E-14  0.4570E-14  0.7340E-14  0.9840E-14  0.1050E-13  0.9260E-14  0.8150E-14
  0.1000E+16  0.1000E-73  0.1000E-73  0.1000E-73  0.4630E-30  0.1880E-21  0.2140E-16  0.8550E-15  0.2680E-14  0.4570E-14  0.7340E-14  0.9840E-14  0.1050E-13  0.9260E-14  0.8150E-14
  0.1000E+17  0.1000E-73  0.1000E-73  0.3910E-47  0.4630E-30  0.1880E-21  0.2140E-16  0.8550E-15  0.2680E-14  0.4570E-14  0.7340E-14  0.9840E-14  0.1050E-13  0.9260E-14  0.8150E-14
WAVELENGTH(A)= 
     8.629
 7 14 t 
excit   
    77.400    116.000    193.000    387.000    774.000   1930.000   3870.000   5800.000   7740.000  11600.000  19300.000  38700.000  77400.000 116000.000 
  0.1000E+11  0.1000E-73  0.1000E-73  0.1000E-73  0.3560E-28  0.2670E-20  0.1120E-15  0.3220E-14  0.9150E-14  0.1480E-13  0.2300E-13  0.3040E-13  0.3330E-13  0.3050E-13  0.2750E-13
  0.1000E+12  0.1000E-73  0.1000E-73  0.1000E-73  0.3560E-28  0.2670E-20  0.1120E-15  0.3220E-14  0.9150E-14  0.1480E-13  0.2300E-13  0.3040E-13  0.3330E-13  0.3050E-13  0.2750E-13
  0.1000E+13  0.1000E-73  0.1000E-73  0.1000E-73  0.3560E-28  0.2670E-20  0.1120E-15  0.3220E-14  0.9150E-14  0.1480E-13  0.2300E-13  0.3040E-13  0.3330E-13  0.3050E-13  0.2750E-13
  0.1000E+14  0.1000E-73  0.1000E-73  0.7430E-44  0.3560E-28  0.2670E-20  0.1120E-15  0.3220E-14  0.9150E-14  0.1480E-13  0.2300E-13  0.3040E-13  0.3330E-13  0.3050E-13  0.2750E-13
  0.1000E+15  0.1000E-73  0.1000E-73  0.4460E-44  0.3560E-28  0.2670E-20  0.1120E-15  0.3220E-14  0.9150E-14  0.1480E-13  0.2300E-13  0.3040E-13  0.3330E-13  0.3050E-13  0.2750E-13
  0.1000E+16  0.1000E-73  0.1000E-73  0.4530E-44  0.3560E-28  0.2670E-20  0.1120E-15  0.3220E-14  0.9150E-14  0.1480E-13  0.2300E-13  0.3040E-13  0.3330E-13  0.3050E-13  0.2750E-13
  0.1000E+17  0.1000E-73  0.1000E-73  0.4540E-44  0.3560E-28  0.2670E-20  0.1120E-15  0.3220E-14  0.9150E-14  0.1480E-13  0.2300E-13  0.3040E-13  0.3330E-13  0.3050E-13  0.2750E-13
WAVELENGTH(A)= 
     8.918
 7 14 t 
excit   
    77.400    116.000    193.000    387.000    774.000   1930.000   3870.000   5800.000   7740.000  11600.000  19300.000  38700.000  77400.000 116000.000 
  0.1000E+11  0.1000E-73  0.1000E-73  0.1000E-73  0.5570E-29  0.3730E-21  0.1600E-16  0.4800E-15  0.1390E-14  0.2280E-14  0.3600E-14  0.4880E-14  0.5660E-14  0.5620E-14  0.5380E-14
  0.1000E+12  0.1000E-73  0.1000E-73  0.1000E-73  0.5570E-29  0.3730E-21  0.1600E-16  0.4800E-15  0.1390E-14  0.2280E-14  0.3600E-14  0.4880E-14  0.5660E-14  0.5620E-14  0.5380E-14
  0.1000E+13  0.1000E-73  0.1000E-73  0.1000E-73  0.5570E-29  0.3730E-21  0.1600E-16  0.4800E-15  0.1390E-14  0.2280E-14  0.3600E-14  0.4880E-14  0.5660E-14  0.5620E-14  0.5380E-14
  0.1000E+14  0.1000E-73  0.1000E-73  0.1000E-73  0.5570E-29  0.3730E-21  0.1600E-16  0.4800E-15  0.1390E-14  0.2280E-14  0.3600E-14  0.4880E-14  0.5660E-14  0.5620E-14  0.5380E-14
  0.1000E+15  0.1000E-73  0.1000E-73  0.1040E-44  0.5570E-29  0.3730E-21  0.1600E-16  0.4800E-15  0.1390E-14  0.2280E-14  0.3600E-14  0.4880E-14  0.5660E-14  0.5620E-14  0.5380E-14
  0.1000E+16  0.1000E-73  0.1000E-73  0.1070E-44  0.5570E-29  0.3730E-21  0.1600E-16  0.4800E-15  0.1390E-14  0.2280E-14  0.3600E-14  0.4880E-14  0.5660E-14  0.5620E-14  0.5380E-14
  0.1000E+17  0.1000E-73  0.1000E-73  0.1060E-44  0.5570E-29  0.3730E-21  0.1600E-16  0.4800E-15  0.1390E-14  0.2280E-14  0.3600E-14  0.4880E-14  0.5660E-14  0.5620E-14  0.5380E-14
WAVELENGTH(A)= 
     8.961
 7 14 t 
excit   
    77.400    116.000    193.000    387.000    774.000   1930.000   3870.000   5800.000   7740.000  11600.000  19300.000  38700.000  77400.000 116000.000 
  0.1000E+11  0.2110E-17  0.6720E-15  0.6130E-13  0.1570E-11  0.6810E-11  0.1350E-10  0.1500E-10  0.1500E-10  0.1460E-10  0.1390E-10  0.1270E-10  0.1060E-10  0.8650E-11  0.7560E-11
  0.1000E+12  0.2110E-17  0.6720E-15  0.6130E-13  0.1570E-11  0.6810E-11  0.1350E-10  0.1500E-10  0.1500E-10  0.1460E-10  0.1390E-10  0.1270E-10  0.1060E-10  0.8650E-11  0.7560E-11
  0.1000E+13  0.2110E-17  0.6720E-15  0.6130E-13  0.1570E-11  0.6810E-11  0.1350E-10  0.1500E-10  0.1500E-10  0.1460E-10  0.1390E-10  0.1270E-10  0.1060E-10  0.8650E-11  0.7560E-11
  0.1000E+14  0.2110E-17  0.6720E-15  0.6130E-13  0.1570E-11  0.6810E-11  0.1350E-10  0.1500E-10  0.1500E-10  0.1460E-10  0.1390E-10  0.1270E-10  0.1060E-10  0.8650E-11  0.7560E-11
  0.1000E+15  0.2110E-17  0.6720E-15  0.6130E-13  0.1570E-11  0.6810E-11  0.1350E-10  0.1500E-10  0.1500E-10  0.1460E-10  0.1390E-10  0.1270E-10  0.1060E-10  0.8650E-11  0.7560E-11
  0.1000E+16  0.2110E-17  0.6720E-15  0.6130E-13  0.1570E-11  0.6810E-11  0.1350E-10  0.1500E-10  0.1500E-10  0.1460E-10  0.1390E-10  0.1270E-10  0.1060E-10  0.8650E-11  0.7560E-11
  0.1000E+17  0.2110E-17  0.6720E-15  0.6130E-13  0.1570E-11  0.6810E-11  0.1350E-10  0.1500E-10  0.1500E-10  0.1460E-10  0.1390E-10  0.1270E-10  0.1060E-10  0.8650E-11  0.7560E-11
WAVELENGTH(A)= 
     9.215
 7 14 t 
excit   
    77.400    116.000    193.000    387.000    774.000   1930.000   3870.000   5800.000   7740.000  11600.000  19300.000  38700.000  77400.000 116000.000 
  0.1000E+11  0.1000E-73  0.1000E-73  0.1000E-73  0.1650E-28  0.1130E-20  0.4600E-16  0.1330E-14  0.3750E-14  0.6060E-14  0.9310E-14  0.1210E-13  0.1300E-13  0.1160E-13  0.1040E-13
  0.1000E+12  0.1000E-73  0.1000E-73  0.1000E-73  0.1650E-28  0.1130E-20  0.4600E-16  0.1330E-14  0.3750E-14  0.6060E-14  0.9310E-14  0.1210E-13  0.1300E-13  0.1160E-13  0.1040E-13
  0.1000E+13  0.1000E-73  0.1000E-73  0.1000E-73  0.1650E-28  0.1130E-20  0.4600E-16  0.1330E-14  0.3750E-14  0.6060E-14  0.9310E-14  0.1210E-13  0.1300E-13  0.1160E-13  0.1040E-13
  0.1000E+14  0.1000E-73  0.1000E-73  0.2910E-44  0.1650E-28  0.1130E-20  0.4600E-16  0.1330E-14  0.3750E-14  0.6060E-14  0.9310E-14  0.1210E-13  0.1300E-13  0.1160E-13  0.1040E-13
  0.1000E+15  0.1000E-73  0.1000E-73  0.2620E-44  0.1650E-28  0.1130E-20  0.4600E-16  0.1330E-14  0.3750E-14  0.6060E-14  0.9310E-14  0.1210E-13  0.1300E-13  0.1160E-13  0.1040E-13
  0.1000E+16  0.1000E-73  0.1000E-73  0.2620E-44  0.1650E-28  0.1130E-20  0.4600E-16  0.1330E-14  0.3750E-14  0.6060E-14  0.9310E-14  0.1210E-13  0.1300E-13  0.1160E-13  0.1040E-13
  0.1000E+17  0.1000E-73  0.1000E-73  0.2620E-44  0.1650E-28  0.1130E-20  0.4600E-16  0.1330E-14  0.3750E-14  0.6060E-14  0.9310E-14  0.1210E-13  0.1300E-13  0.1160E-13  0.1040E-13
WAVELENGTH(A)= 
     9.218
 7 14 t 
excit   
    77.400    116.000    193.000    387.000    774.000   1930.000   3870.000   5800.000   7740.000  11600.000  19300.000  38700.000  77400.000 116000.000 
  0.1000E+11  0.1000E-73  0.1000E-73  0.1000E-73  0.2300E-30  0.8630E-22  0.9500E-17  0.3830E-15  0.1230E-14  0.2140E-14  0.3640E-14  0.5390E-14  0.7020E-14  0.7820E-14  0.7940E-14
  0.1000E+12  0.1000E-73  0.1000E-73  0.1000E-73  0.2300E-30  0.8630E-22  0.9500E-17  0.3830E-15  0.1230E-14  0.2140E-14  0.3640E-14  0.5390E-14  0.7020E-14  0.7820E-14  0.7940E-14
  0.1000E+13  0.1000E-73  0.1000E-73  0.1000E-73  0.2300E-30  0.8630E-22  0.9500E-17  0.3830E-15  0.1230E-14  0.2140E-14  0.3640E-14  0.5390E-14  0.7020E-14  0.7820E-14  0.7940E-14
  0.1000E+14  0.1000E-73  0.1000E-73  0.1000E-73  0.2300E-30  0.8630E-22  0.9500E-17  0.3830E-15  0.1230E-14  0.2140E-14  0.3640E-14  0.5390E-14  0.7020E-14  0.7820E-14  0.7940E-14
  0.1000E+15  0.1000E-73  0.1000E-73  0.1000E-73  0.2300E-30  0.8630E-22  0.9500E-17  0.3830E-15  0.1230E-14  0.2140E-14  0.3640E-14  0.5390E-14  0.7020E-14  0.7820E-14  0.7940E-14
  0.1000E+16  0.1000E-73  0.1000E-73  0.1000E-73  0.2300E-30  0.8630E-22  0.9500E-17  0.3830E-15  0.1230E-14  0.2140E-14  0.3640E-14  0.5390E-14  0.7020E-14  0.7820E-14  0.7940E-14
  0.1000E+17  0.1000E-73  0.1000E-73  0.9680E-48  0.2300E-30  0.8630E-22  0.9500E-17  0.3830E-15  0.1230E-14  0.2140E-14  0.3640E-14  0.5390E-14  0.7020E-14  0.7820E-14  0.7940E-14
WAVELENGTH(A)= 
     9.627
 7 14 t 
excit   
    77.400    116.000    193.000    387.000    774.000   1930.000   3870.000   5800.000   7740.000  11600.000  19300.000  38700.000  77400.000 116000.000 
  0.1000E+11  0.1000E-73  0.1000E-73  0.1000E-73  0.3350E-30  0.1170E-21  0.1230E-16  0.4840E-15  0.1520E-14  0.2620E-14  0.4310E-14  0.6050E-14  0.7170E-14  0.7180E-14  0.6890E-14
  0.1000E+12  0.1000E-73  0.1000E-73  0.1000E-73  0.3350E-30  0.1170E-21  0.1230E-16  0.4840E-15  0.1520E-14  0.2620E-14  0.4310E-14  0.6050E-14  0.7170E-14  0.7180E-14  0.6890E-14
  0.1000E+13  0.1000E-73  0.1000E-73  0.1000E-73  0.3350E-30  0.1170E-21  0.1230E-16  0.4840E-15  0.1520E-14  0.2620E-14  0.4310E-14  0.6050E-14  0.7170E-14  0.7180E-14  0.6890E-14
  0.1000E+14  0.1000E-73  0.1000E-73  0.1000E-73  0.3350E-30  0.1170E-21  0.1230E-16  0.4840E-15  0.1520E-14  0.2620E-14  0.4310E-14  0.6050E-14  0.7170E-14  0.7180E-14  0.6890E-14
  0.1000E+15  0.1000E-73  0.1000E-73  0.1000E-73  0.3350E-30  0.1170E-21  0.1230E-16  0.4840E-15  0.1520E-14  0.2620E-14  0.4310E-14  0.6050E-14  0.7170E-14  0.7180E-14  0.6890E-14
  0.1000E+16  0.1000E-73  0.1000E-73  0.1000E-73  0.3350E-30  0.1170E-21  0.1230E-16  0.4840E-15  0.1520E-14  0.2620E-14  0.4310E-14  0.6050E-14  0.7170E-14  0.7180E-14  0.6890E-14
  0.1000E+17  0.1000E-73  0.1000E-73  0.2320E-47  0.3350E-30  0.1170E-21  0.1230E-16  0.4840E-15  0.1520E-14  0.2620E-14  0.4310E-14  0.6050E-14  0.7170E-14  0.7180E-14  0.6890E-14
WAVELENGTH(A)= 
    10.048
 7 14 t 
excit   
    77.400    116.000    193.000    387.000    774.000   1930.000   3870.000   5800.000   7740.000  11600.000  19300.000  38700.000  77400.000 116000.000 
  0.1000E+11  0.1000E-73  0.1000E-73  0.1000E-73  0.2540E-30  0.9060E-22  0.9500E-17  0.3740E-15  0.1180E-14  0.2000E-14  0.3260E-14  0.4450E-14  0.5010E-14  0.4600E-14  0.4170E-14
  0.1000E+12  0.1000E-73  0.1000E-73  0.1000E-73  0.2540E-30  0.9060E-22  0.9500E-17  0.3740E-15  0.1180E-14  0.2000E-14  0.3260E-14  0.4450E-14  0.5010E-14  0.4600E-14  0.4170E-14
  0.1000E+13  0.1000E-73  0.1000E-73  0.1000E-73  0.2540E-30  0.9060E-22  0.9500E-17  0.3740E-15  0.1180E-14  0.2000E-14  0.3260E-14  0.4450E-14  0.5010E-14  0.4600E-14  0.4170E-14
  0.1000E+14  0.1000E-73  0.1000E-73  0.1000E-73  0.2540E-30  0.9060E-22  0.9500E-17  0.3740E-15  0.1180E-14  0.2000E-14  0.3260E-14  0.4450E-14  0.5010E-14  0.4600E-14  0.4170E-14
  0.1000E+15  0.1000E-73  0.1000E-73  0.1000E-73  0.2540E-30  0.9060E-22  0.9500E-17  0.3740E-15  0.1180E-14  0.2000E-14  0.3260E-14  0.4450E-14  0.5010E-14  0.4600E-14  0.4170E-14
  0.1000E+16  0.1000E-73  0.1000E-73  0.1000E-73  0.2540E-30  0.9060E-22  0.9500E-17  0.3740E-15  0.1180E-14  0.2000E-14  0.3260E-14  0.4450E-14  0.5010E-14  0.4600E-14  0.4170E-14
  0.1000E+17  0.1000E-73  0.1000E-73  0.1250E-47  0.2540E-30  0.9060E-22  0.9500E-17  0.3740E-15  0.1180E-14  0.2000E-14  0.3260E-14  0.4450E-14  0.5010E-14  0.4600E-14  0.4170E-14
WAVELENGTH(A)= 
    14.189
 7 14 t 
excit   
    77.400    116.000    193.000    387.000    774.000   1930.000   3870.000   5800.000   7740.000  11600.000  19300.000  38700.000  77400.000 116000.000 
  0.1000E+11  0.1000E-73  0.1000E-73  0.1000E-73  0.8310E-30  0.1560E-21  0.1120E-16  0.3880E-15  0.1160E-14  0.1930E-14  0.3050E-14  0.4040E-14  0.4340E-14  0.3850E-14  0.3430E-14
  0.1000E+12  0.1000E-73  0.1000E-73  0.1000E-73  0.8310E-30  0.1560E-21  0.1120E-16  0.3880E-15  0.1160E-14  0.1930E-14  0.3050E-14  0.4040E-14  0.4340E-14  0.3850E-14  0.3430E-14
  0.1000E+13  0.1000E-73  0.1000E-73  0.1000E-73  0.8310E-30  0.1560E-21  0.1120E-16  0.3880E-15  0.1160E-14  0.1930E-14  0.3050E-14  0.4040E-14  0.4340E-14  0.3850E-14  0.3430E-14
  0.1000E+14  0.1000E-73  0.1000E-73  0.1000E-73  0.8310E-30  0.1560E-21  0.1120E-16  0.3880E-15  0.1160E-14  0.1930E-14  0.3050E-14  0.4040E-14  0.4340E-14  0.3850E-14  0.3430E-14
  0.1000E+15  0.1000E-73  0.1000E-73  0.1000E-73  0.8310E-30  0.1560E-21  0.1120E-16  0.3880E-15  0.1160E-14  0.1930E-14  0.3050E-14  0.4040E-14  0.4340E-14  0.3850E-14  0.3430E-14
  0.1000E+16  0.1000E-73  0.1000E-73  0.1590E-46  0.8310E-30  0.1560E-21  0.1120E-16  0.3880E-15  0.1160E-14  0.1930E-14  0.3050E-14  0.4040E-14  0.4340E-14  0.3850E-14  0.3430E-14
  0.1000E+17  0.1000E-73  0.1000E-73  0.1700E-46  0.8310E-30  0.1560E-21  0.1120E-16  0.3880E-15  0.1160E-14  0.1930E-14  0.3050E-14  0.4040E-14  0.4340E-14  0.3850E-14  0.3430E-14
WAVELENGTH(A)= 
    14.973
 7 14 t 
excit   
    77.400    116.000    193.000    387.000    774.000   1930.000   3870.000   5800.000   7740.000  11600.000  19300.000  38700.000  77400.000 116000.000 
  0.1000E+11  0.1000E-73  0.1000E-73  0.1000E-73  0.1770E-29  0.3450E-21  0.2550E-16  0.8940E-15  0.2710E-14  0.4570E-14  0.7380E-14  0.1020E-13  0.1200E-13  0.1200E-13  0.1150E-13
  0.1000E+12  0.1000E-73  0.1000E-73  0.1000E-73  0.1770E-29  0.3450E-21  0.2550E-16  0.8940E-15  0.2710E-14  0.4570E-14  0.7380E-14  0.1020E-13  0.1200E-13  0.1200E-13  0.1150E-13
  0.1000E+13  0.1000E-73  0.1000E-73  0.1000E-73  0.1770E-29  0.3450E-21  0.2550E-16  0.8940E-15  0.2710E-14  0.4570E-14  0.7380E-14  0.1020E-13  0.1200E-13  0.1200E-13  0.1150E-13
  0.1000E+14  0.1000E-73  0.1000E-73  0.1000E-73  0.1770E-29  0.3450E-21  0.2550E-16  0.8940E-15  0.2710E-14  0.4570E-14  0.7380E-14  0.1020E-13  0.1200E-13  0.1200E-13  0.1150E-13
  0.1000E+15  0.1000E-73  0.1000E-73  0.1000E-73  0.1770E-29  0.3450E-21  0.2550E-16  0.8940E-15  0.2710E-14  0.4570E-14  0.7380E-14  0.1020E-13  0.1200E-13  0.1200E-13  0.1150E-13
  0.1000E+16  0.1000E-73  0.1000E-73  0.3330E-46  0.1770E-29  0.3450E-21  0.2550E-16  0.8940E-15  0.2710E-14  0.4570E-14  0.7380E-14  0.1020E-13  0.1200E-13  0.1200E-13  0.1150E-13
  0.1000E+17  0.1000E-73  0.1000E-73  0.3330E-46  0.1770E-29  0.3450E-21  0.2550E-16  0.8940E-15  0.2710E-14  0.4570E-14  0.7380E-14  0.1020E-13  0.1200E-13  0.1200E-13  0.1150E-13
WAVELENGTH(A)= 
    15.896
 7 14 t 
excit   
    77.400    116.000    193.000    387.000    774.000   1930.000   3870.000   5800.000   7740.000  11600.000  19300.000  38700.000  77400.000 116000.000 
  0.1000E+11  0.1000E-73  0.1000E-73  0.1000E-73  0.1360E-29  0.2700E-21  0.2010E-16  0.7040E-15  0.2130E-14  0.3570E-14  0.5680E-14  0.7690E-14  0.8540E-14  0.7870E-14  0.7110E-14
  0.1000E+12  0.1000E-73  0.1000E-73  0.1000E-73  0.1360E-29  0.2700E-21  0.2010E-16  0.7040E-15  0.2130E-14  0.3570E-14  0.5680E-14  0.7690E-14  0.8540E-14  0.7870E-14  0.7110E-14
  0.1000E+13  0.1000E-73  0.1000E-73  0.1000E-73  0.1360E-29  0.2700E-21  0.2010E-16  0.7040E-15  0.2130E-14  0.3570E-14  0.5680E-14  0.7690E-14  0.8540E-14  0.7870E-14  0.7110E-14
  0.1000E+14  0.1000E-73  0.1000E-73  0.1000E-73  0.1360E-29  0.2700E-21  0.2010E-16  0.7040E-15  0.2130E-14  0.3570E-14  0.5680E-14  0.7690E-14  0.8540E-14  0.7870E-14  0.7110E-14
  0.1000E+15  0.1000E-73  0.1000E-73  0.1000E-73  0.1360E-29  0.2700E-21  0.2010E-16  0.7040E-15  0.2130E-14  0.3570E-14  0.5680E-14  0.7690E-14  0.8540E-14  0.7870E-14  0.7110E-14
  0.1000E+16  0.1000E-73  0.1000E-73  0.2020E-46  0.1360E-29  0.2700E-21  0.2010E-16  0.7040E-15  0.2130E-14  0.3570E-14  0.5680E-14  0.7690E-14  0.8540E-14  0.7870E-14  0.7110E-14
  0.1000E+17  0.1000E-73  0.1000E-73  0.2420E-46  0.1360E-29  0.2700E-21  0.2010E-16  0.7040E-15  0.2130E-14  0.3570E-14  0.5680E-14  0.7690E-14  0.8540E-14  0.7870E-14  0.7110E-14
WAVELENGTH(A)= 
    17.040
 7 14 t 
excit   
    77.400    116.000    193.000    387.000    774.000   1930.000   3870.000   5800.000   7740.000  11600.000  19300.000  38700.000  77400.000 116000.000 
  0.1000E+11  0.1000E-73  0.1000E-73  0.1000E-73  0.7300E-30  0.1370E-21  0.9880E-17  0.3410E-15  0.1020E-14  0.1700E-14  0.2680E-14  0.3550E-14  0.3810E-14  0.3380E-14  0.3010E-14
  0.1000E+12  0.1000E-73  0.1000E-73  0.1000E-73  0.7300E-30  0.1370E-21  0.9880E-17  0.3410E-15  0.1020E-14  0.1700E-14  0.2680E-14  0.3550E-14  0.3810E-14  0.3380E-14  0.3010E-14
  0.1000E+13  0.1000E-73  0.1000E-73  0.1000E-73  0.7300E-30  0.1370E-21  0.9880E-17  0.3410E-15  0.1020E-14  0.1700E-14  0.2680E-14  0.3550E-14  0.3810E-14  0.3380E-14  0.3010E-14
  0.1000E+14  0.1000E-73  0.1000E-73  0.1000E-73  0.7300E-30  0.1370E-21  0.9880E-17  0.3410E-15  0.1020E-14  0.1700E-14  0.2680E-14  0.3550E-14  0.3810E-14  0.3380E-14  0.3010E-14
  0.1000E+15  0.1000E-73  0.1000E-73  0.1000E-73  0.7300E-30  0.1370E-21  0.9880E-17  0.3410E-15  0.1020E-14  0.1700E-14  0.2680E-14  0.3550E-14  0.3810E-14  0.3380E-14  0.3010E-14
  0.1000E+16  0.1000E-73  0.1000E-73  0.1400E-46  0.7300E-30  0.1370E-21  0.9880E-17  0.3410E-15  0.1020E-14  0.1700E-14  0.2680E-14  0.3550E-14  0.3810E-14  0.3380E-14  0.3010E-14
  0.1000E+17  0.1000E-73  0.1000E-73  0.1490E-46  0.7300E-30  0.1370E-21  0.9880E-17  0.3410E-15  0.1020E-14  0.1700E-14  0.2680E-14  0.3550E-14  0.3810E-14  0.3380E-14  0.3010E-14
WAVELENGTH(A)= 
    24.976
 7 14 t 
excit   
    77.400    116.000    193.000    387.000    774.000   1930.000   3870.000   5800.000   7740.000  11600.000  19300.000  38700.000  77400.000 116000.000 
  0.1000E+11  0.1000E-73  0.1000E-73  0.1000E-73  0.1750E-30  0.6110E-22  0.6420E-17  0.2520E-15  0.7960E-15  0.1360E-14  0.2250E-14  0.3150E-14  0.3740E-14  0.3750E-14  0.3590E-14
  0.1000E+12  0.1000E-73  0.1000E-73  0.1000E-73  0.1750E-30  0.6110E-22  0.6420E-17  0.2520E-15  0.7960E-15  0.1360E-14  0.2250E-14  0.3150E-14  0.3740E-14  0.3750E-14  0.3590E-14
  0.1000E+13  0.1000E-73  0.1000E-73  0.1000E-73  0.1750E-30  0.6110E-22  0.6420E-17  0.2520E-15  0.7960E-15  0.1360E-14  0.2250E-14  0.3150E-14  0.3740E-14  0.3750E-14  0.3590E-14
  0.1000E+14  0.1000E-73  0.1000E-73  0.1000E-73  0.1750E-30  0.6110E-22  0.6420E-17  0.2520E-15  0.7960E-15  0.1360E-14  0.2250E-14  0.3150E-14  0.3740E-14  0.3750E-14  0.3590E-14
  0.1000E+15  0.1000E-73  0.1000E-73  0.1000E-73  0.1750E-30  0.6110E-22  0.6420E-17  0.2520E-15  0.7960E-15  0.1360E-14  0.2250E-14  0.3150E-14  0.3740E-14  0.3750E-14  0.3590E-14
  0.1000E+16  0.1000E-73  0.1000E-73  0.1000E-73  0.1750E-30  0.6110E-22  0.6420E-17  0.2520E-15  0.7960E-15  0.1360E-14  0.2250E-14  0.3150E-14  0.3740E-14  0.3750E-14  0.3590E-14
  0.1000E+17  0.1000E-73  0.1000E-73  0.1210E-47  0.1750E-30  0.6110E-22  0.6420E-17  0.2520E-15  0.7960E-15  0.1360E-14  0.2250E-14  0.3150E-14  0.3740E-14  0.3750E-14  0.3590E-14
WAVELENGTH(A)= 
    31.211
 7 14 t 
excit   
    77.400    116.000    193.000    387.000    774.000   1930.000   3870.000   5800.000   7740.000  11600.000  19300.000  38700.000  77400.000 116000.000 
  0.1000E+11  0.1000E-73  0.1000E-73  0.3210E-32  0.1040E-21  0.1590E-16  0.1700E-13  0.1570E-12  0.3120E-12  0.4280E-12  0.5630E-12  0.6570E-12  0.6620E-12  0.5880E-12  0.5310E-12
  0.1000E+12  0.1000E-73  0.1000E-73  0.3210E-32  0.1040E-21  0.1590E-16  0.1700E-13  0.1570E-12  0.3120E-12  0.4280E-12  0.5630E-12  0.6570E-12  0.6620E-12  0.5880E-12  0.5310E-12
  0.1000E+13  0.1000E-73  0.1000E-73  0.3210E-32  0.1040E-21  0.1590E-16  0.1700E-13  0.1570E-12  0.3120E-12  0.4280E-12  0.5630E-12  0.6570E-12  0.6620E-12  0.5880E-12  0.5310E-12
  0.1000E+14  0.1000E-73  0.1000E-73  0.3210E-32  0.1040E-21  0.1590E-16  0.1700E-13  0.1570E-12  0.3120E-12  0.4280E-12  0.5630E-12  0.6570E-12  0.6620E-12  0.5880E-12  0.5310E-12
  0.1000E+15  0.1000E-73  0.2870E-46  0.3210E-32  0.1040E-21  0.1590E-16  0.1700E-13  0.1570E-12  0.3120E-12  0.4280E-12  0.5630E-12  0.6570E-12  0.6620E-12  0.5880E-12  0.5310E-12
  0.1000E+16  0.1000E-73  0.2490E-46  0.3210E-32  0.1040E-21  0.1590E-16  0.1700E-13  0.1570E-12  0.3120E-12  0.4280E-12  0.5630E-12  0.6570E-12  0.6620E-12  0.5880E-12  0.5310E-12
  0.1000E+17  0.1000E-73  0.2530E-46  0.3210E-32  0.1040E-21  0.1590E-16  0.1700E-13  0.1570E-12  0.3120E-12  0.4280E-12  0.5630E-12  0.6570E-12  0.6620E-12  0.5880E-12  0.5310E-12
