 50  7 14
WAVELENGTH(A)= 
     1.052
 7 14 t 
excit   
    89.300    134.000    223.000    447.000    893.000   2230.000   4470.000   6700.000   8930.000  13400.000  22300.000  44700.000  89300.000 134000.000 
  0.1000E+11  0.1000E-73  0.1000E-73  0.4980E-36  0.1000E-24  0.3790E-19  0.6590E-16  0.6580E-15  0.1310E-14  0.1780E-14  0.2300E-14  0.2600E-14  0.2510E-14  0.2110E-14  0.1840E-14
  0.1000E+12  0.1000E-73  0.1000E-73  0.4980E-36  0.1000E-24  0.3790E-19  0.6590E-16  0.6580E-15  0.1310E-14  0.1780E-14  0.2300E-14  0.2600E-14  0.2510E-14  0.2110E-14  0.1840E-14
  0.1000E+13  0.1000E-73  0.1000E-73  0.4980E-36  0.1000E-24  0.3790E-19  0.6590E-16  0.6580E-15  0.1310E-14  0.1780E-14  0.2300E-14  0.2600E-14  0.2510E-14  0.2110E-14  0.1840E-14
  0.1000E+14  0.1000E-73  0.1000E-73  0.4980E-36  0.1000E-24  0.3790E-19  0.6590E-16  0.6580E-15  0.1310E-14  0.1780E-14  0.2300E-14  0.2600E-14  0.2510E-14  0.2110E-14  0.1840E-14
  0.1000E+15  0.1000E-73  0.1000E-73  0.4980E-36  0.1000E-24  0.3790E-19  0.6590E-16  0.6580E-15  0.1310E-14  0.1780E-14  0.2300E-14  0.2600E-14  0.2510E-14  0.2110E-14  0.1840E-14
  0.1000E+16  0.1000E-73  0.1000E-73  0.4980E-36  0.1000E-24  0.3790E-19  0.6590E-16  0.6580E-15  0.1310E-14  0.1780E-14  0.2300E-14  0.2600E-14  0.2510E-14  0.2110E-14  0.1840E-14
  0.1000E+17  0.1000E-73  0.1000E-73  0.4980E-36  0.1000E-24  0.3790E-19  0.6590E-16  0.6580E-15  0.1310E-14  0.1780E-14  0.2300E-14  0.2600E-14  0.2510E-14  0.2110E-14  0.1840E-14
WAVELENGTH(A)= 
     1.059
 7 14 t 
excit   
    89.300    134.000    223.000    447.000    893.000   2230.000   4470.000   6700.000   8930.000  13400.000  22300.000  44700.000  89300.000 134000.000 
  0.1000E+11  0.1000E-73  0.1000E-73  0.1000E-73  0.1000E-73  0.1000E-73  0.1700E-27  0.8960E-21  0.1440E-18  0.1750E-17  0.2010E-16  0.1310E-15  0.4720E-15  0.8010E-15  0.9160E-15
  0.1000E+12  0.1000E-73  0.1000E-73  0.1000E-73  0.1000E-73  0.1000E-73  0.1700E-27  0.8960E-21  0.1440E-18  0.1750E-17  0.2010E-16  0.1310E-15  0.4720E-15  0.8010E-15  0.9160E-15
  0.1000E+13  0.1000E-73  0.1000E-73  0.1000E-73  0.1000E-73  0.1000E-73  0.1700E-27  0.8960E-21  0.1440E-18  0.1750E-17  0.2010E-16  0.1310E-15  0.4720E-15  0.8010E-15  0.9160E-15
  0.1000E+14  0.1000E-73  0.1000E-73  0.1000E-73  0.1000E-73  0.1000E-73  0.1700E-27  0.8960E-21  0.1440E-18  0.1750E-17  0.2010E-16  0.1310E-15  0.4720E-15  0.8010E-15  0.9160E-15
  0.1000E+15  0.1000E-73  0.1000E-73  0.1000E-73  0.1000E-73  0.1000E-73  0.1700E-27  0.8960E-21  0.1440E-18  0.1750E-17  0.2010E-16  0.1310E-15  0.4720E-15  0.8010E-15  0.9160E-15
  0.1000E+16  0.1000E-73  0.1000E-73  0.1000E-73  0.1000E-73  0.1000E-73  0.1700E-27  0.8960E-21  0.1440E-18  0.1750E-17  0.2010E-16  0.1310E-15  0.4720E-15  0.8010E-15  0.9160E-15
  0.1000E+17  0.1000E-73  0.1000E-73  0.1000E-73  0.1000E-73  0.1000E-73  0.1700E-27  0.8960E-21  0.1440E-18  0.1750E-17  0.2010E-16  0.1310E-15  0.4720E-15  0.8010E-15  0.9160E-15
WAVELENGTH(A)= 
     1.064
 7 14 t 
excit   
    89.300    134.000    223.000    447.000    893.000   2230.000   4470.000   6700.000   8930.000  13400.000  22300.000  44700.000  89300.000 134000.000 
  0.1000E+11  0.1000E-73  0.1000E-73  0.3950E-36  0.6030E-25  0.1980E-19  0.3170E-16  0.3090E-15  0.6080E-15  0.8250E-15  0.1060E-14  0.1200E-14  0.1140E-14  0.9640E-15  0.8390E-15
  0.1000E+12  0.1000E-73  0.1000E-73  0.3950E-36  0.6030E-25  0.1980E-19  0.3170E-16  0.3090E-15  0.6080E-15  0.8250E-15  0.1060E-14  0.1200E-14  0.1140E-14  0.9640E-15  0.8390E-15
  0.1000E+13  0.1000E-73  0.1000E-73  0.3950E-36  0.6030E-25  0.1980E-19  0.3170E-16  0.3090E-15  0.6080E-15  0.8250E-15  0.1060E-14  0.1200E-14  0.1140E-14  0.9640E-15  0.8390E-15
  0.1000E+14  0.1000E-73  0.1000E-73  0.3950E-36  0.6030E-25  0.1980E-19  0.3170E-16  0.3090E-15  0.6080E-15  0.8250E-15  0.1060E-14  0.1200E-14  0.1140E-14  0.9640E-15  0.8390E-15
  0.1000E+15  0.1000E-73  0.1000E-73  0.3950E-36  0.6030E-25  0.1980E-19  0.3170E-16  0.3090E-15  0.6080E-15  0.8250E-15  0.1060E-14  0.1200E-14  0.1140E-14  0.9640E-15  0.8390E-15
  0.1000E+16  0.1000E-73  0.1000E-73  0.3950E-36  0.6030E-25  0.1980E-19  0.3170E-16  0.3090E-15  0.6080E-15  0.8250E-15  0.1060E-14  0.1200E-14  0.1140E-14  0.9640E-15  0.8390E-15
  0.1000E+17  0.1000E-73  0.1000E-73  0.3950E-36  0.6030E-25  0.1980E-19  0.3170E-16  0.3090E-15  0.6080E-15  0.8250E-15  0.1060E-14  0.1200E-14  0.1140E-14  0.9640E-15  0.8390E-15
WAVELENGTH(A)= 
     1.064
 7 14 t 
excit   
    89.300    134.000    223.000    447.000    893.000   2230.000   4470.000   6700.000   8930.000  13400.000  22300.000  44700.000  89300.000 134000.000 
  0.1000E+11  0.1000E-73  0.1000E-73  0.5520E-34  0.8340E-23  0.2750E-17  0.4660E-14  0.4980E-13  0.1050E-12  0.1520E-12  0.2150E-12  0.2790E-12  0.3360E-12  0.3610E-12  0.3630E-12
  0.1000E+12  0.1000E-73  0.1000E-73  0.5520E-34  0.8340E-23  0.2750E-17  0.4660E-14  0.4980E-13  0.1050E-12  0.1520E-12  0.2150E-12  0.2790E-12  0.3360E-12  0.3610E-12  0.3630E-12
  0.1000E+13  0.1000E-73  0.1000E-73  0.5520E-34  0.8340E-23  0.2750E-17  0.4660E-14  0.4980E-13  0.1050E-12  0.1520E-12  0.2150E-12  0.2790E-12  0.3360E-12  0.3610E-12  0.3630E-12
  0.1000E+14  0.1000E-73  0.1000E-73  0.5520E-34  0.8340E-23  0.2750E-17  0.4660E-14  0.4980E-13  0.1050E-12  0.1520E-12  0.2150E-12  0.2790E-12  0.3360E-12  0.3610E-12  0.3630E-12
  0.1000E+15  0.1000E-73  0.1000E-73  0.5520E-34  0.8340E-23  0.2750E-17  0.4660E-14  0.4980E-13  0.1050E-12  0.1520E-12  0.2150E-12  0.2790E-12  0.3360E-12  0.3610E-12  0.3630E-12
  0.1000E+16  0.1000E-73  0.1000E-73  0.5520E-34  0.8340E-23  0.2750E-17  0.4660E-14  0.4980E-13  0.1050E-12  0.1520E-12  0.2150E-12  0.2790E-12  0.3360E-12  0.3610E-12  0.3630E-12
  0.1000E+17  0.1000E-73  0.1000E-73  0.5520E-34  0.8340E-23  0.2750E-17  0.4660E-14  0.4980E-13  0.1050E-12  0.1520E-12  0.2150E-12  0.2790E-12  0.3360E-12  0.3610E-12  0.3630E-12
WAVELENGTH(A)= 
     1.083
 7 14 t 
excit   
    89.300    134.000    223.000    447.000    893.000   2230.000   4470.000   6700.000   8930.000  13400.000  22300.000  44700.000  89300.000 134000.000 
  0.1000E+11  0.1000E-73  0.1000E-73  0.7360E-34  0.1120E-22  0.3680E-17  0.5900E-14  0.5760E-13  0.1130E-12  0.1540E-12  0.1970E-12  0.2230E-12  0.2130E-12  0.1800E-12  0.1560E-12
  0.1000E+12  0.1000E-73  0.1000E-73  0.7360E-34  0.1120E-22  0.3680E-17  0.5900E-14  0.5760E-13  0.1130E-12  0.1540E-12  0.1970E-12  0.2230E-12  0.2130E-12  0.1800E-12  0.1560E-12
  0.1000E+13  0.1000E-73  0.1000E-73  0.7360E-34  0.1120E-22  0.3680E-17  0.5900E-14  0.5760E-13  0.1130E-12  0.1540E-12  0.1970E-12  0.2230E-12  0.2130E-12  0.1800E-12  0.1560E-12
  0.1000E+14  0.1000E-73  0.1000E-73  0.7360E-34  0.1120E-22  0.3680E-17  0.5900E-14  0.5760E-13  0.1130E-12  0.1540E-12  0.1970E-12  0.2230E-12  0.2130E-12  0.1800E-12  0.1560E-12
  0.1000E+15  0.1000E-73  0.1000E-73  0.7360E-34  0.1120E-22  0.3680E-17  0.5900E-14  0.5760E-13  0.1130E-12  0.1540E-12  0.1970E-12  0.2230E-12  0.2130E-12  0.1800E-12  0.1560E-12
  0.1000E+16  0.1000E-73  0.1000E-73  0.7360E-34  0.1120E-22  0.3680E-17  0.5900E-14  0.5760E-13  0.1130E-12  0.1540E-12  0.1970E-12  0.2230E-12  0.2130E-12  0.1800E-12  0.1560E-12
  0.1000E+17  0.1000E-73  0.1000E-73  0.7360E-34  0.1120E-22  0.3680E-17  0.5900E-14  0.5760E-13  0.1130E-12  0.1540E-12  0.1970E-12  0.2230E-12  0.2130E-12  0.1800E-12  0.1560E-12
WAVELENGTH(A)= 
     1.083
 7 14 t 
excit   
    89.300    134.000    223.000    447.000    893.000   2230.000   4470.000   6700.000   8930.000  13400.000  22300.000  44700.000  89300.000 134000.000 
  0.1000E+11  0.1000E-73  0.1000E-73  0.2720E-36  0.4110E-25  0.1360E-19  0.2300E-16  0.2450E-15  0.5190E-15  0.7470E-15  0.1060E-14  0.1370E-14  0.1660E-14  0.1780E-14  0.1790E-14
  0.1000E+12  0.1000E-73  0.1000E-73  0.2720E-36  0.4110E-25  0.1360E-19  0.2300E-16  0.2450E-15  0.5190E-15  0.7470E-15  0.1060E-14  0.1370E-14  0.1660E-14  0.1780E-14  0.1790E-14
  0.1000E+13  0.1000E-73  0.1000E-73  0.2720E-36  0.4110E-25  0.1360E-19  0.2300E-16  0.2450E-15  0.5190E-15  0.7470E-15  0.1060E-14  0.1370E-14  0.1660E-14  0.1780E-14  0.1790E-14
  0.1000E+14  0.1000E-73  0.1000E-73  0.2720E-36  0.4110E-25  0.1360E-19  0.2300E-16  0.2450E-15  0.5190E-15  0.7470E-15  0.1060E-14  0.1370E-14  0.1660E-14  0.1780E-14  0.1790E-14
  0.1000E+15  0.1000E-73  0.1000E-73  0.2720E-36  0.4110E-25  0.1360E-19  0.2300E-16  0.2450E-15  0.5190E-15  0.7470E-15  0.1060E-14  0.1370E-14  0.1660E-14  0.1780E-14  0.1790E-14
  0.1000E+16  0.1000E-73  0.1000E-73  0.2720E-36  0.4110E-25  0.1360E-19  0.2300E-16  0.2450E-15  0.5190E-15  0.7470E-15  0.1060E-14  0.1370E-14  0.1660E-14  0.1780E-14  0.1790E-14
  0.1000E+17  0.1000E-73  0.1000E-73  0.2720E-36  0.4110E-25  0.1360E-19  0.2300E-16  0.2450E-15  0.5190E-15  0.7470E-15  0.1060E-14  0.1370E-14  0.1660E-14  0.1780E-14  0.1790E-14
WAVELENGTH(A)= 
     1.107
 7 14 t 
excit   
    89.300    134.000    223.000    447.000    893.000   2230.000   4470.000   6700.000   8930.000  13400.000  22300.000  44700.000  89300.000 134000.000 
  0.1000E+11  0.1000E-73  0.1000E-73  0.2230E-33  0.1220E-22  0.2410E-17  0.3010E-14  0.2940E-13  0.6040E-13  0.8540E-13  0.1190E-12  0.1530E-12  0.1810E-12  0.1930E-12  0.1920E-12
  0.1000E+12  0.1000E-73  0.1000E-73  0.2230E-33  0.1220E-22  0.2410E-17  0.3010E-14  0.2940E-13  0.6040E-13  0.8540E-13  0.1190E-12  0.1530E-12  0.1810E-12  0.1930E-12  0.1920E-12
  0.1000E+13  0.1000E-73  0.1000E-73  0.2230E-33  0.1220E-22  0.2410E-17  0.3010E-14  0.2940E-13  0.6040E-13  0.8540E-13  0.1190E-12  0.1530E-12  0.1810E-12  0.1930E-12  0.1920E-12
  0.1000E+14  0.1000E-73  0.1000E-73  0.2230E-33  0.1220E-22  0.2410E-17  0.3010E-14  0.2940E-13  0.6040E-13  0.8540E-13  0.1190E-12  0.1530E-12  0.1810E-12  0.1930E-12  0.1920E-12
  0.1000E+15  0.1000E-73  0.1000E-73  0.2230E-33  0.1220E-22  0.2410E-17  0.3010E-14  0.2940E-13  0.6040E-13  0.8540E-13  0.1190E-12  0.1530E-12  0.1810E-12  0.1930E-12  0.1920E-12
  0.1000E+16  0.1000E-73  0.1000E-73  0.2230E-33  0.1220E-22  0.2410E-17  0.3010E-14  0.2940E-13  0.6040E-13  0.8540E-13  0.1190E-12  0.1530E-12  0.1810E-12  0.1930E-12  0.1920E-12
  0.1000E+17  0.1000E-73  0.1000E-73  0.2230E-33  0.1220E-22  0.2410E-17  0.3010E-14  0.2940E-13  0.6040E-13  0.8540E-13  0.1190E-12  0.1530E-12  0.1810E-12  0.1930E-12  0.1920E-12
WAVELENGTH(A)= 
     1.113
 7 14 t 
excit   
    89.300    134.000    223.000    447.000    893.000   2230.000   4470.000   6700.000   8930.000  13400.000  22300.000  44700.000  89300.000 134000.000 
  0.1000E+11  0.1000E-73  0.1000E-73  0.1000E-73  0.1000E-73  0.1000E-73  0.3310E-27  0.1570E-20  0.2430E-18  0.2900E-17  0.3280E-16  0.2090E-15  0.7240E-15  0.1150E-14  0.1240E-14
  0.1000E+12  0.1000E-73  0.1000E-73  0.1000E-73  0.1000E-73  0.1000E-73  0.3310E-27  0.1570E-20  0.2430E-18  0.2900E-17  0.3280E-16  0.2090E-15  0.7240E-15  0.1150E-14  0.1240E-14
  0.1000E+13  0.1000E-73  0.1000E-73  0.1000E-73  0.1000E-73  0.1000E-73  0.3310E-27  0.1570E-20  0.2430E-18  0.2900E-17  0.3280E-16  0.2090E-15  0.7240E-15  0.1150E-14  0.1240E-14
  0.1000E+14  0.1000E-73  0.1000E-73  0.1000E-73  0.1000E-73  0.1000E-73  0.3310E-27  0.1570E-20  0.2430E-18  0.2900E-17  0.3280E-16  0.2090E-15  0.7240E-15  0.1150E-14  0.1240E-14
  0.1000E+15  0.1000E-73  0.1000E-73  0.1000E-73  0.1000E-73  0.1000E-73  0.3310E-27  0.1570E-20  0.2430E-18  0.2900E-17  0.3280E-16  0.2090E-15  0.7240E-15  0.1150E-14  0.1240E-14
  0.1000E+16  0.1000E-73  0.1000E-73  0.1000E-73  0.1000E-73  0.1000E-73  0.3310E-27  0.1570E-20  0.2430E-18  0.2900E-17  0.3280E-16  0.2090E-15  0.7240E-15  0.1150E-14  0.1240E-14
  0.1000E+17  0.1000E-73  0.1000E-73  0.1000E-73  0.1000E-73  0.1000E-73  0.3310E-27  0.1570E-20  0.2430E-18  0.2900E-17  0.3280E-16  0.2090E-15  0.7240E-15  0.1150E-14  0.1240E-14
WAVELENGTH(A)= 
     1.133
 7 14 t 
excit   
    89.300    134.000    223.000    447.000    893.000   2230.000   4470.000   6700.000   8930.000  13400.000  22300.000  44700.000  89300.000 134000.000 
  0.1000E+11  0.1000E-73  0.1000E-73  0.3390E-33  0.1650E-22  0.3080E-17  0.3520E-14  0.3140E-13  0.6090E-13  0.8150E-13  0.1050E-12  0.1200E-12  0.1170E-12  0.1020E-12  0.9120E-13
  0.1000E+12  0.1000E-73  0.1000E-73  0.3390E-33  0.1650E-22  0.3080E-17  0.3520E-14  0.3140E-13  0.6090E-13  0.8150E-13  0.1050E-12  0.1200E-12  0.1170E-12  0.1020E-12  0.9120E-13
  0.1000E+13  0.1000E-73  0.1000E-73  0.3390E-33  0.1650E-22  0.3080E-17  0.3520E-14  0.3140E-13  0.6090E-13  0.8150E-13  0.1050E-12  0.1200E-12  0.1170E-12  0.1020E-12  0.9120E-13
  0.1000E+14  0.1000E-73  0.1000E-73  0.3390E-33  0.1650E-22  0.3080E-17  0.3520E-14  0.3140E-13  0.6090E-13  0.8150E-13  0.1050E-12  0.1200E-12  0.1170E-12  0.1020E-12  0.9120E-13
  0.1000E+15  0.1000E-73  0.1000E-73  0.3390E-33  0.1650E-22  0.3080E-17  0.3520E-14  0.3140E-13  0.6090E-13  0.8150E-13  0.1050E-12  0.1200E-12  0.1170E-12  0.1020E-12  0.9120E-13
  0.1000E+16  0.1000E-73  0.1000E-73  0.3390E-33  0.1650E-22  0.3080E-17  0.3520E-14  0.3140E-13  0.6090E-13  0.8150E-13  0.1050E-12  0.1200E-12  0.1170E-12  0.1020E-12  0.9120E-13
  0.1000E+17  0.1000E-73  0.1000E-73  0.3390E-33  0.1650E-22  0.3080E-17  0.3520E-14  0.3140E-13  0.6090E-13  0.8150E-13  0.1050E-12  0.1200E-12  0.1170E-12  0.1020E-12  0.9120E-13
WAVELENGTH(A)= 
     1.232
 7 14 t 
excit   
    89.300    134.000    223.000    447.000    893.000   2230.000   4470.000   6700.000   8930.000  13400.000  22300.000  44700.000  89300.000 134000.000 
  0.1000E+11  0.1000E-73  0.1000E-73  0.7150E-34  0.1440E-22  0.5440E-17  0.9450E-14  0.9440E-13  0.1880E-12  0.2560E-12  0.3300E-12  0.3740E-12  0.3590E-12  0.3030E-12  0.2640E-12
  0.1000E+12  0.1000E-73  0.1000E-73  0.7150E-34  0.1440E-22  0.5440E-17  0.9450E-14  0.9440E-13  0.1880E-12  0.2560E-12  0.3300E-12  0.3740E-12  0.3590E-12  0.3030E-12  0.2640E-12
  0.1000E+13  0.1000E-73  0.1000E-73  0.7150E-34  0.1440E-22  0.5440E-17  0.9450E-14  0.9440E-13  0.1880E-12  0.2560E-12  0.3300E-12  0.3740E-12  0.3590E-12  0.3030E-12  0.2640E-12
  0.1000E+14  0.1000E-73  0.1000E-73  0.7150E-34  0.1440E-22  0.5440E-17  0.9450E-14  0.9440E-13  0.1880E-12  0.2560E-12  0.3300E-12  0.3740E-12  0.3590E-12  0.3030E-12  0.2640E-12
  0.1000E+15  0.1000E-73  0.1000E-73  0.7150E-34  0.1440E-22  0.5440E-17  0.9450E-14  0.9440E-13  0.1880E-12  0.2560E-12  0.3300E-12  0.3740E-12  0.3590E-12  0.3030E-12  0.2640E-12
  0.1000E+16  0.1000E-73  0.1000E-73  0.7150E-34  0.1440E-22  0.5440E-17  0.9450E-14  0.9440E-13  0.1880E-12  0.2560E-12  0.3300E-12  0.3740E-12  0.3590E-12  0.3030E-12  0.2640E-12
  0.1000E+17  0.1000E-73  0.1000E-73  0.7150E-34  0.1440E-22  0.5440E-17  0.9450E-14  0.9440E-13  0.1880E-12  0.2560E-12  0.3300E-12  0.3740E-12  0.3590E-12  0.3030E-12  0.2640E-12
WAVELENGTH(A)= 
     1.247
 7 14 t 
excit   
    89.300    134.000    223.000    447.000    893.000   2230.000   4470.000   6700.000   8930.000  13400.000  22300.000  44700.000  89300.000 134000.000 
  0.1000E+11  0.1000E-73  0.1000E-73  0.9610E-35  0.1470E-23  0.4810E-18  0.7700E-15  0.7520E-14  0.1480E-13  0.2000E-13  0.2570E-13  0.2910E-13  0.2780E-13  0.2340E-13  0.2040E-13
  0.1000E+12  0.1000E-73  0.1000E-73  0.9610E-35  0.1470E-23  0.4810E-18  0.7700E-15  0.7520E-14  0.1480E-13  0.2000E-13  0.2570E-13  0.2910E-13  0.2780E-13  0.2340E-13  0.2040E-13
  0.1000E+13  0.1000E-73  0.1000E-73  0.9610E-35  0.1470E-23  0.4810E-18  0.7700E-15  0.7520E-14  0.1480E-13  0.2000E-13  0.2570E-13  0.2910E-13  0.2780E-13  0.2340E-13  0.2040E-13
  0.1000E+14  0.1000E-73  0.1000E-73  0.9610E-35  0.1470E-23  0.4810E-18  0.7700E-15  0.7520E-14  0.1480E-13  0.2000E-13  0.2570E-13  0.2910E-13  0.2780E-13  0.2340E-13  0.2040E-13
  0.1000E+15  0.1000E-73  0.1000E-73  0.9610E-35  0.1470E-23  0.4810E-18  0.7700E-15  0.7520E-14  0.1480E-13  0.2000E-13  0.2570E-13  0.2910E-13  0.2780E-13  0.2340E-13  0.2040E-13
  0.1000E+16  0.1000E-73  0.1000E-73  0.9610E-35  0.1470E-23  0.4810E-18  0.7700E-15  0.7520E-14  0.1480E-13  0.2000E-13  0.2570E-13  0.2910E-13  0.2780E-13  0.2340E-13  0.2040E-13
  0.1000E+17  0.1000E-73  0.1000E-73  0.9610E-35  0.1470E-23  0.4810E-18  0.7700E-15  0.7520E-14  0.1480E-13  0.2000E-13  0.2570E-13  0.2910E-13  0.2780E-13  0.2340E-13  0.2040E-13
WAVELENGTH(A)= 
     1.248
 7 14 t 
excit   
    89.300    134.000    223.000    447.000    893.000   2230.000   4470.000   6700.000   8930.000  13400.000  22300.000  44700.000  89300.000 134000.000 
  0.1000E+11  0.1000E-73  0.1000E-73  0.1340E-36  0.2020E-25  0.6670E-20  0.1130E-16  0.1210E-15  0.2550E-15  0.3680E-15  0.5200E-15  0.6750E-15  0.8150E-15  0.8750E-15  0.8800E-15
  0.1000E+12  0.1000E-73  0.1000E-73  0.1340E-36  0.2020E-25  0.6670E-20  0.1130E-16  0.1210E-15  0.2550E-15  0.3680E-15  0.5200E-15  0.6750E-15  0.8150E-15  0.8750E-15  0.8800E-15
  0.1000E+13  0.1000E-73  0.1000E-73  0.1340E-36  0.2020E-25  0.6670E-20  0.1130E-16  0.1210E-15  0.2550E-15  0.3680E-15  0.5200E-15  0.6750E-15  0.8150E-15  0.8750E-15  0.8800E-15
  0.1000E+14  0.1000E-73  0.1000E-73  0.1340E-36  0.2020E-25  0.6670E-20  0.1130E-16  0.1210E-15  0.2550E-15  0.3680E-15  0.5200E-15  0.6750E-15  0.8150E-15  0.8750E-15  0.8800E-15
  0.1000E+15  0.1000E-73  0.1000E-73  0.1340E-36  0.2020E-25  0.6670E-20  0.1130E-16  0.1210E-15  0.2550E-15  0.3680E-15  0.5200E-15  0.6750E-15  0.8150E-15  0.8750E-15  0.8800E-15
  0.1000E+16  0.1000E-73  0.1000E-73  0.1340E-36  0.2020E-25  0.6670E-20  0.1130E-16  0.1210E-15  0.2550E-15  0.3680E-15  0.5200E-15  0.6750E-15  0.8150E-15  0.8750E-15  0.8800E-15
  0.1000E+17  0.1000E-73  0.1000E-73  0.1340E-36  0.2020E-25  0.6670E-20  0.1130E-16  0.1210E-15  0.2550E-15  0.3680E-15  0.5200E-15  0.6750E-15  0.8150E-15  0.8750E-15  0.8800E-15
WAVELENGTH(A)= 
     1.299
 7 14 t 
excit   
    89.300    134.000    223.000    447.000    893.000   2230.000   4470.000   6700.000   8930.000  13400.000  22300.000  44700.000  89300.000 134000.000 
  0.1000E+11  0.1000E-73  0.1000E-73  0.1000E-73  0.1000E-73  0.1000E-73  0.2900E-27  0.1380E-20  0.2130E-18  0.2550E-17  0.2880E-16  0.1830E-15  0.6350E-15  0.1010E-14  0.1090E-14
  0.1000E+12  0.1000E-73  0.1000E-73  0.1000E-73  0.1000E-73  0.1000E-73  0.2900E-27  0.1380E-20  0.2130E-18  0.2550E-17  0.2880E-16  0.1830E-15  0.6350E-15  0.1010E-14  0.1090E-14
  0.1000E+13  0.1000E-73  0.1000E-73  0.1000E-73  0.1000E-73  0.1000E-73  0.2900E-27  0.1380E-20  0.2130E-18  0.2550E-17  0.2880E-16  0.1830E-15  0.6350E-15  0.1010E-14  0.1090E-14
  0.1000E+14  0.1000E-73  0.1000E-73  0.1000E-73  0.1000E-73  0.1000E-73  0.2900E-27  0.1380E-20  0.2130E-18  0.2550E-17  0.2880E-16  0.1830E-15  0.6350E-15  0.1010E-14  0.1090E-14
  0.1000E+15  0.1000E-73  0.1000E-73  0.1000E-73  0.1000E-73  0.1000E-73  0.2900E-27  0.1380E-20  0.2130E-18  0.2550E-17  0.2880E-16  0.1830E-15  0.6350E-15  0.1010E-14  0.1090E-14
  0.1000E+16  0.1000E-73  0.1000E-73  0.1000E-73  0.1000E-73  0.1000E-73  0.2900E-27  0.1380E-20  0.2130E-18  0.2550E-17  0.2880E-16  0.1830E-15  0.6350E-15  0.1010E-14  0.1090E-14
  0.1000E+17  0.1000E-73  0.1000E-73  0.1000E-73  0.1000E-73  0.1000E-73  0.2900E-27  0.1380E-20  0.2130E-18  0.2550E-17  0.2880E-16  0.1830E-15  0.6350E-15  0.1010E-14  0.1090E-14
WAVELENGTH(A)= 
     1.315
 7 14 t 
excit   
    89.300    134.000    223.000    447.000    893.000   2230.000   4470.000   6700.000   8930.000  13400.000  22300.000  44700.000  89300.000 134000.000 
  0.1000E+11  0.1000E-73  0.1000E-73  0.4330E-33  0.2110E-22  0.3940E-17  0.4500E-14  0.4020E-13  0.7780E-13  0.1040E-12  0.1340E-12  0.1530E-12  0.1500E-12  0.1300E-12  0.1170E-12
  0.1000E+12  0.1000E-73  0.1000E-73  0.4330E-33  0.2110E-22  0.3940E-17  0.4500E-14  0.4020E-13  0.7780E-13  0.1040E-12  0.1340E-12  0.1530E-12  0.1500E-12  0.1300E-12  0.1170E-12
  0.1000E+13  0.1000E-73  0.1000E-73  0.4330E-33  0.2110E-22  0.3940E-17  0.4500E-14  0.4020E-13  0.7780E-13  0.1040E-12  0.1340E-12  0.1530E-12  0.1500E-12  0.1300E-12  0.1170E-12
  0.1000E+14  0.1000E-73  0.1000E-73  0.4330E-33  0.2110E-22  0.3940E-17  0.4500E-14  0.4020E-13  0.7780E-13  0.1040E-12  0.1340E-12  0.1530E-12  0.1500E-12  0.1300E-12  0.1170E-12
  0.1000E+15  0.1000E-73  0.1000E-73  0.4330E-33  0.2110E-22  0.3940E-17  0.4500E-14  0.4020E-13  0.7780E-13  0.1040E-12  0.1340E-12  0.1530E-12  0.1500E-12  0.1300E-12  0.1170E-12
  0.1000E+16  0.1000E-73  0.1000E-73  0.4330E-33  0.2110E-22  0.3940E-17  0.4500E-14  0.4020E-13  0.7780E-13  0.1040E-12  0.1340E-12  0.1530E-12  0.1500E-12  0.1300E-12  0.1170E-12
  0.1000E+17  0.1000E-73  0.1000E-73  0.4330E-33  0.2110E-22  0.3940E-17  0.4500E-14  0.4020E-13  0.7780E-13  0.1040E-12  0.1340E-12  0.1530E-12  0.1500E-12  0.1300E-12  0.1170E-12
WAVELENGTH(A)= 
     1.753
 7 14 t 
excit   
    89.300    134.000    223.000    447.000    893.000   2230.000   4470.000   6700.000   8930.000  13400.000  22300.000  44700.000  89300.000 134000.000 
  0.1000E+11  0.1000E-73  0.1000E-73  0.1000E-73  0.2290E-31  0.1170E-22  0.1540E-17  0.6580E-16  0.2150E-15  0.3790E-15  0.6510E-15  0.9860E-15  0.1320E-14  0.1480E-14  0.1500E-14
  0.1000E+12  0.1000E-73  0.1000E-73  0.1000E-73  0.2290E-31  0.1170E-22  0.1540E-17  0.6580E-16  0.2150E-15  0.3790E-15  0.6510E-15  0.9860E-15  0.1320E-14  0.1480E-14  0.1500E-14
  0.1000E+13  0.1000E-73  0.1000E-73  0.1000E-73  0.2290E-31  0.1170E-22  0.1540E-17  0.6580E-16  0.2150E-15  0.3790E-15  0.6510E-15  0.9860E-15  0.1320E-14  0.1480E-14  0.1500E-14
  0.1000E+14  0.1000E-73  0.1000E-73  0.1000E-73  0.2290E-31  0.1170E-22  0.1540E-17  0.6580E-16  0.2150E-15  0.3790E-15  0.6510E-15  0.9860E-15  0.1320E-14  0.1480E-14  0.1500E-14
  0.1000E+15  0.1000E-73  0.1000E-73  0.1000E-73  0.2290E-31  0.1170E-22  0.1540E-17  0.6580E-16  0.2150E-15  0.3790E-15  0.6510E-15  0.9860E-15  0.1320E-14  0.1480E-14  0.1500E-14
  0.1000E+16  0.1000E-73  0.1000E-73  0.1000E-73  0.2290E-31  0.1170E-22  0.1540E-17  0.6580E-16  0.2150E-15  0.3790E-15  0.6510E-15  0.9860E-15  0.1320E-14  0.1480E-14  0.1500E-14
  0.1000E+17  0.1000E-73  0.1000E-73  0.1000E-73  0.2290E-31  0.1170E-22  0.1540E-17  0.6580E-16  0.2150E-15  0.3790E-15  0.6510E-15  0.9860E-15  0.1320E-14  0.1480E-14  0.1500E-14
WAVELENGTH(A)= 
     1.766
 7 14 t 
excit   
    89.300    134.000    223.000    447.000    893.000   2230.000   4470.000   6700.000   8930.000  13400.000  22300.000  44700.000  89300.000 134000.000 
  0.1000E+11  0.1000E-73  0.1000E-73  0.1000E-73  0.1720E-31  0.8730E-23  0.1140E-17  0.4750E-16  0.1520E-15  0.2620E-15  0.4450E-15  0.6860E-15  0.9640E-15  0.1060E-14  0.1030E-14
  0.1000E+12  0.1000E-73  0.1000E-73  0.1000E-73  0.1720E-31  0.8730E-23  0.1140E-17  0.4750E-16  0.1520E-15  0.2620E-15  0.4450E-15  0.6860E-15  0.9640E-15  0.1060E-14  0.1030E-14
  0.1000E+13  0.1000E-73  0.1000E-73  0.1000E-73  0.1720E-31  0.8730E-23  0.1140E-17  0.4750E-16  0.1520E-15  0.2620E-15  0.4450E-15  0.6860E-15  0.9640E-15  0.1060E-14  0.1030E-14
  0.1000E+14  0.1000E-73  0.1000E-73  0.1000E-73  0.1720E-31  0.8730E-23  0.1140E-17  0.4750E-16  0.1520E-15  0.2620E-15  0.4450E-15  0.6860E-15  0.9640E-15  0.1060E-14  0.1030E-14
  0.1000E+15  0.1000E-73  0.1000E-73  0.1000E-73  0.1720E-31  0.8730E-23  0.1140E-17  0.4750E-16  0.1520E-15  0.2620E-15  0.4450E-15  0.6860E-15  0.9640E-15  0.1060E-14  0.1030E-14
  0.1000E+16  0.1000E-73  0.1000E-73  0.1000E-73  0.1720E-31  0.8730E-23  0.1140E-17  0.4750E-16  0.1520E-15  0.2620E-15  0.4450E-15  0.6860E-15  0.9640E-15  0.1060E-14  0.1030E-14
  0.1000E+17  0.1000E-73  0.1000E-73  0.1000E-73  0.1720E-31  0.8730E-23  0.1140E-17  0.4750E-16  0.1520E-15  0.2620E-15  0.4450E-15  0.6860E-15  0.9640E-15  0.1060E-14  0.1030E-14
WAVELENGTH(A)= 
     1.885
 7 14 t 
excit   
    89.300    134.000    223.000    447.000    893.000   2230.000   4470.000   6700.000   8930.000  13400.000  22300.000  44700.000  89300.000 134000.000 
  0.1000E+11  0.1000E-73  0.1000E-73  0.1000E-73  0.3030E-31  0.1560E-22  0.2040E-17  0.8560E-16  0.2740E-15  0.4730E-15  0.8010E-15  0.1240E-14  0.1740E-14  0.1910E-14  0.1860E-14
  0.1000E+12  0.1000E-73  0.1000E-73  0.1000E-73  0.3030E-31  0.1560E-22  0.2040E-17  0.8560E-16  0.2740E-15  0.4730E-15  0.8010E-15  0.1240E-14  0.1740E-14  0.1910E-14  0.1860E-14
  0.1000E+13  0.1000E-73  0.1000E-73  0.1000E-73  0.3030E-31  0.1560E-22  0.2040E-17  0.8560E-16  0.2740E-15  0.4730E-15  0.8010E-15  0.1240E-14  0.1740E-14  0.1910E-14  0.1860E-14
  0.1000E+14  0.1000E-73  0.1000E-73  0.1000E-73  0.3030E-31  0.1560E-22  0.2040E-17  0.8560E-16  0.2740E-15  0.4730E-15  0.8010E-15  0.1240E-14  0.1740E-14  0.1910E-14  0.1860E-14
  0.1000E+15  0.1000E-73  0.1000E-73  0.1000E-73  0.3030E-31  0.1560E-22  0.2040E-17  0.8560E-16  0.2740E-15  0.4730E-15  0.8010E-15  0.1240E-14  0.1740E-14  0.1910E-14  0.1860E-14
  0.1000E+16  0.1000E-73  0.1000E-73  0.1000E-73  0.3030E-31  0.1560E-22  0.2040E-17  0.8560E-16  0.2740E-15  0.4730E-15  0.8010E-15  0.1240E-14  0.1740E-14  0.1910E-14  0.1860E-14
  0.1000E+17  0.1000E-73  0.1000E-73  0.1000E-73  0.3030E-31  0.1560E-22  0.2040E-17  0.8560E-16  0.2740E-15  0.4730E-15  0.8010E-15  0.1240E-14  0.1740E-14  0.1910E-14  0.1860E-14
WAVELENGTH(A)= 
     1.896
 7 14 t 
excit   
    89.300    134.000    223.000    447.000    893.000   2230.000   4470.000   6700.000   8930.000  13400.000  22300.000  44700.000  89300.000 134000.000 
  0.1000E+11  0.1000E-73  0.1000E-73  0.1000E-73  0.1350E-30  0.3820E-22  0.3570E-17  0.1360E-15  0.4290E-15  0.7410E-15  0.1240E-14  0.1820E-14  0.2350E-14  0.2570E-14  0.2600E-14
  0.1000E+12  0.1000E-73  0.1000E-73  0.1000E-73  0.1350E-30  0.3820E-22  0.3570E-17  0.1360E-15  0.4290E-15  0.7410E-15  0.1240E-14  0.1820E-14  0.2350E-14  0.2570E-14  0.2600E-14
  0.1000E+13  0.1000E-73  0.1000E-73  0.1000E-73  0.1350E-30  0.3820E-22  0.3570E-17  0.1360E-15  0.4290E-15  0.7410E-15  0.1240E-14  0.1820E-14  0.2350E-14  0.2570E-14  0.2600E-14
  0.1000E+14  0.1000E-73  0.1000E-73  0.1000E-73  0.1350E-30  0.3820E-22  0.3570E-17  0.1360E-15  0.4290E-15  0.7410E-15  0.1240E-14  0.1820E-14  0.2350E-14  0.2570E-14  0.2600E-14
  0.1000E+15  0.1000E-73  0.1000E-73  0.1000E-73  0.1350E-30  0.3820E-22  0.3570E-17  0.1360E-15  0.4290E-15  0.7410E-15  0.1240E-14  0.1820E-14  0.2350E-14  0.2570E-14  0.2600E-14
  0.1000E+16  0.1000E-73  0.1000E-73  0.1000E-73  0.1350E-30  0.3820E-22  0.3570E-17  0.1360E-15  0.4290E-15  0.7410E-15  0.1240E-14  0.1820E-14  0.2350E-14  0.2570E-14  0.2600E-14
  0.1000E+17  0.1000E-73  0.1000E-73  0.1000E-73  0.1350E-30  0.3820E-22  0.3570E-17  0.1360E-15  0.4290E-15  0.7410E-15  0.1240E-14  0.1820E-14  0.2350E-14  0.2570E-14  0.2600E-14
WAVELENGTH(A)= 
     1.910
 7 14 t 
excit   
    89.300    134.000    223.000    447.000    893.000   2230.000   4470.000   6700.000   8930.000  13400.000  22300.000  44700.000  89300.000 134000.000 
  0.1000E+11  0.1000E-73  0.1000E-73  0.1000E-73  0.1030E-30  0.2900E-22  0.2650E-17  0.9840E-16  0.3020E-15  0.5070E-15  0.8040E-15  0.1070E-14  0.1150E-14  0.1020E-14  0.9060E-15
  0.1000E+12  0.1000E-73  0.1000E-73  0.1000E-73  0.1030E-30  0.2900E-22  0.2650E-17  0.9840E-16  0.3020E-15  0.5070E-15  0.8040E-15  0.1070E-14  0.1150E-14  0.1020E-14  0.9060E-15
  0.1000E+13  0.1000E-73  0.1000E-73  0.1000E-73  0.1030E-30  0.2900E-22  0.2650E-17  0.9840E-16  0.3020E-15  0.5070E-15  0.8040E-15  0.1070E-14  0.1150E-14  0.1020E-14  0.9060E-15
  0.1000E+14  0.1000E-73  0.1000E-73  0.1000E-73  0.1030E-30  0.2900E-22  0.2650E-17  0.9840E-16  0.3020E-15  0.5070E-15  0.8040E-15  0.1070E-14  0.1150E-14  0.1020E-14  0.9060E-15
  0.1000E+15  0.1000E-73  0.1000E-73  0.1000E-73  0.1030E-30  0.2900E-22  0.2650E-17  0.9840E-16  0.3020E-15  0.5070E-15  0.8040E-15  0.1070E-14  0.1150E-14  0.1020E-14  0.9060E-15
  0.1000E+16  0.1000E-73  0.1000E-73  0.1000E-73  0.1030E-30  0.2900E-22  0.2650E-17  0.9840E-16  0.3020E-15  0.5070E-15  0.8040E-15  0.1070E-14  0.1150E-14  0.1020E-14  0.9060E-15
  0.1000E+17  0.1000E-73  0.1000E-73  0.1000E-73  0.1030E-30  0.2900E-22  0.2650E-17  0.9840E-16  0.3020E-15  0.5070E-15  0.8040E-15  0.1070E-14  0.1150E-14  0.1020E-14  0.9060E-15
WAVELENGTH(A)= 
     1.912
 7 14 t 
excit   
    89.300    134.000    223.000    447.000    893.000   2230.000   4470.000   6700.000   8930.000  13400.000  22300.000  44700.000  89300.000 134000.000 
  0.1000E+11  0.1000E-73  0.1000E-73  0.1000E-73  0.7660E-31  0.2050E-22  0.1850E-17  0.6980E-16  0.2190E-15  0.3770E-15  0.6300E-15  0.9230E-15  0.1190E-14  0.1300E-14  0.1310E-14
  0.1000E+12  0.1000E-73  0.1000E-73  0.1000E-73  0.7660E-31  0.2050E-22  0.1850E-17  0.6980E-16  0.2190E-15  0.3770E-15  0.6300E-15  0.9230E-15  0.1190E-14  0.1300E-14  0.1310E-14
  0.1000E+13  0.1000E-73  0.1000E-73  0.1000E-73  0.7660E-31  0.2050E-22  0.1850E-17  0.6980E-16  0.2190E-15  0.3770E-15  0.6300E-15  0.9230E-15  0.1190E-14  0.1300E-14  0.1310E-14
  0.1000E+14  0.1000E-73  0.1000E-73  0.1000E-73  0.7660E-31  0.2050E-22  0.1850E-17  0.6980E-16  0.2190E-15  0.3770E-15  0.6300E-15  0.9230E-15  0.1190E-14  0.1300E-14  0.1310E-14
  0.1000E+15  0.1000E-73  0.1000E-73  0.1000E-73  0.7660E-31  0.2050E-22  0.1850E-17  0.6980E-16  0.2190E-15  0.3770E-15  0.6300E-15  0.9230E-15  0.1190E-14  0.1300E-14  0.1310E-14
  0.1000E+16  0.1000E-73  0.1000E-73  0.1000E-73  0.7660E-31  0.2050E-22  0.1850E-17  0.6980E-16  0.2190E-15  0.3770E-15  0.6300E-15  0.9230E-15  0.1190E-14  0.1300E-14  0.1310E-14
  0.1000E+17  0.1000E-73  0.1000E-73  0.1000E-73  0.7660E-31  0.2050E-22  0.1850E-17  0.6980E-16  0.2190E-15  0.3770E-15  0.6300E-15  0.9230E-15  0.1190E-14  0.1300E-14  0.1310E-14
WAVELENGTH(A)= 
     2.049
 7 14 t 
excit   
    89.300    134.000    223.000    447.000    893.000   2230.000   4470.000   6700.000   8930.000  13400.000  22300.000  44700.000  89300.000 134000.000 
  0.1000E+11  0.1000E-73  0.1000E-73  0.1000E-73  0.1800E-30  0.5130E-22  0.4740E-17  0.1770E-15  0.5430E-15  0.9120E-15  0.1450E-14  0.1930E-14  0.2080E-14  0.1850E-14  0.1630E-14
  0.1000E+12  0.1000E-73  0.1000E-73  0.1000E-73  0.1800E-30  0.5130E-22  0.4740E-17  0.1770E-15  0.5430E-15  0.9120E-15  0.1450E-14  0.1930E-14  0.2080E-14  0.1850E-14  0.1630E-14
  0.1000E+13  0.1000E-73  0.1000E-73  0.1000E-73  0.1800E-30  0.5130E-22  0.4740E-17  0.1770E-15  0.5430E-15  0.9120E-15  0.1450E-14  0.1930E-14  0.2080E-14  0.1850E-14  0.1630E-14
  0.1000E+14  0.1000E-73  0.1000E-73  0.1000E-73  0.1800E-30  0.5130E-22  0.4740E-17  0.1770E-15  0.5430E-15  0.9120E-15  0.1450E-14  0.1930E-14  0.2080E-14  0.1850E-14  0.1630E-14
  0.1000E+15  0.1000E-73  0.1000E-73  0.1000E-73  0.1800E-30  0.5130E-22  0.4740E-17  0.1770E-15  0.5430E-15  0.9120E-15  0.1450E-14  0.1930E-14  0.2080E-14  0.1850E-14  0.1630E-14
  0.1000E+16  0.1000E-73  0.1000E-73  0.1000E-73  0.1800E-30  0.5130E-22  0.4740E-17  0.1770E-15  0.5430E-15  0.9120E-15  0.1450E-14  0.1930E-14  0.2080E-14  0.1850E-14  0.1630E-14
  0.1000E+17  0.1000E-73  0.1000E-73  0.1000E-73  0.1800E-30  0.5130E-22  0.4740E-17  0.1770E-15  0.5430E-15  0.9120E-15  0.1450E-14  0.1930E-14  0.2080E-14  0.1850E-14  0.1630E-14
WAVELENGTH(A)= 
     2.076
 7 14 t 
excit   
    89.300    134.000    223.000    447.000    893.000   2230.000   4470.000   6700.000   8930.000  13400.000  22300.000  44700.000  89300.000 134000.000 
  0.1000E+11  0.1000E-73  0.1000E-73  0.1000E-73  0.1220E-30  0.3210E-22  0.2820E-17  0.1040E-15  0.3190E-15  0.5360E-15  0.8560E-15  0.1140E-14  0.1240E-14  0.1110E-14  0.9930E-15
  0.1000E+12  0.1000E-73  0.1000E-73  0.1000E-73  0.1220E-30  0.3210E-22  0.2820E-17  0.1040E-15  0.3190E-15  0.5360E-15  0.8560E-15  0.1140E-14  0.1240E-14  0.1110E-14  0.9930E-15
  0.1000E+13  0.1000E-73  0.1000E-73  0.1000E-73  0.1220E-30  0.3210E-22  0.2820E-17  0.1040E-15  0.3190E-15  0.5360E-15  0.8560E-15  0.1140E-14  0.1240E-14  0.1110E-14  0.9930E-15
  0.1000E+14  0.1000E-73  0.1000E-73  0.1000E-73  0.1220E-30  0.3210E-22  0.2820E-17  0.1040E-15  0.3190E-15  0.5360E-15  0.8560E-15  0.1140E-14  0.1240E-14  0.1110E-14  0.9930E-15
  0.1000E+15  0.1000E-73  0.1000E-73  0.1000E-73  0.1220E-30  0.3210E-22  0.2820E-17  0.1040E-15  0.3190E-15  0.5360E-15  0.8560E-15  0.1140E-14  0.1240E-14  0.1110E-14  0.9930E-15
  0.1000E+16  0.1000E-73  0.1000E-73  0.1000E-73  0.1220E-30  0.3210E-22  0.2820E-17  0.1040E-15  0.3190E-15  0.5360E-15  0.8560E-15  0.1140E-14  0.1240E-14  0.1110E-14  0.9930E-15
  0.1000E+17  0.1000E-73  0.1000E-73  0.2000E-47  0.1220E-30  0.3210E-22  0.2820E-17  0.1040E-15  0.3190E-15  0.5360E-15  0.8560E-15  0.1140E-14  0.1240E-14  0.1110E-14  0.9930E-15
WAVELENGTH(A)= 
     2.192
 7 14 t 
excit   
    89.300    134.000    223.000    447.000    893.000   2230.000   4470.000   6700.000   8930.000  13400.000  22300.000  44700.000  89300.000 134000.000 
  0.1000E+11  0.1000E-73  0.1000E-73  0.1000E-73  0.1950E-29  0.2070E-21  0.1090E-16  0.3500E-15  0.1030E-14  0.1730E-14  0.2830E-14  0.4020E-14  0.5100E-14  0.5530E-14  0.5560E-14
  0.1000E+12  0.1000E-73  0.1000E-73  0.1000E-73  0.1950E-29  0.2070E-21  0.1090E-16  0.3500E-15  0.1030E-14  0.1730E-14  0.2830E-14  0.4020E-14  0.5100E-14  0.5530E-14  0.5560E-14
  0.1000E+13  0.1000E-73  0.1000E-73  0.1000E-73  0.1950E-29  0.2070E-21  0.1090E-16  0.3500E-15  0.1030E-14  0.1730E-14  0.2830E-14  0.4020E-14  0.5100E-14  0.5530E-14  0.5560E-14
  0.1000E+14  0.1000E-73  0.1000E-73  0.1000E-73  0.1950E-29  0.2070E-21  0.1090E-16  0.3500E-15  0.1030E-14  0.1730E-14  0.2830E-14  0.4020E-14  0.5100E-14  0.5530E-14  0.5560E-14
  0.1000E+15  0.1000E-73  0.1000E-73  0.1000E-73  0.1950E-29  0.2070E-21  0.1090E-16  0.3500E-15  0.1030E-14  0.1730E-14  0.2830E-14  0.4020E-14  0.5100E-14  0.5530E-14  0.5560E-14
  0.1000E+16  0.1000E-73  0.1000E-73  0.1230E-45  0.1950E-29  0.2070E-21  0.1090E-16  0.3500E-15  0.1030E-14  0.1730E-14  0.2830E-14  0.4020E-14  0.5100E-14  0.5530E-14  0.5560E-14
  0.1000E+17  0.1000E-73  0.1000E-73  0.1230E-45  0.1950E-29  0.2070E-21  0.1090E-16  0.3500E-15  0.1030E-14  0.1730E-14  0.2830E-14  0.4020E-14  0.5100E-14  0.5530E-14  0.5560E-14
WAVELENGTH(A)= 
     2.211
 7 14 t 
excit   
    89.300    134.000    223.000    447.000    893.000   2230.000   4470.000   6700.000   8930.000  13400.000  22300.000  44700.000  89300.000 134000.000 
  0.1000E+11  0.1000E-73  0.1000E-73  0.1000E-73  0.1620E-29  0.1690E-21  0.8560E-17  0.2620E-15  0.7520E-15  0.1220E-14  0.1880E-14  0.2430E-14  0.2550E-14  0.2220E-14  0.1950E-14
  0.1000E+12  0.1000E-73  0.1000E-73  0.1000E-73  0.1620E-29  0.1690E-21  0.8560E-17  0.2620E-15  0.7520E-15  0.1220E-14  0.1880E-14  0.2430E-14  0.2550E-14  0.2220E-14  0.1950E-14
  0.1000E+13  0.1000E-73  0.1000E-73  0.1000E-73  0.1620E-29  0.1690E-21  0.8560E-17  0.2620E-15  0.7520E-15  0.1220E-14  0.1880E-14  0.2430E-14  0.2550E-14  0.2220E-14  0.1950E-14
  0.1000E+14  0.1000E-73  0.1000E-73  0.1000E-73  0.1620E-29  0.1690E-21  0.8560E-17  0.2620E-15  0.7520E-15  0.1220E-14  0.1880E-14  0.2430E-14  0.2550E-14  0.2220E-14  0.1950E-14
  0.1000E+15  0.1000E-73  0.1000E-73  0.1000E-73  0.1620E-29  0.1690E-21  0.8560E-17  0.2620E-15  0.7520E-15  0.1220E-14  0.1880E-14  0.2430E-14  0.2550E-14  0.2220E-14  0.1950E-14
  0.1000E+16  0.1000E-73  0.1000E-73  0.1310E-45  0.1620E-29  0.1690E-21  0.8560E-17  0.2620E-15  0.7520E-15  0.1220E-14  0.1880E-14  0.2430E-14  0.2550E-14  0.2220E-14  0.1950E-14
  0.1000E+17  0.1000E-73  0.1000E-73  0.1050E-45  0.1620E-29  0.1690E-21  0.8560E-17  0.2620E-15  0.7520E-15  0.1220E-14  0.1880E-14  0.2430E-14  0.2550E-14  0.2220E-14  0.1950E-14
WAVELENGTH(A)= 
     2.231
 7 14 t 
excit   
    89.300    134.000    223.000    447.000    893.000   2230.000   4470.000   6700.000   8930.000  13400.000  22300.000  44700.000  89300.000 134000.000 
  0.1000E+11  0.1000E-73  0.1000E-73  0.1000E-73  0.1210E-29  0.1160E-21  0.5770E-17  0.1800E-15  0.5300E-15  0.8860E-15  0.1440E-14  0.2050E-14  0.2580E-14  0.2780E-14  0.2790E-14
  0.1000E+12  0.1000E-73  0.1000E-73  0.1000E-73  0.1210E-29  0.1160E-21  0.5770E-17  0.1800E-15  0.5300E-15  0.8860E-15  0.1440E-14  0.2050E-14  0.2580E-14  0.2780E-14  0.2790E-14
  0.1000E+13  0.1000E-73  0.1000E-73  0.1000E-73  0.1210E-29  0.1160E-21  0.5770E-17  0.1800E-15  0.5300E-15  0.8860E-15  0.1440E-14  0.2050E-14  0.2580E-14  0.2780E-14  0.2790E-14
  0.1000E+14  0.1000E-73  0.1000E-73  0.1000E-73  0.1210E-29  0.1160E-21  0.5770E-17  0.1800E-15  0.5300E-15  0.8860E-15  0.1440E-14  0.2050E-14  0.2580E-14  0.2780E-14  0.2790E-14
  0.1000E+15  0.1000E-73  0.1000E-73  0.1000E-73  0.1210E-29  0.1160E-21  0.5770E-17  0.1800E-15  0.5300E-15  0.8860E-15  0.1440E-14  0.2050E-14  0.2580E-14  0.2780E-14  0.2790E-14
  0.1000E+16  0.1000E-73  0.1000E-73  0.1170E-45  0.1210E-29  0.1160E-21  0.5770E-17  0.1800E-15  0.5300E-15  0.8860E-15  0.1440E-14  0.2050E-14  0.2580E-14  0.2780E-14  0.2790E-14
  0.1000E+17  0.1000E-73  0.1000E-73  0.9960E-46  0.1210E-29  0.1160E-21  0.5770E-17  0.1800E-15  0.5300E-15  0.8860E-15  0.1440E-14  0.2050E-14  0.2580E-14  0.2780E-14  0.2790E-14
WAVELENGTH(A)= 
     2.255
 7 14 t 
excit   
    89.300    134.000    223.000    447.000    893.000   2230.000   4470.000   6700.000   8930.000  13400.000  22300.000  44700.000  89300.000 134000.000 
  0.1000E+11  0.1000E-73  0.1000E-73  0.1000E-73  0.1440E-29  0.1340E-21  0.6430E-17  0.1930E-15  0.5550E-15  0.9080E-15  0.1400E-14  0.1830E-14  0.1980E-14  0.1760E-14  0.1580E-14
  0.1000E+12  0.1000E-73  0.1000E-73  0.1000E-73  0.1440E-29  0.1340E-21  0.6430E-17  0.1930E-15  0.5550E-15  0.9080E-15  0.1400E-14  0.1830E-14  0.1980E-14  0.1760E-14  0.1580E-14
  0.1000E+13  0.1000E-73  0.1000E-73  0.1000E-73  0.1440E-29  0.1340E-21  0.6430E-17  0.1930E-15  0.5550E-15  0.9080E-15  0.1400E-14  0.1830E-14  0.1980E-14  0.1760E-14  0.1580E-14
  0.1000E+14  0.1000E-73  0.1000E-73  0.1000E-73  0.1440E-29  0.1340E-21  0.6430E-17  0.1930E-15  0.5550E-15  0.9080E-15  0.1400E-14  0.1830E-14  0.1980E-14  0.1760E-14  0.1580E-14
  0.1000E+15  0.1000E-73  0.1000E-73  0.2330E-45  0.1440E-29  0.1340E-21  0.6430E-17  0.1930E-15  0.5550E-15  0.9080E-15  0.1400E-14  0.1830E-14  0.1980E-14  0.1760E-14  0.1580E-14
  0.1000E+16  0.1000E-73  0.1000E-73  0.1160E-45  0.1440E-29  0.1340E-21  0.6430E-17  0.1930E-15  0.5550E-15  0.9080E-15  0.1400E-14  0.1830E-14  0.1980E-14  0.1760E-14  0.1580E-14
  0.1000E+17  0.1000E-73  0.1000E-73  0.1190E-45  0.1440E-29  0.1340E-21  0.6430E-17  0.1930E-15  0.5550E-15  0.9080E-15  0.1400E-14  0.1830E-14  0.1980E-14  0.1760E-14  0.1580E-14
WAVELENGTH(A)= 
     2.394
 7 14 t 
excit   
    89.300    134.000    223.000    447.000    893.000   2230.000   4470.000   6700.000   8930.000  13400.000  22300.000  44700.000  89300.000 134000.000 
  0.1000E+11  0.1000E-73  0.1000E-73  0.1000E-73  0.2720E-29  0.2930E-21  0.1510E-16  0.4630E-15  0.1340E-14  0.2180E-14  0.3360E-14  0.4340E-14  0.4540E-14  0.3960E-14  0.3490E-14
  0.1000E+12  0.1000E-73  0.1000E-73  0.1000E-73  0.2720E-29  0.2930E-21  0.1510E-16  0.4630E-15  0.1340E-14  0.2180E-14  0.3360E-14  0.4340E-14  0.4540E-14  0.3960E-14  0.3490E-14
  0.1000E+13  0.1000E-73  0.1000E-73  0.1000E-73  0.2720E-29  0.2930E-21  0.1510E-16  0.4630E-15  0.1340E-14  0.2180E-14  0.3360E-14  0.4340E-14  0.4540E-14  0.3960E-14  0.3490E-14
  0.1000E+14  0.1000E-73  0.1000E-73  0.1000E-73  0.2720E-29  0.2930E-21  0.1510E-16  0.4630E-15  0.1340E-14  0.2180E-14  0.3360E-14  0.4340E-14  0.4540E-14  0.3960E-14  0.3490E-14
  0.1000E+15  0.1000E-73  0.1000E-73  0.1000E-73  0.2720E-29  0.2930E-21  0.1510E-16  0.4630E-15  0.1340E-14  0.2180E-14  0.3360E-14  0.4340E-14  0.4540E-14  0.3960E-14  0.3490E-14
  0.1000E+16  0.1000E-73  0.1000E-73  0.1240E-45  0.2720E-29  0.2930E-21  0.1510E-16  0.4630E-15  0.1340E-14  0.2180E-14  0.3360E-14  0.4340E-14  0.4540E-14  0.3960E-14  0.3490E-14
  0.1000E+17  0.1000E-73  0.1000E-73  0.1610E-45  0.2720E-29  0.2930E-21  0.1510E-16  0.4630E-15  0.1340E-14  0.2180E-14  0.3360E-14  0.4340E-14  0.4540E-14  0.3960E-14  0.3490E-14
WAVELENGTH(A)= 
     2.458
 7 14 t 
excit   
    89.300    134.000    223.000    447.000    893.000   2230.000   4470.000   6700.000   8930.000  13400.000  22300.000  44700.000  89300.000 134000.000 
  0.1000E+11  0.1000E-73  0.1000E-73  0.1000E-73  0.2220E-29  0.2070E-21  0.9920E-17  0.2980E-15  0.8570E-15  0.1400E-14  0.2160E-14  0.2830E-14  0.3050E-14  0.2720E-14  0.2430E-14
  0.1000E+12  0.1000E-73  0.1000E-73  0.1000E-73  0.2220E-29  0.2070E-21  0.9920E-17  0.2980E-15  0.8570E-15  0.1400E-14  0.2160E-14  0.2830E-14  0.3050E-14  0.2720E-14  0.2430E-14
  0.1000E+13  0.1000E-73  0.1000E-73  0.1000E-73  0.2220E-29  0.2070E-21  0.9920E-17  0.2980E-15  0.8570E-15  0.1400E-14  0.2160E-14  0.2830E-14  0.3050E-14  0.2720E-14  0.2430E-14
  0.1000E+14  0.1000E-73  0.1000E-73  0.1000E-73  0.2220E-29  0.2070E-21  0.9920E-17  0.2980E-15  0.8570E-15  0.1400E-14  0.2160E-14  0.2830E-14  0.3050E-14  0.2720E-14  0.2430E-14
  0.1000E+15  0.1000E-73  0.1000E-73  0.3590E-45  0.2220E-29  0.2070E-21  0.9920E-17  0.2980E-15  0.8570E-15  0.1400E-14  0.2160E-14  0.2830E-14  0.3050E-14  0.2720E-14  0.2430E-14
  0.1000E+16  0.1000E-73  0.1000E-73  0.1790E-45  0.2220E-29  0.2070E-21  0.9920E-17  0.2980E-15  0.8570E-15  0.1400E-14  0.2160E-14  0.2830E-14  0.3050E-14  0.2720E-14  0.2430E-14
  0.1000E+17  0.1000E-73  0.1000E-73  0.1830E-45  0.2220E-29  0.2070E-21  0.9920E-17  0.2980E-15  0.8570E-15  0.1400E-14  0.2160E-14  0.2830E-14  0.3050E-14  0.2720E-14  0.2430E-14
WAVELENGTH(A)= 
     3.080
 7 14 t 
excit   
    89.300    134.000    223.000    447.000    893.000   2230.000   4470.000   6700.000   8930.000  13400.000  22300.000  44700.000  89300.000 134000.000 
  0.1000E+11  0.1000E-73  0.1000E-73  0.1000E-73  0.1870E-27  0.3210E-20  0.5790E-16  0.1310E-14  0.3490E-14  0.5570E-14  0.8610E-14  0.1190E-13  0.1470E-13  0.1580E-13  0.1580E-13
  0.1000E+12  0.1000E-73  0.1000E-73  0.1000E-73  0.1870E-27  0.3210E-20  0.5790E-16  0.1310E-14  0.3490E-14  0.5570E-14  0.8610E-14  0.1190E-13  0.1470E-13  0.1580E-13  0.1580E-13
  0.1000E+13  0.1000E-73  0.1000E-73  0.4550E-42  0.1870E-27  0.3210E-20  0.5790E-16  0.1310E-14  0.3490E-14  0.5570E-14  0.8610E-14  0.1190E-13  0.1470E-13  0.1580E-13  0.1580E-13
  0.1000E+14  0.1000E-73  0.1000E-73  0.4660E-42  0.1870E-27  0.3210E-20  0.5790E-16  0.1310E-14  0.3490E-14  0.5570E-14  0.8610E-14  0.1190E-13  0.1470E-13  0.1580E-13  0.1580E-13
  0.1000E+15  0.1000E-73  0.1000E-73  0.4670E-42  0.1870E-27  0.3210E-20  0.5790E-16  0.1310E-14  0.3490E-14  0.5570E-14  0.8610E-14  0.1190E-13  0.1470E-13  0.1580E-13  0.1580E-13
  0.1000E+16  0.1000E-73  0.1000E-73  0.4670E-42  0.1870E-27  0.3210E-20  0.5790E-16  0.1310E-14  0.3490E-14  0.5570E-14  0.8610E-14  0.1190E-13  0.1470E-13  0.1580E-13  0.1580E-13
  0.1000E+17  0.1000E-73  0.1000E-73  0.4670E-42  0.1870E-27  0.3210E-20  0.5790E-16  0.1310E-14  0.3490E-14  0.5570E-14  0.8610E-14  0.1190E-13  0.1470E-13  0.1580E-13  0.1580E-13
WAVELENGTH(A)= 
     3.117
 7 14 t 
excit   
    89.300    134.000    223.000    447.000    893.000   2230.000   4470.000   6700.000   8930.000  13400.000  22300.000  44700.000  89300.000 134000.000 
  0.1000E+11  0.1000E-73  0.1000E-73  0.1000E-73  0.1850E-27  0.3120E-20  0.5300E-16  0.1130E-14  0.2870E-14  0.4410E-14  0.6400E-14  0.7910E-14  0.8050E-14  0.6910E-14  0.6050E-14
  0.1000E+12  0.1000E-73  0.1000E-73  0.1000E-73  0.1850E-27  0.3120E-20  0.5300E-16  0.1130E-14  0.2870E-14  0.4410E-14  0.6400E-14  0.7910E-14  0.8050E-14  0.6910E-14  0.6050E-14
  0.1000E+13  0.1000E-73  0.1000E-73  0.5610E-42  0.1850E-27  0.3120E-20  0.5300E-16  0.1130E-14  0.2870E-14  0.4410E-14  0.6400E-14  0.7910E-14  0.8050E-14  0.6910E-14  0.6050E-14
  0.1000E+14  0.1000E-73  0.1000E-73  0.4480E-42  0.1850E-27  0.3120E-20  0.5300E-16  0.1130E-14  0.2870E-14  0.4410E-14  0.6400E-14  0.7910E-14  0.8050E-14  0.6910E-14  0.6050E-14
  0.1000E+15  0.1000E-73  0.1000E-73  0.4620E-42  0.1850E-27  0.3120E-20  0.5300E-16  0.1130E-14  0.2870E-14  0.4410E-14  0.6400E-14  0.7910E-14  0.8050E-14  0.6910E-14  0.6050E-14
  0.1000E+16  0.1000E-73  0.1000E-73  0.4620E-42  0.1850E-27  0.3120E-20  0.5300E-16  0.1130E-14  0.2870E-14  0.4410E-14  0.6400E-14  0.7910E-14  0.8050E-14  0.6910E-14  0.6050E-14
  0.1000E+17  0.1000E-73  0.1000E-73  0.4620E-42  0.1850E-27  0.3120E-20  0.5300E-16  0.1130E-14  0.2870E-14  0.4410E-14  0.6400E-14  0.7910E-14  0.8050E-14  0.6910E-14  0.6050E-14
WAVELENGTH(A)= 
     3.234
 7 14 t 
excit   
    89.300    134.000    223.000    447.000    893.000   2230.000   4470.000   6700.000   8930.000  13400.000  22300.000  44700.000  89300.000 134000.000 
  0.1000E+11  0.1000E-73  0.1000E-73  0.1000E-73  0.1330E-27  0.1850E-20  0.2950E-16  0.6460E-15  0.1710E-14  0.2690E-14  0.4160E-14  0.5700E-14  0.7020E-14  0.7480E-14  0.7480E-14
  0.1000E+12  0.1000E-73  0.1000E-73  0.9820E-42  0.1330E-27  0.1850E-20  0.2950E-16  0.6460E-15  0.1710E-14  0.2690E-14  0.4160E-14  0.5700E-14  0.7020E-14  0.7480E-14  0.7480E-14
  0.1000E+13  0.1000E-73  0.1000E-73  0.4910E-42  0.1330E-27  0.1850E-20  0.2950E-16  0.6460E-15  0.1710E-14  0.2690E-14  0.4160E-14  0.5700E-14  0.7020E-14  0.7480E-14  0.7480E-14
  0.1000E+14  0.1000E-73  0.1000E-73  0.5110E-42  0.1330E-27  0.1850E-20  0.2950E-16  0.6460E-15  0.1710E-14  0.2690E-14  0.4160E-14  0.5700E-14  0.7020E-14  0.7480E-14  0.7480E-14
  0.1000E+15  0.1000E-73  0.1000E-73  0.5130E-42  0.1330E-27  0.1850E-20  0.2950E-16  0.6460E-15  0.1710E-14  0.2690E-14  0.4160E-14  0.5700E-14  0.7020E-14  0.7480E-14  0.7480E-14
  0.1000E+16  0.1000E-73  0.1000E-73  0.5130E-42  0.1330E-27  0.1850E-20  0.2950E-16  0.6460E-15  0.1710E-14  0.2690E-14  0.4160E-14  0.5700E-14  0.7020E-14  0.7480E-14  0.7480E-14
  0.1000E+17  0.1000E-73  0.1000E-73  0.5130E-42  0.1330E-27  0.1850E-20  0.2950E-16  0.6460E-15  0.1710E-14  0.2690E-14  0.4160E-14  0.5700E-14  0.7020E-14  0.7480E-14  0.7480E-14
WAVELENGTH(A)= 
     3.295
 7 14 t 
excit   
    89.300    134.000    223.000    447.000    893.000   2230.000   4470.000   6700.000   8930.000  13400.000  22300.000  44700.000  89300.000 134000.000 
  0.1000E+11  0.1000E-73  0.1000E-73  0.1000E-73  0.2560E-27  0.3430E-20  0.5150E-16  0.1070E-14  0.2710E-14  0.4160E-14  0.6090E-14  0.7630E-14  0.7990E-14  0.7130E-14  0.6400E-14
  0.1000E+12  0.1000E-73  0.1000E-73  0.1080E-41  0.2560E-27  0.3430E-20  0.5150E-16  0.1070E-14  0.2710E-14  0.4160E-14  0.6090E-14  0.7630E-14  0.7990E-14  0.7130E-14  0.6400E-14
  0.1000E+13  0.1000E-73  0.1000E-73  0.1020E-41  0.2560E-27  0.3430E-20  0.5150E-16  0.1070E-14  0.2710E-14  0.4160E-14  0.6090E-14  0.7630E-14  0.7990E-14  0.7130E-14  0.6400E-14
  0.1000E+14  0.1000E-73  0.1000E-73  0.1030E-41  0.2560E-27  0.3430E-20  0.5150E-16  0.1070E-14  0.2710E-14  0.4160E-14  0.6090E-14  0.7630E-14  0.7990E-14  0.7130E-14  0.6400E-14
  0.1000E+15  0.1000E-73  0.1000E-73  0.1030E-41  0.2560E-27  0.3430E-20  0.5150E-16  0.1070E-14  0.2710E-14  0.4160E-14  0.6090E-14  0.7630E-14  0.7990E-14  0.7130E-14  0.6400E-14
  0.1000E+16  0.1000E-73  0.1000E-73  0.1030E-41  0.2560E-27  0.3430E-20  0.5150E-16  0.1070E-14  0.2710E-14  0.4160E-14  0.6090E-14  0.7630E-14  0.7990E-14  0.7130E-14  0.6400E-14
  0.1000E+17  0.1000E-73  0.1000E-73  0.1030E-41  0.2560E-27  0.3430E-20  0.5150E-16  0.1070E-14  0.2710E-14  0.4160E-14  0.6090E-14  0.7630E-14  0.7990E-14  0.7130E-14  0.6400E-14
WAVELENGTH(A)= 
     3.468
 7 14 t 
excit   
    89.300    134.000    223.000    447.000    893.000   2230.000   4470.000   6700.000   8930.000  13400.000  22300.000  44700.000  89300.000 134000.000 
  0.1000E+11  0.1000E-73  0.1000E-73  0.1000E-73  0.2790E-27  0.4980E-20  0.8770E-16  0.1890E-14  0.4830E-14  0.7440E-14  0.1080E-13  0.1340E-13  0.1360E-13  0.1170E-13  0.1030E-13
  0.1000E+12  0.1000E-73  0.1000E-73  0.1000E-73  0.2790E-27  0.4980E-20  0.8770E-16  0.1890E-14  0.4830E-14  0.7440E-14  0.1080E-13  0.1340E-13  0.1360E-13  0.1170E-13  0.1030E-13
  0.1000E+13  0.1000E-73  0.1000E-73  0.7310E-42  0.2790E-27  0.4980E-20  0.8770E-16  0.1890E-14  0.4830E-14  0.7440E-14  0.1080E-13  0.1340E-13  0.1360E-13  0.1170E-13  0.1030E-13
  0.1000E+14  0.1000E-73  0.1000E-73  0.6100E-42  0.2790E-27  0.4980E-20  0.8770E-16  0.1890E-14  0.4830E-14  0.7440E-14  0.1080E-13  0.1340E-13  0.1360E-13  0.1170E-13  0.1030E-13
  0.1000E+15  0.1000E-73  0.1000E-73  0.6190E-42  0.2790E-27  0.4980E-20  0.8770E-16  0.1890E-14  0.4830E-14  0.7440E-14  0.1080E-13  0.1340E-13  0.1360E-13  0.1170E-13  0.1030E-13
  0.1000E+16  0.1000E-73  0.1000E-73  0.6200E-42  0.2790E-27  0.4980E-20  0.8770E-16  0.1890E-14  0.4830E-14  0.7440E-14  0.1080E-13  0.1340E-13  0.1360E-13  0.1170E-13  0.1030E-13
  0.1000E+17  0.1000E-73  0.1000E-73  0.6190E-42  0.2790E-27  0.4980E-20  0.8770E-16  0.1890E-14  0.4830E-14  0.7430E-14  0.1080E-13  0.1340E-13  0.1360E-13  0.1170E-13  0.1030E-13
WAVELENGTH(A)= 
     3.519
 7 14 t 
excit   
    89.300    134.000    223.000    447.000    893.000   2230.000   4470.000   6700.000   8930.000  13400.000  22300.000  44700.000  89300.000 134000.000 
  0.1000E+11  0.1000E-73  0.1000E-73  0.1000E-73  0.2560E-28  0.4310E-21  0.7340E-17  0.1560E-15  0.3980E-15  0.6110E-15  0.8870E-15  0.1100E-14  0.1110E-14  0.9580E-15  0.8370E-15
  0.1000E+12  0.1000E-73  0.1000E-73  0.1000E-73  0.2560E-28  0.4310E-21  0.7340E-17  0.1560E-15  0.3980E-15  0.6110E-15  0.8870E-15  0.1100E-14  0.1110E-14  0.9580E-15  0.8370E-15
  0.1000E+13  0.1000E-73  0.1000E-73  0.7760E-43  0.2560E-28  0.4310E-21  0.7340E-17  0.1560E-15  0.3980E-15  0.6110E-15  0.8870E-15  0.1100E-14  0.1110E-14  0.9580E-15  0.8370E-15
  0.1000E+14  0.1000E-73  0.1000E-73  0.6210E-43  0.2560E-28  0.4310E-21  0.7340E-17  0.1560E-15  0.3980E-15  0.6110E-15  0.8870E-15  0.1100E-14  0.1110E-14  0.9580E-15  0.8370E-15
  0.1000E+15  0.1000E-73  0.1000E-73  0.6400E-43  0.2560E-28  0.4310E-21  0.7340E-17  0.1560E-15  0.3980E-15  0.6110E-15  0.8870E-15  0.1100E-14  0.1110E-14  0.9580E-15  0.8370E-15
  0.1000E+16  0.1000E-73  0.1000E-73  0.6390E-43  0.2560E-28  0.4310E-21  0.7340E-17  0.1560E-15  0.3980E-15  0.6110E-15  0.8870E-15  0.1100E-14  0.1110E-14  0.9580E-15  0.8370E-15
  0.1000E+17  0.1000E-73  0.1000E-73  0.6400E-43  0.2560E-28  0.4310E-21  0.7340E-17  0.1560E-15  0.3980E-15  0.6110E-15  0.8870E-15  0.1100E-14  0.1110E-14  0.9580E-15  0.8370E-15
WAVELENGTH(A)= 
     3.657
 7 14 t 
excit   
    89.300    134.000    223.000    447.000    893.000   2230.000   4470.000   6700.000   8930.000  13400.000  22300.000  44700.000  89300.000 134000.000 
  0.1000E+11  0.1000E-73  0.1000E-73  0.1000E-73  0.3320E-28  0.5690E-21  0.1030E-16  0.2330E-15  0.6190E-15  0.9880E-15  0.1530E-14  0.2110E-14  0.2610E-14  0.2800E-14  0.2810E-14
  0.1000E+12  0.1000E-73  0.1000E-73  0.1000E-73  0.3320E-28  0.5690E-21  0.1030E-16  0.2330E-15  0.6190E-15  0.9880E-15  0.1530E-14  0.2110E-14  0.2610E-14  0.2800E-14  0.2810E-14
  0.1000E+13  0.1000E-73  0.1000E-73  0.8070E-43  0.3320E-28  0.5690E-21  0.1030E-16  0.2330E-15  0.6190E-15  0.9880E-15  0.1530E-14  0.2110E-14  0.2610E-14  0.2800E-14  0.2810E-14
  0.1000E+14  0.1000E-73  0.1000E-73  0.8270E-43  0.3320E-28  0.5690E-21  0.1030E-16  0.2330E-15  0.6190E-15  0.9880E-15  0.1530E-14  0.2110E-14  0.2610E-14  0.2800E-14  0.2810E-14
  0.1000E+15  0.1000E-73  0.1000E-73  0.8290E-43  0.3320E-28  0.5690E-21  0.1030E-16  0.2330E-15  0.6190E-15  0.9880E-15  0.1530E-14  0.2110E-14  0.2610E-14  0.2800E-14  0.2810E-14
  0.1000E+16  0.1000E-73  0.1000E-73  0.8280E-43  0.3320E-28  0.5690E-21  0.1030E-16  0.2330E-15  0.6190E-15  0.9880E-15  0.1530E-14  0.2110E-14  0.2610E-14  0.2800E-14  0.2810E-14
  0.1000E+17  0.1000E-73  0.1000E-73  0.8280E-43  0.3320E-28  0.5690E-21  0.1030E-16  0.2330E-15  0.6190E-15  0.9880E-15  0.1530E-14  0.2110E-14  0.2610E-14  0.2800E-14  0.2810E-14
WAVELENGTH(A)= 
     3.731
 7 14 t 
excit   
    89.300    134.000    223.000    447.000    893.000   2230.000   4470.000   6700.000   8930.000  13400.000  22300.000  44700.000  89300.000 134000.000 
  0.1000E+11  0.1000E-73  0.1000E-73  0.1000E-73  0.2870E-28  0.4000E-21  0.6360E-17  0.1390E-15  0.3680E-15  0.5800E-15  0.8960E-15  0.1230E-14  0.1510E-14  0.1610E-14  0.1610E-14
  0.1000E+12  0.1000E-73  0.1000E-73  0.2120E-42  0.2870E-28  0.4000E-21  0.6360E-17  0.1390E-15  0.3680E-15  0.5800E-15  0.8960E-15  0.1230E-14  0.1510E-14  0.1610E-14  0.1610E-14
  0.1000E+13  0.1000E-73  0.1000E-73  0.1060E-42  0.2870E-28  0.4000E-21  0.6360E-17  0.1390E-15  0.3680E-15  0.5800E-15  0.8960E-15  0.1230E-14  0.1510E-14  0.1610E-14  0.1610E-14
  0.1000E+14  0.1000E-73  0.1000E-73  0.1100E-42  0.2870E-28  0.4000E-21  0.6360E-17  0.1390E-15  0.3680E-15  0.5800E-15  0.8960E-15  0.1230E-14  0.1510E-14  0.1610E-14  0.1610E-14
  0.1000E+15  0.1000E-73  0.1000E-73  0.1100E-42  0.2870E-28  0.4000E-21  0.6360E-17  0.1390E-15  0.3680E-15  0.5800E-15  0.8960E-15  0.1230E-14  0.1510E-14  0.1610E-14  0.1610E-14
  0.1000E+16  0.1000E-73  0.1000E-73  0.1100E-42  0.2870E-28  0.4000E-21  0.6360E-17  0.1390E-15  0.3680E-15  0.5800E-15  0.8960E-15  0.1230E-14  0.1510E-14  0.1610E-14  0.1610E-14
  0.1000E+17  0.1000E-73  0.1000E-73  0.1100E-42  0.2870E-28  0.4000E-21  0.6360E-17  0.1390E-15  0.3680E-15  0.5800E-15  0.8960E-15  0.1230E-14  0.1510E-14  0.1610E-14  0.1610E-14
WAVELENGTH(A)= 
     3.747
 7 14 t 
excit   
    89.300    134.000    223.000    447.000    893.000   2230.000   4470.000   6700.000   8930.000  13400.000  22300.000  44700.000  89300.000 134000.000 
  0.1000E+11  0.1000E-73  0.1000E-73  0.1000E-73  0.3490E-27  0.4670E-20  0.7010E-16  0.1450E-14  0.3690E-14  0.5670E-14  0.8290E-14  0.1040E-13  0.1090E-13  0.9700E-14  0.8710E-14
  0.1000E+12  0.1000E-73  0.1000E-73  0.1470E-41  0.3490E-27  0.4670E-20  0.7010E-16  0.1450E-14  0.3690E-14  0.5670E-14  0.8290E-14  0.1040E-13  0.1090E-13  0.9700E-14  0.8710E-14
  0.1000E+13  0.1000E-73  0.1000E-73  0.1390E-41  0.3490E-27  0.4670E-20  0.7010E-16  0.1450E-14  0.3690E-14  0.5670E-14  0.8290E-14  0.1040E-13  0.1090E-13  0.9700E-14  0.8710E-14
  0.1000E+14  0.1000E-73  0.1000E-73  0.1410E-41  0.3490E-27  0.4670E-20  0.7010E-16  0.1450E-14  0.3690E-14  0.5670E-14  0.8290E-14  0.1040E-13  0.1090E-13  0.9700E-14  0.8710E-14
  0.1000E+15  0.1000E-73  0.1000E-73  0.1410E-41  0.3490E-27  0.4670E-20  0.7010E-16  0.1450E-14  0.3690E-14  0.5670E-14  0.8290E-14  0.1040E-13  0.1090E-13  0.9700E-14  0.8710E-14
  0.1000E+16  0.1000E-73  0.1000E-73  0.1410E-41  0.3490E-27  0.4670E-20  0.7010E-16  0.1450E-14  0.3690E-14  0.5670E-14  0.8290E-14  0.1040E-13  0.1090E-13  0.9700E-14  0.8710E-14
  0.1000E+17  0.1000E-73  0.1000E-73  0.1410E-41  0.3490E-27  0.4670E-20  0.7010E-16  0.1450E-14  0.3690E-14  0.5670E-14  0.8290E-14  0.1040E-13  0.1090E-13  0.9700E-14  0.8710E-14
WAVELENGTH(A)= 
     4.056
 7 14 t 
excit   
    89.300    134.000    223.000    447.000    893.000   2230.000   4470.000   6700.000   8930.000  13400.000  22300.000  44700.000  89300.000 134000.000 
  0.1000E+11  0.1000E-73  0.1000E-73  0.1000E-73  0.1370E-31  0.7020E-23  0.9190E-18  0.3860E-16  0.1230E-15  0.2130E-15  0.3610E-15  0.5580E-15  0.7840E-15  0.8610E-15  0.8380E-15
  0.1000E+12  0.1000E-73  0.1000E-73  0.1000E-73  0.1370E-31  0.7020E-23  0.9190E-18  0.3860E-16  0.1230E-15  0.2130E-15  0.3610E-15  0.5580E-15  0.7840E-15  0.8610E-15  0.8380E-15
  0.1000E+13  0.1000E-73  0.1000E-73  0.1000E-73  0.1370E-31  0.7020E-23  0.9190E-18  0.3860E-16  0.1230E-15  0.2130E-15  0.3610E-15  0.5580E-15  0.7840E-15  0.8610E-15  0.8380E-15
  0.1000E+14  0.1000E-73  0.1000E-73  0.1000E-73  0.1370E-31  0.7020E-23  0.9190E-18  0.3860E-16  0.1230E-15  0.2130E-15  0.3610E-15  0.5580E-15  0.7840E-15  0.8610E-15  0.8380E-15
  0.1000E+15  0.1000E-73  0.1000E-73  0.1000E-73  0.1370E-31  0.7020E-23  0.9190E-18  0.3860E-16  0.1230E-15  0.2130E-15  0.3610E-15  0.5580E-15  0.7840E-15  0.8610E-15  0.8380E-15
  0.1000E+16  0.1000E-73  0.1000E-73  0.1000E-73  0.1370E-31  0.7020E-23  0.9190E-18  0.3860E-16  0.1230E-15  0.2130E-15  0.3610E-15  0.5580E-15  0.7840E-15  0.8610E-15  0.8380E-15
  0.1000E+17  0.1000E-73  0.1000E-73  0.1000E-73  0.1370E-31  0.7020E-23  0.9190E-18  0.3860E-16  0.1230E-15  0.2130E-15  0.3610E-15  0.5580E-15  0.7840E-15  0.8610E-15  0.8380E-15
WAVELENGTH(A)= 
     4.548
 7 14 t 
excit   
    89.300    134.000    223.000    447.000    893.000   2230.000   4470.000   6700.000   8930.000  13400.000  22300.000  44700.000  89300.000 134000.000 
  0.1000E+11  0.1000E-73  0.1000E-73  0.1000E-73  0.5840E-31  0.1660E-22  0.1550E-17  0.5920E-16  0.1860E-15  0.3220E-15  0.5390E-15  0.7900E-15  0.1020E-14  0.1120E-14  0.1130E-14
  0.1000E+12  0.1000E-73  0.1000E-73  0.1000E-73  0.5840E-31  0.1660E-22  0.1550E-17  0.5920E-16  0.1860E-15  0.3220E-15  0.5390E-15  0.7900E-15  0.1020E-14  0.1120E-14  0.1130E-14
  0.1000E+13  0.1000E-73  0.1000E-73  0.1000E-73  0.5840E-31  0.1660E-22  0.1550E-17  0.5920E-16  0.1860E-15  0.3220E-15  0.5390E-15  0.7900E-15  0.1020E-14  0.1120E-14  0.1130E-14
  0.1000E+14  0.1000E-73  0.1000E-73  0.1000E-73  0.5840E-31  0.1660E-22  0.1550E-17  0.5920E-16  0.1860E-15  0.3220E-15  0.5390E-15  0.7900E-15  0.1020E-14  0.1120E-14  0.1130E-14
  0.1000E+15  0.1000E-73  0.1000E-73  0.1000E-73  0.5840E-31  0.1660E-22  0.1550E-17  0.5920E-16  0.1860E-15  0.3220E-15  0.5390E-15  0.7900E-15  0.1020E-14  0.1120E-14  0.1130E-14
  0.1000E+16  0.1000E-73  0.1000E-73  0.1000E-73  0.5840E-31  0.1660E-22  0.1550E-17  0.5920E-16  0.1860E-15  0.3220E-15  0.5390E-15  0.7900E-15  0.1020E-14  0.1120E-14  0.1130E-14
  0.1000E+17  0.1000E-73  0.1000E-73  0.1000E-73  0.5840E-31  0.1660E-22  0.1550E-17  0.5920E-16  0.1860E-15  0.3220E-15  0.5390E-15  0.7900E-15  0.1020E-14  0.1120E-14  0.1130E-14
WAVELENGTH(A)= 
     4.899
 7 14 t 
excit   
    89.300    134.000    223.000    447.000    893.000   2230.000   4470.000   6700.000   8930.000  13400.000  22300.000  44700.000  89300.000 134000.000 
  0.1000E+11  0.1000E-73  0.1000E-73  0.1000E-73  0.7910E-31  0.2260E-22  0.2090E-17  0.7790E-16  0.2390E-15  0.4020E-15  0.6390E-15  0.8500E-15  0.9170E-15  0.8130E-15  0.7200E-15
  0.1000E+12  0.1000E-73  0.1000E-73  0.1000E-73  0.7910E-31  0.2260E-22  0.2090E-17  0.7790E-16  0.2390E-15  0.4020E-15  0.6390E-15  0.8500E-15  0.9170E-15  0.8130E-15  0.7200E-15
  0.1000E+13  0.1000E-73  0.1000E-73  0.1000E-73  0.7910E-31  0.2260E-22  0.2090E-17  0.7790E-16  0.2390E-15  0.4020E-15  0.6390E-15  0.8500E-15  0.9170E-15  0.8130E-15  0.7200E-15
  0.1000E+14  0.1000E-73  0.1000E-73  0.1000E-73  0.7910E-31  0.2260E-22  0.2090E-17  0.7790E-16  0.2390E-15  0.4020E-15  0.6390E-15  0.8500E-15  0.9170E-15  0.8130E-15  0.7200E-15
  0.1000E+15  0.1000E-73  0.1000E-73  0.1000E-73  0.7910E-31  0.2260E-22  0.2090E-17  0.7790E-16  0.2390E-15  0.4020E-15  0.6390E-15  0.8500E-15  0.9170E-15  0.8130E-15  0.7200E-15
  0.1000E+16  0.1000E-73  0.1000E-73  0.1000E-73  0.7910E-31  0.2260E-22  0.2090E-17  0.7790E-16  0.2390E-15  0.4020E-15  0.6390E-15  0.8500E-15  0.9170E-15  0.8130E-15  0.7200E-15
  0.1000E+17  0.1000E-73  0.1000E-73  0.1000E-73  0.7910E-31  0.2260E-22  0.2090E-17  0.7790E-16  0.2390E-15  0.4020E-15  0.6390E-15  0.8500E-15  0.9170E-15  0.8130E-15  0.7200E-15
WAVELENGTH(A)= 
     6.731
 7 14 t 
excit   
    89.300    134.000    223.000    447.000    893.000   2230.000   4470.000   6700.000   8930.000  13400.000  22300.000  44700.000  89300.000 134000.000 
  0.1000E+11  0.1000E-73  0.1000E-73  0.1000E-73  0.8020E-30  0.8520E-22  0.4500E-17  0.1440E-15  0.4240E-15  0.7100E-15  0.1160E-14  0.1650E-14  0.2100E-14  0.2280E-14  0.2290E-14
  0.1000E+12  0.1000E-73  0.1000E-73  0.1000E-73  0.8020E-30  0.8520E-22  0.4500E-17  0.1440E-15  0.4240E-15  0.7100E-15  0.1160E-14  0.1650E-14  0.2100E-14  0.2280E-14  0.2290E-14
  0.1000E+13  0.1000E-73  0.1000E-73  0.1000E-73  0.8020E-30  0.8520E-22  0.4500E-17  0.1440E-15  0.4240E-15  0.7100E-15  0.1160E-14  0.1650E-14  0.2100E-14  0.2280E-14  0.2290E-14
  0.1000E+14  0.1000E-73  0.1000E-73  0.1000E-73  0.8020E-30  0.8520E-22  0.4500E-17  0.1440E-15  0.4240E-15  0.7100E-15  0.1160E-14  0.1650E-14  0.2100E-14  0.2280E-14  0.2290E-14
  0.1000E+15  0.1000E-73  0.1000E-73  0.1000E-73  0.8020E-30  0.8520E-22  0.4500E-17  0.1440E-15  0.4240E-15  0.7100E-15  0.1160E-14  0.1650E-14  0.2100E-14  0.2280E-14  0.2290E-14
  0.1000E+16  0.1000E-73  0.1000E-73  0.5070E-46  0.8020E-30  0.8520E-22  0.4500E-17  0.1440E-15  0.4240E-15  0.7100E-15  0.1160E-14  0.1650E-14  0.2100E-14  0.2280E-14  0.2290E-14
  0.1000E+17  0.1000E-73  0.1000E-73  0.5070E-46  0.8020E-30  0.8520E-22  0.4500E-17  0.1440E-15  0.4240E-15  0.7100E-15  0.1160E-14  0.1650E-14  0.2100E-14  0.2280E-14  0.2290E-14
WAVELENGTH(A)= 
     6.802
 7 14 t 
excit   
    89.300    134.000    223.000    447.000    893.000   2230.000   4470.000   6700.000   8930.000  13400.000  22300.000  44700.000  89300.000 134000.000 
  0.1000E+11  0.1000E-73  0.1000E-73  0.1000E-73  0.6720E-30  0.7030E-22  0.3560E-17  0.1090E-15  0.3130E-15  0.5090E-15  0.7830E-15  0.1010E-14  0.1060E-14  0.9230E-15  0.8120E-15
  0.1000E+12  0.1000E-73  0.1000E-73  0.1000E-73  0.6720E-30  0.7030E-22  0.3560E-17  0.1090E-15  0.3130E-15  0.5090E-15  0.7830E-15  0.1010E-14  0.1060E-14  0.9230E-15  0.8120E-15
  0.1000E+13  0.1000E-73  0.1000E-73  0.1000E-73  0.6720E-30  0.7030E-22  0.3560E-17  0.1090E-15  0.3130E-15  0.5090E-15  0.7830E-15  0.1010E-14  0.1060E-14  0.9230E-15  0.8120E-15
  0.1000E+14  0.1000E-73  0.1000E-73  0.1000E-73  0.6720E-30  0.7030E-22  0.3560E-17  0.1090E-15  0.3130E-15  0.5090E-15  0.7830E-15  0.1010E-14  0.1060E-14  0.9230E-15  0.8120E-15
  0.1000E+15  0.1000E-73  0.1000E-73  0.1000E-73  0.6720E-30  0.7030E-22  0.3560E-17  0.1090E-15  0.3130E-15  0.5090E-15  0.7830E-15  0.1010E-14  0.1060E-14  0.9230E-15  0.8120E-15
  0.1000E+16  0.1000E-73  0.1000E-73  0.5450E-46  0.6720E-30  0.7030E-22  0.3560E-17  0.1090E-15  0.3130E-15  0.5090E-15  0.7830E-15  0.1010E-14  0.1060E-14  0.9230E-15  0.8120E-15
  0.1000E+17  0.1000E-73  0.1000E-73  0.4360E-46  0.6720E-30  0.7030E-22  0.3560E-17  0.1090E-15  0.3130E-15  0.5090E-15  0.7830E-15  0.1010E-14  0.1060E-14  0.9230E-15  0.8120E-15
WAVELENGTH(A)= 
     7.107
 7 14 t 
excit   
    89.300    134.000    223.000    447.000    893.000   2230.000   4470.000   6700.000   8930.000  13400.000  22300.000  44700.000  89300.000 134000.000 
  0.1000E+11  0.1000E-73  0.1000E-73  0.1000E-73  0.4440E-30  0.4280E-22  0.2130E-17  0.6630E-16  0.1950E-15  0.3260E-15  0.5290E-15  0.7550E-15  0.9500E-15  0.1030E-14  0.1030E-14
  0.1000E+12  0.1000E-73  0.1000E-73  0.1000E-73  0.4440E-30  0.4280E-22  0.2130E-17  0.6630E-16  0.1950E-15  0.3260E-15  0.5290E-15  0.7550E-15  0.9500E-15  0.1030E-14  0.1030E-14
  0.1000E+13  0.1000E-73  0.1000E-73  0.1000E-73  0.4440E-30  0.4280E-22  0.2130E-17  0.6630E-16  0.1950E-15  0.3260E-15  0.5290E-15  0.7550E-15  0.9500E-15  0.1030E-14  0.1030E-14
  0.1000E+14  0.1000E-73  0.1000E-73  0.1000E-73  0.4440E-30  0.4280E-22  0.2130E-17  0.6630E-16  0.1950E-15  0.3260E-15  0.5290E-15  0.7550E-15  0.9500E-15  0.1030E-14  0.1030E-14
  0.1000E+15  0.1000E-73  0.1000E-73  0.1000E-73  0.4440E-30  0.4280E-22  0.2130E-17  0.6630E-16  0.1950E-15  0.3260E-15  0.5290E-15  0.7550E-15  0.9500E-15  0.1030E-14  0.1030E-14
  0.1000E+16  0.1000E-73  0.1000E-73  0.4320E-46  0.4440E-30  0.4280E-22  0.2130E-17  0.6630E-16  0.1950E-15  0.3260E-15  0.5290E-15  0.7550E-15  0.9500E-15  0.1030E-14  0.1030E-14
  0.1000E+17  0.1000E-73  0.1000E-73  0.3670E-46  0.4440E-30  0.4280E-22  0.2130E-17  0.6630E-16  0.1950E-15  0.3260E-15  0.5290E-15  0.7550E-15  0.9500E-15  0.1030E-14  0.1030E-14
WAVELENGTH(A)= 
     7.214
 7 14 t 
excit   
    89.300    134.000    223.000    447.000    893.000   2230.000   4470.000   6700.000   8930.000  13400.000  22300.000  44700.000  89300.000 134000.000 
  0.1000E+11  0.4600E-18  0.2300E-15  0.3020E-13  0.1010E-11  0.5000E-11  0.1070E-10  0.1220E-10  0.1210E-10  0.1180E-10  0.1110E-10  0.1010E-10  0.8410E-11  0.6810E-11  0.5960E-11
  0.1000E+12  0.4600E-18  0.2300E-15  0.3020E-13  0.1010E-11  0.5000E-11  0.1070E-10  0.1220E-10  0.1210E-10  0.1180E-10  0.1110E-10  0.1010E-10  0.8410E-11  0.6810E-11  0.5960E-11
  0.1000E+13  0.4600E-18  0.2300E-15  0.3020E-13  0.1010E-11  0.5000E-11  0.1070E-10  0.1220E-10  0.1210E-10  0.1180E-10  0.1110E-10  0.1010E-10  0.8410E-11  0.6810E-11  0.5960E-11
  0.1000E+14  0.4600E-18  0.2300E-15  0.3020E-13  0.1010E-11  0.5000E-11  0.1070E-10  0.1220E-10  0.1210E-10  0.1180E-10  0.1110E-10  0.1010E-10  0.8410E-11  0.6810E-11  0.5960E-11
  0.1000E+15  0.4600E-18  0.2300E-15  0.3020E-13  0.1010E-11  0.5000E-11  0.1070E-10  0.1220E-10  0.1210E-10  0.1180E-10  0.1110E-10  0.1010E-10  0.8410E-11  0.6810E-11  0.5960E-11
  0.1000E+16  0.4600E-18  0.2300E-15  0.3020E-13  0.1010E-11  0.5000E-11  0.1070E-10  0.1220E-10  0.1210E-10  0.1180E-10  0.1110E-10  0.1010E-10  0.8410E-11  0.6810E-11  0.5960E-11
  0.1000E+17  0.4600E-18  0.2300E-15  0.3020E-13  0.1010E-11  0.5000E-11  0.1070E-10  0.1220E-10  0.1210E-10  0.1180E-10  0.1110E-10  0.1010E-10  0.8410E-11  0.6810E-11  0.5960E-11
WAVELENGTH(A)= 
     7.233
 7 14 t 
excit   
    89.300    134.000    223.000    447.000    893.000   2230.000   4470.000   6700.000   8930.000  13400.000  22300.000  44700.000  89300.000 134000.000 
  0.1000E+11  0.1000E-73  0.1000E-73  0.1000E-73  0.1070E-29  0.1000E-21  0.4810E-17  0.1440E-15  0.4150E-15  0.6780E-15  0.1050E-14  0.1370E-14  0.1480E-14  0.1320E-14  0.1180E-14
  0.1000E+12  0.1000E-73  0.1000E-73  0.1000E-73  0.1070E-29  0.1000E-21  0.4810E-17  0.1440E-15  0.4150E-15  0.6780E-15  0.1050E-14  0.1370E-14  0.1480E-14  0.1320E-14  0.1180E-14
  0.1000E+13  0.1000E-73  0.1000E-73  0.1000E-73  0.1070E-29  0.1000E-21  0.4810E-17  0.1440E-15  0.4150E-15  0.6780E-15  0.1050E-14  0.1370E-14  0.1480E-14  0.1320E-14  0.1180E-14
  0.1000E+14  0.1000E-73  0.1000E-73  0.1000E-73  0.1070E-29  0.1000E-21  0.4810E-17  0.1440E-15  0.4150E-15  0.6780E-15  0.1050E-14  0.1370E-14  0.1480E-14  0.1320E-14  0.1180E-14
  0.1000E+15  0.1000E-73  0.1000E-73  0.1740E-45  0.1070E-29  0.1000E-21  0.4810E-17  0.1440E-15  0.4150E-15  0.6780E-15  0.1050E-14  0.1370E-14  0.1480E-14  0.1320E-14  0.1180E-14
  0.1000E+16  0.1000E-73  0.1000E-73  0.8690E-46  0.1070E-29  0.1000E-21  0.4810E-17  0.1440E-15  0.4150E-15  0.6780E-15  0.1050E-14  0.1370E-14  0.1480E-14  0.1320E-14  0.1180E-14
  0.1000E+17  0.1000E-73  0.1000E-73  0.8860E-46  0.1070E-29  0.1000E-21  0.4810E-17  0.1440E-15  0.4150E-15  0.6780E-15  0.1050E-14  0.1370E-14  0.1480E-14  0.1320E-14  0.1180E-14
WAVELENGTH(A)= 
     7.475
 7 14 t 
excit   
    89.300    134.000    223.000    447.000    893.000   2230.000   4470.000   6700.000   8930.000  13400.000  22300.000  44700.000  89300.000 134000.000 
  0.1000E+11  0.1000E-73  0.1000E-73  0.1000E-73  0.1080E-29  0.1170E-21  0.6010E-17  0.1850E-15  0.5340E-15  0.8670E-15  0.1340E-14  0.1730E-14  0.1810E-14  0.1580E-14  0.1390E-14
  0.1000E+12  0.1000E-73  0.1000E-73  0.1000E-73  0.1080E-29  0.1170E-21  0.6010E-17  0.1850E-15  0.5340E-15  0.8670E-15  0.1340E-14  0.1730E-14  0.1810E-14  0.1580E-14  0.1390E-14
  0.1000E+13  0.1000E-73  0.1000E-73  0.1000E-73  0.1080E-29  0.1170E-21  0.6010E-17  0.1850E-15  0.5340E-15  0.8670E-15  0.1340E-14  0.1730E-14  0.1810E-14  0.1580E-14  0.1390E-14
  0.1000E+14  0.1000E-73  0.1000E-73  0.1000E-73  0.1080E-29  0.1170E-21  0.6010E-17  0.1850E-15  0.5340E-15  0.8670E-15  0.1340E-14  0.1730E-14  0.1810E-14  0.1580E-14  0.1390E-14
  0.1000E+15  0.1000E-73  0.1000E-73  0.1000E-73  0.1080E-29  0.1170E-21  0.6010E-17  0.1850E-15  0.5340E-15  0.8670E-15  0.1340E-14  0.1730E-14  0.1810E-14  0.1580E-14  0.1390E-14
  0.1000E+16  0.1000E-73  0.1000E-73  0.4930E-46  0.1080E-29  0.1170E-21  0.6010E-17  0.1850E-15  0.5340E-15  0.8670E-15  0.1340E-14  0.1730E-14  0.1810E-14  0.1580E-14  0.1390E-14
  0.1000E+17  0.1000E-73  0.1000E-73  0.6410E-46  0.1080E-29  0.1170E-21  0.6010E-17  0.1850E-15  0.5340E-15  0.8670E-15  0.1340E-14  0.1730E-14  0.1810E-14  0.1580E-14  0.1390E-14
WAVELENGTH(A)= 
     7.871
 7 14 t 
excit   
    89.300    134.000    223.000    447.000    893.000   2230.000   4470.000   6700.000   8930.000  13400.000  22300.000  44700.000  89300.000 134000.000 
  0.1000E+11  0.1000E-73  0.1000E-73  0.1000E-73  0.3240E-30  0.3450E-22  0.1820E-17  0.5810E-16  0.1710E-15  0.2870E-15  0.4700E-15  0.6690E-15  0.8480E-15  0.9200E-15  0.9240E-15
  0.1000E+12  0.1000E-73  0.1000E-73  0.1000E-73  0.3240E-30  0.3450E-22  0.1820E-17  0.5810E-16  0.1710E-15  0.2870E-15  0.4700E-15  0.6690E-15  0.8480E-15  0.9200E-15  0.9240E-15
  0.1000E+13  0.1000E-73  0.1000E-73  0.1000E-73  0.3240E-30  0.3450E-22  0.1820E-17  0.5810E-16  0.1710E-15  0.2870E-15  0.4700E-15  0.6690E-15  0.8480E-15  0.9200E-15  0.9240E-15
  0.1000E+14  0.1000E-73  0.1000E-73  0.1000E-73  0.3240E-30  0.3450E-22  0.1820E-17  0.5810E-16  0.1710E-15  0.2870E-15  0.4700E-15  0.6690E-15  0.8480E-15  0.9200E-15  0.9240E-15
  0.1000E+15  0.1000E-73  0.1000E-73  0.1000E-73  0.3240E-30  0.3450E-22  0.1820E-17  0.5810E-16  0.1710E-15  0.2870E-15  0.4700E-15  0.6690E-15  0.8480E-15  0.9200E-15  0.9240E-15
  0.1000E+16  0.1000E-73  0.1000E-73  0.2050E-46  0.3240E-30  0.3450E-22  0.1820E-17  0.5810E-16  0.1710E-15  0.2870E-15  0.4700E-15  0.6690E-15  0.8480E-15  0.9200E-15  0.9240E-15
  0.1000E+17  0.1000E-73  0.1000E-73  0.2050E-46  0.3240E-30  0.3450E-22  0.1820E-17  0.5810E-16  0.1710E-15  0.2870E-15  0.4700E-15  0.6690E-15  0.8480E-15  0.9200E-15  0.9240E-15
WAVELENGTH(A)= 
     8.140
 7 14 t 
excit   
    89.300    134.000    223.000    447.000    893.000   2230.000   4470.000   6700.000   8930.000  13400.000  22300.000  44700.000  89300.000 134000.000 
  0.1000E+11  0.1000E-73  0.1000E-73  0.1000E-73  0.1510E-29  0.1400E-21  0.6740E-17  0.2020E-15  0.5820E-15  0.9520E-15  0.1470E-14  0.1920E-14  0.2070E-14  0.1850E-14  0.1650E-14
  0.1000E+12  0.1000E-73  0.1000E-73  0.1000E-73  0.1510E-29  0.1400E-21  0.6740E-17  0.2020E-15  0.5820E-15  0.9520E-15  0.1470E-14  0.1920E-14  0.2070E-14  0.1850E-14  0.1650E-14
  0.1000E+13  0.1000E-73  0.1000E-73  0.1000E-73  0.1510E-29  0.1400E-21  0.6740E-17  0.2020E-15  0.5820E-15  0.9520E-15  0.1470E-14  0.1920E-14  0.2070E-14  0.1850E-14  0.1650E-14
  0.1000E+14  0.1000E-73  0.1000E-73  0.1000E-73  0.1510E-29  0.1400E-21  0.6740E-17  0.2020E-15  0.5820E-15  0.9520E-15  0.1470E-14  0.1920E-14  0.2070E-14  0.1850E-14  0.1650E-14
  0.1000E+15  0.1000E-73  0.1000E-73  0.2440E-45  0.1510E-29  0.1400E-21  0.6740E-17  0.2020E-15  0.5820E-15  0.9520E-15  0.1470E-14  0.1920E-14  0.2070E-14  0.1850E-14  0.1650E-14
  0.1000E+16  0.1000E-73  0.1000E-73  0.1220E-45  0.1510E-29  0.1400E-21  0.6740E-17  0.2020E-15  0.5820E-15  0.9520E-15  0.1470E-14  0.1920E-14  0.2070E-14  0.1850E-14  0.1650E-14
  0.1000E+17  0.1000E-73  0.1000E-73  0.1240E-45  0.1510E-29  0.1400E-21  0.6740E-17  0.2020E-15  0.5820E-15  0.9520E-15  0.1470E-14  0.1920E-14  0.2070E-14  0.1850E-14  0.1650E-14
WAVELENGTH(A)= 
     8.185
 7 14 t 
excit   
    89.300    134.000    223.000    447.000    893.000   2230.000   4470.000   6700.000   8930.000  13400.000  22300.000  44700.000  89300.000 134000.000 
  0.1000E+11  0.9270E-21  0.4630E-18  0.6090E-16  0.2030E-14  0.1010E-13  0.2160E-13  0.2450E-13  0.2440E-13  0.2380E-13  0.2240E-13  0.2030E-13  0.1700E-13  0.1370E-13  0.1200E-13
  0.1000E+12  0.9270E-21  0.4630E-18  0.6090E-16  0.2030E-14  0.1010E-13  0.2160E-13  0.2450E-13  0.2440E-13  0.2380E-13  0.2240E-13  0.2030E-13  0.1700E-13  0.1370E-13  0.1200E-13
  0.1000E+13  0.9270E-21  0.4630E-18  0.6090E-16  0.2030E-14  0.1010E-13  0.2160E-13  0.2450E-13  0.2440E-13  0.2380E-13  0.2240E-13  0.2030E-13  0.1700E-13  0.1370E-13  0.1200E-13
  0.1000E+14  0.9270E-21  0.4630E-18  0.6090E-16  0.2030E-14  0.1010E-13  0.2160E-13  0.2450E-13  0.2440E-13  0.2380E-13  0.2240E-13  0.2030E-13  0.1700E-13  0.1370E-13  0.1200E-13
  0.1000E+15  0.9270E-21  0.4630E-18  0.6090E-16  0.2030E-14  0.1010E-13  0.2160E-13  0.2450E-13  0.2440E-13  0.2380E-13  0.2240E-13  0.2030E-13  0.1700E-13  0.1370E-13  0.1200E-13
  0.1000E+16  0.9270E-21  0.4630E-18  0.6090E-16  0.2030E-14  0.1010E-13  0.2160E-13  0.2450E-13  0.2440E-13  0.2380E-13  0.2240E-13  0.2030E-13  0.1700E-13  0.1370E-13  0.1200E-13
  0.1000E+17  0.9270E-21  0.4630E-18  0.6090E-16  0.2030E-14  0.1010E-13  0.2160E-13  0.2450E-13  0.2440E-13  0.2380E-13  0.2240E-13  0.2030E-13  0.1700E-13  0.1370E-13  0.1200E-13
WAVELENGTH(A)= 
    60.759
 7 14 t 
excit   
    89.300    134.000    223.000    447.000    893.000   2230.000   4470.000   6700.000   8930.000  13400.000  22300.000  44700.000  89300.000 134000.000 
  0.1000E+11  0.7210E-11  0.1290E-10  0.1920E-10  0.2330E-10  0.2310E-10  0.1960E-10  0.1630E-10  0.1450E-10  0.1320E-10  0.1160E-10  0.9770E-11  0.7590E-11  0.5830E-11  0.4970E-11
  0.1000E+12  0.7210E-11  0.1290E-10  0.1920E-10  0.2330E-10  0.2310E-10  0.1960E-10  0.1630E-10  0.1450E-10  0.1320E-10  0.1160E-10  0.9770E-11  0.7590E-11  0.5830E-11  0.4970E-11
  0.1000E+13  0.7210E-11  0.1290E-10  0.1920E-10  0.2330E-10  0.2310E-10  0.1960E-10  0.1630E-10  0.1450E-10  0.1320E-10  0.1160E-10  0.9770E-11  0.7590E-11  0.5830E-11  0.4970E-11
  0.1000E+14  0.7210E-11  0.1290E-10  0.1920E-10  0.2330E-10  0.2310E-10  0.1960E-10  0.1630E-10  0.1450E-10  0.1320E-10  0.1160E-10  0.9770E-11  0.7590E-11  0.5830E-11  0.4970E-11
  0.1000E+15  0.7210E-11  0.1290E-10  0.1920E-10  0.2330E-10  0.2310E-10  0.1960E-10  0.1630E-10  0.1450E-10  0.1320E-10  0.1160E-10  0.9770E-11  0.7590E-11  0.5830E-11  0.4970E-11
  0.1000E+16  0.7210E-11  0.1290E-10  0.1920E-10  0.2330E-10  0.2310E-10  0.1960E-10  0.1630E-10  0.1450E-10  0.1320E-10  0.1160E-10  0.9770E-11  0.7590E-11  0.5830E-11  0.4970E-11
  0.1000E+17  0.7210E-11  0.1290E-10  0.1920E-10  0.2330E-10  0.2310E-10  0.1960E-10  0.1630E-10  0.1450E-10  0.1320E-10  0.1160E-10  0.9770E-11  0.7590E-11  0.5830E-11  0.4970E-11
