 50  7 14
WAVELENGTH(A)= 
     2.950
 7 14 t 
excit   
    50.300     75.400    126.000    251.000    503.000   1260.000   2510.000   3770.000   5030.000   7540.000  12600.000  25100.000  50300.000  75400.000 
  0.1000E+11  0.1000E-73  0.5070E-37  0.1900E-27  0.2480E-20  0.7590E-17  0.7380E-15  0.2880E-14  0.4210E-14  0.4940E-14  0.5550E-14  0.5670E-14  0.5130E-14  0.4190E-14  0.3630E-14
  0.1000E+12  0.1000E-73  0.5070E-37  0.1900E-27  0.2480E-20  0.7590E-17  0.7380E-15  0.2880E-14  0.4210E-14  0.4940E-14  0.5550E-14  0.5670E-14  0.5130E-14  0.4190E-14  0.3630E-14
  0.1000E+13  0.1000E-73  0.5070E-37  0.1900E-27  0.2480E-20  0.7590E-17  0.7380E-15  0.2880E-14  0.4210E-14  0.4940E-14  0.5550E-14  0.5670E-14  0.5130E-14  0.4190E-14  0.3630E-14
  0.1000E+14  0.1000E-73  0.5070E-37  0.1900E-27  0.2480E-20  0.7590E-17  0.7380E-15  0.2880E-14  0.4210E-14  0.4940E-14  0.5550E-14  0.5670E-14  0.5130E-14  0.4190E-14  0.3630E-14
  0.1000E+15  0.1000E-73  0.5070E-37  0.1900E-27  0.2480E-20  0.7590E-17  0.7380E-15  0.2880E-14  0.4210E-14  0.4940E-14  0.5550E-14  0.5670E-14  0.5130E-14  0.4190E-14  0.3630E-14
  0.1000E+16  0.1000E-73  0.5070E-37  0.1900E-27  0.2480E-20  0.7590E-17  0.7380E-15  0.2880E-14  0.4210E-14  0.4940E-14  0.5550E-14  0.5670E-14  0.5130E-14  0.4190E-14  0.3630E-14
  0.1000E+17  0.4290E-49  0.5070E-37  0.1910E-27  0.2480E-20  0.7590E-17  0.7380E-15  0.2880E-14  0.4210E-14  0.4940E-14  0.5550E-14  0.5670E-14  0.5130E-14  0.4190E-14  0.3630E-14
WAVELENGTH(A)= 
     2.958
 7 14 t 
excit   
    50.300     75.400    126.000    251.000    503.000   1260.000   2510.000   3770.000   5030.000   7540.000  12600.000  25100.000  50300.000  75400.000 
  0.1000E+11  0.1000E-73  0.7070E-35  0.2500E-25  0.3120E-18  0.9310E-15  0.8990E-13  0.3520E-12  0.5230E-12  0.6230E-12  0.7190E-12  0.7710E-12  0.7580E-12  0.6890E-12  0.6380E-12
  0.1000E+12  0.1000E-73  0.7070E-35  0.2500E-25  0.3120E-18  0.9310E-15  0.8990E-13  0.3520E-12  0.5230E-12  0.6230E-12  0.7190E-12  0.7710E-12  0.7580E-12  0.6890E-12  0.6380E-12
  0.1000E+13  0.1000E-73  0.7070E-35  0.2500E-25  0.3120E-18  0.9310E-15  0.8990E-13  0.3520E-12  0.5230E-12  0.6230E-12  0.7190E-12  0.7710E-12  0.7580E-12  0.6890E-12  0.6380E-12
  0.1000E+14  0.1000E-73  0.7070E-35  0.2500E-25  0.3120E-18  0.9310E-15  0.8990E-13  0.3520E-12  0.5230E-12  0.6230E-12  0.7190E-12  0.7710E-12  0.7580E-12  0.6890E-12  0.6380E-12
  0.1000E+15  0.1000E-73  0.7070E-35  0.2500E-25  0.3120E-18  0.9310E-15  0.8990E-13  0.3520E-12  0.5230E-12  0.6230E-12  0.7190E-12  0.7710E-12  0.7580E-12  0.6890E-12  0.6380E-12
  0.1000E+16  0.1000E-73  0.7070E-35  0.2500E-25  0.3120E-18  0.9310E-15  0.8990E-13  0.3520E-12  0.5230E-12  0.6230E-12  0.7190E-12  0.7710E-12  0.7580E-12  0.6890E-12  0.6380E-12
  0.1000E+17  0.7960E-47  0.7080E-35  0.2500E-25  0.3120E-18  0.9310E-15  0.8990E-13  0.3520E-12  0.5230E-12  0.6230E-12  0.7190E-12  0.7710E-12  0.7580E-12  0.6890E-12  0.6380E-12
WAVELENGTH(A)= 
     2.973
 7 14 t 
excit   
    50.300     75.400    126.000    251.000    503.000   1260.000   2510.000   3770.000   5030.000   7540.000  12600.000  25100.000  50300.000  75400.000 
  0.1000E+11  0.1000E-73  0.2470E-37  0.7810E-28  0.8920E-21  0.2540E-17  0.2350E-15  0.8850E-15  0.1270E-14  0.1460E-14  0.1590E-14  0.1570E-14  0.1350E-14  0.1060E-14  0.8960E-15
  0.1000E+12  0.1000E-73  0.2470E-37  0.7810E-28  0.8920E-21  0.2540E-17  0.2350E-15  0.8850E-15  0.1270E-14  0.1460E-14  0.1590E-14  0.1570E-14  0.1350E-14  0.1060E-14  0.8960E-15
  0.1000E+13  0.1000E-73  0.2470E-37  0.7810E-28  0.8920E-21  0.2540E-17  0.2350E-15  0.8850E-15  0.1270E-14  0.1460E-14  0.1590E-14  0.1570E-14  0.1350E-14  0.1060E-14  0.8960E-15
  0.1000E+14  0.1000E-73  0.2470E-37  0.7810E-28  0.8920E-21  0.2540E-17  0.2350E-15  0.8850E-15  0.1270E-14  0.1460E-14  0.1590E-14  0.1570E-14  0.1350E-14  0.1060E-14  0.8960E-15
  0.1000E+15  0.1000E-73  0.2470E-37  0.7810E-28  0.8920E-21  0.2540E-17  0.2350E-15  0.8850E-15  0.1270E-14  0.1460E-14  0.1590E-14  0.1570E-14  0.1350E-14  0.1060E-14  0.8960E-15
  0.1000E+16  0.3260E-49  0.2470E-37  0.7810E-28  0.8920E-21  0.2540E-17  0.2350E-15  0.8850E-15  0.1270E-14  0.1460E-14  0.1590E-14  0.1570E-14  0.1350E-14  0.1060E-14  0.8960E-15
  0.1000E+17  0.2940E-49  0.2470E-37  0.7810E-28  0.8920E-21  0.2540E-17  0.2350E-15  0.8850E-15  0.1270E-14  0.1460E-14  0.1590E-14  0.1570E-14  0.1350E-14  0.1060E-14  0.8960E-15
WAVELENGTH(A)= 
     3.172
 7 14 t 
excit   
    50.300     75.400    126.000    251.000    503.000   1260.000   2510.000   3770.000   5030.000   7540.000  12600.000  25100.000  50300.000  75400.000 
  0.1000E+11  0.1000E-73  0.3770E-35  0.2970E-26  0.1200E-19  0.2060E-16  0.1410E-14  0.4900E-14  0.6960E-14  0.8010E-14  0.8850E-14  0.8990E-14  0.8050E-14  0.6580E-14  0.5700E-14
  0.1000E+12  0.1000E-73  0.3770E-35  0.2970E-26  0.1200E-19  0.2060E-16  0.1410E-14  0.4900E-14  0.6960E-14  0.8010E-14  0.8850E-14  0.8990E-14  0.8050E-14  0.6580E-14  0.5700E-14
  0.1000E+13  0.1000E-73  0.3770E-35  0.2970E-26  0.1200E-19  0.2060E-16  0.1410E-14  0.4900E-14  0.6960E-14  0.8010E-14  0.8850E-14  0.8990E-14  0.8050E-14  0.6580E-14  0.5700E-14
  0.1000E+14  0.3000E-46  0.3770E-35  0.2970E-26  0.1200E-19  0.2060E-16  0.1410E-14  0.4900E-14  0.6960E-14  0.8010E-14  0.8850E-14  0.8990E-14  0.8050E-14  0.6580E-14  0.5700E-14
  0.1000E+15  0.2400E-46  0.3770E-35  0.2970E-26  0.1200E-19  0.2060E-16  0.1410E-14  0.4900E-14  0.6960E-14  0.8010E-14  0.8850E-14  0.8990E-14  0.8050E-14  0.6580E-14  0.5700E-14
  0.1000E+16  0.2520E-46  0.3770E-35  0.2970E-26  0.1200E-19  0.2060E-16  0.1410E-14  0.4900E-14  0.6960E-14  0.8010E-14  0.8850E-14  0.8990E-14  0.8050E-14  0.6580E-14  0.5700E-14
  0.1000E+17  0.2530E-46  0.3770E-35  0.2970E-26  0.1200E-19  0.2060E-16  0.1410E-14  0.4900E-14  0.6960E-14  0.8010E-14  0.8850E-14  0.8990E-14  0.8050E-14  0.6580E-14  0.5700E-14
WAVELENGTH(A)= 
     3.187
 7 14 t 
excit   
    50.300     75.400    126.000    251.000    503.000   1260.000   2510.000   3770.000   5030.000   7540.000  12600.000  25100.000  50300.000  75400.000 
  0.1000E+11  0.1000E-73  0.8530E-33  0.6130E-24  0.2350E-17  0.3940E-14  0.2720E-12  0.9550E-12  0.1370E-11  0.1600E-11  0.1820E-11  0.1930E-11  0.1880E-11  0.1710E-11  0.1580E-11
  0.1000E+12  0.1000E-73  0.8530E-33  0.6130E-24  0.2350E-17  0.3940E-14  0.2720E-12  0.9550E-12  0.1370E-11  0.1600E-11  0.1820E-11  0.1930E-11  0.1880E-11  0.1710E-11  0.1580E-11
  0.1000E+13  0.1000E-73  0.8530E-33  0.6130E-24  0.2350E-17  0.3940E-14  0.2720E-12  0.9550E-12  0.1370E-11  0.1600E-11  0.1820E-11  0.1930E-11  0.1880E-11  0.1710E-11  0.1580E-11
  0.1000E+14  0.6890E-44  0.8530E-33  0.6130E-24  0.2350E-17  0.3940E-14  0.2720E-12  0.9550E-12  0.1370E-11  0.1600E-11  0.1820E-11  0.1930E-11  0.1880E-11  0.1710E-11  0.1580E-11
  0.1000E+15  0.6550E-44  0.8530E-33  0.6130E-24  0.2350E-17  0.3940E-14  0.2720E-12  0.9550E-12  0.1370E-11  0.1600E-11  0.1820E-11  0.1930E-11  0.1880E-11  0.1710E-11  0.1580E-11
  0.1000E+16  0.6480E-44  0.8530E-33  0.6130E-24  0.2350E-17  0.3940E-14  0.2720E-12  0.9550E-12  0.1370E-11  0.1600E-11  0.1820E-11  0.1930E-11  0.1880E-11  0.1710E-11  0.1580E-11
  0.1000E+17  0.6480E-44  0.8530E-33  0.6130E-24  0.2350E-17  0.3940E-14  0.2720E-12  0.9550E-12  0.1370E-11  0.1600E-11  0.1820E-11  0.1930E-11  0.1880E-11  0.1710E-11  0.1580E-11
WAVELENGTH(A)= 
     3.216
 7 14 t 
excit   
    50.300     75.400    126.000    251.000    503.000   1260.000   2510.000   3770.000   5030.000   7540.000  12600.000  25100.000  50300.000  75400.000 
  0.1000E+11  0.1000E-73  0.4570E-35  0.2740E-26  0.9170E-20  0.1440E-16  0.9490E-15  0.3220E-14  0.4460E-14  0.5060E-14  0.5480E-14  0.5400E-14  0.4700E-14  0.3770E-14  0.3240E-14
  0.1000E+12  0.1000E-73  0.4570E-35  0.2740E-26  0.9170E-20  0.1440E-16  0.9490E-15  0.3220E-14  0.4460E-14  0.5060E-14  0.5480E-14  0.5400E-14  0.4700E-14  0.3770E-14  0.3240E-14
  0.1000E+13  0.4040E-46  0.4570E-35  0.2740E-26  0.9170E-20  0.1440E-16  0.9490E-15  0.3220E-14  0.4460E-14  0.5060E-14  0.5480E-14  0.5400E-14  0.4700E-14  0.3770E-14  0.3240E-14
  0.1000E+14  0.4440E-46  0.4570E-35  0.2740E-26  0.9170E-20  0.1440E-16  0.9490E-15  0.3220E-14  0.4460E-14  0.5060E-14  0.5480E-14  0.5400E-14  0.4700E-14  0.3770E-14  0.3240E-14
  0.1000E+15  0.4370E-46  0.4570E-35  0.2740E-26  0.9170E-20  0.1440E-16  0.9490E-15  0.3220E-14  0.4460E-14  0.5060E-14  0.5480E-14  0.5400E-14  0.4700E-14  0.3770E-14  0.3240E-14
  0.1000E+16  0.4380E-46  0.4570E-35  0.2740E-26  0.9170E-20  0.1440E-16  0.9490E-15  0.3220E-14  0.4460E-14  0.5060E-14  0.5480E-14  0.5400E-14  0.4700E-14  0.3770E-14  0.3240E-14
  0.1000E+17  0.4380E-46  0.4570E-35  0.2740E-26  0.9170E-20  0.1440E-16  0.9490E-15  0.3220E-14  0.4460E-14  0.5060E-14  0.5480E-14  0.5400E-14  0.4700E-14  0.3770E-14  0.3240E-14
WAVELENGTH(A)= 
     3.623
 7 14 t 
excit   
    50.300     75.400    126.000    251.000    503.000   1260.000   2510.000   3770.000   5030.000   7540.000  12600.000  25100.000  50300.000  75400.000 
  0.1000E+11  0.5240E-42  0.3090E-32  0.1840E-24  0.1070E-18  0.6950E-16  0.2690E-14  0.7770E-14  0.1040E-13  0.1170E-13  0.1260E-13  0.1250E-13  0.1110E-13  0.9040E-14  0.7820E-14
  0.1000E+12  0.5240E-42  0.3090E-32  0.1840E-24  0.1070E-18  0.6950E-16  0.2690E-14  0.7770E-14  0.1040E-13  0.1170E-13  0.1260E-13  0.1250E-13  0.1110E-13  0.9040E-14  0.7820E-14
  0.1000E+13  0.5240E-42  0.3090E-32  0.1840E-24  0.1070E-18  0.6950E-16  0.2690E-14  0.7770E-14  0.1040E-13  0.1170E-13  0.1260E-13  0.1250E-13  0.1110E-13  0.9040E-14  0.7820E-14
  0.1000E+14  0.5240E-42  0.3090E-32  0.1840E-24  0.1070E-18  0.6950E-16  0.2690E-14  0.7770E-14  0.1040E-13  0.1170E-13  0.1260E-13  0.1250E-13  0.1110E-13  0.9040E-14  0.7820E-14
  0.1000E+15  0.5240E-42  0.3090E-32  0.1840E-24  0.1070E-18  0.6950E-16  0.2690E-14  0.7770E-14  0.1040E-13  0.1170E-13  0.1260E-13  0.1250E-13  0.1110E-13  0.9040E-14  0.7820E-14
  0.1000E+16  0.5240E-42  0.3090E-32  0.1840E-24  0.1070E-18  0.6950E-16  0.2690E-14  0.7770E-14  0.1040E-13  0.1170E-13  0.1260E-13  0.1250E-13  0.1110E-13  0.9040E-14  0.7820E-14
  0.1000E+17  0.5240E-42  0.3090E-32  0.1840E-24  0.1070E-18  0.6950E-16  0.2690E-14  0.7770E-14  0.1040E-13  0.1170E-13  0.1260E-13  0.1250E-13  0.1110E-13  0.9040E-14  0.7820E-14
WAVELENGTH(A)= 
     3.660
 7 14 t 
excit   
    50.300     75.400    126.000    251.000    503.000   1260.000   2510.000   3770.000   5030.000   7540.000  12600.000  25100.000  50300.000  75400.000 
  0.1000E+11  0.4400E-39  0.2050E-29  0.1020E-21  0.5290E-16  0.3300E-13  0.1290E-11  0.3840E-11  0.5210E-11  0.5980E-11  0.6640E-11  0.6990E-11  0.6770E-11  0.6150E-11  0.5690E-11
  0.1000E+12  0.4380E-39  0.2050E-29  0.1020E-21  0.5290E-16  0.3300E-13  0.1290E-11  0.3840E-11  0.5210E-11  0.5980E-11  0.6640E-11  0.6990E-11  0.6770E-11  0.6150E-11  0.5690E-11
  0.1000E+13  0.4370E-39  0.2050E-29  0.1020E-21  0.5290E-16  0.3300E-13  0.1290E-11  0.3840E-11  0.5210E-11  0.5980E-11  0.6640E-11  0.6990E-11  0.6770E-11  0.6150E-11  0.5690E-11
  0.1000E+14  0.4370E-39  0.2050E-29  0.1020E-21  0.5290E-16  0.3300E-13  0.1290E-11  0.3840E-11  0.5210E-11  0.5980E-11  0.6640E-11  0.6990E-11  0.6770E-11  0.6150E-11  0.5690E-11
  0.1000E+15  0.4370E-39  0.2050E-29  0.1020E-21  0.5290E-16  0.3300E-13  0.1290E-11  0.3840E-11  0.5210E-11  0.5980E-11  0.6640E-11  0.6990E-11  0.6770E-11  0.6150E-11  0.5690E-11
  0.1000E+16  0.4370E-39  0.2050E-29  0.1020E-21  0.5290E-16  0.3300E-13  0.1300E-11  0.3840E-11  0.5210E-11  0.5980E-11  0.6640E-11  0.6990E-11  0.6770E-11  0.6150E-11  0.5690E-11
  0.1000E+17  0.4370E-39  0.2050E-29  0.1020E-21  0.5290E-16  0.3300E-13  0.1300E-11  0.3840E-11  0.5210E-11  0.5980E-11  0.6640E-11  0.6990E-11  0.6770E-11  0.6150E-11  0.5690E-11
WAVELENGTH(A)= 
     3.728
 7 14 t 
excit   
    50.300     75.400    126.000    251.000    503.000   1260.000   2510.000   3770.000   5030.000   7540.000  12600.000  25100.000  50300.000  75400.000 
  0.1000E+11  0.8570E-41  0.2660E-31  0.9530E-24  0.3860E-18  0.2180E-15  0.8160E-14  0.2330E-13  0.3090E-13  0.3430E-13  0.3650E-13  0.3580E-13  0.3130E-13  0.2560E-13  0.2240E-13
  0.1000E+12  0.8570E-41  0.2660E-31  0.9530E-24  0.3860E-18  0.2180E-15  0.8160E-14  0.2330E-13  0.3090E-13  0.3430E-13  0.3650E-13  0.3580E-13  0.3130E-13  0.2560E-13  0.2240E-13
  0.1000E+13  0.8570E-41  0.2660E-31  0.9530E-24  0.3860E-18  0.2180E-15  0.8160E-14  0.2330E-13  0.3090E-13  0.3430E-13  0.3650E-13  0.3580E-13  0.3130E-13  0.2560E-13  0.2240E-13
  0.1000E+14  0.8570E-41  0.2660E-31  0.9530E-24  0.3860E-18  0.2180E-15  0.8160E-14  0.2330E-13  0.3090E-13  0.3430E-13  0.3650E-13  0.3580E-13  0.3130E-13  0.2560E-13  0.2240E-13
  0.1000E+15  0.8570E-41  0.2660E-31  0.9530E-24  0.3860E-18  0.2180E-15  0.8160E-14  0.2330E-13  0.3090E-13  0.3430E-13  0.3650E-13  0.3580E-13  0.3130E-13  0.2560E-13  0.2240E-13
  0.1000E+16  0.8570E-41  0.2660E-31  0.9530E-24  0.3860E-18  0.2180E-15  0.8160E-14  0.2330E-13  0.3090E-13  0.3430E-13  0.3650E-13  0.3580E-13  0.3130E-13  0.2560E-13  0.2240E-13
  0.1000E+17  0.8570E-41  0.2660E-31  0.9530E-24  0.3860E-18  0.2180E-15  0.8160E-14  0.2330E-13  0.3090E-13  0.3430E-13  0.3650E-13  0.3580E-13  0.3130E-13  0.2560E-13  0.2240E-13
WAVELENGTH(A)= 
     5.039
 7 14 t 
excit   
    50.300     75.400    126.000    251.000    503.000   1260.000   2510.000   3770.000   5030.000   7540.000  12600.000  25100.000  50300.000  75400.000 
  0.1000E+11  0.2970E-30  0.2970E-23  0.1080E-17  0.1380E-13  0.1350E-11  0.1790E-10  0.3820E-10  0.4770E-10  0.5260E-10  0.5720E-10  0.5950E-10  0.5840E-10  0.5420E-10  0.5050E-10
  0.1000E+12  0.2970E-30  0.2970E-23  0.1080E-17  0.1380E-13  0.1350E-11  0.1790E-10  0.3820E-10  0.4770E-10  0.5260E-10  0.5720E-10  0.5950E-10  0.5840E-10  0.5420E-10  0.5050E-10
  0.1000E+13  0.2970E-30  0.2970E-23  0.1080E-17  0.1380E-13  0.1350E-11  0.1790E-10  0.3820E-10  0.4770E-10  0.5260E-10  0.5720E-10  0.5950E-10  0.5840E-10  0.5420E-10  0.5050E-10
  0.1000E+14  0.2970E-30  0.2970E-23  0.1080E-17  0.1380E-13  0.1350E-11  0.1790E-10  0.3820E-10  0.4770E-10  0.5260E-10  0.5720E-10  0.5950E-10  0.5840E-10  0.5420E-10  0.5050E-10
  0.1000E+15  0.2970E-30  0.2970E-23  0.1080E-17  0.1380E-13  0.1350E-11  0.1790E-10  0.3820E-10  0.4770E-10  0.5260E-10  0.5720E-10  0.5950E-10  0.5840E-10  0.5420E-10  0.5050E-10
  0.1000E+16  0.2970E-30  0.2970E-23  0.1080E-17  0.1380E-13  0.1350E-11  0.1790E-10  0.3820E-10  0.4770E-10  0.5260E-10  0.5720E-10  0.5950E-10  0.5840E-10  0.5420E-10  0.5050E-10
  0.1000E+17  0.2970E-30  0.2970E-23  0.1080E-17  0.1380E-13  0.1350E-11  0.1790E-10  0.3820E-10  0.4770E-10  0.5260E-10  0.5720E-10  0.5950E-10  0.5840E-10  0.5420E-10  0.5050E-10
WAVELENGTH(A)= 
     5.331
 7 14 t 
excit   
    50.300     75.400    126.000    251.000    503.000   1260.000   2510.000   3770.000   5030.000   7540.000  12600.000  25100.000  50300.000  75400.000 
  0.1000E+11  0.1130E-29  0.4630E-23  0.8210E-18  0.6150E-14  0.4640E-12  0.5420E-11  0.1100E-10  0.1310E-10  0.1400E-10  0.1430E-10  0.1360E-10  0.1180E-10  0.9660E-11  0.8510E-11
  0.1000E+12  0.1130E-29  0.4630E-23  0.8210E-18  0.6150E-14  0.4640E-12  0.5420E-11  0.1100E-10  0.1310E-10  0.1400E-10  0.1430E-10  0.1360E-10  0.1180E-10  0.9660E-11  0.8510E-11
  0.1000E+13  0.1130E-29  0.4630E-23  0.8210E-18  0.6150E-14  0.4640E-12  0.5420E-11  0.1100E-10  0.1310E-10  0.1400E-10  0.1430E-10  0.1360E-10  0.1180E-10  0.9660E-11  0.8510E-11
  0.1000E+14  0.1130E-29  0.4630E-23  0.8210E-18  0.6150E-14  0.4640E-12  0.5420E-11  0.1100E-10  0.1310E-10  0.1400E-10  0.1430E-10  0.1360E-10  0.1180E-10  0.9660E-11  0.8510E-11
  0.1000E+15  0.1130E-29  0.4630E-23  0.8210E-18  0.6150E-14  0.4640E-12  0.5420E-11  0.1100E-10  0.1310E-10  0.1400E-10  0.1430E-10  0.1360E-10  0.1180E-10  0.9660E-11  0.8510E-11
  0.1000E+16  0.1130E-29  0.4630E-23  0.8210E-18  0.6150E-14  0.4640E-12  0.5420E-11  0.1100E-10  0.1310E-10  0.1400E-10  0.1430E-10  0.1360E-10  0.1180E-10  0.9660E-11  0.8510E-11
  0.1000E+17  0.1130E-29  0.4630E-23  0.8210E-18  0.6150E-14  0.4640E-12  0.5420E-11  0.1100E-10  0.1310E-10  0.1400E-10  0.1430E-10  0.1360E-10  0.1180E-10  0.9660E-11  0.8510E-11
WAVELENGTH(A)= 
     6.645
 7 14 t 
excit   
    50.300     75.400    126.000    251.000    503.000   1260.000   2510.000   3770.000   5030.000   7540.000  12600.000  25100.000  50300.000  75400.000 
  0.1000E+11  0.1000E-73  0.3930E-35  0.1390E-25  0.1730E-18  0.5170E-15  0.4990E-13  0.1950E-12  0.2900E-12  0.3460E-12  0.3990E-12  0.4280E-12  0.4200E-12  0.3820E-12  0.3540E-12
  0.1000E+12  0.1000E-73  0.3930E-35  0.1390E-25  0.1730E-18  0.5170E-15  0.4990E-13  0.1950E-12  0.2900E-12  0.3460E-12  0.3990E-12  0.4280E-12  0.4200E-12  0.3820E-12  0.3540E-12
  0.1000E+13  0.1000E-73  0.3930E-35  0.1390E-25  0.1730E-18  0.5170E-15  0.4990E-13  0.1950E-12  0.2900E-12  0.3460E-12  0.3990E-12  0.4280E-12  0.4200E-12  0.3820E-12  0.3540E-12
  0.1000E+14  0.1000E-73  0.3930E-35  0.1390E-25  0.1730E-18  0.5170E-15  0.4990E-13  0.1950E-12  0.2900E-12  0.3460E-12  0.3990E-12  0.4280E-12  0.4200E-12  0.3820E-12  0.3540E-12
  0.1000E+15  0.1000E-73  0.3930E-35  0.1390E-25  0.1730E-18  0.5170E-15  0.4990E-13  0.1950E-12  0.2900E-12  0.3460E-12  0.3990E-12  0.4280E-12  0.4200E-12  0.3820E-12  0.3540E-12
  0.1000E+16  0.1000E-73  0.3930E-35  0.1390E-25  0.1730E-18  0.5170E-15  0.4990E-13  0.1950E-12  0.2900E-12  0.3460E-12  0.3990E-12  0.4280E-12  0.4200E-12  0.3820E-12  0.3540E-12
  0.1000E+17  0.4420E-47  0.3930E-35  0.1390E-25  0.1730E-18  0.5170E-15  0.4990E-13  0.1950E-12  0.2900E-12  0.3460E-12  0.3990E-12  0.4280E-12  0.4200E-12  0.3820E-12  0.3540E-12
WAVELENGTH(A)= 
     6.721
 7 14 t 
excit   
    50.300     75.400    126.000    251.000    503.000   1260.000   2510.000   3770.000   5030.000   7540.000  12600.000  25100.000  50300.000  75400.000 
  0.1000E+11  0.1000E-73  0.1310E-37  0.4130E-28  0.4720E-21  0.1340E-17  0.1250E-15  0.4680E-15  0.6710E-15  0.7740E-15  0.8440E-15  0.8320E-15  0.7120E-15  0.5590E-15  0.4740E-15
  0.1000E+12  0.1000E-73  0.1310E-37  0.4130E-28  0.4720E-21  0.1340E-17  0.1250E-15  0.4680E-15  0.6710E-15  0.7740E-15  0.8440E-15  0.8320E-15  0.7120E-15  0.5590E-15  0.4740E-15
  0.1000E+13  0.1000E-73  0.1310E-37  0.4130E-28  0.4720E-21  0.1340E-17  0.1250E-15  0.4680E-15  0.6710E-15  0.7740E-15  0.8440E-15  0.8320E-15  0.7120E-15  0.5590E-15  0.4740E-15
  0.1000E+14  0.1000E-73  0.1310E-37  0.4130E-28  0.4720E-21  0.1340E-17  0.1250E-15  0.4680E-15  0.6710E-15  0.7740E-15  0.8440E-15  0.8320E-15  0.7120E-15  0.5590E-15  0.4740E-15
  0.1000E+15  0.1000E-73  0.1310E-37  0.4130E-28  0.4720E-21  0.1340E-17  0.1250E-15  0.4680E-15  0.6710E-15  0.7740E-15  0.8440E-15  0.8320E-15  0.7120E-15  0.5590E-15  0.4740E-15
  0.1000E+16  0.1730E-49  0.1310E-37  0.4130E-28  0.4720E-21  0.1340E-17  0.1250E-15  0.4680E-15  0.6710E-15  0.7740E-15  0.8440E-15  0.8320E-15  0.7120E-15  0.5590E-15  0.4740E-15
  0.1000E+17  0.1550E-49  0.1310E-37  0.4130E-28  0.4720E-21  0.1340E-17  0.1250E-15  0.4680E-15  0.6710E-15  0.7740E-15  0.8440E-15  0.8320E-15  0.7120E-15  0.5590E-15  0.4740E-15
WAVELENGTH(A)= 
     7.114
 7 14 t 
excit   
    50.300     75.400    126.000    251.000    503.000   1260.000   2510.000   3770.000   5030.000   7540.000  12600.000  25100.000  50300.000  75400.000 
  0.1000E+11  0.1000E-73  0.2310E-35  0.8680E-26  0.1130E-18  0.3460E-15  0.3360E-13  0.1310E-12  0.1920E-12  0.2250E-12  0.2530E-12  0.2580E-12  0.2340E-12  0.1910E-12  0.1650E-12
  0.1000E+12  0.1000E-73  0.2310E-35  0.8680E-26  0.1130E-18  0.3460E-15  0.3360E-13  0.1310E-12  0.1920E-12  0.2250E-12  0.2530E-12  0.2580E-12  0.2340E-12  0.1910E-12  0.1650E-12
  0.1000E+13  0.1000E-73  0.2310E-35  0.8680E-26  0.1130E-18  0.3460E-15  0.3360E-13  0.1310E-12  0.1920E-12  0.2250E-12  0.2530E-12  0.2580E-12  0.2340E-12  0.1910E-12  0.1650E-12
  0.1000E+14  0.1000E-73  0.2310E-35  0.8680E-26  0.1130E-18  0.3460E-15  0.3360E-13  0.1310E-12  0.1920E-12  0.2250E-12  0.2530E-12  0.2580E-12  0.2340E-12  0.1910E-12  0.1650E-12
  0.1000E+15  0.1000E-73  0.2310E-35  0.8680E-26  0.1130E-18  0.3460E-15  0.3360E-13  0.1310E-12  0.1920E-12  0.2250E-12  0.2530E-12  0.2580E-12  0.2340E-12  0.1910E-12  0.1650E-12
  0.1000E+16  0.1000E-73  0.2310E-35  0.8680E-26  0.1130E-18  0.3460E-15  0.3360E-13  0.1310E-12  0.1920E-12  0.2250E-12  0.2530E-12  0.2580E-12  0.2340E-12  0.1910E-12  0.1650E-12
  0.1000E+17  0.1950E-47  0.2310E-35  0.8680E-26  0.1130E-18  0.3460E-15  0.3360E-13  0.1310E-12  0.1920E-12  0.2250E-12  0.2530E-12  0.2580E-12  0.2340E-12  0.1910E-12  0.1650E-12
WAVELENGTH(A)= 
     7.250
 7 14 t 
excit   
    50.300     75.400    126.000    251.000    503.000   1260.000   2510.000   3770.000   5030.000   7540.000  12600.000  25100.000  50300.000  75400.000 
  0.1000E+11  0.1000E-73  0.9710E-36  0.3070E-26  0.3510E-19  0.9990E-16  0.9260E-14  0.3480E-13  0.4990E-13  0.5750E-13  0.6270E-13  0.6180E-13  0.5300E-13  0.4150E-13  0.3530E-13
  0.1000E+12  0.1000E-73  0.9710E-36  0.3070E-26  0.3510E-19  0.9990E-16  0.9260E-14  0.3480E-13  0.4990E-13  0.5750E-13  0.6270E-13  0.6180E-13  0.5300E-13  0.4150E-13  0.3530E-13
  0.1000E+13  0.1000E-73  0.9710E-36  0.3070E-26  0.3510E-19  0.9990E-16  0.9260E-14  0.3480E-13  0.4990E-13  0.5750E-13  0.6270E-13  0.6180E-13  0.5300E-13  0.4150E-13  0.3530E-13
  0.1000E+14  0.1000E-73  0.9710E-36  0.3070E-26  0.3510E-19  0.9990E-16  0.9260E-14  0.3480E-13  0.4990E-13  0.5750E-13  0.6270E-13  0.6180E-13  0.5300E-13  0.4150E-13  0.3530E-13
  0.1000E+15  0.1000E-73  0.9710E-36  0.3070E-26  0.3510E-19  0.9990E-16  0.9260E-14  0.3480E-13  0.4990E-13  0.5750E-13  0.6270E-13  0.6180E-13  0.5300E-13  0.4150E-13  0.3530E-13
  0.1000E+16  0.1280E-47  0.9710E-36  0.3070E-26  0.3510E-19  0.9990E-16  0.9260E-14  0.3480E-13  0.4990E-13  0.5750E-13  0.6270E-13  0.6180E-13  0.5300E-13  0.4150E-13  0.3530E-13
  0.1000E+17  0.1160E-47  0.9710E-36  0.3070E-26  0.3510E-19  0.9990E-16  0.9260E-14  0.3480E-13  0.4990E-13  0.5750E-13  0.6270E-13  0.6180E-13  0.5300E-13  0.4150E-13  0.3530E-13
WAVELENGTH(A)= 
     7.927
 7 14 t 
excit   
    50.300     75.400    126.000    251.000    503.000   1260.000   2510.000   3770.000   5030.000   7540.000  12600.000  25100.000  50300.000  75400.000 
  0.1000E+11  0.1000E-73  0.4540E-33  0.3260E-24  0.1250E-17  0.2100E-14  0.1450E-12  0.5080E-12  0.7300E-12  0.8550E-12  0.9710E-12  0.1030E-11  0.1000E-11  0.9120E-12  0.8420E-12
  0.1000E+12  0.1000E-73  0.4540E-33  0.3260E-24  0.1250E-17  0.2100E-14  0.1450E-12  0.5080E-12  0.7300E-12  0.8550E-12  0.9710E-12  0.1030E-11  0.1000E-11  0.9120E-12  0.8420E-12
  0.1000E+13  0.1000E-73  0.4540E-33  0.3260E-24  0.1250E-17  0.2100E-14  0.1450E-12  0.5080E-12  0.7300E-12  0.8550E-12  0.9710E-12  0.1030E-11  0.1000E-11  0.9120E-12  0.8420E-12
  0.1000E+14  0.3670E-44  0.4540E-33  0.3260E-24  0.1250E-17  0.2100E-14  0.1450E-12  0.5080E-12  0.7300E-12  0.8550E-12  0.9710E-12  0.1030E-11  0.1000E-11  0.9120E-12  0.8420E-12
  0.1000E+15  0.3490E-44  0.4540E-33  0.3260E-24  0.1250E-17  0.2100E-14  0.1450E-12  0.5080E-12  0.7300E-12  0.8550E-12  0.9710E-12  0.1030E-11  0.1000E-11  0.9120E-12  0.8420E-12
  0.1000E+16  0.3450E-44  0.4540E-33  0.3260E-24  0.1250E-17  0.2100E-14  0.1450E-12  0.5080E-12  0.7300E-12  0.8550E-12  0.9710E-12  0.1030E-11  0.1000E-11  0.9120E-12  0.8420E-12
  0.1000E+17  0.3450E-44  0.4540E-33  0.3260E-24  0.1250E-17  0.2100E-14  0.1450E-12  0.5080E-12  0.7300E-12  0.8550E-12  0.9710E-12  0.1030E-11  0.1000E-11  0.9120E-12  0.8420E-12
WAVELENGTH(A)= 
     8.105
 7 14 t 
excit   
    50.300     75.400    126.000    251.000    503.000   1260.000   2510.000   3770.000   5030.000   7540.000  12600.000  25100.000  50300.000  75400.000 
  0.1000E+11  0.1000E-73  0.2360E-35  0.1410E-26  0.4730E-20  0.7430E-17  0.4890E-15  0.1660E-14  0.2300E-14  0.2610E-14  0.2820E-14  0.2780E-14  0.2420E-14  0.1940E-14  0.1670E-14
  0.1000E+12  0.1000E-73  0.2360E-35  0.1410E-26  0.4730E-20  0.7430E-17  0.4890E-15  0.1660E-14  0.2300E-14  0.2610E-14  0.2820E-14  0.2780E-14  0.2420E-14  0.1940E-14  0.1670E-14
  0.1000E+13  0.2080E-46  0.2360E-35  0.1410E-26  0.4730E-20  0.7430E-17  0.4890E-15  0.1660E-14  0.2300E-14  0.2610E-14  0.2820E-14  0.2780E-14  0.2420E-14  0.1940E-14  0.1670E-14
  0.1000E+14  0.2290E-46  0.2360E-35  0.1410E-26  0.4730E-20  0.7430E-17  0.4890E-15  0.1660E-14  0.2300E-14  0.2610E-14  0.2820E-14  0.2780E-14  0.2420E-14  0.1940E-14  0.1670E-14
  0.1000E+15  0.2250E-46  0.2360E-35  0.1410E-26  0.4730E-20  0.7430E-17  0.4890E-15  0.1660E-14  0.2300E-14  0.2610E-14  0.2820E-14  0.2780E-14  0.2420E-14  0.1940E-14  0.1670E-14
  0.1000E+16  0.2260E-46  0.2360E-35  0.1410E-26  0.4730E-20  0.7430E-17  0.4890E-15  0.1660E-14  0.2300E-14  0.2610E-14  0.2820E-14  0.2780E-14  0.2420E-14  0.1940E-14  0.1670E-14
  0.1000E+17  0.2260E-46  0.2360E-35  0.1410E-26  0.4730E-20  0.7430E-17  0.4890E-15  0.1660E-14  0.2300E-14  0.2610E-14  0.2820E-14  0.2780E-14  0.2420E-14  0.1940E-14  0.1670E-14
WAVELENGTH(A)= 
     8.559
 7 14 t 
excit   
    50.300     75.400    126.000    251.000    503.000   1260.000   2510.000   3770.000   5030.000   7540.000  12600.000  25100.000  50300.000  75400.000 
  0.1000E+11  0.1000E-73  0.2500E-33  0.1970E-24  0.7970E-18  0.1360E-14  0.9340E-13  0.3250E-12  0.4620E-12  0.5310E-12  0.5870E-12  0.5960E-12  0.5340E-12  0.4370E-12  0.3790E-12
  0.1000E+12  0.1000E-73  0.2500E-33  0.1970E-24  0.7970E-18  0.1360E-14  0.9340E-13  0.3250E-12  0.4620E-12  0.5310E-12  0.5870E-12  0.5960E-12  0.5340E-12  0.4370E-12  0.3790E-12
  0.1000E+13  0.1000E-73  0.2500E-33  0.1970E-24  0.7970E-18  0.1360E-14  0.9340E-13  0.3250E-12  0.4620E-12  0.5310E-12  0.5870E-12  0.5960E-12  0.5340E-12  0.4370E-12  0.3790E-12
  0.1000E+14  0.1990E-44  0.2500E-33  0.1970E-24  0.7970E-18  0.1360E-14  0.9340E-13  0.3250E-12  0.4620E-12  0.5310E-12  0.5870E-12  0.5960E-12  0.5340E-12  0.4370E-12  0.3790E-12
  0.1000E+15  0.1590E-44  0.2500E-33  0.1970E-24  0.7970E-18  0.1360E-14  0.9340E-13  0.3250E-12  0.4620E-12  0.5310E-12  0.5870E-12  0.5960E-12  0.5340E-12  0.4370E-12  0.3790E-12
  0.1000E+16  0.1670E-44  0.2500E-33  0.1970E-24  0.7970E-18  0.1360E-14  0.9340E-13  0.3250E-12  0.4620E-12  0.5310E-12  0.5870E-12  0.5960E-12  0.5340E-12  0.4370E-12  0.3790E-12
  0.1000E+17  0.1680E-44  0.2500E-33  0.1970E-24  0.7970E-18  0.1360E-14  0.9340E-13  0.3250E-12  0.4620E-12  0.5310E-12  0.5870E-12  0.5960E-12  0.5340E-12  0.4370E-12  0.3790E-12
WAVELENGTH(A)= 
     8.673
 7 14 t 
excit   
    50.300     75.400    126.000    251.000    503.000   1260.000   2510.000   3770.000   5030.000   7540.000  12600.000  25100.000  50300.000  75400.000 
  0.1000E+11  0.1000E-73  0.6760E-37  0.4860E-28  0.1860E-21  0.3120E-18  0.2150E-16  0.7570E-16  0.1090E-15  0.1270E-15  0.1450E-15  0.1530E-15  0.1490E-15  0.1360E-15  0.1250E-15
  0.1000E+12  0.1000E-73  0.6760E-37  0.4860E-28  0.1860E-21  0.3120E-18  0.2150E-16  0.7570E-16  0.1090E-15  0.1270E-15  0.1450E-15  0.1530E-15  0.1490E-15  0.1360E-15  0.1250E-15
  0.1000E+13  0.1000E-73  0.6760E-37  0.4860E-28  0.1860E-21  0.3120E-18  0.2150E-16  0.7570E-16  0.1090E-15  0.1270E-15  0.1450E-15  0.1530E-15  0.1490E-15  0.1360E-15  0.1250E-15
  0.1000E+14  0.5470E-48  0.6760E-37  0.4860E-28  0.1860E-21  0.3120E-18  0.2150E-16  0.7570E-16  0.1090E-15  0.1270E-15  0.1450E-15  0.1530E-15  0.1490E-15  0.1360E-15  0.1250E-15
  0.1000E+15  0.5190E-48  0.6760E-37  0.4860E-28  0.1860E-21  0.3120E-18  0.2150E-16  0.7570E-16  0.1090E-15  0.1270E-15  0.1450E-15  0.1530E-15  0.1490E-15  0.1360E-15  0.1250E-15
  0.1000E+16  0.5140E-48  0.6760E-37  0.4860E-28  0.1860E-21  0.3120E-18  0.2150E-16  0.7570E-16  0.1090E-15  0.1270E-15  0.1450E-15  0.1530E-15  0.1490E-15  0.1360E-15  0.1250E-15
  0.1000E+17  0.5140E-48  0.6760E-37  0.4860E-28  0.1860E-21  0.3120E-18  0.2150E-16  0.7570E-16  0.1090E-15  0.1270E-15  0.1450E-15  0.1530E-15  0.1490E-15  0.1360E-15  0.1250E-15
WAVELENGTH(A)= 
     8.887
 7 14 t 
excit   
    50.300     75.400    126.000    251.000    503.000   1260.000   2510.000   3770.000   5030.000   7540.000  12600.000  25100.000  50300.000  75400.000 
  0.1000E+11  0.1000E-73  0.2100E-33  0.1260E-24  0.4200E-18  0.6600E-15  0.4350E-13  0.1470E-12  0.2040E-12  0.2320E-12  0.2510E-12  0.2480E-12  0.2150E-12  0.1730E-12  0.1480E-12
  0.1000E+12  0.1000E-73  0.2100E-33  0.1260E-24  0.4200E-18  0.6600E-15  0.4350E-13  0.1470E-12  0.2040E-12  0.2320E-12  0.2510E-12  0.2480E-12  0.2150E-12  0.1730E-12  0.1480E-12
  0.1000E+13  0.1850E-44  0.2100E-33  0.1260E-24  0.4200E-18  0.6600E-15  0.4350E-13  0.1470E-12  0.2040E-12  0.2320E-12  0.2510E-12  0.2480E-12  0.2150E-12  0.1730E-12  0.1480E-12
  0.1000E+14  0.2030E-44  0.2100E-33  0.1260E-24  0.4200E-18  0.6600E-15  0.4350E-13  0.1470E-12  0.2040E-12  0.2320E-12  0.2510E-12  0.2480E-12  0.2150E-12  0.1730E-12  0.1480E-12
  0.1000E+15  0.2000E-44  0.2100E-33  0.1260E-24  0.4200E-18  0.6600E-15  0.4350E-13  0.1470E-12  0.2040E-12  0.2320E-12  0.2510E-12  0.2480E-12  0.2150E-12  0.1730E-12  0.1480E-12
  0.1000E+16  0.2010E-44  0.2100E-33  0.1260E-24  0.4200E-18  0.6600E-15  0.4350E-13  0.1470E-12  0.2040E-12  0.2320E-12  0.2510E-12  0.2480E-12  0.2150E-12  0.1730E-12  0.1480E-12
  0.1000E+17  0.2010E-44  0.2100E-33  0.1260E-24  0.4200E-18  0.6600E-15  0.4350E-13  0.1470E-12  0.2040E-12  0.2320E-12  0.2510E-12  0.2480E-12  0.2150E-12  0.1730E-12  0.1480E-12
WAVELENGTH(A)= 
    11.312
 7 14 t 
excit   
    50.300     75.400    126.000    251.000    503.000   1260.000   2510.000   3770.000   5030.000   7540.000  12600.000  25100.000  50300.000  75400.000 
  0.1000E+11  0.9790E-43  0.5780E-33  0.3440E-25  0.2000E-19  0.1300E-16  0.5020E-15  0.1450E-14  0.1940E-14  0.2180E-14  0.2350E-14  0.2340E-14  0.2070E-14  0.1690E-14  0.1460E-14
  0.1000E+12  0.9790E-43  0.5780E-33  0.3440E-25  0.2000E-19  0.1300E-16  0.5020E-15  0.1450E-14  0.1940E-14  0.2180E-14  0.2350E-14  0.2340E-14  0.2070E-14  0.1690E-14  0.1460E-14
  0.1000E+13  0.9800E-43  0.5780E-33  0.3440E-25  0.2000E-19  0.1300E-16  0.5020E-15  0.1450E-14  0.1940E-14  0.2180E-14  0.2350E-14  0.2340E-14  0.2070E-14  0.1690E-14  0.1460E-14
  0.1000E+14  0.9790E-43  0.5780E-33  0.3440E-25  0.2000E-19  0.1300E-16  0.5020E-15  0.1450E-14  0.1940E-14  0.2180E-14  0.2350E-14  0.2340E-14  0.2070E-14  0.1690E-14  0.1460E-14
  0.1000E+15  0.9790E-43  0.5780E-33  0.3440E-25  0.2000E-19  0.1300E-16  0.5020E-15  0.1450E-14  0.1940E-14  0.2180E-14  0.2350E-14  0.2340E-14  0.2070E-14  0.1690E-14  0.1460E-14
  0.1000E+16  0.9790E-43  0.5780E-33  0.3440E-25  0.2000E-19  0.1300E-16  0.5020E-15  0.1450E-14  0.1940E-14  0.2180E-14  0.2350E-14  0.2340E-14  0.2070E-14  0.1690E-14  0.1460E-14
  0.1000E+17  0.9800E-43  0.5780E-33  0.3440E-25  0.2000E-19  0.1300E-16  0.5020E-15  0.1450E-14  0.1940E-14  0.2180E-14  0.2350E-14  0.2340E-14  0.2070E-14  0.1690E-14  0.1460E-14
WAVELENGTH(A)= 
    11.677
 7 14 t 
excit   
    50.300     75.400    126.000    251.000    503.000   1260.000   2510.000   3770.000   5030.000   7540.000  12600.000  25100.000  50300.000  75400.000 
  0.1000E+11  0.2020E-39  0.9420E-30  0.4690E-22  0.2430E-16  0.1520E-13  0.5950E-12  0.1760E-11  0.2400E-11  0.2750E-11  0.3050E-11  0.3210E-11  0.3110E-11  0.2830E-11  0.2620E-11
  0.1000E+12  0.2010E-39  0.9420E-30  0.4690E-22  0.2430E-16  0.1520E-13  0.5950E-12  0.1760E-11  0.2400E-11  0.2750E-11  0.3050E-11  0.3210E-11  0.3110E-11  0.2830E-11  0.2620E-11
  0.1000E+13  0.2010E-39  0.9420E-30  0.4690E-22  0.2430E-16  0.1520E-13  0.5950E-12  0.1760E-11  0.2400E-11  0.2750E-11  0.3050E-11  0.3210E-11  0.3110E-11  0.2830E-11  0.2620E-11
  0.1000E+14  0.2010E-39  0.9420E-30  0.4690E-22  0.2430E-16  0.1520E-13  0.5950E-12  0.1760E-11  0.2400E-11  0.2750E-11  0.3050E-11  0.3210E-11  0.3110E-11  0.2830E-11  0.2620E-11
  0.1000E+15  0.2010E-39  0.9420E-30  0.4690E-22  0.2430E-16  0.1520E-13  0.5950E-12  0.1760E-11  0.2400E-11  0.2750E-11  0.3050E-11  0.3210E-11  0.3110E-11  0.2830E-11  0.2620E-11
  0.1000E+16  0.2010E-39  0.9420E-30  0.4690E-22  0.2430E-16  0.1520E-13  0.5950E-12  0.1760E-11  0.2400E-11  0.2750E-11  0.3050E-11  0.3210E-11  0.3110E-11  0.2830E-11  0.2620E-11
  0.1000E+17  0.2010E-39  0.9420E-30  0.4690E-22  0.2430E-16  0.1520E-13  0.5950E-12  0.1760E-11  0.2400E-11  0.2750E-11  0.3050E-11  0.3210E-11  0.3110E-11  0.2830E-11  0.2620E-11
WAVELENGTH(A)= 
    12.405
 7 14 t 
excit   
    50.300     75.400    126.000    251.000    503.000   1260.000   2510.000   3770.000   5030.000   7540.000  12600.000  25100.000  50300.000  75400.000 
  0.1000E+11  0.4110E-41  0.1270E-31  0.4570E-24  0.1850E-18  0.1040E-15  0.3910E-14  0.1120E-13  0.1480E-13  0.1650E-13  0.1750E-13  0.1710E-13  0.1500E-13  0.1230E-13  0.1070E-13
  0.1000E+12  0.4110E-41  0.1270E-31  0.4570E-24  0.1850E-18  0.1040E-15  0.3910E-14  0.1120E-13  0.1480E-13  0.1650E-13  0.1750E-13  0.1710E-13  0.1500E-13  0.1230E-13  0.1070E-13
  0.1000E+13  0.4110E-41  0.1270E-31  0.4570E-24  0.1850E-18  0.1040E-15  0.3910E-14  0.1120E-13  0.1480E-13  0.1650E-13  0.1750E-13  0.1710E-13  0.1500E-13  0.1230E-13  0.1070E-13
  0.1000E+14  0.4110E-41  0.1270E-31  0.4570E-24  0.1850E-18  0.1040E-15  0.3910E-14  0.1120E-13  0.1480E-13  0.1650E-13  0.1750E-13  0.1710E-13  0.1500E-13  0.1230E-13  0.1070E-13
  0.1000E+15  0.4110E-41  0.1270E-31  0.4570E-24  0.1850E-18  0.1040E-15  0.3910E-14  0.1120E-13  0.1480E-13  0.1650E-13  0.1750E-13  0.1710E-13  0.1500E-13  0.1230E-13  0.1070E-13
  0.1000E+16  0.4110E-41  0.1270E-31  0.4570E-24  0.1850E-18  0.1040E-15  0.3910E-14  0.1120E-13  0.1480E-13  0.1650E-13  0.1750E-13  0.1710E-13  0.1500E-13  0.1230E-13  0.1070E-13
  0.1000E+17  0.4110E-41  0.1270E-31  0.4570E-24  0.1850E-18  0.1040E-15  0.3910E-14  0.1120E-13  0.1480E-13  0.1650E-13  0.1750E-13  0.1710E-13  0.1500E-13  0.1230E-13  0.1070E-13
WAVELENGTH(A)= 
    12.896
 7 14 t 
excit   
    50.300     75.400    126.000    251.000    503.000   1260.000   2510.000   3770.000   5030.000   7540.000  12600.000  25100.000  50300.000  75400.000 
  0.1000E+11  0.7770E-40  0.4580E-30  0.2730E-22  0.1590E-16  0.1030E-13  0.3980E-12  0.1150E-11  0.1540E-11  0.1730E-11  0.1870E-11  0.1860E-11  0.1640E-11  0.1340E-11  0.1160E-11
  0.1000E+12  0.7770E-40  0.4580E-30  0.2730E-22  0.1590E-16  0.1030E-13  0.3980E-12  0.1150E-11  0.1540E-11  0.1730E-11  0.1870E-11  0.1860E-11  0.1640E-11  0.1340E-11  0.1160E-11
  0.1000E+13  0.7770E-40  0.4580E-30  0.2730E-22  0.1590E-16  0.1030E-13  0.3980E-12  0.1150E-11  0.1540E-11  0.1730E-11  0.1870E-11  0.1860E-11  0.1640E-11  0.1340E-11  0.1160E-11
  0.1000E+14  0.7770E-40  0.4580E-30  0.2730E-22  0.1590E-16  0.1030E-13  0.3980E-12  0.1150E-11  0.1540E-11  0.1730E-11  0.1870E-11  0.1860E-11  0.1640E-11  0.1340E-11  0.1160E-11
  0.1000E+15  0.7770E-40  0.4580E-30  0.2730E-22  0.1590E-16  0.1030E-13  0.3980E-12  0.1150E-11  0.1540E-11  0.1730E-11  0.1870E-11  0.1860E-11  0.1640E-11  0.1340E-11  0.1160E-11
  0.1000E+16  0.7770E-40  0.4580E-30  0.2730E-22  0.1590E-16  0.1030E-13  0.3980E-12  0.1150E-11  0.1540E-11  0.1730E-11  0.1870E-11  0.1860E-11  0.1640E-11  0.1340E-11  0.1160E-11
  0.1000E+17  0.7780E-40  0.4590E-30  0.2730E-22  0.1590E-16  0.1030E-13  0.3980E-12  0.1150E-11  0.1540E-11  0.1730E-11  0.1870E-11  0.1860E-11  0.1640E-11  0.1340E-11  0.1160E-11
WAVELENGTH(A)= 
    13.371
 7 14 t 
excit   
    50.300     75.400    126.000    251.000    503.000   1260.000   2510.000   3770.000   5030.000   7540.000  12600.000  25100.000  50300.000  75400.000 
  0.1000E+11  0.3570E-43  0.1660E-33  0.8270E-26  0.4290E-20  0.2680E-17  0.1050E-15  0.3110E-15  0.4230E-15  0.4850E-15  0.5380E-15  0.5670E-15  0.5490E-15  0.4990E-15  0.4620E-15
  0.1000E+12  0.3550E-43  0.1660E-33  0.8270E-26  0.4290E-20  0.2680E-17  0.1050E-15  0.3110E-15  0.4230E-15  0.4850E-15  0.5380E-15  0.5670E-15  0.5490E-15  0.4990E-15  0.4620E-15
  0.1000E+13  0.3550E-43  0.1660E-33  0.8270E-26  0.4290E-20  0.2680E-17  0.1050E-15  0.3110E-15  0.4230E-15  0.4850E-15  0.5380E-15  0.5670E-15  0.5490E-15  0.4990E-15  0.4620E-15
  0.1000E+14  0.3550E-43  0.1660E-33  0.8270E-26  0.4290E-20  0.2680E-17  0.1050E-15  0.3110E-15  0.4230E-15  0.4850E-15  0.5380E-15  0.5670E-15  0.5490E-15  0.4990E-15  0.4620E-15
  0.1000E+15  0.3550E-43  0.1660E-33  0.8270E-26  0.4290E-20  0.2680E-17  0.1050E-15  0.3110E-15  0.4230E-15  0.4850E-15  0.5380E-15  0.5670E-15  0.5490E-15  0.4990E-15  0.4620E-15
  0.1000E+16  0.3550E-43  0.1660E-33  0.8270E-26  0.4290E-20  0.2680E-17  0.1050E-15  0.3110E-15  0.4230E-15  0.4850E-15  0.5380E-15  0.5670E-15  0.5490E-15  0.4990E-15  0.4620E-15
  0.1000E+17  0.3550E-43  0.1660E-33  0.8270E-26  0.4290E-20  0.2680E-17  0.1050E-15  0.3110E-15  0.4230E-15  0.4850E-15  0.5380E-15  0.5670E-15  0.5490E-15  0.4990E-15  0.4620E-15
WAVELENGTH(A)= 
    14.312
 7 14 t 
excit   
    50.300     75.400    126.000    251.000    503.000   1260.000   2510.000   3770.000   5030.000   7540.000  12600.000  25100.000  50300.000  75400.000 
  0.1000E+11  0.1000E-73  0.1920E-35  0.6800E-26  0.8480E-19  0.2530E-15  0.2440E-13  0.9570E-13  0.1420E-12  0.1690E-12  0.1950E-12  0.2100E-12  0.2060E-12  0.1870E-12  0.1730E-12
  0.1000E+12  0.1000E-73  0.1920E-35  0.6800E-26  0.8480E-19  0.2530E-15  0.2440E-13  0.9570E-13  0.1420E-12  0.1690E-12  0.1950E-12  0.2100E-12  0.2060E-12  0.1870E-12  0.1730E-12
  0.1000E+13  0.1000E-73  0.1920E-35  0.6800E-26  0.8480E-19  0.2530E-15  0.2440E-13  0.9570E-13  0.1420E-12  0.1690E-12  0.1950E-12  0.2100E-12  0.2060E-12  0.1870E-12  0.1730E-12
  0.1000E+14  0.1000E-73  0.1920E-35  0.6800E-26  0.8480E-19  0.2530E-15  0.2440E-13  0.9570E-13  0.1420E-12  0.1690E-12  0.1950E-12  0.2100E-12  0.2060E-12  0.1870E-12  0.1730E-12
  0.1000E+15  0.1000E-73  0.1920E-35  0.6800E-26  0.8480E-19  0.2530E-15  0.2440E-13  0.9570E-13  0.1420E-12  0.1690E-12  0.1950E-12  0.2100E-12  0.2060E-12  0.1870E-12  0.1730E-12
  0.1000E+16  0.1000E-73  0.1920E-35  0.6800E-26  0.8480E-19  0.2530E-15  0.2440E-13  0.9570E-13  0.1420E-12  0.1690E-12  0.1950E-12  0.2100E-12  0.2060E-12  0.1870E-12  0.1730E-12
  0.1000E+17  0.2160E-47  0.1920E-35  0.6800E-26  0.8480E-19  0.2530E-15  0.2440E-13  0.9570E-13  0.1420E-12  0.1690E-12  0.1950E-12  0.2100E-12  0.2060E-12  0.1870E-12  0.1730E-12
WAVELENGTH(A)= 
    14.335
 7 14 t 
excit   
    50.300     75.400    126.000    251.000    503.000   1260.000   2510.000   3770.000   5030.000   7540.000  12600.000  25100.000  50300.000  75400.000 
  0.1000E+11  0.5260E-39  0.1630E-29  0.5850E-22  0.2370E-16  0.1340E-13  0.5010E-12  0.1430E-11  0.1890E-11  0.2110E-11  0.2240E-11  0.2190E-11  0.1920E-11  0.1570E-11  0.1370E-11
  0.1000E+12  0.5260E-39  0.1630E-29  0.5850E-22  0.2370E-16  0.1340E-13  0.5010E-12  0.1430E-11  0.1890E-11  0.2110E-11  0.2240E-11  0.2190E-11  0.1920E-11  0.1570E-11  0.1370E-11
  0.1000E+13  0.5260E-39  0.1630E-29  0.5850E-22  0.2370E-16  0.1340E-13  0.5010E-12  0.1430E-11  0.1890E-11  0.2110E-11  0.2240E-11  0.2190E-11  0.1920E-11  0.1570E-11  0.1370E-11
  0.1000E+14  0.5260E-39  0.1630E-29  0.5850E-22  0.2370E-16  0.1340E-13  0.5010E-12  0.1430E-11  0.1890E-11  0.2110E-11  0.2240E-11  0.2190E-11  0.1920E-11  0.1570E-11  0.1370E-11
  0.1000E+15  0.5260E-39  0.1630E-29  0.5850E-22  0.2370E-16  0.1340E-13  0.5010E-12  0.1430E-11  0.1890E-11  0.2110E-11  0.2240E-11  0.2190E-11  0.1920E-11  0.1570E-11  0.1370E-11
  0.1000E+16  0.5260E-39  0.1630E-29  0.5850E-22  0.2370E-16  0.1340E-13  0.5010E-12  0.1430E-11  0.1890E-11  0.2110E-11  0.2240E-11  0.2190E-11  0.1920E-11  0.1570E-11  0.1370E-11
  0.1000E+17  0.5260E-39  0.1630E-29  0.5850E-22  0.2370E-16  0.1340E-13  0.5010E-12  0.1430E-11  0.1890E-11  0.2110E-11  0.2240E-11  0.2190E-11  0.1920E-11  0.1570E-11  0.1370E-11
WAVELENGTH(A)= 
    14.670
 7 14 t 
excit   
    50.300     75.400    126.000    251.000    503.000   1260.000   2510.000   3770.000   5030.000   7540.000  12600.000  25100.000  50300.000  75400.000 
  0.1000E+11  0.1000E-73  0.6240E-38  0.1970E-28  0.2250E-21  0.6410E-18  0.5950E-16  0.2240E-15  0.3200E-15  0.3690E-15  0.4030E-15  0.3970E-15  0.3400E-15  0.2670E-15  0.2260E-15
  0.1000E+12  0.1000E-73  0.6240E-38  0.1970E-28  0.2250E-21  0.6410E-18  0.5950E-16  0.2240E-15  0.3200E-15  0.3690E-15  0.4030E-15  0.3970E-15  0.3400E-15  0.2670E-15  0.2260E-15
  0.1000E+13  0.1000E-73  0.6240E-38  0.1970E-28  0.2250E-21  0.6410E-18  0.5950E-16  0.2240E-15  0.3200E-15  0.3690E-15  0.4030E-15  0.3970E-15  0.3400E-15  0.2670E-15  0.2260E-15
  0.1000E+14  0.1000E-73  0.6240E-38  0.1970E-28  0.2250E-21  0.6410E-18  0.5950E-16  0.2240E-15  0.3200E-15  0.3690E-15  0.4030E-15  0.3970E-15  0.3400E-15  0.2670E-15  0.2260E-15
  0.1000E+15  0.1000E-73  0.6240E-38  0.1970E-28  0.2250E-21  0.6410E-18  0.5950E-16  0.2240E-15  0.3200E-15  0.3690E-15  0.4030E-15  0.3970E-15  0.3400E-15  0.2670E-15  0.2260E-15
  0.1000E+16  0.8240E-50  0.6240E-38  0.1970E-28  0.2250E-21  0.6410E-18  0.5950E-16  0.2240E-15  0.3200E-15  0.3690E-15  0.4030E-15  0.3970E-15  0.3400E-15  0.2670E-15  0.2260E-15
  0.1000E+17  0.7420E-50  0.6230E-38  0.1970E-28  0.2250E-21  0.6410E-18  0.5940E-16  0.2240E-15  0.3200E-15  0.3690E-15  0.4030E-15  0.3970E-15  0.3400E-15  0.2670E-15  0.2260E-15
WAVELENGTH(A)= 
    15.202
 7 14 t 
excit   
    50.300     75.400    126.000    251.000    503.000   1260.000   2510.000   3770.000   5030.000   7540.000  12600.000  25100.000  50300.000  75400.000 
  0.1000E+11  0.1000E-73  0.1710E-35  0.6440E-26  0.8370E-19  0.2560E-15  0.2500E-13  0.9730E-13  0.1420E-12  0.1670E-12  0.1880E-12  0.1920E-12  0.1730E-12  0.1420E-12  0.1230E-12
  0.1000E+12  0.1000E-73  0.1710E-35  0.6440E-26  0.8370E-19  0.2560E-15  0.2500E-13  0.9730E-13  0.1420E-12  0.1670E-12  0.1880E-12  0.1920E-12  0.1730E-12  0.1420E-12  0.1230E-12
  0.1000E+13  0.1000E-73  0.1710E-35  0.6440E-26  0.8370E-19  0.2560E-15  0.2500E-13  0.9730E-13  0.1420E-12  0.1670E-12  0.1880E-12  0.1920E-12  0.1730E-12  0.1420E-12  0.1230E-12
  0.1000E+14  0.1000E-73  0.1710E-35  0.6440E-26  0.8370E-19  0.2560E-15  0.2500E-13  0.9730E-13  0.1420E-12  0.1670E-12  0.1880E-12  0.1920E-12  0.1730E-12  0.1420E-12  0.1230E-12
  0.1000E+15  0.1000E-73  0.1710E-35  0.6440E-26  0.8370E-19  0.2560E-15  0.2500E-13  0.9730E-13  0.1420E-12  0.1670E-12  0.1880E-12  0.1920E-12  0.1730E-12  0.1420E-12  0.1230E-12
  0.1000E+16  0.1000E-73  0.1710E-35  0.6440E-26  0.8370E-19  0.2560E-15  0.2500E-13  0.9730E-13  0.1420E-12  0.1670E-12  0.1880E-12  0.1920E-12  0.1730E-12  0.1420E-12  0.1230E-12
  0.1000E+17  0.1450E-47  0.1710E-35  0.6440E-26  0.8370E-19  0.2560E-15  0.2500E-13  0.9730E-13  0.1420E-12  0.1670E-12  0.1880E-12  0.1920E-12  0.1730E-12  0.1420E-12  0.1230E-12
WAVELENGTH(A)= 
    15.838
 7 14 t 
excit   
    50.300     75.400    126.000    251.000    503.000   1260.000   2510.000   3770.000   5030.000   7540.000  12600.000  25100.000  50300.000  75400.000 
  0.1000E+11  0.1000E-73  0.1510E-35  0.4780E-26  0.5460E-19  0.1550E-15  0.1440E-13  0.5410E-13  0.7760E-13  0.8950E-13  0.9750E-13  0.9610E-13  0.8230E-13  0.6460E-13  0.5480E-13
  0.1000E+12  0.1000E-73  0.1510E-35  0.4780E-26  0.5460E-19  0.1550E-15  0.1440E-13  0.5410E-13  0.7760E-13  0.8950E-13  0.9750E-13  0.9610E-13  0.8230E-13  0.6460E-13  0.5480E-13
  0.1000E+13  0.1000E-73  0.1510E-35  0.4780E-26  0.5460E-19  0.1550E-15  0.1440E-13  0.5410E-13  0.7760E-13  0.8950E-13  0.9750E-13  0.9610E-13  0.8230E-13  0.6460E-13  0.5480E-13
  0.1000E+14  0.1000E-73  0.1510E-35  0.4780E-26  0.5460E-19  0.1550E-15  0.1440E-13  0.5410E-13  0.7760E-13  0.8950E-13  0.9750E-13  0.9610E-13  0.8230E-13  0.6460E-13  0.5480E-13
  0.1000E+15  0.1000E-73  0.1510E-35  0.4780E-26  0.5460E-19  0.1550E-15  0.1440E-13  0.5410E-13  0.7760E-13  0.8950E-13  0.9750E-13  0.9610E-13  0.8230E-13  0.6460E-13  0.5480E-13
  0.1000E+16  0.2000E-47  0.1510E-35  0.4780E-26  0.5460E-19  0.1550E-15  0.1440E-13  0.5410E-13  0.7760E-13  0.8950E-13  0.9750E-13  0.9610E-13  0.8230E-13  0.6460E-13  0.5480E-13
  0.1000E+17  0.1800E-47  0.1510E-35  0.4780E-26  0.5460E-19  0.1550E-15  0.1440E-13  0.5410E-13  0.7760E-13  0.8940E-13  0.9750E-13  0.9610E-13  0.8230E-13  0.6460E-13  0.5480E-13
WAVELENGTH(A)= 
    16.106
 7 14 t 
excit   
    50.300     75.400    126.000    251.000    503.000   1260.000   2510.000   3770.000   5030.000   7540.000  12600.000  25100.000  50300.000  75400.000 
  0.1000E+11  0.1000E-73  0.3610E-37  0.1280E-27  0.1590E-20  0.4760E-17  0.4590E-15  0.1800E-14  0.2670E-14  0.3180E-14  0.3670E-14  0.3930E-14  0.3870E-14  0.3520E-14  0.3260E-14
  0.1000E+12  0.1000E-73  0.3610E-37  0.1280E-27  0.1590E-20  0.4760E-17  0.4590E-15  0.1800E-14  0.2670E-14  0.3180E-14  0.3670E-14  0.3930E-14  0.3870E-14  0.3520E-14  0.3260E-14
  0.1000E+13  0.1000E-73  0.3610E-37  0.1280E-27  0.1590E-20  0.4760E-17  0.4590E-15  0.1800E-14  0.2670E-14  0.3180E-14  0.3670E-14  0.3930E-14  0.3870E-14  0.3520E-14  0.3260E-14
  0.1000E+14  0.1000E-73  0.3610E-37  0.1280E-27  0.1590E-20  0.4760E-17  0.4590E-15  0.1800E-14  0.2670E-14  0.3180E-14  0.3670E-14  0.3930E-14  0.3870E-14  0.3520E-14  0.3260E-14
  0.1000E+15  0.1000E-73  0.3610E-37  0.1280E-27  0.1590E-20  0.4760E-17  0.4590E-15  0.1800E-14  0.2670E-14  0.3180E-14  0.3670E-14  0.3930E-14  0.3870E-14  0.3520E-14  0.3260E-14
  0.1000E+16  0.1000E-73  0.3610E-37  0.1280E-27  0.1590E-20  0.4760E-17  0.4590E-15  0.1800E-14  0.2670E-14  0.3180E-14  0.3670E-14  0.3930E-14  0.3870E-14  0.3520E-14  0.3260E-14
  0.1000E+17  0.4060E-49  0.3610E-37  0.1280E-27  0.1590E-20  0.4760E-17  0.4590E-15  0.1800E-14  0.2670E-14  0.3180E-14  0.3670E-14  0.3930E-14  0.3870E-14  0.3520E-14  0.3260E-14
WAVELENGTH(A)= 
    21.244
 7 14 t 
excit   
    50.300     75.400    126.000    251.000    503.000   1260.000   2510.000   3770.000   5030.000   7540.000  12600.000  25100.000  50300.000  75400.000 
  0.1000E+11  0.1000E-73  0.1900E-36  0.1500E-27  0.6060E-21  0.1040E-17  0.7110E-16  0.2470E-15  0.3510E-15  0.4040E-15  0.4470E-15  0.4530E-15  0.4060E-15  0.3320E-15  0.2880E-15
  0.1000E+12  0.1000E-73  0.1900E-36  0.1500E-27  0.6060E-21  0.1040E-17  0.7110E-16  0.2470E-15  0.3510E-15  0.4040E-15  0.4470E-15  0.4530E-15  0.4060E-15  0.3320E-15  0.2880E-15
  0.1000E+13  0.1000E-73  0.1900E-36  0.1500E-27  0.6060E-21  0.1040E-17  0.7110E-16  0.2470E-15  0.3510E-15  0.4040E-15  0.4470E-15  0.4530E-15  0.4060E-15  0.3320E-15  0.2880E-15
  0.1000E+14  0.1510E-47  0.1900E-36  0.1500E-27  0.6060E-21  0.1040E-17  0.7110E-16  0.2470E-15  0.3510E-15  0.4040E-15  0.4470E-15  0.4530E-15  0.4060E-15  0.3320E-15  0.2880E-15
  0.1000E+15  0.1210E-47  0.1900E-36  0.1500E-27  0.6060E-21  0.1040E-17  0.7110E-16  0.2470E-15  0.3510E-15  0.4040E-15  0.4470E-15  0.4530E-15  0.4060E-15  0.3320E-15  0.2880E-15
  0.1000E+16  0.1270E-47  0.1900E-36  0.1500E-27  0.6060E-21  0.1040E-17  0.7110E-16  0.2470E-15  0.3510E-15  0.4040E-15  0.4470E-15  0.4530E-15  0.4060E-15  0.3320E-15  0.2880E-15
  0.1000E+17  0.1280E-47  0.1900E-36  0.1500E-27  0.6060E-21  0.1040E-17  0.7110E-16  0.2470E-15  0.3510E-15  0.4040E-15  0.4470E-15  0.4530E-15  0.4060E-15  0.3320E-15  0.2880E-15
WAVELENGTH(A)= 
    21.957
 7 14 t 
excit   
    50.300     75.400    126.000    251.000    503.000   1260.000   2510.000   3770.000   5030.000   7540.000  12600.000  25100.000  50300.000  75400.000 
  0.1000E+11  0.1000E-73  0.1960E-33  0.1410E-24  0.5400E-18  0.9060E-15  0.6250E-13  0.2200E-12  0.3150E-12  0.3690E-12  0.4200E-12  0.4450E-12  0.4330E-12  0.3940E-12  0.3640E-12
  0.1000E+12  0.1000E-73  0.1960E-33  0.1410E-24  0.5400E-18  0.9060E-15  0.6250E-13  0.2200E-12  0.3150E-12  0.3690E-12  0.4200E-12  0.4450E-12  0.4330E-12  0.3940E-12  0.3640E-12
  0.1000E+13  0.1000E-73  0.1960E-33  0.1410E-24  0.5400E-18  0.9060E-15  0.6250E-13  0.2200E-12  0.3150E-12  0.3690E-12  0.4200E-12  0.4450E-12  0.4330E-12  0.3940E-12  0.3640E-12
  0.1000E+14  0.1590E-44  0.1960E-33  0.1410E-24  0.5400E-18  0.9060E-15  0.6250E-13  0.2200E-12  0.3150E-12  0.3690E-12  0.4200E-12  0.4450E-12  0.4330E-12  0.3940E-12  0.3640E-12
  0.1000E+15  0.1510E-44  0.1960E-33  0.1410E-24  0.5400E-18  0.9060E-15  0.6250E-13  0.2200E-12  0.3150E-12  0.3690E-12  0.4200E-12  0.4450E-12  0.4330E-12  0.3940E-12  0.3640E-12
  0.1000E+16  0.1490E-44  0.1960E-33  0.1410E-24  0.5400E-18  0.9060E-15  0.6250E-13  0.2200E-12  0.3150E-12  0.3690E-12  0.4200E-12  0.4450E-12  0.4330E-12  0.3940E-12  0.3640E-12
  0.1000E+17  0.1490E-44  0.1960E-33  0.1410E-24  0.5400E-18  0.9060E-15  0.6250E-13  0.2200E-12  0.3150E-12  0.3690E-12  0.4200E-12  0.4450E-12  0.4330E-12  0.3940E-12  0.3640E-12
WAVELENGTH(A)= 
    23.386
 7 14 t 
excit   
    50.300     75.400    126.000    251.000    503.000   1260.000   2510.000   3770.000   5030.000   7540.000  12600.000  25100.000  50300.000  75400.000 
  0.1000E+11  0.1000E-73  0.1030E-35  0.6190E-27  0.2070E-20  0.3260E-17  0.2140E-15  0.7270E-15  0.1010E-14  0.1140E-14  0.1240E-14  0.1220E-14  0.1060E-14  0.8520E-15  0.7320E-15
  0.1000E+12  0.1000E-73  0.1030E-35  0.6190E-27  0.2070E-20  0.3260E-17  0.2140E-15  0.7270E-15  0.1010E-14  0.1140E-14  0.1240E-14  0.1220E-14  0.1060E-14  0.8520E-15  0.7320E-15
  0.1000E+13  0.9120E-47  0.1030E-35  0.6190E-27  0.2070E-20  0.3260E-17  0.2140E-15  0.7270E-15  0.1010E-14  0.1140E-14  0.1240E-14  0.1220E-14  0.1060E-14  0.8520E-15  0.7320E-15
  0.1000E+14  0.1000E-46  0.1030E-35  0.6190E-27  0.2070E-20  0.3260E-17  0.2140E-15  0.7270E-15  0.1010E-14  0.1140E-14  0.1240E-14  0.1220E-14  0.1060E-14  0.8520E-15  0.7320E-15
  0.1000E+15  0.9880E-47  0.1030E-35  0.6190E-27  0.2070E-20  0.3260E-17  0.2140E-15  0.7270E-15  0.1010E-14  0.1140E-14  0.1240E-14  0.1220E-14  0.1060E-14  0.8520E-15  0.7320E-15
  0.1000E+16  0.9890E-47  0.1030E-35  0.6190E-27  0.2070E-20  0.3260E-17  0.2140E-15  0.7270E-15  0.1010E-14  0.1140E-14  0.1240E-14  0.1220E-14  0.1060E-14  0.8520E-15  0.7320E-15
  0.1000E+17  0.9890E-47  0.1030E-35  0.6190E-27  0.2070E-20  0.3260E-17  0.2140E-15  0.7270E-15  0.1010E-14  0.1140E-14  0.1240E-14  0.1220E-14  0.1060E-14  0.8520E-15  0.7320E-15
WAVELENGTH(A)= 
    23.786
 7 14 t 
excit   
    50.300     75.400    126.000    251.000    503.000   1260.000   2510.000   3770.000   5030.000   7540.000  12600.000  25100.000  50300.000  75400.000 
  0.1000E+11  0.1000E-73  0.1690E-33  0.1330E-24  0.5370E-18  0.9190E-15  0.6300E-13  0.2190E-12  0.3110E-12  0.3580E-12  0.3960E-12  0.4020E-12  0.3600E-12  0.2940E-12  0.2550E-12
  0.1000E+12  0.1000E-73  0.1690E-33  0.1330E-24  0.5370E-18  0.9190E-15  0.6300E-13  0.2190E-12  0.3110E-12  0.3580E-12  0.3960E-12  0.4020E-12  0.3600E-12  0.2940E-12  0.2550E-12
  0.1000E+13  0.1000E-73  0.1690E-33  0.1330E-24  0.5370E-18  0.9190E-15  0.6300E-13  0.2190E-12  0.3110E-12  0.3580E-12  0.3960E-12  0.4020E-12  0.3600E-12  0.2940E-12  0.2550E-12
  0.1000E+14  0.1340E-44  0.1690E-33  0.1330E-24  0.5370E-18  0.9190E-15  0.6300E-13  0.2190E-12  0.3110E-12  0.3580E-12  0.3960E-12  0.4020E-12  0.3600E-12  0.2940E-12  0.2550E-12
  0.1000E+15  0.1070E-44  0.1690E-33  0.1330E-24  0.5370E-18  0.9190E-15  0.6300E-13  0.2190E-12  0.3110E-12  0.3580E-12  0.3960E-12  0.4020E-12  0.3600E-12  0.2940E-12  0.2550E-12
  0.1000E+16  0.1130E-44  0.1690E-33  0.1330E-24  0.5370E-18  0.9190E-15  0.6300E-13  0.2190E-12  0.3110E-12  0.3580E-12  0.3960E-12  0.4020E-12  0.3600E-12  0.2940E-12  0.2550E-12
  0.1000E+17  0.1130E-44  0.1690E-33  0.1330E-24  0.5370E-18  0.9190E-15  0.6300E-13  0.2190E-12  0.3110E-12  0.3580E-12  0.3960E-12  0.4020E-12  0.3600E-12  0.2940E-12  0.2550E-12
WAVELENGTH(A)= 
    24.683
 7 14 t 
excit   
    50.300     75.400    126.000    251.000    503.000   1260.000   2510.000   3770.000   5030.000   7540.000  12600.000  25100.000  50300.000  75400.000 
  0.1000E+11  0.1000E-73  0.4890E-37  0.3510E-28  0.1350E-21  0.2260E-18  0.1560E-16  0.5470E-16  0.7860E-16  0.9200E-16  0.1050E-15  0.1110E-15  0.1080E-15  0.9820E-16  0.9060E-16
  0.1000E+12  0.1000E-73  0.4890E-37  0.3510E-28  0.1350E-21  0.2260E-18  0.1560E-16  0.5470E-16  0.7860E-16  0.9200E-16  0.1050E-15  0.1110E-15  0.1080E-15  0.9820E-16  0.9060E-16
  0.1000E+13  0.1000E-73  0.4890E-37  0.3510E-28  0.1350E-21  0.2260E-18  0.1560E-16  0.5470E-16  0.7860E-16  0.9200E-16  0.1050E-15  0.1110E-15  0.1080E-15  0.9820E-16  0.9060E-16
  0.1000E+14  0.3950E-48  0.4890E-37  0.3510E-28  0.1350E-21  0.2260E-18  0.1560E-16  0.5470E-16  0.7860E-16  0.9200E-16  0.1050E-15  0.1110E-15  0.1080E-15  0.9820E-16  0.9060E-16
  0.1000E+15  0.3750E-48  0.4890E-37  0.3510E-28  0.1350E-21  0.2260E-18  0.1560E-16  0.5470E-16  0.7860E-16  0.9200E-16  0.1050E-15  0.1110E-15  0.1080E-15  0.9820E-16  0.9060E-16
  0.1000E+16  0.3710E-48  0.4890E-37  0.3510E-28  0.1350E-21  0.2260E-18  0.1560E-16  0.5470E-16  0.7860E-16  0.9200E-16  0.1050E-15  0.1110E-15  0.1080E-15  0.9820E-16  0.9060E-16
  0.1000E+17  0.3710E-48  0.4890E-37  0.3510E-28  0.1350E-21  0.2260E-18  0.1560E-16  0.5470E-16  0.7860E-16  0.9200E-16  0.1050E-15  0.1110E-15  0.1080E-15  0.9820E-16  0.9060E-16
WAVELENGTH(A)= 
    26.485
 7 14 t 
excit   
    50.300     75.400    126.000    251.000    503.000   1260.000   2510.000   3770.000   5030.000   7540.000  12600.000  25100.000  50300.000  75400.000 
  0.1000E+11  0.1000E-73  0.6140E-35  0.4410E-26  0.1690E-19  0.2830E-16  0.1960E-14  0.6870E-14  0.9870E-14  0.1150E-13  0.1310E-13  0.1390E-13  0.1360E-13  0.1230E-13  0.1140E-13
  0.1000E+12  0.1000E-73  0.6140E-35  0.4410E-26  0.1690E-19  0.2830E-16  0.1960E-14  0.6870E-14  0.9870E-14  0.1150E-13  0.1310E-13  0.1390E-13  0.1360E-13  0.1230E-13  0.1140E-13
  0.1000E+13  0.1000E-73  0.6140E-35  0.4410E-26  0.1690E-19  0.2830E-16  0.1960E-14  0.6870E-14  0.9870E-14  0.1150E-13  0.1310E-13  0.1390E-13  0.1360E-13  0.1230E-13  0.1140E-13
  0.1000E+14  0.4960E-46  0.6140E-35  0.4410E-26  0.1690E-19  0.2830E-16  0.1960E-14  0.6870E-14  0.9870E-14  0.1150E-13  0.1310E-13  0.1390E-13  0.1360E-13  0.1230E-13  0.1140E-13
  0.1000E+15  0.4710E-46  0.6140E-35  0.4410E-26  0.1690E-19  0.2830E-16  0.1960E-14  0.6870E-14  0.9870E-14  0.1150E-13  0.1310E-13  0.1390E-13  0.1360E-13  0.1230E-13  0.1140E-13
  0.1000E+16  0.4660E-46  0.6140E-35  0.4410E-26  0.1690E-19  0.2830E-16  0.1960E-14  0.6870E-14  0.9870E-14  0.1150E-13  0.1310E-13  0.1390E-13  0.1360E-13  0.1230E-13  0.1140E-13
  0.1000E+17  0.4660E-46  0.6140E-35  0.4410E-26  0.1690E-19  0.2830E-16  0.1960E-14  0.6870E-14  0.9870E-14  0.1150E-13  0.1310E-13  0.1390E-13  0.1360E-13  0.1230E-13  0.1140E-13
WAVELENGTH(A)= 
    26.503
 7 14 t 
excit   
    50.300     75.400    126.000    251.000    503.000   1260.000   2510.000   3770.000   5030.000   7540.000  12600.000  25100.000  50300.000  75400.000 
  0.1000E+11  0.1000E-73  0.3590E-33  0.2150E-24  0.7200E-18  0.1130E-14  0.7450E-13  0.2530E-12  0.3500E-12  0.3980E-12  0.4300E-12  0.4240E-12  0.3690E-12  0.2960E-12  0.2540E-12
  0.1000E+12  0.1000E-73  0.3590E-33  0.2150E-24  0.7200E-18  0.1130E-14  0.7450E-13  0.2530E-12  0.3500E-12  0.3980E-12  0.4300E-12  0.4240E-12  0.3690E-12  0.2960E-12  0.2540E-12
  0.1000E+13  0.3170E-44  0.3590E-33  0.2150E-24  0.7200E-18  0.1130E-14  0.7450E-13  0.2530E-12  0.3500E-12  0.3980E-12  0.4300E-12  0.4240E-12  0.3690E-12  0.2960E-12  0.2540E-12
  0.1000E+14  0.3490E-44  0.3590E-33  0.2150E-24  0.7200E-18  0.1130E-14  0.7450E-13  0.2530E-12  0.3500E-12  0.3980E-12  0.4300E-12  0.4240E-12  0.3690E-12  0.2960E-12  0.2540E-12
  0.1000E+15  0.3430E-44  0.3590E-33  0.2150E-24  0.7200E-18  0.1130E-14  0.7450E-13  0.2530E-12  0.3500E-12  0.3980E-12  0.4300E-12  0.4240E-12  0.3690E-12  0.2960E-12  0.2540E-12
  0.1000E+16  0.3440E-44  0.3590E-33  0.2150E-24  0.7200E-18  0.1130E-14  0.7450E-13  0.2530E-12  0.3500E-12  0.3980E-12  0.4300E-12  0.4240E-12  0.3690E-12  0.2960E-12  0.2540E-12
  0.1000E+17  0.3440E-44  0.3590E-33  0.2150E-24  0.7200E-18  0.1130E-14  0.7450E-13  0.2530E-12  0.3500E-12  0.3980E-12  0.4300E-12  0.4240E-12  0.3690E-12  0.2960E-12  0.2540E-12
WAVELENGTH(A)= 
    27.437
 7 14 t 
excit   
    50.300     75.400    126.000    251.000    503.000   1260.000   2510.000   3770.000   5030.000   7540.000  12600.000  25100.000  50300.000  75400.000 
  0.1000E+11  0.3770E-12  0.6190E-11  0.5320E-10  0.2330E-09  0.4250E-09  0.5140E-09  0.4870E-09  0.4540E-09  0.4270E-09  0.3880E-09  0.3380E-09  0.2760E-09  0.2210E-09  0.1920E-09
  0.1000E+12  0.3770E-12  0.6190E-11  0.5320E-10  0.2330E-09  0.4250E-09  0.5140E-09  0.4870E-09  0.4540E-09  0.4270E-09  0.3880E-09  0.3380E-09  0.2760E-09  0.2210E-09  0.1920E-09
  0.1000E+13  0.3770E-12  0.6190E-11  0.5320E-10  0.2330E-09  0.4250E-09  0.5140E-09  0.4870E-09  0.4540E-09  0.4270E-09  0.3880E-09  0.3380E-09  0.2760E-09  0.2210E-09  0.1920E-09
  0.1000E+14  0.3770E-12  0.6190E-11  0.5320E-10  0.2330E-09  0.4250E-09  0.5140E-09  0.4870E-09  0.4540E-09  0.4270E-09  0.3880E-09  0.3380E-09  0.2760E-09  0.2210E-09  0.1920E-09
  0.1000E+15  0.3770E-12  0.6190E-11  0.5320E-10  0.2330E-09  0.4250E-09  0.5140E-09  0.4870E-09  0.4540E-09  0.4270E-09  0.3880E-09  0.3380E-09  0.2760E-09  0.2210E-09  0.1920E-09
  0.1000E+16  0.3770E-12  0.6190E-11  0.5320E-10  0.2330E-09  0.4250E-09  0.5140E-09  0.4870E-09  0.4540E-09  0.4270E-09  0.3880E-09  0.3380E-09  0.2760E-09  0.2210E-09  0.1920E-09
  0.1000E+17  0.3770E-12  0.6190E-11  0.5320E-10  0.2330E-09  0.4250E-09  0.5140E-09  0.4870E-09  0.4540E-09  0.4270E-09  0.3880E-09  0.3380E-09  0.2760E-09  0.2210E-09  0.1920E-09
WAVELENGTH(A)= 
    35.651
 7 14 t 
excit   
    50.300     75.400    126.000    251.000    503.000   1260.000   2510.000   3770.000   5030.000   7540.000  12600.000  25100.000  50300.000  75400.000 
  0.1000E+11  0.1000E-73  0.9340E-39  0.3510E-29  0.4570E-22  0.1400E-18  0.1360E-16  0.5310E-16  0.7770E-16  0.9110E-16  0.1020E-15  0.1050E-15  0.9460E-16  0.7720E-16  0.6690E-16
  0.1000E+12  0.1000E-73  0.9340E-39  0.3510E-29  0.4570E-22  0.1400E-18  0.1360E-16  0.5310E-16  0.7770E-16  0.9110E-16  0.1020E-15  0.1050E-15  0.9460E-16  0.7720E-16  0.6690E-16
  0.1000E+13  0.1000E-73  0.9340E-39  0.3510E-29  0.4570E-22  0.1400E-18  0.1360E-16  0.5310E-16  0.7770E-16  0.9110E-16  0.1020E-15  0.1050E-15  0.9460E-16  0.7720E-16  0.6690E-16
  0.1000E+14  0.1000E-73  0.9340E-39  0.3510E-29  0.4570E-22  0.1400E-18  0.1360E-16  0.5310E-16  0.7770E-16  0.9110E-16  0.1020E-15  0.1050E-15  0.9460E-16  0.7720E-16  0.6690E-16
  0.1000E+15  0.1000E-73  0.9340E-39  0.3510E-29  0.4570E-22  0.1400E-18  0.1360E-16  0.5310E-16  0.7770E-16  0.9110E-16  0.1020E-15  0.1050E-15  0.9460E-16  0.7720E-16  0.6690E-16
  0.1000E+16  0.1000E-73  0.9340E-39  0.3510E-29  0.4570E-22  0.1400E-18  0.1360E-16  0.5310E-16  0.7770E-16  0.9110E-16  0.1020E-15  0.1050E-15  0.9460E-16  0.7720E-16  0.6690E-16
  0.1000E+17  0.7900E-51  0.9340E-39  0.3510E-29  0.4570E-22  0.1400E-18  0.1360E-16  0.5310E-16  0.7770E-16  0.9110E-16  0.1020E-15  0.1050E-15  0.9460E-16  0.7720E-16  0.6690E-16
WAVELENGTH(A)= 
    36.885
 7 14 t 
excit   
    50.300     75.400    126.000    251.000    503.000   1260.000   2510.000   3770.000   5030.000   7540.000  12600.000  25100.000  50300.000  75400.000 
  0.1000E+11  0.1000E-73  0.9320E-36  0.3290E-26  0.4110E-19  0.1230E-15  0.1180E-13  0.4640E-13  0.6890E-13  0.8210E-13  0.9460E-13  0.1010E-12  0.9980E-13  0.9080E-13  0.8400E-13
  0.1000E+12  0.1000E-73  0.9320E-36  0.3290E-26  0.4110E-19  0.1230E-15  0.1180E-13  0.4640E-13  0.6890E-13  0.8210E-13  0.9460E-13  0.1010E-12  0.9980E-13  0.9080E-13  0.8400E-13
  0.1000E+13  0.1000E-73  0.9320E-36  0.3290E-26  0.4110E-19  0.1230E-15  0.1180E-13  0.4640E-13  0.6890E-13  0.8210E-13  0.9460E-13  0.1010E-12  0.9980E-13  0.9080E-13  0.8400E-13
  0.1000E+14  0.1000E-73  0.9320E-36  0.3290E-26  0.4110E-19  0.1230E-15  0.1180E-13  0.4640E-13  0.6890E-13  0.8210E-13  0.9460E-13  0.1010E-12  0.9980E-13  0.9080E-13  0.8400E-13
  0.1000E+15  0.1000E-73  0.9320E-36  0.3290E-26  0.4110E-19  0.1230E-15  0.1180E-13  0.4640E-13  0.6890E-13  0.8210E-13  0.9460E-13  0.1010E-12  0.9980E-13  0.9080E-13  0.8400E-13
  0.1000E+16  0.1000E-73  0.9320E-36  0.3290E-26  0.4110E-19  0.1230E-15  0.1180E-13  0.4640E-13  0.6890E-13  0.8210E-13  0.9460E-13  0.1010E-12  0.9980E-13  0.9080E-13  0.8400E-13
  0.1000E+17  0.1050E-47  0.9320E-36  0.3290E-26  0.4110E-19  0.1230E-15  0.1180E-13  0.4640E-13  0.6890E-13  0.8210E-13  0.9460E-13  0.1010E-12  0.9980E-13  0.9080E-13  0.8400E-13
WAVELENGTH(A)= 
    39.361
 7 14 t 
excit   
    50.300     75.400    126.000    251.000    503.000   1260.000   2510.000   3770.000   5030.000   7540.000  12600.000  25100.000  50300.000  75400.000 
  0.1000E+11  0.1000E-73  0.2910E-38  0.9210E-29  0.1050E-21  0.2990E-18  0.2770E-16  0.1040E-15  0.1500E-15  0.1720E-15  0.1880E-15  0.1850E-15  0.1590E-15  0.1240E-15  0.1060E-15
  0.1000E+12  0.1000E-73  0.2910E-38  0.9210E-29  0.1050E-21  0.2990E-18  0.2770E-16  0.1040E-15  0.1500E-15  0.1720E-15  0.1880E-15  0.1850E-15  0.1590E-15  0.1240E-15  0.1060E-15
  0.1000E+13  0.1000E-73  0.2910E-38  0.9210E-29  0.1050E-21  0.2990E-18  0.2770E-16  0.1040E-15  0.1500E-15  0.1720E-15  0.1880E-15  0.1850E-15  0.1590E-15  0.1240E-15  0.1060E-15
  0.1000E+14  0.1000E-73  0.2910E-38  0.9210E-29  0.1050E-21  0.2990E-18  0.2770E-16  0.1040E-15  0.1500E-15  0.1720E-15  0.1880E-15  0.1850E-15  0.1590E-15  0.1240E-15  0.1060E-15
  0.1000E+15  0.1000E-73  0.2910E-38  0.9210E-29  0.1050E-21  0.2990E-18  0.2770E-16  0.1040E-15  0.1500E-15  0.1720E-15  0.1880E-15  0.1850E-15  0.1590E-15  0.1240E-15  0.1060E-15
  0.1000E+16  0.3850E-50  0.2910E-38  0.9210E-29  0.1050E-21  0.2990E-18  0.2770E-16  0.1040E-15  0.1500E-15  0.1720E-15  0.1880E-15  0.1850E-15  0.1590E-15  0.1240E-15  0.1060E-15
  0.1000E+17  0.3460E-50  0.2910E-38  0.9210E-29  0.1050E-21  0.2990E-18  0.2770E-16  0.1040E-15  0.1500E-15  0.1720E-15  0.1880E-15  0.1850E-15  0.1590E-15  0.1240E-15  0.1060E-15
WAVELENGTH(A)= 
    39.577
 7 14 t 
excit   
    50.300     75.400    126.000    251.000    503.000   1260.000   2510.000   3770.000   5030.000   7540.000  12600.000  25100.000  50300.000  75400.000 
  0.1000E+11  0.1000E-73  0.1030E-35  0.3860E-26  0.5020E-19  0.1540E-15  0.1500E-13  0.5840E-13  0.8540E-13  0.1000E-12  0.1130E-12  0.1150E-12  0.1040E-12  0.8490E-13  0.7360E-13
  0.1000E+12  0.1000E-73  0.1030E-35  0.3860E-26  0.5020E-19  0.1540E-15  0.1500E-13  0.5840E-13  0.8540E-13  0.1000E-12  0.1130E-12  0.1150E-12  0.1040E-12  0.8490E-13  0.7360E-13
  0.1000E+13  0.1000E-73  0.1030E-35  0.3860E-26  0.5020E-19  0.1540E-15  0.1500E-13  0.5840E-13  0.8540E-13  0.1000E-12  0.1130E-12  0.1150E-12  0.1040E-12  0.8490E-13  0.7360E-13
  0.1000E+14  0.1000E-73  0.1030E-35  0.3860E-26  0.5020E-19  0.1540E-15  0.1500E-13  0.5840E-13  0.8540E-13  0.1000E-12  0.1130E-12  0.1150E-12  0.1040E-12  0.8490E-13  0.7360E-13
  0.1000E+15  0.1000E-73  0.1030E-35  0.3860E-26  0.5020E-19  0.1540E-15  0.1500E-13  0.5840E-13  0.8540E-13  0.1000E-12  0.1130E-12  0.1150E-12  0.1040E-12  0.8490E-13  0.7360E-13
  0.1000E+16  0.1000E-73  0.1030E-35  0.3860E-26  0.5020E-19  0.1540E-15  0.1500E-13  0.5840E-13  0.8540E-13  0.1000E-12  0.1130E-12  0.1150E-12  0.1040E-12  0.8490E-13  0.7360E-13
  0.1000E+17  0.8690E-48  0.1030E-35  0.3860E-26  0.5020E-19  0.1540E-15  0.1500E-13  0.5840E-13  0.8540E-13  0.1000E-12  0.1130E-12  0.1150E-12  0.1040E-12  0.8490E-13  0.7360E-13
WAVELENGTH(A)= 
    43.856
 7 14 t 
excit   
    50.300     75.400    126.000    251.000    503.000   1260.000   2510.000   3770.000   5030.000   7540.000  12600.000  25100.000  50300.000  75400.000 
  0.1000E+11  0.1000E-73  0.7970E-37  0.2820E-27  0.3510E-20  0.1050E-16  0.1010E-14  0.3970E-14  0.5900E-14  0.7020E-14  0.8100E-14  0.8680E-14  0.8540E-14  0.7770E-14  0.7190E-14
  0.1000E+12  0.1000E-73  0.7970E-37  0.2820E-27  0.3510E-20  0.1050E-16  0.1010E-14  0.3970E-14  0.5900E-14  0.7020E-14  0.8100E-14  0.8680E-14  0.8540E-14  0.7770E-14  0.7190E-14
  0.1000E+13  0.1000E-73  0.7970E-37  0.2820E-27  0.3510E-20  0.1050E-16  0.1010E-14  0.3970E-14  0.5900E-14  0.7020E-14  0.8100E-14  0.8680E-14  0.8540E-14  0.7770E-14  0.7190E-14
  0.1000E+14  0.1000E-73  0.7970E-37  0.2820E-27  0.3510E-20  0.1050E-16  0.1010E-14  0.3970E-14  0.5900E-14  0.7020E-14  0.8100E-14  0.8680E-14  0.8540E-14  0.7770E-14  0.7190E-14
  0.1000E+15  0.1000E-73  0.7970E-37  0.2820E-27  0.3510E-20  0.1050E-16  0.1010E-14  0.3970E-14  0.5900E-14  0.7020E-14  0.8100E-14  0.8680E-14  0.8540E-14  0.7770E-14  0.7190E-14
  0.1000E+16  0.1000E-73  0.7970E-37  0.2820E-27  0.3510E-20  0.1050E-16  0.1010E-14  0.3970E-14  0.5900E-14  0.7020E-14  0.8100E-14  0.8680E-14  0.8540E-14  0.7770E-14  0.7190E-14
  0.1000E+17  0.8970E-49  0.7970E-37  0.2820E-27  0.3510E-20  0.1050E-16  0.1010E-14  0.3970E-14  0.5900E-14  0.7020E-14  0.8100E-14  0.8680E-14  0.8540E-14  0.7770E-14  0.7190E-14
WAVELENGTH(A)= 
    44.201
 7 14 t 
excit   
    50.300     75.400    126.000    251.000    503.000   1260.000   2510.000   3770.000   5030.000   7540.000  12600.000  25100.000  50300.000  75400.000 
  0.1000E+11  0.1000E-73  0.1930E-35  0.6090E-26  0.6960E-19  0.1980E-15  0.1840E-13  0.6900E-13  0.9900E-13  0.1140E-12  0.1240E-12  0.1230E-12  0.1050E-12  0.8230E-13  0.6990E-13
  0.1000E+12  0.1000E-73  0.1930E-35  0.6090E-26  0.6960E-19  0.1980E-15  0.1840E-13  0.6900E-13  0.9900E-13  0.1140E-12  0.1240E-12  0.1230E-12  0.1050E-12  0.8230E-13  0.6990E-13
  0.1000E+13  0.1000E-73  0.1930E-35  0.6090E-26  0.6960E-19  0.1980E-15  0.1840E-13  0.6900E-13  0.9900E-13  0.1140E-12  0.1240E-12  0.1230E-12  0.1050E-12  0.8230E-13  0.6990E-13
  0.1000E+14  0.1000E-73  0.1930E-35  0.6090E-26  0.6960E-19  0.1980E-15  0.1840E-13  0.6900E-13  0.9900E-13  0.1140E-12  0.1240E-12  0.1230E-12  0.1050E-12  0.8230E-13  0.6990E-13
  0.1000E+15  0.1000E-73  0.1930E-35  0.6090E-26  0.6960E-19  0.1980E-15  0.1840E-13  0.6900E-13  0.9900E-13  0.1140E-12  0.1240E-12  0.1230E-12  0.1050E-12  0.8230E-13  0.6990E-13
  0.1000E+16  0.2540E-47  0.1930E-35  0.6090E-26  0.6960E-19  0.1980E-15  0.1840E-13  0.6900E-13  0.9900E-13  0.1140E-12  0.1240E-12  0.1230E-12  0.1050E-12  0.8230E-13  0.6990E-13
  0.1000E+17  0.2290E-47  0.1930E-35  0.6090E-26  0.6960E-19  0.1980E-15  0.1840E-13  0.6900E-13  0.9900E-13  0.1140E-12  0.1240E-12  0.1230E-12  0.1050E-12  0.8230E-13  0.6990E-13
WAVELENGTH(A)= 
    92.138
 7 14 t 
excit   
    50.300     75.400    126.000    251.000    503.000   1260.000   2510.000   3770.000   5030.000   7540.000  12600.000  25100.000  50300.000  75400.000 
  0.1000E+11  0.2110E-33  0.2110E-26  0.7650E-21  0.9790E-17  0.9580E-15  0.1270E-13  0.2720E-13  0.3390E-13  0.3740E-13  0.4060E-13  0.4230E-13  0.4150E-13  0.3850E-13  0.3590E-13
  0.1000E+12  0.2110E-33  0.2110E-26  0.7650E-21  0.9790E-17  0.9580E-15  0.1270E-13  0.2720E-13  0.3390E-13  0.3740E-13  0.4060E-13  0.4230E-13  0.4150E-13  0.3850E-13  0.3590E-13
  0.1000E+13  0.2110E-33  0.2110E-26  0.7650E-21  0.9790E-17  0.9580E-15  0.1270E-13  0.2720E-13  0.3390E-13  0.3740E-13  0.4060E-13  0.4230E-13  0.4150E-13  0.3850E-13  0.3590E-13
  0.1000E+14  0.2110E-33  0.2110E-26  0.7650E-21  0.9790E-17  0.9580E-15  0.1270E-13  0.2720E-13  0.3390E-13  0.3740E-13  0.4060E-13  0.4230E-13  0.4150E-13  0.3850E-13  0.3590E-13
  0.1000E+15  0.2110E-33  0.2110E-26  0.7650E-21  0.9790E-17  0.9580E-15  0.1270E-13  0.2720E-13  0.3390E-13  0.3740E-13  0.4060E-13  0.4230E-13  0.4150E-13  0.3850E-13  0.3590E-13
  0.1000E+16  0.2110E-33  0.2110E-26  0.7650E-21  0.9790E-17  0.9580E-15  0.1270E-13  0.2720E-13  0.3390E-13  0.3740E-13  0.4060E-13  0.4230E-13  0.4150E-13  0.3850E-13  0.3590E-13
  0.1000E+17  0.2110E-33  0.2110E-26  0.7650E-21  0.9790E-17  0.9580E-15  0.1270E-13  0.2720E-13  0.3390E-13  0.3740E-13  0.4060E-13  0.4230E-13  0.4150E-13  0.3850E-13  0.3590E-13
WAVELENGTH(A)= 
   198.828
 7 14 t 
excit   
    50.300     75.400    126.000    251.000    503.000   1260.000   2510.000   3770.000   5030.000   7540.000  12600.000  25100.000  50300.000  75400.000 
  0.1000E+11  0.2960E-42  0.1380E-32  0.6860E-25  0.3560E-19  0.2220E-16  0.8710E-15  0.2580E-14  0.3500E-14  0.4020E-14  0.4470E-14  0.4700E-14  0.4550E-14  0.4140E-14  0.3830E-14
  0.1000E+12  0.2940E-42  0.1380E-32  0.6860E-25  0.3560E-19  0.2220E-16  0.8710E-15  0.2580E-14  0.3500E-14  0.4020E-14  0.4470E-14  0.4700E-14  0.4550E-14  0.4140E-14  0.3830E-14
  0.1000E+13  0.2940E-42  0.1380E-32  0.6860E-25  0.3560E-19  0.2220E-16  0.8710E-15  0.2580E-14  0.3500E-14  0.4020E-14  0.4470E-14  0.4700E-14  0.4550E-14  0.4140E-14  0.3830E-14
  0.1000E+14  0.2940E-42  0.1380E-32  0.6860E-25  0.3560E-19  0.2220E-16  0.8710E-15  0.2580E-14  0.3500E-14  0.4020E-14  0.4470E-14  0.4700E-14  0.4550E-14  0.4140E-14  0.3830E-14
  0.1000E+15  0.2940E-42  0.1380E-32  0.6860E-25  0.3560E-19  0.2220E-16  0.8710E-15  0.2580E-14  0.3500E-14  0.4020E-14  0.4470E-14  0.4700E-14  0.4550E-14  0.4140E-14  0.3830E-14
  0.1000E+16  0.2940E-42  0.1380E-32  0.6860E-25  0.3560E-19  0.2220E-16  0.8710E-15  0.2580E-14  0.3500E-14  0.4020E-14  0.4470E-14  0.4700E-14  0.4550E-14  0.4140E-14  0.3830E-14
  0.1000E+17  0.2940E-42  0.1380E-32  0.6860E-25  0.3560E-19  0.2220E-16  0.8710E-15  0.2580E-14  0.3500E-14  0.4020E-14  0.4470E-14  0.4700E-14  0.4550E-14  0.4140E-14  0.3830E-14
WAVELENGTH(A)= 
   359.460
 7 14 t 
excit   
    50.300     75.400    126.000    251.000    503.000   1260.000   2510.000   3770.000   5030.000   7540.000  12600.000  25100.000  50300.000  75400.000 
  0.1000E+11  0.1000E-73  0.4750E-36  0.3410E-27  0.1310E-20  0.2190E-17  0.1510E-15  0.5320E-15  0.7640E-15  0.8940E-15  0.1020E-14  0.1080E-14  0.1050E-14  0.9540E-15  0.8800E-15
  0.1000E+12  0.1000E-73  0.4750E-36  0.3410E-27  0.1310E-20  0.2190E-17  0.1510E-15  0.5320E-15  0.7640E-15  0.8940E-15  0.1020E-14  0.1080E-14  0.1050E-14  0.9540E-15  0.8800E-15
  0.1000E+13  0.1000E-73  0.4750E-36  0.3410E-27  0.1310E-20  0.2190E-17  0.1510E-15  0.5320E-15  0.7640E-15  0.8940E-15  0.1020E-14  0.1080E-14  0.1050E-14  0.9540E-15  0.8800E-15
  0.1000E+14  0.3840E-47  0.4750E-36  0.3410E-27  0.1310E-20  0.2190E-17  0.1510E-15  0.5320E-15  0.7640E-15  0.8940E-15  0.1020E-14  0.1080E-14  0.1050E-14  0.9540E-15  0.8800E-15
  0.1000E+15  0.3650E-47  0.4750E-36  0.3410E-27  0.1310E-20  0.2190E-17  0.1510E-15  0.5320E-15  0.7640E-15  0.8940E-15  0.1020E-14  0.1080E-14  0.1050E-14  0.9540E-15  0.8800E-15
  0.1000E+16  0.3610E-47  0.4750E-36  0.3410E-27  0.1310E-20  0.2190E-17  0.1510E-15  0.5320E-15  0.7640E-15  0.8940E-15  0.1020E-14  0.1080E-14  0.1050E-14  0.9540E-15  0.8800E-15
  0.1000E+17  0.3610E-47  0.4750E-36  0.3410E-27  0.1310E-20  0.2190E-17  0.1510E-15  0.5320E-15  0.7640E-15  0.8940E-15  0.1020E-14  0.1080E-14  0.1050E-14  0.9540E-15  0.8800E-15
WAVELENGTH(A)= 
   362.809
 7 14 t 
excit   
    50.300     75.400    126.000    251.000    503.000   1260.000   2510.000   3770.000   5030.000   7540.000  12600.000  25100.000  50300.000  75400.000 
  0.1000E+11  0.6670E-44  0.3940E-34  0.2340E-26  0.1360E-20  0.8850E-18  0.3420E-16  0.9890E-16  0.1320E-15  0.1490E-15  0.1600E-15  0.1590E-15  0.1410E-15  0.1150E-15  0.9960E-16
  0.1000E+12  0.6670E-44  0.3940E-34  0.2340E-26  0.1360E-20  0.8850E-18  0.3420E-16  0.9890E-16  0.1320E-15  0.1490E-15  0.1600E-15  0.1590E-15  0.1410E-15  0.1150E-15  0.9960E-16
  0.1000E+13  0.6670E-44  0.3940E-34  0.2340E-26  0.1360E-20  0.8850E-18  0.3420E-16  0.9890E-16  0.1320E-15  0.1490E-15  0.1600E-15  0.1590E-15  0.1410E-15  0.1150E-15  0.9960E-16
  0.1000E+14  0.6670E-44  0.3940E-34  0.2340E-26  0.1360E-20  0.8850E-18  0.3420E-16  0.9890E-16  0.1320E-15  0.1490E-15  0.1600E-15  0.1590E-15  0.1410E-15  0.1150E-15  0.9960E-16
  0.1000E+15  0.6670E-44  0.3940E-34  0.2340E-26  0.1360E-20  0.8850E-18  0.3420E-16  0.9890E-16  0.1320E-15  0.1490E-15  0.1600E-15  0.1590E-15  0.1410E-15  0.1150E-15  0.9960E-16
  0.1000E+16  0.6670E-44  0.3940E-34  0.2340E-26  0.1360E-20  0.8850E-18  0.3420E-16  0.9890E-16  0.1320E-15  0.1490E-15  0.1600E-15  0.1590E-15  0.1410E-15  0.1150E-15  0.9960E-16
  0.1000E+17  0.6680E-44  0.3940E-34  0.2340E-26  0.1370E-20  0.8850E-18  0.3420E-16  0.9900E-16  0.1320E-15  0.1490E-15  0.1600E-15  0.1590E-15  0.1410E-15  0.1150E-15  0.9960E-16
WAVELENGTH(A)= 
   586.288
 7 14 t 
excit   
    50.300     75.400    126.000    251.000    503.000   1260.000   2510.000   3770.000   5030.000   7540.000  12600.000  25100.000  50300.000  75400.000 
  0.1000E+11  0.1000E-73  0.3180E-38  0.1120E-28  0.1400E-21  0.4190E-18  0.4040E-16  0.1580E-15  0.2350E-15  0.2800E-15  0.3230E-15  0.3460E-15  0.3400E-15  0.3100E-15  0.2870E-15
  0.1000E+12  0.1000E-73  0.3180E-38  0.1120E-28  0.1400E-21  0.4190E-18  0.4040E-16  0.1580E-15  0.2350E-15  0.2800E-15  0.3230E-15  0.3460E-15  0.3400E-15  0.3100E-15  0.2870E-15
  0.1000E+13  0.1000E-73  0.3180E-38  0.1120E-28  0.1400E-21  0.4190E-18  0.4040E-16  0.1580E-15  0.2350E-15  0.2800E-15  0.3230E-15  0.3460E-15  0.3400E-15  0.3100E-15  0.2870E-15
  0.1000E+14  0.1000E-73  0.3180E-38  0.1120E-28  0.1400E-21  0.4190E-18  0.4040E-16  0.1580E-15  0.2350E-15  0.2800E-15  0.3230E-15  0.3460E-15  0.3400E-15  0.3100E-15  0.2870E-15
  0.1000E+15  0.1000E-73  0.3180E-38  0.1120E-28  0.1400E-21  0.4190E-18  0.4040E-16  0.1580E-15  0.2350E-15  0.2800E-15  0.3230E-15  0.3460E-15  0.3400E-15  0.3100E-15  0.2870E-15
  0.1000E+16  0.1000E-73  0.3180E-38  0.1120E-28  0.1400E-21  0.4190E-18  0.4040E-16  0.1580E-15  0.2350E-15  0.2800E-15  0.3230E-15  0.3460E-15  0.3400E-15  0.3100E-15  0.2870E-15
  0.1000E+17  0.3580E-50  0.3180E-38  0.1120E-28  0.1400E-21  0.4190E-18  0.4040E-16  0.1580E-15  0.2350E-15  0.2800E-15  0.3230E-15  0.3460E-15  0.3400E-15  0.3100E-15  0.2870E-15
