 50  7 14
WAVELENGTH(A)= 
    17.893
 7 14 t 
excit   
    11.700     17.500     29.100     58.200    117.000    291.000    582.000    874.000   1170.000   1750.000   2910.000   5820.000  11700.000  17500.000 
  0.1000E+11  0.2290E-35  0.7680E-27  0.4670E-20  0.4980E-15  0.1400E-12  0.3470E-11  0.9460E-11  0.1320E-10  0.1570E-10  0.1900E-10  0.2240E-10  0.2560E-10  0.2660E-10  0.2630E-10
  0.1000E+12  0.2290E-35  0.7680E-27  0.4670E-20  0.4980E-15  0.1400E-12  0.3470E-11  0.9460E-11  0.1320E-10  0.1570E-10  0.1900E-10  0.2240E-10  0.2560E-10  0.2660E-10  0.2630E-10
  0.1000E+13  0.2290E-35  0.7680E-27  0.4670E-20  0.4980E-15  0.1400E-12  0.3470E-11  0.9460E-11  0.1320E-10  0.1570E-10  0.1900E-10  0.2240E-10  0.2560E-10  0.2660E-10  0.2630E-10
  0.1000E+14  0.2290E-35  0.7680E-27  0.4670E-20  0.4980E-15  0.1400E-12  0.3470E-11  0.9460E-11  0.1320E-10  0.1570E-10  0.1900E-10  0.2240E-10  0.2560E-10  0.2660E-10  0.2630E-10
  0.1000E+15  0.2290E-35  0.7680E-27  0.4670E-20  0.4980E-15  0.1400E-12  0.3470E-11  0.9450E-11  0.1320E-10  0.1570E-10  0.1900E-10  0.2240E-10  0.2550E-10  0.2660E-10  0.2630E-10
  0.1000E+16  0.2290E-35  0.7680E-27  0.4670E-20  0.4980E-15  0.1390E-12  0.3430E-11  0.9330E-11  0.1300E-10  0.1550E-10  0.1880E-10  0.2210E-10  0.2520E-10  0.2630E-10  0.2600E-10
  0.1000E+17  0.2300E-35  0.7710E-27  0.4680E-20  0.4970E-15  0.1380E-12  0.3360E-11  0.9050E-11  0.1260E-10  0.1490E-10  0.1810E-10  0.2130E-10  0.2430E-10  0.2530E-10  0.2510E-10
WAVELENGTH(A)= 
    19.701
 7 14 t 
excit   
    11.700     17.500     29.100     58.200    117.000    291.000    582.000    874.000   1170.000   1750.000   2910.000   5820.000  11700.000  17500.000 
  0.1000E+11  0.1070E-32  0.5770E-25  0.8070E-19  0.2830E-14  0.4500E-12  0.7660E-11  0.1750E-10  0.2210E-10  0.2450E-10  0.2670E-10  0.2790E-10  0.2710E-10  0.2500E-10  0.2320E-10
  0.1000E+12  0.1070E-32  0.5770E-25  0.8070E-19  0.2830E-14  0.4500E-12  0.7660E-11  0.1750E-10  0.2210E-10  0.2450E-10  0.2670E-10  0.2790E-10  0.2710E-10  0.2500E-10  0.2320E-10
  0.1000E+13  0.1070E-32  0.5770E-25  0.8070E-19  0.2830E-14  0.4500E-12  0.7660E-11  0.1750E-10  0.2210E-10  0.2450E-10  0.2670E-10  0.2790E-10  0.2710E-10  0.2500E-10  0.2320E-10
  0.1000E+14  0.1070E-32  0.5770E-25  0.8070E-19  0.2830E-14  0.4500E-12  0.7660E-11  0.1740E-10  0.2210E-10  0.2450E-10  0.2670E-10  0.2780E-10  0.2710E-10  0.2500E-10  0.2320E-10
  0.1000E+15  0.1070E-32  0.5770E-25  0.8070E-19  0.2820E-14  0.4500E-12  0.7650E-11  0.1740E-10  0.2200E-10  0.2440E-10  0.2670E-10  0.2780E-10  0.2700E-10  0.2500E-10  0.2320E-10
  0.1000E+16  0.1070E-32  0.5770E-25  0.8070E-19  0.2820E-14  0.4480E-12  0.7580E-11  0.1720E-10  0.2170E-10  0.2410E-10  0.2630E-10  0.2750E-10  0.2670E-10  0.2470E-10  0.2300E-10
  0.1000E+17  0.1070E-32  0.5770E-25  0.8070E-19  0.2810E-14  0.4430E-12  0.7400E-11  0.1670E-10  0.2100E-10  0.2330E-10  0.2530E-10  0.2640E-10  0.2570E-10  0.2380E-10  0.2220E-10
WAVELENGTH(A)= 
    20.328
 7 14 t 
excit   
    11.700     17.500     29.100     58.200    117.000    291.000    582.000    874.000   1170.000   1750.000   2910.000   5820.000  11700.000  17500.000 
  0.1000E+11  0.5760E-33  0.1880E-25  0.1870E-19  0.5520E-15  0.8390E-13  0.1410E-11  0.3200E-11  0.4050E-11  0.4480E-11  0.4890E-11  0.5110E-11  0.5020E-11  0.4640E-11  0.4350E-11
  0.1000E+12  0.5760E-33  0.1880E-25  0.1870E-19  0.5520E-15  0.8390E-13  0.1410E-11  0.3200E-11  0.4050E-11  0.4480E-11  0.4890E-11  0.5110E-11  0.5020E-11  0.4640E-11  0.4350E-11
  0.1000E+13  0.5760E-33  0.1880E-25  0.1870E-19  0.5520E-15  0.8390E-13  0.1410E-11  0.3200E-11  0.4050E-11  0.4480E-11  0.4890E-11  0.5110E-11  0.5020E-11  0.4640E-11  0.4350E-11
  0.1000E+14  0.5760E-33  0.1880E-25  0.1870E-19  0.5520E-15  0.8390E-13  0.1410E-11  0.3200E-11  0.4050E-11  0.4480E-11  0.4880E-11  0.5110E-11  0.5020E-11  0.4640E-11  0.4350E-11
  0.1000E+15  0.5760E-33  0.1880E-25  0.1870E-19  0.5520E-15  0.8380E-13  0.1410E-11  0.3190E-11  0.4040E-11  0.4470E-11  0.4880E-11  0.5100E-11  0.5010E-11  0.4640E-11  0.4340E-11
  0.1000E+16  0.5760E-33  0.1880E-25  0.1870E-19  0.5520E-15  0.8350E-13  0.1400E-11  0.3150E-11  0.3990E-11  0.4410E-11  0.4810E-11  0.5040E-11  0.4960E-11  0.4590E-11  0.4300E-11
  0.1000E+17  0.5770E-33  0.1880E-25  0.1870E-19  0.5500E-15  0.8270E-13  0.1360E-11  0.3060E-11  0.3850E-11  0.4260E-11  0.4640E-11  0.4850E-11  0.4770E-11  0.4420E-11  0.4150E-11
WAVELENGTH(A)= 
    21.259
 7 14 t 
excit   
    11.700     17.500     29.100     58.200    117.000    291.000    582.000    874.000   1170.000   1750.000   2910.000   5820.000  11700.000  17500.000 
  0.1000E+11  0.1080E-30  0.1570E-23  0.7700E-18  0.1240E-13  0.1340E-11  0.1810E-10  0.3860E-10  0.4790E-10  0.5260E-10  0.5690E-10  0.5890E-10  0.5750E-10  0.5270E-10  0.4920E-10
  0.1000E+12  0.1080E-30  0.1570E-23  0.7700E-18  0.1240E-13  0.1340E-11  0.1810E-10  0.3860E-10  0.4790E-10  0.5260E-10  0.5690E-10  0.5890E-10  0.5750E-10  0.5270E-10  0.4920E-10
  0.1000E+13  0.1080E-30  0.1570E-23  0.7700E-18  0.1240E-13  0.1340E-11  0.1810E-10  0.3860E-10  0.4790E-10  0.5260E-10  0.5690E-10  0.5890E-10  0.5750E-10  0.5270E-10  0.4920E-10
  0.1000E+14  0.1080E-30  0.1570E-23  0.7700E-18  0.1240E-13  0.1340E-11  0.1810E-10  0.3860E-10  0.4790E-10  0.5260E-10  0.5690E-10  0.5890E-10  0.5750E-10  0.5270E-10  0.4920E-10
  0.1000E+15  0.1080E-30  0.1570E-23  0.7700E-18  0.1240E-13  0.1340E-11  0.1810E-10  0.3850E-10  0.4780E-10  0.5250E-10  0.5680E-10  0.5880E-10  0.5740E-10  0.5270E-10  0.4910E-10
  0.1000E+16  0.1080E-30  0.1570E-23  0.7700E-18  0.1240E-13  0.1330E-11  0.1790E-10  0.3800E-10  0.4720E-10  0.5180E-10  0.5600E-10  0.5810E-10  0.5680E-10  0.5220E-10  0.4870E-10
  0.1000E+17  0.1080E-30  0.1570E-23  0.7700E-18  0.1230E-13  0.1320E-11  0.1750E-10  0.3690E-10  0.4560E-10  0.5000E-10  0.5400E-10  0.5590E-10  0.5460E-10  0.5020E-10  0.4690E-10
WAVELENGTH(A)= 
    22.748
 7 14 t 
excit   
    11.700     17.500     29.100     58.200    117.000    291.000    582.000    874.000   1170.000   1750.000   2910.000   5820.000  11700.000  17500.000 
  0.1000E+11  0.1510E-29  0.7320E-23  0.1540E-17  0.1430E-13  0.1350E-11  0.1880E-10  0.4240E-10  0.5510E-10  0.6290E-10  0.7180E-10  0.8020E-10  0.8610E-10  0.8580E-10  0.8290E-10
  0.1000E+12  0.1510E-29  0.7320E-23  0.1540E-17  0.1430E-13  0.1350E-11  0.1880E-10  0.4240E-10  0.5510E-10  0.6290E-10  0.7180E-10  0.8020E-10  0.8610E-10  0.8580E-10  0.8290E-10
  0.1000E+13  0.1510E-29  0.7320E-23  0.1540E-17  0.1430E-13  0.1350E-11  0.1880E-10  0.4240E-10  0.5510E-10  0.6290E-10  0.7180E-10  0.8020E-10  0.8610E-10  0.8580E-10  0.8290E-10
  0.1000E+14  0.1510E-29  0.7320E-23  0.1540E-17  0.1430E-13  0.1350E-11  0.1880E-10  0.4230E-10  0.5510E-10  0.6280E-10  0.7180E-10  0.8020E-10  0.8610E-10  0.8570E-10  0.8290E-10
  0.1000E+15  0.1510E-29  0.7320E-23  0.1540E-17  0.1430E-13  0.1350E-11  0.1880E-10  0.4230E-10  0.5500E-10  0.6270E-10  0.7170E-10  0.8010E-10  0.8600E-10  0.8570E-10  0.8290E-10
  0.1000E+16  0.1510E-29  0.7330E-23  0.1540E-17  0.1430E-13  0.1340E-11  0.1860E-10  0.4170E-10  0.5420E-10  0.6190E-10  0.7080E-10  0.7910E-10  0.8500E-10  0.8480E-10  0.8210E-10
  0.1000E+17  0.1520E-29  0.7370E-23  0.1550E-17  0.1430E-13  0.1330E-11  0.1820E-10  0.4050E-10  0.5240E-10  0.5980E-10  0.6820E-10  0.7620E-10  0.8180E-10  0.8170E-10  0.7920E-10
WAVELENGTH(A)= 
    24.202
 7 14 t 
excit   
    11.700     17.500     29.100     58.200    117.000    291.000    582.000    874.000   1170.000   1750.000   2910.000   5820.000  11700.000  17500.000 
  0.1000E+11  0.1130E-27  0.2140E-21  0.2060E-16  0.9870E-13  0.5890E-11  0.5720E-10  0.1100E-09  0.1330E-09  0.1440E-09  0.1540E-09  0.1590E-09  0.1550E-09  0.1420E-09  0.1330E-09
  0.1000E+12  0.1130E-27  0.2140E-21  0.2060E-16  0.9870E-13  0.5890E-11  0.5720E-10  0.1100E-09  0.1330E-09  0.1440E-09  0.1540E-09  0.1590E-09  0.1550E-09  0.1420E-09  0.1330E-09
  0.1000E+13  0.1130E-27  0.2140E-21  0.2060E-16  0.9870E-13  0.5890E-11  0.5720E-10  0.1100E-09  0.1330E-09  0.1440E-09  0.1540E-09  0.1590E-09  0.1550E-09  0.1420E-09  0.1330E-09
  0.1000E+14  0.1130E-27  0.2140E-21  0.2060E-16  0.9870E-13  0.5890E-11  0.5720E-10  0.1100E-09  0.1330E-09  0.1440E-09  0.1540E-09  0.1590E-09  0.1550E-09  0.1420E-09  0.1330E-09
  0.1000E+15  0.1130E-27  0.2140E-21  0.2060E-16  0.9870E-13  0.5880E-11  0.5710E-10  0.1100E-09  0.1330E-09  0.1440E-09  0.1540E-09  0.1590E-09  0.1550E-09  0.1420E-09  0.1330E-09
  0.1000E+16  0.1130E-27  0.2140E-21  0.2060E-16  0.9860E-13  0.5860E-11  0.5660E-10  0.1080E-09  0.1310E-09  0.1420E-09  0.1520E-09  0.1570E-09  0.1530E-09  0.1410E-09  0.1310E-09
  0.1000E+17  0.1130E-27  0.2150E-21  0.2060E-16  0.9830E-13  0.5800E-11  0.5530E-10  0.1050E-09  0.1260E-09  0.1370E-09  0.1460E-09  0.1510E-09  0.1470E-09  0.1360E-09  0.1270E-09
WAVELENGTH(A)= 
    24.293
 7 14 t 
excit   
    11.700     17.500     29.100     58.200    117.000    291.000    582.000    874.000   1170.000   1750.000   2910.000   5820.000  11700.000  17500.000 
  0.1000E+11  0.1350E-35  0.1140E-26  0.1440E-19  0.2630E-14  0.9470E-12  0.2570E-10  0.6530E-10  0.8290E-10  0.9040E-10  0.9400E-10  0.9030E-10  0.7660E-10  0.6040E-10  0.5150E-10
  0.1000E+12  0.1350E-35  0.1140E-26  0.1440E-19  0.2630E-14  0.9470E-12  0.2570E-10  0.6530E-10  0.8290E-10  0.9040E-10  0.9400E-10  0.9030E-10  0.7660E-10  0.6040E-10  0.5150E-10
  0.1000E+13  0.1350E-35  0.1140E-26  0.1440E-19  0.2630E-14  0.9470E-12  0.2570E-10  0.6530E-10  0.8290E-10  0.9040E-10  0.9400E-10  0.9030E-10  0.7660E-10  0.6030E-10  0.5150E-10
  0.1000E+14  0.1350E-35  0.1140E-26  0.1440E-19  0.2630E-14  0.9470E-12  0.2570E-10  0.6530E-10  0.8290E-10  0.9040E-10  0.9400E-10  0.9030E-10  0.7660E-10  0.6030E-10  0.5150E-10
  0.1000E+15  0.1350E-35  0.1140E-26  0.1440E-19  0.2630E-14  0.9470E-12  0.2560E-10  0.6520E-10  0.8280E-10  0.9020E-10  0.9390E-10  0.9010E-10  0.7640E-10  0.6030E-10  0.5140E-10
  0.1000E+16  0.1350E-35  0.1140E-26  0.1440E-19  0.2620E-14  0.9430E-12  0.2540E-10  0.6440E-10  0.8170E-10  0.8900E-10  0.9260E-10  0.8900E-10  0.7560E-10  0.5970E-10  0.5100E-10
  0.1000E+17  0.1350E-35  0.1140E-26  0.1440E-19  0.2620E-14  0.9340E-12  0.2480E-10  0.6240E-10  0.7900E-10  0.8590E-10  0.8930E-10  0.8570E-10  0.7280E-10  0.5750E-10  0.4920E-10
WAVELENGTH(A)= 
    28.371
 7 14 t 
excit   
    11.700     17.500     29.100     58.200    117.000    291.000    582.000    874.000   1170.000   1750.000   2910.000   5820.000  11700.000  17500.000 
  0.1000E+11  0.1120E-26  0.2750E-21  0.5970E-17  0.1090E-13  0.4320E-12  0.3330E-11  0.5760E-11  0.6550E-11  0.6790E-11  0.6830E-11  0.6480E-11  0.5690E-11  0.4780E-11  0.4260E-11
  0.1000E+12  0.1120E-26  0.2750E-21  0.5970E-17  0.1090E-13  0.4320E-12  0.3330E-11  0.5760E-11  0.6550E-11  0.6790E-11  0.6830E-11  0.6480E-11  0.5690E-11  0.4780E-11  0.4260E-11
  0.1000E+13  0.1120E-26  0.2750E-21  0.5970E-17  0.1090E-13  0.4320E-12  0.3330E-11  0.5760E-11  0.6550E-11  0.6790E-11  0.6830E-11  0.6480E-11  0.5690E-11  0.4780E-11  0.4260E-11
  0.1000E+14  0.1120E-26  0.2760E-21  0.5970E-17  0.1090E-13  0.4320E-12  0.3340E-11  0.5760E-11  0.6550E-11  0.6800E-11  0.6830E-11  0.6480E-11  0.5690E-11  0.4780E-11  0.4260E-11
  0.1000E+15  0.1130E-26  0.2790E-21  0.6010E-17  0.1090E-13  0.4340E-12  0.3350E-11  0.5780E-11  0.6560E-11  0.6810E-11  0.6840E-11  0.6490E-11  0.5690E-11  0.4780E-11  0.4260E-11
  0.1000E+16  0.1290E-26  0.3070E-21  0.6410E-17  0.1140E-13  0.4480E-12  0.3430E-11  0.5880E-11  0.6660E-11  0.6900E-11  0.6920E-11  0.6550E-11  0.5730E-11  0.4810E-11  0.4280E-11
  0.1000E+17  0.2560E-26  0.5290E-21  0.8810E-17  0.1300E-13  0.4860E-12  0.3620E-11  0.6140E-11  0.6910E-11  0.7140E-11  0.7130E-11  0.6730E-11  0.5870E-11  0.4910E-11  0.4370E-11
WAVELENGTH(A)= 
    28.488
 7 14 t 
excit   
    11.700     17.500     29.100     58.200    117.000    291.000    582.000    874.000   1170.000   1750.000   2910.000   5820.000  11700.000  17500.000 
  0.1000E+11  0.1610E-33  0.1590E-25  0.3640E-19  0.1870E-14  0.3610E-12  0.6780E-11  0.1530E-10  0.1890E-10  0.2030E-10  0.2110E-10  0.2050E-10  0.1800E-10  0.1500E-10  0.1330E-10
  0.1000E+12  0.1610E-33  0.1590E-25  0.3640E-19  0.1870E-14  0.3610E-12  0.6780E-11  0.1530E-10  0.1890E-10  0.2030E-10  0.2110E-10  0.2050E-10  0.1800E-10  0.1500E-10  0.1330E-10
  0.1000E+13  0.1610E-33  0.1590E-25  0.3640E-19  0.1870E-14  0.3610E-12  0.6780E-11  0.1530E-10  0.1890E-10  0.2030E-10  0.2110E-10  0.2050E-10  0.1800E-10  0.1500E-10  0.1330E-10
  0.1000E+14  0.1610E-33  0.1590E-25  0.3640E-19  0.1870E-14  0.3610E-12  0.6780E-11  0.1530E-10  0.1890E-10  0.2030E-10  0.2110E-10  0.2050E-10  0.1800E-10  0.1500E-10  0.1330E-10
  0.1000E+15  0.1610E-33  0.1590E-25  0.3640E-19  0.1870E-14  0.3610E-12  0.6770E-11  0.1530E-10  0.1880E-10  0.2030E-10  0.2100E-10  0.2040E-10  0.1800E-10  0.1500E-10  0.1330E-10
  0.1000E+16  0.1610E-33  0.1590E-25  0.3640E-19  0.1870E-14  0.3590E-12  0.6710E-11  0.1510E-10  0.1860E-10  0.2000E-10  0.2080E-10  0.2020E-10  0.1780E-10  0.1490E-10  0.1320E-10
  0.1000E+17  0.1610E-33  0.1590E-25  0.3640E-19  0.1860E-14  0.3550E-12  0.6550E-11  0.1460E-10  0.1800E-10  0.1930E-10  0.2000E-10  0.1940E-10  0.1710E-10  0.1430E-10  0.1270E-10
WAVELENGTH(A)= 
    31.275
 7 14 t 
excit   
    11.700     17.500     29.100     58.200    117.000    291.000    582.000    874.000   1170.000   1750.000   2910.000   5820.000  11700.000  17500.000 
  0.1000E+11  0.7220E-23  0.4980E-18  0.3380E-14  0.2210E-11  0.4950E-10  0.2750E-09  0.4540E-09  0.5280E-09  0.5640E-09  0.6000E-09  0.6200E-09  0.6060E-09  0.5580E-09  0.5230E-09
  0.1000E+12  0.7220E-23  0.4980E-18  0.3380E-14  0.2210E-11  0.4950E-10  0.2750E-09  0.4540E-09  0.5280E-09  0.5640E-09  0.6000E-09  0.6200E-09  0.6060E-09  0.5580E-09  0.5230E-09
  0.1000E+13  0.7220E-23  0.4980E-18  0.3380E-14  0.2210E-11  0.4950E-10  0.2750E-09  0.4540E-09  0.5280E-09  0.5640E-09  0.6000E-09  0.6200E-09  0.6060E-09  0.5580E-09  0.5230E-09
  0.1000E+14  0.7220E-23  0.4980E-18  0.3380E-14  0.2210E-11  0.4950E-10  0.2750E-09  0.4530E-09  0.5280E-09  0.5640E-09  0.6000E-09  0.6200E-09  0.6050E-09  0.5580E-09  0.5230E-09
  0.1000E+15  0.7220E-23  0.4980E-18  0.3380E-14  0.2210E-11  0.4950E-10  0.2740E-09  0.4530E-09  0.5270E-09  0.5630E-09  0.5990E-09  0.6190E-09  0.6050E-09  0.5570E-09  0.5220E-09
  0.1000E+16  0.7220E-23  0.4980E-18  0.3380E-14  0.2210E-11  0.4930E-10  0.2720E-09  0.4470E-09  0.5200E-09  0.5550E-09  0.5910E-09  0.6110E-09  0.5980E-09  0.5520E-09  0.5180E-09
  0.1000E+17  0.7220E-23  0.4980E-18  0.3380E-14  0.2200E-11  0.4880E-10  0.2650E-09  0.4330E-09  0.5030E-09  0.5360E-09  0.5700E-09  0.5880E-09  0.5750E-09  0.5320E-09  0.4990E-09
WAVELENGTH(A)= 
    31.431
 7 14 t 
excit   
    11.700     17.500     29.100     58.200    117.000    291.000    582.000    874.000   1170.000   1750.000   2910.000   5820.000  11700.000  17500.000 
  0.1000E+11  0.7740E-31  0.2380E-23  0.2120E-17  0.5290E-13  0.7090E-11  0.1070E-09  0.2270E-09  0.2740E-09  0.2920E-09  0.2980E-09  0.2830E-09  0.2400E-09  0.1910E-09  0.1650E-09
  0.1000E+12  0.7740E-31  0.2380E-23  0.2120E-17  0.5290E-13  0.7090E-11  0.1070E-09  0.2270E-09  0.2740E-09  0.2920E-09  0.2980E-09  0.2830E-09  0.2400E-09  0.1910E-09  0.1650E-09
  0.1000E+13  0.7740E-31  0.2380E-23  0.2120E-17  0.5290E-13  0.7090E-11  0.1070E-09  0.2270E-09  0.2740E-09  0.2920E-09  0.2980E-09  0.2830E-09  0.2400E-09  0.1910E-09  0.1650E-09
  0.1000E+14  0.7740E-31  0.2380E-23  0.2120E-17  0.5290E-13  0.7090E-11  0.1070E-09  0.2270E-09  0.2740E-09  0.2920E-09  0.2980E-09  0.2820E-09  0.2400E-09  0.1910E-09  0.1650E-09
  0.1000E+15  0.7740E-31  0.2380E-23  0.2120E-17  0.5290E-13  0.7090E-11  0.1070E-09  0.2270E-09  0.2730E-09  0.2910E-09  0.2970E-09  0.2820E-09  0.2400E-09  0.1910E-09  0.1650E-09
  0.1000E+16  0.7740E-31  0.2380E-23  0.2120E-17  0.5290E-13  0.7060E-11  0.1060E-09  0.2240E-09  0.2700E-09  0.2870E-09  0.2930E-09  0.2790E-09  0.2370E-09  0.1890E-09  0.1630E-09
  0.1000E+17  0.7750E-31  0.2380E-23  0.2120E-17  0.5270E-13  0.6990E-11  0.1040E-09  0.2170E-09  0.2610E-09  0.2770E-09  0.2830E-09  0.2680E-09  0.2280E-09  0.1820E-09  0.1570E-09
WAVELENGTH(A)= 
    32.515
 7 14 t 
excit   
    11.700     17.500     29.100     58.200    117.000    291.000    582.000    874.000   1170.000   1750.000   2910.000   5820.000  11700.000  17500.000 
  0.1000E+11  0.8820E-23  0.4020E-18  0.2090E-14  0.1350E-11  0.3430E-10  0.2210E-09  0.3810E-09  0.4460E-09  0.4760E-09  0.5000E-09  0.5090E-09  0.4870E-09  0.4430E-09  0.4120E-09
  0.1000E+12  0.8820E-23  0.4020E-18  0.2090E-14  0.1350E-11  0.3430E-10  0.2210E-09  0.3810E-09  0.4460E-09  0.4760E-09  0.5000E-09  0.5090E-09  0.4870E-09  0.4430E-09  0.4120E-09
  0.1000E+13  0.8820E-23  0.4020E-18  0.2090E-14  0.1350E-11  0.3430E-10  0.2210E-09  0.3810E-09  0.4460E-09  0.4760E-09  0.5000E-09  0.5090E-09  0.4870E-09  0.4430E-09  0.4120E-09
  0.1000E+14  0.8820E-23  0.4020E-18  0.2090E-14  0.1350E-11  0.3430E-10  0.2210E-09  0.3810E-09  0.4460E-09  0.4750E-09  0.5000E-09  0.5080E-09  0.4860E-09  0.4430E-09  0.4120E-09
  0.1000E+15  0.8820E-23  0.4020E-18  0.2090E-14  0.1350E-11  0.3430E-10  0.2200E-09  0.3810E-09  0.4450E-09  0.4750E-09  0.4990E-09  0.5080E-09  0.4860E-09  0.4420E-09  0.4110E-09
  0.1000E+16  0.8820E-23  0.4020E-18  0.2090E-14  0.1340E-11  0.3420E-10  0.2180E-09  0.3760E-09  0.4390E-09  0.4680E-09  0.4930E-09  0.5010E-09  0.4800E-09  0.4380E-09  0.4080E-09
  0.1000E+17  0.8830E-23  0.4020E-18  0.2090E-14  0.1340E-11  0.3380E-10  0.2130E-09  0.3640E-09  0.4240E-09  0.4520E-09  0.4750E-09  0.4820E-09  0.4620E-09  0.4220E-09  0.3930E-09
WAVELENGTH(A)= 
    33.569
 7 14 t 
excit   
    11.700     17.500     29.100     58.200    117.000    291.000    582.000    874.000   1170.000   1750.000   2910.000   5820.000  11700.000  17500.000 
  0.1000E+11  0.5180E-33  0.1970E-25  0.2090E-19  0.5920E-15  0.8440E-13  0.1290E-11  0.2700E-11  0.3190E-11  0.3350E-11  0.3340E-11  0.3060E-11  0.2490E-11  0.1920E-11  0.1620E-11
  0.1000E+12  0.5180E-33  0.1970E-25  0.2090E-19  0.5920E-15  0.8440E-13  0.1290E-11  0.2700E-11  0.3190E-11  0.3350E-11  0.3340E-11  0.3060E-11  0.2490E-11  0.1920E-11  0.1620E-11
  0.1000E+13  0.5180E-33  0.1970E-25  0.2090E-19  0.5920E-15  0.8440E-13  0.1290E-11  0.2700E-11  0.3190E-11  0.3350E-11  0.3340E-11  0.3060E-11  0.2490E-11  0.1920E-11  0.1620E-11
  0.1000E+14  0.5180E-33  0.1970E-25  0.2090E-19  0.5920E-15  0.8440E-13  0.1290E-11  0.2700E-11  0.3190E-11  0.3350E-11  0.3340E-11  0.3060E-11  0.2490E-11  0.1920E-11  0.1620E-11
  0.1000E+15  0.5190E-33  0.1980E-25  0.2090E-19  0.5920E-15  0.8440E-13  0.1290E-11  0.2700E-11  0.3190E-11  0.3340E-11  0.3330E-11  0.3050E-11  0.2490E-11  0.1910E-11  0.1620E-11
  0.1000E+16  0.5220E-33  0.1990E-25  0.2100E-19  0.5930E-15  0.8430E-13  0.1280E-11  0.2670E-11  0.3160E-11  0.3310E-11  0.3300E-11  0.3030E-11  0.2470E-11  0.1900E-11  0.1610E-11
  0.1000E+17  0.5510E-33  0.2070E-25  0.2150E-19  0.5970E-15  0.8390E-13  0.1260E-11  0.2610E-11  0.3080E-11  0.3230E-11  0.3220E-11  0.2950E-11  0.2400E-11  0.1860E-11  0.1580E-11
WAVELENGTH(A)= 
    39.194
 7 14 t 
excit   
    11.700     17.500     29.100     58.200    117.000    291.000    582.000    874.000   1170.000   1750.000   2910.000   5820.000  11700.000  17500.000 
  0.1000E+11  0.9830E-31  0.8250E-24  0.2620E-18  0.3050E-14  0.2800E-12  0.3340E-11  0.6430E-11  0.7440E-11  0.7710E-11  0.7630E-11  0.7010E-11  0.5760E-11  0.4520E-11  0.3870E-11
  0.1000E+12  0.9830E-31  0.8250E-24  0.2620E-18  0.3050E-14  0.2800E-12  0.3340E-11  0.6430E-11  0.7440E-11  0.7710E-11  0.7630E-11  0.7010E-11  0.5760E-11  0.4520E-11  0.3870E-11
  0.1000E+13  0.9830E-31  0.8250E-24  0.2620E-18  0.3050E-14  0.2800E-12  0.3340E-11  0.6430E-11  0.7440E-11  0.7710E-11  0.7630E-11  0.7010E-11  0.5760E-11  0.4520E-11  0.3870E-11
  0.1000E+14  0.9830E-31  0.8250E-24  0.2620E-18  0.3050E-14  0.2800E-12  0.3340E-11  0.6430E-11  0.7440E-11  0.7710E-11  0.7630E-11  0.7010E-11  0.5760E-11  0.4520E-11  0.3870E-11
  0.1000E+15  0.9840E-31  0.8260E-24  0.2620E-18  0.3050E-14  0.2800E-12  0.3340E-11  0.6420E-11  0.7430E-11  0.7700E-11  0.7620E-11  0.7000E-11  0.5760E-11  0.4520E-11  0.3870E-11
  0.1000E+16  0.9920E-31  0.8310E-24  0.2630E-18  0.3060E-14  0.2800E-12  0.3320E-11  0.6370E-11  0.7370E-11  0.7630E-11  0.7560E-11  0.6940E-11  0.5710E-11  0.4490E-11  0.3850E-11
  0.1000E+17  0.1050E-30  0.8710E-24  0.2710E-18  0.3090E-14  0.2790E-12  0.3270E-11  0.6240E-11  0.7190E-11  0.7440E-11  0.7360E-11  0.6760E-11  0.5570E-11  0.4380E-11  0.3760E-11
WAVELENGTH(A)= 
    41.653
 7 14 t 
excit   
    11.700     17.500     29.100     58.200    117.000    291.000    582.000    874.000   1170.000   1750.000   2910.000   5820.000  11700.000  17500.000 
  0.1000E+11  0.3010E-33  0.1620E-25  0.2270E-19  0.7940E-15  0.1270E-12  0.2150E-11  0.4900E-11  0.6210E-11  0.6880E-11  0.7510E-11  0.7830E-11  0.7600E-11  0.7020E-11  0.6530E-11
  0.1000E+12  0.3010E-33  0.1620E-25  0.2270E-19  0.7940E-15  0.1270E-12  0.2150E-11  0.4900E-11  0.6210E-11  0.6880E-11  0.7510E-11  0.7830E-11  0.7600E-11  0.7020E-11  0.6530E-11
  0.1000E+13  0.3010E-33  0.1620E-25  0.2270E-19  0.7940E-15  0.1270E-12  0.2150E-11  0.4900E-11  0.6210E-11  0.6880E-11  0.7510E-11  0.7830E-11  0.7600E-11  0.7020E-11  0.6530E-11
  0.1000E+14  0.3010E-33  0.1620E-25  0.2270E-19  0.7940E-15  0.1270E-12  0.2150E-11  0.4900E-11  0.6200E-11  0.6880E-11  0.7510E-11  0.7830E-11  0.7600E-11  0.7020E-11  0.6530E-11
  0.1000E+15  0.3010E-33  0.1620E-25  0.2270E-19  0.7940E-15  0.1260E-12  0.2150E-11  0.4900E-11  0.6190E-11  0.6870E-11  0.7490E-11  0.7810E-11  0.7590E-11  0.7010E-11  0.6530E-11
  0.1000E+16  0.3010E-33  0.1620E-25  0.2270E-19  0.7930E-15  0.1260E-12  0.2130E-11  0.4830E-11  0.6110E-11  0.6770E-11  0.7390E-11  0.7720E-11  0.7510E-11  0.6940E-11  0.6470E-11
  0.1000E+17  0.3010E-33  0.1620E-25  0.2270E-19  0.7900E-15  0.1250E-12  0.2080E-11  0.4680E-11  0.5900E-11  0.6530E-11  0.7120E-11  0.7420E-11  0.7220E-11  0.6690E-11  0.6230E-11
WAVELENGTH(A)= 
    46.056
 7 14 t 
excit   
    11.700     17.500     29.100     58.200    117.000    291.000    582.000    874.000   1170.000   1750.000   2910.000   5820.000  11700.000  17500.000 
  0.1000E+11  0.9820E-27  0.2420E-21  0.5250E-17  0.9570E-14  0.3800E-12  0.2940E-11  0.5070E-11  0.5760E-11  0.5980E-11  0.6010E-11  0.5710E-11  0.5010E-11  0.4200E-11  0.3750E-11
  0.1000E+12  0.9820E-27  0.2420E-21  0.5250E-17  0.9570E-14  0.3800E-12  0.2940E-11  0.5070E-11  0.5760E-11  0.5980E-11  0.6010E-11  0.5710E-11  0.5010E-11  0.4200E-11  0.3750E-11
  0.1000E+13  0.9820E-27  0.2420E-21  0.5250E-17  0.9570E-14  0.3800E-12  0.2940E-11  0.5070E-11  0.5760E-11  0.5980E-11  0.6010E-11  0.5710E-11  0.5010E-11  0.4200E-11  0.3750E-11
  0.1000E+14  0.9830E-27  0.2430E-21  0.5260E-17  0.9570E-14  0.3800E-12  0.2940E-11  0.5080E-11  0.5760E-11  0.5980E-11  0.6010E-11  0.5710E-11  0.5010E-11  0.4200E-11  0.3750E-11
  0.1000E+15  0.9980E-27  0.2450E-21  0.5290E-17  0.9620E-14  0.3820E-12  0.2950E-11  0.5090E-11  0.5780E-11  0.5990E-11  0.6020E-11  0.5710E-11  0.5010E-11  0.4210E-11  0.3750E-11
  0.1000E+16  0.1140E-26  0.2710E-21  0.5650E-17  0.1000E-13  0.3940E-12  0.3020E-11  0.5180E-11  0.5860E-11  0.6070E-11  0.6090E-11  0.5770E-11  0.5050E-11  0.4230E-11  0.3770E-11
  0.1000E+17  0.2250E-26  0.4660E-21  0.7760E-17  0.1150E-13  0.4280E-12  0.3180E-11  0.5400E-11  0.6080E-11  0.6280E-11  0.6280E-11  0.5930E-11  0.5170E-11  0.4330E-11  0.3850E-11
WAVELENGTH(A)= 
    46.072
 7 14 t 
excit   
    11.700     17.500     29.100     58.200    117.000    291.000    582.000    874.000   1170.000   1750.000   2910.000   5820.000  11700.000  17500.000 
  0.1000E+11  0.1560E-33  0.1540E-25  0.3540E-19  0.1820E-14  0.3500E-12  0.6580E-11  0.1480E-10  0.1830E-10  0.1970E-10  0.2040E-10  0.1990E-10  0.1750E-10  0.1460E-10  0.1290E-10
  0.1000E+12  0.1560E-33  0.1540E-25  0.3540E-19  0.1820E-14  0.3500E-12  0.6580E-11  0.1480E-10  0.1830E-10  0.1970E-10  0.2040E-10  0.1990E-10  0.1750E-10  0.1460E-10  0.1290E-10
  0.1000E+13  0.1560E-33  0.1540E-25  0.3540E-19  0.1820E-14  0.3500E-12  0.6580E-11  0.1480E-10  0.1830E-10  0.1970E-10  0.2040E-10  0.1990E-10  0.1750E-10  0.1460E-10  0.1290E-10
  0.1000E+14  0.1560E-33  0.1540E-25  0.3540E-19  0.1820E-14  0.3500E-12  0.6580E-11  0.1480E-10  0.1830E-10  0.1970E-10  0.2040E-10  0.1990E-10  0.1750E-10  0.1460E-10  0.1290E-10
  0.1000E+15  0.1560E-33  0.1540E-25  0.3540E-19  0.1820E-14  0.3500E-12  0.6570E-11  0.1480E-10  0.1830E-10  0.1970E-10  0.2040E-10  0.1980E-10  0.1740E-10  0.1460E-10  0.1290E-10
  0.1000E+16  0.1560E-33  0.1540E-25  0.3530E-19  0.1810E-14  0.3480E-12  0.6500E-11  0.1460E-10  0.1800E-10  0.1940E-10  0.2010E-10  0.1960E-10  0.1720E-10  0.1440E-10  0.1280E-10
  0.1000E+17  0.1560E-33  0.1540E-25  0.3530E-19  0.1810E-14  0.3450E-12  0.6350E-11  0.1420E-10  0.1740E-10  0.1870E-10  0.1940E-10  0.1880E-10  0.1660E-10  0.1390E-10  0.1230E-10
WAVELENGTH(A)= 
    49.287
 7 14 t 
excit   
    11.700     17.500     29.100     58.200    117.000    291.000    582.000    874.000   1170.000   1750.000   2910.000   5820.000  11700.000  17500.000 
  0.1000E+11  0.2640E-31  0.3810E-24  0.1880E-18  0.3010E-14  0.3260E-12  0.4410E-11  0.9390E-11  0.1170E-10  0.1280E-10  0.1390E-10  0.1430E-10  0.1400E-10  0.1280E-10  0.1200E-10
  0.1000E+12  0.2640E-31  0.3810E-24  0.1880E-18  0.3010E-14  0.3260E-12  0.4410E-11  0.9390E-11  0.1170E-10  0.1280E-10  0.1390E-10  0.1430E-10  0.1400E-10  0.1280E-10  0.1200E-10
  0.1000E+13  0.2640E-31  0.3810E-24  0.1880E-18  0.3010E-14  0.3260E-12  0.4410E-11  0.9390E-11  0.1170E-10  0.1280E-10  0.1390E-10  0.1430E-10  0.1400E-10  0.1280E-10  0.1200E-10
  0.1000E+14  0.2640E-31  0.3810E-24  0.1880E-18  0.3010E-14  0.3260E-12  0.4410E-11  0.9390E-11  0.1170E-10  0.1280E-10  0.1380E-10  0.1430E-10  0.1400E-10  0.1280E-10  0.1200E-10
  0.1000E+15  0.2640E-31  0.3810E-24  0.1880E-18  0.3010E-14  0.3250E-12  0.4400E-11  0.9380E-11  0.1160E-10  0.1280E-10  0.1380E-10  0.1430E-10  0.1400E-10  0.1280E-10  0.1200E-10
  0.1000E+16  0.2640E-31  0.3810E-24  0.1880E-18  0.3010E-14  0.3240E-12  0.4360E-11  0.9260E-11  0.1150E-10  0.1260E-10  0.1360E-10  0.1410E-10  0.1380E-10  0.1270E-10  0.1190E-10
  0.1000E+17  0.2640E-31  0.3810E-24  0.1870E-18  0.3000E-14  0.3210E-12  0.4260E-11  0.8970E-11  0.1110E-10  0.1220E-10  0.1310E-10  0.1360E-10  0.1330E-10  0.1220E-10  0.1140E-10
WAVELENGTH(A)= 
    50.056
 7 14 t 
excit   
    11.700     17.500     29.100     58.200    117.000    291.000    582.000    874.000   1170.000   1750.000   2910.000   5820.000  11700.000  17500.000 
  0.1000E+11  0.2030E-18  0.2040E-15  0.5310E-13  0.4080E-11  0.3870E-10  0.1420E-09  0.2020E-09  0.2180E-09  0.2210E-09  0.2180E-09  0.2050E-09  0.1800E-09  0.1530E-09  0.1370E-09
  0.1000E+12  0.2030E-18  0.2040E-15  0.5310E-13  0.4080E-11  0.3870E-10  0.1420E-09  0.2020E-09  0.2180E-09  0.2210E-09  0.2180E-09  0.2050E-09  0.1800E-09  0.1530E-09  0.1370E-09
  0.1000E+13  0.2030E-18  0.2040E-15  0.5310E-13  0.4090E-11  0.3870E-10  0.1420E-09  0.2020E-09  0.2180E-09  0.2210E-09  0.2180E-09  0.2050E-09  0.1800E-09  0.1530E-09  0.1370E-09
  0.1000E+14  0.2060E-18  0.2060E-15  0.5350E-13  0.4100E-11  0.3890E-10  0.1430E-09  0.2020E-09  0.2180E-09  0.2210E-09  0.2180E-09  0.2060E-09  0.1810E-09  0.1530E-09  0.1370E-09
  0.1000E+15  0.2310E-18  0.2260E-15  0.5730E-13  0.4280E-11  0.4020E-10  0.1470E-09  0.2070E-09  0.2230E-09  0.2260E-09  0.2230E-09  0.2090E-09  0.1830E-09  0.1540E-09  0.1380E-09
  0.1000E+16  0.4740E-18  0.4220E-15  0.9270E-13  0.5810E-11  0.5040E-10  0.1770E-09  0.2440E-09  0.2600E-09  0.2610E-09  0.2550E-09  0.2360E-09  0.2030E-09  0.1680E-09  0.1490E-09
  0.1000E+17  0.2420E-17  0.1930E-14  0.3050E-12  0.1150E-10  0.7860E-10  0.2480E-09  0.3340E-09  0.3520E-09  0.3520E-09  0.3420E-09  0.3150E-09  0.2690E-09  0.2210E-09  0.1940E-09
WAVELENGTH(A)= 
    50.389
 7 14 t 
excit   
    11.700     17.500     29.100     58.200    117.000    291.000    582.000    874.000   1170.000   1750.000   2910.000   5820.000  11700.000  17500.000 
  0.1000E+11  0.1820E-25  0.7990E-20  0.2400E-15  0.4790E-12  0.1890E-10  0.1450E-09  0.2520E-09  0.2870E-09  0.3000E-09  0.3030E-09  0.2920E-09  0.2590E-09  0.2220E-09  0.1990E-09
  0.1000E+12  0.1820E-25  0.7990E-20  0.2400E-15  0.4790E-12  0.1890E-10  0.1450E-09  0.2520E-09  0.2870E-09  0.3000E-09  0.3030E-09  0.2920E-09  0.2590E-09  0.2220E-09  0.1990E-09
  0.1000E+13  0.1820E-25  0.7990E-20  0.2400E-15  0.4790E-12  0.1890E-10  0.1450E-09  0.2520E-09  0.2870E-09  0.3000E-09  0.3030E-09  0.2920E-09  0.2590E-09  0.2220E-09  0.1990E-09
  0.1000E+14  0.1820E-25  0.7990E-20  0.2400E-15  0.4790E-12  0.1890E-10  0.1450E-09  0.2520E-09  0.2870E-09  0.3000E-09  0.3030E-09  0.2920E-09  0.2590E-09  0.2220E-09  0.1990E-09
  0.1000E+15  0.1820E-25  0.7990E-20  0.2400E-15  0.4790E-12  0.1890E-10  0.1450E-09  0.2510E-09  0.2870E-09  0.2990E-09  0.3030E-09  0.2920E-09  0.2590E-09  0.2220E-09  0.1990E-09
  0.1000E+16  0.1820E-25  0.7990E-20  0.2400E-15  0.4790E-12  0.1880E-10  0.1430E-09  0.2480E-09  0.2830E-09  0.2950E-09  0.2990E-09  0.2880E-09  0.2560E-09  0.2200E-09  0.1970E-09
  0.1000E+17  0.1820E-25  0.8000E-20  0.2400E-15  0.4770E-12  0.1870E-10  0.1400E-09  0.2410E-09  0.2740E-09  0.2850E-09  0.2880E-09  0.2770E-09  0.2470E-09  0.2120E-09  0.1900E-09
WAVELENGTH(A)= 
    52.285
 7 14 t 
excit   
    11.700     17.500     29.100     58.200    117.000    291.000    582.000    874.000   1170.000   1750.000   2910.000   5820.000  11700.000  17500.000 
  0.1000E+11  0.1030E-33  0.6340E-26  0.9740E-20  0.3670E-15  0.6040E-13  0.1030E-11  0.2300E-11  0.2840E-11  0.3050E-11  0.3170E-11  0.3060E-11  0.2640E-11  0.2120E-11  0.1820E-11
  0.1000E+12  0.1030E-33  0.6340E-26  0.9740E-20  0.3670E-15  0.6040E-13  0.1030E-11  0.2300E-11  0.2840E-11  0.3050E-11  0.3170E-11  0.3060E-11  0.2640E-11  0.2120E-11  0.1820E-11
  0.1000E+13  0.1030E-33  0.6340E-26  0.9740E-20  0.3670E-15  0.6040E-13  0.1030E-11  0.2300E-11  0.2840E-11  0.3050E-11  0.3170E-11  0.3060E-11  0.2640E-11  0.2120E-11  0.1820E-11
  0.1000E+14  0.1030E-33  0.6340E-26  0.9740E-20  0.3670E-15  0.6040E-13  0.1030E-11  0.2300E-11  0.2840E-11  0.3050E-11  0.3170E-11  0.3060E-11  0.2640E-11  0.2120E-11  0.1820E-11
  0.1000E+15  0.1030E-33  0.6340E-26  0.9740E-20  0.3670E-15  0.6040E-13  0.1030E-11  0.2300E-11  0.2830E-11  0.3050E-11  0.3170E-11  0.3060E-11  0.2640E-11  0.2120E-11  0.1820E-11
  0.1000E+16  0.1040E-33  0.6340E-26  0.9740E-20  0.3670E-15  0.6020E-13  0.1020E-11  0.2270E-11  0.2790E-11  0.3010E-11  0.3130E-11  0.3020E-11  0.2610E-11  0.2100E-11  0.1810E-11
  0.1000E+17  0.1040E-33  0.6380E-26  0.9790E-20  0.3670E-15  0.5970E-13  0.1000E-11  0.2200E-11  0.2710E-11  0.2910E-11  0.3020E-11  0.2910E-11  0.2520E-11  0.2020E-11  0.1740E-11
WAVELENGTH(A)= 
    53.474
 7 14 t 
excit   
    11.700     17.500     29.100     58.200    117.000    291.000    582.000    874.000   1170.000   1750.000   2910.000   5820.000  11700.000  17500.000 
  0.1000E+11  0.2720E-27  0.2040E-21  0.9360E-17  0.2590E-13  0.1190E-11  0.9630E-11  0.1660E-10  0.1860E-10  0.1910E-10  0.1870E-10  0.1730E-10  0.1450E-10  0.1160E-10  0.1010E-10
  0.1000E+12  0.2720E-27  0.2040E-21  0.9360E-17  0.2590E-13  0.1190E-11  0.9630E-11  0.1660E-10  0.1860E-10  0.1910E-10  0.1870E-10  0.1730E-10  0.1450E-10  0.1160E-10  0.1010E-10
  0.1000E+13  0.2720E-27  0.2040E-21  0.9360E-17  0.2590E-13  0.1190E-11  0.9630E-11  0.1660E-10  0.1860E-10  0.1910E-10  0.1870E-10  0.1730E-10  0.1450E-10  0.1160E-10  0.1010E-10
  0.1000E+14  0.2730E-27  0.2040E-21  0.9370E-17  0.2590E-13  0.1190E-11  0.9630E-11  0.1660E-10  0.1860E-10  0.1910E-10  0.1870E-10  0.1730E-10  0.1450E-10  0.1160E-10  0.1010E-10
  0.1000E+15  0.2730E-27  0.2040E-21  0.9370E-17  0.2590E-13  0.1190E-11  0.9630E-11  0.1660E-10  0.1860E-10  0.1900E-10  0.1870E-10  0.1730E-10  0.1450E-10  0.1160E-10  0.1010E-10
  0.1000E+16  0.2760E-27  0.2060E-21  0.9440E-17  0.2610E-13  0.1190E-11  0.9590E-11  0.1640E-10  0.1840E-10  0.1890E-10  0.1860E-10  0.1710E-10  0.1440E-10  0.1160E-10  0.1010E-10
  0.1000E+17  0.3010E-27  0.2200E-21  0.9840E-17  0.2650E-13  0.1200E-11  0.9500E-11  0.1620E-10  0.1800E-10  0.1850E-10  0.1810E-10  0.1670E-10  0.1400E-10  0.1130E-10  0.9800E-11
WAVELENGTH(A)= 
    53.521
 7 14 t 
excit   
    11.700     17.500     29.100     58.200    117.000    291.000    582.000    874.000   1170.000   1750.000   2910.000   5820.000  11700.000  17500.000 
  0.1000E+11  0.1820E-35  0.6090E-27  0.3710E-20  0.3950E-15  0.1110E-12  0.2750E-11  0.7510E-11  0.1050E-10  0.1250E-10  0.1510E-10  0.1780E-10  0.2030E-10  0.2110E-10  0.2090E-10
  0.1000E+12  0.1820E-35  0.6090E-27  0.3710E-20  0.3950E-15  0.1110E-12  0.2750E-11  0.7510E-11  0.1050E-10  0.1250E-10  0.1510E-10  0.1780E-10  0.2030E-10  0.2110E-10  0.2090E-10
  0.1000E+13  0.1820E-35  0.6090E-27  0.3710E-20  0.3950E-15  0.1110E-12  0.2750E-11  0.7510E-11  0.1050E-10  0.1250E-10  0.1510E-10  0.1780E-10  0.2030E-10  0.2110E-10  0.2090E-10
  0.1000E+14  0.1820E-35  0.6090E-27  0.3710E-20  0.3950E-15  0.1110E-12  0.2750E-11  0.7510E-11  0.1050E-10  0.1250E-10  0.1510E-10  0.1780E-10  0.2030E-10  0.2110E-10  0.2080E-10
  0.1000E+15  0.1820E-35  0.6090E-27  0.3710E-20  0.3950E-15  0.1110E-12  0.2750E-11  0.7490E-11  0.1050E-10  0.1240E-10  0.1510E-10  0.1780E-10  0.2030E-10  0.2110E-10  0.2080E-10
  0.1000E+16  0.1820E-35  0.6100E-27  0.3710E-20  0.3950E-15  0.1110E-12  0.2720E-11  0.7400E-11  0.1030E-10  0.1230E-10  0.1490E-10  0.1760E-10  0.2000E-10  0.2090E-10  0.2060E-10
  0.1000E+17  0.1830E-35  0.6120E-27  0.3720E-20  0.3940E-15  0.1100E-12  0.2660E-11  0.7180E-11  0.1000E-10  0.1180E-10  0.1430E-10  0.1690E-10  0.1930E-10  0.2010E-10  0.1990E-10
WAVELENGTH(A)= 
    57.613
 7 14 t 
excit   
    11.700     17.500     29.100     58.200    117.000    291.000    582.000    874.000   1170.000   1750.000   2910.000   5820.000  11700.000  17500.000 
  0.1000E+11  0.4210E-15  0.1630E-12  0.1740E-10  0.5040E-09  0.2370E-08  0.5240E-08  0.6300E-08  0.6460E-08  0.6400E-08  0.6180E-08  0.5740E-08  0.5000E-08  0.4180E-08  0.3730E-08
  0.1000E+12  0.4210E-15  0.1630E-12  0.1740E-10  0.5040E-09  0.2370E-08  0.5240E-08  0.6300E-08  0.6460E-08  0.6400E-08  0.6180E-08  0.5740E-08  0.5000E-08  0.4180E-08  0.3730E-08
  0.1000E+13  0.4210E-15  0.1630E-12  0.1740E-10  0.5040E-09  0.2370E-08  0.5240E-08  0.6300E-08  0.6460E-08  0.6400E-08  0.6180E-08  0.5740E-08  0.5000E-08  0.4180E-08  0.3730E-08
  0.1000E+14  0.4210E-15  0.1630E-12  0.1740E-10  0.5040E-09  0.2370E-08  0.5240E-08  0.6300E-08  0.6460E-08  0.6400E-08  0.6170E-08  0.5740E-08  0.5000E-08  0.4180E-08  0.3730E-08
  0.1000E+15  0.4210E-15  0.1630E-12  0.1740E-10  0.5040E-09  0.2370E-08  0.5230E-08  0.6290E-08  0.6450E-08  0.6390E-08  0.6160E-08  0.5730E-08  0.4990E-08  0.4180E-08  0.3720E-08
  0.1000E+16  0.4210E-15  0.1630E-12  0.1740E-10  0.5040E-09  0.2360E-08  0.5180E-08  0.6210E-08  0.6360E-08  0.6300E-08  0.6080E-08  0.5660E-08  0.4930E-08  0.4140E-08  0.3690E-08
  0.1000E+17  0.4210E-15  0.1620E-12  0.1740E-10  0.5020E-09  0.2340E-08  0.5060E-08  0.6020E-08  0.6150E-08  0.6080E-08  0.5860E-08  0.5440E-08  0.4750E-08  0.3980E-08  0.3560E-08
WAVELENGTH(A)= 
    64.263
 7 14 t 
excit   
    11.700     17.500     29.100     58.200    117.000    291.000    582.000    874.000   1170.000   1750.000   2910.000   5820.000  11700.000  17500.000 
  0.1000E+11  0.9040E-32  0.1550E-24  0.8700E-19  0.1540E-14  0.1740E-12  0.2400E-11  0.5000E-11  0.6010E-11  0.6430E-11  0.6610E-11  0.6360E-11  0.5450E-11  0.4390E-11  0.3780E-11
  0.1000E+12  0.9040E-32  0.1550E-24  0.8700E-19  0.1540E-14  0.1740E-12  0.2400E-11  0.5000E-11  0.6010E-11  0.6430E-11  0.6610E-11  0.6360E-11  0.5450E-11  0.4390E-11  0.3780E-11
  0.1000E+13  0.9040E-32  0.1550E-24  0.8700E-19  0.1540E-14  0.1740E-12  0.2400E-11  0.5000E-11  0.6010E-11  0.6430E-11  0.6610E-11  0.6360E-11  0.5450E-11  0.4390E-11  0.3780E-11
  0.1000E+14  0.9040E-32  0.1550E-24  0.8700E-19  0.1540E-14  0.1740E-12  0.2400E-11  0.5000E-11  0.6010E-11  0.6430E-11  0.6610E-11  0.6360E-11  0.5450E-11  0.4390E-11  0.3780E-11
  0.1000E+15  0.9040E-32  0.1550E-24  0.8700E-19  0.1540E-14  0.1740E-12  0.2400E-11  0.4990E-11  0.6000E-11  0.6420E-11  0.6600E-11  0.6350E-11  0.5450E-11  0.4380E-11  0.3780E-11
  0.1000E+16  0.9040E-32  0.1550E-24  0.8710E-19  0.1540E-14  0.1740E-12  0.2370E-11  0.4930E-11  0.5920E-11  0.6340E-11  0.6520E-11  0.6270E-11  0.5390E-11  0.4340E-11  0.3740E-11
  0.1000E+17  0.9080E-32  0.1560E-24  0.8730E-19  0.1540E-14  0.1720E-12  0.2320E-11  0.4780E-11  0.5730E-11  0.6120E-11  0.6290E-11  0.6040E-11  0.5190E-11  0.4180E-11  0.3610E-11
WAVELENGTH(A)= 
    68.640
 7 14 t 
excit   
    11.700     17.500     29.100     58.200    117.000    291.000    582.000    874.000   1170.000   1750.000   2910.000   5820.000  11700.000  17500.000 
  0.1000E+11  0.1780E-28  0.3390E-22  0.3260E-17  0.1560E-13  0.9310E-12  0.9050E-11  0.1740E-10  0.2100E-10  0.2280E-10  0.2440E-10  0.2520E-10  0.2450E-10  0.2250E-10  0.2100E-10
  0.1000E+12  0.1780E-28  0.3390E-22  0.3260E-17  0.1560E-13  0.9310E-12  0.9050E-11  0.1740E-10  0.2100E-10  0.2280E-10  0.2440E-10  0.2520E-10  0.2450E-10  0.2250E-10  0.2100E-10
  0.1000E+13  0.1780E-28  0.3390E-22  0.3260E-17  0.1560E-13  0.9310E-12  0.9050E-11  0.1740E-10  0.2100E-10  0.2280E-10  0.2440E-10  0.2520E-10  0.2450E-10  0.2250E-10  0.2100E-10
  0.1000E+14  0.1780E-28  0.3390E-22  0.3260E-17  0.1560E-13  0.9310E-12  0.9050E-11  0.1740E-10  0.2100E-10  0.2280E-10  0.2440E-10  0.2520E-10  0.2450E-10  0.2250E-10  0.2100E-10
  0.1000E+15  0.1780E-28  0.3390E-22  0.3260E-17  0.1560E-13  0.9310E-12  0.9040E-11  0.1740E-10  0.2100E-10  0.2280E-10  0.2430E-10  0.2510E-10  0.2450E-10  0.2250E-10  0.2100E-10
  0.1000E+16  0.1780E-28  0.3390E-22  0.3260E-17  0.1560E-13  0.9270E-12  0.8950E-11  0.1710E-10  0.2070E-10  0.2250E-10  0.2400E-10  0.2480E-10  0.2420E-10  0.2230E-10  0.2080E-10
  0.1000E+17  0.1780E-28  0.3390E-22  0.3260E-17  0.1560E-13  0.9180E-12  0.8740E-11  0.1660E-10  0.2000E-10  0.2170E-10  0.2320E-10  0.2390E-10  0.2330E-10  0.2150E-10  0.2000E-10
WAVELENGTH(A)= 
    68.674
 7 14 t 
excit   
    11.700     17.500     29.100     58.200    117.000    291.000    582.000    874.000   1170.000   1750.000   2910.000   5820.000  11700.000  17500.000 
  0.1000E+11  0.2360E-36  0.2000E-27  0.2530E-20  0.4600E-15  0.1660E-12  0.4500E-11  0.1140E-10  0.1450E-10  0.1580E-10  0.1650E-10  0.1580E-10  0.1340E-10  0.1060E-10  0.9030E-11
  0.1000E+12  0.2360E-36  0.2000E-27  0.2530E-20  0.4600E-15  0.1660E-12  0.4500E-11  0.1140E-10  0.1450E-10  0.1580E-10  0.1650E-10  0.1580E-10  0.1340E-10  0.1060E-10  0.9030E-11
  0.1000E+13  0.2360E-36  0.2000E-27  0.2530E-20  0.4600E-15  0.1660E-12  0.4500E-11  0.1140E-10  0.1450E-10  0.1580E-10  0.1650E-10  0.1580E-10  0.1340E-10  0.1060E-10  0.9030E-11
  0.1000E+14  0.2360E-36  0.2000E-27  0.2530E-20  0.4600E-15  0.1660E-12  0.4500E-11  0.1140E-10  0.1450E-10  0.1580E-10  0.1650E-10  0.1580E-10  0.1340E-10  0.1060E-10  0.9030E-11
  0.1000E+15  0.2360E-36  0.2000E-27  0.2530E-20  0.4600E-15  0.1660E-12  0.4490E-11  0.1140E-10  0.1450E-10  0.1580E-10  0.1650E-10  0.1580E-10  0.1340E-10  0.1060E-10  0.9020E-11
  0.1000E+16  0.2370E-36  0.2000E-27  0.2530E-20  0.4600E-15  0.1650E-12  0.4450E-11  0.1130E-10  0.1430E-10  0.1560E-10  0.1620E-10  0.1560E-10  0.1330E-10  0.1050E-10  0.8940E-11
  0.1000E+17  0.2370E-36  0.2000E-27  0.2530E-20  0.4590E-15  0.1640E-12  0.4350E-11  0.1090E-10  0.1380E-10  0.1510E-10  0.1570E-10  0.1500E-10  0.1280E-10  0.1010E-10  0.8620E-11
WAVELENGTH(A)= 
    73.886
 7 14 t 
excit   
    11.700     17.500     29.100     58.200    117.000    291.000    582.000    874.000   1170.000   1750.000   2910.000   5820.000  11700.000  17500.000 
  0.1000E+11  0.2120E-15  0.2120E-13  0.8020E-12  0.1270E-10  0.5830E-10  0.1540E-09  0.2000E-09  0.2080E-09  0.2080E-09  0.2010E-09  0.1850E-09  0.1590E-09  0.1320E-09  0.1170E-09
  0.1000E+12  0.2120E-15  0.2120E-13  0.8020E-12  0.1270E-10  0.5830E-10  0.1540E-09  0.2000E-09  0.2080E-09  0.2080E-09  0.2010E-09  0.1850E-09  0.1590E-09  0.1320E-09  0.1170E-09
  0.1000E+13  0.2120E-15  0.2120E-13  0.8020E-12  0.1270E-10  0.5830E-10  0.1540E-09  0.1990E-09  0.2080E-09  0.2080E-09  0.2010E-09  0.1850E-09  0.1590E-09  0.1320E-09  0.1170E-09
  0.1000E+14  0.2120E-15  0.2120E-13  0.8010E-12  0.1270E-10  0.5820E-10  0.1540E-09  0.1990E-09  0.2080E-09  0.2070E-09  0.2000E-09  0.1850E-09  0.1590E-09  0.1320E-09  0.1170E-09
  0.1000E+15  0.2120E-15  0.2110E-13  0.7960E-12  0.1250E-10  0.5680E-10  0.1490E-09  0.1930E-09  0.2020E-09  0.2020E-09  0.1950E-09  0.1810E-09  0.1560E-09  0.1300E-09  0.1160E-09
  0.1000E+16  0.2070E-15  0.2060E-13  0.7510E-12  0.1080E-10  0.4590E-10  0.1160E-09  0.1500E-09  0.1590E-09  0.1600E-09  0.1570E-09  0.1490E-09  0.1320E-09  0.1130E-09  0.1020E-09
  0.1000E+17  0.1690E-15  0.1630E-13  0.4770E-12  0.4670E-11  0.1570E-10  0.3570E-10  0.4670E-10  0.5050E-10  0.5220E-10  0.5320E-10  0.5350E-10  0.5230E-10  0.4960E-10  0.4770E-10
WAVELENGTH(A)= 
    82.785
 7 14 t 
excit   
    11.700     17.500     29.100     58.200    117.000    291.000    582.000    874.000   1170.000   1750.000   2910.000   5820.000  11700.000  17500.000 
  0.1000E+11  0.1030E-33  0.5530E-26  0.7740E-20  0.2710E-15  0.4310E-13  0.7340E-12  0.1670E-11  0.2120E-11  0.2350E-11  0.2560E-11  0.2670E-11  0.2590E-11  0.2390E-11  0.2230E-11
  0.1000E+12  0.1030E-33  0.5530E-26  0.7740E-20  0.2710E-15  0.4310E-13  0.7340E-12  0.1670E-11  0.2120E-11  0.2350E-11  0.2560E-11  0.2670E-11  0.2590E-11  0.2390E-11  0.2230E-11
  0.1000E+13  0.1030E-33  0.5530E-26  0.7740E-20  0.2710E-15  0.4310E-13  0.7340E-12  0.1670E-11  0.2120E-11  0.2350E-11  0.2560E-11  0.2670E-11  0.2590E-11  0.2390E-11  0.2230E-11
  0.1000E+14  0.1030E-33  0.5530E-26  0.7740E-20  0.2710E-15  0.4310E-13  0.7340E-12  0.1670E-11  0.2120E-11  0.2350E-11  0.2560E-11  0.2670E-11  0.2590E-11  0.2390E-11  0.2230E-11
  0.1000E+15  0.1030E-33  0.5530E-26  0.7740E-20  0.2710E-15  0.4310E-13  0.7330E-12  0.1670E-11  0.2110E-11  0.2340E-11  0.2560E-11  0.2660E-11  0.2590E-11  0.2390E-11  0.2230E-11
  0.1000E+16  0.1030E-33  0.5530E-26  0.7740E-20  0.2700E-15  0.4290E-13  0.7260E-12  0.1650E-11  0.2080E-11  0.2310E-11  0.2520E-11  0.2630E-11  0.2560E-11  0.2370E-11  0.2210E-11
  0.1000E+17  0.1030E-33  0.5530E-26  0.7730E-20  0.2690E-15  0.4250E-13  0.7090E-12  0.1600E-11  0.2010E-11  0.2230E-11  0.2430E-11  0.2530E-11  0.2460E-11  0.2280E-11  0.2130E-11
WAVELENGTH(A)= 
    83.307
 7 14 t 
excit   
    11.700     17.500     29.100     58.200    117.000    291.000    582.000    874.000   1170.000   1750.000   2910.000   5820.000  11700.000  17500.000 
  0.1000E+11  0.6230E-25  0.4420E-20  0.3230E-16  0.2490E-13  0.6570E-12  0.4030E-11  0.6380E-11  0.6980E-11  0.7080E-11  0.6890E-11  0.6320E-11  0.5300E-11  0.4290E-11  0.3750E-11
  0.1000E+12  0.6230E-25  0.4420E-20  0.3230E-16  0.2490E-13  0.6570E-12  0.4030E-11  0.6380E-11  0.6990E-11  0.7080E-11  0.6890E-11  0.6320E-11  0.5300E-11  0.4290E-11  0.3750E-11
  0.1000E+13  0.6240E-25  0.4430E-20  0.3240E-16  0.2490E-13  0.6580E-12  0.4030E-11  0.6390E-11  0.6990E-11  0.7080E-11  0.6900E-11  0.6320E-11  0.5300E-11  0.4290E-11  0.3750E-11
  0.1000E+14  0.6310E-25  0.4470E-20  0.3260E-16  0.2510E-13  0.6610E-12  0.4040E-11  0.6410E-11  0.7010E-11  0.7110E-11  0.6920E-11  0.6340E-11  0.5310E-11  0.4300E-11  0.3760E-11
  0.1000E+15  0.6980E-25  0.4850E-20  0.3470E-16  0.2630E-13  0.6900E-12  0.4220E-11  0.6660E-11  0.7270E-11  0.7350E-11  0.7140E-11  0.6510E-11  0.5430E-11  0.4370E-11  0.3810E-11
  0.1000E+16  0.1350E-24  0.8570E-20  0.5460E-16  0.3680E-13  0.9200E-12  0.5500E-11  0.8560E-11  0.9230E-11  0.9250E-11  0.8850E-11  0.7910E-11  0.6400E-11  0.5010E-11  0.4290E-11
  0.1000E+17  0.6590E-24  0.3720E-19  0.1740E-15  0.7600E-13  0.1560E-11  0.8570E-11  0.1310E-10  0.1420E-10  0.1420E-10  0.1350E-10  0.1200E-10  0.9670E-11  0.7430E-11  0.6280E-11
WAVELENGTH(A)= 
    83.405
 7 14 t 
excit   
    11.700     17.500     29.100     58.200    117.000    291.000    582.000    874.000   1170.000   1750.000   2910.000   5820.000  11700.000  17500.000 
  0.1000E+11  0.3810E-32  0.1240E-24  0.1240E-18  0.3650E-14  0.5550E-12  0.9330E-11  0.2110E-10  0.2680E-10  0.2960E-10  0.3230E-10  0.3380E-10  0.3320E-10  0.3070E-10  0.2870E-10
  0.1000E+12  0.3810E-32  0.1240E-24  0.1240E-18  0.3650E-14  0.5550E-12  0.9330E-11  0.2110E-10  0.2680E-10  0.2960E-10  0.3230E-10  0.3380E-10  0.3320E-10  0.3070E-10  0.2870E-10
  0.1000E+13  0.3810E-32  0.1240E-24  0.1240E-18  0.3650E-14  0.5550E-12  0.9330E-11  0.2110E-10  0.2680E-10  0.2960E-10  0.3230E-10  0.3380E-10  0.3320E-10  0.3070E-10  0.2870E-10
  0.1000E+14  0.3810E-32  0.1240E-24  0.1240E-18  0.3650E-14  0.5550E-12  0.9330E-11  0.2110E-10  0.2680E-10  0.2960E-10  0.3230E-10  0.3380E-10  0.3320E-10  0.3070E-10  0.2870E-10
  0.1000E+15  0.3810E-32  0.1240E-24  0.1240E-18  0.3650E-14  0.5540E-12  0.9320E-11  0.2110E-10  0.2670E-10  0.2960E-10  0.3220E-10  0.3370E-10  0.3310E-10  0.3070E-10  0.2870E-10
  0.1000E+16  0.3810E-32  0.1240E-24  0.1240E-18  0.3650E-14  0.5520E-12  0.9230E-11  0.2080E-10  0.2640E-10  0.2920E-10  0.3180E-10  0.3330E-10  0.3280E-10  0.3040E-10  0.2850E-10
  0.1000E+17  0.3810E-32  0.1240E-24  0.1240E-18  0.3640E-14  0.5470E-12  0.9020E-11  0.2020E-10  0.2550E-10  0.2820E-10  0.3070E-10  0.3210E-10  0.3150E-10  0.2920E-10  0.2740E-10
WAVELENGTH(A)= 
    99.266
 7 14 t 
excit   
    11.700     17.500     29.100     58.200    117.000    291.000    582.000    874.000   1170.000   1750.000   2910.000   5820.000  11700.000  17500.000 
  0.1000E+11  0.7160E-29  0.1760E-22  0.2080E-17  0.1140E-13  0.7240E-12  0.7110E-11  0.1330E-10  0.1550E-10  0.1640E-10  0.1660E-10  0.1580E-10  0.1350E-10  0.1080E-10  0.9310E-11
  0.1000E+12  0.7160E-29  0.1760E-22  0.2080E-17  0.1140E-13  0.7240E-12  0.7110E-11  0.1330E-10  0.1550E-10  0.1640E-10  0.1660E-10  0.1580E-10  0.1350E-10  0.1080E-10  0.9310E-11
  0.1000E+13  0.7160E-29  0.1760E-22  0.2080E-17  0.1140E-13  0.7240E-12  0.7110E-11  0.1330E-10  0.1550E-10  0.1640E-10  0.1660E-10  0.1580E-10  0.1350E-10  0.1080E-10  0.9310E-11
  0.1000E+14  0.7160E-29  0.1760E-22  0.2080E-17  0.1140E-13  0.7240E-12  0.7110E-11  0.1330E-10  0.1550E-10  0.1640E-10  0.1660E-10  0.1580E-10  0.1350E-10  0.1080E-10  0.9310E-11
  0.1000E+15  0.7160E-29  0.1760E-22  0.2080E-17  0.1140E-13  0.7240E-12  0.7100E-11  0.1330E-10  0.1550E-10  0.1640E-10  0.1660E-10  0.1580E-10  0.1350E-10  0.1080E-10  0.9300E-11
  0.1000E+16  0.7160E-29  0.1760E-22  0.2080E-17  0.1140E-13  0.7210E-12  0.7030E-11  0.1310E-10  0.1530E-10  0.1610E-10  0.1640E-10  0.1560E-10  0.1330E-10  0.1070E-10  0.9220E-11
  0.1000E+17  0.7190E-29  0.1760E-22  0.2080E-17  0.1140E-13  0.7150E-12  0.6880E-11  0.1270E-10  0.1480E-10  0.1560E-10  0.1580E-10  0.1500E-10  0.1280E-10  0.1030E-10  0.8890E-11
WAVELENGTH(A)= 
   102.223
 7 14 t 
excit   
    11.700     17.500     29.100     58.200    117.000    291.000    582.000    874.000   1170.000   1750.000   2910.000   5820.000  11700.000  17500.000 
  0.1000E+11  0.9000E-34  0.5510E-26  0.8470E-20  0.3190E-15  0.5250E-13  0.9000E-12  0.2000E-11  0.2470E-11  0.2660E-11  0.2760E-11  0.2660E-11  0.2300E-11  0.1840E-11  0.1590E-11
  0.1000E+12  0.9000E-34  0.5510E-26  0.8470E-20  0.3190E-15  0.5250E-13  0.9000E-12  0.2000E-11  0.2470E-11  0.2660E-11  0.2760E-11  0.2660E-11  0.2300E-11  0.1840E-11  0.1590E-11
  0.1000E+13  0.9000E-34  0.5510E-26  0.8470E-20  0.3190E-15  0.5250E-13  0.9000E-12  0.2000E-11  0.2470E-11  0.2660E-11  0.2760E-11  0.2660E-11  0.2300E-11  0.1840E-11  0.1590E-11
  0.1000E+14  0.9000E-34  0.5510E-26  0.8470E-20  0.3190E-15  0.5250E-13  0.9000E-12  0.2000E-11  0.2470E-11  0.2660E-11  0.2760E-11  0.2660E-11  0.2300E-11  0.1840E-11  0.1590E-11
  0.1000E+15  0.9000E-34  0.5510E-26  0.8470E-20  0.3190E-15  0.5250E-13  0.8990E-12  0.2000E-11  0.2460E-11  0.2650E-11  0.2760E-11  0.2660E-11  0.2300E-11  0.1840E-11  0.1580E-11
  0.1000E+16  0.9010E-34  0.5520E-26  0.8480E-20  0.3190E-15  0.5230E-13  0.8900E-12  0.1970E-11  0.2430E-11  0.2620E-11  0.2720E-11  0.2630E-11  0.2270E-11  0.1820E-11  0.1570E-11
  0.1000E+17  0.9070E-34  0.5550E-26  0.8520E-20  0.3190E-15  0.5200E-13  0.8720E-12  0.1920E-11  0.2350E-11  0.2530E-11  0.2630E-11  0.2530E-11  0.2190E-11  0.1760E-11  0.1520E-11
WAVELENGTH(A)= 
   117.636
 7 14 t 
excit   
    11.700     17.500     29.100     58.200    117.000    291.000    582.000    874.000   1170.000   1750.000   2910.000   5820.000  11700.000  17500.000 
  0.1000E+11  0.2420E-33  0.2400E-25  0.5490E-19  0.2820E-14  0.5430E-12  0.1020E-10  0.2300E-10  0.2840E-10  0.3060E-10  0.3170E-10  0.3080E-10  0.2710E-10  0.2260E-10  0.2000E-10
  0.1000E+12  0.2420E-33  0.2400E-25  0.5490E-19  0.2820E-14  0.5430E-12  0.1020E-10  0.2300E-10  0.2840E-10  0.3060E-10  0.3170E-10  0.3080E-10  0.2710E-10  0.2260E-10  0.2000E-10
  0.1000E+13  0.2420E-33  0.2400E-25  0.5490E-19  0.2820E-14  0.5430E-12  0.1020E-10  0.2300E-10  0.2840E-10  0.3060E-10  0.3170E-10  0.3080E-10  0.2710E-10  0.2260E-10  0.2000E-10
  0.1000E+14  0.2420E-33  0.2400E-25  0.5490E-19  0.2820E-14  0.5430E-12  0.1020E-10  0.2300E-10  0.2840E-10  0.3060E-10  0.3170E-10  0.3080E-10  0.2710E-10  0.2260E-10  0.2000E-10
  0.1000E+15  0.2420E-33  0.2400E-25  0.5490E-19  0.2820E-14  0.5430E-12  0.1020E-10  0.2300E-10  0.2840E-10  0.3060E-10  0.3170E-10  0.3080E-10  0.2710E-10  0.2260E-10  0.2000E-10
  0.1000E+16  0.2420E-33  0.2400E-25  0.5490E-19  0.2810E-14  0.5410E-12  0.1010E-10  0.2270E-10  0.2800E-10  0.3010E-10  0.3130E-10  0.3040E-10  0.2680E-10  0.2240E-10  0.1980E-10
  0.1000E+17  0.2420E-33  0.2400E-25  0.5480E-19  0.2800E-14  0.5350E-12  0.9850E-11  0.2200E-10  0.2700E-10  0.2910E-10  0.3010E-10  0.2920E-10  0.2580E-10  0.2160E-10  0.1910E-10
WAVELENGTH(A)= 
   117.679
 7 14 t 
excit   
    11.700     17.500     29.100     58.200    117.000    291.000    582.000    874.000   1170.000   1750.000   2910.000   5820.000  11700.000  17500.000 
  0.1000E+11  0.1510E-26  0.3740E-21  0.8100E-17  0.1480E-13  0.5860E-12  0.4530E-11  0.7820E-11  0.8890E-11  0.9230E-11  0.9270E-11  0.8800E-11  0.7720E-11  0.6480E-11  0.5780E-11
  0.1000E+12  0.1510E-26  0.3740E-21  0.8100E-17  0.1480E-13  0.5860E-12  0.4530E-11  0.7820E-11  0.8890E-11  0.9230E-11  0.9270E-11  0.8800E-11  0.7720E-11  0.6480E-11  0.5780E-11
  0.1000E+13  0.1510E-26  0.3740E-21  0.8100E-17  0.1480E-13  0.5860E-12  0.4530E-11  0.7820E-11  0.8890E-11  0.9230E-11  0.9270E-11  0.8800E-11  0.7720E-11  0.6480E-11  0.5780E-11
  0.1000E+14  0.1520E-26  0.3740E-21  0.8110E-17  0.1480E-13  0.5870E-12  0.4530E-11  0.7830E-11  0.8890E-11  0.9230E-11  0.9270E-11  0.8800E-11  0.7720E-11  0.6480E-11  0.5780E-11
  0.1000E+15  0.1540E-26  0.3780E-21  0.8160E-17  0.1480E-13  0.5890E-12  0.4540E-11  0.7850E-11  0.8910E-11  0.9240E-11  0.9290E-11  0.8810E-11  0.7730E-11  0.6490E-11  0.5780E-11
  0.1000E+16  0.1750E-26  0.4170E-21  0.8710E-17  0.1540E-13  0.6080E-12  0.4650E-11  0.7990E-11  0.9040E-11  0.9370E-11  0.9390E-11  0.8900E-11  0.7780E-11  0.6530E-11  0.5810E-11
  0.1000E+17  0.3470E-26  0.7190E-21  0.1200E-16  0.1770E-13  0.6600E-12  0.4910E-11  0.8330E-11  0.9380E-11  0.9690E-11  0.9680E-11  0.9140E-11  0.7970E-11  0.6670E-11  0.5940E-11
WAVELENGTH(A)= 
   119.606
 7 14 t 
excit   
    11.700     17.500     29.100     58.200    117.000    291.000    582.000    874.000   1170.000   1750.000   2910.000   5820.000  11700.000  17500.000 
  0.1000E+11  0.5850E-32  0.8440E-25  0.4150E-19  0.6670E-15  0.7210E-13  0.9770E-12  0.2080E-11  0.2580E-11  0.2840E-11  0.3070E-11  0.3180E-11  0.3100E-11  0.2840E-11  0.2650E-11
  0.1000E+12  0.5850E-32  0.8440E-25  0.4150E-19  0.6670E-15  0.7210E-13  0.9770E-12  0.2080E-11  0.2580E-11  0.2840E-11  0.3070E-11  0.3180E-11  0.3100E-11  0.2840E-11  0.2650E-11
  0.1000E+13  0.5850E-32  0.8440E-25  0.4150E-19  0.6670E-15  0.7210E-13  0.9770E-12  0.2080E-11  0.2580E-11  0.2840E-11  0.3070E-11  0.3180E-11  0.3100E-11  0.2840E-11  0.2650E-11
  0.1000E+14  0.5850E-32  0.8440E-25  0.4150E-19  0.6670E-15  0.7210E-13  0.9770E-12  0.2080E-11  0.2580E-11  0.2840E-11  0.3070E-11  0.3180E-11  0.3100E-11  0.2840E-11  0.2650E-11
  0.1000E+15  0.5850E-32  0.8440E-25  0.4150E-19  0.6670E-15  0.7210E-13  0.9760E-12  0.2080E-11  0.2580E-11  0.2830E-11  0.3060E-11  0.3170E-11  0.3100E-11  0.2840E-11  0.2650E-11
  0.1000E+16  0.5850E-32  0.8440E-25  0.4150E-19  0.6660E-15  0.7180E-13  0.9660E-12  0.2050E-11  0.2550E-11  0.2800E-11  0.3020E-11  0.3130E-11  0.3060E-11  0.2810E-11  0.2630E-11
  0.1000E+17  0.5850E-32  0.8450E-25  0.4150E-19  0.6640E-15  0.7110E-13  0.9440E-12  0.1990E-11  0.2460E-11  0.2700E-11  0.2910E-11  0.3010E-11  0.2950E-11  0.2710E-11  0.2530E-11
WAVELENGTH(A)= 
   147.669
 7 14 t 
excit   
    11.700     17.500     29.100     58.200    117.000    291.000    582.000    874.000   1170.000   1750.000   2910.000   5820.000  11700.000  17500.000 
  0.1000E+11  0.8440E-21  0.9110E-17  0.1410E-13  0.3050E-11  0.4000E-10  0.1610E-09  0.2260E-09  0.2390E-09  0.2400E-09  0.2310E-09  0.2120E-09  0.1790E-09  0.1460E-09  0.1280E-09
  0.1000E+12  0.8440E-21  0.9110E-17  0.1410E-13  0.3050E-11  0.4000E-10  0.1610E-09  0.2260E-09  0.2390E-09  0.2400E-09  0.2310E-09  0.2120E-09  0.1790E-09  0.1460E-09  0.1280E-09
  0.1000E+13  0.8440E-21  0.9110E-17  0.1410E-13  0.3050E-11  0.4000E-10  0.1610E-09  0.2260E-09  0.2390E-09  0.2400E-09  0.2320E-09  0.2120E-09  0.1790E-09  0.1460E-09  0.1280E-09
  0.1000E+14  0.8440E-21  0.9120E-17  0.1410E-13  0.3050E-11  0.4000E-10  0.1610E-09  0.2260E-09  0.2390E-09  0.2400E-09  0.2320E-09  0.2120E-09  0.1790E-09  0.1460E-09  0.1280E-09
  0.1000E+15  0.8500E-21  0.9170E-17  0.1420E-13  0.3060E-11  0.4010E-10  0.1610E-09  0.2260E-09  0.2400E-09  0.2400E-09  0.2320E-09  0.2120E-09  0.1790E-09  0.1460E-09  0.1290E-09
  0.1000E+16  0.9040E-21  0.9650E-17  0.1480E-13  0.3160E-11  0.4120E-10  0.1650E-09  0.2300E-09  0.2430E-09  0.2420E-09  0.2340E-09  0.2130E-09  0.1800E-09  0.1460E-09  0.1290E-09
  0.1000E+17  0.1340E-20  0.1340E-16  0.1820E-13  0.3520E-11  0.4420E-10  0.1720E-09  0.2380E-09  0.2500E-09  0.2490E-09  0.2390E-09  0.2170E-09  0.1820E-09  0.1470E-09  0.1290E-09
WAVELENGTH(A)= 
   148.003
 7 14 t 
excit   
    11.700     17.500     29.100     58.200    117.000    291.000    582.000    874.000   1170.000   1750.000   2910.000   5820.000  11700.000  17500.000 
  0.1000E+11  0.2300E-29  0.1120E-22  0.2340E-17  0.2180E-13  0.2060E-11  0.2870E-10  0.6450E-10  0.8390E-10  0.9580E-10  0.1090E-09  0.1220E-09  0.1310E-09  0.1310E-09  0.1260E-09
  0.1000E+12  0.2300E-29  0.1120E-22  0.2340E-17  0.2180E-13  0.2060E-11  0.2870E-10  0.6450E-10  0.8390E-10  0.9580E-10  0.1090E-09  0.1220E-09  0.1310E-09  0.1310E-09  0.1260E-09
  0.1000E+13  0.2300E-29  0.1120E-22  0.2340E-17  0.2180E-13  0.2060E-11  0.2870E-10  0.6450E-10  0.8390E-10  0.9580E-10  0.1090E-09  0.1220E-09  0.1310E-09  0.1310E-09  0.1260E-09
  0.1000E+14  0.2300E-29  0.1120E-22  0.2340E-17  0.2180E-13  0.2060E-11  0.2860E-10  0.6450E-10  0.8390E-10  0.9570E-10  0.1090E-09  0.1220E-09  0.1310E-09  0.1310E-09  0.1260E-09
  0.1000E+15  0.2300E-29  0.1120E-22  0.2340E-17  0.2180E-13  0.2050E-11  0.2860E-10  0.6440E-10  0.8370E-10  0.9560E-10  0.1090E-09  0.1220E-09  0.1310E-09  0.1300E-09  0.1260E-09
  0.1000E+16  0.2300E-29  0.1120E-22  0.2350E-17  0.2180E-13  0.2050E-11  0.2830E-10  0.6360E-10  0.8260E-10  0.9430E-10  0.1080E-09  0.1210E-09  0.1300E-09  0.1290E-09  0.1250E-09
  0.1000E+17  0.2320E-29  0.1120E-22  0.2360E-17  0.2180E-13  0.2030E-11  0.2770E-10  0.6170E-10  0.7990E-10  0.9100E-10  0.1040E-09  0.1160E-09  0.1250E-09  0.1240E-09  0.1210E-09
WAVELENGTH(A)= 
   148.929
 7 14 t 
excit   
    11.700     17.500     29.100     58.200    117.000    291.000    582.000    874.000   1170.000   1750.000   2910.000   5820.000  11700.000  17500.000 
  0.1000E+11  0.6640E-36  0.2230E-27  0.1350E-20  0.1440E-15  0.4060E-13  0.1010E-11  0.2740E-11  0.3840E-11  0.4550E-11  0.5520E-11  0.6510E-11  0.7420E-11  0.7720E-11  0.7620E-11
  0.1000E+12  0.6640E-36  0.2230E-27  0.1350E-20  0.1440E-15  0.4060E-13  0.1010E-11  0.2740E-11  0.3840E-11  0.4550E-11  0.5520E-11  0.6510E-11  0.7420E-11  0.7720E-11  0.7620E-11
  0.1000E+13  0.6640E-36  0.2230E-27  0.1350E-20  0.1440E-15  0.4060E-13  0.1010E-11  0.2740E-11  0.3840E-11  0.4550E-11  0.5520E-11  0.6510E-11  0.7420E-11  0.7720E-11  0.7620E-11
  0.1000E+14  0.6640E-36  0.2230E-27  0.1350E-20  0.1440E-15  0.4060E-13  0.1010E-11  0.2740E-11  0.3840E-11  0.4550E-11  0.5520E-11  0.6510E-11  0.7410E-11  0.7720E-11  0.7620E-11
  0.1000E+15  0.6640E-36  0.2230E-27  0.1350E-20  0.1440E-15  0.4060E-13  0.1010E-11  0.2740E-11  0.3830E-11  0.4540E-11  0.5510E-11  0.6500E-11  0.7400E-11  0.7710E-11  0.7610E-11
  0.1000E+16  0.6650E-36  0.2230E-27  0.1360E-20  0.1440E-15  0.4050E-13  0.9960E-12  0.2710E-11  0.3780E-11  0.4480E-11  0.5440E-11  0.6420E-11  0.7320E-11  0.7630E-11  0.7550E-11
  0.1000E+17  0.6670E-36  0.2240E-27  0.1360E-20  0.1440E-15  0.4010E-13  0.9730E-12  0.2620E-11  0.3660E-11  0.4330E-11  0.5240E-11  0.6170E-11  0.7040E-11  0.7350E-11  0.7270E-11
WAVELENGTH(A)= 
   149.183
 7 14 t 
excit   
    11.700     17.500     29.100     58.200    117.000    291.000    582.000    874.000   1170.000   1750.000   2910.000   5820.000  11700.000  17500.000 
  0.1000E+11  0.1000E-27  0.7500E-22  0.3450E-17  0.9540E-14  0.4380E-12  0.3550E-11  0.6100E-11  0.6840E-11  0.7020E-11  0.6900E-11  0.6360E-11  0.5330E-11  0.4290E-11  0.3730E-11
  0.1000E+12  0.1000E-27  0.7500E-22  0.3450E-17  0.9540E-14  0.4380E-12  0.3550E-11  0.6100E-11  0.6840E-11  0.7020E-11  0.6900E-11  0.6360E-11  0.5330E-11  0.4290E-11  0.3730E-11
  0.1000E+13  0.1000E-27  0.7500E-22  0.3450E-17  0.9540E-14  0.4380E-12  0.3550E-11  0.6100E-11  0.6840E-11  0.7020E-11  0.6900E-11  0.6360E-11  0.5330E-11  0.4290E-11  0.3730E-11
  0.1000E+14  0.1000E-27  0.7510E-22  0.3450E-17  0.9540E-14  0.4380E-12  0.3550E-11  0.6100E-11  0.6840E-11  0.7010E-11  0.6900E-11  0.6360E-11  0.5330E-11  0.4290E-11  0.3730E-11
  0.1000E+15  0.1000E-27  0.7510E-22  0.3450E-17  0.9550E-14  0.4380E-12  0.3540E-11  0.6100E-11  0.6830E-11  0.7010E-11  0.6890E-11  0.6350E-11  0.5320E-11  0.4280E-11  0.3720E-11
  0.1000E+16  0.1020E-27  0.7580E-22  0.3480E-17  0.9590E-14  0.4390E-12  0.3530E-11  0.6050E-11  0.6780E-11  0.6950E-11  0.6830E-11  0.6300E-11  0.5290E-11  0.4260E-11  0.3700E-11
  0.1000E+17  0.1110E-27  0.8120E-22  0.3620E-17  0.9760E-14  0.4400E-12  0.3500E-11  0.5950E-11  0.6640E-11  0.6800E-11  0.6670E-11  0.6140E-11  0.5150E-11  0.4150E-11  0.3610E-11
WAVELENGTH(A)= 
   155.091
 7 14 t 
excit   
    11.700     17.500     29.100     58.200    117.000    291.000    582.000    874.000   1170.000   1750.000   2910.000   5820.000  11700.000  17500.000 
  0.1000E+11  0.1480E-25  0.6500E-20  0.1950E-15  0.3900E-12  0.1540E-10  0.1180E-09  0.2050E-09  0.2340E-09  0.2440E-09  0.2460E-09  0.2380E-09  0.2110E-09  0.1800E-09  0.1620E-09
  0.1000E+12  0.1480E-25  0.6500E-20  0.1950E-15  0.3900E-12  0.1540E-10  0.1180E-09  0.2050E-09  0.2340E-09  0.2440E-09  0.2460E-09  0.2380E-09  0.2110E-09  0.1800E-09  0.1620E-09
  0.1000E+13  0.1480E-25  0.6500E-20  0.1950E-15  0.3900E-12  0.1540E-10  0.1180E-09  0.2050E-09  0.2340E-09  0.2440E-09  0.2460E-09  0.2380E-09  0.2110E-09  0.1800E-09  0.1620E-09
  0.1000E+14  0.1480E-25  0.6500E-20  0.1950E-15  0.3900E-12  0.1540E-10  0.1180E-09  0.2050E-09  0.2340E-09  0.2440E-09  0.2460E-09  0.2370E-09  0.2110E-09  0.1800E-09  0.1620E-09
  0.1000E+15  0.1480E-25  0.6500E-20  0.1950E-15  0.3890E-12  0.1540E-10  0.1180E-09  0.2040E-09  0.2330E-09  0.2430E-09  0.2460E-09  0.2370E-09  0.2110E-09  0.1800E-09  0.1620E-09
  0.1000E+16  0.1480E-25  0.6500E-20  0.1950E-15  0.3890E-12  0.1530E-10  0.1170E-09  0.2020E-09  0.2300E-09  0.2400E-09  0.2430E-09  0.2340E-09  0.2080E-09  0.1790E-09  0.1600E-09
  0.1000E+17  0.1480E-25  0.6500E-20  0.1950E-15  0.3880E-12  0.1520E-10  0.1140E-09  0.1960E-09  0.2220E-09  0.2320E-09  0.2340E-09  0.2250E-09  0.2000E-09  0.1720E-09  0.1550E-09
WAVELENGTH(A)= 
   155.204
 7 14 t 
excit   
    11.700     17.500     29.100     58.200    117.000    291.000    582.000    874.000   1170.000   1750.000   2910.000   5820.000  11700.000  17500.000 
  0.1000E+11  0.1490E-18  0.1490E-15  0.3890E-13  0.3000E-11  0.2840E-10  0.1040E-09  0.1480E-09  0.1600E-09  0.1620E-09  0.1600E-09  0.1510E-09  0.1320E-09  0.1120E-09  0.1000E-09
  0.1000E+12  0.1490E-18  0.1490E-15  0.3890E-13  0.3000E-11  0.2840E-10  0.1040E-09  0.1480E-09  0.1600E-09  0.1620E-09  0.1600E-09  0.1510E-09  0.1320E-09  0.1120E-09  0.1000E-09
  0.1000E+13  0.1490E-18  0.1490E-15  0.3900E-13  0.3000E-11  0.2840E-10  0.1040E-09  0.1480E-09  0.1600E-09  0.1620E-09  0.1600E-09  0.1510E-09  0.1320E-09  0.1120E-09  0.1000E-09
  0.1000E+14  0.1510E-18  0.1510E-15  0.3920E-13  0.3010E-11  0.2850E-10  0.1050E-09  0.1480E-09  0.1600E-09  0.1620E-09  0.1600E-09  0.1510E-09  0.1330E-09  0.1120E-09  0.1000E-09
  0.1000E+15  0.1690E-18  0.1660E-15  0.4200E-13  0.3140E-11  0.2940E-10  0.1080E-09  0.1520E-09  0.1640E-09  0.1660E-09  0.1630E-09  0.1530E-09  0.1340E-09  0.1130E-09  0.1010E-09
  0.1000E+16  0.3480E-18  0.3100E-15  0.6800E-13  0.4260E-11  0.3690E-10  0.1300E-09  0.1790E-09  0.1910E-09  0.1920E-09  0.1870E-09  0.1730E-09  0.1490E-09  0.1230E-09  0.1090E-09
  0.1000E+17  0.1770E-17  0.1420E-14  0.2230E-12  0.8460E-11  0.5760E-10  0.1820E-09  0.2450E-09  0.2580E-09  0.2580E-09  0.2510E-09  0.2310E-09  0.1970E-09  0.1620E-09  0.1420E-09
WAVELENGTH(A)= 
   160.834
 7 14 t 
excit   
    11.700     17.500     29.100     58.200    117.000    291.000    582.000    874.000   1170.000   1750.000   2910.000   5820.000  11700.000  17500.000 
  0.1000E+11  0.6740E-32  0.1160E-24  0.6490E-19  0.1150E-14  0.1300E-12  0.1790E-11  0.3730E-11  0.4490E-11  0.4800E-11  0.4940E-11  0.4740E-11  0.4070E-11  0.3270E-11  0.2820E-11
  0.1000E+12  0.6740E-32  0.1160E-24  0.6490E-19  0.1150E-14  0.1300E-12  0.1790E-11  0.3730E-11  0.4490E-11  0.4800E-11  0.4940E-11  0.4740E-11  0.4070E-11  0.3270E-11  0.2820E-11
  0.1000E+13  0.6740E-32  0.1160E-24  0.6490E-19  0.1150E-14  0.1300E-12  0.1790E-11  0.3730E-11  0.4490E-11  0.4800E-11  0.4940E-11  0.4740E-11  0.4070E-11  0.3270E-11  0.2820E-11
  0.1000E+14  0.6740E-32  0.1160E-24  0.6490E-19  0.1150E-14  0.1300E-12  0.1790E-11  0.3730E-11  0.4490E-11  0.4800E-11  0.4930E-11  0.4740E-11  0.4070E-11  0.3270E-11  0.2820E-11
  0.1000E+15  0.6740E-32  0.1160E-24  0.6490E-19  0.1150E-14  0.1300E-12  0.1790E-11  0.3720E-11  0.4480E-11  0.4790E-11  0.4930E-11  0.4730E-11  0.4060E-11  0.3270E-11  0.2820E-11
  0.1000E+16  0.6750E-32  0.1160E-24  0.6500E-19  0.1150E-14  0.1300E-12  0.1770E-11  0.3680E-11  0.4420E-11  0.4730E-11  0.4860E-11  0.4680E-11  0.4020E-11  0.3240E-11  0.2790E-11
  0.1000E+17  0.6780E-32  0.1160E-24  0.6520E-19  0.1150E-14  0.1290E-12  0.1730E-11  0.3570E-11  0.4280E-11  0.4570E-11  0.4690E-11  0.4510E-11  0.3870E-11  0.3120E-11  0.2690E-11
WAVELENGTH(A)= 
   191.370
 7 14 t 
excit   
    11.700     17.500     29.100     58.200    117.000    291.000    582.000    874.000   1170.000   1750.000   2910.000   5820.000  11700.000  17500.000 
  0.1000E+11  0.2270E-24  0.1570E-19  0.1060E-15  0.6950E-13  0.1560E-11  0.8640E-11  0.1430E-10  0.1660E-10  0.1770E-10  0.1890E-10  0.1950E-10  0.1900E-10  0.1750E-10  0.1640E-10
  0.1000E+12  0.2270E-24  0.1570E-19  0.1060E-15  0.6950E-13  0.1560E-11  0.8640E-11  0.1430E-10  0.1660E-10  0.1770E-10  0.1890E-10  0.1950E-10  0.1900E-10  0.1750E-10  0.1640E-10
  0.1000E+13  0.2270E-24  0.1570E-19  0.1060E-15  0.6950E-13  0.1560E-11  0.8640E-11  0.1430E-10  0.1660E-10  0.1770E-10  0.1890E-10  0.1950E-10  0.1900E-10  0.1750E-10  0.1640E-10
  0.1000E+14  0.2270E-24  0.1570E-19  0.1060E-15  0.6950E-13  0.1560E-11  0.8630E-11  0.1430E-10  0.1660E-10  0.1770E-10  0.1890E-10  0.1950E-10  0.1900E-10  0.1750E-10  0.1640E-10
  0.1000E+15  0.2270E-24  0.1570E-19  0.1060E-15  0.6950E-13  0.1550E-11  0.8620E-11  0.1420E-10  0.1660E-10  0.1770E-10  0.1880E-10  0.1940E-10  0.1900E-10  0.1750E-10  0.1640E-10
  0.1000E+16  0.2270E-24  0.1570E-19  0.1060E-15  0.6950E-13  0.1550E-11  0.8540E-11  0.1410E-10  0.1640E-10  0.1750E-10  0.1860E-10  0.1920E-10  0.1880E-10  0.1740E-10  0.1630E-10
  0.1000E+17  0.2270E-24  0.1570E-19  0.1060E-15  0.6920E-13  0.1530E-11  0.8340E-11  0.1360E-10  0.1580E-10  0.1680E-10  0.1790E-10  0.1850E-10  0.1810E-10  0.1670E-10  0.1570E-10
WAVELENGTH(A)= 
   191.826
 7 14 t 
excit   
    11.700     17.500     29.100     58.200    117.000    291.000    582.000    874.000   1170.000   1750.000   2910.000   5820.000  11700.000  17500.000 
  0.1000E+11  0.2680E-32  0.8240E-25  0.7340E-19  0.1830E-14  0.2460E-12  0.3720E-11  0.7880E-11  0.9490E-11  0.1010E-10  0.1030E-10  0.9790E-11  0.8320E-11  0.6630E-11  0.5710E-11
  0.1000E+12  0.2680E-32  0.8240E-25  0.7340E-19  0.1830E-14  0.2460E-12  0.3720E-11  0.7880E-11  0.9490E-11  0.1010E-10  0.1030E-10  0.9790E-11  0.8320E-11  0.6630E-11  0.5710E-11
  0.1000E+13  0.2680E-32  0.8240E-25  0.7340E-19  0.1830E-14  0.2460E-12  0.3720E-11  0.7870E-11  0.9490E-11  0.1010E-10  0.1030E-10  0.9790E-11  0.8320E-11  0.6630E-11  0.5710E-11
  0.1000E+14  0.2680E-32  0.8240E-25  0.7340E-19  0.1830E-14  0.2460E-12  0.3720E-11  0.7870E-11  0.9490E-11  0.1010E-10  0.1030E-10  0.9790E-11  0.8320E-11  0.6630E-11  0.5710E-11
  0.1000E+15  0.2680E-32  0.8240E-25  0.7340E-19  0.1830E-14  0.2460E-12  0.3710E-11  0.7860E-11  0.9470E-11  0.1010E-10  0.1030E-10  0.9770E-11  0.8310E-11  0.6620E-11  0.5700E-11
  0.1000E+16  0.2680E-32  0.8240E-25  0.7340E-19  0.1830E-14  0.2450E-12  0.3680E-11  0.7760E-11  0.9350E-11  0.9960E-11  0.1020E-10  0.9650E-11  0.8220E-11  0.6560E-11  0.5650E-11
  0.1000E+17  0.2690E-32  0.8250E-25  0.7340E-19  0.1830E-14  0.2420E-12  0.3590E-11  0.7530E-11  0.9030E-11  0.9610E-11  0.9800E-11  0.9300E-11  0.7910E-11  0.6320E-11  0.5450E-11
WAVELENGTH(A)= 
   291.466
 7 14 t 
excit   
    11.700     17.500     29.100     58.200    117.000    291.000    582.000    874.000   1170.000   1750.000   2910.000   5820.000  11700.000  17500.000 
  0.1000E+11  0.2180E-27  0.1630E-21  0.7480E-17  0.2070E-13  0.9490E-12  0.7690E-11  0.1320E-10  0.1480E-10  0.1520E-10  0.1500E-10  0.1380E-10  0.1160E-10  0.9300E-11  0.8080E-11
  0.1000E+12  0.2180E-27  0.1630E-21  0.7480E-17  0.2070E-13  0.9490E-12  0.7690E-11  0.1320E-10  0.1480E-10  0.1520E-10  0.1500E-10  0.1380E-10  0.1160E-10  0.9300E-11  0.8080E-11
  0.1000E+13  0.2180E-27  0.1630E-21  0.7480E-17  0.2070E-13  0.9490E-12  0.7690E-11  0.1320E-10  0.1480E-10  0.1520E-10  0.1500E-10  0.1380E-10  0.1160E-10  0.9300E-11  0.8080E-11
  0.1000E+14  0.2180E-27  0.1630E-21  0.7480E-17  0.2070E-13  0.9490E-12  0.7690E-11  0.1320E-10  0.1480E-10  0.1520E-10  0.1500E-10  0.1380E-10  0.1160E-10  0.9300E-11  0.8080E-11
  0.1000E+15  0.2180E-27  0.1630E-21  0.7480E-17  0.2070E-13  0.9500E-12  0.7690E-11  0.1320E-10  0.1480E-10  0.1520E-10  0.1490E-10  0.1380E-10  0.1160E-10  0.9290E-11  0.8080E-11
  0.1000E+16  0.2200E-27  0.1640E-21  0.7540E-17  0.2080E-13  0.9510E-12  0.7660E-11  0.1310E-10  0.1470E-10  0.1510E-10  0.1480E-10  0.1370E-10  0.1150E-10  0.9230E-11  0.8030E-11
  0.1000E+17  0.2400E-27  0.1760E-21  0.7860E-17  0.2120E-13  0.9550E-12  0.7590E-11  0.1290E-10  0.1440E-10  0.1470E-10  0.1450E-10  0.1330E-10  0.1120E-10  0.9000E-11  0.7830E-11
WAVELENGTH(A)= 
   291.811
 7 14 t 
excit   
    11.700     17.500     29.100     58.200    117.000    291.000    582.000    874.000   1170.000   1750.000   2910.000   5820.000  11700.000  17500.000 
  0.1000E+11  0.1440E-35  0.4830E-27  0.2940E-20  0.3130E-15  0.8810E-13  0.2180E-11  0.5950E-11  0.8330E-11  0.9880E-11  0.1200E-10  0.1410E-10  0.1610E-10  0.1670E-10  0.1650E-10
  0.1000E+12  0.1440E-35  0.4830E-27  0.2940E-20  0.3130E-15  0.8810E-13  0.2180E-11  0.5950E-11  0.8330E-11  0.9880E-11  0.1200E-10  0.1410E-10  0.1610E-10  0.1670E-10  0.1650E-10
  0.1000E+13  0.1440E-35  0.4830E-27  0.2940E-20  0.3130E-15  0.8810E-13  0.2180E-11  0.5950E-11  0.8330E-11  0.9880E-11  0.1200E-10  0.1410E-10  0.1610E-10  0.1670E-10  0.1650E-10
  0.1000E+14  0.1440E-35  0.4830E-27  0.2940E-20  0.3130E-15  0.8810E-13  0.2180E-11  0.5950E-11  0.8330E-11  0.9880E-11  0.1200E-10  0.1410E-10  0.1610E-10  0.1670E-10  0.1650E-10
  0.1000E+15  0.1440E-35  0.4830E-27  0.2940E-20  0.3130E-15  0.8810E-13  0.2180E-11  0.5940E-11  0.8310E-11  0.9860E-11  0.1200E-10  0.1410E-10  0.1610E-10  0.1670E-10  0.1650E-10
  0.1000E+16  0.1440E-35  0.4830E-27  0.2940E-20  0.3130E-15  0.8780E-13  0.2160E-11  0.5870E-11  0.8200E-11  0.9730E-11  0.1180E-10  0.1390E-10  0.1590E-10  0.1660E-10  0.1640E-10
  0.1000E+17  0.1450E-35  0.4850E-27  0.2950E-20  0.3130E-15  0.8700E-13  0.2110E-11  0.5690E-11  0.7930E-11  0.9390E-11  0.1140E-10  0.1340E-10  0.1530E-10  0.1590E-10  0.1580E-10
WAVELENGTH(A)= 
   306.020
 7 14 t 
excit   
    11.700     17.500     29.100     58.200    117.000    291.000    582.000    874.000   1170.000   1750.000   2910.000   5820.000  11700.000  17500.000 
  0.1000E+11  0.1040E-33  0.1030E-25  0.2360E-19  0.1210E-14  0.2340E-12  0.4390E-11  0.9910E-11  0.1220E-10  0.1320E-10  0.1360E-10  0.1330E-10  0.1170E-10  0.9730E-11  0.8610E-11
  0.1000E+12  0.1040E-33  0.1030E-25  0.2360E-19  0.1210E-14  0.2340E-12  0.4390E-11  0.9910E-11  0.1220E-10  0.1320E-10  0.1360E-10  0.1330E-10  0.1170E-10  0.9730E-11  0.8610E-11
  0.1000E+13  0.1040E-33  0.1030E-25  0.2360E-19  0.1210E-14  0.2340E-12  0.4390E-11  0.9910E-11  0.1220E-10  0.1320E-10  0.1360E-10  0.1330E-10  0.1170E-10  0.9730E-11  0.8610E-11
  0.1000E+14  0.1040E-33  0.1030E-25  0.2360E-19  0.1210E-14  0.2340E-12  0.4390E-11  0.9910E-11  0.1220E-10  0.1320E-10  0.1360E-10  0.1330E-10  0.1170E-10  0.9730E-11  0.8610E-11
  0.1000E+15  0.1040E-33  0.1030E-25  0.2360E-19  0.1210E-14  0.2340E-12  0.4380E-11  0.9890E-11  0.1220E-10  0.1310E-10  0.1360E-10  0.1320E-10  0.1160E-10  0.9720E-11  0.8600E-11
  0.1000E+16  0.1040E-33  0.1030E-25  0.2360E-19  0.1210E-14  0.2330E-12  0.4340E-11  0.9770E-11  0.1200E-10  0.1300E-10  0.1340E-10  0.1310E-10  0.1150E-10  0.9630E-11  0.8520E-11
  0.1000E+17  0.1040E-33  0.1030E-25  0.2360E-19  0.1210E-14  0.2300E-12  0.4240E-11  0.9470E-11  0.1160E-10  0.1250E-10  0.1290E-10  0.1260E-10  0.1110E-10  0.9270E-11  0.8210E-11
WAVELENGTH(A)= 
   306.205
 7 14 t 
excit   
    11.700     17.500     29.100     58.200    117.000    291.000    582.000    874.000   1170.000   1750.000   2910.000   5820.000  11700.000  17500.000 
  0.1000E+11  0.6500E-27  0.1610E-21  0.3480E-17  0.6330E-14  0.2520E-12  0.1940E-11  0.3360E-11  0.3820E-11  0.3960E-11  0.3980E-11  0.3780E-11  0.3310E-11  0.2780E-11  0.2480E-11
  0.1000E+12  0.6500E-27  0.1610E-21  0.3480E-17  0.6330E-14  0.2520E-12  0.1940E-11  0.3360E-11  0.3820E-11  0.3960E-11  0.3980E-11  0.3780E-11  0.3310E-11  0.2780E-11  0.2480E-11
  0.1000E+13  0.6500E-27  0.1610E-21  0.3480E-17  0.6330E-14  0.2520E-12  0.1940E-11  0.3360E-11  0.3820E-11  0.3960E-11  0.3980E-11  0.3780E-11  0.3310E-11  0.2780E-11  0.2480E-11
  0.1000E+14  0.6510E-27  0.1610E-21  0.3480E-17  0.6340E-14  0.2520E-12  0.1940E-11  0.3360E-11  0.3820E-11  0.3960E-11  0.3980E-11  0.3780E-11  0.3310E-11  0.2780E-11  0.2480E-11
  0.1000E+15  0.6610E-27  0.1620E-21  0.3510E-17  0.6370E-14  0.2530E-12  0.1950E-11  0.3370E-11  0.3820E-11  0.3970E-11  0.3990E-11  0.3780E-11  0.3320E-11  0.2790E-11  0.2480E-11
  0.1000E+16  0.7520E-27  0.1790E-21  0.3740E-17  0.6630E-14  0.2610E-12  0.2000E-11  0.3430E-11  0.3880E-11  0.4020E-11  0.4030E-11  0.3820E-11  0.3340E-11  0.2800E-11  0.2500E-11
  0.1000E+17  0.1490E-26  0.3090E-21  0.5140E-17  0.7610E-14  0.2830E-12  0.2110E-11  0.3580E-11  0.4030E-11  0.4160E-11  0.4160E-11  0.3920E-11  0.3420E-11  0.2860E-11  0.2550E-11
WAVELENGTH(A)= 
   378.764
 7 14 t 
excit   
    11.700     17.500     29.100     58.200    117.000    291.000    582.000    874.000   1170.000   1750.000   2910.000   5820.000  11700.000  17500.000 
  0.1000E+11  0.2190E-29  0.4160E-23  0.4000E-18  0.1920E-14  0.1140E-12  0.1110E-11  0.2130E-11  0.2580E-11  0.2800E-11  0.2990E-11  0.3090E-11  0.3010E-11  0.2760E-11  0.2570E-11
  0.1000E+12  0.2190E-29  0.4160E-23  0.4000E-18  0.1920E-14  0.1140E-12  0.1110E-11  0.2130E-11  0.2580E-11  0.2800E-11  0.2990E-11  0.3090E-11  0.3010E-11  0.2760E-11  0.2570E-11
  0.1000E+13  0.2190E-29  0.4160E-23  0.4000E-18  0.1920E-14  0.1140E-12  0.1110E-11  0.2130E-11  0.2580E-11  0.2800E-11  0.2990E-11  0.3090E-11  0.3010E-11  0.2760E-11  0.2570E-11
  0.1000E+14  0.2190E-29  0.4160E-23  0.4000E-18  0.1920E-14  0.1140E-12  0.1110E-11  0.2130E-11  0.2580E-11  0.2800E-11  0.2990E-11  0.3090E-11  0.3010E-11  0.2760E-11  0.2570E-11
  0.1000E+15  0.2190E-29  0.4160E-23  0.4000E-18  0.1920E-14  0.1140E-12  0.1110E-11  0.2130E-11  0.2570E-11  0.2790E-11  0.2990E-11  0.3080E-11  0.3000E-11  0.2760E-11  0.2570E-11
  0.1000E+16  0.2190E-29  0.4160E-23  0.4000E-18  0.1910E-14  0.1140E-12  0.1100E-11  0.2100E-11  0.2540E-11  0.2750E-11  0.2950E-11  0.3040E-11  0.2970E-11  0.2730E-11  0.2550E-11
  0.1000E+17  0.2190E-29  0.4160E-23  0.4000E-18  0.1910E-14  0.1130E-12  0.1070E-11  0.2040E-11  0.2450E-11  0.2660E-11  0.2840E-11  0.2930E-11  0.2860E-11  0.2630E-11  0.2460E-11
