 50  7 14
WAVELENGTH(A)= 
     1.031
 7 14 t 
excit   
    68.400    103.000    171.000    342.000    684.000   1710.000   3420.000   5130.000   6840.000  10300.000  17100.000  34200.000  68400.000 103000.000 
  0.1000E+11  0.1000E-73  0.1000E-73  0.1000E-73  0.1890E-26  0.5800E-19  0.1440E-14  0.3520E-13  0.9490E-13  0.1520E-12  0.2320E-12  0.3100E-12  0.3590E-12  0.3630E-12  0.3510E-12
  0.1000E+12  0.1000E-73  0.1000E-73  0.2000E-41  0.1890E-26  0.5800E-19  0.1440E-14  0.3520E-13  0.9490E-13  0.1520E-12  0.2320E-12  0.3100E-12  0.3590E-12  0.3630E-12  0.3510E-12
  0.1000E+13  0.1000E-73  0.1000E-73  0.1400E-41  0.1890E-26  0.5800E-19  0.1440E-14  0.3520E-13  0.9490E-13  0.1520E-12  0.2320E-12  0.3100E-12  0.3590E-12  0.3630E-12  0.3510E-12
  0.1000E+14  0.1000E-73  0.1000E-73  0.1420E-41  0.1890E-26  0.5800E-19  0.1440E-14  0.3520E-13  0.9490E-13  0.1520E-12  0.2320E-12  0.3100E-12  0.3590E-12  0.3630E-12  0.3510E-12
  0.1000E+15  0.1000E-73  0.1000E-73  0.1430E-41  0.1890E-26  0.5800E-19  0.1440E-14  0.3520E-13  0.9490E-13  0.1520E-12  0.2320E-12  0.3100E-12  0.3590E-12  0.3630E-12  0.3510E-12
  0.1000E+16  0.1000E-73  0.1000E-73  0.1430E-41  0.1890E-26  0.5790E-19  0.1440E-14  0.3520E-13  0.9490E-13  0.1520E-12  0.2320E-12  0.3100E-12  0.3590E-12  0.3630E-12  0.3510E-12
  0.1000E+17  0.1000E-73  0.1000E-73  0.1430E-41  0.1890E-26  0.5790E-19  0.1440E-14  0.3520E-13  0.9480E-13  0.1520E-12  0.2320E-12  0.3100E-12  0.3590E-12  0.3630E-12  0.3510E-12
WAVELENGTH(A)= 
     1.053
 7 14 t 
excit   
    68.400    103.000    171.000    342.000    684.000   1710.000   3420.000   5130.000   6840.000  10300.000  17100.000  34200.000  68400.000 103000.000 
  0.1000E+11  0.1000E-73  0.1000E-73  0.1000E-73  0.1260E-25  0.2700E-18  0.5390E-14  0.1230E-12  0.3260E-12  0.5140E-12  0.7800E-12  0.1030E-11  0.1190E-11  0.1180E-11  0.1140E-11
  0.1000E+12  0.1000E-73  0.1000E-73  0.2570E-40  0.1260E-25  0.2700E-18  0.5390E-14  0.1230E-12  0.3260E-12  0.5140E-12  0.7800E-12  0.1030E-11  0.1190E-11  0.1180E-11  0.1140E-11
  0.1000E+13  0.1000E-73  0.1000E-73  0.1930E-40  0.1260E-25  0.2700E-18  0.5390E-14  0.1230E-12  0.3260E-12  0.5140E-12  0.7800E-12  0.1030E-11  0.1190E-11  0.1180E-11  0.1140E-11
  0.1000E+14  0.1000E-73  0.1000E-73  0.1970E-40  0.1260E-25  0.2700E-18  0.5390E-14  0.1230E-12  0.3260E-12  0.5140E-12  0.7800E-12  0.1030E-11  0.1190E-11  0.1180E-11  0.1140E-11
  0.1000E+15  0.1000E-73  0.1000E-73  0.1970E-40  0.1260E-25  0.2700E-18  0.5390E-14  0.1230E-12  0.3260E-12  0.5140E-12  0.7800E-12  0.1030E-11  0.1190E-11  0.1180E-11  0.1140E-11
  0.1000E+16  0.1000E-73  0.1000E-73  0.1970E-40  0.1260E-25  0.2700E-18  0.5390E-14  0.1230E-12  0.3260E-12  0.5140E-12  0.7800E-12  0.1030E-11  0.1190E-11  0.1180E-11  0.1140E-11
  0.1000E+17  0.1000E-73  0.1000E-73  0.1970E-40  0.1260E-25  0.2700E-18  0.5390E-14  0.1230E-12  0.3260E-12  0.5140E-12  0.7790E-12  0.1030E-11  0.1190E-11  0.1180E-11  0.1140E-11
WAVELENGTH(A)= 
     1.136
 7 14 t 
excit   
    68.400    103.000    171.000    342.000    684.000   1710.000   3420.000   5130.000   6840.000  10300.000  17100.000  34200.000  68400.000 103000.000 
  0.1000E+11  0.1000E-73  0.1000E-73  0.2740E-38  0.1410E-24  0.8520E-18  0.7840E-14  0.1360E-12  0.3250E-12  0.4840E-12  0.6840E-12  0.8340E-12  0.8470E-12  0.7350E-12  0.6500E-12
  0.1000E+12  0.1000E-73  0.1000E-73  0.2740E-38  0.1410E-24  0.8520E-18  0.7840E-14  0.1360E-12  0.3250E-12  0.4840E-12  0.6840E-12  0.8340E-12  0.8470E-12  0.7350E-12  0.6500E-12
  0.1000E+13  0.1000E-73  0.1000E-73  0.2740E-38  0.1410E-24  0.8520E-18  0.7840E-14  0.1360E-12  0.3250E-12  0.4840E-12  0.6840E-12  0.8340E-12  0.8470E-12  0.7350E-12  0.6500E-12
  0.1000E+14  0.1000E-73  0.1000E-73  0.2740E-38  0.1410E-24  0.8520E-18  0.7840E-14  0.1360E-12  0.3250E-12  0.4840E-12  0.6840E-12  0.8340E-12  0.8470E-12  0.7350E-12  0.6500E-12
  0.1000E+15  0.1000E-73  0.1000E-73  0.2740E-38  0.1410E-24  0.8520E-18  0.7840E-14  0.1360E-12  0.3250E-12  0.4840E-12  0.6840E-12  0.8340E-12  0.8470E-12  0.7350E-12  0.6500E-12
  0.1000E+16  0.1000E-73  0.1000E-73  0.2740E-38  0.1410E-24  0.8520E-18  0.7840E-14  0.1360E-12  0.3250E-12  0.4840E-12  0.6840E-12  0.8340E-12  0.8470E-12  0.7350E-12  0.6500E-12
  0.1000E+17  0.1000E-73  0.1000E-73  0.2740E-38  0.1410E-24  0.8510E-18  0.7840E-14  0.1360E-12  0.3250E-12  0.4840E-12  0.6840E-12  0.8340E-12  0.8470E-12  0.7350E-12  0.6500E-12
WAVELENGTH(A)= 
     1.142
 7 14 t 
excit   
    68.400    103.000    171.000    342.000    684.000   1710.000   3420.000   5130.000   6840.000  10300.000  17100.000  34200.000  68400.000 103000.000 
  0.1000E+11  0.1000E-73  0.1000E-73  0.1100E-38  0.4830E-25  0.2690E-18  0.2370E-14  0.4080E-13  0.9760E-13  0.1450E-12  0.2060E-12  0.2520E-12  0.2580E-12  0.2250E-12  0.2000E-12
  0.1000E+12  0.1000E-73  0.1000E-73  0.1100E-38  0.4830E-25  0.2690E-18  0.2370E-14  0.4080E-13  0.9760E-13  0.1450E-12  0.2060E-12  0.2520E-12  0.2580E-12  0.2250E-12  0.2000E-12
  0.1000E+13  0.1000E-73  0.1000E-73  0.1100E-38  0.4830E-25  0.2690E-18  0.2370E-14  0.4080E-13  0.9760E-13  0.1450E-12  0.2060E-12  0.2520E-12  0.2580E-12  0.2250E-12  0.2000E-12
  0.1000E+14  0.1000E-73  0.1000E-73  0.1100E-38  0.4830E-25  0.2690E-18  0.2370E-14  0.4080E-13  0.9760E-13  0.1450E-12  0.2060E-12  0.2520E-12  0.2580E-12  0.2250E-12  0.2000E-12
  0.1000E+15  0.1000E-73  0.1000E-73  0.1100E-38  0.4830E-25  0.2690E-18  0.2370E-14  0.4080E-13  0.9760E-13  0.1450E-12  0.2060E-12  0.2520E-12  0.2580E-12  0.2250E-12  0.2000E-12
  0.1000E+16  0.1000E-73  0.1000E-73  0.1100E-38  0.4830E-25  0.2680E-18  0.2370E-14  0.4080E-13  0.9760E-13  0.1450E-12  0.2060E-12  0.2520E-12  0.2580E-12  0.2250E-12  0.2000E-12
  0.1000E+17  0.1000E-73  0.1000E-73  0.1100E-38  0.4830E-25  0.2680E-18  0.2370E-14  0.4080E-13  0.9760E-13  0.1450E-12  0.2060E-12  0.2520E-12  0.2580E-12  0.2250E-12  0.2000E-12
WAVELENGTH(A)= 
     1.166
 7 14 t 
excit   
    68.400    103.000    171.000    342.000    684.000   1710.000   3420.000   5130.000   6840.000  10300.000  17100.000  34200.000  68400.000 103000.000 
  0.1000E+11  0.1000E-73  0.1000E-73  0.5250E-38  0.1190E-24  0.4840E-18  0.3980E-14  0.7670E-13  0.1990E-12  0.3140E-12  0.4830E-12  0.6590E-12  0.7990E-12  0.8420E-12  0.8370E-12
  0.1000E+12  0.1000E-73  0.1000E-73  0.5260E-38  0.1190E-24  0.4840E-18  0.3980E-14  0.7670E-13  0.1990E-12  0.3140E-12  0.4830E-12  0.6590E-12  0.7990E-12  0.8420E-12  0.8370E-12
  0.1000E+13  0.1000E-73  0.1000E-73  0.5260E-38  0.1190E-24  0.4840E-18  0.3980E-14  0.7670E-13  0.1990E-12  0.3140E-12  0.4830E-12  0.6590E-12  0.7990E-12  0.8420E-12  0.8370E-12
  0.1000E+14  0.1000E-73  0.1000E-73  0.5260E-38  0.1190E-24  0.4840E-18  0.3980E-14  0.7670E-13  0.1990E-12  0.3140E-12  0.4830E-12  0.6590E-12  0.7990E-12  0.8420E-12  0.8370E-12
  0.1000E+15  0.1000E-73  0.1000E-73  0.5260E-38  0.1190E-24  0.4840E-18  0.3980E-14  0.7670E-13  0.1990E-12  0.3140E-12  0.4830E-12  0.6590E-12  0.7990E-12  0.8420E-12  0.8370E-12
  0.1000E+16  0.1000E-73  0.1000E-73  0.5260E-38  0.1190E-24  0.4840E-18  0.3980E-14  0.7670E-13  0.1990E-12  0.3140E-12  0.4830E-12  0.6590E-12  0.7990E-12  0.8420E-12  0.8370E-12
  0.1000E+17  0.1000E-73  0.1000E-73  0.5260E-38  0.1190E-24  0.4840E-18  0.3970E-14  0.7670E-13  0.1990E-12  0.3140E-12  0.4830E-12  0.6580E-12  0.7990E-12  0.8420E-12  0.8360E-12
WAVELENGTH(A)= 
     1.186
 7 14 t 
excit   
    68.400    103.000    171.000    342.000    684.000   1710.000   3420.000   5130.000   6840.000  10300.000  17100.000  34200.000  68400.000 103000.000 
  0.1000E+11  0.1000E-73  0.1000E-73  0.1390E-37  0.2070E-24  0.7110E-18  0.5110E-14  0.8980E-13  0.2230E-12  0.3430E-12  0.5130E-12  0.6820E-12  0.7980E-12  0.8160E-12  0.7990E-12
  0.1000E+12  0.1000E-73  0.1000E-73  0.1390E-37  0.2070E-24  0.7110E-18  0.5110E-14  0.8980E-13  0.2230E-12  0.3430E-12  0.5130E-12  0.6820E-12  0.7980E-12  0.8160E-12  0.7990E-12
  0.1000E+13  0.1000E-73  0.1000E-73  0.1390E-37  0.2070E-24  0.7110E-18  0.5110E-14  0.8980E-13  0.2230E-12  0.3430E-12  0.5130E-12  0.6820E-12  0.7980E-12  0.8160E-12  0.7990E-12
  0.1000E+14  0.1000E-73  0.1000E-73  0.1390E-37  0.2070E-24  0.7110E-18  0.5110E-14  0.8980E-13  0.2230E-12  0.3430E-12  0.5130E-12  0.6820E-12  0.7980E-12  0.8160E-12  0.7990E-12
  0.1000E+15  0.1000E-73  0.1000E-73  0.1390E-37  0.2070E-24  0.7110E-18  0.5110E-14  0.8980E-13  0.2230E-12  0.3430E-12  0.5130E-12  0.6820E-12  0.7980E-12  0.8160E-12  0.7990E-12
  0.1000E+16  0.1000E-73  0.1000E-73  0.1390E-37  0.2070E-24  0.7110E-18  0.5110E-14  0.8980E-13  0.2230E-12  0.3430E-12  0.5130E-12  0.6820E-12  0.7980E-12  0.8160E-12  0.7990E-12
  0.1000E+17  0.1000E-73  0.1000E-73  0.1390E-37  0.2070E-24  0.7110E-18  0.5110E-14  0.8980E-13  0.2230E-12  0.3430E-12  0.5130E-12  0.6820E-12  0.7980E-12  0.8160E-12  0.7990E-12
WAVELENGTH(A)= 
     1.227
 7 14 t 
excit   
    68.400    103.000    171.000    342.000    684.000   1710.000   3420.000   5130.000   6840.000  10300.000  17100.000  34200.000  68400.000 103000.000 
  0.1000E+11  0.1000E-73  0.1000E-73  0.3730E-37  0.1780E-24  0.3300E-18  0.1560E-14  0.2290E-13  0.5300E-13  0.7780E-13  0.1100E-12  0.1340E-12  0.1390E-12  0.1230E-12  0.1090E-12
  0.1000E+12  0.1000E-73  0.1000E-73  0.3730E-37  0.1780E-24  0.3300E-18  0.1560E-14  0.2290E-13  0.5300E-13  0.7780E-13  0.1100E-12  0.1340E-12  0.1390E-12  0.1230E-12  0.1090E-12
  0.1000E+13  0.1000E-73  0.1000E-73  0.3730E-37  0.1780E-24  0.3300E-18  0.1560E-14  0.2290E-13  0.5300E-13  0.7780E-13  0.1100E-12  0.1340E-12  0.1390E-12  0.1230E-12  0.1090E-12
  0.1000E+14  0.1000E-73  0.1000E-73  0.3730E-37  0.1780E-24  0.3300E-18  0.1560E-14  0.2290E-13  0.5300E-13  0.7780E-13  0.1100E-12  0.1340E-12  0.1390E-12  0.1230E-12  0.1090E-12
  0.1000E+15  0.1000E-73  0.1000E-73  0.3730E-37  0.1780E-24  0.3300E-18  0.1560E-14  0.2290E-13  0.5300E-13  0.7780E-13  0.1100E-12  0.1340E-12  0.1390E-12  0.1230E-12  0.1090E-12
  0.1000E+16  0.1000E-73  0.1000E-73  0.3730E-37  0.1780E-24  0.3300E-18  0.1560E-14  0.2290E-13  0.5300E-13  0.7780E-13  0.1100E-12  0.1340E-12  0.1390E-12  0.1230E-12  0.1090E-12
  0.1000E+17  0.1000E-73  0.1000E-73  0.3730E-37  0.1780E-24  0.3300E-18  0.1560E-14  0.2290E-13  0.5300E-13  0.7780E-13  0.1100E-12  0.1340E-12  0.1390E-12  0.1230E-12  0.1090E-12
WAVELENGTH(A)= 
     1.275
 7 14 t 
excit   
    68.400    103.000    171.000    342.000    684.000   1710.000   3420.000   5130.000   6840.000  10300.000  17100.000  34200.000  68400.000 103000.000 
  0.1000E+11  0.1000E-73  0.1000E-73  0.5020E-36  0.8030E-24  0.8700E-18  0.3260E-14  0.4850E-13  0.1150E-12  0.1730E-12  0.2510E-12  0.3230E-12  0.3620E-12  0.3530E-12  0.3350E-12
  0.1000E+12  0.1000E-73  0.1000E-73  0.5020E-36  0.8030E-24  0.8700E-18  0.3260E-14  0.4850E-13  0.1150E-12  0.1730E-12  0.2510E-12  0.3230E-12  0.3620E-12  0.3530E-12  0.3350E-12
  0.1000E+13  0.1000E-73  0.1000E-73  0.5020E-36  0.8030E-24  0.8700E-18  0.3260E-14  0.4850E-13  0.1150E-12  0.1730E-12  0.2510E-12  0.3230E-12  0.3620E-12  0.3530E-12  0.3350E-12
  0.1000E+14  0.1000E-73  0.1000E-73  0.5020E-36  0.8030E-24  0.8700E-18  0.3260E-14  0.4850E-13  0.1150E-12  0.1730E-12  0.2510E-12  0.3230E-12  0.3620E-12  0.3530E-12  0.3350E-12
  0.1000E+15  0.1000E-73  0.1000E-73  0.5020E-36  0.8030E-24  0.8700E-18  0.3260E-14  0.4850E-13  0.1150E-12  0.1730E-12  0.2510E-12  0.3230E-12  0.3620E-12  0.3530E-12  0.3350E-12
  0.1000E+16  0.1000E-73  0.1000E-73  0.5020E-36  0.8030E-24  0.8700E-18  0.3260E-14  0.4850E-13  0.1150E-12  0.1730E-12  0.2510E-12  0.3230E-12  0.3620E-12  0.3530E-12  0.3350E-12
  0.1000E+17  0.1000E-73  0.1000E-73  0.5020E-36  0.8030E-24  0.8700E-18  0.3260E-14  0.4850E-13  0.1150E-12  0.1720E-12  0.2510E-12  0.3230E-12  0.3620E-12  0.3530E-12  0.3350E-12
WAVELENGTH(A)= 
     1.334
 7 14 t 
excit   
    68.400    103.000    171.000    342.000    684.000   1710.000   3420.000   5130.000   6840.000  10300.000  17100.000  34200.000  68400.000 103000.000 
  0.1000E+11  0.1000E-73  0.1000E-73  0.1380E-34  0.6210E-23  0.3530E-17  0.8170E-14  0.9460E-13  0.2010E-12  0.2830E-12  0.3820E-12  0.4500E-12  0.4560E-12  0.4040E-12  0.3630E-12
  0.1000E+12  0.1000E-73  0.1000E-73  0.1380E-34  0.6210E-23  0.3530E-17  0.8170E-14  0.9460E-13  0.2010E-12  0.2830E-12  0.3820E-12  0.4500E-12  0.4560E-12  0.4040E-12  0.3630E-12
  0.1000E+13  0.1000E-73  0.1000E-73  0.1380E-34  0.6210E-23  0.3530E-17  0.8170E-14  0.9460E-13  0.2010E-12  0.2830E-12  0.3820E-12  0.4500E-12  0.4560E-12  0.4040E-12  0.3630E-12
  0.1000E+14  0.1000E-73  0.1000E-73  0.1380E-34  0.6210E-23  0.3530E-17  0.8170E-14  0.9460E-13  0.2010E-12  0.2830E-12  0.3820E-12  0.4500E-12  0.4560E-12  0.4040E-12  0.3630E-12
  0.1000E+15  0.1000E-73  0.1000E-73  0.1380E-34  0.6210E-23  0.3530E-17  0.8170E-14  0.9460E-13  0.2010E-12  0.2830E-12  0.3820E-12  0.4500E-12  0.4560E-12  0.4040E-12  0.3630E-12
  0.1000E+16  0.1000E-73  0.1000E-73  0.1380E-34  0.6210E-23  0.3530E-17  0.8170E-14  0.9460E-13  0.2010E-12  0.2830E-12  0.3820E-12  0.4500E-12  0.4560E-12  0.4040E-12  0.3630E-12
  0.1000E+17  0.1000E-73  0.1000E-73  0.1380E-34  0.6210E-23  0.3530E-17  0.8170E-14  0.9450E-13  0.2010E-12  0.2830E-12  0.3820E-12  0.4500E-12  0.4560E-12  0.4040E-12  0.3630E-12
WAVELENGTH(A)= 
     1.342
 7 14 t 
excit   
    68.400    103.000    171.000    342.000    684.000   1710.000   3420.000   5130.000   6840.000  10300.000  17100.000  34200.000  68400.000 103000.000 
  0.1000E+11  0.1000E-73  0.1000E-73  0.1450E-33  0.5660E-22  0.2980E-16  0.6450E-13  0.7150E-12  0.1500E-11  0.2110E-11  0.2890E-11  0.3550E-11  0.3930E-11  0.3900E-11  0.3770E-11
  0.1000E+12  0.1000E-73  0.1000E-73  0.1450E-33  0.5660E-22  0.2980E-16  0.6450E-13  0.7150E-12  0.1500E-11  0.2110E-11  0.2890E-11  0.3550E-11  0.3930E-11  0.3900E-11  0.3770E-11
  0.1000E+13  0.1000E-73  0.1000E-73  0.1450E-33  0.5660E-22  0.2980E-16  0.6450E-13  0.7150E-12  0.1500E-11  0.2110E-11  0.2890E-11  0.3550E-11  0.3930E-11  0.3900E-11  0.3770E-11
  0.1000E+14  0.1000E-73  0.1000E-73  0.1450E-33  0.5660E-22  0.2980E-16  0.6450E-13  0.7150E-12  0.1500E-11  0.2110E-11  0.2890E-11  0.3550E-11  0.3930E-11  0.3900E-11  0.3770E-11
  0.1000E+15  0.1000E-73  0.1000E-73  0.1450E-33  0.5660E-22  0.2980E-16  0.6450E-13  0.7150E-12  0.1500E-11  0.2110E-11  0.2890E-11  0.3550E-11  0.3930E-11  0.3900E-11  0.3770E-11
  0.1000E+16  0.1000E-73  0.1000E-73  0.1450E-33  0.5660E-22  0.2980E-16  0.6450E-13  0.7150E-12  0.1500E-11  0.2110E-11  0.2890E-11  0.3550E-11  0.3930E-11  0.3900E-11  0.3770E-11
  0.1000E+17  0.1000E-73  0.1000E-73  0.1450E-33  0.5660E-22  0.2980E-16  0.6450E-13  0.7150E-12  0.1500E-11  0.2110E-11  0.2890E-11  0.3550E-11  0.3930E-11  0.3900E-11  0.3770E-11
WAVELENGTH(A)= 
     1.373
 7 14 t 
excit   
    68.400    103.000    171.000    342.000    684.000   1710.000   3420.000   5130.000   6840.000  10300.000  17100.000  34200.000  68400.000 103000.000 
  0.1000E+11  0.1000E-73  0.1000E-73  0.9320E-33  0.1950E-21  0.7470E-16  0.1350E-12  0.1410E-11  0.2910E-11  0.4070E-11  0.5540E-11  0.6800E-11  0.7580E-11  0.7540E-11  0.7280E-11
  0.1000E+12  0.1000E-73  0.1000E-73  0.9320E-33  0.1950E-21  0.7470E-16  0.1350E-12  0.1410E-11  0.2910E-11  0.4070E-11  0.5540E-11  0.6800E-11  0.7580E-11  0.7540E-11  0.7280E-11
  0.1000E+13  0.1000E-73  0.1000E-73  0.9320E-33  0.1950E-21  0.7470E-16  0.1350E-12  0.1410E-11  0.2910E-11  0.4070E-11  0.5540E-11  0.6800E-11  0.7580E-11  0.7540E-11  0.7280E-11
  0.1000E+14  0.1000E-73  0.1000E-73  0.9320E-33  0.1950E-21  0.7470E-16  0.1350E-12  0.1410E-11  0.2910E-11  0.4070E-11  0.5540E-11  0.6800E-11  0.7580E-11  0.7540E-11  0.7280E-11
  0.1000E+15  0.1000E-73  0.1000E-73  0.9320E-33  0.1950E-21  0.7470E-16  0.1350E-12  0.1410E-11  0.2910E-11  0.4070E-11  0.5530E-11  0.6800E-11  0.7580E-11  0.7540E-11  0.7280E-11
  0.1000E+16  0.1000E-73  0.1000E-73  0.9320E-33  0.1950E-21  0.7470E-16  0.1350E-12  0.1410E-11  0.2910E-11  0.4070E-11  0.5530E-11  0.6800E-11  0.7580E-11  0.7540E-11  0.7280E-11
  0.1000E+17  0.1000E-73  0.1000E-73  0.9320E-33  0.1950E-21  0.7470E-16  0.1350E-12  0.1410E-11  0.2910E-11  0.4070E-11  0.5530E-11  0.6800E-11  0.7580E-11  0.7540E-11  0.7280E-11
WAVELENGTH(A)= 
     1.410
 7 14 t 
excit   
    68.400    103.000    171.000    342.000    684.000   1710.000   3420.000   5130.000   6840.000  10300.000  17100.000  34200.000  68400.000 103000.000 
  0.1000E+11  0.1000E-73  0.1000E-73  0.8610E-34  0.8940E-23  0.2480E-17  0.4270E-14  0.5230E-13  0.1180E-12  0.1720E-12  0.2440E-12  0.3020E-12  0.3220E-12  0.2990E-12  0.2770E-12
  0.1000E+12  0.1000E-73  0.1000E-73  0.8610E-34  0.8940E-23  0.2480E-17  0.4270E-14  0.5230E-13  0.1180E-12  0.1720E-12  0.2440E-12  0.3020E-12  0.3220E-12  0.2990E-12  0.2770E-12
  0.1000E+13  0.1000E-73  0.1000E-73  0.8610E-34  0.8940E-23  0.2480E-17  0.4270E-14  0.5230E-13  0.1180E-12  0.1720E-12  0.2440E-12  0.3020E-12  0.3220E-12  0.2990E-12  0.2770E-12
  0.1000E+14  0.1000E-73  0.1000E-73  0.8610E-34  0.8940E-23  0.2480E-17  0.4270E-14  0.5230E-13  0.1180E-12  0.1720E-12  0.2440E-12  0.3020E-12  0.3220E-12  0.2990E-12  0.2770E-12
  0.1000E+15  0.1000E-73  0.1000E-73  0.8610E-34  0.8940E-23  0.2480E-17  0.4270E-14  0.5230E-13  0.1180E-12  0.1720E-12  0.2440E-12  0.3020E-12  0.3220E-12  0.2990E-12  0.2770E-12
  0.1000E+16  0.1000E-73  0.1000E-73  0.8610E-34  0.8940E-23  0.2480E-17  0.4270E-14  0.5230E-13  0.1180E-12  0.1720E-12  0.2440E-12  0.3020E-12  0.3220E-12  0.2990E-12  0.2770E-12
  0.1000E+17  0.1000E-73  0.1560E-48  0.8610E-34  0.8940E-23  0.2480E-17  0.4270E-14  0.5230E-13  0.1180E-12  0.1720E-12  0.2440E-12  0.3020E-12  0.3220E-12  0.2990E-12  0.2770E-12
WAVELENGTH(A)= 
     1.474
 7 14 t 
excit   
    68.400    103.000    171.000    342.000    684.000   1710.000   3420.000   5130.000   6840.000  10300.000  17100.000  34200.000  68400.000 103000.000 
  0.1000E+11  0.1000E-73  0.1000E-73  0.3120E-33  0.2970E-22  0.7720E-17  0.1080E-13  0.1020E-12  0.1990E-12  0.2690E-12  0.3450E-12  0.3900E-12  0.3750E-12  0.3170E-12  0.2780E-12
  0.1000E+12  0.1000E-73  0.1000E-73  0.3120E-33  0.2970E-22  0.7720E-17  0.1080E-13  0.1020E-12  0.1990E-12  0.2690E-12  0.3450E-12  0.3900E-12  0.3750E-12  0.3170E-12  0.2780E-12
  0.1000E+13  0.1000E-73  0.1000E-73  0.3120E-33  0.2970E-22  0.7720E-17  0.1080E-13  0.1020E-12  0.1990E-12  0.2690E-12  0.3450E-12  0.3900E-12  0.3750E-12  0.3170E-12  0.2780E-12
  0.1000E+14  0.1000E-73  0.1000E-73  0.3120E-33  0.2970E-22  0.7720E-17  0.1080E-13  0.1020E-12  0.1990E-12  0.2690E-12  0.3450E-12  0.3900E-12  0.3750E-12  0.3170E-12  0.2780E-12
  0.1000E+15  0.1000E-73  0.1000E-73  0.3120E-33  0.2970E-22  0.7720E-17  0.1080E-13  0.1020E-12  0.1990E-12  0.2690E-12  0.3450E-12  0.3900E-12  0.3750E-12  0.3170E-12  0.2780E-12
  0.1000E+16  0.1000E-73  0.6140E-48  0.3120E-33  0.2970E-22  0.7720E-17  0.1080E-13  0.1020E-12  0.1990E-12  0.2690E-12  0.3450E-12  0.3900E-12  0.3750E-12  0.3170E-12  0.2780E-12
  0.1000E+17  0.1000E-73  0.5780E-48  0.3120E-33  0.2960E-22  0.7720E-17  0.1080E-13  0.1020E-12  0.1990E-12  0.2690E-12  0.3450E-12  0.3900E-12  0.3750E-12  0.3170E-12  0.2780E-12
WAVELENGTH(A)= 
     1.508
 7 14 t 
excit   
    68.400    103.000    171.000    342.000    684.000   1710.000   3420.000   5130.000   6840.000  10300.000  17100.000  34200.000  68400.000 103000.000 
  0.1000E+11  0.1000E-73  0.1000E-73  0.6610E-33  0.6290E-22  0.1640E-16  0.2290E-13  0.2160E-12  0.4230E-12  0.5710E-12  0.7330E-12  0.8270E-12  0.7950E-12  0.6710E-12  0.5890E-12
  0.1000E+12  0.1000E-73  0.1000E-73  0.6610E-33  0.6290E-22  0.1640E-16  0.2290E-13  0.2160E-12  0.4230E-12  0.5710E-12  0.7330E-12  0.8270E-12  0.7950E-12  0.6710E-12  0.5890E-12
  0.1000E+13  0.1000E-73  0.1000E-73  0.6610E-33  0.6290E-22  0.1640E-16  0.2290E-13  0.2160E-12  0.4230E-12  0.5710E-12  0.7330E-12  0.8270E-12  0.7950E-12  0.6710E-12  0.5890E-12
  0.1000E+14  0.1000E-73  0.1000E-73  0.6610E-33  0.6290E-22  0.1640E-16  0.2290E-13  0.2160E-12  0.4230E-12  0.5710E-12  0.7330E-12  0.8270E-12  0.7950E-12  0.6710E-12  0.5890E-12
  0.1000E+15  0.1000E-73  0.1000E-73  0.6610E-33  0.6290E-22  0.1640E-16  0.2290E-13  0.2160E-12  0.4230E-12  0.5710E-12  0.7330E-12  0.8270E-12  0.7950E-12  0.6710E-12  0.5890E-12
  0.1000E+16  0.1000E-73  0.1300E-47  0.6610E-33  0.6290E-22  0.1640E-16  0.2290E-13  0.2160E-12  0.4230E-12  0.5710E-12  0.7330E-12  0.8270E-12  0.7950E-12  0.6710E-12  0.5890E-12
  0.1000E+17  0.1000E-73  0.1220E-47  0.6610E-33  0.6290E-22  0.1640E-16  0.2290E-13  0.2160E-12  0.4230E-12  0.5710E-12  0.7330E-12  0.8270E-12  0.7940E-12  0.6710E-12  0.5890E-12
WAVELENGTH(A)= 
     1.518
 7 14 t 
excit   
    68.400    103.000    171.000    342.000    684.000   1710.000   3420.000   5130.000   6840.000  10300.000  17100.000  34200.000  68400.000 103000.000 
  0.1000E+11  0.1000E-73  0.1000E-73  0.6650E-36  0.2930E-24  0.1790E-18  0.6900E-15  0.1210E-13  0.3050E-13  0.4700E-13  0.6970E-13  0.8960E-13  0.9850E-13  0.9320E-13  0.8680E-13
  0.1000E+12  0.1000E-73  0.1000E-73  0.6650E-36  0.2930E-24  0.1790E-18  0.6900E-15  0.1210E-13  0.3050E-13  0.4700E-13  0.6970E-13  0.8960E-13  0.9850E-13  0.9320E-13  0.8680E-13
  0.1000E+13  0.1000E-73  0.1000E-73  0.6650E-36  0.2930E-24  0.1790E-18  0.6900E-15  0.1210E-13  0.3050E-13  0.4700E-13  0.6970E-13  0.8960E-13  0.9850E-13  0.9320E-13  0.8680E-13
  0.1000E+14  0.1000E-73  0.1000E-73  0.6650E-36  0.2930E-24  0.1790E-18  0.6900E-15  0.1210E-13  0.3050E-13  0.4700E-13  0.6970E-13  0.8960E-13  0.9850E-13  0.9320E-13  0.8680E-13
  0.1000E+15  0.1000E-73  0.1000E-73  0.6650E-36  0.2930E-24  0.1790E-18  0.6900E-15  0.1210E-13  0.3050E-13  0.4700E-13  0.6970E-13  0.8960E-13  0.9850E-13  0.9320E-13  0.8680E-13
  0.1000E+16  0.1000E-73  0.1000E-73  0.6650E-36  0.2930E-24  0.1790E-18  0.6900E-15  0.1210E-13  0.3050E-13  0.4700E-13  0.6970E-13  0.8960E-13  0.9850E-13  0.9320E-13  0.8680E-13
  0.1000E+17  0.1000E-73  0.1000E-73  0.6650E-36  0.2930E-24  0.1790E-18  0.6900E-15  0.1210E-13  0.3050E-13  0.4700E-13  0.6970E-13  0.8960E-13  0.9850E-13  0.9320E-13  0.8670E-13
WAVELENGTH(A)= 
     2.279
 7 14 t 
excit   
    68.400    103.000    171.000    342.000    684.000   1710.000   3420.000   5130.000   6840.000  10300.000  17100.000  34200.000  68400.000 103000.000 
  0.1000E+11  0.1000E-73  0.8830E-35  0.1110E-25  0.6380E-19  0.1300E-15  0.1080E-13  0.4400E-13  0.6960E-13  0.8680E-13  0.1080E-12  0.1270E-12  0.1410E-12  0.1430E-12  0.1400E-12
  0.1000E+12  0.1000E-73  0.8830E-35  0.1110E-25  0.6380E-19  0.1300E-15  0.1080E-13  0.4400E-13  0.6960E-13  0.8680E-13  0.1080E-12  0.1270E-12  0.1410E-12  0.1430E-12  0.1400E-12
  0.1000E+13  0.1000E-73  0.8830E-35  0.1110E-25  0.6380E-19  0.1300E-15  0.1080E-13  0.4400E-13  0.6960E-13  0.8680E-13  0.1080E-12  0.1270E-12  0.1410E-12  0.1430E-12  0.1400E-12
  0.1000E+14  0.1000E-73  0.8830E-35  0.1110E-25  0.6380E-19  0.1300E-15  0.1080E-13  0.4400E-13  0.6960E-13  0.8680E-13  0.1080E-12  0.1270E-12  0.1410E-12  0.1430E-12  0.1400E-12
  0.1000E+15  0.1000E-73  0.8830E-35  0.1110E-25  0.6380E-19  0.1300E-15  0.1080E-13  0.4400E-13  0.6960E-13  0.8680E-13  0.1080E-12  0.1270E-12  0.1410E-12  0.1430E-12  0.1400E-12
  0.1000E+16  0.2980E-46  0.8830E-35  0.1110E-25  0.6380E-19  0.1300E-15  0.1080E-13  0.4400E-13  0.6960E-13  0.8680E-13  0.1080E-12  0.1270E-12  0.1410E-12  0.1430E-12  0.1400E-12
  0.1000E+17  0.3280E-46  0.8830E-35  0.1110E-25  0.6380E-19  0.1300E-15  0.1080E-13  0.4400E-13  0.6960E-13  0.8670E-13  0.1080E-12  0.1270E-12  0.1410E-12  0.1430E-12  0.1400E-12
WAVELENGTH(A)= 
     2.517
 7 14 t 
excit   
    68.400    103.000    171.000    342.000    684.000   1710.000   3420.000   5130.000   6840.000  10300.000  17100.000  34200.000  68400.000 103000.000 
  0.1000E+11  0.1000E-73  0.1560E-34  0.2200E-25  0.1380E-18  0.2910E-15  0.2260E-13  0.8090E-13  0.1150E-12  0.1320E-12  0.1440E-12  0.1430E-12  0.1240E-12  0.9830E-13  0.8380E-13
  0.1000E+12  0.1000E-73  0.1560E-34  0.2200E-25  0.1380E-18  0.2910E-15  0.2260E-13  0.8090E-13  0.1150E-12  0.1320E-12  0.1440E-12  0.1430E-12  0.1240E-12  0.9830E-13  0.8380E-13
  0.1000E+13  0.1000E-73  0.1560E-34  0.2200E-25  0.1380E-18  0.2910E-15  0.2260E-13  0.8090E-13  0.1150E-12  0.1320E-12  0.1440E-12  0.1430E-12  0.1240E-12  0.9830E-13  0.8380E-13
  0.1000E+14  0.1000E-73  0.1560E-34  0.2200E-25  0.1380E-18  0.2910E-15  0.2260E-13  0.8090E-13  0.1150E-12  0.1320E-12  0.1440E-12  0.1430E-12  0.1240E-12  0.9830E-13  0.8380E-13
  0.1000E+15  0.1000E-73  0.1560E-34  0.2200E-25  0.1380E-18  0.2910E-15  0.2260E-13  0.8090E-13  0.1150E-12  0.1320E-12  0.1440E-12  0.1430E-12  0.1240E-12  0.9830E-13  0.8380E-13
  0.1000E+16  0.4020E-46  0.1560E-34  0.2200E-25  0.1380E-18  0.2910E-15  0.2260E-13  0.8090E-13  0.1150E-12  0.1320E-12  0.1440E-12  0.1430E-12  0.1240E-12  0.9830E-13  0.8380E-13
  0.1000E+17  0.5230E-46  0.1560E-34  0.2200E-25  0.1380E-18  0.2910E-15  0.2260E-13  0.8080E-13  0.1150E-12  0.1320E-12  0.1440E-12  0.1430E-12  0.1240E-12  0.9830E-13  0.8380E-13
WAVELENGTH(A)= 
     2.617
 7 14 t 
excit   
    68.400    103.000    171.000    342.000    684.000   1710.000   3420.000   5130.000   6840.000  10300.000  17100.000  34200.000  68400.000 103000.000 
  0.1000E+11  0.1000E-73  0.2130E-31  0.1740E-23  0.1320E-17  0.1020E-14  0.4640E-13  0.1510E-12  0.2190E-12  0.2630E-12  0.3150E-12  0.3650E-12  0.4010E-12  0.4080E-12  0.4010E-12
  0.1000E+12  0.2540E-41  0.2130E-31  0.1740E-23  0.1320E-17  0.1020E-14  0.4640E-13  0.1510E-12  0.2190E-12  0.2630E-12  0.3150E-12  0.3650E-12  0.4010E-12  0.4080E-12  0.4010E-12
  0.1000E+13  0.2430E-41  0.2130E-31  0.1740E-23  0.1320E-17  0.1020E-14  0.4640E-13  0.1510E-12  0.2190E-12  0.2630E-12  0.3150E-12  0.3650E-12  0.4010E-12  0.4080E-12  0.4010E-12
  0.1000E+14  0.2460E-41  0.2130E-31  0.1740E-23  0.1320E-17  0.1020E-14  0.4640E-13  0.1510E-12  0.2190E-12  0.2630E-12  0.3150E-12  0.3650E-12  0.4010E-12  0.4080E-12  0.4010E-12
  0.1000E+15  0.2450E-41  0.2130E-31  0.1740E-23  0.1320E-17  0.1020E-14  0.4640E-13  0.1510E-12  0.2190E-12  0.2630E-12  0.3150E-12  0.3650E-12  0.4010E-12  0.4080E-12  0.4010E-12
  0.1000E+16  0.2450E-41  0.2130E-31  0.1740E-23  0.1320E-17  0.1020E-14  0.4640E-13  0.1510E-12  0.2190E-12  0.2630E-12  0.3150E-12  0.3650E-12  0.4010E-12  0.4080E-12  0.4010E-12
  0.1000E+17  0.2450E-41  0.2130E-31  0.1740E-23  0.1320E-17  0.1020E-14  0.4640E-13  0.1510E-12  0.2190E-12  0.2630E-12  0.3150E-12  0.3650E-12  0.4010E-12  0.4080E-12  0.4010E-12
WAVELENGTH(A)= 
     2.799
 7 14 t 
excit   
    68.400    103.000    171.000    342.000    684.000   1710.000   3420.000   5130.000   6840.000  10300.000  17100.000  34200.000  68400.000 103000.000 
  0.1000E+11  0.1000E-73  0.2130E-31  0.2060E-23  0.1720E-17  0.1340E-14  0.5760E-13  0.1710E-12  0.2290E-12  0.2560E-12  0.2740E-12  0.2690E-12  0.2340E-12  0.1890E-12  0.1630E-12
  0.1000E+12  0.1710E-41  0.2130E-31  0.2060E-23  0.1720E-17  0.1340E-14  0.5760E-13  0.1710E-12  0.2290E-12  0.2560E-12  0.2740E-12  0.2690E-12  0.2340E-12  0.1890E-12  0.1630E-12
  0.1000E+13  0.1960E-41  0.2130E-31  0.2060E-23  0.1720E-17  0.1340E-14  0.5760E-13  0.1710E-12  0.2290E-12  0.2560E-12  0.2740E-12  0.2690E-12  0.2340E-12  0.1890E-12  0.1630E-12
  0.1000E+14  0.1980E-41  0.2130E-31  0.2060E-23  0.1720E-17  0.1340E-14  0.5760E-13  0.1710E-12  0.2290E-12  0.2560E-12  0.2740E-12  0.2690E-12  0.2340E-12  0.1890E-12  0.1630E-12
  0.1000E+15  0.1980E-41  0.2130E-31  0.2060E-23  0.1720E-17  0.1340E-14  0.5760E-13  0.1710E-12  0.2290E-12  0.2560E-12  0.2740E-12  0.2690E-12  0.2340E-12  0.1890E-12  0.1630E-12
  0.1000E+16  0.1980E-41  0.2130E-31  0.2060E-23  0.1720E-17  0.1340E-14  0.5760E-13  0.1710E-12  0.2290E-12  0.2560E-12  0.2740E-12  0.2690E-12  0.2340E-12  0.1890E-12  0.1630E-12
  0.1000E+17  0.1990E-41  0.2140E-31  0.2060E-23  0.1720E-17  0.1340E-14  0.5760E-13  0.1710E-12  0.2290E-12  0.2560E-12  0.2740E-12  0.2690E-12  0.2340E-12  0.1890E-12  0.1630E-12
WAVELENGTH(A)= 
     2.899
 7 14 t 
excit   
    68.400    103.000    171.000    342.000    684.000   1710.000   3420.000   5130.000   6840.000  10300.000  17100.000  34200.000  68400.000 103000.000 
  0.1000E+11  0.9910E-41  0.4880E-31  0.2590E-23  0.1380E-17  0.8580E-15  0.3210E-13  0.9020E-13  0.1190E-12  0.1310E-12  0.1380E-12  0.1340E-12  0.1140E-12  0.9060E-13  0.7760E-13
  0.1000E+12  0.9620E-41  0.4880E-31  0.2590E-23  0.1380E-17  0.8580E-15  0.3210E-13  0.9020E-13  0.1190E-12  0.1310E-12  0.1380E-12  0.1340E-12  0.1140E-12  0.9060E-13  0.7760E-13
  0.1000E+13  0.9580E-41  0.4880E-31  0.2590E-23  0.1380E-17  0.8580E-15  0.3210E-13  0.9020E-13  0.1190E-12  0.1310E-12  0.1380E-12  0.1340E-12  0.1140E-12  0.9060E-13  0.7760E-13
  0.1000E+14  0.9580E-41  0.4880E-31  0.2590E-23  0.1380E-17  0.8580E-15  0.3210E-13  0.9020E-13  0.1190E-12  0.1310E-12  0.1380E-12  0.1340E-12  0.1140E-12  0.9060E-13  0.7760E-13
  0.1000E+15  0.9580E-41  0.4880E-31  0.2590E-23  0.1380E-17  0.8580E-15  0.3210E-13  0.9020E-13  0.1190E-12  0.1310E-12  0.1380E-12  0.1340E-12  0.1140E-12  0.9060E-13  0.7760E-13
  0.1000E+16  0.9580E-41  0.4880E-31  0.2590E-23  0.1380E-17  0.8580E-15  0.3210E-13  0.9020E-13  0.1190E-12  0.1310E-12  0.1380E-12  0.1340E-12  0.1140E-12  0.9060E-13  0.7760E-13
  0.1000E+17  0.9580E-41  0.4880E-31  0.2590E-23  0.1380E-17  0.8580E-15  0.3210E-13  0.9020E-13  0.1190E-12  0.1310E-12  0.1380E-12  0.1340E-12  0.1140E-12  0.9060E-13  0.7760E-13
WAVELENGTH(A)= 
     2.919
 7 14 t 
excit   
    68.400    103.000    171.000    342.000    684.000   1710.000   3420.000   5130.000   6840.000  10300.000  17100.000  34200.000  68400.000 103000.000 
  0.1000E+11  0.1000E-73  0.3130E-31  0.3140E-23  0.2720E-17  0.2130E-14  0.9210E-13  0.2750E-12  0.3650E-12  0.4090E-12  0.4370E-12  0.4260E-12  0.3700E-12  0.2950E-12  0.2530E-12
  0.1000E+12  0.2800E-41  0.3130E-31  0.3140E-23  0.2720E-17  0.2130E-14  0.9210E-13  0.2750E-12  0.3650E-12  0.4090E-12  0.4370E-12  0.4260E-12  0.3700E-12  0.2950E-12  0.2530E-12
  0.1000E+13  0.2800E-41  0.3130E-31  0.3140E-23  0.2720E-17  0.2130E-14  0.9210E-13  0.2750E-12  0.3650E-12  0.4090E-12  0.4370E-12  0.4260E-12  0.3700E-12  0.2950E-12  0.2530E-12
  0.1000E+14  0.2770E-41  0.3130E-31  0.3140E-23  0.2720E-17  0.2130E-14  0.9210E-13  0.2750E-12  0.3650E-12  0.4090E-12  0.4370E-12  0.4260E-12  0.3700E-12  0.2950E-12  0.2530E-12
  0.1000E+15  0.2770E-41  0.3130E-31  0.3140E-23  0.2720E-17  0.2130E-14  0.9210E-13  0.2750E-12  0.3650E-12  0.4090E-12  0.4370E-12  0.4260E-12  0.3700E-12  0.2950E-12  0.2530E-12
  0.1000E+16  0.2770E-41  0.3130E-31  0.3140E-23  0.2720E-17  0.2130E-14  0.9210E-13  0.2740E-12  0.3640E-12  0.4090E-12  0.4370E-12  0.4260E-12  0.3700E-12  0.2950E-12  0.2530E-12
  0.1000E+17  0.2770E-41  0.3130E-31  0.3140E-23  0.2720E-17  0.2130E-14  0.9210E-13  0.2740E-12  0.3640E-12  0.4090E-12  0.4370E-12  0.4260E-12  0.3700E-12  0.2950E-12  0.2530E-12
WAVELENGTH(A)= 
     3.036
 7 14 t 
excit   
    68.400    103.000    171.000    342.000    684.000   1710.000   3420.000   5130.000   6840.000  10300.000  17100.000  34200.000  68400.000 103000.000 
  0.1000E+11  0.1950E-40  0.9620E-31  0.5110E-23  0.2730E-17  0.1690E-14  0.6320E-13  0.1780E-12  0.2340E-12  0.2580E-12  0.2730E-12  0.2630E-12  0.2250E-12  0.1790E-12  0.1530E-12
  0.1000E+12  0.1900E-40  0.9620E-31  0.5110E-23  0.2730E-17  0.1690E-14  0.6320E-13  0.1780E-12  0.2340E-12  0.2580E-12  0.2730E-12  0.2630E-12  0.2250E-12  0.1790E-12  0.1530E-12
  0.1000E+13  0.1890E-40  0.9620E-31  0.5110E-23  0.2730E-17  0.1690E-14  0.6320E-13  0.1780E-12  0.2340E-12  0.2580E-12  0.2730E-12  0.2630E-12  0.2250E-12  0.1790E-12  0.1530E-12
  0.1000E+14  0.1890E-40  0.9620E-31  0.5110E-23  0.2730E-17  0.1690E-14  0.6320E-13  0.1780E-12  0.2340E-12  0.2580E-12  0.2730E-12  0.2630E-12  0.2250E-12  0.1790E-12  0.1530E-12
  0.1000E+15  0.1890E-40  0.9620E-31  0.5110E-23  0.2730E-17  0.1690E-14  0.6320E-13  0.1780E-12  0.2340E-12  0.2580E-12  0.2730E-12  0.2630E-12  0.2250E-12  0.1790E-12  0.1530E-12
  0.1000E+16  0.1890E-40  0.9620E-31  0.5110E-23  0.2730E-17  0.1690E-14  0.6320E-13  0.1780E-12  0.2340E-12  0.2580E-12  0.2730E-12  0.2630E-12  0.2250E-12  0.1790E-12  0.1530E-12
  0.1000E+17  0.1890E-40  0.9620E-31  0.5110E-23  0.2720E-17  0.1690E-14  0.6320E-13  0.1780E-12  0.2340E-12  0.2580E-12  0.2730E-12  0.2630E-12  0.2250E-12  0.1790E-12  0.1530E-12
WAVELENGTH(A)= 
     3.617
 7 14 t 
excit   
    68.400    103.000    171.000    342.000    684.000   1710.000   3420.000   5130.000   6840.000  10300.000  17100.000  34200.000  68400.000 103000.000 
  0.1000E+11  0.2240E-32  0.3290E-25  0.1630E-19  0.2640E-15  0.3020E-13  0.4760E-12  0.1140E-11  0.1520E-11  0.1750E-11  0.2040E-11  0.2320E-11  0.2540E-11  0.2570E-11  0.2510E-11
  0.1000E+12  0.2240E-32  0.3290E-25  0.1630E-19  0.2640E-15  0.3020E-13  0.4760E-12  0.1140E-11  0.1520E-11  0.1750E-11  0.2040E-11  0.2320E-11  0.2540E-11  0.2570E-11  0.2510E-11
  0.1000E+13  0.2240E-32  0.3290E-25  0.1630E-19  0.2640E-15  0.3020E-13  0.4760E-12  0.1140E-11  0.1520E-11  0.1750E-11  0.2040E-11  0.2320E-11  0.2540E-11  0.2570E-11  0.2510E-11
  0.1000E+14  0.2240E-32  0.3290E-25  0.1630E-19  0.2640E-15  0.3020E-13  0.4760E-12  0.1140E-11  0.1520E-11  0.1750E-11  0.2040E-11  0.2320E-11  0.2540E-11  0.2570E-11  0.2510E-11
  0.1000E+15  0.2240E-32  0.3290E-25  0.1630E-19  0.2640E-15  0.3020E-13  0.4760E-12  0.1140E-11  0.1520E-11  0.1750E-11  0.2040E-11  0.2320E-11  0.2540E-11  0.2570E-11  0.2510E-11
  0.1000E+16  0.2240E-32  0.3290E-25  0.1630E-19  0.2640E-15  0.3020E-13  0.4760E-12  0.1140E-11  0.1520E-11  0.1750E-11  0.2040E-11  0.2320E-11  0.2540E-11  0.2570E-11  0.2510E-11
  0.1000E+17  0.2240E-32  0.3290E-25  0.1630E-19  0.2640E-15  0.3020E-13  0.4760E-12  0.1140E-11  0.1520E-11  0.1750E-11  0.2040E-11  0.2320E-11  0.2540E-11  0.2570E-11  0.2510E-11
WAVELENGTH(A)= 
     3.692
 7 14 t 
excit   
    68.400    103.000    171.000    342.000    684.000   1710.000   3420.000   5130.000   6840.000  10300.000  17100.000  34200.000  68400.000 103000.000 
  0.1000E+11  0.1510E-32  0.1580E-25  0.5970E-20  0.7920E-16  0.8320E-14  0.1280E-12  0.3080E-12  0.4090E-12  0.4690E-12  0.5420E-12  0.6070E-12  0.6520E-12  0.6480E-12  0.6290E-12
  0.1000E+12  0.1510E-32  0.1580E-25  0.5970E-20  0.7920E-16  0.8320E-14  0.1280E-12  0.3080E-12  0.4090E-12  0.4690E-12  0.5420E-12  0.6070E-12  0.6520E-12  0.6480E-12  0.6290E-12
  0.1000E+13  0.1510E-32  0.1580E-25  0.5970E-20  0.7920E-16  0.8320E-14  0.1280E-12  0.3080E-12  0.4090E-12  0.4690E-12  0.5420E-12  0.6070E-12  0.6520E-12  0.6480E-12  0.6290E-12
  0.1000E+14  0.1510E-32  0.1580E-25  0.5970E-20  0.7920E-16  0.8320E-14  0.1280E-12  0.3080E-12  0.4090E-12  0.4690E-12  0.5420E-12  0.6070E-12  0.6520E-12  0.6480E-12  0.6290E-12
  0.1000E+15  0.1510E-32  0.1580E-25  0.5970E-20  0.7920E-16  0.8320E-14  0.1280E-12  0.3080E-12  0.4090E-12  0.4690E-12  0.5420E-12  0.6070E-12  0.6520E-12  0.6480E-12  0.6290E-12
  0.1000E+16  0.1510E-32  0.1580E-25  0.5970E-20  0.7930E-16  0.8320E-14  0.1280E-12  0.3080E-12  0.4090E-12  0.4690E-12  0.5420E-12  0.6070E-12  0.6520E-12  0.6480E-12  0.6290E-12
  0.1000E+17  0.1520E-32  0.1590E-25  0.5990E-20  0.7940E-16  0.8330E-14  0.1280E-12  0.3080E-12  0.4090E-12  0.4690E-12  0.5420E-12  0.6080E-12  0.6520E-12  0.6480E-12  0.6290E-12
WAVELENGTH(A)= 
     3.831
 7 14 t 
excit   
    68.400    103.000    171.000    342.000    684.000   1710.000   3420.000   5130.000   6840.000  10300.000  17100.000  34200.000  68400.000 103000.000 
  0.1000E+11  0.1000E-73  0.1000E-73  0.1000E-73  0.5280E-27  0.1620E-19  0.4020E-15  0.9840E-14  0.2650E-13  0.4240E-13  0.6500E-13  0.8660E-13  0.1000E-12  0.1010E-12  0.9830E-13
  0.1000E+12  0.1000E-73  0.1000E-73  0.5610E-42  0.5280E-27  0.1620E-19  0.4020E-15  0.9840E-14  0.2650E-13  0.4240E-13  0.6500E-13  0.8660E-13  0.1000E-12  0.1010E-12  0.9830E-13
  0.1000E+13  0.1000E-73  0.1000E-73  0.3920E-42  0.5280E-27  0.1620E-19  0.4020E-15  0.9840E-14  0.2650E-13  0.4240E-13  0.6500E-13  0.8660E-13  0.1000E-12  0.1010E-12  0.9830E-13
  0.1000E+14  0.1000E-73  0.1000E-73  0.3980E-42  0.5280E-27  0.1620E-19  0.4020E-15  0.9840E-14  0.2650E-13  0.4240E-13  0.6500E-13  0.8660E-13  0.1000E-12  0.1010E-12  0.9830E-13
  0.1000E+15  0.1000E-73  0.1000E-73  0.3990E-42  0.5280E-27  0.1620E-19  0.4020E-15  0.9840E-14  0.2650E-13  0.4240E-13  0.6500E-13  0.8660E-13  0.1000E-12  0.1010E-12  0.9830E-13
  0.1000E+16  0.1000E-73  0.1000E-73  0.3990E-42  0.5280E-27  0.1620E-19  0.4010E-15  0.9840E-14  0.2650E-13  0.4240E-13  0.6500E-13  0.8660E-13  0.1000E-12  0.1010E-12  0.9830E-13
  0.1000E+17  0.1000E-73  0.1000E-73  0.3990E-42  0.5280E-27  0.1620E-19  0.4010E-15  0.9830E-14  0.2650E-13  0.4240E-13  0.6500E-13  0.8660E-13  0.1000E-12  0.1010E-12  0.9820E-13
WAVELENGTH(A)= 
     3.892
 7 14 t 
excit   
    68.400    103.000    171.000    342.000    684.000   1710.000   3420.000   5130.000   6840.000  10300.000  17100.000  34200.000  68400.000 103000.000 
  0.1000E+11  0.1230E-33  0.3070E-26  0.2320E-20  0.5120E-16  0.6450E-14  0.9470E-13  0.1990E-12  0.2410E-12  0.2560E-12  0.2630E-12  0.2500E-12  0.2140E-12  0.1720E-12  0.1480E-12
  0.1000E+12  0.1230E-33  0.3070E-26  0.2320E-20  0.5120E-16  0.6450E-14  0.9470E-13  0.1990E-12  0.2410E-12  0.2560E-12  0.2630E-12  0.2500E-12  0.2140E-12  0.1720E-12  0.1480E-12
  0.1000E+13  0.1230E-33  0.3070E-26  0.2320E-20  0.5120E-16  0.6450E-14  0.9470E-13  0.1990E-12  0.2410E-12  0.2560E-12  0.2630E-12  0.2500E-12  0.2140E-12  0.1720E-12  0.1480E-12
  0.1000E+14  0.1230E-33  0.3070E-26  0.2320E-20  0.5120E-16  0.6450E-14  0.9470E-13  0.1990E-12  0.2410E-12  0.2560E-12  0.2630E-12  0.2500E-12  0.2140E-12  0.1720E-12  0.1480E-12
  0.1000E+15  0.1230E-33  0.3070E-26  0.2320E-20  0.5120E-16  0.6450E-14  0.9470E-13  0.1990E-12  0.2410E-12  0.2560E-12  0.2630E-12  0.2500E-12  0.2140E-12  0.1720E-12  0.1480E-12
  0.1000E+16  0.1230E-33  0.3070E-26  0.2320E-20  0.5120E-16  0.6450E-14  0.9470E-13  0.1990E-12  0.2410E-12  0.2560E-12  0.2630E-12  0.2500E-12  0.2140E-12  0.1720E-12  0.1480E-12
  0.1000E+17  0.1230E-33  0.3070E-26  0.2320E-20  0.5120E-16  0.6440E-14  0.9470E-13  0.1990E-12  0.2410E-12  0.2560E-12  0.2630E-12  0.2500E-12  0.2140E-12  0.1720E-12  0.1480E-12
WAVELENGTH(A)= 
     3.917
 7 14 t 
excit   
    68.400    103.000    171.000    342.000    684.000   1710.000   3420.000   5130.000   6840.000  10300.000  17100.000  34200.000  68400.000 103000.000 
  0.1000E+11  0.9900E-33  0.2240E-25  0.1560E-19  0.3230E-15  0.3980E-13  0.5770E-12  0.1210E-11  0.1470E-11  0.1570E-11  0.1610E-11  0.1540E-11  0.1330E-11  0.1070E-11  0.9280E-12
  0.1000E+12  0.9900E-33  0.2240E-25  0.1560E-19  0.3230E-15  0.3980E-13  0.5770E-12  0.1210E-11  0.1470E-11  0.1570E-11  0.1610E-11  0.1540E-11  0.1330E-11  0.1070E-11  0.9280E-12
  0.1000E+13  0.9900E-33  0.2240E-25  0.1560E-19  0.3230E-15  0.3980E-13  0.5770E-12  0.1210E-11  0.1470E-11  0.1570E-11  0.1610E-11  0.1540E-11  0.1330E-11  0.1070E-11  0.9280E-12
  0.1000E+14  0.9900E-33  0.2240E-25  0.1560E-19  0.3230E-15  0.3980E-13  0.5770E-12  0.1210E-11  0.1470E-11  0.1570E-11  0.1610E-11  0.1540E-11  0.1330E-11  0.1070E-11  0.9280E-12
  0.1000E+15  0.9900E-33  0.2240E-25  0.1560E-19  0.3230E-15  0.3980E-13  0.5770E-12  0.1210E-11  0.1470E-11  0.1570E-11  0.1610E-11  0.1540E-11  0.1330E-11  0.1070E-11  0.9280E-12
  0.1000E+16  0.9900E-33  0.2240E-25  0.1560E-19  0.3230E-15  0.3980E-13  0.5770E-12  0.1210E-11  0.1470E-11  0.1570E-11  0.1610E-11  0.1540E-11  0.1330E-11  0.1070E-11  0.9280E-12
  0.1000E+17  0.9910E-33  0.2240E-25  0.1560E-19  0.3230E-15  0.3980E-13  0.5770E-12  0.1210E-11  0.1470E-11  0.1570E-11  0.1610E-11  0.1540E-11  0.1330E-11  0.1070E-11  0.9290E-12
WAVELENGTH(A)= 
     4.068
 7 14 t 
excit   
    68.400    103.000    171.000    342.000    684.000   1710.000   3420.000   5130.000   6840.000  10300.000  17100.000  34200.000  68400.000 103000.000 
  0.1000E+11  0.1000E-73  0.1000E-73  0.1000E-73  0.7820E-29  0.2670E-20  0.2750E-15  0.1070E-13  0.3320E-13  0.5630E-13  0.9040E-13  0.1210E-12  0.1310E-12  0.1160E-12  0.1030E-12
  0.1000E+12  0.1000E-73  0.1000E-73  0.1000E-73  0.7820E-29  0.2670E-20  0.2750E-15  0.1070E-13  0.3320E-13  0.5630E-13  0.9040E-13  0.1210E-12  0.1310E-12  0.1160E-12  0.1030E-12
  0.1000E+13  0.1000E-73  0.1000E-73  0.1000E-73  0.7820E-29  0.2670E-20  0.2750E-15  0.1070E-13  0.3320E-13  0.5630E-13  0.9040E-13  0.1210E-12  0.1310E-12  0.1160E-12  0.1030E-12
  0.1000E+14  0.1000E-73  0.1000E-73  0.1000E-73  0.7820E-29  0.2670E-20  0.2750E-15  0.1070E-13  0.3320E-13  0.5630E-13  0.9040E-13  0.1210E-12  0.1310E-12  0.1160E-12  0.1030E-12
  0.1000E+15  0.1000E-73  0.1000E-73  0.1000E-73  0.7820E-29  0.2670E-20  0.2750E-15  0.1070E-13  0.3320E-13  0.5630E-13  0.9040E-13  0.1210E-12  0.1310E-12  0.1160E-12  0.1030E-12
  0.1000E+16  0.1000E-73  0.1000E-73  0.1000E-73  0.7820E-29  0.2670E-20  0.2750E-15  0.1070E-13  0.3320E-13  0.5630E-13  0.9040E-13  0.1210E-12  0.1310E-12  0.1160E-12  0.1030E-12
  0.1000E+17  0.1000E-73  0.1000E-73  0.4110E-46  0.7820E-29  0.2670E-20  0.2750E-15  0.1070E-13  0.3320E-13  0.5630E-13  0.9040E-13  0.1210E-12  0.1310E-12  0.1160E-12  0.1030E-12
WAVELENGTH(A)= 
     4.143
 7 14 t 
excit   
    68.400    103.000    171.000    342.000    684.000   1710.000   3420.000   5130.000   6840.000  10300.000  17100.000  34200.000  68400.000 103000.000 
  0.1000E+11  0.1200E-32  0.3010E-25  0.2270E-19  0.5000E-15  0.6300E-13  0.9260E-12  0.1950E-11  0.2350E-11  0.2510E-11  0.2570E-11  0.2450E-11  0.2100E-11  0.1680E-11  0.1450E-11
  0.1000E+12  0.1200E-32  0.3010E-25  0.2270E-19  0.5000E-15  0.6300E-13  0.9260E-12  0.1950E-11  0.2350E-11  0.2510E-11  0.2570E-11  0.2450E-11  0.2100E-11  0.1680E-11  0.1450E-11
  0.1000E+13  0.1200E-32  0.3010E-25  0.2270E-19  0.5000E-15  0.6300E-13  0.9260E-12  0.1950E-11  0.2350E-11  0.2510E-11  0.2570E-11  0.2450E-11  0.2100E-11  0.1680E-11  0.1450E-11
  0.1000E+14  0.1200E-32  0.3010E-25  0.2270E-19  0.5000E-15  0.6300E-13  0.9260E-12  0.1950E-11  0.2350E-11  0.2510E-11  0.2570E-11  0.2450E-11  0.2100E-11  0.1680E-11  0.1450E-11
  0.1000E+15  0.1200E-32  0.3010E-25  0.2270E-19  0.5000E-15  0.6300E-13  0.9260E-12  0.1950E-11  0.2350E-11  0.2510E-11  0.2570E-11  0.2450E-11  0.2100E-11  0.1680E-11  0.1450E-11
  0.1000E+16  0.1200E-32  0.3010E-25  0.2270E-19  0.5000E-15  0.6300E-13  0.9260E-12  0.1950E-11  0.2350E-11  0.2510E-11  0.2570E-11  0.2450E-11  0.2100E-11  0.1680E-11  0.1450E-11
  0.1000E+17  0.1200E-32  0.3010E-25  0.2270E-19  0.5000E-15  0.6300E-13  0.9260E-12  0.1950E-11  0.2350E-11  0.2510E-11  0.2570E-11  0.2450E-11  0.2100E-11  0.1680E-11  0.1450E-11
WAVELENGTH(A)= 
     4.333
 7 14 t 
excit   
    68.400    103.000    171.000    342.000    684.000   1710.000   3420.000   5130.000   6840.000  10300.000  17100.000  34200.000  68400.000 103000.000 
  0.1000E+11  0.8470E-31  0.4360E-24  0.9300E-19  0.7930E-15  0.6210E-13  0.6800E-12  0.1290E-11  0.1490E-11  0.1550E-11  0.1550E-11  0.1440E-11  0.1190E-11  0.9380E-12  0.8000E-12
  0.1000E+12  0.8470E-31  0.4360E-24  0.9300E-19  0.7930E-15  0.6210E-13  0.6800E-12  0.1290E-11  0.1490E-11  0.1550E-11  0.1550E-11  0.1440E-11  0.1190E-11  0.9380E-12  0.8000E-12
  0.1000E+13  0.8470E-31  0.4360E-24  0.9300E-19  0.7930E-15  0.6210E-13  0.6800E-12  0.1290E-11  0.1490E-11  0.1550E-11  0.1550E-11  0.1440E-11  0.1190E-11  0.9380E-12  0.8000E-12
  0.1000E+14  0.8470E-31  0.4360E-24  0.9300E-19  0.7930E-15  0.6210E-13  0.6800E-12  0.1290E-11  0.1490E-11  0.1550E-11  0.1550E-11  0.1440E-11  0.1190E-11  0.9380E-12  0.8000E-12
  0.1000E+15  0.8470E-31  0.4360E-24  0.9300E-19  0.7930E-15  0.6210E-13  0.6800E-12  0.1290E-11  0.1490E-11  0.1550E-11  0.1550E-11  0.1440E-11  0.1190E-11  0.9380E-12  0.8000E-12
  0.1000E+16  0.8470E-31  0.4360E-24  0.9300E-19  0.7930E-15  0.6210E-13  0.6800E-12  0.1290E-11  0.1490E-11  0.1550E-11  0.1550E-11  0.1440E-11  0.1190E-11  0.9380E-12  0.8000E-12
  0.1000E+17  0.8470E-31  0.4360E-24  0.9300E-19  0.7930E-15  0.6210E-13  0.6800E-12  0.1290E-11  0.1490E-11  0.1550E-11  0.1550E-11  0.1440E-11  0.1190E-11  0.9380E-12  0.8000E-12
WAVELENGTH(A)= 
     4.352
 7 14 t 
excit   
    68.400    103.000    171.000    342.000    684.000   1710.000   3420.000   5130.000   6840.000  10300.000  17100.000  34200.000  68400.000 103000.000 
  0.1000E+11  0.4530E-34  0.4930E-27  0.1950E-21  0.3150E-17  0.6650E-15  0.2310E-13  0.7450E-13  0.1090E-12  0.1310E-12  0.1580E-12  0.1820E-12  0.2000E-12  0.2010E-12  0.1960E-12
  0.1000E+12  0.4530E-34  0.4930E-27  0.1950E-21  0.3150E-17  0.6650E-15  0.2310E-13  0.7450E-13  0.1090E-12  0.1310E-12  0.1580E-12  0.1820E-12  0.2000E-12  0.2010E-12  0.1960E-12
  0.1000E+13  0.4530E-34  0.4930E-27  0.1950E-21  0.3150E-17  0.6650E-15  0.2310E-13  0.7450E-13  0.1090E-12  0.1310E-12  0.1580E-12  0.1820E-12  0.2000E-12  0.2010E-12  0.1960E-12
  0.1000E+14  0.4530E-34  0.4940E-27  0.1950E-21  0.3150E-17  0.6650E-15  0.2310E-13  0.7450E-13  0.1090E-12  0.1310E-12  0.1580E-12  0.1820E-12  0.2000E-12  0.2010E-12  0.1960E-12
  0.1000E+15  0.4540E-34  0.4940E-27  0.1950E-21  0.3150E-17  0.6650E-15  0.2310E-13  0.7450E-13  0.1090E-12  0.1310E-12  0.1580E-12  0.1820E-12  0.2000E-12  0.2010E-12  0.1960E-12
  0.1000E+16  0.4710E-34  0.5010E-27  0.1960E-21  0.3160E-17  0.6650E-15  0.2310E-13  0.7460E-13  0.1090E-12  0.1310E-12  0.1580E-12  0.1820E-12  0.2000E-12  0.2010E-12  0.1960E-12
  0.1000E+17  0.6370E-34  0.5690E-27  0.2080E-21  0.3240E-17  0.6700E-15  0.2320E-13  0.7460E-13  0.1090E-12  0.1310E-12  0.1580E-12  0.1820E-12  0.2000E-12  0.2010E-12  0.1960E-12
WAVELENGTH(A)= 
     4.423
 7 14 t 
excit   
    68.400    103.000    171.000    342.000    684.000   1710.000   3420.000   5130.000   6840.000  10300.000  17100.000  34200.000  68400.000 103000.000 
  0.1000E+11  0.1000E-73  0.1000E-73  0.1000E-73  0.1350E-26  0.3120E-19  0.6420E-15  0.1470E-13  0.3860E-13  0.6030E-13  0.9020E-13  0.1160E-12  0.1250E-12  0.1130E-12  0.1020E-12
  0.1000E+12  0.1000E-73  0.1000E-73  0.2620E-41  0.1350E-26  0.3120E-19  0.6420E-15  0.1470E-13  0.3860E-13  0.6030E-13  0.9020E-13  0.1160E-12  0.1250E-12  0.1130E-12  0.1020E-12
  0.1000E+13  0.1000E-73  0.1000E-73  0.1830E-41  0.1350E-26  0.3120E-19  0.6420E-15  0.1470E-13  0.3860E-13  0.6030E-13  0.9020E-13  0.1160E-12  0.1250E-12  0.1130E-12  0.1020E-12
  0.1000E+14  0.1000E-73  0.1000E-73  0.1780E-41  0.1350E-26  0.3120E-19  0.6420E-15  0.1470E-13  0.3860E-13  0.6030E-13  0.9020E-13  0.1160E-12  0.1250E-12  0.1130E-12  0.1020E-12
  0.1000E+15  0.1000E-73  0.1000E-73  0.1790E-41  0.1350E-26  0.3120E-19  0.6420E-15  0.1470E-13  0.3860E-13  0.6030E-13  0.9020E-13  0.1160E-12  0.1250E-12  0.1130E-12  0.1020E-12
  0.1000E+16  0.1000E-73  0.1000E-73  0.1790E-41  0.1350E-26  0.3120E-19  0.6420E-15  0.1470E-13  0.3860E-13  0.6030E-13  0.9020E-13  0.1160E-12  0.1250E-12  0.1130E-12  0.1020E-12
  0.1000E+17  0.1000E-73  0.1000E-73  0.1790E-41  0.1350E-26  0.3120E-19  0.6410E-15  0.1470E-13  0.3860E-13  0.6030E-13  0.9020E-13  0.1160E-12  0.1250E-12  0.1130E-12  0.1020E-12
WAVELENGTH(A)= 
     4.540
 7 14 t 
excit   
    68.400    103.000    171.000    342.000    684.000   1710.000   3420.000   5130.000   6840.000  10300.000  17100.000  34200.000  68400.000 103000.000 
  0.1000E+11  0.1000E-73  0.1000E-73  0.1000E-73  0.8130E-27  0.2500E-19  0.6180E-15  0.1510E-13  0.4090E-13  0.6530E-13  0.1000E-12  0.1330E-12  0.1550E-12  0.1560E-12  0.1510E-12
  0.1000E+12  0.1000E-73  0.1000E-73  0.8630E-42  0.8130E-27  0.2500E-19  0.6180E-15  0.1510E-13  0.4090E-13  0.6530E-13  0.1000E-12  0.1330E-12  0.1550E-12  0.1560E-12  0.1510E-12
  0.1000E+13  0.1000E-73  0.1000E-73  0.6040E-42  0.8130E-27  0.2500E-19  0.6180E-15  0.1510E-13  0.4090E-13  0.6530E-13  0.1000E-12  0.1330E-12  0.1550E-12  0.1560E-12  0.1510E-12
  0.1000E+14  0.1000E-73  0.1000E-73  0.6130E-42  0.8130E-27  0.2500E-19  0.6180E-15  0.1510E-13  0.4090E-13  0.6530E-13  0.1000E-12  0.1330E-12  0.1550E-12  0.1560E-12  0.1510E-12
  0.1000E+15  0.1000E-73  0.1000E-73  0.6150E-42  0.8130E-27  0.2500E-19  0.6180E-15  0.1510E-13  0.4090E-13  0.6530E-13  0.1000E-12  0.1330E-12  0.1550E-12  0.1560E-12  0.1510E-12
  0.1000E+16  0.1000E-73  0.1000E-73  0.6150E-42  0.8130E-27  0.2500E-19  0.6180E-15  0.1510E-13  0.4090E-13  0.6530E-13  0.1000E-12  0.1330E-12  0.1550E-12  0.1560E-12  0.1510E-12
  0.1000E+17  0.1000E-73  0.1000E-73  0.6150E-42  0.8130E-27  0.2500E-19  0.6180E-15  0.1510E-13  0.4090E-13  0.6530E-13  0.1000E-12  0.1330E-12  0.1550E-12  0.1560E-12  0.1510E-12
WAVELENGTH(A)= 
     4.647
 7 14 t 
excit   
    68.400    103.000    171.000    342.000    684.000   1710.000   3420.000   5130.000   6840.000  10300.000  17100.000  34200.000  68400.000 103000.000 
  0.1000E+11  0.1460E-30  0.7520E-24  0.1600E-18  0.1370E-14  0.1070E-12  0.1170E-11  0.2220E-11  0.2570E-11  0.2680E-11  0.2670E-11  0.2480E-11  0.2060E-11  0.1620E-11  0.1380E-11
  0.1000E+12  0.1460E-30  0.7520E-24  0.1600E-18  0.1370E-14  0.1070E-12  0.1170E-11  0.2220E-11  0.2570E-11  0.2680E-11  0.2670E-11  0.2480E-11  0.2060E-11  0.1620E-11  0.1380E-11
  0.1000E+13  0.1460E-30  0.7520E-24  0.1600E-18  0.1370E-14  0.1070E-12  0.1170E-11  0.2220E-11  0.2570E-11  0.2680E-11  0.2670E-11  0.2480E-11  0.2060E-11  0.1620E-11  0.1380E-11
  0.1000E+14  0.1460E-30  0.7520E-24  0.1600E-18  0.1370E-14  0.1070E-12  0.1170E-11  0.2220E-11  0.2570E-11  0.2680E-11  0.2670E-11  0.2480E-11  0.2060E-11  0.1620E-11  0.1380E-11
  0.1000E+15  0.1460E-30  0.7520E-24  0.1600E-18  0.1370E-14  0.1070E-12  0.1170E-11  0.2220E-11  0.2570E-11  0.2680E-11  0.2670E-11  0.2480E-11  0.2060E-11  0.1620E-11  0.1380E-11
  0.1000E+16  0.1460E-30  0.7520E-24  0.1600E-18  0.1370E-14  0.1070E-12  0.1170E-11  0.2220E-11  0.2570E-11  0.2680E-11  0.2670E-11  0.2480E-11  0.2060E-11  0.1620E-11  0.1380E-11
  0.1000E+17  0.1460E-30  0.7520E-24  0.1600E-18  0.1370E-14  0.1070E-12  0.1170E-11  0.2220E-11  0.2570E-11  0.2680E-11  0.2670E-11  0.2480E-11  0.2060E-11  0.1620E-11  0.1380E-11
WAVELENGTH(A)= 
     4.696
 7 14 t 
excit   
    68.400    103.000    171.000    342.000    684.000   1710.000   3420.000   5130.000   6840.000  10300.000  17100.000  34200.000  68400.000 103000.000 
  0.1000E+11  0.1000E-73  0.1000E-73  0.8830E-41  0.4090E-26  0.7460E-19  0.1340E-14  0.2900E-13  0.7460E-13  0.1150E-12  0.1680E-12  0.2090E-12  0.2140E-12  0.1860E-12  0.1630E-12
  0.1000E+12  0.1000E-73  0.1000E-73  0.8650E-41  0.4090E-26  0.7460E-19  0.1340E-14  0.2900E-13  0.7460E-13  0.1150E-12  0.1680E-12  0.2090E-12  0.2140E-12  0.1860E-12  0.1630E-12
  0.1000E+13  0.1000E-73  0.1000E-73  0.8740E-41  0.4090E-26  0.7460E-19  0.1340E-14  0.2900E-13  0.7460E-13  0.1150E-12  0.1680E-12  0.2090E-12  0.2140E-12  0.1860E-12  0.1630E-12
  0.1000E+14  0.1000E-73  0.1000E-73  0.8740E-41  0.4090E-26  0.7460E-19  0.1340E-14  0.2900E-13  0.7460E-13  0.1150E-12  0.1680E-12  0.2090E-12  0.2140E-12  0.1860E-12  0.1630E-12
  0.1000E+15  0.1000E-73  0.1000E-73  0.8740E-41  0.4090E-26  0.7460E-19  0.1340E-14  0.2900E-13  0.7460E-13  0.1150E-12  0.1680E-12  0.2090E-12  0.2140E-12  0.1860E-12  0.1630E-12
  0.1000E+16  0.1000E-73  0.1000E-73  0.8740E-41  0.4090E-26  0.7460E-19  0.1340E-14  0.2900E-13  0.7460E-13  0.1150E-12  0.1680E-12  0.2090E-12  0.2140E-12  0.1860E-12  0.1630E-12
  0.1000E+17  0.1000E-73  0.1000E-73  0.8740E-41  0.4090E-26  0.7450E-19  0.1340E-14  0.2900E-13  0.7450E-13  0.1150E-12  0.1680E-12  0.2090E-12  0.2140E-12  0.1860E-12  0.1630E-12
WAVELENGTH(A)= 
     4.743
 7 14 t 
excit   
    68.400    103.000    171.000    342.000    684.000   1710.000   3420.000   5130.000   6840.000  10300.000  17100.000  34200.000  68400.000 103000.000 
  0.1000E+11  0.3990E-33  0.5840E-26  0.2890E-20  0.4700E-16  0.5360E-14  0.8460E-13  0.2020E-12  0.2700E-12  0.3120E-12  0.3630E-12  0.4120E-12  0.4500E-12  0.4560E-12  0.4450E-12
  0.1000E+12  0.3990E-33  0.5840E-26  0.2890E-20  0.4700E-16  0.5360E-14  0.8460E-13  0.2020E-12  0.2700E-12  0.3120E-12  0.3630E-12  0.4120E-12  0.4500E-12  0.4560E-12  0.4450E-12
  0.1000E+13  0.3990E-33  0.5840E-26  0.2890E-20  0.4700E-16  0.5360E-14  0.8460E-13  0.2020E-12  0.2700E-12  0.3120E-12  0.3630E-12  0.4120E-12  0.4500E-12  0.4560E-12  0.4450E-12
  0.1000E+14  0.3990E-33  0.5840E-26  0.2890E-20  0.4700E-16  0.5360E-14  0.8460E-13  0.2020E-12  0.2700E-12  0.3120E-12  0.3630E-12  0.4120E-12  0.4500E-12  0.4560E-12  0.4450E-12
  0.1000E+15  0.3990E-33  0.5840E-26  0.2890E-20  0.4700E-16  0.5360E-14  0.8460E-13  0.2020E-12  0.2700E-12  0.3120E-12  0.3630E-12  0.4120E-12  0.4500E-12  0.4560E-12  0.4450E-12
  0.1000E+16  0.3990E-33  0.5840E-26  0.2890E-20  0.4700E-16  0.5360E-14  0.8460E-13  0.2020E-12  0.2700E-12  0.3120E-12  0.3630E-12  0.4120E-12  0.4500E-12  0.4560E-12  0.4450E-12
  0.1000E+17  0.3990E-33  0.5840E-26  0.2890E-20  0.4700E-16  0.5360E-14  0.8460E-13  0.2020E-12  0.2690E-12  0.3120E-12  0.3630E-12  0.4120E-12  0.4500E-12  0.4560E-12  0.4450E-12
WAVELENGTH(A)= 
     4.770
 7 14 t 
excit   
    68.400    103.000    171.000    342.000    684.000   1710.000   3420.000   5130.000   6840.000  10300.000  17100.000  34200.000  68400.000 103000.000 
  0.1000E+11  0.2070E-32  0.2160E-25  0.8160E-20  0.1080E-15  0.1140E-13  0.1750E-12  0.4210E-12  0.5590E-12  0.6410E-12  0.7410E-12  0.8300E-12  0.8900E-12  0.8860E-12  0.8590E-12
  0.1000E+12  0.2070E-32  0.2160E-25  0.8160E-20  0.1080E-15  0.1140E-13  0.1750E-12  0.4210E-12  0.5590E-12  0.6410E-12  0.7410E-12  0.8300E-12  0.8900E-12  0.8860E-12  0.8590E-12
  0.1000E+13  0.2070E-32  0.2160E-25  0.8160E-20  0.1080E-15  0.1140E-13  0.1750E-12  0.4210E-12  0.5590E-12  0.6410E-12  0.7410E-12  0.8300E-12  0.8900E-12  0.8860E-12  0.8590E-12
  0.1000E+14  0.2070E-32  0.2160E-25  0.8160E-20  0.1080E-15  0.1140E-13  0.1750E-12  0.4210E-12  0.5590E-12  0.6410E-12  0.7410E-12  0.8300E-12  0.8900E-12  0.8860E-12  0.8590E-12
  0.1000E+15  0.2070E-32  0.2160E-25  0.8160E-20  0.1080E-15  0.1140E-13  0.1750E-12  0.4210E-12  0.5590E-12  0.6410E-12  0.7410E-12  0.8300E-12  0.8900E-12  0.8860E-12  0.8590E-12
  0.1000E+16  0.2070E-32  0.2160E-25  0.8160E-20  0.1080E-15  0.1140E-13  0.1750E-12  0.4210E-12  0.5590E-12  0.6410E-12  0.7410E-12  0.8300E-12  0.8900E-12  0.8860E-12  0.8590E-12
  0.1000E+17  0.2080E-32  0.2170E-25  0.8180E-20  0.1080E-15  0.1140E-13  0.1750E-12  0.4210E-12  0.5590E-12  0.6410E-12  0.7410E-12  0.8300E-12  0.8900E-12  0.8860E-12  0.8590E-12
WAVELENGTH(A)= 
     8.255
 7 14 t 
excit   
    68.400    103.000    171.000    342.000    684.000   1710.000   3420.000   5130.000   6840.000  10300.000  17100.000  34200.000  68400.000 103000.000 
  0.1000E+11  0.1170E-41  0.7410E-32  0.5300E-24  0.3670E-18  0.2730E-15  0.1240E-13  0.4040E-13  0.5870E-13  0.7020E-13  0.8400E-13  0.9640E-13  0.1050E-12  0.1060E-12  0.1030E-12
  0.1000E+12  0.1060E-41  0.7410E-32  0.5300E-24  0.3670E-18  0.2730E-15  0.1240E-13  0.4040E-13  0.5870E-13  0.7020E-13  0.8400E-13  0.9640E-13  0.1050E-12  0.1060E-12  0.1030E-12
  0.1000E+13  0.1010E-41  0.7410E-32  0.5300E-24  0.3670E-18  0.2730E-15  0.1240E-13  0.4040E-13  0.5870E-13  0.7020E-13  0.8400E-13  0.9640E-13  0.1050E-12  0.1060E-12  0.1030E-12
  0.1000E+14  0.1010E-41  0.7410E-32  0.5300E-24  0.3670E-18  0.2730E-15  0.1240E-13  0.4040E-13  0.5870E-13  0.7020E-13  0.8400E-13  0.9640E-13  0.1050E-12  0.1060E-12  0.1030E-12
  0.1000E+15  0.1010E-41  0.7410E-32  0.5300E-24  0.3670E-18  0.2730E-15  0.1240E-13  0.4040E-13  0.5870E-13  0.7020E-13  0.8400E-13  0.9640E-13  0.1050E-12  0.1060E-12  0.1030E-12
  0.1000E+16  0.1010E-41  0.7410E-32  0.5300E-24  0.3670E-18  0.2730E-15  0.1240E-13  0.4040E-13  0.5870E-13  0.7020E-13  0.8400E-13  0.9640E-13  0.1050E-12  0.1060E-12  0.1030E-12
  0.1000E+17  0.1020E-41  0.7430E-32  0.5310E-24  0.3670E-18  0.2740E-15  0.1240E-13  0.4040E-13  0.5870E-13  0.7020E-13  0.8400E-13  0.9650E-13  0.1050E-12  0.1060E-12  0.1030E-12
WAVELENGTH(A)= 
     8.711
 7 14 t 
excit   
    68.400    103.000    171.000    342.000    684.000   1710.000   3420.000   5130.000   6840.000  10300.000  17100.000  34200.000  68400.000 103000.000 
  0.1000E+11  0.1000E-73  0.7500E-32  0.7230E-24  0.6060E-18  0.4710E-15  0.2020E-13  0.6000E-13  0.8030E-13  0.9000E-13  0.9630E-13  0.9460E-13  0.8220E-13  0.6630E-13  0.5720E-13
  0.1000E+12  0.6000E-42  0.7500E-32  0.7230E-24  0.6060E-18  0.4710E-15  0.2020E-13  0.6000E-13  0.8030E-13  0.9000E-13  0.9630E-13  0.9460E-13  0.8220E-13  0.6630E-13  0.5720E-13
  0.1000E+13  0.6900E-42  0.7500E-32  0.7230E-24  0.6060E-18  0.4710E-15  0.2020E-13  0.6000E-13  0.8030E-13  0.9000E-13  0.9630E-13  0.9460E-13  0.8220E-13  0.6630E-13  0.5720E-13
  0.1000E+14  0.6960E-42  0.7500E-32  0.7230E-24  0.6060E-18  0.4710E-15  0.2020E-13  0.6000E-13  0.8030E-13  0.9000E-13  0.9630E-13  0.9460E-13  0.8220E-13  0.6630E-13  0.5720E-13
  0.1000E+15  0.6970E-42  0.7500E-32  0.7230E-24  0.6060E-18  0.4710E-15  0.2020E-13  0.6000E-13  0.8030E-13  0.9000E-13  0.9630E-13  0.9460E-13  0.8220E-13  0.6630E-13  0.5720E-13
  0.1000E+16  0.6970E-42  0.7500E-32  0.7230E-24  0.6060E-18  0.4710E-15  0.2020E-13  0.6000E-13  0.8030E-13  0.9000E-13  0.9630E-13  0.9460E-13  0.8220E-13  0.6630E-13  0.5720E-13
  0.1000E+17  0.6980E-42  0.7510E-32  0.7230E-24  0.6060E-18  0.4710E-15  0.2020E-13  0.6000E-13  0.8040E-13  0.9000E-13  0.9630E-13  0.9460E-13  0.8220E-13  0.6630E-13  0.5720E-13
WAVELENGTH(A)= 
     9.089
 7 14 t 
excit   
    68.400    103.000    171.000    342.000    684.000   1710.000   3420.000   5130.000   6840.000  10300.000  17100.000  34200.000  68400.000 103000.000 
  0.1000E+11  0.1000E-73  0.1100E-31  0.1100E-23  0.9550E-18  0.7470E-15  0.3230E-13  0.9630E-13  0.1280E-12  0.1440E-12  0.1530E-12  0.1490E-12  0.1300E-12  0.1040E-12  0.8880E-13
  0.1000E+12  0.9810E-42  0.1100E-31  0.1100E-23  0.9550E-18  0.7470E-15  0.3230E-13  0.9630E-13  0.1280E-12  0.1440E-12  0.1530E-12  0.1490E-12  0.1300E-12  0.1040E-12  0.8880E-13
  0.1000E+13  0.9810E-42  0.1100E-31  0.1100E-23  0.9550E-18  0.7470E-15  0.3230E-13  0.9630E-13  0.1280E-12  0.1440E-12  0.1530E-12  0.1490E-12  0.1300E-12  0.1040E-12  0.8880E-13
  0.1000E+14  0.9710E-42  0.1100E-31  0.1100E-23  0.9550E-18  0.7470E-15  0.3230E-13  0.9630E-13  0.1280E-12  0.1440E-12  0.1530E-12  0.1490E-12  0.1300E-12  0.1040E-12  0.8880E-13
  0.1000E+15  0.9720E-42  0.1100E-31  0.1100E-23  0.9550E-18  0.7470E-15  0.3230E-13  0.9630E-13  0.1280E-12  0.1440E-12  0.1530E-12  0.1490E-12  0.1300E-12  0.1040E-12  0.8880E-13
  0.1000E+16  0.9720E-42  0.1100E-31  0.1100E-23  0.9550E-18  0.7470E-15  0.3230E-13  0.9630E-13  0.1280E-12  0.1440E-12  0.1530E-12  0.1490E-12  0.1300E-12  0.1040E-12  0.8880E-13
  0.1000E+17  0.9720E-42  0.1100E-31  0.1100E-23  0.9550E-18  0.7460E-15  0.3230E-13  0.9620E-13  0.1280E-12  0.1440E-12  0.1530E-12  0.1490E-12  0.1300E-12  0.1040E-12  0.8880E-13
WAVELENGTH(A)= 
     9.759
 7 14 t 
excit   
    68.400    103.000    171.000    342.000    684.000   1710.000   3420.000   5130.000   6840.000  10300.000  17100.000  34200.000  68400.000 103000.000 
  0.1000E+11  0.8360E-41  0.4120E-31  0.2190E-23  0.1170E-17  0.7240E-15  0.2710E-13  0.7610E-13  0.1000E-12  0.1100E-12  0.1170E-12  0.1130E-12  0.9640E-13  0.7650E-13  0.6540E-13
  0.1000E+12  0.8120E-41  0.4120E-31  0.2190E-23  0.1170E-17  0.7240E-15  0.2710E-13  0.7610E-13  0.1000E-12  0.1100E-12  0.1170E-12  0.1130E-12  0.9640E-13  0.7650E-13  0.6540E-13
  0.1000E+13  0.8080E-41  0.4120E-31  0.2190E-23  0.1170E-17  0.7240E-15  0.2710E-13  0.7610E-13  0.1000E-12  0.1100E-12  0.1170E-12  0.1130E-12  0.9640E-13  0.7650E-13  0.6540E-13
  0.1000E+14  0.8080E-41  0.4120E-31  0.2190E-23  0.1170E-17  0.7240E-15  0.2710E-13  0.7610E-13  0.1000E-12  0.1100E-12  0.1170E-12  0.1130E-12  0.9640E-13  0.7650E-13  0.6540E-13
  0.1000E+15  0.8080E-41  0.4120E-31  0.2190E-23  0.1170E-17  0.7240E-15  0.2710E-13  0.7610E-13  0.1000E-12  0.1100E-12  0.1170E-12  0.1130E-12  0.9640E-13  0.7650E-13  0.6540E-13
  0.1000E+16  0.8080E-41  0.4120E-31  0.2190E-23  0.1170E-17  0.7240E-15  0.2710E-13  0.7610E-13  0.1000E-12  0.1100E-12  0.1170E-12  0.1130E-12  0.9640E-13  0.7650E-13  0.6540E-13
  0.1000E+17  0.8080E-41  0.4120E-31  0.2190E-23  0.1170E-17  0.7230E-15  0.2710E-13  0.7610E-13  0.1000E-12  0.1100E-12  0.1170E-12  0.1130E-12  0.9640E-13  0.7650E-13  0.6540E-13
WAVELENGTH(A)= 
    10.324
 7 14 t 
excit   
    68.400    103.000    171.000    342.000    684.000   1710.000   3420.000   5130.000   6840.000  10300.000  17100.000  34200.000  68400.000 103000.000 
  0.1000E+11  0.1250E-40  0.6140E-31  0.3260E-23  0.1740E-17  0.1080E-14  0.4040E-13  0.1130E-12  0.1490E-12  0.1650E-12  0.1740E-12  0.1680E-12  0.1440E-12  0.1140E-12  0.9750E-13
  0.1000E+12  0.1210E-40  0.6140E-31  0.3260E-23  0.1740E-17  0.1080E-14  0.4040E-13  0.1130E-12  0.1490E-12  0.1650E-12  0.1740E-12  0.1680E-12  0.1440E-12  0.1140E-12  0.9750E-13
  0.1000E+13  0.1200E-40  0.6140E-31  0.3260E-23  0.1740E-17  0.1080E-14  0.4040E-13  0.1130E-12  0.1490E-12  0.1650E-12  0.1740E-12  0.1680E-12  0.1440E-12  0.1140E-12  0.9750E-13
  0.1000E+14  0.1200E-40  0.6140E-31  0.3260E-23  0.1740E-17  0.1080E-14  0.4040E-13  0.1130E-12  0.1490E-12  0.1650E-12  0.1740E-12  0.1680E-12  0.1440E-12  0.1140E-12  0.9750E-13
  0.1000E+15  0.1200E-40  0.6140E-31  0.3260E-23  0.1740E-17  0.1080E-14  0.4040E-13  0.1130E-12  0.1490E-12  0.1650E-12  0.1740E-12  0.1680E-12  0.1440E-12  0.1140E-12  0.9750E-13
  0.1000E+16  0.1200E-40  0.6140E-31  0.3260E-23  0.1740E-17  0.1080E-14  0.4030E-13  0.1130E-12  0.1490E-12  0.1650E-12  0.1740E-12  0.1680E-12  0.1440E-12  0.1140E-12  0.9750E-13
  0.1000E+17  0.1200E-40  0.6140E-31  0.3260E-23  0.1740E-17  0.1080E-14  0.4030E-13  0.1130E-12  0.1490E-12  0.1650E-12  0.1740E-12  0.1680E-12  0.1440E-12  0.1140E-12  0.9750E-13
WAVELENGTH(A)= 
    22.774
 7 14 t 
excit   
    68.400    103.000    171.000    342.000    684.000   1710.000   3420.000   5130.000   6840.000  10300.000  17100.000  34200.000  68400.000 103000.000 
  0.1000E+11  0.5320E-12  0.6240E-11  0.4130E-10  0.1510E-09  0.2530E-09  0.2950E-09  0.2780E-09  0.2600E-09  0.2450E-09  0.2230E-09  0.1940E-09  0.1580E-09  0.1260E-09  0.1100E-09
  0.1000E+12  0.5320E-12  0.6240E-11  0.4130E-10  0.1510E-09  0.2530E-09  0.2950E-09  0.2780E-09  0.2600E-09  0.2450E-09  0.2230E-09  0.1940E-09  0.1580E-09  0.1260E-09  0.1100E-09
  0.1000E+13  0.5320E-12  0.6240E-11  0.4130E-10  0.1510E-09  0.2530E-09  0.2950E-09  0.2780E-09  0.2600E-09  0.2450E-09  0.2230E-09  0.1940E-09  0.1580E-09  0.1260E-09  0.1100E-09
  0.1000E+14  0.5320E-12  0.6240E-11  0.4130E-10  0.1510E-09  0.2530E-09  0.2950E-09  0.2780E-09  0.2600E-09  0.2450E-09  0.2230E-09  0.1940E-09  0.1580E-09  0.1260E-09  0.1100E-09
  0.1000E+15  0.5320E-12  0.6240E-11  0.4130E-10  0.1510E-09  0.2530E-09  0.2950E-09  0.2780E-09  0.2600E-09  0.2450E-09  0.2230E-09  0.1940E-09  0.1580E-09  0.1260E-09  0.1100E-09
  0.1000E+16  0.5320E-12  0.6240E-11  0.4130E-10  0.1510E-09  0.2530E-09  0.2950E-09  0.2780E-09  0.2600E-09  0.2450E-09  0.2230E-09  0.1940E-09  0.1580E-09  0.1260E-09  0.1100E-09
  0.1000E+17  0.5320E-12  0.6240E-11  0.4130E-10  0.1510E-09  0.2530E-09  0.2950E-09  0.2780E-09  0.2600E-09  0.2450E-09  0.2230E-09  0.1940E-09  0.1580E-09  0.1260E-09  0.1100E-09
WAVELENGTH(A)= 
    26.831
 7 14 t 
excit   
    68.400    103.000    171.000    342.000    684.000   1710.000   3420.000   5130.000   6840.000  10300.000  17100.000  34200.000  68400.000 103000.000 
  0.1000E+11  0.1200E-15  0.5180E-14  0.9570E-13  0.7340E-12  0.1730E-11  0.2270E-11  0.2090E-11  0.1880E-11  0.1700E-11  0.1470E-11  0.1200E-11  0.8950E-12  0.6640E-12  0.5550E-12
  0.1000E+12  0.1200E-15  0.5180E-14  0.9570E-13  0.7340E-12  0.1730E-11  0.2270E-11  0.2090E-11  0.1880E-11  0.1700E-11  0.1470E-11  0.1200E-11  0.8950E-12  0.6640E-12  0.5550E-12
  0.1000E+13  0.1200E-15  0.5180E-14  0.9570E-13  0.7340E-12  0.1730E-11  0.2270E-11  0.2090E-11  0.1880E-11  0.1700E-11  0.1470E-11  0.1200E-11  0.8950E-12  0.6640E-12  0.5550E-12
  0.1000E+14  0.1200E-15  0.5180E-14  0.9570E-13  0.7340E-12  0.1730E-11  0.2270E-11  0.2090E-11  0.1880E-11  0.1700E-11  0.1470E-11  0.1200E-11  0.8950E-12  0.6640E-12  0.5550E-12
  0.1000E+15  0.1200E-15  0.5180E-14  0.9570E-13  0.7340E-12  0.1730E-11  0.2270E-11  0.2090E-11  0.1880E-11  0.1700E-11  0.1470E-11  0.1200E-11  0.8950E-12  0.6640E-12  0.5550E-12
  0.1000E+16  0.1200E-15  0.5180E-14  0.9570E-13  0.7340E-12  0.1730E-11  0.2270E-11  0.2090E-11  0.1880E-11  0.1700E-11  0.1470E-11  0.1200E-11  0.8950E-12  0.6640E-12  0.5550E-12
  0.1000E+17  0.1200E-15  0.5180E-14  0.9570E-13  0.7340E-12  0.1730E-11  0.2270E-11  0.2090E-11  0.1880E-11  0.1700E-11  0.1470E-11  0.1200E-11  0.8950E-12  0.6640E-12  0.5550E-12
WAVELENGTH(A)= 
    30.433
 7 14 t 
excit   
    68.400    103.000    171.000    342.000    684.000   1710.000   3420.000   5130.000   6840.000  10300.000  17100.000  34200.000  68400.000 103000.000 
  0.1000E+11  0.9590E-15  0.3160E-13  0.4730E-12  0.3100E-11  0.6740E-11  0.8650E-11  0.8050E-11  0.7340E-11  0.6780E-11  0.6010E-11  0.5090E-11  0.4030E-11  0.3180E-11  0.2760E-11
  0.1000E+12  0.9590E-15  0.3160E-13  0.4730E-12  0.3100E-11  0.6740E-11  0.8650E-11  0.8050E-11  0.7340E-11  0.6780E-11  0.6010E-11  0.5090E-11  0.4030E-11  0.3180E-11  0.2760E-11
  0.1000E+13  0.9590E-15  0.3160E-13  0.4730E-12  0.3100E-11  0.6740E-11  0.8650E-11  0.8050E-11  0.7340E-11  0.6780E-11  0.6010E-11  0.5090E-11  0.4030E-11  0.3180E-11  0.2760E-11
  0.1000E+14  0.9590E-15  0.3160E-13  0.4730E-12  0.3100E-11  0.6740E-11  0.8650E-11  0.8050E-11  0.7340E-11  0.6780E-11  0.6010E-11  0.5090E-11  0.4030E-11  0.3180E-11  0.2760E-11
  0.1000E+15  0.9590E-15  0.3160E-13  0.4730E-12  0.3100E-11  0.6740E-11  0.8650E-11  0.8050E-11  0.7340E-11  0.6790E-11  0.6010E-11  0.5090E-11  0.4030E-11  0.3180E-11  0.2760E-11
  0.1000E+16  0.9600E-15  0.3170E-13  0.4730E-12  0.3100E-11  0.6740E-11  0.8650E-11  0.8050E-11  0.7340E-11  0.6790E-11  0.6010E-11  0.5090E-11  0.4030E-11  0.3180E-11  0.2760E-11
  0.1000E+17  0.9680E-15  0.3190E-13  0.4760E-12  0.3120E-11  0.6770E-11  0.8680E-11  0.8070E-11  0.7360E-11  0.6800E-11  0.6020E-11  0.5100E-11  0.4040E-11  0.3180E-11  0.2770E-11
WAVELENGTH(A)= 
    30.769
 7 14 t 
excit   
    68.400    103.000    171.000    342.000    684.000   1710.000   3420.000   5130.000   6840.000  10300.000  17100.000  34200.000  68400.000 103000.000 
  0.1000E+11  0.1000E-73  0.1000E-73  0.6040E-39  0.2640E-25  0.1470E-18  0.1300E-14  0.2240E-13  0.5340E-13  0.7960E-13  0.1130E-12  0.1380E-12  0.1410E-12  0.1230E-12  0.1100E-12
  0.1000E+12  0.1000E-73  0.1000E-73  0.6040E-39  0.2640E-25  0.1470E-18  0.1300E-14  0.2240E-13  0.5340E-13  0.7960E-13  0.1130E-12  0.1380E-12  0.1410E-12  0.1230E-12  0.1100E-12
  0.1000E+13  0.1000E-73  0.1000E-73  0.6040E-39  0.2640E-25  0.1470E-18  0.1300E-14  0.2240E-13  0.5340E-13  0.7960E-13  0.1130E-12  0.1380E-12  0.1410E-12  0.1230E-12  0.1100E-12
  0.1000E+14  0.1000E-73  0.1000E-73  0.6040E-39  0.2640E-25  0.1470E-18  0.1300E-14  0.2240E-13  0.5340E-13  0.7960E-13  0.1130E-12  0.1380E-12  0.1410E-12  0.1230E-12  0.1100E-12
  0.1000E+15  0.1000E-73  0.1000E-73  0.6040E-39  0.2640E-25  0.1470E-18  0.1300E-14  0.2240E-13  0.5340E-13  0.7960E-13  0.1130E-12  0.1380E-12  0.1410E-12  0.1230E-12  0.1100E-12
  0.1000E+16  0.1000E-73  0.1000E-73  0.6040E-39  0.2640E-25  0.1470E-18  0.1300E-14  0.2240E-13  0.5340E-13  0.7960E-13  0.1130E-12  0.1380E-12  0.1410E-12  0.1230E-12  0.1100E-12
  0.1000E+17  0.1000E-73  0.1000E-73  0.6040E-39  0.2640E-25  0.1470E-18  0.1300E-14  0.2240E-13  0.5340E-13  0.7950E-13  0.1130E-12  0.1380E-12  0.1410E-12  0.1230E-12  0.1100E-12
WAVELENGTH(A)= 
    35.303
 7 14 t 
excit   
    68.400    103.000    171.000    342.000    684.000   1710.000   3420.000   5130.000   6840.000  10300.000  17100.000  34200.000  68400.000 103000.000 
  0.1000E+11  0.4940E-11  0.2280E-10  0.7250E-10  0.1560E-09  0.2070E-09  0.2080E-09  0.1840E-09  0.1670E-09  0.1540E-09  0.1360E-09  0.1160E-09  0.9080E-10  0.7040E-10  0.6050E-10
  0.1000E+12  0.4940E-11  0.2280E-10  0.7250E-10  0.1560E-09  0.2070E-09  0.2080E-09  0.1840E-09  0.1670E-09  0.1540E-09  0.1360E-09  0.1160E-09  0.9080E-10  0.7040E-10  0.6050E-10
  0.1000E+13  0.4940E-11  0.2280E-10  0.7250E-10  0.1560E-09  0.2070E-09  0.2080E-09  0.1840E-09  0.1670E-09  0.1540E-09  0.1360E-09  0.1160E-09  0.9080E-10  0.7040E-10  0.6050E-10
  0.1000E+14  0.4940E-11  0.2280E-10  0.7250E-10  0.1560E-09  0.2070E-09  0.2080E-09  0.1840E-09  0.1670E-09  0.1540E-09  0.1360E-09  0.1160E-09  0.9080E-10  0.7040E-10  0.6050E-10
  0.1000E+15  0.4940E-11  0.2280E-10  0.7250E-10  0.1560E-09  0.2070E-09  0.2080E-09  0.1840E-09  0.1670E-09  0.1540E-09  0.1360E-09  0.1160E-09  0.9080E-10  0.7040E-10  0.6050E-10
  0.1000E+16  0.4940E-11  0.2280E-10  0.7250E-10  0.1560E-09  0.2070E-09  0.2080E-09  0.1840E-09  0.1670E-09  0.1540E-09  0.1360E-09  0.1160E-09  0.9080E-10  0.7040E-10  0.6050E-10
  0.1000E+17  0.4940E-11  0.2280E-10  0.7250E-10  0.1560E-09  0.2060E-09  0.2080E-09  0.1840E-09  0.1670E-09  0.1540E-09  0.1360E-09  0.1160E-09  0.9070E-10  0.7040E-10  0.6050E-10
WAVELENGTH(A)= 
    43.290
 7 14 t 
excit   
    68.400    103.000    171.000    342.000    684.000   1710.000   3420.000   5130.000   6840.000  10300.000  17100.000  34200.000  68400.000 103000.000 
  0.1000E+11  0.1000E-73  0.1000E-73  0.1160E-35  0.5210E-24  0.3060E-18  0.9370E-15  0.1430E-13  0.3420E-13  0.5150E-13  0.7430E-13  0.9280E-13  0.9790E-13  0.8840E-13  0.7970E-13
  0.1000E+12  0.1000E-73  0.1000E-73  0.1160E-35  0.5210E-24  0.3060E-18  0.9370E-15  0.1430E-13  0.3420E-13  0.5150E-13  0.7430E-13  0.9280E-13  0.9790E-13  0.8840E-13  0.7970E-13
  0.1000E+13  0.1000E-73  0.1000E-73  0.1160E-35  0.5210E-24  0.3060E-18  0.9370E-15  0.1430E-13  0.3420E-13  0.5150E-13  0.7430E-13  0.9280E-13  0.9790E-13  0.8840E-13  0.7970E-13
  0.1000E+14  0.1000E-73  0.1000E-73  0.1160E-35  0.5210E-24  0.3060E-18  0.9370E-15  0.1430E-13  0.3420E-13  0.5150E-13  0.7430E-13  0.9280E-13  0.9790E-13  0.8840E-13  0.7970E-13
  0.1000E+15  0.1000E-73  0.1000E-73  0.1160E-35  0.5210E-24  0.3060E-18  0.9370E-15  0.1430E-13  0.3420E-13  0.5150E-13  0.7430E-13  0.9280E-13  0.9790E-13  0.8840E-13  0.7970E-13
  0.1000E+16  0.1000E-73  0.1000E-73  0.1160E-35  0.5210E-24  0.3060E-18  0.9370E-15  0.1430E-13  0.3420E-13  0.5150E-13  0.7430E-13  0.9280E-13  0.9790E-13  0.8840E-13  0.7970E-13
  0.1000E+17  0.1000E-73  0.1000E-73  0.1160E-35  0.5210E-24  0.3060E-18  0.9370E-15  0.1430E-13  0.3420E-13  0.5150E-13  0.7430E-13  0.9280E-13  0.9790E-13  0.8840E-13  0.7970E-13
WAVELENGTH(A)= 
    46.108
 7 14 t 
excit   
    68.400    103.000    171.000    342.000    684.000   1710.000   3420.000   5130.000   6840.000  10300.000  17100.000  34200.000  68400.000 103000.000 
  0.1000E+11  0.8750E-15  0.3790E-13  0.6980E-12  0.5360E-11  0.1260E-10  0.1660E-10  0.1530E-10  0.1370E-10  0.1240E-10  0.1070E-10  0.8750E-11  0.6540E-11  0.4850E-11  0.4050E-11
  0.1000E+12  0.8750E-15  0.3790E-13  0.6980E-12  0.5360E-11  0.1260E-10  0.1660E-10  0.1530E-10  0.1370E-10  0.1240E-10  0.1070E-10  0.8750E-11  0.6540E-11  0.4850E-11  0.4050E-11
  0.1000E+13  0.8750E-15  0.3790E-13  0.6980E-12  0.5360E-11  0.1260E-10  0.1660E-10  0.1530E-10  0.1370E-10  0.1240E-10  0.1070E-10  0.8750E-11  0.6540E-11  0.4850E-11  0.4050E-11
  0.1000E+14  0.8750E-15  0.3790E-13  0.6980E-12  0.5360E-11  0.1260E-10  0.1660E-10  0.1530E-10  0.1370E-10  0.1240E-10  0.1070E-10  0.8750E-11  0.6540E-11  0.4850E-11  0.4050E-11
  0.1000E+15  0.8750E-15  0.3790E-13  0.6980E-12  0.5360E-11  0.1260E-10  0.1660E-10  0.1530E-10  0.1370E-10  0.1240E-10  0.1070E-10  0.8750E-11  0.6540E-11  0.4850E-11  0.4050E-11
  0.1000E+16  0.8750E-15  0.3790E-13  0.6980E-12  0.5360E-11  0.1260E-10  0.1660E-10  0.1530E-10  0.1370E-10  0.1240E-10  0.1070E-10  0.8750E-11  0.6540E-11  0.4850E-11  0.4050E-11
  0.1000E+17  0.8750E-15  0.3790E-13  0.6980E-12  0.5360E-11  0.1260E-10  0.1660E-10  0.1530E-10  0.1370E-10  0.1240E-10  0.1070E-10  0.8750E-11  0.6540E-11  0.4850E-11  0.4050E-11
WAVELENGTH(A)= 
   218.341
 7 14 t 
excit   
    68.400    103.000    171.000    342.000    684.000   1710.000   3420.000   5130.000   6840.000  10300.000  17100.000  34200.000  68400.000 103000.000 
  0.1000E+11  0.1000E-73  0.1000E-73  0.1450E-34  0.6520E-23  0.3710E-17  0.8580E-14  0.9920E-13  0.2110E-12  0.2970E-12  0.4010E-12  0.4730E-12  0.4790E-12  0.4240E-12  0.3810E-12
  0.1000E+12  0.1000E-73  0.1000E-73  0.1450E-34  0.6520E-23  0.3710E-17  0.8580E-14  0.9920E-13  0.2110E-12  0.2970E-12  0.4010E-12  0.4730E-12  0.4790E-12  0.4240E-12  0.3810E-12
  0.1000E+13  0.1000E-73  0.1000E-73  0.1450E-34  0.6520E-23  0.3710E-17  0.8580E-14  0.9920E-13  0.2110E-12  0.2970E-12  0.4010E-12  0.4730E-12  0.4790E-12  0.4240E-12  0.3810E-12
  0.1000E+14  0.1000E-73  0.1000E-73  0.1450E-34  0.6520E-23  0.3710E-17  0.8580E-14  0.9920E-13  0.2110E-12  0.2970E-12  0.4010E-12  0.4730E-12  0.4790E-12  0.4240E-12  0.3810E-12
  0.1000E+15  0.1000E-73  0.1000E-73  0.1450E-34  0.6520E-23  0.3710E-17  0.8580E-14  0.9920E-13  0.2110E-12  0.2970E-12  0.4010E-12  0.4730E-12  0.4790E-12  0.4240E-12  0.3810E-12
  0.1000E+16  0.1000E-73  0.1000E-73  0.1450E-34  0.6520E-23  0.3710E-17  0.8580E-14  0.9920E-13  0.2110E-12  0.2970E-12  0.4010E-12  0.4730E-12  0.4790E-12  0.4240E-12  0.3810E-12
  0.1000E+17  0.1000E-73  0.1000E-73  0.1450E-34  0.6520E-23  0.3710E-17  0.8580E-14  0.9920E-13  0.2100E-12  0.2970E-12  0.4010E-12  0.4730E-12  0.4790E-12  0.4240E-12  0.3810E-12
