 50  7 14
WAVELENGTH(A)= 
     2.237
 7 14 t 
excit   
    64.100     96.200    160.000    321.000    641.000   1600.000   3210.000   4810.000   6410.000   9620.000  16000.000  32100.000  64100.000  96200.000 
  0.1000E+11  0.1000E-73  0.1010E-36  0.8000E-27  0.1830E-19  0.7390E-16  0.8680E-14  0.3710E-13  0.5760E-13  0.7090E-13  0.8580E-13  0.9820E-13  0.1050E-12  0.1030E-12  0.9850E-13
  0.1000E+12  0.1000E-73  0.1010E-36  0.8000E-27  0.1830E-19  0.7390E-16  0.8680E-14  0.3710E-13  0.5760E-13  0.7090E-13  0.8580E-13  0.9820E-13  0.1050E-12  0.1030E-12  0.9850E-13
  0.1000E+13  0.1000E-73  0.1010E-36  0.8000E-27  0.1830E-19  0.7390E-16  0.8680E-14  0.3710E-13  0.5760E-13  0.7090E-13  0.8580E-13  0.9820E-13  0.1050E-12  0.1030E-12  0.9850E-13
  0.1000E+14  0.1000E-73  0.1010E-36  0.8000E-27  0.1830E-19  0.7390E-16  0.8680E-14  0.3710E-13  0.5760E-13  0.7090E-13  0.8580E-13  0.9820E-13  0.1050E-12  0.1030E-12  0.9850E-13
  0.1000E+15  0.1000E-73  0.1010E-36  0.8000E-27  0.1830E-19  0.7390E-16  0.8680E-14  0.3710E-13  0.5760E-13  0.7090E-13  0.8580E-13  0.9820E-13  0.1050E-12  0.1030E-12  0.9850E-13
  0.1000E+16  0.1000E-73  0.1010E-36  0.8010E-27  0.1830E-19  0.7390E-16  0.8680E-14  0.3710E-13  0.5760E-13  0.7090E-13  0.8580E-13  0.9820E-13  0.1050E-12  0.1030E-12  0.9850E-13
  0.1000E+17  0.1000E-73  0.1010E-36  0.8010E-27  0.1830E-19  0.7390E-16  0.8680E-14  0.3710E-13  0.5760E-13  0.7090E-13  0.8580E-13  0.9820E-13  0.1050E-12  0.1030E-12  0.9850E-13
WAVELENGTH(A)= 
     2.343
 7 14 t 
excit   
    64.100     96.200    160.000    321.000    641.000   1600.000   3210.000   4810.000   6410.000   9620.000  16000.000  32100.000  64100.000  96200.000 
  0.1000E+11  0.1000E-73  0.2410E-35  0.6770E-26  0.7160E-19  0.1990E-15  0.1870E-13  0.7420E-13  0.1130E-12  0.1370E-12  0.1640E-12  0.1870E-12  0.1980E-12  0.1930E-12  0.1850E-12
  0.1000E+12  0.1000E-73  0.2410E-35  0.6770E-26  0.7160E-19  0.1990E-15  0.1870E-13  0.7420E-13  0.1130E-12  0.1370E-12  0.1640E-12  0.1870E-12  0.1980E-12  0.1930E-12  0.1850E-12
  0.1000E+13  0.1000E-73  0.2410E-35  0.6770E-26  0.7160E-19  0.1990E-15  0.1870E-13  0.7420E-13  0.1130E-12  0.1370E-12  0.1640E-12  0.1870E-12  0.1980E-12  0.1930E-12  0.1850E-12
  0.1000E+14  0.1000E-73  0.2410E-35  0.6770E-26  0.7160E-19  0.1990E-15  0.1870E-13  0.7420E-13  0.1130E-12  0.1370E-12  0.1640E-12  0.1870E-12  0.1980E-12  0.1930E-12  0.1850E-12
  0.1000E+15  0.1000E-73  0.2410E-35  0.6770E-26  0.7160E-19  0.1990E-15  0.1870E-13  0.7420E-13  0.1130E-12  0.1370E-12  0.1640E-12  0.1870E-12  0.1980E-12  0.1930E-12  0.1850E-12
  0.1000E+16  0.1000E-73  0.2410E-35  0.6770E-26  0.7160E-19  0.1990E-15  0.1870E-13  0.7420E-13  0.1130E-12  0.1370E-12  0.1640E-12  0.1870E-12  0.1980E-12  0.1930E-12  0.1850E-12
  0.1000E+17  0.2310E-47  0.2410E-35  0.6770E-26  0.7160E-19  0.1990E-15  0.1870E-13  0.7420E-13  0.1130E-12  0.1370E-12  0.1640E-12  0.1870E-12  0.1980E-12  0.1930E-12  0.1850E-12
WAVELENGTH(A)= 
     2.404
 7 14 t 
excit   
    64.100     96.200    160.000    321.000    641.000   1600.000   3210.000   4810.000   6410.000   9620.000  16000.000  32100.000  64100.000  96200.000 
  0.1000E+11  0.1000E-73  0.5730E-37  0.4710E-27  0.1100E-19  0.4500E-16  0.5130E-14  0.2050E-13  0.2980E-13  0.3440E-13  0.3750E-13  0.3670E-13  0.3090E-13  0.2380E-13  0.2000E-13
  0.1000E+12  0.1000E-73  0.5730E-37  0.4710E-27  0.1100E-19  0.4500E-16  0.5130E-14  0.2050E-13  0.2980E-13  0.3440E-13  0.3750E-13  0.3670E-13  0.3090E-13  0.2380E-13  0.2000E-13
  0.1000E+13  0.1000E-73  0.5730E-37  0.4710E-27  0.1100E-19  0.4500E-16  0.5130E-14  0.2050E-13  0.2980E-13  0.3440E-13  0.3750E-13  0.3670E-13  0.3090E-13  0.2380E-13  0.2000E-13
  0.1000E+14  0.1000E-73  0.5730E-37  0.4710E-27  0.1100E-19  0.4500E-16  0.5130E-14  0.2050E-13  0.2980E-13  0.3440E-13  0.3750E-13  0.3670E-13  0.3090E-13  0.2380E-13  0.2000E-13
  0.1000E+15  0.1000E-73  0.5730E-37  0.4710E-27  0.1100E-19  0.4500E-16  0.5130E-14  0.2050E-13  0.2980E-13  0.3440E-13  0.3750E-13  0.3670E-13  0.3090E-13  0.2380E-13  0.2000E-13
  0.1000E+16  0.1000E-73  0.5730E-37  0.4710E-27  0.1100E-19  0.4500E-16  0.5130E-14  0.2050E-13  0.2980E-13  0.3440E-13  0.3750E-13  0.3670E-13  0.3090E-13  0.2380E-13  0.2000E-13
  0.1000E+17  0.1000E-73  0.5730E-37  0.4710E-27  0.1100E-19  0.4500E-16  0.5130E-14  0.2050E-13  0.2980E-13  0.3440E-13  0.3750E-13  0.3670E-13  0.3090E-13  0.2380E-13  0.2000E-13
WAVELENGTH(A)= 
     2.524
 7 14 t 
excit   
    64.100     96.200    160.000    321.000    641.000   1600.000   3210.000   4810.000   6410.000   9620.000  16000.000  32100.000  64100.000  96200.000 
  0.1000E+11  0.1000E-73  0.1440E-35  0.4260E-26  0.4650E-19  0.1290E-15  0.1180E-13  0.4370E-13  0.6210E-13  0.7100E-13  0.7670E-13  0.7440E-13  0.6260E-13  0.4850E-13  0.4090E-13
  0.1000E+12  0.1000E-73  0.1440E-35  0.4260E-26  0.4650E-19  0.1290E-15  0.1180E-13  0.4370E-13  0.6210E-13  0.7100E-13  0.7670E-13  0.7440E-13  0.6260E-13  0.4850E-13  0.4090E-13
  0.1000E+13  0.1000E-73  0.1440E-35  0.4260E-26  0.4650E-19  0.1290E-15  0.1180E-13  0.4370E-13  0.6210E-13  0.7100E-13  0.7670E-13  0.7440E-13  0.6260E-13  0.4850E-13  0.4090E-13
  0.1000E+14  0.1000E-73  0.1440E-35  0.4260E-26  0.4650E-19  0.1290E-15  0.1180E-13  0.4370E-13  0.6210E-13  0.7100E-13  0.7670E-13  0.7440E-13  0.6260E-13  0.4850E-13  0.4090E-13
  0.1000E+15  0.1000E-73  0.1440E-35  0.4260E-26  0.4650E-19  0.1290E-15  0.1180E-13  0.4370E-13  0.6210E-13  0.7100E-13  0.7670E-13  0.7440E-13  0.6260E-13  0.4850E-13  0.4090E-13
  0.1000E+16  0.1000E-73  0.1440E-35  0.4260E-26  0.4650E-19  0.1290E-15  0.1180E-13  0.4370E-13  0.6210E-13  0.7100E-13  0.7670E-13  0.7440E-13  0.6260E-13  0.4850E-13  0.4090E-13
  0.1000E+17  0.2970E-47  0.1440E-35  0.4260E-26  0.4650E-19  0.1290E-15  0.1180E-13  0.4370E-13  0.6210E-13  0.7100E-13  0.7670E-13  0.7440E-13  0.6260E-13  0.4850E-13  0.4090E-13
WAVELENGTH(A)= 
     2.529
 7 14 t 
excit   
    64.100     96.200    160.000    321.000    641.000   1600.000   3210.000   4810.000   6410.000   9620.000  16000.000  32100.000  64100.000  96200.000 
  0.1000E+11  0.1000E-73  0.2760E-33  0.1540E-24  0.4910E-18  0.7530E-15  0.5040E-13  0.1810E-12  0.2650E-12  0.3170E-12  0.3750E-12  0.4240E-12  0.4470E-12  0.4360E-12  0.4170E-12
  0.1000E+12  0.1000E-73  0.2760E-33  0.1540E-24  0.4910E-18  0.7530E-15  0.5040E-13  0.1810E-12  0.2650E-12  0.3170E-12  0.3750E-12  0.4240E-12  0.4470E-12  0.4360E-12  0.4170E-12
  0.1000E+13  0.1000E-73  0.2760E-33  0.1540E-24  0.4910E-18  0.7530E-15  0.5040E-13  0.1810E-12  0.2650E-12  0.3170E-12  0.3750E-12  0.4240E-12  0.4470E-12  0.4360E-12  0.4170E-12
  0.1000E+14  0.3730E-44  0.2760E-33  0.1540E-24  0.4910E-18  0.7530E-15  0.5040E-13  0.1810E-12  0.2650E-12  0.3170E-12  0.3750E-12  0.4240E-12  0.4470E-12  0.4360E-12  0.4170E-12
  0.1000E+15  0.2980E-44  0.2760E-33  0.1540E-24  0.4910E-18  0.7530E-15  0.5040E-13  0.1810E-12  0.2650E-12  0.3170E-12  0.3750E-12  0.4240E-12  0.4470E-12  0.4360E-12  0.4170E-12
  0.1000E+16  0.2870E-44  0.2760E-33  0.1540E-24  0.4910E-18  0.7530E-15  0.5040E-13  0.1810E-12  0.2650E-12  0.3170E-12  0.3750E-12  0.4240E-12  0.4470E-12  0.4360E-12  0.4170E-12
  0.1000E+17  0.2880E-44  0.2760E-33  0.1540E-24  0.4910E-18  0.7530E-15  0.5040E-13  0.1810E-12  0.2650E-12  0.3170E-12  0.3750E-12  0.4240E-12  0.4470E-12  0.4360E-12  0.4170E-12
WAVELENGTH(A)= 
     2.577
 7 14 t 
excit   
    64.100     96.200    160.000    321.000    641.000   1600.000   3210.000   4810.000   6410.000   9620.000  16000.000  32100.000  64100.000  96200.000 
  0.1000E+11  0.1000E-73  0.5650E-34  0.2170E-25  0.5460E-19  0.7790E-16  0.5100E-14  0.1780E-13  0.2570E-13  0.3030E-13  0.3480E-13  0.3770E-13  0.3820E-13  0.3610E-13  0.3410E-13
  0.1000E+12  0.1000E-73  0.5650E-34  0.2170E-25  0.5460E-19  0.7790E-16  0.5100E-14  0.1780E-13  0.2570E-13  0.3030E-13  0.3480E-13  0.3770E-13  0.3820E-13  0.3610E-13  0.3410E-13
  0.1000E+13  0.1000E-73  0.5650E-34  0.2170E-25  0.5460E-19  0.7790E-16  0.5100E-14  0.1780E-13  0.2570E-13  0.3030E-13  0.3480E-13  0.3770E-13  0.3820E-13  0.3610E-13  0.3410E-13
  0.1000E+14  0.1840E-44  0.5650E-34  0.2170E-25  0.5460E-19  0.7790E-16  0.5100E-14  0.1780E-13  0.2570E-13  0.3030E-13  0.3480E-13  0.3770E-13  0.3820E-13  0.3610E-13  0.3410E-13
  0.1000E+15  0.9180E-45  0.5650E-34  0.2170E-25  0.5460E-19  0.7790E-16  0.5100E-14  0.1780E-13  0.2570E-13  0.3030E-13  0.3480E-13  0.3770E-13  0.3820E-13  0.3610E-13  0.3410E-13
  0.1000E+16  0.9550E-45  0.5650E-34  0.2170E-25  0.5460E-19  0.7790E-16  0.5100E-14  0.1780E-13  0.2570E-13  0.3030E-13  0.3480E-13  0.3770E-13  0.3820E-13  0.3610E-13  0.3410E-13
  0.1000E+17  0.9510E-45  0.5650E-34  0.2170E-25  0.5460E-19  0.7790E-16  0.5100E-14  0.1780E-13  0.2570E-13  0.3030E-13  0.3480E-13  0.3770E-13  0.3820E-13  0.3610E-13  0.3410E-13
WAVELENGTH(A)= 
     2.702
 7 14 t 
excit   
    64.100     96.200    160.000    321.000    641.000   1600.000   3210.000   4810.000   6410.000   9620.000  16000.000  32100.000  64100.000  96200.000 
  0.1000E+11  0.1000E-73  0.5810E-32  0.8730E-24  0.1030E-17  0.9470E-15  0.4670E-13  0.1540E-12  0.2260E-12  0.2740E-12  0.3330E-12  0.3950E-12  0.4500E-12  0.4700E-12  0.4640E-12
  0.1000E+12  0.3390E-42  0.5810E-32  0.8730E-24  0.1030E-17  0.9470E-15  0.4670E-13  0.1540E-12  0.2260E-12  0.2740E-12  0.3330E-12  0.3950E-12  0.4500E-12  0.4700E-12  0.4640E-12
  0.1000E+13  0.3050E-42  0.5810E-32  0.8730E-24  0.1030E-17  0.9470E-15  0.4670E-13  0.1540E-12  0.2260E-12  0.2740E-12  0.3330E-12  0.3950E-12  0.4500E-12  0.4700E-12  0.4640E-12
  0.1000E+14  0.3100E-42  0.5810E-32  0.8730E-24  0.1030E-17  0.9470E-15  0.4670E-13  0.1540E-12  0.2260E-12  0.2740E-12  0.3330E-12  0.3950E-12  0.4500E-12  0.4700E-12  0.4640E-12
  0.1000E+15  0.3110E-42  0.5810E-32  0.8730E-24  0.1030E-17  0.9470E-15  0.4670E-13  0.1540E-12  0.2260E-12  0.2740E-12  0.3330E-12  0.3950E-12  0.4500E-12  0.4700E-12  0.4640E-12
  0.1000E+16  0.3110E-42  0.5810E-32  0.8730E-24  0.1030E-17  0.9470E-15  0.4670E-13  0.1540E-12  0.2260E-12  0.2740E-12  0.3330E-12  0.3950E-12  0.4500E-12  0.4700E-12  0.4640E-12
  0.1000E+17  0.3110E-42  0.5810E-32  0.8730E-24  0.1030E-17  0.9470E-15  0.4670E-13  0.1540E-12  0.2260E-12  0.2740E-12  0.3330E-12  0.3950E-12  0.4500E-12  0.4700E-12  0.4640E-12
WAVELENGTH(A)= 
     2.735
 7 14 t 
excit   
    64.100     96.200    160.000    321.000    641.000   1600.000   3210.000   4810.000   6410.000   9620.000  16000.000  32100.000  64100.000  96200.000 
  0.1000E+11  0.1000E-73  0.1810E-33  0.1110E-24  0.3700E-18  0.5710E-15  0.3640E-13  0.1210E-12  0.1660E-12  0.1860E-12  0.1980E-12  0.1890E-12  0.1590E-12  0.1220E-12  0.1030E-12
  0.1000E+12  0.1000E-73  0.1810E-33  0.1110E-24  0.3700E-18  0.5710E-15  0.3640E-13  0.1210E-12  0.1660E-12  0.1860E-12  0.1980E-12  0.1890E-12  0.1590E-12  0.1220E-12  0.1030E-12
  0.1000E+13  0.1000E-73  0.1810E-33  0.1110E-24  0.3700E-18  0.5710E-15  0.3640E-13  0.1210E-12  0.1660E-12  0.1860E-12  0.1980E-12  0.1890E-12  0.1590E-12  0.1220E-12  0.1030E-12
  0.1000E+14  0.1000E-73  0.1810E-33  0.1110E-24  0.3700E-18  0.5710E-15  0.3640E-13  0.1210E-12  0.1660E-12  0.1860E-12  0.1980E-12  0.1890E-12  0.1590E-12  0.1220E-12  0.1030E-12
  0.1000E+15  0.1570E-44  0.1810E-33  0.1110E-24  0.3700E-18  0.5710E-15  0.3640E-13  0.1210E-12  0.1660E-12  0.1860E-12  0.1980E-12  0.1890E-12  0.1590E-12  0.1220E-12  0.1030E-12
  0.1000E+16  0.1680E-44  0.1810E-33  0.1110E-24  0.3700E-18  0.5710E-15  0.3640E-13  0.1210E-12  0.1660E-12  0.1860E-12  0.1980E-12  0.1890E-12  0.1590E-12  0.1220E-12  0.1030E-12
  0.1000E+17  0.1670E-44  0.1810E-33  0.1110E-24  0.3700E-18  0.5710E-15  0.3640E-13  0.1210E-12  0.1660E-12  0.1860E-12  0.1980E-12  0.1890E-12  0.1590E-12  0.1220E-12  0.1030E-12
WAVELENGTH(A)= 
     2.776
 7 14 t 
excit   
    64.100     96.200    160.000    321.000    641.000   1600.000   3210.000   4810.000   6410.000   9620.000  16000.000  32100.000  64100.000  96200.000 
  0.1000E+11  0.1000E-73  0.9770E-34  0.4540E-25  0.1250E-18  0.1760E-15  0.1090E-13  0.3640E-13  0.5020E-13  0.5740E-13  0.6200E-13  0.6190E-13  0.5410E-13  0.4400E-13  0.3820E-13
  0.1000E+12  0.1000E-73  0.9770E-34  0.4540E-25  0.1250E-18  0.1760E-15  0.1090E-13  0.3640E-13  0.5020E-13  0.5740E-13  0.6200E-13  0.6190E-13  0.5410E-13  0.4400E-13  0.3820E-13
  0.1000E+13  0.1000E-73  0.9770E-34  0.4540E-25  0.1250E-18  0.1760E-15  0.1090E-13  0.3640E-13  0.5020E-13  0.5740E-13  0.6200E-13  0.6190E-13  0.5410E-13  0.4400E-13  0.3820E-13
  0.1000E+14  0.1430E-44  0.9770E-34  0.4540E-25  0.1250E-18  0.1760E-15  0.1090E-13  0.3640E-13  0.5020E-13  0.5740E-13  0.6200E-13  0.6190E-13  0.5410E-13  0.4400E-13  0.3820E-13
  0.1000E+15  0.1290E-44  0.9770E-34  0.4540E-25  0.1250E-18  0.1760E-15  0.1090E-13  0.3640E-13  0.5020E-13  0.5740E-13  0.6200E-13  0.6190E-13  0.5410E-13  0.4400E-13  0.3820E-13
  0.1000E+16  0.1280E-44  0.9770E-34  0.4540E-25  0.1250E-18  0.1760E-15  0.1090E-13  0.3640E-13  0.5020E-13  0.5740E-13  0.6200E-13  0.6190E-13  0.5410E-13  0.4400E-13  0.3820E-13
  0.1000E+17  0.1280E-44  0.9770E-34  0.4540E-25  0.1250E-18  0.1760E-15  0.1090E-13  0.3640E-13  0.5020E-13  0.5740E-13  0.6200E-13  0.6190E-13  0.5410E-13  0.4400E-13  0.3820E-13
WAVELENGTH(A)= 
     2.913
 7 14 t 
excit   
    64.100     96.200    160.000    321.000    641.000   1600.000   3210.000   4810.000   6410.000   9620.000  16000.000  32100.000  64100.000  96200.000 
  0.1000E+11  0.1830E-39  0.6130E-30  0.2300E-22  0.9700E-17  0.5530E-14  0.2100E-12  0.6320E-12  0.8850E-12  0.1040E-11  0.1200E-11  0.1340E-11  0.1410E-11  0.1370E-11  0.1310E-11
  0.1000E+12  0.1850E-39  0.6130E-30  0.2300E-22  0.9700E-17  0.5530E-14  0.2100E-12  0.6320E-12  0.8850E-12  0.1040E-11  0.1200E-11  0.1340E-11  0.1410E-11  0.1370E-11  0.1310E-11
  0.1000E+13  0.1850E-39  0.6130E-30  0.2300E-22  0.9700E-17  0.5530E-14  0.2100E-12  0.6320E-12  0.8850E-12  0.1040E-11  0.1200E-11  0.1340E-11  0.1410E-11  0.1370E-11  0.1310E-11
  0.1000E+14  0.1850E-39  0.6130E-30  0.2300E-22  0.9700E-17  0.5530E-14  0.2100E-12  0.6320E-12  0.8850E-12  0.1040E-11  0.1200E-11  0.1340E-11  0.1410E-11  0.1370E-11  0.1310E-11
  0.1000E+15  0.1850E-39  0.6130E-30  0.2300E-22  0.9700E-17  0.5530E-14  0.2100E-12  0.6320E-12  0.8850E-12  0.1040E-11  0.1200E-11  0.1340E-11  0.1410E-11  0.1370E-11  0.1310E-11
  0.1000E+16  0.1850E-39  0.6130E-30  0.2300E-22  0.9700E-17  0.5530E-14  0.2100E-12  0.6320E-12  0.8850E-12  0.1040E-11  0.1200E-11  0.1340E-11  0.1410E-11  0.1370E-11  0.1310E-11
  0.1000E+17  0.1850E-39  0.6130E-30  0.2300E-22  0.9700E-17  0.5530E-14  0.2090E-12  0.6320E-12  0.8850E-12  0.1040E-11  0.1200E-11  0.1340E-11  0.1410E-11  0.1370E-11  0.1310E-11
WAVELENGTH(A)= 
     2.921
 7 14 t 
excit   
    64.100     96.200    160.000    321.000    641.000   1600.000   3210.000   4810.000   6410.000   9620.000  16000.000  32100.000  64100.000  96200.000 
  0.1000E+11  0.1000E-73  0.8160E-32  0.1690E-23  0.2500E-17  0.2570E-14  0.1300E-12  0.4050E-12  0.5500E-12  0.6200E-12  0.6650E-12  0.6530E-12  0.5650E-12  0.4490E-12  0.3830E-12
  0.1000E+12  0.5200E-42  0.8160E-32  0.1690E-23  0.2500E-17  0.2570E-14  0.1300E-12  0.4050E-12  0.5500E-12  0.6200E-12  0.6650E-12  0.6530E-12  0.5650E-12  0.4490E-12  0.3830E-12
  0.1000E+13  0.3120E-42  0.8160E-32  0.1690E-23  0.2500E-17  0.2570E-14  0.1300E-12  0.4050E-12  0.5500E-12  0.6200E-12  0.6650E-12  0.6530E-12  0.5650E-12  0.4490E-12  0.3830E-12
  0.1000E+14  0.2910E-42  0.8160E-32  0.1690E-23  0.2500E-17  0.2570E-14  0.1300E-12  0.4050E-12  0.5500E-12  0.6200E-12  0.6650E-12  0.6530E-12  0.5650E-12  0.4490E-12  0.3830E-12
  0.1000E+15  0.2930E-42  0.8160E-32  0.1690E-23  0.2500E-17  0.2570E-14  0.1300E-12  0.4050E-12  0.5500E-12  0.6200E-12  0.6650E-12  0.6530E-12  0.5650E-12  0.4490E-12  0.3830E-12
  0.1000E+16  0.2930E-42  0.8160E-32  0.1690E-23  0.2500E-17  0.2570E-14  0.1300E-12  0.4050E-12  0.5500E-12  0.6200E-12  0.6650E-12  0.6530E-12  0.5650E-12  0.4490E-12  0.3830E-12
  0.1000E+17  0.2930E-42  0.8160E-32  0.1690E-23  0.2500E-17  0.2570E-14  0.1300E-12  0.4050E-12  0.5500E-12  0.6200E-12  0.6650E-12  0.6530E-12  0.5650E-12  0.4490E-12  0.3830E-12
WAVELENGTH(A)= 
     3.029
 7 14 t 
excit   
    64.100     96.200    160.000    321.000    641.000   1600.000   3210.000   4810.000   6410.000   9620.000  16000.000  32100.000  64100.000  96200.000 
  0.1000E+11  0.2250E-39  0.3200E-30  0.6140E-23  0.1610E-17  0.7770E-15  0.2890E-13  0.8670E-13  0.1190E-12  0.1380E-12  0.1550E-12  0.1660E-12  0.1650E-12  0.1540E-12  0.1450E-12
  0.1000E+12  0.2240E-39  0.3200E-30  0.6140E-23  0.1610E-17  0.7770E-15  0.2890E-13  0.8670E-13  0.1190E-12  0.1380E-12  0.1550E-12  0.1660E-12  0.1650E-12  0.1540E-12  0.1450E-12
  0.1000E+13  0.2240E-39  0.3200E-30  0.6140E-23  0.1610E-17  0.7770E-15  0.2890E-13  0.8670E-13  0.1190E-12  0.1380E-12  0.1550E-12  0.1660E-12  0.1650E-12  0.1540E-12  0.1450E-12
  0.1000E+14  0.2240E-39  0.3200E-30  0.6140E-23  0.1610E-17  0.7770E-15  0.2890E-13  0.8670E-13  0.1190E-12  0.1380E-12  0.1550E-12  0.1660E-12  0.1650E-12  0.1540E-12  0.1450E-12
  0.1000E+15  0.2240E-39  0.3200E-30  0.6140E-23  0.1610E-17  0.7770E-15  0.2890E-13  0.8670E-13  0.1190E-12  0.1380E-12  0.1550E-12  0.1660E-12  0.1650E-12  0.1540E-12  0.1450E-12
  0.1000E+16  0.2240E-39  0.3200E-30  0.6140E-23  0.1610E-17  0.7770E-15  0.2890E-13  0.8670E-13  0.1190E-12  0.1380E-12  0.1550E-12  0.1660E-12  0.1650E-12  0.1540E-12  0.1450E-12
  0.1000E+17  0.2240E-39  0.3200E-30  0.6140E-23  0.1610E-17  0.7770E-15  0.2890E-13  0.8670E-13  0.1190E-12  0.1380E-12  0.1550E-12  0.1660E-12  0.1650E-12  0.1540E-12  0.1450E-12
WAVELENGTH(A)= 
     3.176
 7 14 t 
excit   
    64.100     96.200    160.000    321.000    641.000   1600.000   3210.000   4810.000   6410.000   9620.000  16000.000  32100.000  64100.000  96200.000 
  0.1000E+11  0.1090E-39  0.4630E-30  0.2070E-22  0.9690E-17  0.5600E-14  0.2000E-12  0.5460E-12  0.7050E-12  0.7690E-12  0.7940E-12  0.7460E-12  0.6160E-12  0.4760E-12  0.4010E-12
  0.1000E+12  0.1130E-39  0.4630E-30  0.2070E-22  0.9690E-17  0.5600E-14  0.2000E-12  0.5460E-12  0.7050E-12  0.7690E-12  0.7940E-12  0.7460E-12  0.6160E-12  0.4760E-12  0.4010E-12
  0.1000E+13  0.1130E-39  0.4630E-30  0.2070E-22  0.9690E-17  0.5600E-14  0.2000E-12  0.5460E-12  0.7050E-12  0.7690E-12  0.7940E-12  0.7460E-12  0.6160E-12  0.4760E-12  0.4010E-12
  0.1000E+14  0.1130E-39  0.4630E-30  0.2070E-22  0.9690E-17  0.5600E-14  0.2000E-12  0.5460E-12  0.7050E-12  0.7690E-12  0.7940E-12  0.7460E-12  0.6160E-12  0.4760E-12  0.4010E-12
  0.1000E+15  0.1130E-39  0.4630E-30  0.2070E-22  0.9690E-17  0.5600E-14  0.2000E-12  0.5460E-12  0.7050E-12  0.7690E-12  0.7940E-12  0.7460E-12  0.6160E-12  0.4760E-12  0.4010E-12
  0.1000E+16  0.1130E-39  0.4630E-30  0.2070E-22  0.9690E-17  0.5600E-14  0.2000E-12  0.5460E-12  0.7050E-12  0.7690E-12  0.7940E-12  0.7460E-12  0.6160E-12  0.4760E-12  0.4010E-12
  0.1000E+17  0.1130E-39  0.4630E-30  0.2070E-22  0.9690E-17  0.5600E-14  0.2000E-12  0.5460E-12  0.7050E-12  0.7690E-12  0.7940E-12  0.7460E-12  0.6160E-12  0.4760E-12  0.4010E-12
WAVELENGTH(A)= 
     3.275
 7 14 t 
excit   
    64.100     96.200    160.000    321.000    641.000   1600.000   3210.000   4810.000   6410.000   9620.000  16000.000  32100.000  64100.000  96200.000 
  0.1000E+11  0.2160E-39  0.4790E-30  0.1310E-22  0.4290E-17  0.2110E-14  0.7050E-13  0.1940E-12  0.2530E-12  0.2810E-12  0.2970E-12  0.2910E-12  0.2540E-12  0.2090E-12  0.1820E-12
  0.1000E+12  0.2160E-39  0.4790E-30  0.1310E-22  0.4290E-17  0.2110E-14  0.7050E-13  0.1940E-12  0.2530E-12  0.2810E-12  0.2970E-12  0.2910E-12  0.2540E-12  0.2090E-12  0.1820E-12
  0.1000E+13  0.2160E-39  0.4790E-30  0.1310E-22  0.4290E-17  0.2110E-14  0.7050E-13  0.1940E-12  0.2530E-12  0.2810E-12  0.2970E-12  0.2910E-12  0.2540E-12  0.2090E-12  0.1820E-12
  0.1000E+14  0.2160E-39  0.4790E-30  0.1310E-22  0.4290E-17  0.2110E-14  0.7050E-13  0.1940E-12  0.2530E-12  0.2810E-12  0.2970E-12  0.2910E-12  0.2540E-12  0.2090E-12  0.1820E-12
  0.1000E+15  0.2160E-39  0.4790E-30  0.1310E-22  0.4290E-17  0.2110E-14  0.7050E-13  0.1940E-12  0.2530E-12  0.2810E-12  0.2970E-12  0.2910E-12  0.2540E-12  0.2090E-12  0.1820E-12
  0.1000E+16  0.2160E-39  0.4790E-30  0.1310E-22  0.4290E-17  0.2110E-14  0.7050E-13  0.1940E-12  0.2530E-12  0.2810E-12  0.2970E-12  0.2910E-12  0.2540E-12  0.2090E-12  0.1820E-12
  0.1000E+17  0.2160E-39  0.4790E-30  0.1310E-22  0.4290E-17  0.2110E-14  0.7050E-13  0.1940E-12  0.2530E-12  0.2810E-12  0.2970E-12  0.2910E-12  0.2540E-12  0.2090E-12  0.1820E-12
WAVELENGTH(A)= 
     3.276
 7 14 t 
excit   
    64.100     96.200    160.000    321.000    641.000   1600.000   3210.000   4810.000   6410.000   9620.000  16000.000  32100.000  64100.000  96200.000 
  0.1000E+11  0.1000E-73  0.2410E-32  0.3620E-24  0.4250E-18  0.3920E-15  0.1930E-13  0.6360E-13  0.9340E-13  0.1130E-12  0.1380E-12  0.1630E-12  0.1860E-12  0.1950E-12  0.1920E-12
  0.1000E+12  0.1400E-42  0.2410E-32  0.3620E-24  0.4250E-18  0.3920E-15  0.1930E-13  0.6360E-13  0.9340E-13  0.1130E-12  0.1380E-12  0.1630E-12  0.1860E-12  0.1950E-12  0.1920E-12
  0.1000E+13  0.1260E-42  0.2410E-32  0.3620E-24  0.4250E-18  0.3920E-15  0.1930E-13  0.6360E-13  0.9340E-13  0.1130E-12  0.1380E-12  0.1630E-12  0.1860E-12  0.1950E-12  0.1920E-12
  0.1000E+14  0.1280E-42  0.2410E-32  0.3620E-24  0.4250E-18  0.3920E-15  0.1930E-13  0.6360E-13  0.9340E-13  0.1130E-12  0.1380E-12  0.1630E-12  0.1860E-12  0.1950E-12  0.1920E-12
  0.1000E+15  0.1290E-42  0.2410E-32  0.3620E-24  0.4250E-18  0.3920E-15  0.1930E-13  0.6360E-13  0.9340E-13  0.1130E-12  0.1380E-12  0.1630E-12  0.1860E-12  0.1950E-12  0.1920E-12
  0.1000E+16  0.1290E-42  0.2410E-32  0.3620E-24  0.4250E-18  0.3920E-15  0.1930E-13  0.6360E-13  0.9340E-13  0.1130E-12  0.1380E-12  0.1630E-12  0.1860E-12  0.1950E-12  0.1920E-12
  0.1000E+17  0.1290E-42  0.2410E-32  0.3620E-24  0.4250E-18  0.3920E-15  0.1930E-13  0.6360E-13  0.9340E-13  0.1130E-12  0.1380E-12  0.1630E-12  0.1860E-12  0.1950E-12  0.1920E-12
WAVELENGTH(A)= 
     3.748
 7 14 t 
excit   
    64.100     96.200    160.000    321.000    641.000   1600.000   3210.000   4810.000   6410.000   9620.000  16000.000  32100.000  64100.000  96200.000 
  0.1000E+11  0.6000E-33  0.1440E-25  0.1050E-19  0.2290E-15  0.2960E-13  0.4820E-12  0.1160E-11  0.1550E-11  0.1800E-11  0.2110E-11  0.2440E-11  0.2710E-11  0.2780E-11  0.2730E-11
  0.1000E+12  0.6000E-33  0.1440E-25  0.1050E-19  0.2290E-15  0.2960E-13  0.4820E-12  0.1160E-11  0.1550E-11  0.1800E-11  0.2110E-11  0.2440E-11  0.2710E-11  0.2780E-11  0.2730E-11
  0.1000E+13  0.6000E-33  0.1440E-25  0.1050E-19  0.2290E-15  0.2960E-13  0.4820E-12  0.1160E-11  0.1550E-11  0.1800E-11  0.2110E-11  0.2440E-11  0.2710E-11  0.2780E-11  0.2730E-11
  0.1000E+14  0.6000E-33  0.1440E-25  0.1050E-19  0.2290E-15  0.2960E-13  0.4820E-12  0.1160E-11  0.1550E-11  0.1800E-11  0.2110E-11  0.2440E-11  0.2710E-11  0.2780E-11  0.2730E-11
  0.1000E+15  0.6000E-33  0.1440E-25  0.1050E-19  0.2290E-15  0.2960E-13  0.4820E-12  0.1160E-11  0.1550E-11  0.1800E-11  0.2110E-11  0.2440E-11  0.2710E-11  0.2780E-11  0.2730E-11
  0.1000E+16  0.6000E-33  0.1440E-25  0.1050E-19  0.2290E-15  0.2960E-13  0.4820E-12  0.1160E-11  0.1550E-11  0.1800E-11  0.2110E-11  0.2440E-11  0.2710E-11  0.2780E-11  0.2730E-11
  0.1000E+17  0.6000E-33  0.1440E-25  0.1050E-19  0.2290E-15  0.2960E-13  0.4820E-12  0.1160E-11  0.1550E-11  0.1800E-11  0.2110E-11  0.2440E-11  0.2710E-11  0.2780E-11  0.2730E-11
WAVELENGTH(A)= 
     4.061
 7 14 t 
excit   
    64.100     96.200    160.000    321.000    641.000   1600.000   3210.000   4810.000   6410.000   9620.000  16000.000  32100.000  64100.000  96200.000 
  0.1000E+11  0.1200E-30  0.7660E-24  0.1940E-18  0.1910E-14  0.1670E-12  0.2200E-11  0.4920E-11  0.6420E-11  0.7300E-11  0.8320E-11  0.9220E-11  0.9730E-11  0.9540E-11  0.9170E-11
  0.1000E+12  0.1200E-30  0.7660E-24  0.1940E-18  0.1910E-14  0.1670E-12  0.2200E-11  0.4920E-11  0.6420E-11  0.7300E-11  0.8320E-11  0.9220E-11  0.9730E-11  0.9540E-11  0.9170E-11
  0.1000E+13  0.1200E-30  0.7660E-24  0.1940E-18  0.1910E-14  0.1670E-12  0.2200E-11  0.4920E-11  0.6420E-11  0.7300E-11  0.8320E-11  0.9220E-11  0.9730E-11  0.9540E-11  0.9170E-11
  0.1000E+14  0.1200E-30  0.7660E-24  0.1940E-18  0.1910E-14  0.1670E-12  0.2200E-11  0.4920E-11  0.6420E-11  0.7300E-11  0.8320E-11  0.9220E-11  0.9730E-11  0.9540E-11  0.9170E-11
  0.1000E+15  0.1200E-30  0.7660E-24  0.1940E-18  0.1910E-14  0.1670E-12  0.2200E-11  0.4920E-11  0.6420E-11  0.7300E-11  0.8320E-11  0.9220E-11  0.9730E-11  0.9540E-11  0.9170E-11
  0.1000E+16  0.1200E-30  0.7660E-24  0.1940E-18  0.1910E-14  0.1670E-12  0.2200E-11  0.4920E-11  0.6420E-11  0.7300E-11  0.8320E-11  0.9220E-11  0.9730E-11  0.9540E-11  0.9170E-11
  0.1000E+17  0.1200E-30  0.7660E-24  0.1940E-18  0.1910E-14  0.1670E-12  0.2200E-11  0.4920E-11  0.6420E-11  0.7300E-11  0.8320E-11  0.9220E-11  0.9730E-11  0.9540E-11  0.9170E-11
WAVELENGTH(A)= 
     4.075
 7 14 t 
excit   
    64.100     96.200    160.000    321.000    641.000   1600.000   3210.000   4810.000   6410.000   9620.000  16000.000  32100.000  64100.000  96200.000 
  0.1000E+11  0.2080E-33  0.1120E-25  0.1560E-19  0.5450E-15  0.8650E-13  0.1460E-11  0.3230E-11  0.3940E-11  0.4260E-11  0.4380E-11  0.4240E-11  0.3670E-11  0.2960E-11  0.2580E-11
  0.1000E+12  0.2080E-33  0.1120E-25  0.1560E-19  0.5450E-15  0.8650E-13  0.1460E-11  0.3230E-11  0.3940E-11  0.4260E-11  0.4380E-11  0.4240E-11  0.3670E-11  0.2960E-11  0.2580E-11
  0.1000E+13  0.2080E-33  0.1120E-25  0.1560E-19  0.5450E-15  0.8650E-13  0.1460E-11  0.3230E-11  0.3940E-11  0.4260E-11  0.4380E-11  0.4240E-11  0.3670E-11  0.2960E-11  0.2580E-11
  0.1000E+14  0.2080E-33  0.1120E-25  0.1560E-19  0.5450E-15  0.8650E-13  0.1460E-11  0.3230E-11  0.3940E-11  0.4260E-11  0.4380E-11  0.4240E-11  0.3670E-11  0.2960E-11  0.2580E-11
  0.1000E+15  0.2080E-33  0.1120E-25  0.1560E-19  0.5450E-15  0.8650E-13  0.1460E-11  0.3230E-11  0.3940E-11  0.4260E-11  0.4380E-11  0.4240E-11  0.3670E-11  0.2960E-11  0.2580E-11
  0.1000E+16  0.2080E-33  0.1120E-25  0.1560E-19  0.5450E-15  0.8650E-13  0.1460E-11  0.3230E-11  0.3940E-11  0.4260E-11  0.4380E-11  0.4240E-11  0.3670E-11  0.2960E-11  0.2580E-11
  0.1000E+17  0.2080E-33  0.1120E-25  0.1560E-19  0.5450E-15  0.8650E-13  0.1460E-11  0.3230E-11  0.3940E-11  0.4260E-11  0.4380E-11  0.4240E-11  0.3670E-11  0.2960E-11  0.2580E-11
WAVELENGTH(A)= 
     4.279
 7 14 t 
excit   
    64.100     96.200    160.000    321.000    641.000   1600.000   3210.000   4810.000   6410.000   9620.000  16000.000  32100.000  64100.000  96200.000 
  0.1000E+11  0.2490E-31  0.7090E-25  0.9380E-20  0.5640E-16  0.3730E-14  0.3790E-13  0.7210E-13  0.8380E-13  0.8770E-13  0.8870E-13  0.8330E-13  0.7150E-13  0.5810E-13  0.5090E-13
  0.1000E+12  0.2490E-31  0.7090E-25  0.9380E-20  0.5640E-16  0.3730E-14  0.3790E-13  0.7210E-13  0.8380E-13  0.8770E-13  0.8870E-13  0.8330E-13  0.7150E-13  0.5810E-13  0.5090E-13
  0.1000E+13  0.2490E-31  0.7090E-25  0.9380E-20  0.5640E-16  0.3730E-14  0.3790E-13  0.7210E-13  0.8380E-13  0.8770E-13  0.8870E-13  0.8330E-13  0.7150E-13  0.5810E-13  0.5090E-13
  0.1000E+14  0.2490E-31  0.7090E-25  0.9380E-20  0.5640E-16  0.3730E-14  0.3790E-13  0.7210E-13  0.8380E-13  0.8770E-13  0.8870E-13  0.8330E-13  0.7150E-13  0.5810E-13  0.5090E-13
  0.1000E+15  0.2490E-31  0.7090E-25  0.9380E-20  0.5640E-16  0.3730E-14  0.3790E-13  0.7210E-13  0.8380E-13  0.8770E-13  0.8870E-13  0.8330E-13  0.7150E-13  0.5810E-13  0.5090E-13
  0.1000E+16  0.2490E-31  0.7090E-25  0.9380E-20  0.5640E-16  0.3730E-14  0.3790E-13  0.7210E-13  0.8380E-13  0.8770E-13  0.8870E-13  0.8330E-13  0.7150E-13  0.5810E-13  0.5090E-13
  0.1000E+17  0.2490E-31  0.7090E-25  0.9380E-20  0.5640E-16  0.3730E-14  0.3790E-13  0.7210E-13  0.8380E-13  0.8770E-13  0.8870E-13  0.8330E-13  0.7150E-13  0.5810E-13  0.5090E-13
WAVELENGTH(A)= 
     4.516
 7 14 t 
excit   
    64.100     96.200    160.000    321.000    641.000   1600.000   3210.000   4810.000   6410.000   9620.000  16000.000  32100.000  64100.000  96200.000 
  0.1000E+11  0.7630E-31  0.7600E-24  0.2750E-18  0.3470E-14  0.3310E-12  0.4030E-11  0.7830E-11  0.9110E-11  0.9460E-11  0.9410E-11  0.8630E-11  0.7040E-11  0.5440E-11  0.4600E-11
  0.1000E+12  0.7630E-31  0.7600E-24  0.2750E-18  0.3470E-14  0.3310E-12  0.4030E-11  0.7830E-11  0.9110E-11  0.9460E-11  0.9410E-11  0.8630E-11  0.7040E-11  0.5440E-11  0.4600E-11
  0.1000E+13  0.7630E-31  0.7600E-24  0.2750E-18  0.3470E-14  0.3310E-12  0.4030E-11  0.7830E-11  0.9110E-11  0.9460E-11  0.9410E-11  0.8630E-11  0.7040E-11  0.5440E-11  0.4600E-11
  0.1000E+14  0.7630E-31  0.7600E-24  0.2750E-18  0.3470E-14  0.3310E-12  0.4030E-11  0.7830E-11  0.9110E-11  0.9460E-11  0.9410E-11  0.8630E-11  0.7040E-11  0.5440E-11  0.4600E-11
  0.1000E+15  0.7630E-31  0.7600E-24  0.2750E-18  0.3470E-14  0.3310E-12  0.4030E-11  0.7830E-11  0.9110E-11  0.9460E-11  0.9410E-11  0.8630E-11  0.7040E-11  0.5440E-11  0.4600E-11
  0.1000E+16  0.7630E-31  0.7600E-24  0.2750E-18  0.3470E-14  0.3310E-12  0.4030E-11  0.7830E-11  0.9110E-11  0.9460E-11  0.9410E-11  0.8630E-11  0.7040E-11  0.5440E-11  0.4600E-11
  0.1000E+17  0.7630E-31  0.7600E-24  0.2750E-18  0.3470E-14  0.3310E-12  0.4030E-11  0.7830E-11  0.9110E-11  0.9460E-11  0.9410E-11  0.8630E-11  0.7040E-11  0.5440E-11  0.4600E-11
WAVELENGTH(A)= 
     4.551
 7 14 t 
excit   
    64.100     96.200    160.000    321.000    641.000   1600.000   3210.000   4810.000   6410.000   9620.000  16000.000  32100.000  64100.000  96200.000 
  0.1000E+11  0.3430E-29  0.4000E-23  0.2660E-18  0.9710E-15  0.5420E-13  0.6060E-12  0.1330E-11  0.1690E-11  0.1880E-11  0.2080E-11  0.2200E-11  0.2200E-11  0.2060E-11  0.1940E-11
  0.1000E+12  0.3430E-29  0.4000E-23  0.2660E-18  0.9710E-15  0.5420E-13  0.6060E-12  0.1330E-11  0.1690E-11  0.1880E-11  0.2080E-11  0.2200E-11  0.2200E-11  0.2060E-11  0.1940E-11
  0.1000E+13  0.3430E-29  0.4000E-23  0.2660E-18  0.9710E-15  0.5420E-13  0.6060E-12  0.1330E-11  0.1690E-11  0.1880E-11  0.2080E-11  0.2200E-11  0.2200E-11  0.2060E-11  0.1940E-11
  0.1000E+14  0.3430E-29  0.4000E-23  0.2660E-18  0.9710E-15  0.5420E-13  0.6060E-12  0.1330E-11  0.1690E-11  0.1880E-11  0.2080E-11  0.2200E-11  0.2200E-11  0.2060E-11  0.1940E-11
  0.1000E+15  0.3430E-29  0.4000E-23  0.2660E-18  0.9710E-15  0.5420E-13  0.6060E-12  0.1330E-11  0.1690E-11  0.1880E-11  0.2080E-11  0.2200E-11  0.2200E-11  0.2060E-11  0.1940E-11
  0.1000E+16  0.3430E-29  0.4000E-23  0.2660E-18  0.9710E-15  0.5420E-13  0.6060E-12  0.1330E-11  0.1690E-11  0.1880E-11  0.2080E-11  0.2200E-11  0.2200E-11  0.2060E-11  0.1940E-11
  0.1000E+17  0.3430E-29  0.4000E-23  0.2660E-18  0.9710E-15  0.5420E-13  0.6060E-12  0.1330E-11  0.1690E-11  0.1880E-11  0.2080E-11  0.2200E-11  0.2200E-11  0.2060E-11  0.1940E-11
WAVELENGTH(A)= 
     4.689
 7 14 t 
excit   
    64.100     96.200    160.000    321.000    641.000   1600.000   3210.000   4810.000   6410.000   9620.000  16000.000  32100.000  64100.000  96200.000 
  0.1000E+11  0.1000E-73  0.4830E-37  0.3820E-27  0.8720E-20  0.3530E-16  0.4140E-14  0.1770E-13  0.2750E-13  0.3380E-13  0.4090E-13  0.4680E-13  0.5010E-13  0.4910E-13  0.4700E-13
  0.1000E+12  0.1000E-73  0.4830E-37  0.3820E-27  0.8720E-20  0.3530E-16  0.4140E-14  0.1770E-13  0.2750E-13  0.3380E-13  0.4090E-13  0.4680E-13  0.5010E-13  0.4910E-13  0.4700E-13
  0.1000E+13  0.1000E-73  0.4830E-37  0.3820E-27  0.8720E-20  0.3530E-16  0.4140E-14  0.1770E-13  0.2750E-13  0.3380E-13  0.4090E-13  0.4680E-13  0.5010E-13  0.4910E-13  0.4700E-13
  0.1000E+14  0.1000E-73  0.4830E-37  0.3820E-27  0.8720E-20  0.3530E-16  0.4140E-14  0.1770E-13  0.2750E-13  0.3380E-13  0.4090E-13  0.4680E-13  0.5010E-13  0.4910E-13  0.4700E-13
  0.1000E+15  0.1000E-73  0.4830E-37  0.3820E-27  0.8720E-20  0.3530E-16  0.4140E-14  0.1770E-13  0.2750E-13  0.3380E-13  0.4090E-13  0.4680E-13  0.5010E-13  0.4910E-13  0.4700E-13
  0.1000E+16  0.1000E-73  0.4830E-37  0.3820E-27  0.8720E-20  0.3530E-16  0.4140E-14  0.1770E-13  0.2750E-13  0.3380E-13  0.4090E-13  0.4680E-13  0.5010E-13  0.4910E-13  0.4700E-13
  0.1000E+17  0.1000E-73  0.4830E-37  0.3820E-27  0.8720E-20  0.3530E-16  0.4140E-14  0.1770E-13  0.2750E-13  0.3380E-13  0.4090E-13  0.4680E-13  0.5010E-13  0.4910E-13  0.4700E-13
WAVELENGTH(A)= 
     4.881
 7 14 t 
excit   
    64.100     96.200    160.000    321.000    641.000   1600.000   3210.000   4810.000   6410.000   9620.000  16000.000  32100.000  64100.000  96200.000 
  0.1000E+11  0.1000E-73  0.1390E-35  0.3460E-26  0.3340E-19  0.8770E-16  0.7770E-14  0.2900E-13  0.4170E-13  0.4820E-13  0.5300E-13  0.5300E-13  0.4630E-13  0.3720E-13  0.3200E-13
  0.1000E+12  0.1000E-73  0.1390E-35  0.3460E-26  0.3340E-19  0.8770E-16  0.7770E-14  0.2900E-13  0.4170E-13  0.4820E-13  0.5300E-13  0.5300E-13  0.4630E-13  0.3720E-13  0.3200E-13
  0.1000E+13  0.1000E-73  0.1390E-35  0.3460E-26  0.3340E-19  0.8770E-16  0.7770E-14  0.2900E-13  0.4170E-13  0.4820E-13  0.5300E-13  0.5300E-13  0.4630E-13  0.3720E-13  0.3200E-13
  0.1000E+14  0.1000E-73  0.1390E-35  0.3460E-26  0.3340E-19  0.8770E-16  0.7770E-14  0.2900E-13  0.4170E-13  0.4820E-13  0.5300E-13  0.5300E-13  0.4630E-13  0.3720E-13  0.3200E-13
  0.1000E+15  0.1000E-73  0.1390E-35  0.3460E-26  0.3340E-19  0.8770E-16  0.7770E-14  0.2900E-13  0.4170E-13  0.4820E-13  0.5300E-13  0.5300E-13  0.4630E-13  0.3720E-13  0.3200E-13
  0.1000E+16  0.1000E-73  0.1390E-35  0.3460E-26  0.3340E-19  0.8770E-16  0.7770E-14  0.2900E-13  0.4170E-13  0.4820E-13  0.5300E-13  0.5300E-13  0.4630E-13  0.3720E-13  0.3200E-13
  0.1000E+17  0.2030E-47  0.1390E-35  0.3460E-26  0.3340E-19  0.8770E-16  0.7770E-14  0.2900E-13  0.4170E-13  0.4820E-13  0.5300E-13  0.5300E-13  0.4630E-13  0.3720E-13  0.3200E-13
WAVELENGTH(A)= 
     4.951
 7 14 t 
excit   
    64.100     96.200    160.000    321.000    641.000   1600.000   3210.000   4810.000   6410.000   9620.000  16000.000  32100.000  64100.000  96200.000 
  0.1000E+11  0.1830E-29  0.5200E-23  0.6880E-18  0.4130E-14  0.2730E-12  0.2780E-11  0.5290E-11  0.6150E-11  0.6430E-11  0.6510E-11  0.6110E-11  0.5250E-11  0.4260E-11  0.3730E-11
  0.1000E+12  0.1830E-29  0.5200E-23  0.6880E-18  0.4130E-14  0.2730E-12  0.2780E-11  0.5290E-11  0.6150E-11  0.6430E-11  0.6510E-11  0.6110E-11  0.5250E-11  0.4260E-11  0.3730E-11
  0.1000E+13  0.1830E-29  0.5200E-23  0.6880E-18  0.4130E-14  0.2730E-12  0.2780E-11  0.5290E-11  0.6150E-11  0.6430E-11  0.6510E-11  0.6110E-11  0.5250E-11  0.4260E-11  0.3730E-11
  0.1000E+14  0.1830E-29  0.5200E-23  0.6880E-18  0.4130E-14  0.2730E-12  0.2780E-11  0.5290E-11  0.6150E-11  0.6430E-11  0.6510E-11  0.6110E-11  0.5250E-11  0.4260E-11  0.3730E-11
  0.1000E+15  0.1830E-29  0.5200E-23  0.6880E-18  0.4130E-14  0.2730E-12  0.2780E-11  0.5290E-11  0.6150E-11  0.6430E-11  0.6510E-11  0.6110E-11  0.5250E-11  0.4260E-11  0.3730E-11
  0.1000E+16  0.1830E-29  0.5200E-23  0.6880E-18  0.4130E-14  0.2730E-12  0.2780E-11  0.5290E-11  0.6150E-11  0.6430E-11  0.6510E-11  0.6110E-11  0.5250E-11  0.4260E-11  0.3730E-11
  0.1000E+17  0.1830E-29  0.5200E-23  0.6880E-18  0.4130E-14  0.2730E-12  0.2780E-11  0.5290E-11  0.6150E-11  0.6430E-11  0.6510E-11  0.6110E-11  0.5250E-11  0.4260E-11  0.3730E-11
WAVELENGTH(A)= 
     4.952
 7 14 t 
excit   
    64.100     96.200    160.000    321.000    641.000   1600.000   3210.000   4810.000   6410.000   9620.000  16000.000  32100.000  64100.000  96200.000 
  0.1000E+11  0.3420E-33  0.8220E-26  0.6010E-20  0.1310E-15  0.1690E-13  0.2750E-12  0.6600E-12  0.8820E-12  0.1030E-11  0.1200E-11  0.1390E-11  0.1550E-11  0.1580E-11  0.1560E-11
  0.1000E+12  0.3420E-33  0.8220E-26  0.6010E-20  0.1310E-15  0.1690E-13  0.2750E-12  0.6600E-12  0.8820E-12  0.1030E-11  0.1200E-11  0.1390E-11  0.1550E-11  0.1580E-11  0.1560E-11
  0.1000E+13  0.3420E-33  0.8220E-26  0.6010E-20  0.1310E-15  0.1690E-13  0.2750E-12  0.6600E-12  0.8820E-12  0.1030E-11  0.1200E-11  0.1390E-11  0.1550E-11  0.1580E-11  0.1560E-11
  0.1000E+14  0.3420E-33  0.8220E-26  0.6010E-20  0.1310E-15  0.1690E-13  0.2750E-12  0.6600E-12  0.8820E-12  0.1030E-11  0.1200E-11  0.1390E-11  0.1550E-11  0.1580E-11  0.1560E-11
  0.1000E+15  0.3420E-33  0.8220E-26  0.6010E-20  0.1310E-15  0.1690E-13  0.2750E-12  0.6600E-12  0.8820E-12  0.1030E-11  0.1200E-11  0.1390E-11  0.1550E-11  0.1580E-11  0.1560E-11
  0.1000E+16  0.3420E-33  0.8220E-26  0.6010E-20  0.1310E-15  0.1690E-13  0.2750E-12  0.6600E-12  0.8820E-12  0.1030E-11  0.1200E-11  0.1390E-11  0.1550E-11  0.1580E-11  0.1560E-11
  0.1000E+17  0.3420E-33  0.8220E-26  0.6010E-20  0.1310E-15  0.1690E-13  0.2750E-12  0.6600E-12  0.8820E-12  0.1030E-11  0.1200E-11  0.1390E-11  0.1550E-11  0.1580E-11  0.1560E-11
WAVELENGTH(A)= 
     5.180
 7 14 t 
excit   
    64.100     96.200    160.000    321.000    641.000   1600.000   3210.000   4810.000   6410.000   9620.000  16000.000  32100.000  64100.000  96200.000 
  0.1000E+11  0.1000E-73  0.1130E-35  0.3170E-26  0.3350E-19  0.9310E-16  0.8740E-14  0.3470E-13  0.5280E-13  0.6410E-13  0.7680E-13  0.8750E-13  0.9250E-13  0.9050E-13  0.8680E-13
  0.1000E+12  0.1000E-73  0.1130E-35  0.3170E-26  0.3350E-19  0.9310E-16  0.8740E-14  0.3470E-13  0.5280E-13  0.6410E-13  0.7680E-13  0.8750E-13  0.9250E-13  0.9050E-13  0.8680E-13
  0.1000E+13  0.1000E-73  0.1130E-35  0.3170E-26  0.3350E-19  0.9310E-16  0.8740E-14  0.3470E-13  0.5280E-13  0.6410E-13  0.7680E-13  0.8750E-13  0.9250E-13  0.9050E-13  0.8680E-13
  0.1000E+14  0.1000E-73  0.1130E-35  0.3170E-26  0.3350E-19  0.9310E-16  0.8740E-14  0.3470E-13  0.5280E-13  0.6410E-13  0.7680E-13  0.8750E-13  0.9250E-13  0.9050E-13  0.8680E-13
  0.1000E+15  0.1000E-73  0.1130E-35  0.3170E-26  0.3350E-19  0.9310E-16  0.8740E-14  0.3470E-13  0.5280E-13  0.6410E-13  0.7680E-13  0.8750E-13  0.9250E-13  0.9050E-13  0.8680E-13
  0.1000E+16  0.1000E-73  0.1130E-35  0.3170E-26  0.3350E-19  0.9310E-16  0.8740E-14  0.3470E-13  0.5280E-13  0.6410E-13  0.7680E-13  0.8750E-13  0.9250E-13  0.9050E-13  0.8680E-13
  0.1000E+17  0.1080E-47  0.1130E-35  0.3170E-26  0.3350E-19  0.9310E-16  0.8740E-14  0.3470E-13  0.5280E-13  0.6410E-13  0.7680E-13  0.8750E-13  0.9250E-13  0.9050E-13  0.8680E-13
WAVELENGTH(A)= 
     5.502
 7 14 t 
excit   
    64.100     96.200    160.000    321.000    641.000   1600.000   3210.000   4810.000   6410.000   9620.000  16000.000  32100.000  64100.000  96200.000 
  0.1000E+11  0.1000E-73  0.7800E-36  0.2310E-26  0.2520E-19  0.7010E-16  0.6380E-14  0.2370E-13  0.3370E-13  0.3850E-13  0.4160E-13  0.4040E-13  0.3400E-13  0.2630E-13  0.2220E-13
  0.1000E+12  0.1000E-73  0.7800E-36  0.2310E-26  0.2520E-19  0.7010E-16  0.6380E-14  0.2370E-13  0.3370E-13  0.3850E-13  0.4160E-13  0.4040E-13  0.3400E-13  0.2630E-13  0.2220E-13
  0.1000E+13  0.1000E-73  0.7800E-36  0.2310E-26  0.2520E-19  0.7010E-16  0.6380E-14  0.2370E-13  0.3370E-13  0.3850E-13  0.4160E-13  0.4040E-13  0.3400E-13  0.2630E-13  0.2220E-13
  0.1000E+14  0.1000E-73  0.7800E-36  0.2310E-26  0.2520E-19  0.7010E-16  0.6380E-14  0.2370E-13  0.3370E-13  0.3850E-13  0.4160E-13  0.4040E-13  0.3400E-13  0.2630E-13  0.2220E-13
  0.1000E+15  0.1000E-73  0.7800E-36  0.2310E-26  0.2520E-19  0.7010E-16  0.6380E-14  0.2370E-13  0.3370E-13  0.3850E-13  0.4160E-13  0.4040E-13  0.3400E-13  0.2630E-13  0.2220E-13
  0.1000E+16  0.1000E-73  0.7800E-36  0.2310E-26  0.2520E-19  0.7010E-16  0.6380E-14  0.2370E-13  0.3370E-13  0.3850E-13  0.4160E-13  0.4040E-13  0.3400E-13  0.2630E-13  0.2220E-13
  0.1000E+17  0.1610E-47  0.7800E-36  0.2310E-26  0.2520E-19  0.7010E-16  0.6380E-14  0.2370E-13  0.3370E-13  0.3850E-13  0.4160E-13  0.4040E-13  0.3400E-13  0.2630E-13  0.2220E-13
WAVELENGTH(A)= 
     5.805
 7 14 t 
excit   
    64.100     96.200    160.000    321.000    641.000   1600.000   3210.000   4810.000   6410.000   9620.000  16000.000  32100.000  64100.000  96200.000 
  0.1000E+11  0.1000E-73  0.2120E-33  0.9830E-25  0.2700E-18  0.3820E-15  0.2370E-13  0.7880E-13  0.1090E-12  0.1240E-12  0.1340E-12  0.1340E-12  0.1170E-12  0.9520E-13  0.8260E-13
  0.1000E+12  0.1000E-73  0.2120E-33  0.9830E-25  0.2700E-18  0.3820E-15  0.2370E-13  0.7880E-13  0.1090E-12  0.1240E-12  0.1340E-12  0.1340E-12  0.1170E-12  0.9520E-13  0.8260E-13
  0.1000E+13  0.1000E-73  0.2120E-33  0.9830E-25  0.2700E-18  0.3820E-15  0.2370E-13  0.7880E-13  0.1090E-12  0.1240E-12  0.1340E-12  0.1340E-12  0.1170E-12  0.9520E-13  0.8260E-13
  0.1000E+14  0.3110E-44  0.2120E-33  0.9830E-25  0.2700E-18  0.3820E-15  0.2370E-13  0.7880E-13  0.1090E-12  0.1240E-12  0.1340E-12  0.1340E-12  0.1170E-12  0.9520E-13  0.8260E-13
  0.1000E+15  0.2790E-44  0.2120E-33  0.9830E-25  0.2700E-18  0.3820E-15  0.2370E-13  0.7880E-13  0.1090E-12  0.1240E-12  0.1340E-12  0.1340E-12  0.1170E-12  0.9520E-13  0.8260E-13
  0.1000E+16  0.2770E-44  0.2120E-33  0.9830E-25  0.2700E-18  0.3820E-15  0.2370E-13  0.7880E-13  0.1090E-12  0.1240E-12  0.1340E-12  0.1340E-12  0.1170E-12  0.9520E-13  0.8260E-13
  0.1000E+17  0.2770E-44  0.2120E-33  0.9830E-25  0.2700E-18  0.3820E-15  0.2370E-13  0.7880E-13  0.1090E-12  0.1240E-12  0.1340E-12  0.1340E-12  0.1170E-12  0.9520E-13  0.8260E-13
WAVELENGTH(A)= 
     6.182
 7 14 t 
excit   
    64.100     96.200    160.000    321.000    641.000   1600.000   3210.000   4810.000   6410.000   9620.000  16000.000  32100.000  64100.000  96200.000 
  0.1000E+11  0.1000E-73  0.1240E-33  0.6940E-25  0.2220E-18  0.3400E-15  0.2270E-13  0.8170E-13  0.1200E-12  0.1430E-12  0.1690E-12  0.1910E-12  0.2010E-12  0.1970E-12  0.1880E-12
  0.1000E+12  0.1000E-73  0.1240E-33  0.6940E-25  0.2220E-18  0.3400E-15  0.2270E-13  0.8170E-13  0.1200E-12  0.1430E-12  0.1690E-12  0.1910E-12  0.2010E-12  0.1970E-12  0.1880E-12
  0.1000E+13  0.1000E-73  0.1240E-33  0.6940E-25  0.2220E-18  0.3400E-15  0.2270E-13  0.8170E-13  0.1200E-12  0.1430E-12  0.1690E-12  0.1910E-12  0.2010E-12  0.1970E-12  0.1880E-12
  0.1000E+14  0.1680E-44  0.1240E-33  0.6940E-25  0.2220E-18  0.3400E-15  0.2270E-13  0.8170E-13  0.1200E-12  0.1430E-12  0.1690E-12  0.1910E-12  0.2010E-12  0.1970E-12  0.1880E-12
  0.1000E+15  0.1350E-44  0.1240E-33  0.6940E-25  0.2220E-18  0.3400E-15  0.2270E-13  0.8170E-13  0.1200E-12  0.1430E-12  0.1690E-12  0.1910E-12  0.2010E-12  0.1970E-12  0.1880E-12
  0.1000E+16  0.1290E-44  0.1240E-33  0.6940E-25  0.2220E-18  0.3400E-15  0.2270E-13  0.8170E-13  0.1200E-12  0.1430E-12  0.1690E-12  0.1910E-12  0.2010E-12  0.1970E-12  0.1880E-12
  0.1000E+17  0.1300E-44  0.1240E-33  0.6940E-25  0.2220E-18  0.3400E-15  0.2270E-13  0.8170E-13  0.1200E-12  0.1430E-12  0.1690E-12  0.1910E-12  0.2010E-12  0.1970E-12  0.1880E-12
WAVELENGTH(A)= 
     6.481
 7 14 t 
excit   
    64.100     96.200    160.000    321.000    641.000   1600.000   3210.000   4810.000   6410.000   9620.000  16000.000  32100.000  64100.000  96200.000 
  0.1000E+11  0.1000E-73  0.4360E-34  0.1670E-25  0.4210E-19  0.6010E-16  0.3930E-14  0.1370E-13  0.1980E-13  0.2330E-13  0.2690E-13  0.2910E-13  0.2950E-13  0.2780E-13  0.2630E-13
  0.1000E+12  0.1000E-73  0.4360E-34  0.1670E-25  0.4210E-19  0.6010E-16  0.3930E-14  0.1370E-13  0.1980E-13  0.2330E-13  0.2690E-13  0.2910E-13  0.2950E-13  0.2780E-13  0.2630E-13
  0.1000E+13  0.1000E-73  0.4360E-34  0.1670E-25  0.4210E-19  0.6010E-16  0.3930E-14  0.1370E-13  0.1980E-13  0.2330E-13  0.2690E-13  0.2910E-13  0.2950E-13  0.2780E-13  0.2630E-13
  0.1000E+14  0.1420E-44  0.4360E-34  0.1670E-25  0.4210E-19  0.6010E-16  0.3930E-14  0.1370E-13  0.1980E-13  0.2330E-13  0.2690E-13  0.2910E-13  0.2950E-13  0.2780E-13  0.2630E-13
  0.1000E+15  0.7080E-45  0.4360E-34  0.1670E-25  0.4210E-19  0.6010E-16  0.3930E-14  0.1370E-13  0.1980E-13  0.2330E-13  0.2690E-13  0.2910E-13  0.2950E-13  0.2780E-13  0.2630E-13
  0.1000E+16  0.7360E-45  0.4360E-34  0.1670E-25  0.4210E-19  0.6010E-16  0.3930E-14  0.1370E-13  0.1980E-13  0.2330E-13  0.2690E-13  0.2910E-13  0.2950E-13  0.2780E-13  0.2630E-13
  0.1000E+17  0.7330E-45  0.4360E-34  0.1670E-25  0.4210E-19  0.6010E-16  0.3930E-14  0.1370E-13  0.1980E-13  0.2330E-13  0.2690E-13  0.2910E-13  0.2950E-13  0.2780E-13  0.2630E-13
WAVELENGTH(A)= 
     6.615
 7 14 t 
excit   
    64.100     96.200    160.000    321.000    641.000   1600.000   3210.000   4810.000   6410.000   9620.000  16000.000  32100.000  64100.000  96200.000 
  0.1000E+11  0.1000E-73  0.9480E-34  0.5800E-25  0.1940E-18  0.2990E-15  0.1910E-13  0.6360E-13  0.8680E-13  0.9730E-13  0.1040E-12  0.9920E-13  0.8310E-13  0.6410E-13  0.5400E-13
  0.1000E+12  0.1000E-73  0.9480E-34  0.5800E-25  0.1940E-18  0.2990E-15  0.1910E-13  0.6360E-13  0.8680E-13  0.9730E-13  0.1040E-12  0.9920E-13  0.8310E-13  0.6410E-13  0.5400E-13
  0.1000E+13  0.1000E-73  0.9480E-34  0.5800E-25  0.1940E-18  0.2990E-15  0.1910E-13  0.6360E-13  0.8680E-13  0.9730E-13  0.1040E-12  0.9920E-13  0.8310E-13  0.6410E-13  0.5400E-13
  0.1000E+14  0.1000E-73  0.9480E-34  0.5800E-25  0.1940E-18  0.2990E-15  0.1910E-13  0.6360E-13  0.8680E-13  0.9730E-13  0.1040E-12  0.9920E-13  0.8310E-13  0.6410E-13  0.5400E-13
  0.1000E+15  0.8240E-45  0.9480E-34  0.5800E-25  0.1940E-18  0.2990E-15  0.1910E-13  0.6360E-13  0.8680E-13  0.9730E-13  0.1040E-12  0.9920E-13  0.8310E-13  0.6410E-13  0.5400E-13
  0.1000E+16  0.8790E-45  0.9480E-34  0.5800E-25  0.1940E-18  0.2990E-15  0.1910E-13  0.6360E-13  0.8680E-13  0.9730E-13  0.1040E-12  0.9920E-13  0.8310E-13  0.6410E-13  0.5400E-13
  0.1000E+17  0.8760E-45  0.9480E-34  0.5800E-25  0.1940E-18  0.2990E-15  0.1910E-13  0.6360E-13  0.8680E-13  0.9730E-13  0.1040E-12  0.9920E-13  0.8310E-13  0.6410E-13  0.5400E-13
WAVELENGTH(A)= 
     6.861
 7 14 t 
excit   
    64.100     96.200    160.000    321.000    641.000   1600.000   3210.000   4810.000   6410.000   9620.000  16000.000  32100.000  64100.000  96200.000 
  0.1000E+11  0.1000E-73  0.1050E-33  0.4860E-25  0.1340E-18  0.1890E-15  0.1170E-13  0.3900E-13  0.5370E-13  0.6140E-13  0.6640E-13  0.6620E-13  0.5790E-13  0.4710E-13  0.4090E-13
  0.1000E+12  0.1000E-73  0.1050E-33  0.4860E-25  0.1340E-18  0.1890E-15  0.1170E-13  0.3900E-13  0.5370E-13  0.6140E-13  0.6640E-13  0.6620E-13  0.5790E-13  0.4710E-13  0.4090E-13
  0.1000E+13  0.1000E-73  0.1050E-33  0.4860E-25  0.1340E-18  0.1890E-15  0.1170E-13  0.3900E-13  0.5370E-13  0.6140E-13  0.6640E-13  0.6620E-13  0.5790E-13  0.4710E-13  0.4090E-13
  0.1000E+14  0.1540E-44  0.1050E-33  0.4860E-25  0.1340E-18  0.1890E-15  0.1170E-13  0.3900E-13  0.5370E-13  0.6140E-13  0.6640E-13  0.6620E-13  0.5790E-13  0.4710E-13  0.4090E-13
  0.1000E+15  0.1380E-44  0.1050E-33  0.4860E-25  0.1340E-18  0.1890E-15  0.1170E-13  0.3900E-13  0.5370E-13  0.6140E-13  0.6640E-13  0.6620E-13  0.5790E-13  0.4710E-13  0.4090E-13
  0.1000E+16  0.1370E-44  0.1050E-33  0.4860E-25  0.1340E-18  0.1890E-15  0.1170E-13  0.3900E-13  0.5370E-13  0.6140E-13  0.6640E-13  0.6620E-13  0.5790E-13  0.4710E-13  0.4090E-13
  0.1000E+17  0.1370E-44  0.1050E-33  0.4860E-25  0.1340E-18  0.1890E-15  0.1170E-13  0.3900E-13  0.5370E-13  0.6140E-13  0.6640E-13  0.6620E-13  0.5790E-13  0.4710E-13  0.4090E-13
WAVELENGTH(A)= 
     8.522
 7 14 t 
excit   
    64.100     96.200    160.000    321.000    641.000   1600.000   3210.000   4810.000   6410.000   9620.000  16000.000  32100.000  64100.000  96200.000 
  0.1000E+11  0.3640E-39  0.8060E-30  0.2210E-22  0.7210E-17  0.3540E-14  0.1190E-12  0.3270E-12  0.4260E-12  0.4730E-12  0.5000E-12  0.4890E-12  0.4280E-12  0.3510E-12  0.3060E-12
  0.1000E+12  0.3640E-39  0.8060E-30  0.2210E-22  0.7210E-17  0.3540E-14  0.1190E-12  0.3270E-12  0.4260E-12  0.4730E-12  0.5000E-12  0.4890E-12  0.4280E-12  0.3510E-12  0.3060E-12
  0.1000E+13  0.3640E-39  0.8060E-30  0.2210E-22  0.7210E-17  0.3540E-14  0.1190E-12  0.3270E-12  0.4260E-12  0.4730E-12  0.5000E-12  0.4890E-12  0.4280E-12  0.3510E-12  0.3060E-12
  0.1000E+14  0.3640E-39  0.8060E-30  0.2210E-22  0.7210E-17  0.3540E-14  0.1190E-12  0.3270E-12  0.4260E-12  0.4730E-12  0.5000E-12  0.4890E-12  0.4280E-12  0.3510E-12  0.3060E-12
  0.1000E+15  0.3640E-39  0.8060E-30  0.2210E-22  0.7210E-17  0.3540E-14  0.1190E-12  0.3270E-12  0.4260E-12  0.4730E-12  0.5000E-12  0.4890E-12  0.4280E-12  0.3510E-12  0.3060E-12
  0.1000E+16  0.3640E-39  0.8060E-30  0.2210E-22  0.7210E-17  0.3540E-14  0.1190E-12  0.3270E-12  0.4260E-12  0.4730E-12  0.5000E-12  0.4890E-12  0.4280E-12  0.3510E-12  0.3060E-12
  0.1000E+17  0.3640E-39  0.8060E-30  0.2210E-22  0.7210E-17  0.3540E-14  0.1190E-12  0.3270E-12  0.4260E-12  0.4730E-12  0.5000E-12  0.4890E-12  0.4280E-12  0.3510E-12  0.3060E-12
WAVELENGTH(A)= 
     9.128
 7 14 t 
excit   
    64.100     96.200    160.000    321.000    641.000   1600.000   3210.000   4810.000   6410.000   9620.000  16000.000  32100.000  64100.000  96200.000 
  0.1000E+11  0.1000E-73  0.4090E-32  0.8460E-24  0.1250E-17  0.1290E-14  0.6520E-13  0.2030E-12  0.2760E-12  0.3110E-12  0.3330E-12  0.3270E-12  0.2830E-12  0.2250E-12  0.1920E-12
  0.1000E+12  0.2610E-42  0.4090E-32  0.8460E-24  0.1250E-17  0.1290E-14  0.6520E-13  0.2030E-12  0.2760E-12  0.3110E-12  0.3330E-12  0.3270E-12  0.2830E-12  0.2250E-12  0.1920E-12
  0.1000E+13  0.1560E-42  0.4090E-32  0.8460E-24  0.1250E-17  0.1290E-14  0.6520E-13  0.2030E-12  0.2760E-12  0.3110E-12  0.3330E-12  0.3270E-12  0.2830E-12  0.2250E-12  0.1920E-12
  0.1000E+14  0.1460E-42  0.4090E-32  0.8460E-24  0.1250E-17  0.1290E-14  0.6520E-13  0.2030E-12  0.2760E-12  0.3110E-12  0.3330E-12  0.3270E-12  0.2830E-12  0.2250E-12  0.1920E-12
  0.1000E+15  0.1470E-42  0.4090E-32  0.8460E-24  0.1250E-17  0.1290E-14  0.6520E-13  0.2030E-12  0.2760E-12  0.3110E-12  0.3330E-12  0.3270E-12  0.2830E-12  0.2250E-12  0.1920E-12
  0.1000E+16  0.1470E-42  0.4090E-32  0.8460E-24  0.1250E-17  0.1290E-14  0.6520E-13  0.2030E-12  0.2760E-12  0.3110E-12  0.3330E-12  0.3270E-12  0.2830E-12  0.2250E-12  0.1920E-12
  0.1000E+17  0.1470E-42  0.4090E-32  0.8460E-24  0.1250E-17  0.1290E-14  0.6520E-13  0.2030E-12  0.2760E-12  0.3110E-12  0.3330E-12  0.3270E-12  0.2830E-12  0.2250E-12  0.1920E-12
WAVELENGTH(A)= 
     9.130
 7 14 t 
excit   
    64.100     96.200    160.000    321.000    641.000   1600.000   3210.000   4810.000   6410.000   9620.000  16000.000  32100.000  64100.000  96200.000 
  0.1000E+11  0.7340E-40  0.2450E-30  0.9230E-23  0.3880E-17  0.2210E-14  0.8390E-13  0.2530E-12  0.3550E-12  0.4150E-12  0.4820E-12  0.5370E-12  0.5650E-12  0.5500E-12  0.5260E-12
  0.1000E+12  0.7420E-40  0.2450E-30  0.9230E-23  0.3880E-17  0.2210E-14  0.8390E-13  0.2530E-12  0.3550E-12  0.4150E-12  0.4820E-12  0.5370E-12  0.5650E-12  0.5500E-12  0.5260E-12
  0.1000E+13  0.7410E-40  0.2450E-30  0.9230E-23  0.3880E-17  0.2210E-14  0.8390E-13  0.2530E-12  0.3550E-12  0.4150E-12  0.4820E-12  0.5370E-12  0.5650E-12  0.5500E-12  0.5260E-12
  0.1000E+14  0.7410E-40  0.2450E-30  0.9230E-23  0.3880E-17  0.2210E-14  0.8390E-13  0.2530E-12  0.3550E-12  0.4150E-12  0.4820E-12  0.5370E-12  0.5650E-12  0.5500E-12  0.5260E-12
  0.1000E+15  0.7410E-40  0.2450E-30  0.9230E-23  0.3880E-17  0.2210E-14  0.8390E-13  0.2530E-12  0.3550E-12  0.4150E-12  0.4820E-12  0.5370E-12  0.5650E-12  0.5500E-12  0.5260E-12
  0.1000E+16  0.7410E-40  0.2450E-30  0.9230E-23  0.3880E-17  0.2210E-14  0.8390E-13  0.2530E-12  0.3550E-12  0.4150E-12  0.4820E-12  0.5370E-12  0.5650E-12  0.5500E-12  0.5260E-12
  0.1000E+17  0.7410E-40  0.2450E-30  0.9230E-23  0.3880E-17  0.2210E-14  0.8390E-13  0.2530E-12  0.3550E-12  0.4150E-12  0.4820E-12  0.5370E-12  0.5650E-12  0.5500E-12  0.5260E-12
WAVELENGTH(A)= 
     9.961
 7 14 t 
excit   
    64.100     96.200    160.000    321.000    641.000   1600.000   3210.000   4810.000   6410.000   9620.000  16000.000  32100.000  64100.000  96200.000 
  0.1000E+11  0.5170E-40  0.2200E-30  0.9820E-23  0.4600E-17  0.2660E-14  0.9480E-13  0.2590E-12  0.3350E-12  0.3650E-12  0.3770E-12  0.3550E-12  0.2930E-12  0.2260E-12  0.1910E-12
  0.1000E+12  0.5380E-40  0.2200E-30  0.9820E-23  0.4600E-17  0.2660E-14  0.9480E-13  0.2590E-12  0.3350E-12  0.3650E-12  0.3770E-12  0.3550E-12  0.2930E-12  0.2260E-12  0.1910E-12
  0.1000E+13  0.5360E-40  0.2200E-30  0.9820E-23  0.4600E-17  0.2660E-14  0.9480E-13  0.2590E-12  0.3350E-12  0.3650E-12  0.3770E-12  0.3550E-12  0.2930E-12  0.2260E-12  0.1910E-12
  0.1000E+14  0.5360E-40  0.2200E-30  0.9820E-23  0.4600E-17  0.2660E-14  0.9480E-13  0.2590E-12  0.3350E-12  0.3650E-12  0.3770E-12  0.3550E-12  0.2930E-12  0.2260E-12  0.1910E-12
  0.1000E+15  0.5360E-40  0.2200E-30  0.9820E-23  0.4600E-17  0.2660E-14  0.9480E-13  0.2590E-12  0.3350E-12  0.3650E-12  0.3770E-12  0.3550E-12  0.2930E-12  0.2260E-12  0.1910E-12
  0.1000E+16  0.5360E-40  0.2200E-30  0.9820E-23  0.4600E-17  0.2660E-14  0.9480E-13  0.2590E-12  0.3350E-12  0.3650E-12  0.3770E-12  0.3550E-12  0.2930E-12  0.2260E-12  0.1910E-12
  0.1000E+17  0.5360E-40  0.2200E-30  0.9820E-23  0.4600E-17  0.2660E-14  0.9480E-13  0.2590E-12  0.3350E-12  0.3650E-12  0.3770E-12  0.3550E-12  0.2930E-12  0.2260E-12  0.1910E-12
WAVELENGTH(A)= 
    10.376
 7 14 t 
excit   
    64.100     96.200    160.000    321.000    641.000   1600.000   3210.000   4810.000   6410.000   9620.000  16000.000  32100.000  64100.000  96200.000 
  0.1000E+11  0.1810E-39  0.2580E-30  0.4950E-23  0.1300E-17  0.6270E-15  0.2330E-13  0.6990E-13  0.9620E-13  0.1110E-12  0.1250E-12  0.1340E-12  0.1330E-12  0.1250E-12  0.1170E-12
  0.1000E+12  0.1810E-39  0.2580E-30  0.4950E-23  0.1300E-17  0.6270E-15  0.2330E-13  0.6990E-13  0.9620E-13  0.1110E-12  0.1250E-12  0.1340E-12  0.1330E-12  0.1250E-12  0.1170E-12
  0.1000E+13  0.1810E-39  0.2580E-30  0.4950E-23  0.1300E-17  0.6270E-15  0.2330E-13  0.6990E-13  0.9620E-13  0.1110E-12  0.1250E-12  0.1340E-12  0.1330E-12  0.1250E-12  0.1170E-12
  0.1000E+14  0.1810E-39  0.2580E-30  0.4950E-23  0.1300E-17  0.6270E-15  0.2330E-13  0.6990E-13  0.9620E-13  0.1110E-12  0.1250E-12  0.1340E-12  0.1330E-12  0.1250E-12  0.1170E-12
  0.1000E+15  0.1810E-39  0.2580E-30  0.4950E-23  0.1300E-17  0.6270E-15  0.2330E-13  0.6990E-13  0.9620E-13  0.1110E-12  0.1250E-12  0.1340E-12  0.1330E-12  0.1250E-12  0.1170E-12
  0.1000E+16  0.1810E-39  0.2580E-30  0.4950E-23  0.1300E-17  0.6270E-15  0.2330E-13  0.6990E-13  0.9620E-13  0.1110E-12  0.1250E-12  0.1340E-12  0.1330E-12  0.1250E-12  0.1170E-12
  0.1000E+17  0.1810E-39  0.2580E-30  0.4960E-23  0.1300E-17  0.6270E-15  0.2330E-13  0.6990E-13  0.9620E-13  0.1110E-12  0.1250E-12  0.1340E-12  0.1330E-12  0.1250E-12  0.1170E-12
WAVELENGTH(A)= 
    10.582
 7 14 t 
excit   
    64.100     96.200    160.000    321.000    641.000   1600.000   3210.000   4810.000   6410.000   9620.000  16000.000  32100.000  64100.000  96200.000 
  0.1000E+11  0.1000E-73  0.6890E-36  0.1720E-26  0.1660E-19  0.4360E-16  0.3860E-14  0.1440E-13  0.2070E-13  0.2400E-13  0.2640E-13  0.2630E-13  0.2300E-13  0.1850E-13  0.1590E-13
  0.1000E+12  0.1000E-73  0.6890E-36  0.1720E-26  0.1660E-19  0.4360E-16  0.3860E-14  0.1440E-13  0.2070E-13  0.2400E-13  0.2640E-13  0.2630E-13  0.2300E-13  0.1850E-13  0.1590E-13
  0.1000E+13  0.1000E-73  0.6890E-36  0.1720E-26  0.1660E-19  0.4360E-16  0.3860E-14  0.1440E-13  0.2070E-13  0.2400E-13  0.2640E-13  0.2630E-13  0.2300E-13  0.1850E-13  0.1590E-13
  0.1000E+14  0.1000E-73  0.6890E-36  0.1720E-26  0.1660E-19  0.4360E-16  0.3860E-14  0.1440E-13  0.2070E-13  0.2400E-13  0.2640E-13  0.2630E-13  0.2300E-13  0.1850E-13  0.1590E-13
  0.1000E+15  0.1000E-73  0.6890E-36  0.1720E-26  0.1660E-19  0.4360E-16  0.3860E-14  0.1440E-13  0.2070E-13  0.2400E-13  0.2640E-13  0.2630E-13  0.2300E-13  0.1850E-13  0.1590E-13
  0.1000E+16  0.1000E-73  0.6890E-36  0.1720E-26  0.1660E-19  0.4360E-16  0.3860E-14  0.1440E-13  0.2070E-13  0.2400E-13  0.2640E-13  0.2630E-13  0.2300E-13  0.1850E-13  0.1590E-13
  0.1000E+17  0.1010E-47  0.6890E-36  0.1720E-26  0.1660E-19  0.4360E-16  0.3860E-14  0.1440E-13  0.2070E-13  0.2400E-13  0.2640E-13  0.2630E-13  0.2300E-13  0.1850E-13  0.1590E-13
WAVELENGTH(A)= 
    11.008
 7 14 t 
excit   
    64.100     96.200    160.000    321.000    641.000   1600.000   3210.000   4810.000   6410.000   9620.000  16000.000  32100.000  64100.000  96200.000 
  0.1000E+11  0.2490E-39  0.5520E-30  0.1510E-22  0.4940E-17  0.2430E-14  0.8130E-13  0.2240E-12  0.2920E-12  0.3240E-12  0.3420E-12  0.3350E-12  0.2930E-12  0.2410E-12  0.2100E-12
  0.1000E+12  0.2490E-39  0.5520E-30  0.1510E-22  0.4940E-17  0.2430E-14  0.8130E-13  0.2240E-12  0.2920E-12  0.3240E-12  0.3420E-12  0.3350E-12  0.2930E-12  0.2410E-12  0.2100E-12
  0.1000E+13  0.2490E-39  0.5520E-30  0.1510E-22  0.4940E-17  0.2430E-14  0.8130E-13  0.2240E-12  0.2920E-12  0.3240E-12  0.3420E-12  0.3350E-12  0.2930E-12  0.2410E-12  0.2100E-12
  0.1000E+14  0.2490E-39  0.5520E-30  0.1510E-22  0.4940E-17  0.2430E-14  0.8130E-13  0.2240E-12  0.2920E-12  0.3240E-12  0.3420E-12  0.3350E-12  0.2930E-12  0.2410E-12  0.2100E-12
  0.1000E+15  0.2490E-39  0.5520E-30  0.1510E-22  0.4940E-17  0.2430E-14  0.8130E-13  0.2240E-12  0.2920E-12  0.3240E-12  0.3420E-12  0.3350E-12  0.2930E-12  0.2410E-12  0.2100E-12
  0.1000E+16  0.2490E-39  0.5520E-30  0.1510E-22  0.4940E-17  0.2430E-14  0.8130E-13  0.2240E-12  0.2920E-12  0.3240E-12  0.3420E-12  0.3350E-12  0.2930E-12  0.2410E-12  0.2100E-12
  0.1000E+17  0.2490E-39  0.5520E-30  0.1510E-22  0.4940E-17  0.2430E-14  0.8130E-13  0.2240E-12  0.2920E-12  0.3240E-12  0.3420E-12  0.3350E-12  0.2930E-12  0.2410E-12  0.2100E-12
WAVELENGTH(A)= 
    11.013
 7 14 t 
excit   
    64.100     96.200    160.000    321.000    641.000   1600.000   3210.000   4810.000   6410.000   9620.000  16000.000  32100.000  64100.000  96200.000 
  0.1000E+11  0.1000E-73  0.2760E-32  0.4140E-24  0.4870E-18  0.4490E-15  0.2220E-13  0.7290E-13  0.1070E-12  0.1300E-12  0.1580E-12  0.1870E-12  0.2140E-12  0.2230E-12  0.2200E-12
  0.1000E+12  0.1610E-42  0.2760E-32  0.4140E-24  0.4870E-18  0.4490E-15  0.2220E-13  0.7290E-13  0.1070E-12  0.1300E-12  0.1580E-12  0.1870E-12  0.2140E-12  0.2230E-12  0.2200E-12
  0.1000E+13  0.1450E-42  0.2760E-32  0.4140E-24  0.4870E-18  0.4490E-15  0.2220E-13  0.7290E-13  0.1070E-12  0.1300E-12  0.1580E-12  0.1870E-12  0.2140E-12  0.2230E-12  0.2200E-12
  0.1000E+14  0.1470E-42  0.2760E-32  0.4140E-24  0.4870E-18  0.4490E-15  0.2220E-13  0.7290E-13  0.1070E-12  0.1300E-12  0.1580E-12  0.1870E-12  0.2140E-12  0.2230E-12  0.2200E-12
  0.1000E+15  0.1470E-42  0.2760E-32  0.4140E-24  0.4870E-18  0.4490E-15  0.2220E-13  0.7290E-13  0.1070E-12  0.1300E-12  0.1580E-12  0.1870E-12  0.2140E-12  0.2230E-12  0.2200E-12
  0.1000E+16  0.1470E-42  0.2760E-32  0.4140E-24  0.4870E-18  0.4490E-15  0.2220E-13  0.7290E-13  0.1070E-12  0.1300E-12  0.1580E-12  0.1870E-12  0.2140E-12  0.2230E-12  0.2200E-12
  0.1000E+17  0.1470E-42  0.2760E-32  0.4140E-24  0.4870E-18  0.4490E-15  0.2220E-13  0.7290E-13  0.1070E-12  0.1300E-12  0.1580E-12  0.1870E-12  0.2140E-12  0.2230E-12  0.2200E-12
WAVELENGTH(A)= 
    11.104
 7 14 t 
excit   
    64.100     96.200    160.000    321.000    641.000   1600.000   3210.000   4810.000   6410.000   9620.000  16000.000  32100.000  64100.000  96200.000 
  0.1000E+11  0.4900E-41  0.1640E-31  0.6170E-24  0.2600E-18  0.1480E-15  0.5610E-14  0.1690E-13  0.2370E-13  0.2780E-13  0.3220E-13  0.3590E-13  0.3780E-13  0.3680E-13  0.3520E-13
  0.1000E+12  0.4960E-41  0.1640E-31  0.6170E-24  0.2600E-18  0.1480E-15  0.5610E-14  0.1690E-13  0.2370E-13  0.2780E-13  0.3220E-13  0.3590E-13  0.3780E-13  0.3680E-13  0.3520E-13
  0.1000E+13  0.4950E-41  0.1640E-31  0.6170E-24  0.2600E-18  0.1480E-15  0.5610E-14  0.1690E-13  0.2370E-13  0.2780E-13  0.3220E-13  0.3590E-13  0.3780E-13  0.3680E-13  0.3520E-13
  0.1000E+14  0.4950E-41  0.1640E-31  0.6170E-24  0.2600E-18  0.1480E-15  0.5610E-14  0.1690E-13  0.2370E-13  0.2780E-13  0.3220E-13  0.3590E-13  0.3780E-13  0.3680E-13  0.3520E-13
  0.1000E+15  0.4950E-41  0.1640E-31  0.6170E-24  0.2600E-18  0.1480E-15  0.5610E-14  0.1690E-13  0.2370E-13  0.2780E-13  0.3220E-13  0.3590E-13  0.3780E-13  0.3680E-13  0.3520E-13
  0.1000E+16  0.4950E-41  0.1640E-31  0.6170E-24  0.2600E-18  0.1480E-15  0.5610E-14  0.1690E-13  0.2370E-13  0.2780E-13  0.3220E-13  0.3590E-13  0.3780E-13  0.3680E-13  0.3520E-13
  0.1000E+17  0.4950E-41  0.1640E-31  0.6170E-24  0.2600E-18  0.1480E-15  0.5610E-14  0.1690E-13  0.2370E-13  0.2780E-13  0.3220E-13  0.3590E-13  0.3780E-13  0.3680E-13  0.3520E-13
WAVELENGTH(A)= 
    11.146
 7 14 t 
excit   
    64.100     96.200    160.000    321.000    641.000   1600.000   3210.000   4810.000   6410.000   9620.000  16000.000  32100.000  64100.000  96200.000 
  0.1000E+11  0.1000E-73  0.5370E-36  0.1510E-26  0.1600E-19  0.4430E-16  0.4160E-14  0.1650E-13  0.2510E-13  0.3050E-13  0.3650E-13  0.4160E-13  0.4410E-13  0.4310E-13  0.4130E-13
  0.1000E+12  0.1000E-73  0.5370E-36  0.1510E-26  0.1600E-19  0.4430E-16  0.4160E-14  0.1650E-13  0.2510E-13  0.3050E-13  0.3650E-13  0.4160E-13  0.4410E-13  0.4310E-13  0.4130E-13
  0.1000E+13  0.1000E-73  0.5370E-36  0.1510E-26  0.1600E-19  0.4430E-16  0.4160E-14  0.1650E-13  0.2510E-13  0.3050E-13  0.3650E-13  0.4160E-13  0.4410E-13  0.4310E-13  0.4130E-13
  0.1000E+14  0.1000E-73  0.5370E-36  0.1510E-26  0.1600E-19  0.4430E-16  0.4160E-14  0.1650E-13  0.2510E-13  0.3050E-13  0.3650E-13  0.4160E-13  0.4410E-13  0.4310E-13  0.4130E-13
  0.1000E+15  0.1000E-73  0.5370E-36  0.1510E-26  0.1600E-19  0.4430E-16  0.4160E-14  0.1650E-13  0.2510E-13  0.3050E-13  0.3650E-13  0.4160E-13  0.4410E-13  0.4310E-13  0.4130E-13
  0.1000E+16  0.1000E-73  0.5370E-36  0.1510E-26  0.1600E-19  0.4430E-16  0.4160E-14  0.1650E-13  0.2510E-13  0.3050E-13  0.3650E-13  0.4160E-13  0.4410E-13  0.4310E-13  0.4130E-13
  0.1000E+17  0.5160E-48  0.5370E-36  0.1510E-26  0.1600E-19  0.4430E-16  0.4160E-14  0.1650E-13  0.2510E-13  0.3050E-13  0.3650E-13  0.4160E-13  0.4410E-13  0.4310E-13  0.4130E-13
WAVELENGTH(A)= 
    16.161
 7 14 t 
excit   
    64.100     96.200    160.000    321.000    641.000   1600.000   3210.000   4810.000   6410.000   9620.000  16000.000  32100.000  64100.000  96200.000 
  0.1000E+11  0.1000E-73  0.9510E-34  0.4420E-25  0.1210E-18  0.1720E-15  0.1060E-13  0.3540E-13  0.4880E-13  0.5580E-13  0.6030E-13  0.6020E-13  0.5260E-13  0.4280E-13  0.3710E-13
  0.1000E+12  0.1000E-73  0.9510E-34  0.4420E-25  0.1210E-18  0.1720E-15  0.1060E-13  0.3540E-13  0.4880E-13  0.5580E-13  0.6030E-13  0.6020E-13  0.5260E-13  0.4280E-13  0.3710E-13
  0.1000E+13  0.1000E-73  0.9510E-34  0.4420E-25  0.1210E-18  0.1720E-15  0.1060E-13  0.3540E-13  0.4880E-13  0.5580E-13  0.6030E-13  0.6020E-13  0.5260E-13  0.4280E-13  0.3710E-13
  0.1000E+14  0.1400E-44  0.9510E-34  0.4420E-25  0.1210E-18  0.1720E-15  0.1060E-13  0.3540E-13  0.4880E-13  0.5580E-13  0.6030E-13  0.6020E-13  0.5260E-13  0.4280E-13  0.3710E-13
  0.1000E+15  0.1260E-44  0.9510E-34  0.4420E-25  0.1210E-18  0.1720E-15  0.1060E-13  0.3540E-13  0.4880E-13  0.5580E-13  0.6030E-13  0.6020E-13  0.5260E-13  0.4280E-13  0.3710E-13
  0.1000E+16  0.1250E-44  0.9510E-34  0.4420E-25  0.1210E-18  0.1720E-15  0.1060E-13  0.3540E-13  0.4880E-13  0.5580E-13  0.6030E-13  0.6020E-13  0.5260E-13  0.4280E-13  0.3710E-13
  0.1000E+17  0.1240E-44  0.9510E-34  0.4420E-25  0.1210E-18  0.1720E-15  0.1060E-13  0.3540E-13  0.4880E-13  0.5580E-13  0.6030E-13  0.6020E-13  0.5260E-13  0.4280E-13  0.3710E-13
WAVELENGTH(A)= 
    17.118
 7 14 t 
excit   
    64.100     96.200    160.000    321.000    641.000   1600.000   3210.000   4810.000   6410.000   9620.000  16000.000  32100.000  64100.000  96200.000 
  0.1000E+11  0.1000E-73  0.5310E-34  0.2960E-25  0.9450E-19  0.1450E-15  0.9700E-14  0.3490E-13  0.5110E-13  0.6110E-13  0.7230E-13  0.8160E-13  0.8600E-13  0.8390E-13  0.8020E-13
  0.1000E+12  0.1000E-73  0.5310E-34  0.2960E-25  0.9450E-19  0.1450E-15  0.9700E-14  0.3490E-13  0.5110E-13  0.6110E-13  0.7230E-13  0.8160E-13  0.8600E-13  0.8390E-13  0.8020E-13
  0.1000E+13  0.1000E-73  0.5310E-34  0.2960E-25  0.9450E-19  0.1450E-15  0.9700E-14  0.3490E-13  0.5110E-13  0.6110E-13  0.7230E-13  0.8160E-13  0.8600E-13  0.8390E-13  0.8020E-13
  0.1000E+14  0.7170E-45  0.5310E-34  0.2960E-25  0.9450E-19  0.1450E-15  0.9700E-14  0.3490E-13  0.5110E-13  0.6110E-13  0.7230E-13  0.8160E-13  0.8600E-13  0.8390E-13  0.8020E-13
  0.1000E+15  0.5740E-45  0.5310E-34  0.2960E-25  0.9450E-19  0.1450E-15  0.9700E-14  0.3490E-13  0.5110E-13  0.6110E-13  0.7230E-13  0.8160E-13  0.8600E-13  0.8390E-13  0.8020E-13
  0.1000E+16  0.5520E-45  0.5310E-34  0.2960E-25  0.9450E-19  0.1450E-15  0.9700E-14  0.3490E-13  0.5110E-13  0.6110E-13  0.7230E-13  0.8160E-13  0.8600E-13  0.8390E-13  0.8020E-13
  0.1000E+17  0.5550E-45  0.5310E-34  0.2960E-25  0.9450E-19  0.1450E-15  0.9700E-14  0.3490E-13  0.5110E-13  0.6110E-13  0.7230E-13  0.8160E-13  0.8600E-13  0.8390E-13  0.8020E-13
WAVELENGTH(A)= 
    18.469
 7 14 t 
excit   
    64.100     96.200    160.000    321.000    641.000   1600.000   3210.000   4810.000   6410.000   9620.000  16000.000  32100.000  64100.000  96200.000 
  0.1000E+11  0.1000E-73  0.4700E-34  0.2880E-25  0.9620E-19  0.1480E-15  0.9460E-14  0.3150E-13  0.4300E-13  0.4820E-13  0.5140E-13  0.4910E-13  0.4120E-13  0.3170E-13  0.2680E-13
  0.1000E+12  0.1000E-73  0.4700E-34  0.2880E-25  0.9620E-19  0.1480E-15  0.9460E-14  0.3150E-13  0.4300E-13  0.4820E-13  0.5140E-13  0.4910E-13  0.4120E-13  0.3170E-13  0.2680E-13
  0.1000E+13  0.1000E-73  0.4700E-34  0.2880E-25  0.9620E-19  0.1480E-15  0.9460E-14  0.3150E-13  0.4300E-13  0.4820E-13  0.5140E-13  0.4910E-13  0.4120E-13  0.3170E-13  0.2680E-13
  0.1000E+14  0.1000E-73  0.4700E-34  0.2880E-25  0.9620E-19  0.1480E-15  0.9460E-14  0.3150E-13  0.4300E-13  0.4820E-13  0.5140E-13  0.4910E-13  0.4120E-13  0.3170E-13  0.2680E-13
  0.1000E+15  0.4080E-45  0.4700E-34  0.2880E-25  0.9620E-19  0.1480E-15  0.9460E-14  0.3150E-13  0.4300E-13  0.4820E-13  0.5140E-13  0.4910E-13  0.4120E-13  0.3170E-13  0.2680E-13
  0.1000E+16  0.4350E-45  0.4700E-34  0.2880E-25  0.9620E-19  0.1480E-15  0.9460E-14  0.3150E-13  0.4300E-13  0.4820E-13  0.5140E-13  0.4910E-13  0.4120E-13  0.3170E-13  0.2680E-13
  0.1000E+17  0.4340E-45  0.4700E-34  0.2880E-25  0.9620E-19  0.1480E-15  0.9460E-14  0.3150E-13  0.4300E-13  0.4820E-13  0.5140E-13  0.4910E-13  0.4120E-13  0.3170E-13  0.2680E-13
WAVELENGTH(A)= 
    20.521
 7 14 t 
excit   
    64.100     96.200    160.000    321.000    641.000   1600.000   3210.000   4810.000   6410.000   9620.000  16000.000  32100.000  64100.000  96200.000 
  0.1000E+11  0.1000E-73  0.1040E-33  0.4830E-25  0.1330E-18  0.1870E-15  0.1160E-13  0.3870E-13  0.5330E-13  0.6090E-13  0.6590E-13  0.6580E-13  0.5750E-13  0.4670E-13  0.4060E-13
  0.1000E+12  0.1000E-73  0.1040E-33  0.4830E-25  0.1330E-18  0.1870E-15  0.1160E-13  0.3870E-13  0.5330E-13  0.6090E-13  0.6590E-13  0.6580E-13  0.5750E-13  0.4670E-13  0.4060E-13
  0.1000E+13  0.1000E-73  0.1040E-33  0.4830E-25  0.1330E-18  0.1870E-15  0.1160E-13  0.3870E-13  0.5330E-13  0.6090E-13  0.6590E-13  0.6580E-13  0.5750E-13  0.4670E-13  0.4060E-13
  0.1000E+14  0.1520E-44  0.1040E-33  0.4830E-25  0.1330E-18  0.1870E-15  0.1160E-13  0.3870E-13  0.5330E-13  0.6090E-13  0.6590E-13  0.6580E-13  0.5750E-13  0.4670E-13  0.4060E-13
  0.1000E+15  0.1370E-44  0.1040E-33  0.4830E-25  0.1330E-18  0.1870E-15  0.1160E-13  0.3870E-13  0.5330E-13  0.6090E-13  0.6590E-13  0.6580E-13  0.5750E-13  0.4670E-13  0.4060E-13
  0.1000E+16  0.1360E-44  0.1040E-33  0.4830E-25  0.1330E-18  0.1870E-15  0.1160E-13  0.3870E-13  0.5330E-13  0.6090E-13  0.6590E-13  0.6580E-13  0.5750E-13  0.4670E-13  0.4060E-13
  0.1000E+17  0.1360E-44  0.1040E-33  0.4830E-25  0.1330E-18  0.1870E-15  0.1160E-13  0.3870E-13  0.5330E-13  0.6090E-13  0.6590E-13  0.6580E-13  0.5750E-13  0.4670E-13  0.4060E-13
WAVELENGTH(A)= 
    29.461
 7 14 t 
excit   
    64.100     96.200    160.000    321.000    641.000   1600.000   3210.000   4810.000   6410.000   9620.000  16000.000  32100.000  64100.000  96200.000 
  0.1000E+11  0.2280E-11  0.1680E-10  0.7640E-10  0.2140E-09  0.3170E-09  0.3450E-09  0.3150E-09  0.2900E-09  0.2710E-09  0.2440E-09  0.2110E-09  0.1690E-09  0.1340E-09  0.1160E-09
  0.1000E+12  0.2280E-11  0.1680E-10  0.7640E-10  0.2140E-09  0.3170E-09  0.3450E-09  0.3150E-09  0.2900E-09  0.2710E-09  0.2440E-09  0.2110E-09  0.1690E-09  0.1340E-09  0.1160E-09
  0.1000E+13  0.2280E-11  0.1680E-10  0.7640E-10  0.2140E-09  0.3170E-09  0.3450E-09  0.3150E-09  0.2900E-09  0.2710E-09  0.2440E-09  0.2110E-09  0.1690E-09  0.1340E-09  0.1160E-09
  0.1000E+14  0.2280E-11  0.1680E-10  0.7640E-10  0.2140E-09  0.3170E-09  0.3450E-09  0.3150E-09  0.2900E-09  0.2710E-09  0.2440E-09  0.2110E-09  0.1690E-09  0.1340E-09  0.1160E-09
  0.1000E+15  0.2280E-11  0.1680E-10  0.7640E-10  0.2140E-09  0.3170E-09  0.3450E-09  0.3150E-09  0.2900E-09  0.2710E-09  0.2440E-09  0.2110E-09  0.1690E-09  0.1340E-09  0.1160E-09
  0.1000E+16  0.2280E-11  0.1680E-10  0.7640E-10  0.2140E-09  0.3170E-09  0.3450E-09  0.3150E-09  0.2900E-09  0.2710E-09  0.2440E-09  0.2110E-09  0.1690E-09  0.1340E-09  0.1160E-09
  0.1000E+17  0.2280E-11  0.1680E-10  0.7640E-10  0.2140E-09  0.3170E-09  0.3450E-09  0.3150E-09  0.2900E-09  0.2710E-09  0.2440E-09  0.2110E-09  0.1690E-09  0.1340E-09  0.1160E-09
WAVELENGTH(A)= 
    31.514
 7 14 t 
excit   
    64.100     96.200    160.000    321.000    641.000   1600.000   3210.000   4810.000   6410.000   9620.000  16000.000  32100.000  64100.000  96200.000 
  0.1000E+11  0.2690E-11  0.1710E-10  0.6890E-10  0.1720E-09  0.2400E-09  0.2540E-09  0.2360E-09  0.2190E-09  0.2060E-09  0.1870E-09  0.1620E-09  0.1300E-09  0.1030E-09  0.8920E-10
  0.1000E+12  0.2690E-11  0.1710E-10  0.6890E-10  0.1720E-09  0.2400E-09  0.2540E-09  0.2360E-09  0.2190E-09  0.2060E-09  0.1870E-09  0.1620E-09  0.1300E-09  0.1030E-09  0.8920E-10
  0.1000E+13  0.2690E-11  0.1710E-10  0.6890E-10  0.1720E-09  0.2400E-09  0.2540E-09  0.2360E-09  0.2190E-09  0.2060E-09  0.1870E-09  0.1620E-09  0.1300E-09  0.1030E-09  0.8920E-10
  0.1000E+14  0.2690E-11  0.1710E-10  0.6890E-10  0.1720E-09  0.2400E-09  0.2540E-09  0.2360E-09  0.2190E-09  0.2060E-09  0.1870E-09  0.1620E-09  0.1300E-09  0.1030E-09  0.8920E-10
  0.1000E+15  0.2690E-11  0.1710E-10  0.6890E-10  0.1720E-09  0.2400E-09  0.2540E-09  0.2360E-09  0.2190E-09  0.2060E-09  0.1870E-09  0.1620E-09  0.1300E-09  0.1030E-09  0.8920E-10
  0.1000E+16  0.2690E-11  0.1710E-10  0.6890E-10  0.1720E-09  0.2400E-09  0.2540E-09  0.2360E-09  0.2190E-09  0.2060E-09  0.1870E-09  0.1620E-09  0.1300E-09  0.1030E-09  0.8920E-10
  0.1000E+17  0.2690E-11  0.1710E-10  0.6890E-10  0.1720E-09  0.2400E-09  0.2540E-09  0.2360E-09  0.2190E-09  0.2060E-09  0.1870E-09  0.1620E-09  0.1300E-09  0.1030E-09  0.8920E-10
WAVELENGTH(A)= 
    32.348
 7 14 t 
excit   
    64.100     96.200    160.000    321.000    641.000   1600.000   3210.000   4810.000   6410.000   9620.000  16000.000  32100.000  64100.000  96200.000 
  0.1000E+11  0.7950E-15  0.4240E-13  0.9340E-12  0.8160E-11  0.2050E-10  0.2820E-10  0.2640E-10  0.2390E-10  0.2190E-10  0.1910E-10  0.1590E-10  0.1220E-10  0.9300E-11  0.7910E-11
  0.1000E+12  0.7950E-15  0.4240E-13  0.9340E-12  0.8160E-11  0.2050E-10  0.2820E-10  0.2640E-10  0.2390E-10  0.2190E-10  0.1910E-10  0.1590E-10  0.1220E-10  0.9300E-11  0.7910E-11
  0.1000E+13  0.7950E-15  0.4240E-13  0.9340E-12  0.8160E-11  0.2050E-10  0.2820E-10  0.2640E-10  0.2390E-10  0.2190E-10  0.1910E-10  0.1590E-10  0.1220E-10  0.9300E-11  0.7910E-11
  0.1000E+14  0.7950E-15  0.4240E-13  0.9340E-12  0.8160E-11  0.2050E-10  0.2820E-10  0.2640E-10  0.2390E-10  0.2190E-10  0.1910E-10  0.1590E-10  0.1220E-10  0.9300E-11  0.7910E-11
  0.1000E+15  0.7950E-15  0.4240E-13  0.9340E-12  0.8160E-11  0.2050E-10  0.2820E-10  0.2640E-10  0.2390E-10  0.2190E-10  0.1910E-10  0.1590E-10  0.1220E-10  0.9300E-11  0.7910E-11
  0.1000E+16  0.7950E-15  0.4240E-13  0.9340E-12  0.8160E-11  0.2050E-10  0.2820E-10  0.2640E-10  0.2390E-10  0.2190E-10  0.1910E-10  0.1590E-10  0.1220E-10  0.9300E-11  0.7910E-11
  0.1000E+17  0.7960E-15  0.4240E-13  0.9340E-12  0.8160E-11  0.2050E-10  0.2820E-10  0.2640E-10  0.2390E-10  0.2190E-10  0.1910E-10  0.1590E-10  0.1220E-10  0.9300E-11  0.7910E-11
WAVELENGTH(A)= 
    71.429
 7 14 t 
excit   
    64.100     96.200    160.000    321.000    641.000   1600.000   3210.000   4810.000   6410.000   9620.000  16000.000  32100.000  64100.000  96200.000 
  0.1000E+11  0.3330E-31  0.9450E-25  0.1250E-19  0.7520E-16  0.4970E-14  0.5050E-13  0.9610E-13  0.1120E-12  0.1170E-12  0.1180E-12  0.1110E-12  0.9540E-13  0.7750E-13  0.6780E-13
  0.1000E+12  0.3330E-31  0.9450E-25  0.1250E-19  0.7520E-16  0.4970E-14  0.5050E-13  0.9610E-13  0.1120E-12  0.1170E-12  0.1180E-12  0.1110E-12  0.9540E-13  0.7750E-13  0.6780E-13
  0.1000E+13  0.3330E-31  0.9450E-25  0.1250E-19  0.7520E-16  0.4970E-14  0.5050E-13  0.9610E-13  0.1120E-12  0.1170E-12  0.1180E-12  0.1110E-12  0.9540E-13  0.7750E-13  0.6780E-13
  0.1000E+14  0.3330E-31  0.9450E-25  0.1250E-19  0.7520E-16  0.4970E-14  0.5050E-13  0.9610E-13  0.1120E-12  0.1170E-12  0.1180E-12  0.1110E-12  0.9540E-13  0.7750E-13  0.6780E-13
  0.1000E+15  0.3330E-31  0.9450E-25  0.1250E-19  0.7520E-16  0.4970E-14  0.5050E-13  0.9610E-13  0.1120E-12  0.1170E-12  0.1180E-12  0.1110E-12  0.9540E-13  0.7750E-13  0.6780E-13
  0.1000E+16  0.3330E-31  0.9450E-25  0.1250E-19  0.7520E-16  0.4970E-14  0.5050E-13  0.9610E-13  0.1120E-12  0.1170E-12  0.1180E-12  0.1110E-12  0.9540E-13  0.7750E-13  0.6780E-13
  0.1000E+17  0.3330E-31  0.9450E-25  0.1250E-19  0.7520E-16  0.4970E-14  0.5050E-13  0.9610E-13  0.1120E-12  0.1170E-12  0.1180E-12  0.1110E-12  0.9540E-13  0.7750E-13  0.6780E-13
