 50  7 14
WAVELENGTH(A)= 
     3.526
 7 14 t 
excit   
    34.900     52.300     87.200    174.000    349.000    872.000   1740.000   2620.000   3490.000   5230.000   8720.000  17400.000  34900.000  52300.000 
  0.1000E+11  0.1000E-73  0.8980E-40  0.3340E-28  0.1340E-19  0.2280E-15  0.6320E-13  0.3590E-12  0.6150E-12  0.7960E-12  0.1020E-11  0.1240E-11  0.1410E-11  0.1470E-11  0.1460E-11
  0.1000E+12  0.1000E-73  0.9150E-40  0.3340E-28  0.1340E-19  0.2280E-15  0.6320E-13  0.3590E-12  0.6150E-12  0.7960E-12  0.1020E-11  0.1240E-11  0.1410E-11  0.1470E-11  0.1460E-11
  0.1000E+13  0.1000E-73  0.9160E-40  0.3340E-28  0.1340E-19  0.2280E-15  0.6320E-13  0.3590E-12  0.6150E-12  0.7960E-12  0.1020E-11  0.1240E-11  0.1410E-11  0.1470E-11  0.1460E-11
  0.1000E+14  0.1000E-73  0.9160E-40  0.3340E-28  0.1340E-19  0.2280E-15  0.6320E-13  0.3590E-12  0.6150E-12  0.7960E-12  0.1020E-11  0.1240E-11  0.1410E-11  0.1470E-11  0.1460E-11
  0.1000E+15  0.1000E-73  0.9160E-40  0.3340E-28  0.1340E-19  0.2280E-15  0.6320E-13  0.3590E-12  0.6150E-12  0.7960E-12  0.1020E-11  0.1240E-11  0.1410E-11  0.1470E-11  0.1460E-11
  0.1000E+16  0.1000E-73  0.9160E-40  0.3340E-28  0.1340E-19  0.2270E-15  0.6320E-13  0.3590E-12  0.6150E-12  0.7950E-12  0.1020E-11  0.1240E-11  0.1410E-11  0.1470E-11  0.1450E-11
  0.1000E+17  0.1000E-73  0.9160E-40  0.3340E-28  0.1330E-19  0.2270E-15  0.6310E-13  0.3580E-12  0.6130E-12  0.7930E-12  0.1020E-11  0.1240E-11  0.1410E-11  0.1470E-11  0.1450E-11
WAVELENGTH(A)= 
     3.935
 7 14 t 
excit   
    34.900     52.300     87.200    174.000    349.000    872.000   1740.000   2620.000   3490.000   5230.000   8720.000  17400.000  34900.000  52300.000 
  0.1000E+11  0.1000E-73  0.3850E-36  0.8540E-26  0.4200E-18  0.2500E-14  0.3650E-12  0.1640E-11  0.2560E-11  0.3130E-11  0.3720E-11  0.4130E-11  0.4220E-11  0.3980E-11  0.3750E-11
  0.1000E+12  0.1000E-73  0.3850E-36  0.8540E-26  0.4200E-18  0.2500E-14  0.3650E-12  0.1640E-11  0.2560E-11  0.3130E-11  0.3720E-11  0.4130E-11  0.4220E-11  0.3980E-11  0.3750E-11
  0.1000E+13  0.1000E-73  0.3850E-36  0.8540E-26  0.4200E-18  0.2500E-14  0.3650E-12  0.1640E-11  0.2560E-11  0.3130E-11  0.3720E-11  0.4130E-11  0.4220E-11  0.3980E-11  0.3750E-11
  0.1000E+14  0.1000E-73  0.3850E-36  0.8540E-26  0.4200E-18  0.2500E-14  0.3650E-12  0.1640E-11  0.2560E-11  0.3130E-11  0.3720E-11  0.4130E-11  0.4220E-11  0.3980E-11  0.3750E-11
  0.1000E+15  0.1000E-73  0.3850E-36  0.8540E-26  0.4200E-18  0.2500E-14  0.3650E-12  0.1640E-11  0.2560E-11  0.3130E-11  0.3720E-11  0.4130E-11  0.4220E-11  0.3980E-11  0.3750E-11
  0.1000E+16  0.1000E-73  0.3850E-36  0.8540E-26  0.4200E-18  0.2500E-14  0.3650E-12  0.1640E-11  0.2560E-11  0.3130E-11  0.3720E-11  0.4130E-11  0.4220E-11  0.3980E-11  0.3750E-11
  0.1000E+17  0.1000E-73  0.3850E-36  0.8540E-26  0.4200E-18  0.2490E-14  0.3640E-12  0.1640E-11  0.2560E-11  0.3120E-11  0.3710E-11  0.4120E-11  0.4210E-11  0.3970E-11  0.3740E-11
WAVELENGTH(A)= 
     3.971
 7 14 t 
excit   
    34.900     52.300     87.200    174.000    349.000    872.000   1740.000   2620.000   3490.000   5230.000   8720.000  17400.000  34900.000  52300.000 
  0.1000E+11  0.1000E-73  0.3900E-36  0.7000E-26  0.3050E-18  0.1820E-14  0.2820E-12  0.1340E-11  0.2160E-11  0.2700E-11  0.3330E-11  0.3890E-11  0.4260E-11  0.4280E-11  0.4170E-11
  0.1000E+12  0.1000E-73  0.3900E-36  0.7000E-26  0.3050E-18  0.1820E-14  0.2820E-12  0.1340E-11  0.2160E-11  0.2700E-11  0.3330E-11  0.3890E-11  0.4260E-11  0.4280E-11  0.4170E-11
  0.1000E+13  0.1000E-73  0.3900E-36  0.7000E-26  0.3050E-18  0.1820E-14  0.2820E-12  0.1340E-11  0.2160E-11  0.2700E-11  0.3330E-11  0.3890E-11  0.4260E-11  0.4280E-11  0.4170E-11
  0.1000E+14  0.1000E-73  0.3900E-36  0.7000E-26  0.3050E-18  0.1820E-14  0.2820E-12  0.1340E-11  0.2160E-11  0.2700E-11  0.3330E-11  0.3890E-11  0.4260E-11  0.4280E-11  0.4170E-11
  0.1000E+15  0.1000E-73  0.3900E-36  0.7000E-26  0.3050E-18  0.1820E-14  0.2820E-12  0.1340E-11  0.2160E-11  0.2700E-11  0.3330E-11  0.3890E-11  0.4260E-11  0.4280E-11  0.4170E-11
  0.1000E+16  0.1000E-73  0.3900E-36  0.7000E-26  0.3050E-18  0.1820E-14  0.2820E-12  0.1340E-11  0.2160E-11  0.2700E-11  0.3330E-11  0.3890E-11  0.4260E-11  0.4280E-11  0.4170E-11
  0.1000E+17  0.1000E-73  0.3900E-36  0.7000E-26  0.3040E-18  0.1810E-14  0.2820E-12  0.1340E-11  0.2150E-11  0.2690E-11  0.3320E-11  0.3880E-11  0.4250E-11  0.4270E-11  0.4160E-11
WAVELENGTH(A)= 
     3.984
 7 14 t 
excit   
    34.900     52.300     87.200    174.000    349.000    872.000   1740.000   2620.000   3490.000   5230.000   8720.000  17400.000  34900.000  52300.000 
  0.1000E+11  0.1000E-73  0.1480E-35  0.2430E-25  0.9590E-18  0.5110E-14  0.7020E-12  0.3090E-11  0.4780E-11  0.5820E-11  0.6930E-11  0.7650E-11  0.7780E-11  0.7320E-11  0.6910E-11
  0.1000E+12  0.1000E-73  0.1480E-35  0.2430E-25  0.9590E-18  0.5110E-14  0.7020E-12  0.3090E-11  0.4780E-11  0.5820E-11  0.6930E-11  0.7650E-11  0.7780E-11  0.7320E-11  0.6910E-11
  0.1000E+13  0.1000E-73  0.1480E-35  0.2430E-25  0.9590E-18  0.5110E-14  0.7020E-12  0.3090E-11  0.4780E-11  0.5820E-11  0.6930E-11  0.7650E-11  0.7780E-11  0.7320E-11  0.6910E-11
  0.1000E+14  0.1000E-73  0.1480E-35  0.2430E-25  0.9590E-18  0.5110E-14  0.7020E-12  0.3090E-11  0.4780E-11  0.5820E-11  0.6930E-11  0.7650E-11  0.7780E-11  0.7320E-11  0.6910E-11
  0.1000E+15  0.1000E-73  0.1480E-35  0.2430E-25  0.9590E-18  0.5110E-14  0.7020E-12  0.3090E-11  0.4780E-11  0.5820E-11  0.6930E-11  0.7650E-11  0.7780E-11  0.7320E-11  0.6910E-11
  0.1000E+16  0.1000E-73  0.1480E-35  0.2430E-25  0.9590E-18  0.5110E-14  0.7010E-12  0.3090E-11  0.4780E-11  0.5820E-11  0.6920E-11  0.7650E-11  0.7780E-11  0.7320E-11  0.6900E-11
  0.1000E+17  0.1000E-73  0.1480E-35  0.2430E-25  0.9580E-18  0.5110E-14  0.7000E-12  0.3080E-11  0.4770E-11  0.5800E-11  0.6900E-11  0.7620E-11  0.7760E-11  0.7300E-11  0.6890E-11
WAVELENGTH(A)= 
     4.403
 7 14 t 
excit   
    34.900     52.300     87.200    174.000    349.000    872.000   1740.000   2620.000   3490.000   5230.000   8720.000  17400.000  34900.000  52300.000 
  0.1000E+11  0.1000E-73  0.1000E-32  0.1710E-23  0.1240E-16  0.2830E-13  0.2350E-11  0.8860E-11  0.1310E-10  0.1560E-10  0.1820E-10  0.2000E-10  0.2030E-10  0.1930E-10  0.1820E-10
  0.1000E+12  0.1000E-73  0.1000E-32  0.1710E-23  0.1240E-16  0.2830E-13  0.2350E-11  0.8860E-11  0.1310E-10  0.1560E-10  0.1820E-10  0.2000E-10  0.2030E-10  0.1930E-10  0.1820E-10
  0.1000E+13  0.1000E-73  0.1000E-32  0.1710E-23  0.1240E-16  0.2830E-13  0.2350E-11  0.8860E-11  0.1310E-10  0.1560E-10  0.1820E-10  0.2000E-10  0.2030E-10  0.1930E-10  0.1820E-10
  0.1000E+14  0.1000E-73  0.1000E-32  0.1710E-23  0.1240E-16  0.2830E-13  0.2350E-11  0.8860E-11  0.1310E-10  0.1560E-10  0.1820E-10  0.2000E-10  0.2030E-10  0.1930E-10  0.1820E-10
  0.1000E+15  0.1750E-44  0.1000E-32  0.1710E-23  0.1240E-16  0.2830E-13  0.2350E-11  0.8860E-11  0.1310E-10  0.1560E-10  0.1820E-10  0.2000E-10  0.2030E-10  0.1930E-10  0.1820E-10
  0.1000E+16  0.2630E-44  0.1000E-32  0.1710E-23  0.1240E-16  0.2830E-13  0.2350E-11  0.8860E-11  0.1310E-10  0.1560E-10  0.1820E-10  0.2000E-10  0.2030E-10  0.1930E-10  0.1820E-10
  0.1000E+17  0.2560E-44  0.1000E-32  0.1710E-23  0.1240E-16  0.2830E-13  0.2350E-11  0.8840E-11  0.1300E-10  0.1560E-10  0.1810E-10  0.1990E-10  0.2030E-10  0.1920E-10  0.1810E-10
WAVELENGTH(A)= 
     4.462
 7 14 t 
excit   
    34.900     52.300     87.200    174.000    349.000    872.000   1740.000   2620.000   3490.000   5230.000   8720.000  17400.000  34900.000  52300.000 
  0.1000E+11  0.1000E-73  0.1290E-32  0.1670E-23  0.9940E-17  0.2110E-13  0.1700E-11  0.6360E-11  0.9330E-11  0.1110E-10  0.1280E-10  0.1400E-10  0.1400E-10  0.1310E-10  0.1230E-10
  0.1000E+12  0.1000E-73  0.1290E-32  0.1670E-23  0.9940E-17  0.2110E-13  0.1700E-11  0.6360E-11  0.9330E-11  0.1110E-10  0.1280E-10  0.1400E-10  0.1400E-10  0.1310E-10  0.1230E-10
  0.1000E+13  0.1000E-73  0.1290E-32  0.1670E-23  0.9940E-17  0.2110E-13  0.1700E-11  0.6360E-11  0.9330E-11  0.1110E-10  0.1280E-10  0.1400E-10  0.1400E-10  0.1310E-10  0.1230E-10
  0.1000E+14  0.5770E-44  0.1290E-32  0.1670E-23  0.9940E-17  0.2110E-13  0.1700E-11  0.6360E-11  0.9330E-11  0.1110E-10  0.1280E-10  0.1400E-10  0.1400E-10  0.1310E-10  0.1230E-10
  0.1000E+15  0.4620E-44  0.1290E-32  0.1670E-23  0.9940E-17  0.2110E-13  0.1700E-11  0.6360E-11  0.9330E-11  0.1110E-10  0.1280E-10  0.1400E-10  0.1400E-10  0.1310E-10  0.1230E-10
  0.1000E+16  0.4710E-44  0.1290E-32  0.1670E-23  0.9940E-17  0.2110E-13  0.1700E-11  0.6360E-11  0.9330E-11  0.1110E-10  0.1280E-10  0.1400E-10  0.1400E-10  0.1310E-10  0.1230E-10
  0.1000E+17  0.4700E-44  0.1290E-32  0.1670E-23  0.9930E-17  0.2100E-13  0.1700E-11  0.6350E-11  0.9300E-11  0.1110E-10  0.1280E-10  0.1390E-10  0.1400E-10  0.1310E-10  0.1230E-10
WAVELENGTH(A)= 
     4.775
 7 14 t 
excit   
    34.900     52.300     87.200    174.000    349.000    872.000   1740.000   2620.000   3490.000   5230.000   8720.000  17400.000  34900.000  52300.000 
  0.1000E+11  0.2440E-42  0.1180E-31  0.3770E-23  0.7790E-17  0.9390E-14  0.5280E-12  0.1700E-11  0.2330E-11  0.2650E-11  0.2860E-11  0.2840E-11  0.2490E-11  0.2020E-11  0.1740E-11
  0.1000E+12  0.2440E-42  0.1180E-31  0.3770E-23  0.7790E-17  0.9390E-14  0.5280E-12  0.1700E-11  0.2330E-11  0.2650E-11  0.2860E-11  0.2840E-11  0.2490E-11  0.2020E-11  0.1740E-11
  0.1000E+13  0.2440E-42  0.1180E-31  0.3770E-23  0.7790E-17  0.9390E-14  0.5280E-12  0.1700E-11  0.2330E-11  0.2650E-11  0.2860E-11  0.2840E-11  0.2490E-11  0.2020E-11  0.1740E-11
  0.1000E+14  0.2440E-42  0.1180E-31  0.3770E-23  0.7790E-17  0.9390E-14  0.5280E-12  0.1700E-11  0.2330E-11  0.2650E-11  0.2860E-11  0.2840E-11  0.2490E-11  0.2020E-11  0.1740E-11
  0.1000E+15  0.2440E-42  0.1180E-31  0.3770E-23  0.7790E-17  0.9390E-14  0.5280E-12  0.1700E-11  0.2330E-11  0.2650E-11  0.2860E-11  0.2840E-11  0.2490E-11  0.2020E-11  0.1740E-11
  0.1000E+16  0.2440E-42  0.1180E-31  0.3770E-23  0.7790E-17  0.9390E-14  0.5280E-12  0.1700E-11  0.2320E-11  0.2650E-11  0.2860E-11  0.2840E-11  0.2490E-11  0.2020E-11  0.1740E-11
  0.1000E+17  0.2440E-42  0.1180E-31  0.3770E-23  0.7780E-17  0.9380E-14  0.5270E-12  0.1700E-11  0.2320E-11  0.2640E-11  0.2850E-11  0.2830E-11  0.2480E-11  0.2010E-11  0.1730E-11
WAVELENGTH(A)= 
     4.900
 7 14 t 
excit   
    34.900     52.300     87.200    174.000    349.000    872.000   1740.000   2620.000   3490.000   5230.000   8720.000  17400.000  34900.000  52300.000 
  0.1000E+11  0.7060E-41  0.1800E-30  0.3500E-22  0.4910E-16  0.4910E-13  0.2450E-11  0.7580E-11  0.1030E-10  0.1150E-10  0.1240E-10  0.1210E-10  0.1050E-10  0.8350E-11  0.7140E-11
  0.1000E+12  0.7050E-41  0.1800E-30  0.3500E-22  0.4910E-16  0.4910E-13  0.2450E-11  0.7580E-11  0.1030E-10  0.1150E-10  0.1240E-10  0.1210E-10  0.1050E-10  0.8350E-11  0.7140E-11
  0.1000E+13  0.7050E-41  0.1800E-30  0.3500E-22  0.4910E-16  0.4910E-13  0.2450E-11  0.7580E-11  0.1030E-10  0.1150E-10  0.1240E-10  0.1210E-10  0.1050E-10  0.8350E-11  0.7140E-11
  0.1000E+14  0.7050E-41  0.1800E-30  0.3500E-22  0.4910E-16  0.4910E-13  0.2450E-11  0.7580E-11  0.1030E-10  0.1150E-10  0.1240E-10  0.1210E-10  0.1050E-10  0.8350E-11  0.7140E-11
  0.1000E+15  0.7050E-41  0.1800E-30  0.3500E-22  0.4910E-16  0.4910E-13  0.2450E-11  0.7580E-11  0.1030E-10  0.1150E-10  0.1240E-10  0.1210E-10  0.1050E-10  0.8350E-11  0.7140E-11
  0.1000E+16  0.7050E-41  0.1800E-30  0.3500E-22  0.4910E-16  0.4910E-13  0.2450E-11  0.7580E-11  0.1030E-10  0.1150E-10  0.1240E-10  0.1210E-10  0.1050E-10  0.8350E-11  0.7130E-11
  0.1000E+17  0.7050E-41  0.1800E-30  0.3500E-22  0.4910E-16  0.4910E-13  0.2440E-11  0.7560E-11  0.1020E-10  0.1150E-10  0.1230E-10  0.1210E-10  0.1040E-10  0.8320E-11  0.7120E-11
WAVELENGTH(A)= 
     5.154
 7 14 t 
excit   
    34.900     52.300     87.200    174.000    349.000    872.000   1740.000   2620.000   3490.000   5230.000   8720.000  17400.000  34900.000  52300.000 
  0.1000E+11  0.5870E-40  0.4760E-30  0.4190E-22  0.3990E-16  0.3760E-13  0.2070E-11  0.7050E-11  0.1010E-10  0.1190E-10  0.1360E-10  0.1460E-10  0.1460E-10  0.1350E-10  0.1270E-10
  0.1000E+12  0.5800E-40  0.4760E-30  0.4190E-22  0.3990E-16  0.3760E-13  0.2070E-11  0.7050E-11  0.1010E-10  0.1190E-10  0.1360E-10  0.1460E-10  0.1460E-10  0.1350E-10  0.1270E-10
  0.1000E+13  0.5800E-40  0.4760E-30  0.4190E-22  0.3990E-16  0.3760E-13  0.2070E-11  0.7050E-11  0.1010E-10  0.1190E-10  0.1360E-10  0.1460E-10  0.1460E-10  0.1350E-10  0.1270E-10
  0.1000E+14  0.5800E-40  0.4760E-30  0.4190E-22  0.3990E-16  0.3760E-13  0.2070E-11  0.7050E-11  0.1010E-10  0.1190E-10  0.1360E-10  0.1460E-10  0.1460E-10  0.1350E-10  0.1270E-10
  0.1000E+15  0.5800E-40  0.4760E-30  0.4190E-22  0.3990E-16  0.3760E-13  0.2070E-11  0.7050E-11  0.1010E-10  0.1190E-10  0.1360E-10  0.1460E-10  0.1460E-10  0.1350E-10  0.1270E-10
  0.1000E+16  0.5800E-40  0.4760E-30  0.4190E-22  0.3990E-16  0.3760E-13  0.2070E-11  0.7050E-11  0.1010E-10  0.1190E-10  0.1360E-10  0.1460E-10  0.1460E-10  0.1350E-10  0.1270E-10
  0.1000E+17  0.5820E-40  0.4770E-30  0.4190E-22  0.3990E-16  0.3760E-13  0.2070E-11  0.7050E-11  0.1010E-10  0.1190E-10  0.1350E-10  0.1460E-10  0.1450E-10  0.1350E-10  0.1270E-10
WAVELENGTH(A)= 
     5.266
 7 14 t 
excit   
    34.900     52.300     87.200    174.000    349.000    872.000   1740.000   2620.000   3490.000   5230.000   8720.000  17400.000  34900.000  52300.000 
  0.1000E+11  0.5950E-39  0.2880E-29  0.1570E-21  0.9620E-16  0.7200E-13  0.3580E-11  0.1210E-10  0.1740E-10  0.2060E-10  0.2380E-10  0.2590E-10  0.2630E-10  0.2490E-10  0.2350E-10
  0.1000E+12  0.5910E-39  0.2880E-29  0.1570E-21  0.9620E-16  0.7200E-13  0.3580E-11  0.1210E-10  0.1740E-10  0.2060E-10  0.2380E-10  0.2590E-10  0.2630E-10  0.2490E-10  0.2350E-10
  0.1000E+13  0.5910E-39  0.2880E-29  0.1570E-21  0.9620E-16  0.7200E-13  0.3580E-11  0.1210E-10  0.1740E-10  0.2060E-10  0.2380E-10  0.2590E-10  0.2630E-10  0.2490E-10  0.2350E-10
  0.1000E+14  0.5910E-39  0.2880E-29  0.1570E-21  0.9620E-16  0.7200E-13  0.3580E-11  0.1210E-10  0.1740E-10  0.2060E-10  0.2380E-10  0.2590E-10  0.2630E-10  0.2490E-10  0.2350E-10
  0.1000E+15  0.5910E-39  0.2880E-29  0.1570E-21  0.9620E-16  0.7200E-13  0.3580E-11  0.1210E-10  0.1740E-10  0.2060E-10  0.2380E-10  0.2590E-10  0.2630E-10  0.2490E-10  0.2350E-10
  0.1000E+16  0.5910E-39  0.2880E-29  0.1570E-21  0.9620E-16  0.7200E-13  0.3580E-11  0.1210E-10  0.1740E-10  0.2060E-10  0.2380E-10  0.2590E-10  0.2630E-10  0.2490E-10  0.2350E-10
  0.1000E+17  0.5930E-39  0.2890E-29  0.1580E-21  0.9620E-16  0.7190E-13  0.3580E-11  0.1210E-10  0.1740E-10  0.2050E-10  0.2370E-10  0.2590E-10  0.2620E-10  0.2480E-10  0.2340E-10
WAVELENGTH(A)= 
     5.385
 7 14 t 
excit   
    34.900     52.300     87.200    174.000    349.000    872.000   1740.000   2620.000   3490.000   5230.000   8720.000  17400.000  34900.000  52300.000 
  0.1000E+11  0.2760E-38  0.8010E-29  0.2730E-21  0.1050E-15  0.5620E-13  0.1990E-11  0.5620E-11  0.7450E-11  0.8350E-11  0.8920E-11  0.8820E-11  0.7770E-11  0.6410E-11  0.5580E-11
  0.1000E+12  0.2760E-38  0.8010E-29  0.2730E-21  0.1050E-15  0.5620E-13  0.1990E-11  0.5620E-11  0.7450E-11  0.8350E-11  0.8920E-11  0.8820E-11  0.7770E-11  0.6410E-11  0.5580E-11
  0.1000E+13  0.2760E-38  0.8010E-29  0.2730E-21  0.1050E-15  0.5620E-13  0.1990E-11  0.5620E-11  0.7450E-11  0.8350E-11  0.8920E-11  0.8820E-11  0.7770E-11  0.6410E-11  0.5580E-11
  0.1000E+14  0.2760E-38  0.8010E-29  0.2730E-21  0.1050E-15  0.5620E-13  0.1990E-11  0.5620E-11  0.7450E-11  0.8350E-11  0.8920E-11  0.8820E-11  0.7770E-11  0.6410E-11  0.5580E-11
  0.1000E+15  0.2760E-38  0.8010E-29  0.2730E-21  0.1050E-15  0.5620E-13  0.1990E-11  0.5620E-11  0.7450E-11  0.8350E-11  0.8920E-11  0.8820E-11  0.7770E-11  0.6410E-11  0.5580E-11
  0.1000E+16  0.2760E-38  0.8010E-29  0.2730E-21  0.1050E-15  0.5620E-13  0.1990E-11  0.5620E-11  0.7450E-11  0.8350E-11  0.8920E-11  0.8810E-11  0.7770E-11  0.6410E-11  0.5580E-11
  0.1000E+17  0.2760E-38  0.8000E-29  0.2720E-21  0.1050E-15  0.5610E-13  0.1990E-11  0.5610E-11  0.7440E-11  0.8330E-11  0.8900E-11  0.8790E-11  0.7750E-11  0.6400E-11  0.5570E-11
WAVELENGTH(A)= 
     5.681
 7 14 t 
excit   
    34.900     52.300     87.200    174.000    349.000    872.000   1740.000   2620.000   3490.000   5230.000   8720.000  17400.000  34900.000  52300.000 
  0.1000E+11  0.1360E-37  0.1260E-28  0.1740E-21  0.3860E-16  0.1870E-13  0.7510E-12  0.2360E-11  0.3270E-11  0.3750E-11  0.4130E-11  0.4190E-11  0.3820E-11  0.3220E-11  0.2850E-11
  0.1000E+12  0.1360E-37  0.1260E-28  0.1740E-21  0.3860E-16  0.1870E-13  0.7510E-12  0.2360E-11  0.3270E-11  0.3750E-11  0.4130E-11  0.4190E-11  0.3820E-11  0.3220E-11  0.2850E-11
  0.1000E+13  0.1360E-37  0.1260E-28  0.1740E-21  0.3860E-16  0.1870E-13  0.7510E-12  0.2360E-11  0.3270E-11  0.3750E-11  0.4130E-11  0.4190E-11  0.3820E-11  0.3220E-11  0.2850E-11
  0.1000E+14  0.1360E-37  0.1260E-28  0.1740E-21  0.3860E-16  0.1870E-13  0.7510E-12  0.2360E-11  0.3270E-11  0.3750E-11  0.4130E-11  0.4190E-11  0.3820E-11  0.3220E-11  0.2850E-11
  0.1000E+15  0.1360E-37  0.1260E-28  0.1740E-21  0.3860E-16  0.1870E-13  0.7510E-12  0.2360E-11  0.3270E-11  0.3750E-11  0.4130E-11  0.4190E-11  0.3820E-11  0.3220E-11  0.2850E-11
  0.1000E+16  0.1360E-37  0.1260E-28  0.1740E-21  0.3860E-16  0.1870E-13  0.7510E-12  0.2350E-11  0.3270E-11  0.3750E-11  0.4120E-11  0.4190E-11  0.3820E-11  0.3220E-11  0.2850E-11
  0.1000E+17  0.1360E-37  0.1260E-28  0.1740E-21  0.3850E-16  0.1870E-13  0.7510E-12  0.2350E-11  0.3260E-11  0.3740E-11  0.4120E-11  0.4180E-11  0.3810E-11  0.3210E-11  0.2840E-11
WAVELENGTH(A)= 
     5.758
 7 14 t 
excit   
    34.900     52.300     87.200    174.000    349.000    872.000   1740.000   2620.000   3490.000   5230.000   8720.000  17400.000  34900.000  52300.000 
  0.1000E+11  0.2450E-35  0.1710E-26  0.1870E-19  0.3060E-14  0.1050E-11  0.2900E-10  0.7750E-10  0.1040E-09  0.1190E-09  0.1330E-09  0.1440E-09  0.1460E-09  0.1390E-09  0.1320E-09
  0.1000E+12  0.2450E-35  0.1710E-26  0.1870E-19  0.3060E-14  0.1050E-11  0.2900E-10  0.7750E-10  0.1040E-09  0.1190E-09  0.1330E-09  0.1440E-09  0.1460E-09  0.1390E-09  0.1320E-09
  0.1000E+13  0.2450E-35  0.1710E-26  0.1870E-19  0.3060E-14  0.1050E-11  0.2900E-10  0.7750E-10  0.1040E-09  0.1190E-09  0.1330E-09  0.1440E-09  0.1460E-09  0.1390E-09  0.1320E-09
  0.1000E+14  0.2450E-35  0.1710E-26  0.1870E-19  0.3060E-14  0.1050E-11  0.2900E-10  0.7750E-10  0.1040E-09  0.1190E-09  0.1330E-09  0.1440E-09  0.1460E-09  0.1390E-09  0.1320E-09
  0.1000E+15  0.2450E-35  0.1710E-26  0.1870E-19  0.3060E-14  0.1050E-11  0.2900E-10  0.7750E-10  0.1040E-09  0.1190E-09  0.1330E-09  0.1440E-09  0.1460E-09  0.1390E-09  0.1320E-09
  0.1000E+16  0.2450E-35  0.1710E-26  0.1870E-19  0.3060E-14  0.1050E-11  0.2900E-10  0.7750E-10  0.1040E-09  0.1190E-09  0.1330E-09  0.1440E-09  0.1460E-09  0.1390E-09  0.1320E-09
  0.1000E+17  0.2450E-35  0.1710E-26  0.1870E-19  0.3050E-14  0.1050E-11  0.2900E-10  0.7730E-10  0.1030E-09  0.1180E-09  0.1330E-09  0.1430E-09  0.1460E-09  0.1390E-09  0.1320E-09
WAVELENGTH(A)= 
     5.890
 7 14 t 
excit   
    34.900     52.300     87.200    174.000    349.000    872.000   1740.000   2620.000   3490.000   5230.000   8720.000  17400.000  34900.000  52300.000 
  0.1000E+11  0.3720E-35  0.1640E-26  0.1230E-19  0.1530E-14  0.4670E-12  0.1230E-10  0.3280E-10  0.4390E-10  0.5000E-10  0.5610E-10  0.6000E-10  0.6050E-10  0.5670E-10  0.5340E-10
  0.1000E+12  0.3720E-35  0.1640E-26  0.1230E-19  0.1530E-14  0.4670E-12  0.1230E-10  0.3280E-10  0.4390E-10  0.5000E-10  0.5610E-10  0.6000E-10  0.6050E-10  0.5670E-10  0.5340E-10
  0.1000E+13  0.3720E-35  0.1640E-26  0.1230E-19  0.1530E-14  0.4670E-12  0.1230E-10  0.3280E-10  0.4390E-10  0.5000E-10  0.5610E-10  0.6000E-10  0.6050E-10  0.5670E-10  0.5340E-10
  0.1000E+14  0.3720E-35  0.1640E-26  0.1230E-19  0.1530E-14  0.4670E-12  0.1230E-10  0.3280E-10  0.4390E-10  0.5000E-10  0.5610E-10  0.6000E-10  0.6050E-10  0.5670E-10  0.5340E-10
  0.1000E+15  0.3720E-35  0.1640E-26  0.1230E-19  0.1530E-14  0.4670E-12  0.1230E-10  0.3280E-10  0.4390E-10  0.5000E-10  0.5610E-10  0.6000E-10  0.6050E-10  0.5670E-10  0.5340E-10
  0.1000E+16  0.3720E-35  0.1640E-26  0.1230E-19  0.1530E-14  0.4670E-12  0.1230E-10  0.3280E-10  0.4380E-10  0.5000E-10  0.5610E-10  0.6000E-10  0.6050E-10  0.5670E-10  0.5340E-10
  0.1000E+17  0.3720E-35  0.1640E-26  0.1230E-19  0.1530E-14  0.4660E-12  0.1230E-10  0.3270E-10  0.4380E-10  0.4990E-10  0.5590E-10  0.5990E-10  0.6030E-10  0.5660E-10  0.5330E-10
WAVELENGTH(A)= 
     6.054
 7 14 t 
excit   
    34.900     52.300     87.200    174.000    349.000    872.000   1740.000   2620.000   3490.000   5230.000   8720.000  17400.000  34900.000  52300.000 
  0.1000E+11  0.3030E-37  0.3060E-28  0.4480E-21  0.9040E-16  0.3440E-13  0.9630E-12  0.2470E-11  0.3150E-11  0.3440E-11  0.3590E-11  0.3440E-11  0.2930E-11  0.2330E-11  0.2000E-11
  0.1000E+12  0.3030E-37  0.3060E-28  0.4480E-21  0.9040E-16  0.3440E-13  0.9630E-12  0.2470E-11  0.3150E-11  0.3440E-11  0.3590E-11  0.3440E-11  0.2930E-11  0.2330E-11  0.2000E-11
  0.1000E+13  0.3030E-37  0.3060E-28  0.4480E-21  0.9040E-16  0.3440E-13  0.9630E-12  0.2470E-11  0.3150E-11  0.3440E-11  0.3590E-11  0.3440E-11  0.2930E-11  0.2330E-11  0.2000E-11
  0.1000E+14  0.3030E-37  0.3060E-28  0.4480E-21  0.9040E-16  0.3440E-13  0.9630E-12  0.2470E-11  0.3150E-11  0.3440E-11  0.3590E-11  0.3440E-11  0.2930E-11  0.2330E-11  0.2000E-11
  0.1000E+15  0.3030E-37  0.3060E-28  0.4480E-21  0.9040E-16  0.3440E-13  0.9630E-12  0.2470E-11  0.3150E-11  0.3440E-11  0.3590E-11  0.3440E-11  0.2930E-11  0.2330E-11  0.2000E-11
  0.1000E+16  0.3030E-37  0.3060E-28  0.4480E-21  0.9030E-16  0.3440E-13  0.9630E-12  0.2470E-11  0.3150E-11  0.3440E-11  0.3590E-11  0.3440E-11  0.2930E-11  0.2330E-11  0.2000E-11
  0.1000E+17  0.3030E-37  0.3060E-28  0.4470E-21  0.9020E-16  0.3430E-13  0.9610E-12  0.2470E-11  0.3140E-11  0.3430E-11  0.3580E-11  0.3430E-11  0.2920E-11  0.2320E-11  0.1990E-11
WAVELENGTH(A)= 
     6.231
 7 14 t 
excit   
    34.900     52.300     87.200    174.000    349.000    872.000   1740.000   2620.000   3490.000   5230.000   8720.000  17400.000  34900.000  52300.000 
  0.1000E+11  0.7150E-37  0.7220E-28  0.1060E-20  0.2130E-15  0.8120E-13  0.2270E-11  0.5840E-11  0.7430E-11  0.8130E-11  0.8470E-11  0.8120E-11  0.6920E-11  0.5500E-11  0.4720E-11
  0.1000E+12  0.7150E-37  0.7220E-28  0.1060E-20  0.2130E-15  0.8120E-13  0.2270E-11  0.5840E-11  0.7430E-11  0.8130E-11  0.8470E-11  0.8120E-11  0.6920E-11  0.5500E-11  0.4720E-11
  0.1000E+13  0.7150E-37  0.7220E-28  0.1060E-20  0.2130E-15  0.8120E-13  0.2270E-11  0.5840E-11  0.7430E-11  0.8130E-11  0.8470E-11  0.8120E-11  0.6920E-11  0.5500E-11  0.4720E-11
  0.1000E+14  0.7150E-37  0.7220E-28  0.1060E-20  0.2130E-15  0.8120E-13  0.2270E-11  0.5840E-11  0.7430E-11  0.8130E-11  0.8470E-11  0.8120E-11  0.6920E-11  0.5500E-11  0.4720E-11
  0.1000E+15  0.7150E-37  0.7220E-28  0.1060E-20  0.2130E-15  0.8120E-13  0.2270E-11  0.5840E-11  0.7430E-11  0.8130E-11  0.8470E-11  0.8120E-11  0.6920E-11  0.5500E-11  0.4720E-11
  0.1000E+16  0.7150E-37  0.7220E-28  0.1060E-20  0.2130E-15  0.8110E-13  0.2270E-11  0.5840E-11  0.7430E-11  0.8130E-11  0.8470E-11  0.8120E-11  0.6910E-11  0.5500E-11  0.4720E-11
  0.1000E+17  0.7150E-37  0.7210E-28  0.1060E-20  0.2130E-15  0.8100E-13  0.2270E-11  0.5820E-11  0.7410E-11  0.8100E-11  0.8440E-11  0.8090E-11  0.6890E-11  0.5480E-11  0.4700E-11
WAVELENGTH(A)= 
     6.323
 7 14 t 
excit   
    34.900     52.300     87.200    174.000    349.000    872.000   1740.000   2620.000   3490.000   5230.000   8720.000  17400.000  34900.000  52300.000 
  0.1000E+11  0.2390E-34  0.2660E-26  0.6650E-20  0.3630E-15  0.7660E-13  0.1820E-11  0.4830E-11  0.6370E-11  0.7120E-11  0.7680E-11  0.7740E-11  0.7100E-11  0.6120E-11  0.5510E-11
  0.1000E+12  0.2390E-34  0.2660E-26  0.6650E-20  0.3630E-15  0.7660E-13  0.1820E-11  0.4830E-11  0.6370E-11  0.7120E-11  0.7680E-11  0.7740E-11  0.7100E-11  0.6120E-11  0.5510E-11
  0.1000E+13  0.2390E-34  0.2660E-26  0.6650E-20  0.3630E-15  0.7660E-13  0.1820E-11  0.4830E-11  0.6370E-11  0.7120E-11  0.7680E-11  0.7740E-11  0.7100E-11  0.6120E-11  0.5510E-11
  0.1000E+14  0.2390E-34  0.2660E-26  0.6650E-20  0.3630E-15  0.7660E-13  0.1820E-11  0.4830E-11  0.6370E-11  0.7120E-11  0.7680E-11  0.7740E-11  0.7100E-11  0.6120E-11  0.5510E-11
  0.1000E+15  0.2390E-34  0.2660E-26  0.6650E-20  0.3630E-15  0.7660E-13  0.1820E-11  0.4830E-11  0.6370E-11  0.7120E-11  0.7680E-11  0.7740E-11  0.7100E-11  0.6120E-11  0.5510E-11
  0.1000E+16  0.2390E-34  0.2660E-26  0.6650E-20  0.3630E-15  0.7660E-13  0.1820E-11  0.4830E-11  0.6370E-11  0.7120E-11  0.7680E-11  0.7740E-11  0.7100E-11  0.6120E-11  0.5510E-11
  0.1000E+17  0.2390E-34  0.2660E-26  0.6640E-20  0.3620E-15  0.7640E-13  0.1810E-11  0.4830E-11  0.6360E-11  0.7110E-11  0.7670E-11  0.7720E-11  0.7080E-11  0.6110E-11  0.5500E-11
WAVELENGTH(A)= 
     6.401
 7 14 t 
excit   
    34.900     52.300     87.200    174.000    349.000    872.000   1740.000   2620.000   3490.000   5230.000   8720.000  17400.000  34900.000  52300.000 
  0.1000E+11  0.1920E-34  0.1700E-26  0.3540E-20  0.1690E-15  0.3370E-13  0.7980E-12  0.2160E-11  0.2850E-11  0.3190E-11  0.3460E-11  0.3470E-11  0.3150E-11  0.2680E-11  0.2390E-11
  0.1000E+12  0.1920E-34  0.1700E-26  0.3540E-20  0.1690E-15  0.3370E-13  0.7980E-12  0.2160E-11  0.2850E-11  0.3190E-11  0.3460E-11  0.3470E-11  0.3150E-11  0.2680E-11  0.2390E-11
  0.1000E+13  0.1920E-34  0.1700E-26  0.3540E-20  0.1690E-15  0.3370E-13  0.7980E-12  0.2160E-11  0.2850E-11  0.3190E-11  0.3460E-11  0.3470E-11  0.3150E-11  0.2680E-11  0.2390E-11
  0.1000E+14  0.1920E-34  0.1700E-26  0.3540E-20  0.1690E-15  0.3370E-13  0.7990E-12  0.2160E-11  0.2850E-11  0.3190E-11  0.3460E-11  0.3470E-11  0.3150E-11  0.2680E-11  0.2390E-11
  0.1000E+15  0.1920E-34  0.1700E-26  0.3540E-20  0.1690E-15  0.3370E-13  0.7990E-12  0.2160E-11  0.2850E-11  0.3200E-11  0.3460E-11  0.3470E-11  0.3160E-11  0.2680E-11  0.2390E-11
  0.1000E+16  0.1920E-34  0.1700E-26  0.3540E-20  0.1690E-15  0.3380E-13  0.8030E-12  0.2170E-11  0.2870E-11  0.3220E-11  0.3480E-11  0.3500E-11  0.3170E-11  0.2690E-11  0.2400E-11
  0.1000E+17  0.1920E-34  0.1700E-26  0.3540E-20  0.1690E-15  0.3410E-13  0.8300E-12  0.2270E-11  0.3010E-11  0.3370E-11  0.3640E-11  0.3650E-11  0.3300E-11  0.2790E-11  0.2480E-11
WAVELENGTH(A)= 
     6.510
 7 14 t 
excit   
    34.900     52.300     87.200    174.000    349.000    872.000   1740.000   2620.000   3490.000   5230.000   8720.000  17400.000  34900.000  52300.000 
  0.1000E+11  0.1140E-34  0.7450E-27  0.1240E-20  0.5430E-16  0.1490E-13  0.6420E-12  0.2190E-11  0.3130E-11  0.3660E-11  0.4140E-11  0.4380E-11  0.4220E-11  0.3800E-11  0.3480E-11
  0.1000E+12  0.1140E-34  0.7450E-27  0.1240E-20  0.5430E-16  0.1490E-13  0.6420E-12  0.2190E-11  0.3130E-11  0.3660E-11  0.4140E-11  0.4380E-11  0.4220E-11  0.3800E-11  0.3480E-11
  0.1000E+13  0.1140E-34  0.7450E-27  0.1240E-20  0.5430E-16  0.1490E-13  0.6420E-12  0.2190E-11  0.3130E-11  0.3660E-11  0.4140E-11  0.4380E-11  0.4220E-11  0.3800E-11  0.3480E-11
  0.1000E+14  0.1140E-34  0.7450E-27  0.1240E-20  0.5430E-16  0.1490E-13  0.6420E-12  0.2190E-11  0.3130E-11  0.3660E-11  0.4140E-11  0.4380E-11  0.4220E-11  0.3800E-11  0.3480E-11
  0.1000E+15  0.1140E-34  0.7450E-27  0.1240E-20  0.5430E-16  0.1490E-13  0.6430E-12  0.2190E-11  0.3130E-11  0.3660E-11  0.4140E-11  0.4380E-11  0.4220E-11  0.3800E-11  0.3480E-11
  0.1000E+16  0.1140E-34  0.7450E-27  0.1240E-20  0.5430E-16  0.1490E-13  0.6440E-12  0.2190E-11  0.3130E-11  0.3660E-11  0.4140E-11  0.4380E-11  0.4230E-11  0.3800E-11  0.3490E-11
  0.1000E+17  0.1140E-34  0.7450E-27  0.1240E-20  0.5430E-16  0.1500E-13  0.6510E-12  0.2210E-11  0.3160E-11  0.3700E-11  0.4180E-11  0.4420E-11  0.4250E-11  0.3820E-11  0.3500E-11
WAVELENGTH(A)= 
     6.510
 7 14 t 
excit   
    34.900     52.300     87.200    174.000    349.000    872.000   1740.000   2620.000   3490.000   5230.000   8720.000  17400.000  34900.000  52300.000 
  0.1000E+11  0.7820E-34  0.5070E-26  0.8250E-20  0.3230E-15  0.5560E-13  0.1070E-11  0.2590E-11  0.3270E-11  0.3570E-11  0.3740E-11  0.3630E-11  0.3140E-11  0.2540E-11  0.2190E-11
  0.1000E+12  0.7820E-34  0.5070E-26  0.8250E-20  0.3230E-15  0.5560E-13  0.1070E-11  0.2590E-11  0.3270E-11  0.3570E-11  0.3740E-11  0.3630E-11  0.3140E-11  0.2540E-11  0.2190E-11
  0.1000E+13  0.7820E-34  0.5070E-26  0.8250E-20  0.3230E-15  0.5560E-13  0.1070E-11  0.2590E-11  0.3270E-11  0.3570E-11  0.3740E-11  0.3630E-11  0.3140E-11  0.2540E-11  0.2190E-11
  0.1000E+14  0.7820E-34  0.5070E-26  0.8250E-20  0.3230E-15  0.5560E-13  0.1070E-11  0.2590E-11  0.3270E-11  0.3570E-11  0.3740E-11  0.3630E-11  0.3140E-11  0.2540E-11  0.2190E-11
  0.1000E+15  0.7820E-34  0.5070E-26  0.8250E-20  0.3230E-15  0.5560E-13  0.1070E-11  0.2590E-11  0.3270E-11  0.3570E-11  0.3740E-11  0.3630E-11  0.3140E-11  0.2540E-11  0.2190E-11
  0.1000E+16  0.7820E-34  0.5070E-26  0.8250E-20  0.3230E-15  0.5560E-13  0.1070E-11  0.2590E-11  0.3270E-11  0.3570E-11  0.3740E-11  0.3630E-11  0.3140E-11  0.2540E-11  0.2190E-11
  0.1000E+17  0.7820E-34  0.5070E-26  0.8240E-20  0.3230E-15  0.5560E-13  0.1070E-11  0.2580E-11  0.3270E-11  0.3570E-11  0.3730E-11  0.3620E-11  0.3130E-11  0.2530E-11  0.2190E-11
WAVELENGTH(A)= 
     6.751
 7 14 t 
excit   
    34.900     52.300     87.200    174.000    349.000    872.000   1740.000   2620.000   3490.000   5230.000   8720.000  17400.000  34900.000  52300.000 
  0.1000E+11  0.2430E-34  0.3270E-26  0.9440E-20  0.5690E-15  0.1180E-12  0.2310E-11  0.5260E-11  0.6420E-11  0.6850E-11  0.6980E-11  0.6550E-11  0.5480E-11  0.4290E-11  0.3650E-11
  0.1000E+12  0.2430E-34  0.3270E-26  0.9440E-20  0.5690E-15  0.1180E-12  0.2310E-11  0.5260E-11  0.6420E-11  0.6850E-11  0.6980E-11  0.6550E-11  0.5480E-11  0.4290E-11  0.3650E-11
  0.1000E+13  0.2430E-34  0.3270E-26  0.9440E-20  0.5690E-15  0.1180E-12  0.2310E-11  0.5260E-11  0.6420E-11  0.6850E-11  0.6980E-11  0.6550E-11  0.5480E-11  0.4290E-11  0.3650E-11
  0.1000E+14  0.2430E-34  0.3270E-26  0.9440E-20  0.5690E-15  0.1180E-12  0.2310E-11  0.5260E-11  0.6420E-11  0.6850E-11  0.6980E-11  0.6550E-11  0.5480E-11  0.4290E-11  0.3650E-11
  0.1000E+15  0.2430E-34  0.3270E-26  0.9440E-20  0.5690E-15  0.1180E-12  0.2310E-11  0.5260E-11  0.6420E-11  0.6850E-11  0.6980E-11  0.6550E-11  0.5480E-11  0.4290E-11  0.3650E-11
  0.1000E+16  0.2430E-34  0.3270E-26  0.9440E-20  0.5690E-15  0.1180E-12  0.2310E-11  0.5250E-11  0.6420E-11  0.6850E-11  0.6980E-11  0.6550E-11  0.5480E-11  0.4290E-11  0.3650E-11
  0.1000E+17  0.2430E-34  0.3260E-26  0.9440E-20  0.5680E-15  0.1180E-12  0.2300E-11  0.5240E-11  0.6400E-11  0.6830E-11  0.6950E-11  0.6530E-11  0.5460E-11  0.4270E-11  0.3640E-11
WAVELENGTH(A)= 
     6.972
 7 14 t 
excit   
    34.900     52.300     87.200    174.000    349.000    872.000   1740.000   2620.000   3490.000   5230.000   8720.000  17400.000  34900.000  52300.000 
  0.1000E+11  0.6970E-34  0.9350E-26  0.2700E-19  0.1630E-14  0.3380E-12  0.6610E-11  0.1510E-10  0.1840E-10  0.1960E-10  0.2000E-10  0.1880E-10  0.1570E-10  0.1230E-10  0.1050E-10
  0.1000E+12  0.6970E-34  0.9350E-26  0.2700E-19  0.1630E-14  0.3380E-12  0.6610E-11  0.1510E-10  0.1840E-10  0.1960E-10  0.2000E-10  0.1880E-10  0.1570E-10  0.1230E-10  0.1050E-10
  0.1000E+13  0.6970E-34  0.9350E-26  0.2700E-19  0.1630E-14  0.3380E-12  0.6610E-11  0.1510E-10  0.1840E-10  0.1960E-10  0.2000E-10  0.1880E-10  0.1570E-10  0.1230E-10  0.1050E-10
  0.1000E+14  0.6970E-34  0.9350E-26  0.2700E-19  0.1630E-14  0.3380E-12  0.6610E-11  0.1510E-10  0.1840E-10  0.1960E-10  0.2000E-10  0.1880E-10  0.1570E-10  0.1230E-10  0.1050E-10
  0.1000E+15  0.6970E-34  0.9350E-26  0.2700E-19  0.1630E-14  0.3380E-12  0.6610E-11  0.1510E-10  0.1840E-10  0.1960E-10  0.2000E-10  0.1880E-10  0.1570E-10  0.1230E-10  0.1050E-10
  0.1000E+16  0.6970E-34  0.9350E-26  0.2700E-19  0.1630E-14  0.3380E-12  0.6610E-11  0.1500E-10  0.1840E-10  0.1960E-10  0.2000E-10  0.1880E-10  0.1570E-10  0.1230E-10  0.1050E-10
  0.1000E+17  0.6970E-34  0.9350E-26  0.2700E-19  0.1630E-14  0.3370E-12  0.6600E-11  0.1500E-10  0.1830E-10  0.1960E-10  0.1990E-10  0.1870E-10  0.1560E-10  0.1220E-10  0.1040E-10
WAVELENGTH(A)= 
     7.050
 7 14 t 
excit   
    34.900     52.300     87.200    174.000    349.000    872.000   1740.000   2620.000   3490.000   5230.000   8720.000  17400.000  34900.000  52300.000 
  0.1000E+11  0.5970E-35  0.6630E-27  0.1660E-20  0.9050E-16  0.1910E-13  0.4530E-12  0.1210E-11  0.1590E-11  0.1780E-11  0.1920E-11  0.1930E-11  0.1770E-11  0.1530E-11  0.1370E-11
  0.1000E+12  0.5970E-35  0.6630E-27  0.1660E-20  0.9050E-16  0.1910E-13  0.4530E-12  0.1210E-11  0.1590E-11  0.1780E-11  0.1920E-11  0.1930E-11  0.1770E-11  0.1530E-11  0.1370E-11
  0.1000E+13  0.5970E-35  0.6630E-27  0.1660E-20  0.9050E-16  0.1910E-13  0.4530E-12  0.1210E-11  0.1590E-11  0.1780E-11  0.1920E-11  0.1930E-11  0.1770E-11  0.1530E-11  0.1370E-11
  0.1000E+14  0.5970E-35  0.6630E-27  0.1660E-20  0.9050E-16  0.1910E-13  0.4530E-12  0.1210E-11  0.1590E-11  0.1780E-11  0.1920E-11  0.1930E-11  0.1770E-11  0.1530E-11  0.1370E-11
  0.1000E+15  0.5970E-35  0.6630E-27  0.1660E-20  0.9050E-16  0.1910E-13  0.4530E-12  0.1210E-11  0.1590E-11  0.1780E-11  0.1920E-11  0.1930E-11  0.1770E-11  0.1530E-11  0.1370E-11
  0.1000E+16  0.5970E-35  0.6630E-27  0.1660E-20  0.9050E-16  0.1910E-13  0.4530E-12  0.1210E-11  0.1590E-11  0.1780E-11  0.1920E-11  0.1930E-11  0.1770E-11  0.1530E-11  0.1370E-11
  0.1000E+17  0.5970E-35  0.6620E-27  0.1660E-20  0.9030E-16  0.1910E-13  0.4520E-12  0.1200E-11  0.1590E-11  0.1770E-11  0.1910E-11  0.1930E-11  0.1770E-11  0.1520E-11  0.1370E-11
WAVELENGTH(A)= 
     8.423
 7 14 t 
excit   
    34.900     52.300     87.200    174.000    349.000    872.000   1740.000   2620.000   3490.000   5230.000   8720.000  17400.000  34900.000  52300.000 
  0.1000E+11  0.3760E-29  0.3950E-23  0.2360E-18  0.8210E-15  0.4970E-13  0.5970E-12  0.1270E-11  0.1580E-11  0.1730E-11  0.1850E-11  0.1900E-11  0.1830E-11  0.1680E-11  0.1560E-11
  0.1000E+12  0.3760E-29  0.3950E-23  0.2360E-18  0.8210E-15  0.4970E-13  0.5970E-12  0.1270E-11  0.1580E-11  0.1730E-11  0.1850E-11  0.1900E-11  0.1830E-11  0.1680E-11  0.1560E-11
  0.1000E+13  0.3760E-29  0.3950E-23  0.2360E-18  0.8210E-15  0.4970E-13  0.5970E-12  0.1270E-11  0.1580E-11  0.1730E-11  0.1850E-11  0.1900E-11  0.1830E-11  0.1680E-11  0.1560E-11
  0.1000E+14  0.3760E-29  0.3950E-23  0.2360E-18  0.8210E-15  0.4970E-13  0.5970E-12  0.1270E-11  0.1580E-11  0.1730E-11  0.1850E-11  0.1900E-11  0.1830E-11  0.1680E-11  0.1560E-11
  0.1000E+15  0.3760E-29  0.3950E-23  0.2360E-18  0.8210E-15  0.4970E-13  0.5970E-12  0.1270E-11  0.1580E-11  0.1730E-11  0.1850E-11  0.1900E-11  0.1830E-11  0.1680E-11  0.1560E-11
  0.1000E+16  0.3760E-29  0.3950E-23  0.2360E-18  0.8210E-15  0.4970E-13  0.5970E-12  0.1270E-11  0.1580E-11  0.1730E-11  0.1850E-11  0.1900E-11  0.1830E-11  0.1680E-11  0.1560E-11
  0.1000E+17  0.3760E-29  0.3950E-23  0.2360E-18  0.8210E-15  0.4970E-13  0.5960E-12  0.1270E-11  0.1570E-11  0.1720E-11  0.1850E-11  0.1890E-11  0.1820E-11  0.1670E-11  0.1560E-11
WAVELENGTH(A)= 
    10.171
 7 14 t 
excit   
    34.900     52.300     87.200    174.000    349.000    872.000   1740.000   2620.000   3490.000   5230.000   8720.000  17400.000  34900.000  52300.000 
  0.1000E+11  0.4770E-28  0.3050E-22  0.1230E-17  0.3010E-14  0.1270E-12  0.9550E-12  0.1600E-11  0.1770E-11  0.1810E-11  0.1760E-11  0.1590E-11  0.1290E-11  0.9890E-12  0.8340E-12
  0.1000E+12  0.4770E-28  0.3050E-22  0.1230E-17  0.3010E-14  0.1270E-12  0.9550E-12  0.1600E-11  0.1770E-11  0.1810E-11  0.1760E-11  0.1590E-11  0.1290E-11  0.9890E-12  0.8340E-12
  0.1000E+13  0.4770E-28  0.3050E-22  0.1230E-17  0.3010E-14  0.1270E-12  0.9550E-12  0.1600E-11  0.1770E-11  0.1810E-11  0.1760E-11  0.1590E-11  0.1290E-11  0.9890E-12  0.8340E-12
  0.1000E+14  0.4770E-28  0.3050E-22  0.1230E-17  0.3010E-14  0.1270E-12  0.9550E-12  0.1600E-11  0.1770E-11  0.1810E-11  0.1760E-11  0.1590E-11  0.1290E-11  0.9890E-12  0.8340E-12
  0.1000E+15  0.4770E-28  0.3050E-22  0.1230E-17  0.3010E-14  0.1270E-12  0.9550E-12  0.1600E-11  0.1770E-11  0.1810E-11  0.1760E-11  0.1590E-11  0.1290E-11  0.9890E-12  0.8340E-12
  0.1000E+16  0.4770E-28  0.3050E-22  0.1230E-17  0.3010E-14  0.1270E-12  0.9550E-12  0.1600E-11  0.1770E-11  0.1810E-11  0.1760E-11  0.1590E-11  0.1290E-11  0.9880E-12  0.8340E-12
  0.1000E+17  0.4770E-28  0.3050E-22  0.1230E-17  0.3010E-14  0.1260E-12  0.9530E-12  0.1590E-11  0.1770E-11  0.1800E-11  0.1750E-11  0.1590E-11  0.1280E-11  0.9860E-12  0.8320E-12
WAVELENGTH(A)= 
    11.877
 7 14 t 
excit   
    34.900     52.300     87.200    174.000    349.000    872.000   1740.000   2620.000   3490.000   5230.000   8720.000  17400.000  34900.000  52300.000 
  0.1000E+11  0.3990E-23  0.7000E-19  0.1590E-15  0.4620E-13  0.7110E-12  0.3300E-11  0.5200E-11  0.5970E-11  0.6380E-11  0.6820E-11  0.7140E-11  0.7160E-11  0.6860E-11  0.6540E-11
  0.1000E+12  0.3990E-23  0.7000E-19  0.1590E-15  0.4620E-13  0.7110E-12  0.3300E-11  0.5200E-11  0.5970E-11  0.6380E-11  0.6820E-11  0.7140E-11  0.7160E-11  0.6860E-11  0.6540E-11
  0.1000E+13  0.3990E-23  0.7000E-19  0.1590E-15  0.4620E-13  0.7110E-12  0.3300E-11  0.5200E-11  0.5970E-11  0.6380E-11  0.6820E-11  0.7140E-11  0.7160E-11  0.6860E-11  0.6540E-11
  0.1000E+14  0.3990E-23  0.7000E-19  0.1590E-15  0.4620E-13  0.7110E-12  0.3300E-11  0.5200E-11  0.5970E-11  0.6380E-11  0.6820E-11  0.7140E-11  0.7160E-11  0.6860E-11  0.6540E-11
  0.1000E+15  0.3990E-23  0.7000E-19  0.1590E-15  0.4620E-13  0.7110E-12  0.3300E-11  0.5200E-11  0.5970E-11  0.6380E-11  0.6820E-11  0.7140E-11  0.7160E-11  0.6860E-11  0.6540E-11
  0.1000E+16  0.3990E-23  0.7000E-19  0.1590E-15  0.4620E-13  0.7110E-12  0.3300E-11  0.5200E-11  0.5970E-11  0.6380E-11  0.6820E-11  0.7130E-11  0.7160E-11  0.6850E-11  0.6540E-11
  0.1000E+17  0.4000E-23  0.7000E-19  0.1590E-15  0.4620E-13  0.7100E-12  0.3290E-11  0.5180E-11  0.5960E-11  0.6360E-11  0.6800E-11  0.7110E-11  0.7140E-11  0.6840E-11  0.6520E-11
WAVELENGTH(A)= 
    12.707
 7 14 t 
excit   
    34.900     52.300     87.200    174.000    349.000    872.000   1740.000   2620.000   3490.000   5230.000   8720.000  17400.000  34900.000  52300.000 
  0.1000E+11  0.3050E-24  0.1100E-19  0.4450E-16  0.1970E-13  0.3660E-12  0.1870E-11  0.2960E-11  0.3320E-11  0.3450E-11  0.3460E-11  0.3280E-11  0.2840E-11  0.2330E-11  0.2040E-11
  0.1000E+12  0.3050E-24  0.1100E-19  0.4450E-16  0.1970E-13  0.3660E-12  0.1870E-11  0.2960E-11  0.3320E-11  0.3450E-11  0.3460E-11  0.3280E-11  0.2840E-11  0.2330E-11  0.2040E-11
  0.1000E+13  0.3050E-24  0.1100E-19  0.4450E-16  0.1970E-13  0.3660E-12  0.1870E-11  0.2960E-11  0.3320E-11  0.3450E-11  0.3460E-11  0.3280E-11  0.2840E-11  0.2330E-11  0.2040E-11
  0.1000E+14  0.3050E-24  0.1100E-19  0.4450E-16  0.1970E-13  0.3660E-12  0.1870E-11  0.2960E-11  0.3320E-11  0.3450E-11  0.3460E-11  0.3280E-11  0.2840E-11  0.2330E-11  0.2040E-11
  0.1000E+15  0.3050E-24  0.1100E-19  0.4450E-16  0.1970E-13  0.3660E-12  0.1870E-11  0.2960E-11  0.3320E-11  0.3450E-11  0.3460E-11  0.3280E-11  0.2840E-11  0.2330E-11  0.2040E-11
  0.1000E+16  0.3060E-24  0.1100E-19  0.4450E-16  0.1970E-13  0.3660E-12  0.1870E-11  0.2960E-11  0.3320E-11  0.3440E-11  0.3460E-11  0.3280E-11  0.2840E-11  0.2330E-11  0.2040E-11
  0.1000E+17  0.3070E-24  0.1100E-19  0.4460E-16  0.1980E-13  0.3670E-12  0.1870E-11  0.2950E-11  0.3310E-11  0.3430E-11  0.3450E-11  0.3270E-11  0.2830E-11  0.2330E-11  0.2030E-11
WAVELENGTH(A)= 
    13.425
 7 14 t 
excit   
    34.900     52.300     87.200    174.000    349.000    872.000   1740.000   2620.000   3490.000   5230.000   8720.000  17400.000  34900.000  52300.000 
  0.1000E+11  0.4540E-24  0.1730E-19  0.7330E-16  0.3340E-13  0.6240E-12  0.3100E-11  0.4780E-11  0.5290E-11  0.5450E-11  0.5430E-11  0.5110E-11  0.4370E-11  0.3530E-11  0.3060E-11
  0.1000E+12  0.4540E-24  0.1730E-19  0.7330E-16  0.3340E-13  0.6240E-12  0.3100E-11  0.4780E-11  0.5290E-11  0.5450E-11  0.5430E-11  0.5110E-11  0.4370E-11  0.3530E-11  0.3060E-11
  0.1000E+13  0.4540E-24  0.1730E-19  0.7330E-16  0.3340E-13  0.6240E-12  0.3100E-11  0.4780E-11  0.5290E-11  0.5450E-11  0.5430E-11  0.5110E-11  0.4370E-11  0.3530E-11  0.3060E-11
  0.1000E+14  0.4540E-24  0.1730E-19  0.7330E-16  0.3340E-13  0.6240E-12  0.3100E-11  0.4780E-11  0.5290E-11  0.5450E-11  0.5430E-11  0.5110E-11  0.4370E-11  0.3530E-11  0.3060E-11
  0.1000E+15  0.4540E-24  0.1730E-19  0.7330E-16  0.3340E-13  0.6240E-12  0.3100E-11  0.4780E-11  0.5290E-11  0.5450E-11  0.5430E-11  0.5110E-11  0.4370E-11  0.3530E-11  0.3060E-11
  0.1000E+16  0.4540E-24  0.1730E-19  0.7330E-16  0.3340E-13  0.6240E-12  0.3100E-11  0.4780E-11  0.5290E-11  0.5450E-11  0.5420E-11  0.5100E-11  0.4360E-11  0.3530E-11  0.3060E-11
  0.1000E+17  0.4540E-24  0.1730E-19  0.7330E-16  0.3340E-13  0.6230E-12  0.3090E-11  0.4770E-11  0.5280E-11  0.5440E-11  0.5410E-11  0.5090E-11  0.4350E-11  0.3520E-11  0.3050E-11
WAVELENGTH(A)= 
    14.184
 7 14 t 
excit   
    34.900     52.300     87.200    174.000    349.000    872.000   1740.000   2620.000   3490.000   5230.000   8720.000  17400.000  34900.000  52300.000 
  0.1000E+11  0.1000E-73  0.1470E-33  0.1910E-24  0.1130E-17  0.2400E-14  0.1940E-12  0.7260E-12  0.1060E-11  0.1270E-11  0.1460E-11  0.1590E-11  0.1600E-11  0.1500E-11  0.1400E-11
  0.1000E+12  0.1000E-73  0.1470E-33  0.1910E-24  0.1130E-17  0.2400E-14  0.1940E-12  0.7260E-12  0.1060E-11  0.1270E-11  0.1460E-11  0.1590E-11  0.1600E-11  0.1500E-11  0.1400E-11
  0.1000E+13  0.1000E-73  0.1470E-33  0.1910E-24  0.1130E-17  0.2400E-14  0.1940E-12  0.7260E-12  0.1060E-11  0.1270E-11  0.1460E-11  0.1590E-11  0.1600E-11  0.1500E-11  0.1400E-11
  0.1000E+14  0.6590E-45  0.1470E-33  0.1910E-24  0.1130E-17  0.2400E-14  0.1940E-12  0.7260E-12  0.1060E-11  0.1270E-11  0.1460E-11  0.1590E-11  0.1600E-11  0.1500E-11  0.1400E-11
  0.1000E+15  0.5270E-45  0.1470E-33  0.1910E-24  0.1130E-17  0.2400E-14  0.1940E-12  0.7260E-12  0.1060E-11  0.1270E-11  0.1460E-11  0.1590E-11  0.1600E-11  0.1500E-11  0.1400E-11
  0.1000E+16  0.5370E-45  0.1470E-33  0.1910E-24  0.1130E-17  0.2400E-14  0.1940E-12  0.7250E-12  0.1060E-11  0.1270E-11  0.1460E-11  0.1590E-11  0.1600E-11  0.1500E-11  0.1400E-11
  0.1000E+17  0.5370E-45  0.1470E-33  0.1910E-24  0.1130E-17  0.2400E-14  0.1940E-12  0.7240E-12  0.1060E-11  0.1260E-11  0.1460E-11  0.1590E-11  0.1590E-11  0.1490E-11  0.1400E-11
WAVELENGTH(A)= 
    14.345
 7 14 t 
excit   
    34.900     52.300     87.200    174.000    349.000    872.000   1740.000   2620.000   3490.000   5230.000   8720.000  17400.000  34900.000  52300.000 
  0.1000E+11  0.1000E-73  0.1800E-37  0.9900E-27  0.9640E-19  0.8040E-15  0.1420E-12  0.6630E-12  0.1030E-11  0.1230E-11  0.1400E-11  0.1430E-11  0.1270E-11  0.1030E-11  0.8820E-12
  0.1000E+12  0.1000E-73  0.1800E-37  0.9900E-27  0.9640E-19  0.8040E-15  0.1420E-12  0.6630E-12  0.1030E-11  0.1230E-11  0.1400E-11  0.1430E-11  0.1270E-11  0.1030E-11  0.8820E-12
  0.1000E+13  0.1000E-73  0.1800E-37  0.9900E-27  0.9640E-19  0.8040E-15  0.1420E-12  0.6630E-12  0.1030E-11  0.1230E-11  0.1400E-11  0.1430E-11  0.1270E-11  0.1030E-11  0.8820E-12
  0.1000E+14  0.1000E-73  0.1800E-37  0.9900E-27  0.9640E-19  0.8040E-15  0.1420E-12  0.6630E-12  0.1030E-11  0.1230E-11  0.1400E-11  0.1430E-11  0.1270E-11  0.1030E-11  0.8820E-12
  0.1000E+15  0.1000E-73  0.1800E-37  0.9900E-27  0.9640E-19  0.8040E-15  0.1420E-12  0.6630E-12  0.1030E-11  0.1230E-11  0.1400E-11  0.1430E-11  0.1270E-11  0.1030E-11  0.8820E-12
  0.1000E+16  0.1000E-73  0.1800E-37  0.9900E-27  0.9640E-19  0.8040E-15  0.1420E-12  0.6630E-12  0.1030E-11  0.1230E-11  0.1400E-11  0.1430E-11  0.1270E-11  0.1030E-11  0.8820E-12
  0.1000E+17  0.1000E-73  0.1800E-37  0.9890E-27  0.9630E-19  0.8030E-15  0.1420E-12  0.6620E-12  0.1020E-11  0.1230E-11  0.1390E-11  0.1430E-11  0.1270E-11  0.1020E-11  0.8800E-12
WAVELENGTH(A)= 
    14.663
 7 14 t 
excit   
    34.900     52.300     87.200    174.000    349.000    872.000   1740.000   2620.000   3490.000   5230.000   8720.000  17400.000  34900.000  52300.000 
  0.1000E+11  0.1000E-73  0.1640E-36  0.5280E-26  0.3440E-18  0.2340E-14  0.3660E-12  0.1640E-11  0.2510E-11  0.2980E-11  0.3360E-11  0.3420E-11  0.3010E-11  0.2410E-11  0.2070E-11
  0.1000E+12  0.1000E-73  0.1640E-36  0.5280E-26  0.3440E-18  0.2340E-14  0.3660E-12  0.1640E-11  0.2510E-11  0.2980E-11  0.3360E-11  0.3420E-11  0.3010E-11  0.2410E-11  0.2070E-11
  0.1000E+13  0.1000E-73  0.1640E-36  0.5280E-26  0.3440E-18  0.2340E-14  0.3660E-12  0.1640E-11  0.2510E-11  0.2980E-11  0.3360E-11  0.3420E-11  0.3010E-11  0.2410E-11  0.2070E-11
  0.1000E+14  0.1000E-73  0.1640E-36  0.5280E-26  0.3440E-18  0.2340E-14  0.3660E-12  0.1640E-11  0.2510E-11  0.2980E-11  0.3360E-11  0.3420E-11  0.3010E-11  0.2410E-11  0.2070E-11
  0.1000E+15  0.1000E-73  0.1640E-36  0.5280E-26  0.3440E-18  0.2340E-14  0.3660E-12  0.1640E-11  0.2510E-11  0.2980E-11  0.3360E-11  0.3420E-11  0.3010E-11  0.2410E-11  0.2070E-11
  0.1000E+16  0.1000E-73  0.1640E-36  0.5280E-26  0.3440E-18  0.2340E-14  0.3660E-12  0.1640E-11  0.2500E-11  0.2980E-11  0.3360E-11  0.3420E-11  0.3010E-11  0.2410E-11  0.2070E-11
  0.1000E+17  0.1000E-73  0.1640E-36  0.5270E-26  0.3430E-18  0.2340E-14  0.3660E-12  0.1640E-11  0.2500E-11  0.2970E-11  0.3350E-11  0.3410E-11  0.3000E-11  0.2410E-11  0.2060E-11
WAVELENGTH(A)= 
    15.158
 7 14 t 
excit   
    34.900     52.300     87.200    174.000    349.000    872.000   1740.000   2620.000   3490.000   5230.000   8720.000  17400.000  34900.000  52300.000 
  0.1000E+11  0.1000E-73  0.3060E-33  0.3970E-24  0.2360E-17  0.5000E-14  0.4040E-12  0.1510E-11  0.2210E-11  0.2640E-11  0.3040E-11  0.3310E-11  0.3330E-11  0.3110E-11  0.2920E-11
  0.1000E+12  0.1000E-73  0.3060E-33  0.3970E-24  0.2360E-17  0.5000E-14  0.4040E-12  0.1510E-11  0.2210E-11  0.2640E-11  0.3040E-11  0.3310E-11  0.3330E-11  0.3110E-11  0.2920E-11
  0.1000E+13  0.1000E-73  0.3060E-33  0.3970E-24  0.2360E-17  0.5000E-14  0.4040E-12  0.1510E-11  0.2210E-11  0.2640E-11  0.3040E-11  0.3310E-11  0.3330E-11  0.3110E-11  0.2920E-11
  0.1000E+14  0.1370E-44  0.3060E-33  0.3970E-24  0.2360E-17  0.5000E-14  0.4040E-12  0.1510E-11  0.2210E-11  0.2640E-11  0.3040E-11  0.3310E-11  0.3330E-11  0.3110E-11  0.2920E-11
  0.1000E+15  0.1100E-44  0.3060E-33  0.3970E-24  0.2360E-17  0.5000E-14  0.4040E-12  0.1510E-11  0.2210E-11  0.2640E-11  0.3040E-11  0.3310E-11  0.3330E-11  0.3110E-11  0.2920E-11
  0.1000E+16  0.1120E-44  0.3060E-33  0.3970E-24  0.2360E-17  0.5000E-14  0.4040E-12  0.1510E-11  0.2210E-11  0.2640E-11  0.3040E-11  0.3310E-11  0.3330E-11  0.3110E-11  0.2920E-11
  0.1000E+17  0.1120E-44  0.3060E-33  0.3970E-24  0.2360E-17  0.4990E-14  0.4030E-12  0.1510E-11  0.2210E-11  0.2630E-11  0.3030E-11  0.3300E-11  0.3320E-11  0.3100E-11  0.2910E-11
WAVELENGTH(A)= 
    15.336
 7 14 t 
excit   
    34.900     52.300     87.200    174.000    349.000    872.000   1740.000   2620.000   3490.000   5230.000   8720.000  17400.000  34900.000  52300.000 
  0.1000E+11  0.1320E-21  0.9590E-18  0.1080E-14  0.1810E-12  0.2010E-11  0.6920E-11  0.9090E-11  0.9360E-11  0.9200E-11  0.8640E-11  0.7630E-11  0.6090E-11  0.4650E-11  0.3910E-11
  0.1000E+12  0.1320E-21  0.9590E-18  0.1080E-14  0.1810E-12  0.2010E-11  0.6920E-11  0.9090E-11  0.9360E-11  0.9200E-11  0.8640E-11  0.7630E-11  0.6090E-11  0.4650E-11  0.3910E-11
  0.1000E+13  0.1320E-21  0.9590E-18  0.1080E-14  0.1810E-12  0.2010E-11  0.6920E-11  0.9090E-11  0.9360E-11  0.9200E-11  0.8640E-11  0.7630E-11  0.6090E-11  0.4650E-11  0.3910E-11
  0.1000E+14  0.1320E-21  0.9590E-18  0.1080E-14  0.1810E-12  0.2010E-11  0.6920E-11  0.9090E-11  0.9360E-11  0.9200E-11  0.8640E-11  0.7630E-11  0.6090E-11  0.4650E-11  0.3910E-11
  0.1000E+15  0.1320E-21  0.9590E-18  0.1080E-14  0.1810E-12  0.2010E-11  0.6920E-11  0.9090E-11  0.9360E-11  0.9200E-11  0.8640E-11  0.7630E-11  0.6090E-11  0.4650E-11  0.3910E-11
  0.1000E+16  0.1320E-21  0.9590E-18  0.1080E-14  0.1810E-12  0.2010E-11  0.6920E-11  0.9090E-11  0.9350E-11  0.9190E-11  0.8630E-11  0.7620E-11  0.6080E-11  0.4640E-11  0.3910E-11
  0.1000E+17  0.1320E-21  0.9580E-18  0.1080E-14  0.1810E-12  0.2010E-11  0.6910E-11  0.9070E-11  0.9330E-11  0.9170E-11  0.8610E-11  0.7600E-11  0.6060E-11  0.4630E-11  0.3900E-11
WAVELENGTH(A)= 
    16.525
 7 14 t 
excit   
    34.900     52.300     87.200    174.000    349.000    872.000   1740.000   2620.000   3490.000   5230.000   8720.000  17400.000  34900.000  52300.000 
  0.1000E+11  0.2770E-21  0.2020E-17  0.2270E-14  0.3810E-12  0.4230E-11  0.1460E-10  0.1920E-10  0.1970E-10  0.1940E-10  0.1820E-10  0.1610E-10  0.1280E-10  0.9780E-11  0.8240E-11
  0.1000E+12  0.2770E-21  0.2020E-17  0.2270E-14  0.3810E-12  0.4230E-11  0.1460E-10  0.1920E-10  0.1970E-10  0.1940E-10  0.1820E-10  0.1610E-10  0.1280E-10  0.9780E-11  0.8240E-11
  0.1000E+13  0.2770E-21  0.2020E-17  0.2270E-14  0.3810E-12  0.4230E-11  0.1460E-10  0.1920E-10  0.1970E-10  0.1940E-10  0.1820E-10  0.1610E-10  0.1280E-10  0.9780E-11  0.8240E-11
  0.1000E+14  0.2770E-21  0.2020E-17  0.2270E-14  0.3810E-12  0.4230E-11  0.1460E-10  0.1920E-10  0.1970E-10  0.1940E-10  0.1820E-10  0.1610E-10  0.1280E-10  0.9780E-11  0.8240E-11
  0.1000E+15  0.2770E-21  0.2020E-17  0.2270E-14  0.3810E-12  0.4230E-11  0.1460E-10  0.1910E-10  0.1970E-10  0.1940E-10  0.1820E-10  0.1610E-10  0.1280E-10  0.9780E-11  0.8240E-11
  0.1000E+16  0.2770E-21  0.2020E-17  0.2270E-14  0.3810E-12  0.4230E-11  0.1460E-10  0.1910E-10  0.1970E-10  0.1940E-10  0.1820E-10  0.1610E-10  0.1280E-10  0.9780E-11  0.8240E-11
  0.1000E+17  0.2770E-21  0.2020E-17  0.2270E-14  0.3810E-12  0.4220E-11  0.1450E-10  0.1910E-10  0.1960E-10  0.1930E-10  0.1810E-10  0.1600E-10  0.1280E-10  0.9750E-11  0.8220E-11
WAVELENGTH(A)= 
    17.956
 7 14 t 
excit   
    34.900     52.300     87.200    174.000    349.000    872.000   1740.000   2620.000   3490.000   5230.000   8720.000  17400.000  34900.000  52300.000 
  0.1000E+11  0.1000E-73  0.1820E-35  0.1800E-25  0.4830E-18  0.2110E-14  0.2540E-12  0.1050E-11  0.1560E-11  0.1840E-11  0.2060E-11  0.2080E-11  0.1840E-11  0.1490E-11  0.1280E-11
  0.1000E+12  0.1000E-73  0.1820E-35  0.1800E-25  0.4830E-18  0.2110E-14  0.2540E-12  0.1050E-11  0.1560E-11  0.1840E-11  0.2060E-11  0.2080E-11  0.1840E-11  0.1490E-11  0.1280E-11
  0.1000E+13  0.1000E-73  0.1820E-35  0.1800E-25  0.4830E-18  0.2110E-14  0.2540E-12  0.1050E-11  0.1560E-11  0.1840E-11  0.2060E-11  0.2080E-11  0.1840E-11  0.1490E-11  0.1280E-11
  0.1000E+14  0.1000E-73  0.1820E-35  0.1800E-25  0.4830E-18  0.2110E-14  0.2540E-12  0.1050E-11  0.1560E-11  0.1840E-11  0.2060E-11  0.2080E-11  0.1840E-11  0.1490E-11  0.1280E-11
  0.1000E+15  0.1000E-73  0.1820E-35  0.1800E-25  0.4830E-18  0.2110E-14  0.2540E-12  0.1050E-11  0.1560E-11  0.1840E-11  0.2060E-11  0.2080E-11  0.1840E-11  0.1490E-11  0.1280E-11
  0.1000E+16  0.1000E-73  0.1820E-35  0.1800E-25  0.4830E-18  0.2110E-14  0.2540E-12  0.1050E-11  0.1560E-11  0.1840E-11  0.2060E-11  0.2080E-11  0.1840E-11  0.1490E-11  0.1280E-11
  0.1000E+17  0.4160E-48  0.1820E-35  0.1800E-25  0.4830E-18  0.2110E-14  0.2540E-12  0.1050E-11  0.1560E-11  0.1830E-11  0.2050E-11  0.2080E-11  0.1840E-11  0.1490E-11  0.1280E-11
WAVELENGTH(A)= 
    18.064
 7 14 t 
excit   
    34.900     52.300     87.200    174.000    349.000    872.000   1740.000   2620.000   3490.000   5230.000   8720.000  17400.000  34900.000  52300.000 
  0.1000E+11  0.1000E-73  0.1800E-33  0.2560E-24  0.1610E-17  0.3420E-14  0.2690E-12  0.9830E-12  0.1420E-11  0.1660E-11  0.1860E-11  0.1920E-11  0.1760E-11  0.1460E-11  0.1280E-11
  0.1000E+12  0.1000E-73  0.1800E-33  0.2560E-24  0.1610E-17  0.3420E-14  0.2690E-12  0.9830E-12  0.1420E-11  0.1660E-11  0.1860E-11  0.1920E-11  0.1760E-11  0.1460E-11  0.1280E-11
  0.1000E+13  0.1000E-73  0.1800E-33  0.2560E-24  0.1610E-17  0.3420E-14  0.2690E-12  0.9830E-12  0.1420E-11  0.1660E-11  0.1860E-11  0.1920E-11  0.1760E-11  0.1460E-11  0.1280E-11
  0.1000E+14  0.1000E-73  0.1800E-33  0.2560E-24  0.1610E-17  0.3420E-14  0.2690E-12  0.9830E-12  0.1420E-11  0.1660E-11  0.1860E-11  0.1920E-11  0.1760E-11  0.1460E-11  0.1280E-11
  0.1000E+15  0.5890E-45  0.1800E-33  0.2560E-24  0.1610E-17  0.3420E-14  0.2690E-12  0.9830E-12  0.1420E-11  0.1660E-11  0.1860E-11  0.1920E-11  0.1760E-11  0.1460E-11  0.1280E-11
  0.1000E+16  0.5890E-45  0.1800E-33  0.2560E-24  0.1610E-17  0.3420E-14  0.2690E-12  0.9830E-12  0.1420E-11  0.1660E-11  0.1860E-11  0.1920E-11  0.1750E-11  0.1460E-11  0.1280E-11
  0.1000E+17  0.5790E-45  0.1800E-33  0.2560E-24  0.1610E-17  0.3420E-14  0.2690E-12  0.9810E-12  0.1410E-11  0.1650E-11  0.1860E-11  0.1910E-11  0.1750E-11  0.1460E-11  0.1270E-11
WAVELENGTH(A)= 
    18.442
 7 14 t 
excit   
    34.900     52.300     87.200    174.000    349.000    872.000   1740.000   2620.000   3490.000   5230.000   8720.000  17400.000  34900.000  52300.000 
  0.1000E+11  0.2670E-23  0.4680E-19  0.1060E-15  0.3090E-13  0.4750E-12  0.2200E-11  0.3470E-11  0.3990E-11  0.4260E-11  0.4560E-11  0.4770E-11  0.4790E-11  0.4580E-11  0.4370E-11
  0.1000E+12  0.2670E-23  0.4680E-19  0.1060E-15  0.3090E-13  0.4750E-12  0.2200E-11  0.3470E-11  0.3990E-11  0.4260E-11  0.4560E-11  0.4770E-11  0.4790E-11  0.4580E-11  0.4370E-11
  0.1000E+13  0.2670E-23  0.4680E-19  0.1060E-15  0.3090E-13  0.4750E-12  0.2200E-11  0.3470E-11  0.3990E-11  0.4260E-11  0.4560E-11  0.4770E-11  0.4790E-11  0.4580E-11  0.4370E-11
  0.1000E+14  0.2670E-23  0.4680E-19  0.1060E-15  0.3090E-13  0.4750E-12  0.2200E-11  0.3470E-11  0.3990E-11  0.4260E-11  0.4560E-11  0.4770E-11  0.4790E-11  0.4580E-11  0.4370E-11
  0.1000E+15  0.2670E-23  0.4680E-19  0.1060E-15  0.3090E-13  0.4750E-12  0.2200E-11  0.3470E-11  0.3990E-11  0.4260E-11  0.4560E-11  0.4770E-11  0.4790E-11  0.4580E-11  0.4370E-11
  0.1000E+16  0.2670E-23  0.4680E-19  0.1060E-15  0.3090E-13  0.4750E-12  0.2200E-11  0.3470E-11  0.3990E-11  0.4260E-11  0.4560E-11  0.4770E-11  0.4780E-11  0.4580E-11  0.4370E-11
  0.1000E+17  0.2670E-23  0.4680E-19  0.1060E-15  0.3080E-13  0.4750E-12  0.2200E-11  0.3460E-11  0.3980E-11  0.4250E-11  0.4540E-11  0.4750E-11  0.4770E-11  0.4570E-11  0.4360E-11
WAVELENGTH(A)= 
    18.564
 7 14 t 
excit   
    34.900     52.300     87.200    174.000    349.000    872.000   1740.000   2620.000   3490.000   5230.000   8720.000  17400.000  34900.000  52300.000 
  0.1000E+11  0.4850E-23  0.6900E-19  0.1340E-15  0.3460E-13  0.5130E-12  0.2380E-11  0.3770E-11  0.4340E-11  0.4630E-11  0.4920E-11  0.5090E-11  0.5050E-11  0.4780E-11  0.4520E-11
  0.1000E+12  0.4850E-23  0.6900E-19  0.1340E-15  0.3460E-13  0.5130E-12  0.2380E-11  0.3770E-11  0.4340E-11  0.4630E-11  0.4920E-11  0.5090E-11  0.5050E-11  0.4780E-11  0.4520E-11
  0.1000E+13  0.4850E-23  0.6900E-19  0.1340E-15  0.3460E-13  0.5130E-12  0.2380E-11  0.3770E-11  0.4340E-11  0.4630E-11  0.4920E-11  0.5090E-11  0.5050E-11  0.4780E-11  0.4520E-11
  0.1000E+14  0.4850E-23  0.6900E-19  0.1340E-15  0.3460E-13  0.5130E-12  0.2380E-11  0.3770E-11  0.4340E-11  0.4630E-11  0.4920E-11  0.5090E-11  0.5050E-11  0.4780E-11  0.4520E-11
  0.1000E+15  0.4860E-23  0.6910E-19  0.1340E-15  0.3460E-13  0.5130E-12  0.2380E-11  0.3770E-11  0.4340E-11  0.4630E-11  0.4920E-11  0.5090E-11  0.5050E-11  0.4780E-11  0.4520E-11
  0.1000E+16  0.4870E-23  0.6920E-19  0.1340E-15  0.3460E-13  0.5130E-12  0.2380E-11  0.3770E-11  0.4340E-11  0.4630E-11  0.4910E-11  0.5090E-11  0.5050E-11  0.4780E-11  0.4520E-11
  0.1000E+17  0.5000E-23  0.7070E-19  0.1360E-15  0.3510E-13  0.5180E-12  0.2390E-11  0.3780E-11  0.4340E-11  0.4630E-11  0.4910E-11  0.5080E-11  0.5040E-11  0.4770E-11  0.4510E-11
WAVELENGTH(A)= 
    19.853
 7 14 t 
excit   
    34.900     52.300     87.200    174.000    349.000    872.000   1740.000   2620.000   3490.000   5230.000   8720.000  17400.000  34900.000  52300.000 
  0.1000E+11  0.1000E-73  0.6140E-33  0.5450E-24  0.2420E-17  0.4400E-14  0.3170E-12  0.1110E-11  0.1570E-11  0.1800E-11  0.1960E-11  0.1950E-11  0.1710E-11  0.1390E-11  0.1200E-11
  0.1000E+12  0.6070E-44  0.6140E-33  0.5450E-24  0.2420E-17  0.4400E-14  0.3170E-12  0.1110E-11  0.1570E-11  0.1800E-11  0.1960E-11  0.1950E-11  0.1710E-11  0.1390E-11  0.1200E-11
  0.1000E+13  0.3640E-44  0.6140E-33  0.5450E-24  0.2420E-17  0.4400E-14  0.3170E-12  0.1110E-11  0.1570E-11  0.1800E-11  0.1960E-11  0.1950E-11  0.1710E-11  0.1390E-11  0.1200E-11
  0.1000E+14  0.3580E-44  0.6140E-33  0.5450E-24  0.2420E-17  0.4400E-14  0.3170E-12  0.1110E-11  0.1570E-11  0.1800E-11  0.1960E-11  0.1950E-11  0.1710E-11  0.1390E-11  0.1200E-11
  0.1000E+15  0.3570E-44  0.6140E-33  0.5450E-24  0.2420E-17  0.4400E-14  0.3170E-12  0.1110E-11  0.1570E-11  0.1800E-11  0.1960E-11  0.1950E-11  0.1710E-11  0.1390E-11  0.1200E-11
  0.1000E+16  0.3570E-44  0.6140E-33  0.5450E-24  0.2420E-17  0.4400E-14  0.3170E-12  0.1110E-11  0.1570E-11  0.1790E-11  0.1960E-11  0.1950E-11  0.1710E-11  0.1380E-11  0.1200E-11
  0.1000E+17  0.3570E-44  0.6140E-33  0.5450E-24  0.2420E-17  0.4390E-14  0.3170E-12  0.1110E-11  0.1560E-11  0.1790E-11  0.1950E-11  0.1940E-11  0.1700E-11  0.1380E-11  0.1200E-11
WAVELENGTH(A)= 
    21.326
 7 14 t 
excit   
    34.900     52.300     87.200    174.000    349.000    872.000   1740.000   2620.000   3490.000   5230.000   8720.000  17400.000  34900.000  52300.000 
  0.1000E+11  0.1000E-73  0.1200E-32  0.1100E-23  0.5000E-17  0.8990E-14  0.6360E-12  0.2200E-11  0.3070E-11  0.3500E-11  0.3780E-11  0.3720E-11  0.3200E-11  0.2530E-11  0.2160E-11
  0.1000E+12  0.1060E-43  0.1200E-32  0.1100E-23  0.5000E-17  0.8990E-14  0.6360E-12  0.2200E-11  0.3070E-11  0.3500E-11  0.3780E-11  0.3720E-11  0.3200E-11  0.2530E-11  0.2160E-11
  0.1000E+13  0.6390E-44  0.1200E-32  0.1100E-23  0.5000E-17  0.8990E-14  0.6360E-12  0.2200E-11  0.3070E-11  0.3500E-11  0.3780E-11  0.3720E-11  0.3200E-11  0.2530E-11  0.2160E-11
  0.1000E+14  0.6600E-44  0.1200E-32  0.1100E-23  0.5000E-17  0.8990E-14  0.6360E-12  0.2200E-11  0.3070E-11  0.3500E-11  0.3780E-11  0.3720E-11  0.3200E-11  0.2530E-11  0.2160E-11
  0.1000E+15  0.6650E-44  0.1200E-32  0.1100E-23  0.5000E-17  0.8990E-14  0.6360E-12  0.2200E-11  0.3070E-11  0.3500E-11  0.3780E-11  0.3720E-11  0.3200E-11  0.2530E-11  0.2160E-11
  0.1000E+16  0.6640E-44  0.1200E-32  0.1100E-23  0.5000E-17  0.8990E-14  0.6360E-12  0.2200E-11  0.3070E-11  0.3490E-11  0.3780E-11  0.3720E-11  0.3190E-11  0.2530E-11  0.2160E-11
  0.1000E+17  0.6640E-44  0.1200E-32  0.1100E-23  0.4990E-17  0.8980E-14  0.6350E-12  0.2190E-11  0.3060E-11  0.3480E-11  0.3770E-11  0.3710E-11  0.3180E-11  0.2520E-11  0.2150E-11
WAVELENGTH(A)= 
    27.964
 7 14 t 
excit   
    34.900     52.300     87.200    174.000    349.000    872.000   1740.000   2620.000   3490.000   5230.000   8720.000  17400.000  34900.000  52300.000 
  0.1000E+11  0.1150E-42  0.5530E-32  0.1770E-23  0.3660E-17  0.4420E-14  0.2480E-12  0.7990E-12  0.1090E-11  0.1250E-11  0.1340E-11  0.1330E-11  0.1170E-11  0.9490E-12  0.8160E-12
  0.1000E+12  0.1150E-42  0.5530E-32  0.1770E-23  0.3660E-17  0.4420E-14  0.2480E-12  0.7990E-12  0.1090E-11  0.1250E-11  0.1340E-11  0.1330E-11  0.1170E-11  0.9490E-12  0.8160E-12
  0.1000E+13  0.1150E-42  0.5530E-32  0.1770E-23  0.3660E-17  0.4420E-14  0.2480E-12  0.7990E-12  0.1090E-11  0.1250E-11  0.1340E-11  0.1330E-11  0.1170E-11  0.9490E-12  0.8160E-12
  0.1000E+14  0.1150E-42  0.5530E-32  0.1770E-23  0.3660E-17  0.4420E-14  0.2480E-12  0.7990E-12  0.1090E-11  0.1250E-11  0.1340E-11  0.1330E-11  0.1170E-11  0.9490E-12  0.8160E-12
  0.1000E+15  0.1150E-42  0.5530E-32  0.1770E-23  0.3660E-17  0.4420E-14  0.2480E-12  0.7990E-12  0.1090E-11  0.1250E-11  0.1340E-11  0.1330E-11  0.1170E-11  0.9490E-12  0.8160E-12
  0.1000E+16  0.1150E-42  0.5530E-32  0.1770E-23  0.3660E-17  0.4420E-14  0.2480E-12  0.7990E-12  0.1090E-11  0.1240E-11  0.1340E-11  0.1330E-11  0.1170E-11  0.9490E-12  0.8160E-12
  0.1000E+17  0.1150E-42  0.5530E-32  0.1770E-23  0.3660E-17  0.4410E-14  0.2480E-12  0.7970E-12  0.1090E-11  0.1240E-11  0.1340E-11  0.1330E-11  0.1170E-11  0.9460E-12  0.8140E-12
WAVELENGTH(A)= 
    53.735
 7 14 t 
excit   
    34.900     52.300     87.200    174.000    349.000    872.000   1740.000   2620.000   3490.000   5230.000   8720.000  17400.000  34900.000  52300.000 
  0.1000E+11  0.1180E-41  0.2100E-31  0.3530E-23  0.5040E-17  0.5610E-14  0.3420E-12  0.1190E-11  0.1690E-11  0.1960E-11  0.2170E-11  0.2190E-11  0.1960E-11  0.1600E-11  0.1390E-11
  0.1000E+12  0.1150E-41  0.2100E-31  0.3530E-23  0.5040E-17  0.5610E-14  0.3420E-12  0.1190E-11  0.1690E-11  0.1960E-11  0.2170E-11  0.2190E-11  0.1960E-11  0.1600E-11  0.1390E-11
  0.1000E+13  0.1150E-41  0.2100E-31  0.3530E-23  0.5040E-17  0.5610E-14  0.3420E-12  0.1190E-11  0.1690E-11  0.1960E-11  0.2170E-11  0.2190E-11  0.1960E-11  0.1600E-11  0.1390E-11
  0.1000E+14  0.1150E-41  0.2100E-31  0.3530E-23  0.5040E-17  0.5610E-14  0.3420E-12  0.1190E-11  0.1690E-11  0.1960E-11  0.2170E-11  0.2190E-11  0.1960E-11  0.1600E-11  0.1390E-11
  0.1000E+15  0.1150E-41  0.2100E-31  0.3530E-23  0.5040E-17  0.5610E-14  0.3420E-12  0.1190E-11  0.1690E-11  0.1960E-11  0.2170E-11  0.2190E-11  0.1960E-11  0.1600E-11  0.1390E-11
  0.1000E+16  0.1160E-41  0.2110E-31  0.3530E-23  0.5040E-17  0.5610E-14  0.3420E-12  0.1190E-11  0.1690E-11  0.1960E-11  0.2170E-11  0.2190E-11  0.1960E-11  0.1600E-11  0.1390E-11
  0.1000E+17  0.1230E-41  0.2160E-31  0.3560E-23  0.5050E-17  0.5620E-14  0.3420E-12  0.1190E-11  0.1690E-11  0.1960E-11  0.2160E-11  0.2190E-11  0.1950E-11  0.1600E-11  0.1380E-11
WAVELENGTH(A)= 
    54.457
 7 14 t 
excit   
    34.900     52.300     87.200    174.000    349.000    872.000   1740.000   2620.000   3490.000   5230.000   8720.000  17400.000  34900.000  52300.000 
  0.1000E+11  0.3480E-14  0.9870E-13  0.1320E-11  0.7860E-11  0.1630E-10  0.2030E-10  0.1840E-10  0.1640E-10  0.1490E-10  0.1290E-10  0.1050E-10  0.7840E-11  0.5800E-11  0.4860E-11
  0.1000E+12  0.3480E-14  0.9870E-13  0.1320E-11  0.7860E-11  0.1630E-10  0.2030E-10  0.1840E-10  0.1640E-10  0.1490E-10  0.1290E-10  0.1050E-10  0.7840E-11  0.5800E-11  0.4860E-11
  0.1000E+13  0.3480E-14  0.9870E-13  0.1320E-11  0.7860E-11  0.1630E-10  0.2030E-10  0.1840E-10  0.1640E-10  0.1490E-10  0.1290E-10  0.1050E-10  0.7840E-11  0.5800E-11  0.4860E-11
  0.1000E+14  0.3480E-14  0.9870E-13  0.1320E-11  0.7860E-11  0.1630E-10  0.2030E-10  0.1840E-10  0.1640E-10  0.1490E-10  0.1290E-10  0.1050E-10  0.7840E-11  0.5800E-11  0.4860E-11
  0.1000E+15  0.3480E-14  0.9870E-13  0.1320E-11  0.7850E-11  0.1630E-10  0.2030E-10  0.1840E-10  0.1640E-10  0.1490E-10  0.1290E-10  0.1050E-10  0.7840E-11  0.5800E-11  0.4860E-11
  0.1000E+16  0.3480E-14  0.9870E-13  0.1320E-11  0.7850E-11  0.1630E-10  0.2030E-10  0.1840E-10  0.1640E-10  0.1490E-10  0.1290E-10  0.1050E-10  0.7830E-11  0.5790E-11  0.4860E-11
  0.1000E+17  0.3480E-14  0.9870E-13  0.1320E-11  0.7850E-11  0.1630E-10  0.2030E-10  0.1830E-10  0.1630E-10  0.1490E-10  0.1280E-10  0.1050E-10  0.7800E-11  0.5770E-11  0.4850E-11
WAVELENGTH(A)= 
    58.948
 7 14 t 
excit   
    34.900     52.300     87.200    174.000    349.000    872.000   1740.000   2620.000   3490.000   5230.000   8720.000  17400.000  34900.000  52300.000 
  0.1000E+11  0.1490E-13  0.3600E-12  0.4180E-11  0.2270E-10  0.4530E-10  0.5630E-10  0.5230E-10  0.4780E-10  0.4420E-10  0.3910E-10  0.3300E-10  0.2590E-10  0.2010E-10  0.1730E-10
  0.1000E+12  0.1490E-13  0.3600E-12  0.4180E-11  0.2270E-10  0.4530E-10  0.5630E-10  0.5230E-10  0.4780E-10  0.4420E-10  0.3910E-10  0.3300E-10  0.2590E-10  0.2010E-10  0.1730E-10
  0.1000E+13  0.1490E-13  0.3600E-12  0.4180E-11  0.2270E-10  0.4530E-10  0.5630E-10  0.5230E-10  0.4780E-10  0.4420E-10  0.3910E-10  0.3300E-10  0.2590E-10  0.2010E-10  0.1730E-10
  0.1000E+14  0.1490E-13  0.3600E-12  0.4180E-11  0.2270E-10  0.4530E-10  0.5630E-10  0.5230E-10  0.4780E-10  0.4420E-10  0.3910E-10  0.3300E-10  0.2590E-10  0.2010E-10  0.1730E-10
  0.1000E+15  0.1490E-13  0.3600E-12  0.4180E-11  0.2270E-10  0.4530E-10  0.5630E-10  0.5230E-10  0.4780E-10  0.4420E-10  0.3910E-10  0.3300E-10  0.2590E-10  0.2010E-10  0.1730E-10
  0.1000E+16  0.1500E-13  0.3610E-12  0.4190E-11  0.2270E-10  0.4540E-10  0.5640E-10  0.5240E-10  0.4780E-10  0.4420E-10  0.3910E-10  0.3300E-10  0.2590E-10  0.2010E-10  0.1730E-10
  0.1000E+17  0.1560E-13  0.3740E-12  0.4320E-11  0.2330E-10  0.4630E-10  0.5740E-10  0.5310E-10  0.4840E-10  0.4470E-10  0.3950E-10  0.3320E-10  0.2600E-10  0.2020E-10  0.1730E-10
WAVELENGTH(A)= 
    61.362
 7 14 t 
excit   
    34.900     52.300     87.200    174.000    349.000    872.000   1740.000   2620.000   3490.000   5230.000   8720.000  17400.000  34900.000  52300.000 
  0.1000E+11  0.2640E-10  0.1500E-09  0.5650E-09  0.1370E-08  0.1940E-08  0.2090E-08  0.1940E-08  0.1810E-08  0.1700E-08  0.1550E-08  0.1350E-08  0.1100E-08  0.8790E-09  0.7670E-09
  0.1000E+12  0.2640E-10  0.1500E-09  0.5650E-09  0.1370E-08  0.1940E-08  0.2090E-08  0.1940E-08  0.1810E-08  0.1700E-08  0.1550E-08  0.1350E-08  0.1100E-08  0.8790E-09  0.7670E-09
  0.1000E+13  0.2640E-10  0.1500E-09  0.5650E-09  0.1370E-08  0.1940E-08  0.2090E-08  0.1940E-08  0.1810E-08  0.1700E-08  0.1550E-08  0.1350E-08  0.1100E-08  0.8790E-09  0.7670E-09
  0.1000E+14  0.2640E-10  0.1500E-09  0.5650E-09  0.1370E-08  0.1940E-08  0.2090E-08  0.1940E-08  0.1810E-08  0.1700E-08  0.1550E-08  0.1350E-08  0.1100E-08  0.8790E-09  0.7670E-09
  0.1000E+15  0.2640E-10  0.1500E-09  0.5650E-09  0.1370E-08  0.1940E-08  0.2090E-08  0.1940E-08  0.1810E-08  0.1700E-08  0.1550E-08  0.1350E-08  0.1100E-08  0.8790E-09  0.7670E-09
  0.1000E+16  0.2640E-10  0.1500E-09  0.5650E-09  0.1370E-08  0.1930E-08  0.2090E-08  0.1940E-08  0.1810E-08  0.1700E-08  0.1550E-08  0.1350E-08  0.1100E-08  0.8780E-09  0.7660E-09
  0.1000E+17  0.2640E-10  0.1500E-09  0.5650E-09  0.1370E-08  0.1930E-08  0.2090E-08  0.1930E-08  0.1810E-08  0.1700E-08  0.1540E-08  0.1340E-08  0.1100E-08  0.8760E-09  0.7640E-09
WAVELENGTH(A)= 
    64.935
 7 14 t 
excit   
    34.900     52.300     87.200    174.000    349.000    872.000   1740.000   2620.000   3490.000   5230.000   8720.000  17400.000  34900.000  52300.000 
  0.1000E+11  0.4770E-42  0.2300E-31  0.7370E-23  0.1520E-16  0.1840E-13  0.1030E-11  0.3320E-11  0.4550E-11  0.5180E-11  0.5590E-11  0.5550E-11  0.4870E-11  0.3950E-11  0.3390E-11
  0.1000E+12  0.4770E-42  0.2300E-31  0.7370E-23  0.1520E-16  0.1840E-13  0.1030E-11  0.3320E-11  0.4550E-11  0.5180E-11  0.5590E-11  0.5550E-11  0.4870E-11  0.3950E-11  0.3390E-11
  0.1000E+13  0.4780E-42  0.2300E-31  0.7370E-23  0.1520E-16  0.1840E-13  0.1030E-11  0.3320E-11  0.4550E-11  0.5180E-11  0.5590E-11  0.5550E-11  0.4870E-11  0.3950E-11  0.3390E-11
  0.1000E+14  0.4780E-42  0.2300E-31  0.7370E-23  0.1520E-16  0.1840E-13  0.1030E-11  0.3320E-11  0.4550E-11  0.5180E-11  0.5590E-11  0.5550E-11  0.4870E-11  0.3950E-11  0.3390E-11
  0.1000E+15  0.4780E-42  0.2300E-31  0.7370E-23  0.1520E-16  0.1840E-13  0.1030E-11  0.3320E-11  0.4550E-11  0.5180E-11  0.5590E-11  0.5550E-11  0.4870E-11  0.3950E-11  0.3390E-11
  0.1000E+16  0.4780E-42  0.2300E-31  0.7370E-23  0.1520E-16  0.1840E-13  0.1030E-11  0.3320E-11  0.4550E-11  0.5180E-11  0.5590E-11  0.5540E-11  0.4870E-11  0.3940E-11  0.3390E-11
  0.1000E+17  0.4780E-42  0.2300E-31  0.7370E-23  0.1520E-16  0.1830E-13  0.1030E-11  0.3310E-11  0.4530E-11  0.5160E-11  0.5570E-11  0.5530E-11  0.4860E-11  0.3930E-11  0.3390E-11
WAVELENGTH(A)= 
    70.422
 7 14 t 
excit   
    34.900     52.300     87.200    174.000    349.000    872.000   1740.000   2620.000   3490.000   5230.000   8720.000  17400.000  34900.000  52300.000 
  0.1000E+11  0.3200E-41  0.8180E-31  0.1590E-22  0.2230E-16  0.2230E-13  0.1110E-11  0.3440E-11  0.4660E-11  0.5230E-11  0.5620E-11  0.5500E-11  0.4750E-11  0.3790E-11  0.3240E-11
  0.1000E+12  0.3200E-41  0.8180E-31  0.1590E-22  0.2230E-16  0.2230E-13  0.1110E-11  0.3440E-11  0.4660E-11  0.5230E-11  0.5620E-11  0.5500E-11  0.4750E-11  0.3790E-11  0.3240E-11
  0.1000E+13  0.3200E-41  0.8180E-31  0.1590E-22  0.2230E-16  0.2230E-13  0.1110E-11  0.3440E-11  0.4660E-11  0.5230E-11  0.5620E-11  0.5500E-11  0.4750E-11  0.3790E-11  0.3240E-11
  0.1000E+14  0.3200E-41  0.8180E-31  0.1590E-22  0.2230E-16  0.2230E-13  0.1110E-11  0.3440E-11  0.4660E-11  0.5230E-11  0.5620E-11  0.5500E-11  0.4750E-11  0.3790E-11  0.3240E-11
  0.1000E+15  0.3200E-41  0.8180E-31  0.1590E-22  0.2230E-16  0.2230E-13  0.1110E-11  0.3440E-11  0.4660E-11  0.5230E-11  0.5620E-11  0.5500E-11  0.4750E-11  0.3790E-11  0.3240E-11
  0.1000E+16  0.3200E-41  0.8180E-31  0.1590E-22  0.2230E-16  0.2230E-13  0.1110E-11  0.3440E-11  0.4660E-11  0.5230E-11  0.5610E-11  0.5500E-11  0.4750E-11  0.3790E-11  0.3240E-11
  0.1000E+17  0.3200E-41  0.8180E-31  0.1590E-22  0.2230E-16  0.2230E-13  0.1110E-11  0.3430E-11  0.4640E-11  0.5210E-11  0.5600E-11  0.5480E-11  0.4740E-11  0.3780E-11  0.3230E-11
WAVELENGTH(A)= 
    73.132
 7 14 t 
excit   
    34.900     52.300     87.200    174.000    349.000    872.000   1740.000   2620.000   3490.000   5230.000   8720.000  17400.000  34900.000  52300.000 
  0.1000E+11  0.3070E-13  0.8700E-12  0.1160E-10  0.6930E-10  0.1440E-09  0.1790E-09  0.1620E-09  0.1440E-09  0.1320E-09  0.1140E-09  0.9270E-10  0.6910E-10  0.5110E-10  0.4290E-10
  0.1000E+12  0.3070E-13  0.8700E-12  0.1160E-10  0.6930E-10  0.1440E-09  0.1790E-09  0.1620E-09  0.1440E-09  0.1320E-09  0.1140E-09  0.9270E-10  0.6910E-10  0.5110E-10  0.4290E-10
  0.1000E+13  0.3070E-13  0.8700E-12  0.1160E-10  0.6930E-10  0.1440E-09  0.1790E-09  0.1620E-09  0.1440E-09  0.1320E-09  0.1140E-09  0.9270E-10  0.6910E-10  0.5110E-10  0.4290E-10
  0.1000E+14  0.3070E-13  0.8700E-12  0.1160E-10  0.6930E-10  0.1440E-09  0.1790E-09  0.1620E-09  0.1440E-09  0.1320E-09  0.1140E-09  0.9270E-10  0.6910E-10  0.5110E-10  0.4290E-10
  0.1000E+15  0.3070E-13  0.8700E-12  0.1160E-10  0.6930E-10  0.1440E-09  0.1790E-09  0.1620E-09  0.1440E-09  0.1320E-09  0.1140E-09  0.9270E-10  0.6910E-10  0.5110E-10  0.4290E-10
  0.1000E+16  0.3070E-13  0.8700E-12  0.1160E-10  0.6930E-10  0.1440E-09  0.1790E-09  0.1620E-09  0.1440E-09  0.1320E-09  0.1140E-09  0.9270E-10  0.6910E-10  0.5110E-10  0.4290E-10
  0.1000E+17  0.3070E-13  0.8710E-12  0.1160E-10  0.6920E-10  0.1440E-09  0.1790E-09  0.1610E-09  0.1440E-09  0.1310E-09  0.1130E-09  0.9230E-10  0.6880E-10  0.5090E-10  0.4270E-10
WAVELENGTH(A)= 
    73.281
 7 14 t 
excit   
    34.900     52.300     87.200    174.000    349.000    872.000   1740.000   2620.000   3490.000   5230.000   8720.000  17400.000  34900.000  52300.000 
  0.1000E+11  0.1160E-24  0.2890E-20  0.1220E-16  0.5660E-14  0.1100E-12  0.6180E-12  0.1080E-11  0.1270E-11  0.1350E-11  0.1380E-11  0.1340E-11  0.1180E-11  0.9740E-12  0.8540E-12
  0.1000E+12  0.4740E-24  0.2940E-20  0.1220E-16  0.5660E-14  0.1100E-12  0.6180E-12  0.1080E-11  0.1270E-11  0.1350E-11  0.1380E-11  0.1340E-11  0.1180E-11  0.9740E-12  0.8540E-12
  0.1000E+13  0.4060E-23  0.3360E-20  0.1230E-16  0.5660E-14  0.1100E-12  0.6180E-12  0.1080E-11  0.1270E-11  0.1350E-11  0.1380E-11  0.1340E-11  0.1180E-11  0.9740E-12  0.8540E-12
  0.1000E+14  0.3990E-22  0.7600E-20  0.1240E-16  0.5660E-14  0.1100E-12  0.6180E-12  0.1080E-11  0.1270E-11  0.1350E-11  0.1380E-11  0.1340E-11  0.1180E-11  0.9740E-12  0.8540E-12
  0.1000E+15  0.3980E-21  0.5000E-19  0.1410E-16  0.5680E-14  0.1100E-12  0.6180E-12  0.1080E-11  0.1270E-11  0.1350E-11  0.1380E-11  0.1340E-11  0.1180E-11  0.9730E-12  0.8540E-12
  0.1000E+16  0.3980E-20  0.4740E-18  0.3050E-16  0.5880E-14  0.1110E-12  0.6160E-12  0.1070E-11  0.1250E-11  0.1330E-11  0.1370E-11  0.1330E-11  0.1170E-11  0.9660E-12  0.8480E-12
  0.1000E+17  0.3980E-19  0.4710E-17  0.1940E-15  0.7830E-14  0.1150E-12  0.6070E-12  0.1020E-11  0.1180E-11  0.1250E-11  0.1280E-11  0.1240E-11  0.1090E-11  0.9100E-12  0.8030E-12
WAVELENGTH(A)= 
    86.149
 7 14 t 
excit   
    34.900     52.300     87.200    174.000    349.000    872.000   1740.000   2620.000   3490.000   5230.000   8720.000  17400.000  34900.000  52300.000 
  0.1000E+11  0.6100E-10  0.2010E-09  0.4870E-09  0.8620E-09  0.1040E-08  0.1020E-08  0.9030E-09  0.8220E-09  0.7620E-09  0.6800E-09  0.5810E-09  0.4620E-09  0.3620E-09  0.3120E-09
  0.1000E+12  0.6100E-10  0.2010E-09  0.4870E-09  0.8620E-09  0.1040E-08  0.1020E-08  0.9030E-09  0.8220E-09  0.7620E-09  0.6800E-09  0.5810E-09  0.4620E-09  0.3620E-09  0.3120E-09
  0.1000E+13  0.6100E-10  0.2010E-09  0.4870E-09  0.8620E-09  0.1040E-08  0.1020E-08  0.9030E-09  0.8220E-09  0.7620E-09  0.6800E-09  0.5810E-09  0.4620E-09  0.3620E-09  0.3120E-09
  0.1000E+14  0.6100E-10  0.2010E-09  0.4870E-09  0.8620E-09  0.1040E-08  0.1020E-08  0.9030E-09  0.8220E-09  0.7620E-09  0.6800E-09  0.5810E-09  0.4620E-09  0.3620E-09  0.3120E-09
  0.1000E+15  0.6100E-10  0.2010E-09  0.4870E-09  0.8620E-09  0.1040E-08  0.1020E-08  0.9030E-09  0.8220E-09  0.7620E-09  0.6800E-09  0.5810E-09  0.4610E-09  0.3620E-09  0.3120E-09
  0.1000E+16  0.6100E-10  0.2010E-09  0.4870E-09  0.8620E-09  0.1040E-08  0.1020E-08  0.9030E-09  0.8220E-09  0.7620E-09  0.6800E-09  0.5810E-09  0.4610E-09  0.3620E-09  0.3120E-09
  0.1000E+17  0.6100E-10  0.2010E-09  0.4860E-09  0.8610E-09  0.1040E-08  0.1020E-08  0.9010E-09  0.8200E-09  0.7590E-09  0.6770E-09  0.5790E-09  0.4600E-09  0.3610E-09  0.3110E-09
