 14  7 14
WAVELENGTH(A)= 
    17.844
 7 14 t 
excit   
    21.100     31.700     52.800    106.000    211.000    528.000   1060.000   1580.000   2110.000   3170.000   5280.000  10600.000  21100.000  31700.000 
  0.1000E+11  0.1680E-23  0.8010E-19  0.4060E-15  0.2130E-12  0.4300E-11  0.2410E-10  0.4440E-10  0.5620E-10  0.6450E-10  0.7530E-10  0.8570E-10  0.9410E-10  0.9460E-10  0.9190E-10
  0.1000E+12  0.1680E-23  0.8010E-19  0.4060E-15  0.2130E-12  0.4300E-11  0.2410E-10  0.4440E-10  0.5620E-10  0.6450E-10  0.7530E-10  0.8570E-10  0.9410E-10  0.9460E-10  0.9190E-10
  0.1000E+13  0.1680E-23  0.8010E-19  0.4060E-15  0.2130E-12  0.4300E-11  0.2410E-10  0.4440E-10  0.5620E-10  0.6450E-10  0.7530E-10  0.8570E-10  0.9410E-10  0.9460E-10  0.9190E-10
  0.1000E+14  0.1680E-23  0.8010E-19  0.4060E-15  0.2130E-12  0.4300E-11  0.2410E-10  0.4440E-10  0.5620E-10  0.6450E-10  0.7530E-10  0.8570E-10  0.9410E-10  0.9460E-10  0.9190E-10
  0.1000E+15  0.1680E-23  0.8010E-19  0.4060E-15  0.2130E-12  0.4300E-11  0.2410E-10  0.4440E-10  0.5620E-10  0.6450E-10  0.7530E-10  0.8570E-10  0.9410E-10  0.9460E-10  0.9190E-10
  0.1000E+16  0.1680E-23  0.8010E-19  0.4060E-15  0.2130E-12  0.4300E-11  0.2410E-10  0.4440E-10  0.5620E-10  0.6450E-10  0.7530E-10  0.8570E-10  0.9410E-10  0.9460E-10  0.9190E-10
  0.1000E+17  0.1680E-23  0.8010E-19  0.4060E-15  0.2130E-12  0.4300E-11  0.2410E-10  0.4440E-10  0.5620E-10  0.6440E-10  0.7530E-10  0.8570E-10  0.9410E-10  0.9460E-10  0.9180E-10
WAVELENGTH(A)= 
    20.394
 7 14 t 
excit   
    21.100     31.700     52.800    106.000    211.000    528.000   1060.000   1580.000   2110.000   3170.000   5280.000  10600.000  21100.000  31700.000 
  0.1000E+11  0.6250E-24  0.7520E-20  0.1270E-16  0.2880E-14  0.3680E-13  0.1380E-12  0.1860E-12  0.1920E-12  0.1890E-12  0.1780E-12  0.1570E-12  0.1270E-12  0.9790E-13  0.8320E-13
  0.1000E+12  0.6250E-24  0.7520E-20  0.1270E-16  0.2880E-14  0.3680E-13  0.1380E-12  0.1860E-12  0.1920E-12  0.1890E-12  0.1780E-12  0.1570E-12  0.1270E-12  0.9790E-13  0.8320E-13
  0.1000E+13  0.6250E-24  0.7520E-20  0.1270E-16  0.2880E-14  0.3680E-13  0.1380E-12  0.1860E-12  0.1920E-12  0.1890E-12  0.1780E-12  0.1570E-12  0.1270E-12  0.9790E-13  0.8320E-13
  0.1000E+14  0.6250E-24  0.7520E-20  0.1270E-16  0.2880E-14  0.3680E-13  0.1380E-12  0.1860E-12  0.1920E-12  0.1890E-12  0.1780E-12  0.1570E-12  0.1270E-12  0.9790E-13  0.8320E-13
  0.1000E+15  0.6250E-24  0.7520E-20  0.1270E-16  0.2880E-14  0.3680E-13  0.1380E-12  0.1860E-12  0.1920E-12  0.1890E-12  0.1780E-12  0.1570E-12  0.1270E-12  0.9790E-13  0.8320E-13
  0.1000E+16  0.6250E-24  0.7530E-20  0.1270E-16  0.2880E-14  0.3680E-13  0.1380E-12  0.1860E-12  0.1920E-12  0.1890E-12  0.1780E-12  0.1570E-12  0.1270E-12  0.9790E-13  0.8320E-13
  0.1000E+17  0.6280E-24  0.7550E-20  0.1270E-16  0.2880E-14  0.3690E-13  0.1380E-12  0.1860E-12  0.1920E-12  0.1890E-12  0.1780E-12  0.1570E-12  0.1270E-12  0.9790E-13  0.8320E-13
WAVELENGTH(A)= 
    23.979
 7 14 t 
excit   
    21.100     31.700     52.800    106.000    211.000    528.000   1060.000   1580.000   2110.000   3170.000   5280.000  10600.000  21100.000  31700.000 
  0.1000E+11  0.5410E-20  0.1650E-16  0.1030E-13  0.1270E-11  0.1300E-10  0.4610E-10  0.6580E-10  0.7270E-10  0.7600E-10  0.7830E-10  0.7840E-10  0.7450E-10  0.6720E-10  0.6240E-10
  0.1000E+12  0.5410E-20  0.1650E-16  0.1030E-13  0.1270E-11  0.1300E-10  0.4610E-10  0.6580E-10  0.7270E-10  0.7600E-10  0.7830E-10  0.7840E-10  0.7450E-10  0.6720E-10  0.6240E-10
  0.1000E+13  0.5410E-20  0.1650E-16  0.1030E-13  0.1270E-11  0.1300E-10  0.4610E-10  0.6580E-10  0.7270E-10  0.7600E-10  0.7830E-10  0.7840E-10  0.7450E-10  0.6720E-10  0.6240E-10
  0.1000E+14  0.5410E-20  0.1650E-16  0.1030E-13  0.1270E-11  0.1300E-10  0.4610E-10  0.6590E-10  0.7270E-10  0.7600E-10  0.7830E-10  0.7840E-10  0.7450E-10  0.6720E-10  0.6240E-10
  0.1000E+15  0.5410E-20  0.1660E-16  0.1030E-13  0.1270E-11  0.1300E-10  0.4610E-10  0.6590E-10  0.7270E-10  0.7610E-10  0.7830E-10  0.7840E-10  0.7450E-10  0.6720E-10  0.6240E-10
  0.1000E+16  0.5490E-20  0.1670E-16  0.1040E-13  0.1280E-11  0.1310E-10  0.4620E-10  0.6600E-10  0.7280E-10  0.7610E-10  0.7840E-10  0.7850E-10  0.7460E-10  0.6730E-10  0.6240E-10
  0.1000E+17  0.6280E-20  0.1860E-16  0.1120E-13  0.1340E-11  0.1350E-10  0.4710E-10  0.6700E-10  0.7370E-10  0.7700E-10  0.7910E-10  0.7900E-10  0.7490E-10  0.6750E-10  0.6260E-10
WAVELENGTH(A)= 
    25.372
 7 14 t 
excit   
    21.100     31.700     52.800    106.000    211.000    528.000   1060.000   1580.000   2110.000   3170.000   5280.000  10600.000  21100.000  31700.000 
  0.1000E+11  0.2450E-27  0.1170E-22  0.5920E-19  0.3100E-16  0.6270E-15  0.3520E-14  0.6470E-14  0.8200E-14  0.9400E-14  0.1100E-13  0.1250E-13  0.1370E-13  0.1380E-13  0.1340E-13
  0.1000E+12  0.2450E-27  0.1170E-22  0.5920E-19  0.3100E-16  0.6270E-15  0.3520E-14  0.6470E-14  0.8200E-14  0.9400E-14  0.1100E-13  0.1250E-13  0.1370E-13  0.1380E-13  0.1340E-13
  0.1000E+13  0.2450E-27  0.1170E-22  0.5920E-19  0.3100E-16  0.6270E-15  0.3520E-14  0.6470E-14  0.8200E-14  0.9400E-14  0.1100E-13  0.1250E-13  0.1370E-13  0.1380E-13  0.1340E-13
  0.1000E+14  0.2450E-27  0.1170E-22  0.5920E-19  0.3100E-16  0.6270E-15  0.3520E-14  0.6470E-14  0.8200E-14  0.9400E-14  0.1100E-13  0.1250E-13  0.1370E-13  0.1380E-13  0.1340E-13
  0.1000E+15  0.2450E-27  0.1170E-22  0.5920E-19  0.3100E-16  0.6270E-15  0.3520E-14  0.6470E-14  0.8200E-14  0.9400E-14  0.1100E-13  0.1250E-13  0.1370E-13  0.1380E-13  0.1340E-13
  0.1000E+16  0.2450E-27  0.1170E-22  0.5920E-19  0.3100E-16  0.6270E-15  0.3520E-14  0.6470E-14  0.8200E-14  0.9400E-14  0.1100E-13  0.1250E-13  0.1370E-13  0.1380E-13  0.1340E-13
  0.1000E+17  0.2450E-27  0.1170E-22  0.5920E-19  0.3100E-16  0.6270E-15  0.3520E-14  0.6470E-14  0.8200E-14  0.9400E-14  0.1100E-13  0.1250E-13  0.1370E-13  0.1380E-13  0.1340E-13
WAVELENGTH(A)= 
    27.757
 7 14 t 
excit   
    21.100     31.700     52.800    106.000    211.000    528.000   1060.000   1580.000   2110.000   3170.000   5280.000  10600.000  21100.000  31700.000 
  0.1000E+11  0.1270E-18  0.1210E-15  0.2690E-13  0.1360E-11  0.8370E-11  0.2060E-10  0.2420E-10  0.2400E-10  0.2320E-10  0.2150E-10  0.1890E-10  0.1520E-10  0.1190E-10  0.1020E-10
  0.1000E+12  0.1270E-18  0.1210E-15  0.2690E-13  0.1360E-11  0.8370E-11  0.2060E-10  0.2420E-10  0.2400E-10  0.2320E-10  0.2150E-10  0.1890E-10  0.1520E-10  0.1190E-10  0.1020E-10
  0.1000E+13  0.1270E-18  0.1210E-15  0.2690E-13  0.1360E-11  0.8370E-11  0.2060E-10  0.2420E-10  0.2400E-10  0.2320E-10  0.2150E-10  0.1890E-10  0.1520E-10  0.1190E-10  0.1020E-10
  0.1000E+14  0.1270E-18  0.1210E-15  0.2690E-13  0.1360E-11  0.8370E-11  0.2060E-10  0.2420E-10  0.2400E-10  0.2320E-10  0.2150E-10  0.1890E-10  0.1520E-10  0.1190E-10  0.1020E-10
  0.1000E+15  0.1270E-18  0.1210E-15  0.2690E-13  0.1350E-11  0.8370E-11  0.2060E-10  0.2420E-10  0.2400E-10  0.2320E-10  0.2150E-10  0.1890E-10  0.1520E-10  0.1190E-10  0.1020E-10
  0.1000E+16  0.1270E-18  0.1210E-15  0.2680E-13  0.1350E-11  0.8320E-11  0.2040E-10  0.2410E-10  0.2390E-10  0.2310E-10  0.2140E-10  0.1880E-10  0.1520E-10  0.1190E-10  0.1020E-10
  0.1000E+17  0.1260E-18  0.1190E-15  0.2590E-13  0.1280E-11  0.7880E-11  0.1940E-10  0.2300E-10  0.2290E-10  0.2220E-10  0.2070E-10  0.1820E-10  0.1480E-10  0.1160E-10  0.1000E-10
WAVELENGTH(A)= 
    30.858
 7 14 t 
excit   
    21.100     31.700     52.800    106.000    211.000    528.000   1060.000   1580.000   2110.000   3170.000   5280.000  10600.000  21100.000  31700.000 
  0.1000E+11  0.2930E-21  0.3520E-17  0.5950E-14  0.1350E-11  0.1720E-10  0.6480E-10  0.8690E-10  0.8980E-10  0.8870E-10  0.8330E-10  0.7360E-10  0.5940E-10  0.4590E-10  0.3900E-10
  0.1000E+12  0.2930E-21  0.3520E-17  0.5950E-14  0.1350E-11  0.1720E-10  0.6480E-10  0.8690E-10  0.8980E-10  0.8870E-10  0.8330E-10  0.7360E-10  0.5940E-10  0.4590E-10  0.3900E-10
  0.1000E+13  0.2930E-21  0.3520E-17  0.5950E-14  0.1350E-11  0.1720E-10  0.6480E-10  0.8690E-10  0.8980E-10  0.8870E-10  0.8330E-10  0.7360E-10  0.5940E-10  0.4590E-10  0.3900E-10
  0.1000E+14  0.2930E-21  0.3520E-17  0.5950E-14  0.1350E-11  0.1720E-10  0.6480E-10  0.8690E-10  0.8980E-10  0.8870E-10  0.8330E-10  0.7360E-10  0.5940E-10  0.4590E-10  0.3900E-10
  0.1000E+15  0.2930E-21  0.3520E-17  0.5950E-14  0.1350E-11  0.1730E-10  0.6480E-10  0.8690E-10  0.8980E-10  0.8870E-10  0.8330E-10  0.7360E-10  0.5940E-10  0.4590E-10  0.3900E-10
  0.1000E+16  0.2930E-21  0.3530E-17  0.5950E-14  0.1350E-11  0.1730E-10  0.6480E-10  0.8690E-10  0.8980E-10  0.8870E-10  0.8330E-10  0.7360E-10  0.5940E-10  0.4590E-10  0.3900E-10
  0.1000E+17  0.2940E-21  0.3540E-17  0.5970E-14  0.1350E-11  0.1730E-10  0.6490E-10  0.8700E-10  0.8980E-10  0.8880E-10  0.8330E-10  0.7360E-10  0.5940E-10  0.4590E-10  0.3900E-10
WAVELENGTH(A)= 
    39.879
 7 14 t 
excit   
    21.100     31.700     52.800    106.000    211.000    528.000   1060.000   1580.000   2110.000   3170.000   5280.000  10600.000  21100.000  31700.000 
  0.1000E+11  0.4190E-24  0.1280E-20  0.7960E-18  0.9840E-16  0.1010E-14  0.3570E-14  0.5100E-14  0.5630E-14  0.5890E-14  0.6070E-14  0.6070E-14  0.5770E-14  0.5210E-14  0.4840E-14
  0.1000E+12  0.4190E-24  0.1280E-20  0.7960E-18  0.9840E-16  0.1010E-14  0.3570E-14  0.5100E-14  0.5630E-14  0.5890E-14  0.6070E-14  0.6070E-14  0.5770E-14  0.5210E-14  0.4840E-14
  0.1000E+13  0.4190E-24  0.1280E-20  0.7960E-18  0.9840E-16  0.1010E-14  0.3570E-14  0.5100E-14  0.5630E-14  0.5890E-14  0.6070E-14  0.6070E-14  0.5770E-14  0.5210E-14  0.4840E-14
  0.1000E+14  0.4190E-24  0.1280E-20  0.7960E-18  0.9840E-16  0.1010E-14  0.3570E-14  0.5100E-14  0.5630E-14  0.5890E-14  0.6070E-14  0.6070E-14  0.5770E-14  0.5210E-14  0.4840E-14
  0.1000E+15  0.4190E-24  0.1280E-20  0.7970E-18  0.9850E-16  0.1010E-14  0.3570E-14  0.5100E-14  0.5630E-14  0.5890E-14  0.6070E-14  0.6070E-14  0.5770E-14  0.5210E-14  0.4840E-14
  0.1000E+16  0.4260E-24  0.1300E-20  0.8030E-18  0.9900E-16  0.1010E-14  0.3580E-14  0.5110E-14  0.5640E-14  0.5900E-14  0.6070E-14  0.6080E-14  0.5780E-14  0.5210E-14  0.4840E-14
  0.1000E+17  0.4860E-24  0.1440E-20  0.8650E-18  0.1040E-15  0.1040E-14  0.3650E-14  0.5190E-14  0.5710E-14  0.5960E-14  0.6120E-14  0.6120E-14  0.5800E-14  0.5230E-14  0.4850E-14
WAVELENGTH(A)= 
    60.000
 7 14 t 
excit   
    21.100     31.700     52.800    106.000    211.000    528.000   1060.000   1580.000   2110.000   3170.000   5280.000  10600.000  21100.000  31700.000 
  0.1000E+11  0.9830E-12  0.2110E-10  0.2240E-09  0.1160E-08  0.2320E-08  0.3050E-08  0.3030E-08  0.2900E-08  0.2780E-08  0.2580E-08  0.2310E-08  0.1940E-08  0.1590E-08  0.1400E-08
  0.1000E+12  0.9830E-12  0.2110E-10  0.2240E-09  0.1160E-08  0.2320E-08  0.3050E-08  0.3030E-08  0.2900E-08  0.2780E-08  0.2580E-08  0.2310E-08  0.1940E-08  0.1590E-08  0.1400E-08
  0.1000E+13  0.9830E-12  0.2110E-10  0.2240E-09  0.1160E-08  0.2320E-08  0.3050E-08  0.3030E-08  0.2900E-08  0.2780E-08  0.2580E-08  0.2310E-08  0.1940E-08  0.1590E-08  0.1400E-08
  0.1000E+14  0.9830E-12  0.2110E-10  0.2240E-09  0.1160E-08  0.2320E-08  0.3050E-08  0.3030E-08  0.2900E-08  0.2780E-08  0.2580E-08  0.2310E-08  0.1940E-08  0.1590E-08  0.1400E-08
  0.1000E+15  0.9830E-12  0.2110E-10  0.2240E-09  0.1160E-08  0.2320E-08  0.3050E-08  0.3030E-08  0.2900E-08  0.2780E-08  0.2580E-08  0.2310E-08  0.1940E-08  0.1590E-08  0.1400E-08
  0.1000E+16  0.9830E-12  0.2110E-10  0.2240E-09  0.1160E-08  0.2320E-08  0.3050E-08  0.3030E-08  0.2900E-08  0.2780E-08  0.2580E-08  0.2310E-08  0.1940E-08  0.1590E-08  0.1400E-08
  0.1000E+17  0.9830E-12  0.2110E-10  0.2240E-09  0.1160E-08  0.2320E-08  0.3040E-08  0.3030E-08  0.2900E-08  0.2770E-08  0.2580E-08  0.2310E-08  0.1940E-08  0.1590E-08  0.1400E-08
WAVELENGTH(A)= 
    60.143
 7 14 t 
excit   
    21.100     31.700     52.800    106.000    211.000    528.000   1060.000   1580.000   2110.000   3170.000   5280.000  10600.000  21100.000  31700.000 
  0.1000E+11  0.8240E-12  0.1750E-10  0.1860E-09  0.9590E-09  0.1920E-08  0.2570E-08  0.2580E-08  0.2470E-08  0.2380E-08  0.2210E-08  0.1980E-08  0.1660E-08  0.1360E-08  0.1200E-08
  0.1000E+12  0.8240E-12  0.1750E-10  0.1860E-09  0.9590E-09  0.1920E-08  0.2570E-08  0.2580E-08  0.2470E-08  0.2380E-08  0.2210E-08  0.1980E-08  0.1660E-08  0.1360E-08  0.1200E-08
  0.1000E+13  0.8240E-12  0.1750E-10  0.1860E-09  0.9590E-09  0.1920E-08  0.2570E-08  0.2580E-08  0.2470E-08  0.2380E-08  0.2210E-08  0.1980E-08  0.1660E-08  0.1360E-08  0.1200E-08
  0.1000E+14  0.8240E-12  0.1750E-10  0.1860E-09  0.9590E-09  0.1920E-08  0.2570E-08  0.2580E-08  0.2470E-08  0.2380E-08  0.2210E-08  0.1980E-08  0.1660E-08  0.1360E-08  0.1200E-08
  0.1000E+15  0.8240E-12  0.1750E-10  0.1860E-09  0.9590E-09  0.1920E-08  0.2570E-08  0.2580E-08  0.2470E-08  0.2380E-08  0.2210E-08  0.1980E-08  0.1660E-08  0.1360E-08  0.1200E-08
  0.1000E+16  0.8240E-12  0.1750E-10  0.1860E-09  0.9590E-09  0.1920E-08  0.2570E-08  0.2580E-08  0.2470E-08  0.2380E-08  0.2210E-08  0.1980E-08  0.1660E-08  0.1360E-08  0.1200E-08
  0.1000E+17  0.8240E-12  0.1750E-10  0.1860E-09  0.9590E-09  0.1920E-08  0.2570E-08  0.2580E-08  0.2470E-08  0.2380E-08  0.2210E-08  0.1980E-08  0.1660E-08  0.1360E-08  0.1200E-08
WAVELENGTH(A)= 
    69.746
 7 14 t 
excit   
    21.100     31.700     52.800    106.000    211.000    528.000   1060.000   1580.000   2110.000   3170.000   5280.000  10600.000  21100.000  31700.000 
  0.1000E+11  0.3700E-28  0.1770E-23  0.8940E-20  0.4690E-17  0.9480E-16  0.5310E-15  0.9780E-15  0.1240E-14  0.1420E-14  0.1660E-14  0.1890E-14  0.2070E-14  0.2090E-14  0.2020E-14
  0.1000E+12  0.3700E-28  0.1770E-23  0.8940E-20  0.4690E-17  0.9480E-16  0.5310E-15  0.9780E-15  0.1240E-14  0.1420E-14  0.1660E-14  0.1890E-14  0.2070E-14  0.2090E-14  0.2020E-14
  0.1000E+13  0.3700E-28  0.1770E-23  0.8940E-20  0.4690E-17  0.9480E-16  0.5310E-15  0.9780E-15  0.1240E-14  0.1420E-14  0.1660E-14  0.1890E-14  0.2070E-14  0.2090E-14  0.2020E-14
  0.1000E+14  0.3700E-28  0.1770E-23  0.8940E-20  0.4690E-17  0.9480E-16  0.5310E-15  0.9780E-15  0.1240E-14  0.1420E-14  0.1660E-14  0.1890E-14  0.2070E-14  0.2090E-14  0.2020E-14
  0.1000E+15  0.3700E-28  0.1770E-23  0.8940E-20  0.4690E-17  0.9480E-16  0.5310E-15  0.9780E-15  0.1240E-14  0.1420E-14  0.1660E-14  0.1890E-14  0.2070E-14  0.2090E-14  0.2020E-14
  0.1000E+16  0.3700E-28  0.1770E-23  0.8940E-20  0.4690E-17  0.9480E-16  0.5310E-15  0.9780E-15  0.1240E-14  0.1420E-14  0.1660E-14  0.1890E-14  0.2070E-14  0.2090E-14  0.2020E-14
  0.1000E+17  0.3710E-28  0.1770E-23  0.8950E-20  0.4690E-17  0.9480E-16  0.5310E-15  0.9780E-15  0.1240E-14  0.1420E-14  0.1660E-14  0.1890E-14  0.2070E-14  0.2080E-14  0.2020E-14
WAVELENGTH(A)= 
    76.881
 7 14 t 
excit   
    21.100     31.700     52.800    106.000    211.000    528.000   1060.000   1580.000   2110.000   3170.000   5280.000  10600.000  21100.000  31700.000 
  0.1000E+11  0.1860E-25  0.2240E-21  0.3780E-18  0.8550E-16  0.1090E-14  0.4110E-14  0.5510E-14  0.5700E-14  0.5630E-14  0.5280E-14  0.4670E-14  0.3770E-14  0.2910E-14  0.2470E-14
  0.1000E+12  0.1860E-25  0.2240E-21  0.3780E-18  0.8550E-16  0.1090E-14  0.4110E-14  0.5510E-14  0.5700E-14  0.5630E-14  0.5280E-14  0.4670E-14  0.3770E-14  0.2910E-14  0.2470E-14
  0.1000E+13  0.1860E-25  0.2240E-21  0.3780E-18  0.8550E-16  0.1090E-14  0.4110E-14  0.5510E-14  0.5700E-14  0.5630E-14  0.5280E-14  0.4670E-14  0.3770E-14  0.2910E-14  0.2470E-14
  0.1000E+14  0.1860E-25  0.2240E-21  0.3780E-18  0.8550E-16  0.1090E-14  0.4110E-14  0.5510E-14  0.5700E-14  0.5630E-14  0.5280E-14  0.4670E-14  0.3770E-14  0.2910E-14  0.2470E-14
  0.1000E+15  0.1860E-25  0.2240E-21  0.3780E-18  0.8550E-16  0.1090E-14  0.4110E-14  0.5510E-14  0.5700E-14  0.5630E-14  0.5280E-14  0.4670E-14  0.3770E-14  0.2910E-14  0.2470E-14
  0.1000E+16  0.1860E-25  0.2240E-21  0.3780E-18  0.8550E-16  0.1090E-14  0.4110E-14  0.5510E-14  0.5700E-14  0.5630E-14  0.5280E-14  0.4670E-14  0.3770E-14  0.2910E-14  0.2470E-14
  0.1000E+17  0.1870E-25  0.2250E-21  0.3790E-18  0.8570E-16  0.1100E-14  0.4120E-14  0.5520E-14  0.5700E-14  0.5630E-14  0.5280E-14  0.4670E-14  0.3770E-14  0.2910E-14  0.2470E-14
WAVELENGTH(A)= 
   136.407
 7 14 t 
excit   
    21.100     31.700     52.800    106.000    211.000    528.000   1060.000   1580.000   2110.000   3170.000   5280.000  10600.000  21100.000  31700.000 
  0.1000E+11  0.1080E-21  0.1300E-17  0.2190E-14  0.4950E-12  0.6340E-11  0.2380E-10  0.3200E-10  0.3300E-10  0.3260E-10  0.3060E-10  0.2710E-10  0.2180E-10  0.1690E-10  0.1430E-10
  0.1000E+12  0.1080E-21  0.1300E-17  0.2190E-14  0.4950E-12  0.6340E-11  0.2380E-10  0.3200E-10  0.3300E-10  0.3260E-10  0.3060E-10  0.2710E-10  0.2180E-10  0.1690E-10  0.1430E-10
  0.1000E+13  0.1080E-21  0.1300E-17  0.2190E-14  0.4950E-12  0.6340E-11  0.2380E-10  0.3200E-10  0.3300E-10  0.3260E-10  0.3060E-10  0.2710E-10  0.2180E-10  0.1690E-10  0.1430E-10
  0.1000E+14  0.1080E-21  0.1300E-17  0.2190E-14  0.4950E-12  0.6340E-11  0.2380E-10  0.3200E-10  0.3300E-10  0.3260E-10  0.3060E-10  0.2710E-10  0.2180E-10  0.1690E-10  0.1430E-10
  0.1000E+15  0.1080E-21  0.1300E-17  0.2190E-14  0.4950E-12  0.6340E-11  0.2380E-10  0.3200E-10  0.3300E-10  0.3260E-10  0.3060E-10  0.2710E-10  0.2180E-10  0.1690E-10  0.1430E-10
  0.1000E+16  0.1080E-21  0.1300E-17  0.2190E-14  0.4950E-12  0.6340E-11  0.2380E-10  0.3200E-10  0.3300E-10  0.3260E-10  0.3060E-10  0.2710E-10  0.2180E-10  0.1690E-10  0.1430E-10
  0.1000E+17  0.1080E-21  0.1300E-17  0.2200E-14  0.4970E-12  0.6350E-11  0.2380E-10  0.3200E-10  0.3300E-10  0.3260E-10  0.3060E-10  0.2710E-10  0.2180E-10  0.1690E-10  0.1430E-10
WAVELENGTH(A)= 
   142.718
 7 14 t 
excit   
    21.100     31.700     52.800    106.000    211.000    528.000   1060.000   1580.000   2110.000   3170.000   5280.000  10600.000  21100.000  31700.000 
  0.1000E+11  0.8750E-25  0.4170E-20  0.2110E-16  0.1110E-13  0.2240E-12  0.1260E-11  0.2310E-11  0.2930E-11  0.3360E-11  0.3920E-11  0.4460E-11  0.4900E-11  0.4930E-11  0.4780E-11
  0.1000E+12  0.8750E-25  0.4170E-20  0.2110E-16  0.1110E-13  0.2240E-12  0.1260E-11  0.2310E-11  0.2930E-11  0.3360E-11  0.3920E-11  0.4460E-11  0.4900E-11  0.4930E-11  0.4780E-11
  0.1000E+13  0.8750E-25  0.4170E-20  0.2110E-16  0.1110E-13  0.2240E-12  0.1260E-11  0.2310E-11  0.2930E-11  0.3360E-11  0.3920E-11  0.4460E-11  0.4900E-11  0.4930E-11  0.4780E-11
  0.1000E+14  0.8750E-25  0.4170E-20  0.2110E-16  0.1110E-13  0.2240E-12  0.1260E-11  0.2310E-11  0.2930E-11  0.3360E-11  0.3920E-11  0.4460E-11  0.4900E-11  0.4930E-11  0.4780E-11
  0.1000E+15  0.8750E-25  0.4170E-20  0.2110E-16  0.1110E-13  0.2240E-12  0.1260E-11  0.2310E-11  0.2930E-11  0.3360E-11  0.3920E-11  0.4460E-11  0.4900E-11  0.4930E-11  0.4780E-11
  0.1000E+16  0.8750E-25  0.4170E-20  0.2110E-16  0.1110E-13  0.2240E-12  0.1260E-11  0.2310E-11  0.2930E-11  0.3360E-11  0.3920E-11  0.4460E-11  0.4900E-11  0.4930E-11  0.4780E-11
  0.1000E+17  0.8760E-25  0.4170E-20  0.2110E-16  0.1110E-13  0.2240E-12  0.1260E-11  0.2310E-11  0.2930E-11  0.3360E-11  0.3920E-11  0.4460E-11  0.4900E-11  0.4930E-11  0.4780E-11
WAVELENGTH(A)= 
   176.175
 7 14 t 
excit   
    21.100     31.700     52.800    106.000    211.000    528.000   1060.000   1580.000   2110.000   3170.000   5280.000  10600.000  21100.000  31700.000 
  0.1000E+11  0.2550E-21  0.7790E-18  0.4840E-15  0.5990E-13  0.6130E-12  0.2170E-11  0.3100E-11  0.3420E-11  0.3580E-11  0.3690E-11  0.3690E-11  0.3510E-11  0.3170E-11  0.2940E-11
  0.1000E+12  0.2550E-21  0.7790E-18  0.4840E-15  0.5990E-13  0.6130E-12  0.2170E-11  0.3100E-11  0.3420E-11  0.3580E-11  0.3690E-11  0.3690E-11  0.3510E-11  0.3170E-11  0.2940E-11
  0.1000E+13  0.2550E-21  0.7790E-18  0.4840E-15  0.5990E-13  0.6130E-12  0.2170E-11  0.3100E-11  0.3420E-11  0.3580E-11  0.3690E-11  0.3690E-11  0.3510E-11  0.3170E-11  0.2940E-11
  0.1000E+14  0.2550E-21  0.7790E-18  0.4840E-15  0.5990E-13  0.6130E-12  0.2170E-11  0.3100E-11  0.3420E-11  0.3580E-11  0.3690E-11  0.3690E-11  0.3510E-11  0.3170E-11  0.2940E-11
  0.1000E+15  0.2550E-21  0.7800E-18  0.4850E-15  0.5990E-13  0.6140E-12  0.2170E-11  0.3100E-11  0.3430E-11  0.3580E-11  0.3690E-11  0.3690E-11  0.3510E-11  0.3170E-11  0.2940E-11
  0.1000E+16  0.2590E-21  0.7890E-18  0.4890E-15  0.6020E-13  0.6160E-12  0.2180E-11  0.3110E-11  0.3430E-11  0.3590E-11  0.3690E-11  0.3700E-11  0.3510E-11  0.3170E-11  0.2940E-11
  0.1000E+17  0.2960E-21  0.8770E-18  0.5260E-15  0.6300E-13  0.6350E-12  0.2220E-11  0.3150E-11  0.3470E-11  0.3630E-11  0.3730E-11  0.3720E-11  0.3530E-11  0.3180E-11  0.2950E-11
