 50  7 14
WAVELENGTH(A)= 
     1.017
 7 14 t 
excit   
    75.100    113.000    188.000    375.000    751.000   1880.000   3750.000   5630.000   7510.000  11300.000  18800.000  37500.000  75100.000 113000.000 
  0.1000E+11  0.1000E-73  0.1000E-73  0.1130E-39  0.8730E-26  0.7070E-19  0.7850E-15  0.1470E-13  0.3660E-13  0.5600E-13  0.8230E-13  0.1070E-12  0.1210E-12  0.1190E-12  0.1140E-12
  0.1000E+12  0.1000E-73  0.1000E-73  0.9800E-40  0.8730E-26  0.7070E-19  0.7850E-15  0.1470E-13  0.3660E-13  0.5600E-13  0.8230E-13  0.1070E-12  0.1210E-12  0.1190E-12  0.1140E-12
  0.1000E+13  0.1000E-73  0.1000E-73  0.9650E-40  0.8730E-26  0.7070E-19  0.7850E-15  0.1470E-13  0.3660E-13  0.5600E-13  0.8230E-13  0.1070E-12  0.1210E-12  0.1190E-12  0.1140E-12
  0.1000E+14  0.1000E-73  0.1000E-73  0.9650E-40  0.8730E-26  0.7070E-19  0.7850E-15  0.1470E-13  0.3660E-13  0.5600E-13  0.8230E-13  0.1070E-12  0.1210E-12  0.1190E-12  0.1140E-12
  0.1000E+15  0.1000E-73  0.1000E-73  0.9650E-40  0.8730E-26  0.7070E-19  0.7850E-15  0.1470E-13  0.3660E-13  0.5600E-13  0.8230E-13  0.1070E-12  0.1210E-12  0.1190E-12  0.1140E-12
  0.1000E+16  0.1000E-73  0.1000E-73  0.9650E-40  0.8730E-26  0.7070E-19  0.7850E-15  0.1470E-13  0.3660E-13  0.5600E-13  0.8230E-13  0.1070E-12  0.1210E-12  0.1190E-12  0.1140E-12
  0.1000E+17  0.1000E-73  0.1000E-73  0.9650E-40  0.8730E-26  0.7070E-19  0.7850E-15  0.1470E-13  0.3660E-13  0.5600E-13  0.8230E-13  0.1070E-12  0.1210E-12  0.1190E-12  0.1140E-12
WAVELENGTH(A)= 
     1.020
 7 14 t 
excit   
    75.100    113.000    188.000    375.000    751.000   1880.000   3750.000   5630.000   7510.000  11300.000  18800.000  37500.000  75100.000 113000.000 
  0.1000E+11  0.1000E-73  0.1000E-73  0.1550E-39  0.1570E-25  0.1200E-18  0.1290E-14  0.2410E-13  0.5950E-13  0.9080E-13  0.1330E-12  0.1720E-12  0.1950E-12  0.1930E-12  0.1840E-12
  0.1000E+12  0.1000E-73  0.1000E-73  0.1940E-39  0.1570E-25  0.1200E-18  0.1290E-14  0.2410E-13  0.5950E-13  0.9080E-13  0.1330E-12  0.1720E-12  0.1950E-12  0.1930E-12  0.1840E-12
  0.1000E+13  0.1000E-73  0.1000E-73  0.1920E-39  0.1570E-25  0.1200E-18  0.1290E-14  0.2410E-13  0.5950E-13  0.9080E-13  0.1330E-12  0.1720E-12  0.1950E-12  0.1930E-12  0.1840E-12
  0.1000E+14  0.1000E-73  0.1000E-73  0.1910E-39  0.1570E-25  0.1200E-18  0.1290E-14  0.2410E-13  0.5950E-13  0.9080E-13  0.1330E-12  0.1720E-12  0.1950E-12  0.1930E-12  0.1840E-12
  0.1000E+15  0.1000E-73  0.1000E-73  0.1910E-39  0.1570E-25  0.1200E-18  0.1290E-14  0.2410E-13  0.5950E-13  0.9080E-13  0.1330E-12  0.1720E-12  0.1950E-12  0.1930E-12  0.1840E-12
  0.1000E+16  0.1000E-73  0.1000E-73  0.1910E-39  0.1570E-25  0.1200E-18  0.1290E-14  0.2410E-13  0.5950E-13  0.9080E-13  0.1330E-12  0.1720E-12  0.1950E-12  0.1930E-12  0.1840E-12
  0.1000E+17  0.1000E-73  0.1000E-73  0.1910E-39  0.1570E-25  0.1200E-18  0.1290E-14  0.2410E-13  0.5950E-13  0.9080E-13  0.1330E-12  0.1720E-12  0.1950E-12  0.1930E-12  0.1840E-12
WAVELENGTH(A)= 
     1.020
 7 14 t 
excit   
    75.100    113.000    188.000    375.000    751.000   1880.000   3750.000   5630.000   7510.000  11300.000  18800.000  37500.000  75100.000 113000.000 
  0.1000E+11  0.1000E-73  0.1000E-73  0.3560E-39  0.2820E-25  0.2170E-18  0.2330E-14  0.4350E-13  0.1080E-12  0.1640E-12  0.2410E-12  0.3120E-12  0.3520E-12  0.3480E-12  0.3330E-12
  0.1000E+12  0.1000E-73  0.1000E-73  0.3470E-39  0.2820E-25  0.2170E-18  0.2330E-14  0.4350E-13  0.1080E-12  0.1640E-12  0.2410E-12  0.3120E-12  0.3520E-12  0.3480E-12  0.3330E-12
  0.1000E+13  0.1000E-73  0.1000E-73  0.3470E-39  0.2820E-25  0.2170E-18  0.2330E-14  0.4350E-13  0.1080E-12  0.1640E-12  0.2410E-12  0.3120E-12  0.3520E-12  0.3480E-12  0.3330E-12
  0.1000E+14  0.1000E-73  0.1000E-73  0.3470E-39  0.2820E-25  0.2170E-18  0.2330E-14  0.4350E-13  0.1080E-12  0.1640E-12  0.2410E-12  0.3120E-12  0.3520E-12  0.3480E-12  0.3330E-12
  0.1000E+15  0.1000E-73  0.1000E-73  0.3470E-39  0.2820E-25  0.2170E-18  0.2330E-14  0.4350E-13  0.1080E-12  0.1640E-12  0.2410E-12  0.3120E-12  0.3520E-12  0.3480E-12  0.3330E-12
  0.1000E+16  0.1000E-73  0.1000E-73  0.3470E-39  0.2820E-25  0.2170E-18  0.2330E-14  0.4350E-13  0.1080E-12  0.1640E-12  0.2410E-12  0.3120E-12  0.3520E-12  0.3480E-12  0.3330E-12
  0.1000E+17  0.1000E-73  0.1000E-73  0.3470E-39  0.2820E-25  0.2170E-18  0.2330E-14  0.4350E-13  0.1080E-12  0.1640E-12  0.2410E-12  0.3120E-12  0.3520E-12  0.3480E-12  0.3330E-12
WAVELENGTH(A)= 
     1.115
 7 14 t 
excit   
    75.100    113.000    188.000    375.000    751.000   1880.000   3750.000   5630.000   7510.000  11300.000  18800.000  37500.000  75100.000 113000.000 
  0.1000E+11  0.1000E-73  0.1000E-73  0.3490E-37  0.1800E-24  0.3450E-18  0.1590E-14  0.2200E-13  0.4880E-13  0.6990E-13  0.9580E-13  0.1130E-12  0.1120E-12  0.9700E-13  0.8520E-13
  0.1000E+12  0.1000E-73  0.1000E-73  0.3490E-37  0.1800E-24  0.3450E-18  0.1590E-14  0.2200E-13  0.4880E-13  0.6990E-13  0.9580E-13  0.1130E-12  0.1120E-12  0.9700E-13  0.8520E-13
  0.1000E+13  0.1000E-73  0.1000E-73  0.3490E-37  0.1800E-24  0.3450E-18  0.1590E-14  0.2200E-13  0.4880E-13  0.6990E-13  0.9580E-13  0.1130E-12  0.1120E-12  0.9700E-13  0.8520E-13
  0.1000E+14  0.1000E-73  0.1000E-73  0.3490E-37  0.1800E-24  0.3450E-18  0.1590E-14  0.2200E-13  0.4880E-13  0.6990E-13  0.9580E-13  0.1130E-12  0.1120E-12  0.9700E-13  0.8520E-13
  0.1000E+15  0.1000E-73  0.1000E-73  0.3490E-37  0.1800E-24  0.3450E-18  0.1590E-14  0.2200E-13  0.4880E-13  0.6990E-13  0.9580E-13  0.1130E-12  0.1120E-12  0.9700E-13  0.8520E-13
  0.1000E+16  0.1000E-73  0.1000E-73  0.3490E-37  0.1800E-24  0.3450E-18  0.1590E-14  0.2200E-13  0.4880E-13  0.6990E-13  0.9580E-13  0.1130E-12  0.1120E-12  0.9700E-13  0.8520E-13
  0.1000E+17  0.1000E-73  0.1000E-73  0.3490E-37  0.1800E-24  0.3450E-18  0.1590E-14  0.2200E-13  0.4880E-13  0.6990E-13  0.9580E-13  0.1130E-12  0.1120E-12  0.9700E-13  0.8520E-13
WAVELENGTH(A)= 
     1.116
 7 14 t 
excit   
    75.100    113.000    188.000    375.000    751.000   1880.000   3750.000   5630.000   7510.000  11300.000  18800.000  37500.000  75100.000 113000.000 
  0.1000E+11  0.1000E-73  0.1000E-73  0.6600E-37  0.3380E-24  0.6420E-18  0.2940E-14  0.4060E-13  0.9020E-13  0.1290E-12  0.1760E-12  0.2080E-12  0.2070E-12  0.1780E-12  0.1560E-12
  0.1000E+12  0.1000E-73  0.1000E-73  0.6600E-37  0.3380E-24  0.6420E-18  0.2940E-14  0.4060E-13  0.9020E-13  0.1290E-12  0.1760E-12  0.2080E-12  0.2070E-12  0.1780E-12  0.1560E-12
  0.1000E+13  0.1000E-73  0.1000E-73  0.6600E-37  0.3380E-24  0.6420E-18  0.2940E-14  0.4060E-13  0.9020E-13  0.1290E-12  0.1760E-12  0.2080E-12  0.2070E-12  0.1780E-12  0.1560E-12
  0.1000E+14  0.1000E-73  0.1000E-73  0.6600E-37  0.3380E-24  0.6420E-18  0.2940E-14  0.4060E-13  0.9020E-13  0.1290E-12  0.1760E-12  0.2080E-12  0.2070E-12  0.1780E-12  0.1560E-12
  0.1000E+15  0.1000E-73  0.1000E-73  0.6600E-37  0.3380E-24  0.6420E-18  0.2940E-14  0.4060E-13  0.9020E-13  0.1290E-12  0.1760E-12  0.2080E-12  0.2070E-12  0.1780E-12  0.1560E-12
  0.1000E+16  0.1000E-73  0.1000E-73  0.6600E-37  0.3380E-24  0.6420E-18  0.2940E-14  0.4060E-13  0.9020E-13  0.1290E-12  0.1760E-12  0.2080E-12  0.2070E-12  0.1780E-12  0.1560E-12
  0.1000E+17  0.1000E-73  0.1000E-73  0.6600E-37  0.3380E-24  0.6420E-18  0.2940E-14  0.4060E-13  0.9020E-13  0.1290E-12  0.1760E-12  0.2080E-12  0.2070E-12  0.1780E-12  0.1560E-12
WAVELENGTH(A)= 
     1.122
 7 14 t 
excit   
    75.100    113.000    188.000    375.000    751.000   1880.000   3750.000   5630.000   7510.000  11300.000  18800.000  37500.000  75100.000 113000.000 
  0.1000E+11  0.1000E-73  0.1000E-73  0.5570E-37  0.2390E-24  0.4150E-18  0.1810E-14  0.2460E-13  0.5440E-13  0.7760E-13  0.1060E-12  0.1240E-12  0.1240E-12  0.1060E-12  0.9370E-13
  0.1000E+12  0.1000E-73  0.1000E-73  0.5570E-37  0.2390E-24  0.4150E-18  0.1810E-14  0.2460E-13  0.5440E-13  0.7760E-13  0.1060E-12  0.1240E-12  0.1240E-12  0.1060E-12  0.9370E-13
  0.1000E+13  0.1000E-73  0.1000E-73  0.5570E-37  0.2390E-24  0.4150E-18  0.1810E-14  0.2460E-13  0.5440E-13  0.7760E-13  0.1060E-12  0.1240E-12  0.1240E-12  0.1060E-12  0.9370E-13
  0.1000E+14  0.1000E-73  0.1000E-73  0.5570E-37  0.2390E-24  0.4150E-18  0.1810E-14  0.2460E-13  0.5440E-13  0.7760E-13  0.1060E-12  0.1240E-12  0.1240E-12  0.1060E-12  0.9370E-13
  0.1000E+15  0.1000E-73  0.1000E-73  0.5570E-37  0.2390E-24  0.4150E-18  0.1810E-14  0.2460E-13  0.5440E-13  0.7760E-13  0.1060E-12  0.1240E-12  0.1240E-12  0.1060E-12  0.9370E-13
  0.1000E+16  0.1000E-73  0.1000E-73  0.5570E-37  0.2390E-24  0.4150E-18  0.1810E-14  0.2460E-13  0.5440E-13  0.7760E-13  0.1060E-12  0.1240E-12  0.1240E-12  0.1060E-12  0.9370E-13
  0.1000E+17  0.1000E-73  0.1000E-73  0.5570E-37  0.2390E-24  0.4150E-18  0.1810E-14  0.2460E-13  0.5440E-13  0.7760E-13  0.1060E-12  0.1240E-12  0.1240E-12  0.1060E-12  0.9370E-13
WAVELENGTH(A)= 
     1.122
 7 14 t 
excit   
    75.100    113.000    188.000    375.000    751.000   1880.000   3750.000   5630.000   7510.000  11300.000  18800.000  37500.000  75100.000 113000.000 
  0.1000E+11  0.1000E-73  0.1000E-73  0.7540E-37  0.3220E-24  0.5610E-18  0.2440E-14  0.3320E-13  0.7310E-13  0.1050E-12  0.1420E-12  0.1680E-12  0.1660E-12  0.1430E-12  0.1250E-12
  0.1000E+12  0.1000E-73  0.1000E-73  0.7540E-37  0.3220E-24  0.5610E-18  0.2440E-14  0.3320E-13  0.7310E-13  0.1050E-12  0.1420E-12  0.1680E-12  0.1660E-12  0.1430E-12  0.1250E-12
  0.1000E+13  0.1000E-73  0.1000E-73  0.7540E-37  0.3220E-24  0.5610E-18  0.2440E-14  0.3320E-13  0.7310E-13  0.1050E-12  0.1420E-12  0.1680E-12  0.1660E-12  0.1430E-12  0.1250E-12
  0.1000E+14  0.1000E-73  0.1000E-73  0.7540E-37  0.3220E-24  0.5610E-18  0.2440E-14  0.3320E-13  0.7310E-13  0.1050E-12  0.1420E-12  0.1680E-12  0.1660E-12  0.1430E-12  0.1250E-12
  0.1000E+15  0.1000E-73  0.1000E-73  0.7540E-37  0.3220E-24  0.5610E-18  0.2440E-14  0.3320E-13  0.7310E-13  0.1050E-12  0.1420E-12  0.1680E-12  0.1660E-12  0.1430E-12  0.1250E-12
  0.1000E+16  0.1000E-73  0.1000E-73  0.7540E-37  0.3220E-24  0.5610E-18  0.2440E-14  0.3320E-13  0.7310E-13  0.1050E-12  0.1420E-12  0.1680E-12  0.1660E-12  0.1430E-12  0.1250E-12
  0.1000E+17  0.1000E-73  0.1000E-73  0.7540E-37  0.3220E-24  0.5610E-18  0.2440E-14  0.3320E-13  0.7310E-13  0.1050E-12  0.1420E-12  0.1680E-12  0.1660E-12  0.1430E-12  0.1250E-12
WAVELENGTH(A)= 
     1.132
 7 14 t 
excit   
    75.100    113.000    188.000    375.000    751.000   1880.000   3750.000   5630.000   7510.000  11300.000  18800.000  37500.000  75100.000 113000.000 
  0.1000E+11  0.1000E-73  0.1000E-73  0.1040E-36  0.3430E-24  0.5250E-18  0.2110E-14  0.2800E-13  0.6130E-13  0.8740E-13  0.1180E-12  0.1390E-12  0.1380E-12  0.1180E-12  0.1040E-12
  0.1000E+12  0.1000E-73  0.1000E-73  0.1040E-36  0.3430E-24  0.5250E-18  0.2110E-14  0.2800E-13  0.6130E-13  0.8740E-13  0.1180E-12  0.1390E-12  0.1380E-12  0.1180E-12  0.1040E-12
  0.1000E+13  0.1000E-73  0.1000E-73  0.1040E-36  0.3430E-24  0.5250E-18  0.2110E-14  0.2800E-13  0.6130E-13  0.8740E-13  0.1180E-12  0.1390E-12  0.1380E-12  0.1180E-12  0.1040E-12
  0.1000E+14  0.1000E-73  0.1000E-73  0.1040E-36  0.3430E-24  0.5250E-18  0.2110E-14  0.2800E-13  0.6130E-13  0.8740E-13  0.1180E-12  0.1390E-12  0.1380E-12  0.1180E-12  0.1040E-12
  0.1000E+15  0.1000E-73  0.1000E-73  0.1040E-36  0.3430E-24  0.5250E-18  0.2110E-14  0.2800E-13  0.6130E-13  0.8740E-13  0.1180E-12  0.1390E-12  0.1380E-12  0.1180E-12  0.1040E-12
  0.1000E+16  0.1000E-73  0.1000E-73  0.1040E-36  0.3430E-24  0.5250E-18  0.2110E-14  0.2800E-13  0.6130E-13  0.8740E-13  0.1180E-12  0.1390E-12  0.1380E-12  0.1180E-12  0.1040E-12
  0.1000E+17  0.1000E-73  0.1000E-73  0.1040E-36  0.3430E-24  0.5250E-18  0.2110E-14  0.2800E-13  0.6130E-13  0.8740E-13  0.1180E-12  0.1390E-12  0.1380E-12  0.1180E-12  0.1040E-12
WAVELENGTH(A)= 
     1.139
 7 14 t 
excit   
    75.100    113.000    188.000    375.000    751.000   1880.000   3750.000   5630.000   7510.000  11300.000  18800.000  37500.000  75100.000 113000.000 
  0.1000E+11  0.1000E-73  0.1000E-73  0.3490E-37  0.9820E-25  0.1410E-18  0.6030E-15  0.9150E-14  0.2190E-13  0.3310E-13  0.4910E-13  0.6560E-13  0.7870E-13  0.8380E-13  0.8300E-13
  0.1000E+12  0.1000E-73  0.1000E-73  0.3490E-37  0.9820E-25  0.1410E-18  0.6030E-15  0.9150E-14  0.2190E-13  0.3310E-13  0.4910E-13  0.6560E-13  0.7870E-13  0.8380E-13  0.8300E-13
  0.1000E+13  0.1000E-73  0.1000E-73  0.3490E-37  0.9820E-25  0.1410E-18  0.6030E-15  0.9150E-14  0.2190E-13  0.3310E-13  0.4910E-13  0.6560E-13  0.7870E-13  0.8380E-13  0.8300E-13
  0.1000E+14  0.1000E-73  0.1000E-73  0.3490E-37  0.9820E-25  0.1410E-18  0.6030E-15  0.9150E-14  0.2190E-13  0.3310E-13  0.4910E-13  0.6560E-13  0.7870E-13  0.8380E-13  0.8300E-13
  0.1000E+15  0.1000E-73  0.1000E-73  0.3490E-37  0.9820E-25  0.1410E-18  0.6030E-15  0.9150E-14  0.2190E-13  0.3310E-13  0.4910E-13  0.6560E-13  0.7870E-13  0.8380E-13  0.8300E-13
  0.1000E+16  0.1000E-73  0.1000E-73  0.3490E-37  0.9820E-25  0.1410E-18  0.6030E-15  0.9150E-14  0.2190E-13  0.3310E-13  0.4910E-13  0.6560E-13  0.7870E-13  0.8380E-13  0.8300E-13
  0.1000E+17  0.1000E-73  0.1000E-73  0.3490E-37  0.9820E-25  0.1410E-18  0.6030E-15  0.9150E-14  0.2190E-13  0.3310E-13  0.4910E-13  0.6560E-13  0.7870E-13  0.8380E-13  0.8300E-13
WAVELENGTH(A)= 
     1.140
 7 14 t 
excit   
    75.100    113.000    188.000    375.000    751.000   1880.000   3750.000   5630.000   7510.000  11300.000  18800.000  37500.000  75100.000 113000.000 
  0.1000E+11  0.1000E-73  0.1000E-73  0.9350E-37  0.2590E-24  0.3680E-18  0.1570E-14  0.2390E-13  0.5680E-13  0.8620E-13  0.1280E-12  0.1710E-12  0.2050E-12  0.2170E-12  0.2170E-12
  0.1000E+12  0.1000E-73  0.1000E-73  0.9350E-37  0.2590E-24  0.3680E-18  0.1570E-14  0.2390E-13  0.5680E-13  0.8620E-13  0.1280E-12  0.1710E-12  0.2050E-12  0.2170E-12  0.2170E-12
  0.1000E+13  0.1000E-73  0.1000E-73  0.9350E-37  0.2590E-24  0.3680E-18  0.1570E-14  0.2390E-13  0.5680E-13  0.8620E-13  0.1280E-12  0.1710E-12  0.2050E-12  0.2170E-12  0.2170E-12
  0.1000E+14  0.1000E-73  0.1000E-73  0.9350E-37  0.2590E-24  0.3680E-18  0.1570E-14  0.2390E-13  0.5680E-13  0.8620E-13  0.1280E-12  0.1710E-12  0.2050E-12  0.2170E-12  0.2170E-12
  0.1000E+15  0.1000E-73  0.1000E-73  0.9350E-37  0.2590E-24  0.3680E-18  0.1570E-14  0.2390E-13  0.5680E-13  0.8620E-13  0.1280E-12  0.1710E-12  0.2050E-12  0.2170E-12  0.2170E-12
  0.1000E+16  0.1000E-73  0.1000E-73  0.9350E-37  0.2590E-24  0.3680E-18  0.1570E-14  0.2390E-13  0.5680E-13  0.8620E-13  0.1280E-12  0.1710E-12  0.2050E-12  0.2170E-12  0.2170E-12
  0.1000E+17  0.1000E-73  0.1000E-73  0.9350E-37  0.2590E-24  0.3680E-18  0.1570E-14  0.2390E-13  0.5680E-13  0.8620E-13  0.1280E-12  0.1710E-12  0.2050E-12  0.2170E-12  0.2170E-12
WAVELENGTH(A)= 
     1.145
 7 14 t 
excit   
    75.100    113.000    188.000    375.000    751.000   1880.000   3750.000   5630.000   7510.000  11300.000  18800.000  37500.000  75100.000 113000.000 
  0.1000E+11  0.1000E-73  0.1000E-73  0.6980E-37  0.1690E-24  0.2230E-18  0.8450E-15  0.1150E-13  0.2630E-13  0.3910E-13  0.5720E-13  0.7690E-13  0.9570E-13  0.1060E-12  0.1080E-12
  0.1000E+12  0.1000E-73  0.1000E-73  0.6990E-37  0.1690E-24  0.2230E-18  0.8450E-15  0.1150E-13  0.2630E-13  0.3910E-13  0.5720E-13  0.7690E-13  0.9570E-13  0.1060E-12  0.1080E-12
  0.1000E+13  0.1000E-73  0.1000E-73  0.6990E-37  0.1690E-24  0.2230E-18  0.8450E-15  0.1150E-13  0.2630E-13  0.3910E-13  0.5720E-13  0.7690E-13  0.9570E-13  0.1060E-12  0.1080E-12
  0.1000E+14  0.1000E-73  0.1000E-73  0.6990E-37  0.1690E-24  0.2230E-18  0.8450E-15  0.1150E-13  0.2630E-13  0.3910E-13  0.5720E-13  0.7690E-13  0.9570E-13  0.1060E-12  0.1080E-12
  0.1000E+15  0.1000E-73  0.1000E-73  0.6990E-37  0.1690E-24  0.2230E-18  0.8450E-15  0.1150E-13  0.2630E-13  0.3910E-13  0.5720E-13  0.7690E-13  0.9570E-13  0.1060E-12  0.1080E-12
  0.1000E+16  0.1000E-73  0.1000E-73  0.6990E-37  0.1690E-24  0.2230E-18  0.8450E-15  0.1150E-13  0.2630E-13  0.3910E-13  0.5720E-13  0.7690E-13  0.9570E-13  0.1060E-12  0.1080E-12
  0.1000E+17  0.1000E-73  0.1000E-73  0.6990E-37  0.1690E-24  0.2230E-18  0.8450E-15  0.1150E-13  0.2630E-13  0.3910E-13  0.5720E-13  0.7690E-13  0.9570E-13  0.1060E-12  0.1080E-12
WAVELENGTH(A)= 
     1.147
 7 14 t 
excit   
    75.100    113.000    188.000    375.000    751.000   1880.000   3750.000   5630.000   7510.000  11300.000  18800.000  37500.000  75100.000 113000.000 
  0.1000E+11  0.1000E-73  0.1000E-73  0.1060E-36  0.2480E-24  0.3240E-18  0.1300E-14  0.1940E-13  0.4600E-13  0.6950E-13  0.1030E-12  0.1370E-12  0.1640E-12  0.1740E-12  0.1730E-12
  0.1000E+12  0.1000E-73  0.1000E-73  0.1060E-36  0.2480E-24  0.3240E-18  0.1300E-14  0.1940E-13  0.4600E-13  0.6950E-13  0.1030E-12  0.1370E-12  0.1640E-12  0.1740E-12  0.1730E-12
  0.1000E+13  0.1000E-73  0.1000E-73  0.1060E-36  0.2480E-24  0.3240E-18  0.1300E-14  0.1940E-13  0.4600E-13  0.6950E-13  0.1030E-12  0.1370E-12  0.1640E-12  0.1740E-12  0.1730E-12
  0.1000E+14  0.1000E-73  0.1000E-73  0.1060E-36  0.2480E-24  0.3240E-18  0.1300E-14  0.1940E-13  0.4600E-13  0.6950E-13  0.1030E-12  0.1370E-12  0.1640E-12  0.1740E-12  0.1730E-12
  0.1000E+15  0.1000E-73  0.1000E-73  0.1060E-36  0.2480E-24  0.3240E-18  0.1300E-14  0.1940E-13  0.4600E-13  0.6950E-13  0.1030E-12  0.1370E-12  0.1640E-12  0.1740E-12  0.1730E-12
  0.1000E+16  0.1000E-73  0.1000E-73  0.1060E-36  0.2480E-24  0.3240E-18  0.1300E-14  0.1940E-13  0.4600E-13  0.6950E-13  0.1030E-12  0.1370E-12  0.1640E-12  0.1740E-12  0.1730E-12
  0.1000E+17  0.1000E-73  0.1000E-73  0.1060E-36  0.2480E-24  0.3240E-18  0.1300E-14  0.1940E-13  0.4600E-13  0.6950E-13  0.1030E-12  0.1370E-12  0.1640E-12  0.1740E-12  0.1730E-12
WAVELENGTH(A)= 
     1.147
 7 14 t 
excit   
    75.100    113.000    188.000    375.000    751.000   1880.000   3750.000   5630.000   7510.000  11300.000  18800.000  37500.000  75100.000 113000.000 
  0.1000E+11  0.1000E-73  0.1000E-73  0.1140E-36  0.2600E-24  0.3340E-18  0.1290E-14  0.1850E-13  0.4310E-13  0.6470E-13  0.9540E-13  0.1270E-12  0.1550E-12  0.1670E-12  0.1680E-12
  0.1000E+12  0.1000E-73  0.1000E-73  0.1140E-36  0.2600E-24  0.3340E-18  0.1290E-14  0.1850E-13  0.4310E-13  0.6470E-13  0.9540E-13  0.1270E-12  0.1550E-12  0.1670E-12  0.1680E-12
  0.1000E+13  0.1000E-73  0.1000E-73  0.1140E-36  0.2600E-24  0.3340E-18  0.1290E-14  0.1850E-13  0.4310E-13  0.6470E-13  0.9540E-13  0.1270E-12  0.1550E-12  0.1670E-12  0.1680E-12
  0.1000E+14  0.1000E-73  0.1000E-73  0.1140E-36  0.2600E-24  0.3340E-18  0.1290E-14  0.1850E-13  0.4310E-13  0.6470E-13  0.9540E-13  0.1270E-12  0.1550E-12  0.1670E-12  0.1680E-12
  0.1000E+15  0.1000E-73  0.1000E-73  0.1140E-36  0.2600E-24  0.3340E-18  0.1290E-14  0.1850E-13  0.4310E-13  0.6470E-13  0.9540E-13  0.1270E-12  0.1550E-12  0.1670E-12  0.1680E-12
  0.1000E+16  0.1000E-73  0.1000E-73  0.1140E-36  0.2600E-24  0.3340E-18  0.1290E-14  0.1850E-13  0.4310E-13  0.6470E-13  0.9540E-13  0.1270E-12  0.1550E-12  0.1670E-12  0.1680E-12
  0.1000E+17  0.1000E-73  0.1000E-73  0.1140E-36  0.2600E-24  0.3340E-18  0.1290E-14  0.1850E-13  0.4310E-13  0.6470E-13  0.9540E-13  0.1270E-12  0.1550E-12  0.1670E-12  0.1680E-12
WAVELENGTH(A)= 
     1.175
 7 14 t 
excit   
    75.100    113.000    188.000    375.000    751.000   1880.000   3750.000   5630.000   7510.000  11300.000  18800.000  37500.000  75100.000 113000.000 
  0.1000E+11  0.1000E-73  0.1000E-73  0.4340E-35  0.5010E-23  0.4550E-17  0.1360E-13  0.1670E-12  0.3630E-12  0.5210E-12  0.7270E-12  0.9140E-12  0.1050E-11  0.1060E-11  0.1030E-11
  0.1000E+12  0.1000E-73  0.1000E-73  0.4340E-35  0.5010E-23  0.4550E-17  0.1360E-13  0.1670E-12  0.3630E-12  0.5210E-12  0.7270E-12  0.9140E-12  0.1050E-11  0.1060E-11  0.1030E-11
  0.1000E+13  0.1000E-73  0.1000E-73  0.4340E-35  0.5010E-23  0.4550E-17  0.1360E-13  0.1670E-12  0.3630E-12  0.5210E-12  0.7270E-12  0.9140E-12  0.1050E-11  0.1060E-11  0.1030E-11
  0.1000E+14  0.1000E-73  0.1000E-73  0.4340E-35  0.5010E-23  0.4550E-17  0.1360E-13  0.1670E-12  0.3630E-12  0.5210E-12  0.7270E-12  0.9140E-12  0.1050E-11  0.1060E-11  0.1030E-11
  0.1000E+15  0.1000E-73  0.1000E-73  0.4340E-35  0.5010E-23  0.4550E-17  0.1360E-13  0.1670E-12  0.3630E-12  0.5210E-12  0.7270E-12  0.9140E-12  0.1050E-11  0.1060E-11  0.1030E-11
  0.1000E+16  0.1000E-73  0.1000E-73  0.4340E-35  0.5010E-23  0.4550E-17  0.1360E-13  0.1670E-12  0.3630E-12  0.5210E-12  0.7270E-12  0.9140E-12  0.1050E-11  0.1060E-11  0.1030E-11
  0.1000E+17  0.1000E-73  0.1000E-73  0.4340E-35  0.5010E-23  0.4550E-17  0.1360E-13  0.1670E-12  0.3630E-12  0.5210E-12  0.7270E-12  0.9140E-12  0.1050E-11  0.1060E-11  0.1030E-11
WAVELENGTH(A)= 
     1.175
 7 14 t 
excit   
    75.100    113.000    188.000    375.000    751.000   1880.000   3750.000   5630.000   7510.000  11300.000  18800.000  37500.000  75100.000 113000.000 
  0.1000E+11  0.1000E-73  0.1000E-73  0.5560E-35  0.6360E-23  0.5750E-17  0.1720E-13  0.2100E-12  0.4560E-12  0.6500E-12  0.9110E-12  0.1150E-11  0.1310E-11  0.1330E-11  0.1300E-11
  0.1000E+12  0.1000E-73  0.1000E-73  0.5560E-35  0.6360E-23  0.5750E-17  0.1720E-13  0.2100E-12  0.4560E-12  0.6500E-12  0.9110E-12  0.1150E-11  0.1310E-11  0.1330E-11  0.1300E-11
  0.1000E+13  0.1000E-73  0.1000E-73  0.5560E-35  0.6360E-23  0.5750E-17  0.1720E-13  0.2100E-12  0.4560E-12  0.6500E-12  0.9110E-12  0.1150E-11  0.1310E-11  0.1330E-11  0.1300E-11
  0.1000E+14  0.1000E-73  0.1000E-73  0.5560E-35  0.6360E-23  0.5750E-17  0.1720E-13  0.2100E-12  0.4560E-12  0.6500E-12  0.9110E-12  0.1150E-11  0.1310E-11  0.1330E-11  0.1300E-11
  0.1000E+15  0.1000E-73  0.1000E-73  0.5560E-35  0.6360E-23  0.5750E-17  0.1720E-13  0.2100E-12  0.4560E-12  0.6500E-12  0.9110E-12  0.1150E-11  0.1310E-11  0.1330E-11  0.1300E-11
  0.1000E+16  0.1000E-73  0.1000E-73  0.5560E-35  0.6360E-23  0.5750E-17  0.1720E-13  0.2100E-12  0.4560E-12  0.6500E-12  0.9110E-12  0.1150E-11  0.1310E-11  0.1330E-11  0.1300E-11
  0.1000E+17  0.1000E-73  0.1000E-73  0.5560E-35  0.6360E-23  0.5750E-17  0.1720E-13  0.2100E-12  0.4560E-12  0.6500E-12  0.9110E-12  0.1150E-11  0.1310E-11  0.1330E-11  0.1300E-11
WAVELENGTH(A)= 
     1.175
 7 14 t 
excit   
    75.100    113.000    188.000    375.000    751.000   1880.000   3750.000   5630.000   7510.000  11300.000  18800.000  37500.000  75100.000 113000.000 
  0.1000E+11  0.1000E-73  0.1000E-73  0.2240E-35  0.2550E-23  0.2290E-17  0.6840E-14  0.8400E-13  0.1830E-12  0.2630E-12  0.3670E-12  0.4620E-12  0.5250E-12  0.5320E-12  0.5170E-12
  0.1000E+12  0.1000E-73  0.1000E-73  0.2240E-35  0.2550E-23  0.2290E-17  0.6840E-14  0.8400E-13  0.1830E-12  0.2630E-12  0.3670E-12  0.4620E-12  0.5250E-12  0.5320E-12  0.5170E-12
  0.1000E+13  0.1000E-73  0.1000E-73  0.2240E-35  0.2550E-23  0.2290E-17  0.6840E-14  0.8400E-13  0.1830E-12  0.2630E-12  0.3670E-12  0.4620E-12  0.5250E-12  0.5320E-12  0.5170E-12
  0.1000E+14  0.1000E-73  0.1000E-73  0.2240E-35  0.2550E-23  0.2290E-17  0.6840E-14  0.8400E-13  0.1830E-12  0.2630E-12  0.3670E-12  0.4620E-12  0.5250E-12  0.5320E-12  0.5170E-12
  0.1000E+15  0.1000E-73  0.1000E-73  0.2240E-35  0.2550E-23  0.2290E-17  0.6840E-14  0.8400E-13  0.1830E-12  0.2630E-12  0.3670E-12  0.4620E-12  0.5250E-12  0.5320E-12  0.5170E-12
  0.1000E+16  0.1000E-73  0.1000E-73  0.2240E-35  0.2550E-23  0.2290E-17  0.6840E-14  0.8400E-13  0.1830E-12  0.2630E-12  0.3670E-12  0.4620E-12  0.5250E-12  0.5320E-12  0.5170E-12
  0.1000E+17  0.1000E-73  0.1000E-73  0.2240E-35  0.2550E-23  0.2290E-17  0.6840E-14  0.8400E-13  0.1830E-12  0.2630E-12  0.3670E-12  0.4620E-12  0.5250E-12  0.5320E-12  0.5170E-12
WAVELENGTH(A)= 
     1.179
 7 14 t 
excit   
    75.100    113.000    188.000    375.000    751.000   1880.000   3750.000   5630.000   7510.000  11300.000  18800.000  37500.000  75100.000 113000.000 
  0.1000E+11  0.1000E-73  0.1000E-73  0.1850E-35  0.1950E-23  0.1690E-17  0.4980E-14  0.6200E-13  0.1360E-12  0.1970E-12  0.2760E-12  0.3500E-12  0.3970E-12  0.4010E-12  0.3900E-12
  0.1000E+12  0.1000E-73  0.1000E-73  0.1850E-35  0.1950E-23  0.1690E-17  0.4980E-14  0.6200E-13  0.1360E-12  0.1970E-12  0.2760E-12  0.3500E-12  0.3970E-12  0.4010E-12  0.3900E-12
  0.1000E+13  0.1000E-73  0.1000E-73  0.1850E-35  0.1950E-23  0.1690E-17  0.4980E-14  0.6200E-13  0.1360E-12  0.1970E-12  0.2760E-12  0.3500E-12  0.3970E-12  0.4010E-12  0.3900E-12
  0.1000E+14  0.1000E-73  0.1000E-73  0.1850E-35  0.1950E-23  0.1690E-17  0.4980E-14  0.6200E-13  0.1360E-12  0.1970E-12  0.2760E-12  0.3500E-12  0.3970E-12  0.4010E-12  0.3900E-12
  0.1000E+15  0.1000E-73  0.1000E-73  0.1850E-35  0.1950E-23  0.1690E-17  0.4980E-14  0.6200E-13  0.1360E-12  0.1970E-12  0.2760E-12  0.3500E-12  0.3970E-12  0.4010E-12  0.3900E-12
  0.1000E+16  0.1000E-73  0.1000E-73  0.1850E-35  0.1950E-23  0.1690E-17  0.4980E-14  0.6200E-13  0.1360E-12  0.1970E-12  0.2760E-12  0.3500E-12  0.3970E-12  0.4010E-12  0.3900E-12
  0.1000E+17  0.1000E-73  0.1000E-73  0.1850E-35  0.1950E-23  0.1690E-17  0.4980E-14  0.6200E-13  0.1360E-12  0.1970E-12  0.2760E-12  0.3500E-12  0.3970E-12  0.4010E-12  0.3900E-12
WAVELENGTH(A)= 
     1.182
 7 14 t 
excit   
    75.100    113.000    188.000    375.000    751.000   1880.000   3750.000   5630.000   7510.000  11300.000  18800.000  37500.000  75100.000 113000.000 
  0.1000E+11  0.1000E-73  0.1000E-73  0.5450E-36  0.5550E-24  0.4940E-18  0.1550E-14  0.2050E-13  0.4640E-13  0.6840E-13  0.9810E-13  0.1270E-12  0.1480E-12  0.1530E-12  0.1500E-12
  0.1000E+12  0.1000E-73  0.1000E-73  0.5460E-36  0.5550E-24  0.4940E-18  0.1550E-14  0.2050E-13  0.4640E-13  0.6840E-13  0.9810E-13  0.1270E-12  0.1480E-12  0.1530E-12  0.1500E-12
  0.1000E+13  0.1000E-73  0.1000E-73  0.5460E-36  0.5550E-24  0.4940E-18  0.1550E-14  0.2050E-13  0.4640E-13  0.6840E-13  0.9810E-13  0.1270E-12  0.1480E-12  0.1530E-12  0.1500E-12
  0.1000E+14  0.1000E-73  0.1000E-73  0.5460E-36  0.5550E-24  0.4940E-18  0.1550E-14  0.2050E-13  0.4640E-13  0.6840E-13  0.9810E-13  0.1270E-12  0.1480E-12  0.1530E-12  0.1500E-12
  0.1000E+15  0.1000E-73  0.1000E-73  0.5460E-36  0.5550E-24  0.4940E-18  0.1550E-14  0.2050E-13  0.4640E-13  0.6840E-13  0.9810E-13  0.1270E-12  0.1480E-12  0.1530E-12  0.1500E-12
  0.1000E+16  0.1000E-73  0.1000E-73  0.5460E-36  0.5550E-24  0.4940E-18  0.1550E-14  0.2050E-13  0.4640E-13  0.6840E-13  0.9810E-13  0.1270E-12  0.1480E-12  0.1530E-12  0.1500E-12
  0.1000E+17  0.1000E-73  0.1000E-73  0.5460E-36  0.5550E-24  0.4940E-18  0.1550E-14  0.2050E-13  0.4640E-13  0.6840E-13  0.9810E-13  0.1270E-12  0.1480E-12  0.1530E-12  0.1500E-12
WAVELENGTH(A)= 
     1.182
 7 14 t 
excit   
    75.100    113.000    188.000    375.000    751.000   1880.000   3750.000   5630.000   7510.000  11300.000  18800.000  37500.000  75100.000 113000.000 
  0.1000E+11  0.1000E-73  0.1000E-73  0.4470E-36  0.4360E-24  0.3690E-18  0.1100E-14  0.1420E-13  0.3190E-13  0.4700E-13  0.6770E-13  0.8870E-13  0.1060E-12  0.1120E-12  0.1110E-12
  0.1000E+12  0.1000E-73  0.1000E-73  0.4470E-36  0.4360E-24  0.3690E-18  0.1100E-14  0.1420E-13  0.3190E-13  0.4700E-13  0.6770E-13  0.8870E-13  0.1060E-12  0.1120E-12  0.1110E-12
  0.1000E+13  0.1000E-73  0.1000E-73  0.4470E-36  0.4360E-24  0.3690E-18  0.1100E-14  0.1420E-13  0.3190E-13  0.4700E-13  0.6770E-13  0.8870E-13  0.1060E-12  0.1120E-12  0.1110E-12
  0.1000E+14  0.1000E-73  0.1000E-73  0.4470E-36  0.4360E-24  0.3690E-18  0.1100E-14  0.1420E-13  0.3190E-13  0.4700E-13  0.6770E-13  0.8870E-13  0.1060E-12  0.1120E-12  0.1110E-12
  0.1000E+15  0.1000E-73  0.1000E-73  0.4470E-36  0.4360E-24  0.3690E-18  0.1100E-14  0.1420E-13  0.3190E-13  0.4700E-13  0.6770E-13  0.8870E-13  0.1060E-12  0.1120E-12  0.1110E-12
  0.1000E+16  0.1000E-73  0.1000E-73  0.4470E-36  0.4360E-24  0.3690E-18  0.1100E-14  0.1420E-13  0.3190E-13  0.4700E-13  0.6770E-13  0.8870E-13  0.1060E-12  0.1120E-12  0.1110E-12
  0.1000E+17  0.1000E-73  0.1000E-73  0.4470E-36  0.4360E-24  0.3690E-18  0.1100E-14  0.1420E-13  0.3190E-13  0.4700E-13  0.6770E-13  0.8870E-13  0.1060E-12  0.1120E-12  0.1110E-12
WAVELENGTH(A)= 
     1.190
 7 14 t 
excit   
    75.100    113.000    188.000    375.000    751.000   1880.000   3750.000   5630.000   7510.000  11300.000  18800.000  37500.000  75100.000 113000.000 
  0.1000E+11  0.1000E-73  0.1000E-73  0.1500E-35  0.1270E-23  0.1040E-17  0.3120E-14  0.4050E-13  0.9150E-13  0.1340E-12  0.1930E-12  0.2490E-12  0.2900E-12  0.2990E-12  0.2940E-12
  0.1000E+12  0.1000E-73  0.1000E-73  0.1500E-35  0.1270E-23  0.1040E-17  0.3120E-14  0.4050E-13  0.9150E-13  0.1340E-12  0.1930E-12  0.2490E-12  0.2900E-12  0.2990E-12  0.2940E-12
  0.1000E+13  0.1000E-73  0.1000E-73  0.1500E-35  0.1270E-23  0.1040E-17  0.3120E-14  0.4050E-13  0.9150E-13  0.1340E-12  0.1930E-12  0.2490E-12  0.2900E-12  0.2990E-12  0.2940E-12
  0.1000E+14  0.1000E-73  0.1000E-73  0.1500E-35  0.1270E-23  0.1040E-17  0.3120E-14  0.4050E-13  0.9150E-13  0.1340E-12  0.1930E-12  0.2490E-12  0.2900E-12  0.2990E-12  0.2940E-12
  0.1000E+15  0.1000E-73  0.1000E-73  0.1500E-35  0.1270E-23  0.1040E-17  0.3120E-14  0.4050E-13  0.9150E-13  0.1340E-12  0.1930E-12  0.2490E-12  0.2900E-12  0.2990E-12  0.2940E-12
  0.1000E+16  0.1000E-73  0.1000E-73  0.1500E-35  0.1270E-23  0.1040E-17  0.3120E-14  0.4050E-13  0.9150E-13  0.1340E-12  0.1930E-12  0.2490E-12  0.2900E-12  0.2990E-12  0.2940E-12
  0.1000E+17  0.1000E-73  0.1000E-73  0.1500E-35  0.1270E-23  0.1040E-17  0.3120E-14  0.4050E-13  0.9150E-13  0.1340E-12  0.1930E-12  0.2490E-12  0.2900E-12  0.2990E-12  0.2940E-12
WAVELENGTH(A)= 
     1.191
 7 14 t 
excit   
    75.100    113.000    188.000    375.000    751.000   1880.000   3750.000   5630.000   7510.000  11300.000  18800.000  37500.000  75100.000 113000.000 
  0.1000E+11  0.1000E-73  0.1000E-73  0.3550E-36  0.2980E-24  0.2420E-18  0.7170E-15  0.9280E-14  0.2080E-13  0.3050E-13  0.4370E-13  0.5660E-13  0.6610E-13  0.6860E-13  0.6770E-13
  0.1000E+12  0.1000E-73  0.1000E-73  0.3550E-36  0.2980E-24  0.2420E-18  0.7170E-15  0.9280E-14  0.2080E-13  0.3050E-13  0.4370E-13  0.5660E-13  0.6610E-13  0.6860E-13  0.6770E-13
  0.1000E+13  0.1000E-73  0.1000E-73  0.3550E-36  0.2980E-24  0.2420E-18  0.7170E-15  0.9280E-14  0.2080E-13  0.3050E-13  0.4370E-13  0.5660E-13  0.6610E-13  0.6860E-13  0.6770E-13
  0.1000E+14  0.1000E-73  0.1000E-73  0.3550E-36  0.2980E-24  0.2420E-18  0.7170E-15  0.9280E-14  0.2080E-13  0.3050E-13  0.4370E-13  0.5660E-13  0.6610E-13  0.6860E-13  0.6770E-13
  0.1000E+15  0.1000E-73  0.1000E-73  0.3550E-36  0.2980E-24  0.2420E-18  0.7170E-15  0.9280E-14  0.2080E-13  0.3050E-13  0.4370E-13  0.5660E-13  0.6610E-13  0.6860E-13  0.6770E-13
  0.1000E+16  0.1000E-73  0.1000E-73  0.3550E-36  0.2980E-24  0.2420E-18  0.7170E-15  0.9280E-14  0.2080E-13  0.3050E-13  0.4370E-13  0.5660E-13  0.6610E-13  0.6860E-13  0.6770E-13
  0.1000E+17  0.1000E-73  0.1000E-73  0.3550E-36  0.2980E-24  0.2420E-18  0.7170E-15  0.9280E-14  0.2080E-13  0.3050E-13  0.4370E-13  0.5660E-13  0.6610E-13  0.6860E-13  0.6770E-13
WAVELENGTH(A)= 
     1.257
 7 14 t 
excit   
    75.100    113.000    188.000    375.000    751.000   1880.000   3750.000   5630.000   7510.000  11300.000  18800.000  37500.000  75100.000 113000.000 
  0.1000E+11  0.1000E-73  0.1000E-73  0.1250E-34  0.2900E-23  0.1260E-17  0.2810E-14  0.3650E-13  0.8350E-13  0.1230E-12  0.1760E-12  0.2190E-12  0.2360E-12  0.2210E-12  0.2050E-12
  0.1000E+12  0.1000E-73  0.1000E-73  0.1250E-34  0.2900E-23  0.1260E-17  0.2810E-14  0.3650E-13  0.8350E-13  0.1230E-12  0.1760E-12  0.2190E-12  0.2360E-12  0.2210E-12  0.2050E-12
  0.1000E+13  0.1000E-73  0.1000E-73  0.1250E-34  0.2900E-23  0.1260E-17  0.2810E-14  0.3650E-13  0.8350E-13  0.1230E-12  0.1760E-12  0.2190E-12  0.2360E-12  0.2210E-12  0.2050E-12
  0.1000E+14  0.1000E-73  0.1000E-73  0.1250E-34  0.2900E-23  0.1260E-17  0.2810E-14  0.3650E-13  0.8350E-13  0.1230E-12  0.1760E-12  0.2190E-12  0.2360E-12  0.2210E-12  0.2050E-12
  0.1000E+15  0.1000E-73  0.1000E-73  0.1250E-34  0.2900E-23  0.1260E-17  0.2810E-14  0.3650E-13  0.8350E-13  0.1230E-12  0.1760E-12  0.2190E-12  0.2360E-12  0.2210E-12  0.2050E-12
  0.1000E+16  0.1000E-73  0.1000E-73  0.1250E-34  0.2900E-23  0.1260E-17  0.2810E-14  0.3650E-13  0.8350E-13  0.1230E-12  0.1760E-12  0.2190E-12  0.2360E-12  0.2210E-12  0.2050E-12
  0.1000E+17  0.1000E-73  0.1000E-73  0.1250E-34  0.2900E-23  0.1260E-17  0.2810E-14  0.3650E-13  0.8350E-13  0.1230E-12  0.1760E-12  0.2190E-12  0.2360E-12  0.2210E-12  0.2050E-12
WAVELENGTH(A)= 
     1.260
 7 14 t 
excit   
    75.100    113.000    188.000    375.000    751.000   1880.000   3750.000   5630.000   7510.000  11300.000  18800.000  37500.000  75100.000 113000.000 
  0.1000E+11  0.1000E-73  0.1000E-73  0.3780E-35  0.8080E-24  0.3470E-18  0.8250E-15  0.1180E-13  0.2840E-13  0.4320E-13  0.6340E-13  0.8170E-13  0.9070E-13  0.8720E-13  0.8200E-13
  0.1000E+12  0.1000E-73  0.1000E-73  0.3780E-35  0.8080E-24  0.3470E-18  0.8250E-15  0.1180E-13  0.2840E-13  0.4320E-13  0.6340E-13  0.8170E-13  0.9070E-13  0.8720E-13  0.8200E-13
  0.1000E+13  0.1000E-73  0.1000E-73  0.3780E-35  0.8080E-24  0.3470E-18  0.8250E-15  0.1180E-13  0.2840E-13  0.4320E-13  0.6340E-13  0.8170E-13  0.9070E-13  0.8720E-13  0.8200E-13
  0.1000E+14  0.1000E-73  0.1000E-73  0.3780E-35  0.8080E-24  0.3470E-18  0.8250E-15  0.1180E-13  0.2840E-13  0.4320E-13  0.6340E-13  0.8170E-13  0.9070E-13  0.8720E-13  0.8200E-13
  0.1000E+15  0.1000E-73  0.1000E-73  0.3780E-35  0.8080E-24  0.3470E-18  0.8250E-15  0.1180E-13  0.2840E-13  0.4320E-13  0.6340E-13  0.8170E-13  0.9070E-13  0.8720E-13  0.8200E-13
  0.1000E+16  0.1000E-73  0.1000E-73  0.3780E-35  0.8080E-24  0.3470E-18  0.8250E-15  0.1180E-13  0.2840E-13  0.4320E-13  0.6340E-13  0.8170E-13  0.9070E-13  0.8720E-13  0.8200E-13
  0.1000E+17  0.1000E-73  0.1000E-73  0.3780E-35  0.8080E-24  0.3470E-18  0.8250E-15  0.1180E-13  0.2840E-13  0.4320E-13  0.6340E-13  0.8170E-13  0.9070E-13  0.8720E-13  0.8200E-13
WAVELENGTH(A)= 
     1.339
 7 14 t 
excit   
    75.100    113.000    188.000    375.000    751.000   1880.000   3750.000   5630.000   7510.000  11300.000  18800.000  37500.000  75100.000 113000.000 
  0.1000E+11  0.1000E-73  0.1000E-73  0.6110E-32  0.2230E-21  0.3610E-16  0.3820E-13  0.3330E-12  0.6430E-12  0.8770E-12  0.1160E-11  0.1400E-11  0.1540E-11  0.1520E-11  0.1470E-11
  0.1000E+12  0.1000E-73  0.1000E-73  0.6110E-32  0.2230E-21  0.3610E-16  0.3820E-13  0.3330E-12  0.6430E-12  0.8770E-12  0.1160E-11  0.1400E-11  0.1540E-11  0.1520E-11  0.1470E-11
  0.1000E+13  0.1000E-73  0.1000E-73  0.6110E-32  0.2230E-21  0.3610E-16  0.3820E-13  0.3330E-12  0.6430E-12  0.8770E-12  0.1160E-11  0.1400E-11  0.1540E-11  0.1520E-11  0.1470E-11
  0.1000E+14  0.1000E-73  0.1000E-73  0.6110E-32  0.2230E-21  0.3610E-16  0.3820E-13  0.3330E-12  0.6430E-12  0.8770E-12  0.1160E-11  0.1400E-11  0.1540E-11  0.1520E-11  0.1470E-11
  0.1000E+15  0.1000E-73  0.1000E-73  0.6110E-32  0.2230E-21  0.3610E-16  0.3820E-13  0.3330E-12  0.6430E-12  0.8770E-12  0.1160E-11  0.1400E-11  0.1540E-11  0.1520E-11  0.1470E-11
  0.1000E+16  0.1000E-73  0.1000E-73  0.6110E-32  0.2230E-21  0.3610E-16  0.3820E-13  0.3330E-12  0.6430E-12  0.8770E-12  0.1160E-11  0.1400E-11  0.1540E-11  0.1520E-11  0.1470E-11
  0.1000E+17  0.1000E-73  0.1000E-73  0.6110E-32  0.2230E-21  0.3610E-16  0.3820E-13  0.3330E-12  0.6430E-12  0.8770E-12  0.1160E-11  0.1400E-11  0.1540E-11  0.1520E-11  0.1470E-11
WAVELENGTH(A)= 
     1.343
 7 14 t 
excit   
    75.100    113.000    188.000    375.000    751.000   1880.000   3750.000   5630.000   7510.000  11300.000  18800.000  37500.000  75100.000 113000.000 
  0.1000E+11  0.1000E-73  0.1000E-73  0.7580E-32  0.2590E-21  0.4010E-16  0.4160E-13  0.3630E-12  0.7040E-12  0.9580E-12  0.1260E-11  0.1520E-11  0.1670E-11  0.1650E-11  0.1590E-11
  0.1000E+12  0.1000E-73  0.1000E-73  0.7580E-32  0.2590E-21  0.4010E-16  0.4160E-13  0.3630E-12  0.7040E-12  0.9580E-12  0.1260E-11  0.1520E-11  0.1670E-11  0.1650E-11  0.1590E-11
  0.1000E+13  0.1000E-73  0.1000E-73  0.7580E-32  0.2590E-21  0.4010E-16  0.4160E-13  0.3630E-12  0.7040E-12  0.9580E-12  0.1260E-11  0.1520E-11  0.1670E-11  0.1650E-11  0.1590E-11
  0.1000E+14  0.1000E-73  0.1000E-73  0.7580E-32  0.2590E-21  0.4010E-16  0.4160E-13  0.3630E-12  0.7040E-12  0.9580E-12  0.1260E-11  0.1520E-11  0.1670E-11  0.1650E-11  0.1590E-11
  0.1000E+15  0.1000E-73  0.1000E-73  0.7580E-32  0.2590E-21  0.4010E-16  0.4160E-13  0.3630E-12  0.7040E-12  0.9580E-12  0.1260E-11  0.1520E-11  0.1670E-11  0.1650E-11  0.1590E-11
  0.1000E+16  0.1000E-73  0.1000E-73  0.7580E-32  0.2590E-21  0.4010E-16  0.4160E-13  0.3630E-12  0.7040E-12  0.9580E-12  0.1260E-11  0.1520E-11  0.1670E-11  0.1650E-11  0.1590E-11
  0.1000E+17  0.1000E-73  0.1000E-73  0.7580E-32  0.2590E-21  0.4010E-16  0.4160E-13  0.3630E-12  0.7040E-12  0.9580E-12  0.1260E-11  0.1520E-11  0.1670E-11  0.1650E-11  0.1590E-11
WAVELENGTH(A)= 
     1.343
 7 14 t 
excit   
    75.100    113.000    188.000    375.000    751.000   1880.000   3750.000   5630.000   7510.000  11300.000  18800.000  37500.000  75100.000 113000.000 
  0.1000E+11  0.1000E-73  0.1000E-73  0.8510E-32  0.2880E-21  0.4490E-16  0.4690E-13  0.4090E-12  0.7920E-12  0.1070E-11  0.1420E-11  0.1710E-11  0.1890E-11  0.1870E-11  0.1790E-11
  0.1000E+12  0.1000E-73  0.1000E-73  0.8510E-32  0.2880E-21  0.4490E-16  0.4690E-13  0.4090E-12  0.7920E-12  0.1070E-11  0.1420E-11  0.1710E-11  0.1890E-11  0.1870E-11  0.1790E-11
  0.1000E+13  0.1000E-73  0.1000E-73  0.8510E-32  0.2880E-21  0.4490E-16  0.4690E-13  0.4090E-12  0.7920E-12  0.1070E-11  0.1420E-11  0.1710E-11  0.1890E-11  0.1870E-11  0.1790E-11
  0.1000E+14  0.1000E-73  0.1000E-73  0.8510E-32  0.2880E-21  0.4490E-16  0.4690E-13  0.4090E-12  0.7920E-12  0.1070E-11  0.1420E-11  0.1710E-11  0.1890E-11  0.1870E-11  0.1790E-11
  0.1000E+15  0.1000E-73  0.1000E-73  0.8510E-32  0.2880E-21  0.4490E-16  0.4690E-13  0.4090E-12  0.7920E-12  0.1070E-11  0.1420E-11  0.1710E-11  0.1890E-11  0.1870E-11  0.1790E-11
  0.1000E+16  0.1000E-73  0.1000E-73  0.8510E-32  0.2880E-21  0.4490E-16  0.4690E-13  0.4090E-12  0.7920E-12  0.1070E-11  0.1420E-11  0.1710E-11  0.1890E-11  0.1870E-11  0.1790E-11
  0.1000E+17  0.1000E-73  0.1000E-73  0.8510E-32  0.2880E-21  0.4490E-16  0.4690E-13  0.4090E-12  0.7920E-12  0.1070E-11  0.1420E-11  0.1710E-11  0.1890E-11  0.1870E-11  0.1790E-11
WAVELENGTH(A)= 
     1.346
 7 14 t 
excit   
    75.100    113.000    188.000    375.000    751.000   1880.000   3750.000   5630.000   7510.000  11300.000  18800.000  37500.000  75100.000 113000.000 
  0.1000E+11  0.1000E-73  0.1000E-73  0.1680E-32  0.5380E-22  0.8160E-17  0.8370E-14  0.7290E-13  0.1410E-12  0.1930E-12  0.2550E-12  0.3070E-12  0.3360E-12  0.3330E-12  0.3200E-12
  0.1000E+12  0.1000E-73  0.1000E-73  0.1680E-32  0.5380E-22  0.8160E-17  0.8370E-14  0.7290E-13  0.1410E-12  0.1930E-12  0.2550E-12  0.3070E-12  0.3360E-12  0.3330E-12  0.3200E-12
  0.1000E+13  0.1000E-73  0.1000E-73  0.1680E-32  0.5380E-22  0.8160E-17  0.8370E-14  0.7290E-13  0.1410E-12  0.1930E-12  0.2550E-12  0.3070E-12  0.3360E-12  0.3330E-12  0.3200E-12
  0.1000E+14  0.1000E-73  0.1000E-73  0.1680E-32  0.5380E-22  0.8160E-17  0.8370E-14  0.7290E-13  0.1410E-12  0.1930E-12  0.2550E-12  0.3070E-12  0.3360E-12  0.3330E-12  0.3200E-12
  0.1000E+15  0.1000E-73  0.1000E-73  0.1680E-32  0.5380E-22  0.8160E-17  0.8370E-14  0.7290E-13  0.1410E-12  0.1930E-12  0.2550E-12  0.3070E-12  0.3360E-12  0.3330E-12  0.3200E-12
  0.1000E+16  0.1000E-73  0.1000E-73  0.1680E-32  0.5380E-22  0.8160E-17  0.8370E-14  0.7290E-13  0.1410E-12  0.1930E-12  0.2550E-12  0.3070E-12  0.3360E-12  0.3330E-12  0.3200E-12
  0.1000E+17  0.1000E-73  0.1000E-73  0.1680E-32  0.5380E-22  0.8160E-17  0.8370E-14  0.7290E-13  0.1410E-12  0.1930E-12  0.2550E-12  0.3070E-12  0.3360E-12  0.3330E-12  0.3200E-12
WAVELENGTH(A)= 
     1.349
 7 14 t 
excit   
    75.100    113.000    188.000    375.000    751.000   1880.000   3750.000   5630.000   7510.000  11300.000  18800.000  37500.000  75100.000 113000.000 
  0.1000E+11  0.1000E-73  0.1000E-73  0.2520E-37  0.1170E-24  0.2140E-18  0.9560E-15  0.1310E-13  0.2900E-13  0.4140E-13  0.5630E-13  0.6650E-13  0.6610E-13  0.5670E-13  0.4990E-13
  0.1000E+12  0.1000E-73  0.1000E-73  0.2500E-37  0.1170E-24  0.2140E-18  0.9560E-15  0.1310E-13  0.2900E-13  0.4140E-13  0.5630E-13  0.6650E-13  0.6610E-13  0.5670E-13  0.4990E-13
  0.1000E+13  0.1000E-73  0.1000E-73  0.2500E-37  0.1170E-24  0.2140E-18  0.9560E-15  0.1310E-13  0.2900E-13  0.4140E-13  0.5630E-13  0.6650E-13  0.6610E-13  0.5670E-13  0.4990E-13
  0.1000E+14  0.1000E-73  0.1000E-73  0.2500E-37  0.1170E-24  0.2140E-18  0.9560E-15  0.1310E-13  0.2900E-13  0.4140E-13  0.5630E-13  0.6650E-13  0.6610E-13  0.5670E-13  0.4990E-13
  0.1000E+15  0.1000E-73  0.1000E-73  0.2500E-37  0.1170E-24  0.2140E-18  0.9560E-15  0.1310E-13  0.2900E-13  0.4140E-13  0.5630E-13  0.6650E-13  0.6610E-13  0.5670E-13  0.4990E-13
  0.1000E+16  0.1000E-73  0.1000E-73  0.2500E-37  0.1170E-24  0.2140E-18  0.9560E-15  0.1310E-13  0.2900E-13  0.4140E-13  0.5630E-13  0.6650E-13  0.6610E-13  0.5670E-13  0.4990E-13
  0.1000E+17  0.1000E-73  0.1000E-73  0.2500E-37  0.1170E-24  0.2140E-18  0.9560E-15  0.1310E-13  0.2900E-13  0.4140E-13  0.5630E-13  0.6650E-13  0.6610E-13  0.5670E-13  0.4990E-13
WAVELENGTH(A)= 
     1.352
 7 14 t 
excit   
    75.100    113.000    188.000    375.000    751.000   1880.000   3750.000   5630.000   7510.000  11300.000  18800.000  37500.000  75100.000 113000.000 
  0.1000E+11  0.1000E-73  0.1000E-73  0.8550E-37  0.3820E-24  0.6810E-18  0.3000E-14  0.4080E-13  0.9010E-13  0.1290E-12  0.1750E-12  0.2060E-12  0.2040E-12  0.1750E-12  0.1540E-12
  0.1000E+12  0.1000E-73  0.1000E-73  0.8560E-37  0.3820E-24  0.6810E-18  0.3000E-14  0.4080E-13  0.9010E-13  0.1290E-12  0.1750E-12  0.2060E-12  0.2040E-12  0.1750E-12  0.1540E-12
  0.1000E+13  0.1000E-73  0.1000E-73  0.8560E-37  0.3820E-24  0.6810E-18  0.3000E-14  0.4080E-13  0.9010E-13  0.1290E-12  0.1750E-12  0.2060E-12  0.2040E-12  0.1750E-12  0.1540E-12
  0.1000E+14  0.1000E-73  0.1000E-73  0.8560E-37  0.3820E-24  0.6810E-18  0.3000E-14  0.4080E-13  0.9010E-13  0.1290E-12  0.1750E-12  0.2060E-12  0.2040E-12  0.1750E-12  0.1540E-12
  0.1000E+15  0.1000E-73  0.1000E-73  0.8560E-37  0.3820E-24  0.6810E-18  0.3000E-14  0.4080E-13  0.9010E-13  0.1290E-12  0.1750E-12  0.2060E-12  0.2040E-12  0.1750E-12  0.1540E-12
  0.1000E+16  0.1000E-73  0.1000E-73  0.8560E-37  0.3820E-24  0.6810E-18  0.3000E-14  0.4080E-13  0.9010E-13  0.1290E-12  0.1750E-12  0.2060E-12  0.2040E-12  0.1750E-12  0.1540E-12
  0.1000E+17  0.1000E-73  0.1000E-73  0.8560E-37  0.3820E-24  0.6810E-18  0.3000E-14  0.4080E-13  0.9010E-13  0.1290E-12  0.1750E-12  0.2060E-12  0.2040E-12  0.1750E-12  0.1540E-12
WAVELENGTH(A)= 
     1.361
 7 14 t 
excit   
    75.100    113.000    188.000    375.000    751.000   1880.000   3750.000   5630.000   7510.000  11300.000  18800.000  37500.000  75100.000 113000.000 
  0.1000E+11  0.1000E-73  0.1000E-73  0.1310E-32  0.3210E-22  0.4270E-17  0.4050E-14  0.3420E-13  0.6610E-13  0.8920E-13  0.1170E-12  0.1410E-12  0.1540E-12  0.1520E-12  0.1460E-12
  0.1000E+12  0.1000E-73  0.1000E-73  0.1310E-32  0.3210E-22  0.4270E-17  0.4050E-14  0.3420E-13  0.6610E-13  0.8920E-13  0.1170E-12  0.1410E-12  0.1540E-12  0.1520E-12  0.1460E-12
  0.1000E+13  0.1000E-73  0.1000E-73  0.1310E-32  0.3210E-22  0.4270E-17  0.4050E-14  0.3420E-13  0.6610E-13  0.8920E-13  0.1170E-12  0.1410E-12  0.1540E-12  0.1520E-12  0.1460E-12
  0.1000E+14  0.1000E-73  0.1000E-73  0.1310E-32  0.3210E-22  0.4270E-17  0.4050E-14  0.3420E-13  0.6610E-13  0.8920E-13  0.1170E-12  0.1410E-12  0.1540E-12  0.1520E-12  0.1460E-12
  0.1000E+15  0.1000E-73  0.1000E-73  0.1310E-32  0.3210E-22  0.4270E-17  0.4050E-14  0.3420E-13  0.6610E-13  0.8920E-13  0.1170E-12  0.1410E-12  0.1540E-12  0.1520E-12  0.1460E-12
  0.1000E+16  0.1000E-73  0.1000E-73  0.1310E-32  0.3210E-22  0.4270E-17  0.4050E-14  0.3420E-13  0.6610E-13  0.8920E-13  0.1170E-12  0.1410E-12  0.1540E-12  0.1520E-12  0.1460E-12
  0.1000E+17  0.1000E-73  0.1000E-73  0.1310E-32  0.3210E-22  0.4270E-17  0.4050E-14  0.3420E-13  0.6610E-13  0.8920E-13  0.1170E-12  0.1410E-12  0.1540E-12  0.1520E-12  0.1460E-12
WAVELENGTH(A)= 
     1.361
 7 14 t 
excit   
    75.100    113.000    188.000    375.000    751.000   1880.000   3750.000   5630.000   7510.000  11300.000  18800.000  37500.000  75100.000 113000.000 
  0.1000E+11  0.1000E-73  0.1000E-73  0.8470E-33  0.2080E-22  0.2750E-17  0.2650E-14  0.2300E-13  0.4480E-13  0.6120E-13  0.8110E-13  0.9790E-13  0.1060E-12  0.1050E-12  0.1000E-12
  0.1000E+12  0.1000E-73  0.1000E-73  0.8470E-33  0.2080E-22  0.2750E-17  0.2650E-14  0.2300E-13  0.4480E-13  0.6120E-13  0.8110E-13  0.9790E-13  0.1060E-12  0.1050E-12  0.1000E-12
  0.1000E+13  0.1000E-73  0.1000E-73  0.8470E-33  0.2080E-22  0.2750E-17  0.2650E-14  0.2300E-13  0.4480E-13  0.6120E-13  0.8110E-13  0.9790E-13  0.1060E-12  0.1050E-12  0.1000E-12
  0.1000E+14  0.1000E-73  0.1000E-73  0.8470E-33  0.2080E-22  0.2750E-17  0.2650E-14  0.2300E-13  0.4480E-13  0.6120E-13  0.8110E-13  0.9790E-13  0.1060E-12  0.1050E-12  0.1000E-12
  0.1000E+15  0.1000E-73  0.1000E-73  0.8470E-33  0.2080E-22  0.2750E-17  0.2650E-14  0.2300E-13  0.4480E-13  0.6120E-13  0.8110E-13  0.9790E-13  0.1060E-12  0.1050E-12  0.1000E-12
  0.1000E+16  0.1000E-73  0.1000E-73  0.8470E-33  0.2080E-22  0.2750E-17  0.2650E-14  0.2300E-13  0.4480E-13  0.6120E-13  0.8110E-13  0.9790E-13  0.1060E-12  0.1050E-12  0.1000E-12
  0.1000E+17  0.1000E-73  0.9880E-47  0.8470E-33  0.2080E-22  0.2750E-17  0.2650E-14  0.2300E-13  0.4480E-13  0.6120E-13  0.8110E-13  0.9790E-13  0.1060E-12  0.1050E-12  0.1000E-12
WAVELENGTH(A)= 
     1.377
 7 14 t 
excit   
    75.100    113.000    188.000    375.000    751.000   1880.000   3750.000   5630.000   7510.000  11300.000  18800.000  37500.000  75100.000 113000.000 
  0.1000E+11  0.1000E-73  0.1000E-73  0.4420E-32  0.8170E-22  0.9380E-17  0.8170E-14  0.6740E-13  0.1270E-12  0.1700E-12  0.2150E-12  0.2420E-12  0.2340E-12  0.2010E-12  0.1780E-12
  0.1000E+12  0.1000E-73  0.1000E-73  0.4420E-32  0.8170E-22  0.9380E-17  0.8170E-14  0.6740E-13  0.1270E-12  0.1700E-12  0.2150E-12  0.2420E-12  0.2340E-12  0.2010E-12  0.1780E-12
  0.1000E+13  0.1000E-73  0.1000E-73  0.4420E-32  0.8170E-22  0.9380E-17  0.8170E-14  0.6740E-13  0.1270E-12  0.1700E-12  0.2150E-12  0.2420E-12  0.2340E-12  0.2010E-12  0.1780E-12
  0.1000E+14  0.1000E-73  0.1000E-73  0.4420E-32  0.8170E-22  0.9380E-17  0.8170E-14  0.6740E-13  0.1270E-12  0.1700E-12  0.2150E-12  0.2420E-12  0.2340E-12  0.2010E-12  0.1780E-12
  0.1000E+15  0.1000E-73  0.6520E-46  0.4420E-32  0.8170E-22  0.9380E-17  0.8170E-14  0.6740E-13  0.1270E-12  0.1700E-12  0.2150E-12  0.2420E-12  0.2340E-12  0.2010E-12  0.1780E-12
  0.1000E+16  0.1000E-73  0.7380E-46  0.4420E-32  0.8170E-22  0.9380E-17  0.8170E-14  0.6740E-13  0.1270E-12  0.1700E-12  0.2150E-12  0.2420E-12  0.2340E-12  0.2010E-12  0.1780E-12
  0.1000E+17  0.1000E-73  0.7360E-46  0.4420E-32  0.8170E-22  0.9380E-17  0.8170E-14  0.6740E-13  0.1270E-12  0.1700E-12  0.2150E-12  0.2420E-12  0.2340E-12  0.2010E-12  0.1780E-12
WAVELENGTH(A)= 
     1.437
 7 14 t 
excit   
    75.100    113.000    188.000    375.000    751.000   1880.000   3750.000   5630.000   7510.000  11300.000  18800.000  37500.000  75100.000 113000.000 
  0.1000E+11  0.1000E-73  0.1000E-73  0.3860E-34  0.1090E-22  0.4860E-17  0.9500E-14  0.1010E-12  0.2080E-12  0.2890E-12  0.3810E-12  0.4420E-12  0.4370E-12  0.3780E-12  0.3360E-12
  0.1000E+12  0.1000E-73  0.1000E-73  0.3860E-34  0.1090E-22  0.4860E-17  0.9500E-14  0.1010E-12  0.2080E-12  0.2890E-12  0.3810E-12  0.4420E-12  0.4370E-12  0.3780E-12  0.3360E-12
  0.1000E+13  0.1000E-73  0.1000E-73  0.3860E-34  0.1090E-22  0.4860E-17  0.9500E-14  0.1010E-12  0.2080E-12  0.2890E-12  0.3810E-12  0.4420E-12  0.4370E-12  0.3780E-12  0.3360E-12
  0.1000E+14  0.1000E-73  0.1000E-73  0.3860E-34  0.1090E-22  0.4860E-17  0.9500E-14  0.1010E-12  0.2080E-12  0.2890E-12  0.3810E-12  0.4420E-12  0.4370E-12  0.3780E-12  0.3360E-12
  0.1000E+15  0.1000E-73  0.1000E-73  0.3860E-34  0.1090E-22  0.4860E-17  0.9500E-14  0.1010E-12  0.2080E-12  0.2890E-12  0.3810E-12  0.4420E-12  0.4370E-12  0.3780E-12  0.3360E-12
  0.1000E+16  0.1000E-73  0.1000E-73  0.3860E-34  0.1090E-22  0.4860E-17  0.9500E-14  0.1010E-12  0.2080E-12  0.2890E-12  0.3810E-12  0.4420E-12  0.4370E-12  0.3780E-12  0.3360E-12
  0.1000E+17  0.1000E-73  0.1000E-73  0.3860E-34  0.1090E-22  0.4860E-17  0.9500E-14  0.1010E-12  0.2080E-12  0.2890E-12  0.3810E-12  0.4420E-12  0.4370E-12  0.3780E-12  0.3360E-12
WAVELENGTH(A)= 
     1.438
 7 14 t 
excit   
    75.100    113.000    188.000    375.000    751.000   1880.000   3750.000   5630.000   7510.000  11300.000  18800.000  37500.000  75100.000 113000.000 
  0.1000E+11  0.1000E-73  0.1000E-73  0.2390E-32  0.1620E-22  0.1180E-17  0.1060E-14  0.1150E-13  0.2500E-13  0.3630E-13  0.5070E-13  0.6290E-13  0.6780E-13  0.6430E-13  0.6010E-13
  0.1000E+12  0.1000E-73  0.1000E-73  0.2390E-32  0.1620E-22  0.1180E-17  0.1060E-14  0.1150E-13  0.2500E-13  0.3630E-13  0.5070E-13  0.6290E-13  0.6780E-13  0.6430E-13  0.6010E-13
  0.1000E+13  0.1000E-73  0.1000E-73  0.2390E-32  0.1620E-22  0.1180E-17  0.1060E-14  0.1150E-13  0.2500E-13  0.3630E-13  0.5070E-13  0.6290E-13  0.6780E-13  0.6430E-13  0.6010E-13
  0.1000E+14  0.1000E-73  0.1350E-45  0.2390E-32  0.1620E-22  0.1180E-17  0.1060E-14  0.1150E-13  0.2500E-13  0.3630E-13  0.5070E-13  0.6290E-13  0.6780E-13  0.6430E-13  0.6010E-13
  0.1000E+15  0.1000E-73  0.1490E-45  0.2390E-32  0.1620E-22  0.1180E-17  0.1060E-14  0.1150E-13  0.2500E-13  0.3630E-13  0.5070E-13  0.6290E-13  0.6780E-13  0.6430E-13  0.6010E-13
  0.1000E+16  0.1000E-73  0.1530E-45  0.2390E-32  0.1620E-22  0.1180E-17  0.1060E-14  0.1150E-13  0.2500E-13  0.3630E-13  0.5070E-13  0.6290E-13  0.6780E-13  0.6430E-13  0.6010E-13
  0.1000E+17  0.1000E-73  0.1540E-45  0.2390E-32  0.1620E-22  0.1180E-17  0.1060E-14  0.1150E-13  0.2500E-13  0.3630E-13  0.5070E-13  0.6290E-13  0.6780E-13  0.6430E-13  0.6010E-13
WAVELENGTH(A)= 
     1.441
 7 14 t 
excit   
    75.100    113.000    188.000    375.000    751.000   1880.000   3750.000   5630.000   7510.000  11300.000  18800.000  37500.000  75100.000 113000.000 
  0.1000E+11  0.1000E-73  0.1000E-73  0.3140E-38  0.3410E-26  0.6840E-20  0.1540E-15  0.4470E-14  0.1300E-13  0.2140E-13  0.3410E-13  0.4670E-13  0.5480E-13  0.5470E-13  0.5240E-13
  0.1000E+12  0.1000E-73  0.1000E-73  0.3140E-38  0.3410E-26  0.6840E-20  0.1540E-15  0.4470E-14  0.1300E-13  0.2140E-13  0.3410E-13  0.4670E-13  0.5480E-13  0.5470E-13  0.5240E-13
  0.1000E+13  0.1000E-73  0.1000E-73  0.3140E-38  0.3410E-26  0.6840E-20  0.1540E-15  0.4470E-14  0.1300E-13  0.2140E-13  0.3410E-13  0.4670E-13  0.5480E-13  0.5470E-13  0.5240E-13
  0.1000E+14  0.1000E-73  0.1000E-73  0.3140E-38  0.3410E-26  0.6840E-20  0.1540E-15  0.4470E-14  0.1300E-13  0.2140E-13  0.3410E-13  0.4670E-13  0.5480E-13  0.5470E-13  0.5240E-13
  0.1000E+15  0.1000E-73  0.1000E-73  0.3140E-38  0.3410E-26  0.6840E-20  0.1540E-15  0.4470E-14  0.1300E-13  0.2140E-13  0.3410E-13  0.4670E-13  0.5480E-13  0.5470E-13  0.5240E-13
  0.1000E+16  0.1000E-73  0.1000E-73  0.3140E-38  0.3410E-26  0.6840E-20  0.1540E-15  0.4470E-14  0.1300E-13  0.2140E-13  0.3410E-13  0.4670E-13  0.5480E-13  0.5470E-13  0.5240E-13
  0.1000E+17  0.1000E-73  0.1000E-73  0.3140E-38  0.3410E-26  0.6840E-20  0.1540E-15  0.4470E-14  0.1300E-13  0.2140E-13  0.3410E-13  0.4670E-13  0.5480E-13  0.5470E-13  0.5240E-13
WAVELENGTH(A)= 
     1.444
 7 14 t 
excit   
    75.100    113.000    188.000    375.000    751.000   1880.000   3750.000   5630.000   7510.000  11300.000  18800.000  37500.000  75100.000 113000.000 
  0.1000E+11  0.1000E-73  0.1000E-73  0.3890E-35  0.9790E-24  0.4190E-18  0.9710E-15  0.1380E-13  0.3290E-13  0.4990E-13  0.7290E-13  0.9340E-13  0.1030E-12  0.9830E-13  0.9210E-13
  0.1000E+12  0.1000E-73  0.1000E-73  0.3890E-35  0.9790E-24  0.4190E-18  0.9710E-15  0.1380E-13  0.3290E-13  0.4990E-13  0.7290E-13  0.9340E-13  0.1030E-12  0.9830E-13  0.9210E-13
  0.1000E+13  0.1000E-73  0.1000E-73  0.3890E-35  0.9790E-24  0.4190E-18  0.9710E-15  0.1380E-13  0.3290E-13  0.4990E-13  0.7290E-13  0.9340E-13  0.1030E-12  0.9830E-13  0.9210E-13
  0.1000E+14  0.1000E-73  0.1000E-73  0.3890E-35  0.9790E-24  0.4190E-18  0.9710E-15  0.1380E-13  0.3290E-13  0.4990E-13  0.7290E-13  0.9340E-13  0.1030E-12  0.9830E-13  0.9210E-13
  0.1000E+15  0.1000E-73  0.1000E-73  0.3890E-35  0.9790E-24  0.4190E-18  0.9710E-15  0.1380E-13  0.3290E-13  0.4990E-13  0.7290E-13  0.9340E-13  0.1030E-12  0.9830E-13  0.9210E-13
  0.1000E+16  0.1000E-73  0.1000E-73  0.3890E-35  0.9790E-24  0.4190E-18  0.9710E-15  0.1380E-13  0.3290E-13  0.4990E-13  0.7290E-13  0.9340E-13  0.1030E-12  0.9830E-13  0.9210E-13
  0.1000E+17  0.1000E-73  0.1000E-73  0.3890E-35  0.9790E-24  0.4190E-18  0.9700E-15  0.1380E-13  0.3290E-13  0.4990E-13  0.7290E-13  0.9340E-13  0.1030E-12  0.9830E-13  0.9210E-13
WAVELENGTH(A)= 
     1.446
 7 14 t 
excit   
    75.100    113.000    188.000    375.000    751.000   1880.000   3750.000   5630.000   7510.000  11300.000  18800.000  37500.000  75100.000 113000.000 
  0.1000E+11  0.1000E-73  0.1000E-73  0.1250E-31  0.7410E-22  0.4870E-17  0.3190E-14  0.2570E-13  0.4970E-13  0.6740E-13  0.8820E-13  0.1020E-12  0.1030E-12  0.9110E-13  0.8210E-13
  0.1000E+12  0.1000E-73  0.1000E-73  0.1250E-31  0.7410E-22  0.4870E-17  0.3190E-14  0.2570E-13  0.4970E-13  0.6740E-13  0.8820E-13  0.1020E-12  0.1030E-12  0.9110E-13  0.8210E-13
  0.1000E+13  0.1000E-73  0.1790E-44  0.1250E-31  0.7410E-22  0.4870E-17  0.3190E-14  0.2570E-13  0.4970E-13  0.6740E-13  0.8820E-13  0.1020E-12  0.1030E-12  0.9110E-13  0.8210E-13
  0.1000E+14  0.1000E-73  0.8970E-45  0.1250E-31  0.7410E-22  0.4870E-17  0.3190E-14  0.2570E-13  0.4970E-13  0.6740E-13  0.8820E-13  0.1020E-12  0.1030E-12  0.9110E-13  0.8210E-13
  0.1000E+15  0.1000E-73  0.9510E-45  0.1250E-31  0.7410E-22  0.4870E-17  0.3190E-14  0.2570E-13  0.4970E-13  0.6740E-13  0.8820E-13  0.1020E-12  0.1030E-12  0.9110E-13  0.8210E-13
  0.1000E+16  0.1000E-73  0.9430E-45  0.1250E-31  0.7410E-22  0.4870E-17  0.3190E-14  0.2570E-13  0.4970E-13  0.6740E-13  0.8820E-13  0.1020E-12  0.1030E-12  0.9110E-13  0.8210E-13
  0.1000E+17  0.1000E-73  0.9430E-45  0.1250E-31  0.7410E-22  0.4870E-17  0.3190E-14  0.2570E-13  0.4970E-13  0.6740E-13  0.8820E-13  0.1020E-12  0.1030E-12  0.9110E-13  0.8210E-13
WAVELENGTH(A)= 
     1.446
 7 14 t 
excit   
    75.100    113.000    188.000    375.000    751.000   1880.000   3750.000   5630.000   7510.000  11300.000  18800.000  37500.000  75100.000 113000.000 
  0.1000E+11  0.1000E-73  0.1000E-73  0.2370E-32  0.1480E-22  0.1200E-17  0.1270E-14  0.1400E-13  0.3040E-13  0.4390E-13  0.6100E-13  0.7500E-13  0.7980E-13  0.7440E-13  0.6890E-13
  0.1000E+12  0.1000E-73  0.1000E-73  0.2370E-32  0.1480E-22  0.1200E-17  0.1270E-14  0.1400E-13  0.3040E-13  0.4390E-13  0.6100E-13  0.7500E-13  0.7980E-13  0.7440E-13  0.6890E-13
  0.1000E+13  0.1000E-73  0.1000E-73  0.2370E-32  0.1480E-22  0.1200E-17  0.1270E-14  0.1400E-13  0.3040E-13  0.4390E-13  0.6100E-13  0.7500E-13  0.7980E-13  0.7440E-13  0.6890E-13
  0.1000E+14  0.1000E-73  0.1560E-45  0.2370E-32  0.1480E-22  0.1200E-17  0.1270E-14  0.1400E-13  0.3040E-13  0.4390E-13  0.6100E-13  0.7500E-13  0.7980E-13  0.7440E-13  0.6890E-13
  0.1000E+15  0.1000E-73  0.1820E-45  0.2370E-32  0.1480E-22  0.1200E-17  0.1270E-14  0.1400E-13  0.3040E-13  0.4390E-13  0.6100E-13  0.7500E-13  0.7980E-13  0.7440E-13  0.6890E-13
  0.1000E+16  0.1000E-73  0.1810E-45  0.2370E-32  0.1480E-22  0.1200E-17  0.1270E-14  0.1400E-13  0.3040E-13  0.4390E-13  0.6100E-13  0.7500E-13  0.7980E-13  0.7440E-13  0.6890E-13
  0.1000E+17  0.1000E-73  0.1810E-45  0.2370E-32  0.1480E-22  0.1200E-17  0.1270E-14  0.1400E-13  0.3040E-13  0.4390E-13  0.6100E-13  0.7500E-13  0.7980E-13  0.7440E-13  0.6890E-13
WAVELENGTH(A)= 
     1.461
 7 14 t 
excit   
    75.100    113.000    188.000    375.000    751.000   1880.000   3750.000   5630.000   7510.000  11300.000  18800.000  37500.000  75100.000 113000.000 
  0.1000E+11  0.1000E-73  0.1000E-73  0.1490E-31  0.1840E-21  0.1970E-16  0.1730E-13  0.1470E-12  0.2820E-12  0.3790E-12  0.4880E-12  0.5570E-12  0.5490E-12  0.4790E-12  0.4290E-12
  0.1000E+12  0.1000E-73  0.1000E-73  0.1490E-31  0.1840E-21  0.1970E-16  0.1730E-13  0.1470E-12  0.2820E-12  0.3790E-12  0.4880E-12  0.5570E-12  0.5490E-12  0.4790E-12  0.4290E-12
  0.1000E+13  0.1000E-73  0.1000E-73  0.1490E-31  0.1840E-21  0.1970E-16  0.1730E-13  0.1470E-12  0.2820E-12  0.3790E-12  0.4880E-12  0.5570E-12  0.5490E-12  0.4790E-12  0.4290E-12
  0.1000E+14  0.1000E-73  0.1000E-73  0.1490E-31  0.1840E-21  0.1970E-16  0.1730E-13  0.1470E-12  0.2820E-12  0.3790E-12  0.4880E-12  0.5570E-12  0.5490E-12  0.4790E-12  0.4290E-12
  0.1000E+15  0.1000E-73  0.1290E-44  0.1490E-31  0.1840E-21  0.1970E-16  0.1730E-13  0.1470E-12  0.2820E-12  0.3790E-12  0.4880E-12  0.5570E-12  0.5490E-12  0.4790E-12  0.4290E-12
  0.1000E+16  0.1000E-73  0.9060E-45  0.1490E-31  0.1840E-21  0.1970E-16  0.1730E-13  0.1470E-12  0.2820E-12  0.3790E-12  0.4880E-12  0.5570E-12  0.5490E-12  0.4790E-12  0.4290E-12
  0.1000E+17  0.1000E-73  0.8680E-45  0.1490E-31  0.1840E-21  0.1970E-16  0.1730E-13  0.1470E-12  0.2820E-12  0.3790E-12  0.4880E-12  0.5570E-12  0.5490E-12  0.4790E-12  0.4290E-12
WAVELENGTH(A)= 
     1.464
 7 14 t 
excit   
    75.100    113.000    188.000    375.000    751.000   1880.000   3750.000   5630.000   7510.000  11300.000  18800.000  37500.000  75100.000 113000.000 
  0.1000E+11  0.1000E-73  0.1000E-73  0.2620E-35  0.6160E-24  0.2700E-18  0.6200E-15  0.8320E-14  0.1930E-13  0.2890E-13  0.4170E-13  0.5280E-13  0.5780E-13  0.5500E-13  0.5150E-13
  0.1000E+12  0.1000E-73  0.1000E-73  0.2620E-35  0.6160E-24  0.2700E-18  0.6200E-15  0.8320E-14  0.1930E-13  0.2890E-13  0.4170E-13  0.5280E-13  0.5780E-13  0.5500E-13  0.5150E-13
  0.1000E+13  0.1000E-73  0.1000E-73  0.2620E-35  0.6160E-24  0.2700E-18  0.6200E-15  0.8320E-14  0.1930E-13  0.2890E-13  0.4170E-13  0.5280E-13  0.5780E-13  0.5500E-13  0.5150E-13
  0.1000E+14  0.1000E-73  0.1000E-73  0.2620E-35  0.6160E-24  0.2700E-18  0.6200E-15  0.8320E-14  0.1930E-13  0.2890E-13  0.4170E-13  0.5280E-13  0.5780E-13  0.5500E-13  0.5150E-13
  0.1000E+15  0.1000E-73  0.1000E-73  0.2620E-35  0.6160E-24  0.2700E-18  0.6200E-15  0.8320E-14  0.1930E-13  0.2890E-13  0.4170E-13  0.5280E-13  0.5780E-13  0.5500E-13  0.5150E-13
  0.1000E+16  0.1000E-73  0.1000E-73  0.2620E-35  0.6160E-24  0.2700E-18  0.6200E-15  0.8320E-14  0.1930E-13  0.2890E-13  0.4170E-13  0.5280E-13  0.5780E-13  0.5500E-13  0.5150E-13
  0.1000E+17  0.1000E-73  0.1000E-73  0.2620E-35  0.6160E-24  0.2700E-18  0.6200E-15  0.8320E-14  0.1930E-13  0.2890E-13  0.4170E-13  0.5280E-13  0.5780E-13  0.5500E-13  0.5150E-13
WAVELENGTH(A)= 
     1.468
 7 14 t 
excit   
    75.100    113.000    188.000    375.000    751.000   1880.000   3750.000   5630.000   7510.000  11300.000  18800.000  37500.000  75100.000 113000.000 
  0.1000E+11  0.1000E-73  0.1000E-73  0.4160E-31  0.2530E-21  0.2040E-16  0.1680E-13  0.1520E-12  0.3040E-12  0.4200E-12  0.5590E-12  0.6620E-12  0.6840E-12  0.6250E-12  0.5750E-12
  0.1000E+12  0.1000E-73  0.1000E-73  0.4160E-31  0.2530E-21  0.2040E-16  0.1680E-13  0.1520E-12  0.3040E-12  0.4200E-12  0.5590E-12  0.6620E-12  0.6840E-12  0.6250E-12  0.5750E-12
  0.1000E+13  0.1000E-73  0.1000E-73  0.4160E-31  0.2530E-21  0.2040E-16  0.1680E-13  0.1520E-12  0.3040E-12  0.4200E-12  0.5590E-12  0.6620E-12  0.6840E-12  0.6250E-12  0.5750E-12
  0.1000E+14  0.1000E-73  0.1000E-73  0.4160E-31  0.2530E-21  0.2040E-16  0.1680E-13  0.1520E-12  0.3040E-12  0.4200E-12  0.5590E-12  0.6620E-12  0.6840E-12  0.6250E-12  0.5750E-12
  0.1000E+15  0.1000E-73  0.5210E-44  0.4160E-31  0.2530E-21  0.2040E-16  0.1680E-13  0.1520E-12  0.3040E-12  0.4200E-12  0.5590E-12  0.6620E-12  0.6840E-12  0.6250E-12  0.5750E-12
  0.1000E+16  0.1000E-73  0.4430E-44  0.4160E-31  0.2530E-21  0.2040E-16  0.1680E-13  0.1520E-12  0.3040E-12  0.4200E-12  0.5590E-12  0.6620E-12  0.6840E-12  0.6250E-12  0.5750E-12
  0.1000E+17  0.1000E-73  0.4480E-44  0.4160E-31  0.2530E-21  0.2040E-16  0.1680E-13  0.1520E-12  0.3040E-12  0.4200E-12  0.5590E-12  0.6620E-12  0.6840E-12  0.6250E-12  0.5750E-12
WAVELENGTH(A)= 
     1.470
 7 14 t 
excit   
    75.100    113.000    188.000    375.000    751.000   1880.000   3750.000   5630.000   7510.000  11300.000  18800.000  37500.000  75100.000 113000.000 
  0.1000E+11  0.1000E-73  0.1000E-73  0.1140E-31  0.7440E-22  0.6270E-17  0.5440E-14  0.5160E-13  0.1060E-12  0.1490E-12  0.2010E-12  0.2410E-12  0.2500E-12  0.2270E-12  0.2080E-12
  0.1000E+12  0.1000E-73  0.1000E-73  0.1140E-31  0.7440E-22  0.6270E-17  0.5440E-14  0.5160E-13  0.1060E-12  0.1490E-12  0.2010E-12  0.2410E-12  0.2500E-12  0.2270E-12  0.2080E-12
  0.1000E+13  0.1000E-73  0.1000E-73  0.1140E-31  0.7440E-22  0.6270E-17  0.5440E-14  0.5160E-13  0.1060E-12  0.1490E-12  0.2010E-12  0.2410E-12  0.2500E-12  0.2270E-12  0.2080E-12
  0.1000E+14  0.1000E-73  0.1000E-73  0.1140E-31  0.7440E-22  0.6270E-17  0.5440E-14  0.5160E-13  0.1060E-12  0.1490E-12  0.2010E-12  0.2410E-12  0.2500E-12  0.2270E-12  0.2080E-12
  0.1000E+15  0.1000E-73  0.1260E-44  0.1140E-31  0.7440E-22  0.6270E-17  0.5440E-14  0.5160E-13  0.1060E-12  0.1490E-12  0.2010E-12  0.2410E-12  0.2500E-12  0.2270E-12  0.2080E-12
  0.1000E+16  0.1000E-73  0.1220E-44  0.1140E-31  0.7440E-22  0.6270E-17  0.5440E-14  0.5160E-13  0.1060E-12  0.1490E-12  0.2010E-12  0.2410E-12  0.2500E-12  0.2270E-12  0.2080E-12
  0.1000E+17  0.1000E-73  0.1200E-44  0.1140E-31  0.7440E-22  0.6270E-17  0.5440E-14  0.5160E-13  0.1060E-12  0.1490E-12  0.2010E-12  0.2410E-12  0.2500E-12  0.2270E-12  0.2080E-12
WAVELENGTH(A)= 
     3.428
 7 14 t 
excit   
    75.100    113.000    188.000    375.000    751.000   1880.000   3750.000   5630.000   7510.000  11300.000  18800.000  37500.000  75100.000 113000.000 
  0.1000E+11  0.1000E-73  0.1000E-73  0.1800E-39  0.1160E-25  0.7830E-19  0.7790E-15  0.1410E-13  0.3420E-13  0.5120E-13  0.7290E-13  0.8860E-13  0.9020E-13  0.7790E-13  0.6890E-13
  0.1000E+12  0.1000E-73  0.1000E-73  0.1800E-39  0.1160E-25  0.7830E-19  0.7790E-15  0.1410E-13  0.3420E-13  0.5120E-13  0.7290E-13  0.8860E-13  0.9020E-13  0.7790E-13  0.6890E-13
  0.1000E+13  0.1000E-73  0.1000E-73  0.1800E-39  0.1160E-25  0.7830E-19  0.7790E-15  0.1410E-13  0.3420E-13  0.5120E-13  0.7290E-13  0.8860E-13  0.9020E-13  0.7790E-13  0.6890E-13
  0.1000E+14  0.1000E-73  0.1000E-73  0.1800E-39  0.1160E-25  0.7830E-19  0.7790E-15  0.1410E-13  0.3420E-13  0.5120E-13  0.7290E-13  0.8860E-13  0.9020E-13  0.7790E-13  0.6890E-13
  0.1000E+15  0.1000E-73  0.1000E-73  0.1800E-39  0.1160E-25  0.7830E-19  0.7790E-15  0.1410E-13  0.3420E-13  0.5120E-13  0.7290E-13  0.8860E-13  0.9020E-13  0.7790E-13  0.6890E-13
  0.1000E+16  0.1000E-73  0.1000E-73  0.1800E-39  0.1160E-25  0.7830E-19  0.7790E-15  0.1410E-13  0.3420E-13  0.5120E-13  0.7290E-13  0.8860E-13  0.9020E-13  0.7790E-13  0.6890E-13
  0.1000E+17  0.1000E-73  0.1000E-73  0.1800E-39  0.1160E-25  0.7830E-19  0.7790E-15  0.1410E-13  0.3420E-13  0.5120E-13  0.7290E-13  0.8860E-13  0.9020E-13  0.7790E-13  0.6890E-13
WAVELENGTH(A)= 
     3.586
 7 14 t 
excit   
    75.100    113.000    188.000    375.000    751.000   1880.000   3750.000   5630.000   7510.000  11300.000  18800.000  37500.000  75100.000 113000.000 
  0.1000E+11  0.1000E-73  0.1000E-73  0.1000E-73  0.2450E-27  0.8900E-20  0.2470E-15  0.6300E-14  0.1720E-13  0.2740E-13  0.4130E-13  0.5260E-13  0.5570E-13  0.4960E-13  0.4440E-13
  0.1000E+12  0.1000E-73  0.1000E-73  0.1000E-73  0.2450E-27  0.8900E-20  0.2470E-15  0.6300E-14  0.1720E-13  0.2740E-13  0.4130E-13  0.5260E-13  0.5570E-13  0.4960E-13  0.4440E-13
  0.1000E+13  0.1000E-73  0.1000E-73  0.1080E-42  0.2450E-27  0.8900E-20  0.2470E-15  0.6300E-14  0.1720E-13  0.2740E-13  0.4130E-13  0.5260E-13  0.5570E-13  0.4960E-13  0.4440E-13
  0.1000E+14  0.1000E-73  0.1000E-73  0.1350E-42  0.2450E-27  0.8900E-20  0.2470E-15  0.6300E-14  0.1720E-13  0.2740E-13  0.4130E-13  0.5260E-13  0.5570E-13  0.4960E-13  0.4440E-13
  0.1000E+15  0.1000E-73  0.1000E-73  0.1330E-42  0.2450E-27  0.8900E-20  0.2470E-15  0.6300E-14  0.1720E-13  0.2740E-13  0.4130E-13  0.5260E-13  0.5570E-13  0.4960E-13  0.4440E-13
  0.1000E+16  0.1000E-73  0.1000E-73  0.1340E-42  0.2450E-27  0.8900E-20  0.2470E-15  0.6300E-14  0.1720E-13  0.2740E-13  0.4130E-13  0.5260E-13  0.5570E-13  0.4960E-13  0.4440E-13
  0.1000E+17  0.1000E-73  0.1000E-73  0.1340E-42  0.2450E-27  0.8900E-20  0.2470E-15  0.6300E-14  0.1720E-13  0.2740E-13  0.4130E-13  0.5260E-13  0.5570E-13  0.4960E-13  0.4440E-13
WAVELENGTH(A)= 
     6.550
 7 14 t 
excit   
    75.100    113.000    188.000    375.000    751.000   1880.000   3750.000   5630.000   7510.000  11300.000  18800.000  37500.000  75100.000 113000.000 
  0.1000E+11  0.6360E-21  0.2320E-17  0.1500E-14  0.1660E-12  0.1480E-11  0.4500E-11  0.5720E-11  0.5920E-11  0.5910E-11  0.5710E-11  0.5280E-11  0.4500E-11  0.3700E-11  0.3250E-11
  0.1000E+12  0.6360E-21  0.2320E-17  0.1500E-14  0.1660E-12  0.1480E-11  0.4500E-11  0.5720E-11  0.5920E-11  0.5910E-11  0.5710E-11  0.5280E-11  0.4500E-11  0.3700E-11  0.3250E-11
  0.1000E+13  0.6360E-21  0.2320E-17  0.1500E-14  0.1660E-12  0.1480E-11  0.4500E-11  0.5720E-11  0.5920E-11  0.5910E-11  0.5710E-11  0.5280E-11  0.4500E-11  0.3700E-11  0.3250E-11
  0.1000E+14  0.6360E-21  0.2320E-17  0.1500E-14  0.1660E-12  0.1480E-11  0.4500E-11  0.5720E-11  0.5920E-11  0.5910E-11  0.5710E-11  0.5280E-11  0.4500E-11  0.3700E-11  0.3250E-11
  0.1000E+15  0.6360E-21  0.2320E-17  0.1500E-14  0.1660E-12  0.1480E-11  0.4500E-11  0.5720E-11  0.5920E-11  0.5910E-11  0.5710E-11  0.5280E-11  0.4500E-11  0.3700E-11  0.3250E-11
  0.1000E+16  0.6360E-21  0.2320E-17  0.1500E-14  0.1660E-12  0.1480E-11  0.4500E-11  0.5720E-11  0.5920E-11  0.5910E-11  0.5710E-11  0.5280E-11  0.4500E-11  0.3700E-11  0.3250E-11
  0.1000E+17  0.6360E-21  0.2320E-17  0.1500E-14  0.1660E-12  0.1480E-11  0.4500E-11  0.5720E-11  0.5920E-11  0.5910E-11  0.5710E-11  0.5280E-11  0.4500E-11  0.3700E-11  0.3250E-11
WAVELENGTH(A)= 
     8.873
 7 14 t 
excit   
    75.100    113.000    188.000    375.000    751.000   1880.000   3750.000   5630.000   7510.000  11300.000  18800.000  37500.000  75100.000 113000.000 
  0.1000E+11  0.1980E-19  0.8030E-17  0.9100E-15  0.2800E-13  0.1380E-12  0.3160E-12  0.4960E-12  0.6640E-12  0.7900E-12  0.9400E-12  0.1040E-11  0.1020E-11  0.8980E-12  0.8110E-12
  0.1000E+12  0.1980E-19  0.8030E-17  0.9100E-15  0.2800E-13  0.1380E-12  0.3160E-12  0.4960E-12  0.6640E-12  0.7900E-12  0.9400E-12  0.1040E-11  0.1020E-11  0.8980E-12  0.8110E-12
  0.1000E+13  0.1980E-19  0.8030E-17  0.9100E-15  0.2800E-13  0.1380E-12  0.3160E-12  0.4960E-12  0.6640E-12  0.7900E-12  0.9400E-12  0.1040E-11  0.1020E-11  0.8980E-12  0.8110E-12
  0.1000E+14  0.1980E-19  0.8030E-17  0.9100E-15  0.2800E-13  0.1380E-12  0.3160E-12  0.4960E-12  0.6640E-12  0.7900E-12  0.9400E-12  0.1040E-11  0.1020E-11  0.8980E-12  0.8110E-12
  0.1000E+15  0.1980E-19  0.8030E-17  0.9100E-15  0.2800E-13  0.1380E-12  0.3160E-12  0.4960E-12  0.6640E-12  0.7900E-12  0.9400E-12  0.1040E-11  0.1020E-11  0.8980E-12  0.8110E-12
  0.1000E+16  0.1980E-19  0.8030E-17  0.9100E-15  0.2800E-13  0.1380E-12  0.3160E-12  0.4960E-12  0.6640E-12  0.7900E-12  0.9400E-12  0.1040E-11  0.1020E-11  0.8980E-12  0.8110E-12
  0.1000E+17  0.1980E-19  0.8030E-17  0.9100E-15  0.2800E-13  0.1380E-12  0.3160E-12  0.4960E-12  0.6640E-12  0.7900E-12  0.9400E-12  0.1040E-11  0.1020E-11  0.8980E-12  0.8110E-12
WAVELENGTH(A)= 
    21.372
 7 14 t 
excit   
    75.100    113.000    188.000    375.000    751.000   1880.000   3750.000   5630.000   7510.000  11300.000  18800.000  37500.000  75100.000 113000.000 
  0.1000E+11  0.1000E-73  0.1000E-73  0.1270E-32  0.2480E-22  0.2920E-17  0.2590E-14  0.2140E-13  0.4050E-13  0.5390E-13  0.6830E-13  0.7680E-13  0.7410E-13  0.6350E-13  0.5620E-13
  0.1000E+12  0.1000E-73  0.1000E-73  0.1270E-32  0.2480E-22  0.2920E-17  0.2590E-14  0.2140E-13  0.4050E-13  0.5390E-13  0.6830E-13  0.7680E-13  0.7410E-13  0.6350E-13  0.5620E-13
  0.1000E+13  0.1000E-73  0.1000E-73  0.1270E-32  0.2480E-22  0.2920E-17  0.2590E-14  0.2140E-13  0.4050E-13  0.5390E-13  0.6830E-13  0.7680E-13  0.7410E-13  0.6350E-13  0.5620E-13
  0.1000E+14  0.1000E-73  0.3710E-46  0.1270E-32  0.2480E-22  0.2920E-17  0.2590E-14  0.2140E-13  0.4050E-13  0.5390E-13  0.6830E-13  0.7680E-13  0.7410E-13  0.6350E-13  0.5620E-13
  0.1000E+15  0.1000E-73  0.1860E-46  0.1270E-32  0.2480E-22  0.2920E-17  0.2590E-14  0.2140E-13  0.4050E-13  0.5390E-13  0.6830E-13  0.7680E-13  0.7410E-13  0.6350E-13  0.5620E-13
  0.1000E+16  0.1000E-73  0.1970E-46  0.1270E-32  0.2480E-22  0.2920E-17  0.2590E-14  0.2140E-13  0.4050E-13  0.5390E-13  0.6830E-13  0.7680E-13  0.7410E-13  0.6350E-13  0.5620E-13
  0.1000E+17  0.1000E-73  0.1960E-46  0.1270E-32  0.2480E-22  0.2920E-17  0.2590E-14  0.2140E-13  0.4050E-13  0.5390E-13  0.6830E-13  0.7680E-13  0.7410E-13  0.6350E-13  0.5620E-13
WAVELENGTH(A)= 
    21.828
 7 14 t 
excit   
    75.100    113.000    188.000    375.000    751.000   1880.000   3750.000   5630.000   7510.000  11300.000  18800.000  37500.000  75100.000 113000.000 
  0.1000E+11  0.1000E-73  0.1000E-73  0.9950E-33  0.1840E-22  0.2110E-17  0.1840E-14  0.1520E-13  0.2870E-13  0.3820E-13  0.4850E-13  0.5450E-13  0.5280E-13  0.4530E-13  0.4010E-13
  0.1000E+12  0.1000E-73  0.1000E-73  0.9950E-33  0.1840E-22  0.2110E-17  0.1840E-14  0.1520E-13  0.2870E-13  0.3820E-13  0.4850E-13  0.5450E-13  0.5280E-13  0.4530E-13  0.4010E-13
  0.1000E+13  0.1000E-73  0.1000E-73  0.9950E-33  0.1840E-22  0.2110E-17  0.1840E-14  0.1520E-13  0.2870E-13  0.3820E-13  0.4850E-13  0.5450E-13  0.5280E-13  0.4530E-13  0.4010E-13
  0.1000E+14  0.1000E-73  0.1000E-73  0.9950E-33  0.1840E-22  0.2110E-17  0.1840E-14  0.1520E-13  0.2870E-13  0.3820E-13  0.4850E-13  0.5450E-13  0.5280E-13  0.4530E-13  0.4010E-13
  0.1000E+15  0.1000E-73  0.1470E-46  0.9950E-33  0.1840E-22  0.2110E-17  0.1840E-14  0.1520E-13  0.2870E-13  0.3820E-13  0.4850E-13  0.5450E-13  0.5280E-13  0.4530E-13  0.4010E-13
  0.1000E+16  0.1000E-73  0.1660E-46  0.9950E-33  0.1840E-22  0.2110E-17  0.1840E-14  0.1520E-13  0.2870E-13  0.3820E-13  0.4850E-13  0.5450E-13  0.5280E-13  0.4530E-13  0.4010E-13
  0.1000E+17  0.1000E-73  0.1660E-46  0.9950E-33  0.1840E-22  0.2110E-17  0.1840E-14  0.1520E-13  0.2870E-13  0.3820E-13  0.4850E-13  0.5450E-13  0.5280E-13  0.4530E-13  0.4010E-13
WAVELENGTH(A)= 
    22.179
 7 14 t 
excit   
    75.100    113.000    188.000    375.000    751.000   1880.000   3750.000   5630.000   7510.000  11300.000  18800.000  37500.000  75100.000 113000.000 
  0.1000E+11  0.1000E-73  0.1000E-73  0.3820E-32  0.7070E-22  0.8110E-17  0.7060E-14  0.5820E-13  0.1100E-12  0.1470E-12  0.1860E-12  0.2090E-12  0.2030E-12  0.1740E-12  0.1540E-12
  0.1000E+12  0.1000E-73  0.1000E-73  0.3820E-32  0.7070E-22  0.8110E-17  0.7060E-14  0.5820E-13  0.1100E-12  0.1470E-12  0.1860E-12  0.2090E-12  0.2030E-12  0.1740E-12  0.1540E-12
  0.1000E+13  0.1000E-73  0.1000E-73  0.3820E-32  0.7070E-22  0.8110E-17  0.7060E-14  0.5820E-13  0.1100E-12  0.1470E-12  0.1860E-12  0.2090E-12  0.2030E-12  0.1740E-12  0.1540E-12
  0.1000E+14  0.1000E-73  0.1000E-73  0.3820E-32  0.7070E-22  0.8110E-17  0.7060E-14  0.5820E-13  0.1100E-12  0.1470E-12  0.1860E-12  0.2090E-12  0.2030E-12  0.1740E-12  0.1540E-12
  0.1000E+15  0.1000E-73  0.5630E-46  0.3820E-32  0.7070E-22  0.8110E-17  0.7060E-14  0.5820E-13  0.1100E-12  0.1470E-12  0.1860E-12  0.2090E-12  0.2030E-12  0.1740E-12  0.1540E-12
  0.1000E+16  0.1000E-73  0.6380E-46  0.3820E-32  0.7070E-22  0.8110E-17  0.7060E-14  0.5820E-13  0.1100E-12  0.1470E-12  0.1860E-12  0.2090E-12  0.2030E-12  0.1740E-12  0.1540E-12
  0.1000E+17  0.1000E-73  0.6370E-46  0.3820E-32  0.7070E-22  0.8110E-17  0.7060E-14  0.5820E-13  0.1100E-12  0.1470E-12  0.1860E-12  0.2090E-12  0.2030E-12  0.1740E-12  0.1540E-12
WAVELENGTH(A)= 
    23.025
 7 14 t 
excit   
    75.100    113.000    188.000    375.000    751.000   1880.000   3750.000   5630.000   7510.000  11300.000  18800.000  37500.000  75100.000 113000.000 
  0.1000E+11  0.1000E-73  0.1000E-73  0.7080E-32  0.1380E-21  0.1630E-16  0.1450E-13  0.1200E-12  0.2260E-12  0.3010E-12  0.3820E-12  0.4290E-12  0.4140E-12  0.3550E-12  0.3140E-12
  0.1000E+12  0.1000E-73  0.1000E-73  0.7080E-32  0.1380E-21  0.1630E-16  0.1450E-13  0.1200E-12  0.2260E-12  0.3010E-12  0.3820E-12  0.4290E-12  0.4140E-12  0.3550E-12  0.3140E-12
  0.1000E+13  0.1000E-73  0.1000E-73  0.7080E-32  0.1380E-21  0.1630E-16  0.1450E-13  0.1200E-12  0.2260E-12  0.3010E-12  0.3820E-12  0.4290E-12  0.4140E-12  0.3550E-12  0.3140E-12
  0.1000E+14  0.1000E-73  0.2070E-45  0.7080E-32  0.1380E-21  0.1630E-16  0.1450E-13  0.1200E-12  0.2260E-12  0.3010E-12  0.3820E-12  0.4290E-12  0.4140E-12  0.3550E-12  0.3140E-12
  0.1000E+15  0.1000E-73  0.1040E-45  0.7080E-32  0.1380E-21  0.1630E-16  0.1450E-13  0.1200E-12  0.2260E-12  0.3010E-12  0.3820E-12  0.4290E-12  0.4140E-12  0.3550E-12  0.3140E-12
  0.1000E+16  0.1000E-73  0.1100E-45  0.7080E-32  0.1380E-21  0.1630E-16  0.1450E-13  0.1200E-12  0.2260E-12  0.3010E-12  0.3820E-12  0.4290E-12  0.4140E-12  0.3550E-12  0.3140E-12
  0.1000E+17  0.1000E-73  0.1090E-45  0.7080E-32  0.1380E-21  0.1630E-16  0.1450E-13  0.1200E-12  0.2260E-12  0.3010E-12  0.3820E-12  0.4290E-12  0.4140E-12  0.3550E-12  0.3140E-12
