 50  7 14
WAVELENGTH(A)= 
     4.697
 7 14 t 
excit   
    29.000     43.500     72.400    145.000    290.000    724.000   1450.000   2170.000   2900.000   4350.000   7240.000  14500.000  29000.000  43500.000 
  0.1000E+11  0.1000E-73  0.3600E-37  0.1020E-26  0.6190E-19  0.4240E-15  0.6970E-13  0.3350E-12  0.5470E-12  0.6920E-12  0.8770E-12  0.1070E-11  0.1260E-11  0.1360E-11  0.1380E-11
  0.1000E+12  0.1000E-73  0.3600E-37  0.1020E-26  0.6190E-19  0.4240E-15  0.6970E-13  0.3350E-12  0.5470E-12  0.6920E-12  0.8770E-12  0.1070E-11  0.1260E-11  0.1360E-11  0.1380E-11
  0.1000E+13  0.1000E-73  0.3600E-37  0.1020E-26  0.6190E-19  0.4240E-15  0.6970E-13  0.3350E-12  0.5470E-12  0.6920E-12  0.8770E-12  0.1070E-11  0.1260E-11  0.1360E-11  0.1380E-11
  0.1000E+14  0.1000E-73  0.3600E-37  0.1020E-26  0.6190E-19  0.4240E-15  0.6970E-13  0.3350E-12  0.5470E-12  0.6920E-12  0.8770E-12  0.1070E-11  0.1260E-11  0.1360E-11  0.1380E-11
  0.1000E+15  0.1000E-73  0.3600E-37  0.1020E-26  0.6190E-19  0.4240E-15  0.6970E-13  0.3350E-12  0.5470E-12  0.6920E-12  0.8770E-12  0.1070E-11  0.1260E-11  0.1360E-11  0.1380E-11
  0.1000E+16  0.1000E-73  0.3600E-37  0.1020E-26  0.6190E-19  0.4240E-15  0.6970E-13  0.3350E-12  0.5470E-12  0.6920E-12  0.8770E-12  0.1070E-11  0.1260E-11  0.1360E-11  0.1380E-11
  0.1000E+17  0.1000E-73  0.3610E-37  0.1020E-26  0.6190E-19  0.4240E-15  0.6970E-13  0.3350E-12  0.5470E-12  0.6920E-12  0.8770E-12  0.1070E-11  0.1260E-11  0.1360E-11  0.1380E-11
WAVELENGTH(A)= 
     5.192
 7 14 t 
excit   
    29.000     43.500     72.400    145.000    290.000    724.000   1450.000   2170.000   2900.000   4350.000   7240.000  14500.000  29000.000  43500.000 
  0.1000E+11  0.1000E-73  0.6890E-34  0.1910E-24  0.2100E-17  0.6420E-14  0.6830E-12  0.2910E-11  0.4560E-11  0.5660E-11  0.7000E-11  0.8260E-11  0.9230E-11  0.9460E-11  0.9250E-11
  0.1000E+12  0.1000E-73  0.6890E-34  0.1910E-24  0.2100E-17  0.6420E-14  0.6830E-12  0.2910E-11  0.4560E-11  0.5660E-11  0.7000E-11  0.8260E-11  0.9230E-11  0.9460E-11  0.9250E-11
  0.1000E+13  0.1000E-73  0.6890E-34  0.1910E-24  0.2100E-17  0.6420E-14  0.6830E-12  0.2910E-11  0.4560E-11  0.5660E-11  0.7000E-11  0.8260E-11  0.9230E-11  0.9460E-11  0.9250E-11
  0.1000E+14  0.1000E-73  0.6890E-34  0.1910E-24  0.2100E-17  0.6420E-14  0.6830E-12  0.2910E-11  0.4560E-11  0.5660E-11  0.7000E-11  0.8260E-11  0.9230E-11  0.9460E-11  0.9250E-11
  0.1000E+15  0.1000E-45  0.6890E-34  0.1910E-24  0.2100E-17  0.6420E-14  0.6830E-12  0.2910E-11  0.4560E-11  0.5660E-11  0.7000E-11  0.8260E-11  0.9230E-11  0.9460E-11  0.9250E-11
  0.1000E+16  0.1000E-45  0.6890E-34  0.1910E-24  0.2100E-17  0.6420E-14  0.6830E-12  0.2910E-11  0.4560E-11  0.5660E-11  0.7000E-11  0.8260E-11  0.9230E-11  0.9460E-11  0.9250E-11
  0.1000E+17  0.9750E-46  0.6890E-34  0.1910E-24  0.2100E-17  0.6420E-14  0.6830E-12  0.2910E-11  0.4560E-11  0.5660E-11  0.7000E-11  0.8260E-11  0.9230E-11  0.9460E-11  0.9250E-11
WAVELENGTH(A)= 
     6.055
 7 14 t 
excit   
    29.000     43.500     72.400    145.000    290.000    724.000   1450.000   2170.000   2900.000   4350.000   7240.000  14500.000  29000.000  43500.000 
  0.1000E+11  0.4440E-39  0.6240E-29  0.7410E-21  0.7290E-15  0.6300E-12  0.3060E-10  0.9930E-10  0.1400E-09  0.1640E-09  0.1890E-09  0.2060E-09  0.2110E-09  0.2000E-09  0.1890E-09
  0.1000E+12  0.4450E-39  0.6240E-29  0.7410E-21  0.7290E-15  0.6300E-12  0.3060E-10  0.9930E-10  0.1400E-09  0.1640E-09  0.1890E-09  0.2060E-09  0.2110E-09  0.2000E-09  0.1890E-09
  0.1000E+13  0.4450E-39  0.6240E-29  0.7410E-21  0.7290E-15  0.6300E-12  0.3060E-10  0.9930E-10  0.1400E-09  0.1640E-09  0.1890E-09  0.2060E-09  0.2110E-09  0.2000E-09  0.1890E-09
  0.1000E+14  0.4450E-39  0.6240E-29  0.7410E-21  0.7290E-15  0.6300E-12  0.3060E-10  0.9930E-10  0.1400E-09  0.1640E-09  0.1890E-09  0.2060E-09  0.2110E-09  0.2000E-09  0.1890E-09
  0.1000E+15  0.4450E-39  0.6240E-29  0.7410E-21  0.7290E-15  0.6300E-12  0.3060E-10  0.9930E-10  0.1400E-09  0.1640E-09  0.1890E-09  0.2060E-09  0.2110E-09  0.2000E-09  0.1890E-09
  0.1000E+16  0.4450E-39  0.6240E-29  0.7410E-21  0.7290E-15  0.6300E-12  0.3060E-10  0.9930E-10  0.1400E-09  0.1640E-09  0.1890E-09  0.2060E-09  0.2110E-09  0.2000E-09  0.1890E-09
  0.1000E+17  0.4450E-39  0.6240E-29  0.7410E-21  0.7290E-15  0.6300E-12  0.3060E-10  0.9930E-10  0.1400E-09  0.1640E-09  0.1890E-09  0.2060E-09  0.2110E-09  0.2000E-09  0.1890E-09
WAVELENGTH(A)= 
     6.142
 7 14 t 
excit   
    29.000     43.500     72.400    145.000    290.000    724.000   1450.000   2170.000   2900.000   4350.000   7240.000  14500.000  29000.000  43500.000 
  0.1000E+11  0.1000E-73  0.1110E-33  0.3090E-24  0.3400E-17  0.1040E-13  0.1110E-11  0.4710E-11  0.7380E-11  0.9160E-11  0.1130E-10  0.1340E-10  0.1490E-10  0.1530E-10  0.1500E-10
  0.1000E+12  0.1000E-73  0.1110E-33  0.3090E-24  0.3400E-17  0.1040E-13  0.1110E-11  0.4710E-11  0.7380E-11  0.9160E-11  0.1130E-10  0.1340E-10  0.1490E-10  0.1530E-10  0.1500E-10
  0.1000E+13  0.1000E-73  0.1110E-33  0.3090E-24  0.3400E-17  0.1040E-13  0.1110E-11  0.4710E-11  0.7380E-11  0.9160E-11  0.1130E-10  0.1340E-10  0.1490E-10  0.1530E-10  0.1500E-10
  0.1000E+14  0.1000E-73  0.1110E-33  0.3090E-24  0.3400E-17  0.1040E-13  0.1110E-11  0.4710E-11  0.7380E-11  0.9160E-11  0.1130E-10  0.1340E-10  0.1490E-10  0.1530E-10  0.1500E-10
  0.1000E+15  0.1630E-45  0.1110E-33  0.3090E-24  0.3400E-17  0.1040E-13  0.1110E-11  0.4710E-11  0.7380E-11  0.9160E-11  0.1130E-10  0.1340E-10  0.1490E-10  0.1530E-10  0.1500E-10
  0.1000E+16  0.1630E-45  0.1110E-33  0.3090E-24  0.3400E-17  0.1040E-13  0.1110E-11  0.4710E-11  0.7380E-11  0.9160E-11  0.1130E-10  0.1340E-10  0.1490E-10  0.1530E-10  0.1500E-10
  0.1000E+17  0.1580E-45  0.1110E-33  0.3090E-24  0.3400E-17  0.1040E-13  0.1110E-11  0.4710E-11  0.7380E-11  0.9160E-11  0.1130E-10  0.1340E-10  0.1490E-10  0.1530E-10  0.1500E-10
WAVELENGTH(A)= 
     6.150
 7 14 t 
excit   
    29.000     43.500     72.400    145.000    290.000    724.000   1450.000   2170.000   2900.000   4350.000   7240.000  14500.000  29000.000  43500.000 
  0.1000E+11  0.1000E-73  0.1130E-31  0.4940E-23  0.1290E-16  0.1750E-13  0.1050E-11  0.3500E-11  0.4870E-11  0.5550E-11  0.6050E-11  0.6030E-11  0.5330E-11  0.4310E-11  0.3750E-11
  0.1000E+12  0.1610E-42  0.1130E-31  0.4940E-23  0.1290E-16  0.1750E-13  0.1050E-11  0.3500E-11  0.4870E-11  0.5550E-11  0.6050E-11  0.6030E-11  0.5330E-11  0.4310E-11  0.3750E-11
  0.1000E+13  0.1610E-42  0.1130E-31  0.4940E-23  0.1290E-16  0.1750E-13  0.1050E-11  0.3500E-11  0.4870E-11  0.5550E-11  0.6050E-11  0.6030E-11  0.5330E-11  0.4310E-11  0.3750E-11
  0.1000E+14  0.1600E-42  0.1130E-31  0.4940E-23  0.1290E-16  0.1750E-13  0.1050E-11  0.3500E-11  0.4870E-11  0.5550E-11  0.6050E-11  0.6030E-11  0.5330E-11  0.4310E-11  0.3750E-11
  0.1000E+15  0.1600E-42  0.1130E-31  0.4940E-23  0.1290E-16  0.1750E-13  0.1050E-11  0.3500E-11  0.4870E-11  0.5550E-11  0.6050E-11  0.6030E-11  0.5330E-11  0.4310E-11  0.3750E-11
  0.1000E+16  0.1600E-42  0.1130E-31  0.4940E-23  0.1290E-16  0.1750E-13  0.1050E-11  0.3500E-11  0.4870E-11  0.5550E-11  0.6050E-11  0.6030E-11  0.5330E-11  0.4310E-11  0.3750E-11
  0.1000E+17  0.1600E-42  0.1130E-31  0.4940E-23  0.1290E-16  0.1750E-13  0.1050E-11  0.3500E-11  0.4870E-11  0.5550E-11  0.6050E-11  0.6030E-11  0.5320E-11  0.4310E-11  0.3740E-11
WAVELENGTH(A)= 
     7.492
 7 14 t 
excit   
    29.000     43.500     72.400    145.000    290.000    724.000   1450.000   2170.000   2900.000   4350.000   7240.000  14500.000  29000.000  43500.000 
  0.1000E+11  0.4760E-35  0.8730E-27  0.5640E-20  0.1040E-14  0.4350E-12  0.1350E-10  0.3670E-10  0.4800E-10  0.5330E-10  0.5690E-10  0.5650E-10  0.5080E-10  0.4290E-10  0.3820E-10
  0.1000E+12  0.4760E-35  0.8730E-27  0.5640E-20  0.1040E-14  0.4350E-12  0.1350E-10  0.3670E-10  0.4800E-10  0.5330E-10  0.5690E-10  0.5650E-10  0.5080E-10  0.4290E-10  0.3820E-10
  0.1000E+13  0.4760E-35  0.8730E-27  0.5640E-20  0.1040E-14  0.4350E-12  0.1350E-10  0.3670E-10  0.4800E-10  0.5330E-10  0.5690E-10  0.5650E-10  0.5080E-10  0.4290E-10  0.3820E-10
  0.1000E+14  0.4760E-35  0.8730E-27  0.5640E-20  0.1040E-14  0.4350E-12  0.1350E-10  0.3670E-10  0.4800E-10  0.5330E-10  0.5690E-10  0.5650E-10  0.5080E-10  0.4290E-10  0.3820E-10
  0.1000E+15  0.4760E-35  0.8730E-27  0.5640E-20  0.1040E-14  0.4350E-12  0.1350E-10  0.3670E-10  0.4800E-10  0.5330E-10  0.5690E-10  0.5650E-10  0.5080E-10  0.4290E-10  0.3820E-10
  0.1000E+16  0.4760E-35  0.8730E-27  0.5640E-20  0.1040E-14  0.4350E-12  0.1350E-10  0.3670E-10  0.4800E-10  0.5330E-10  0.5690E-10  0.5650E-10  0.5080E-10  0.4290E-10  0.3820E-10
  0.1000E+17  0.4760E-35  0.8730E-27  0.5640E-20  0.1040E-14  0.4350E-12  0.1350E-10  0.3670E-10  0.4800E-10  0.5330E-10  0.5690E-10  0.5650E-10  0.5080E-10  0.4290E-10  0.3820E-10
WAVELENGTH(A)= 
     8.348
 7 14 t 
excit   
    29.000     43.500     72.400    145.000    290.000    724.000   1450.000   2170.000   2900.000   4350.000   7240.000  14500.000  29000.000  43500.000 
  0.1000E+11  0.2330E-38  0.3520E-29  0.7120E-22  0.1880E-16  0.8370E-14  0.2650E-12  0.7180E-12  0.9360E-12  0.1040E-11  0.1100E-11  0.1090E-11  0.9680E-12  0.8090E-12  0.7160E-12
  0.1000E+12  0.2330E-38  0.3520E-29  0.7120E-22  0.1880E-16  0.8370E-14  0.2650E-12  0.7180E-12  0.9360E-12  0.1040E-11  0.1100E-11  0.1090E-11  0.9680E-12  0.8090E-12  0.7160E-12
  0.1000E+13  0.2330E-38  0.3520E-29  0.7120E-22  0.1880E-16  0.8370E-14  0.2650E-12  0.7180E-12  0.9360E-12  0.1040E-11  0.1100E-11  0.1090E-11  0.9680E-12  0.8090E-12  0.7160E-12
  0.1000E+14  0.2330E-38  0.3520E-29  0.7120E-22  0.1880E-16  0.8370E-14  0.2650E-12  0.7180E-12  0.9360E-12  0.1040E-11  0.1100E-11  0.1090E-11  0.9680E-12  0.8090E-12  0.7160E-12
  0.1000E+15  0.2330E-38  0.3520E-29  0.7120E-22  0.1880E-16  0.8370E-14  0.2650E-12  0.7180E-12  0.9360E-12  0.1040E-11  0.1100E-11  0.1090E-11  0.9680E-12  0.8090E-12  0.7160E-12
  0.1000E+16  0.2330E-38  0.3520E-29  0.7120E-22  0.1880E-16  0.8370E-14  0.2650E-12  0.7180E-12  0.9360E-12  0.1040E-11  0.1100E-11  0.1090E-11  0.9680E-12  0.8090E-12  0.7160E-12
  0.1000E+17  0.2330E-38  0.3520E-29  0.7120E-22  0.1880E-16  0.8370E-14  0.2650E-12  0.7180E-12  0.9360E-12  0.1040E-11  0.1100E-11  0.1090E-11  0.9680E-12  0.8090E-12  0.7160E-12
WAVELENGTH(A)= 
     8.533
 7 14 t 
excit   
    29.000     43.500     72.400    145.000    290.000    724.000   1450.000   2170.000   2900.000   4350.000   7240.000  14500.000  29000.000  43500.000 
  0.1000E+11  0.1530E-32  0.2290E-25  0.1140E-19  0.1860E-15  0.2040E-13  0.2900E-12  0.6690E-12  0.8870E-12  0.1030E-11  0.1220E-11  0.1410E-11  0.1560E-11  0.1590E-11  0.1560E-11
  0.1000E+12  0.1530E-32  0.2290E-25  0.1140E-19  0.1860E-15  0.2040E-13  0.2900E-12  0.6690E-12  0.8870E-12  0.1030E-11  0.1220E-11  0.1410E-11  0.1560E-11  0.1590E-11  0.1560E-11
  0.1000E+13  0.1530E-32  0.2290E-25  0.1140E-19  0.1860E-15  0.2040E-13  0.2900E-12  0.6690E-12  0.8870E-12  0.1030E-11  0.1220E-11  0.1410E-11  0.1560E-11  0.1590E-11  0.1560E-11
  0.1000E+14  0.1530E-32  0.2290E-25  0.1140E-19  0.1860E-15  0.2040E-13  0.2900E-12  0.6690E-12  0.8870E-12  0.1030E-11  0.1220E-11  0.1410E-11  0.1560E-11  0.1590E-11  0.1560E-11
  0.1000E+15  0.1530E-32  0.2290E-25  0.1140E-19  0.1860E-15  0.2040E-13  0.2900E-12  0.6690E-12  0.8870E-12  0.1030E-11  0.1220E-11  0.1410E-11  0.1560E-11  0.1590E-11  0.1560E-11
  0.1000E+16  0.1530E-32  0.2290E-25  0.1140E-19  0.1860E-15  0.2040E-13  0.2900E-12  0.6690E-12  0.8870E-12  0.1030E-11  0.1220E-11  0.1410E-11  0.1560E-11  0.1590E-11  0.1560E-11
  0.1000E+17  0.1530E-32  0.2290E-25  0.1150E-19  0.1860E-15  0.2050E-13  0.2910E-12  0.6690E-12  0.8870E-12  0.1030E-11  0.1220E-11  0.1410E-11  0.1560E-11  0.1590E-11  0.1560E-11
WAVELENGTH(A)= 
     9.697
 7 14 t 
excit   
    29.000     43.500     72.400    145.000    290.000    724.000   1450.000   2170.000   2900.000   4350.000   7240.000  14500.000  29000.000  43500.000 
  0.1000E+11  0.2990E-32  0.6060E-25  0.3870E-19  0.7510E-15  0.8870E-13  0.1240E-11  0.2540E-11  0.3020E-11  0.3190E-11  0.3210E-11  0.3000E-11  0.2490E-11  0.1940E-11  0.1650E-11
  0.1000E+12  0.2990E-32  0.6060E-25  0.3870E-19  0.7510E-15  0.8870E-13  0.1240E-11  0.2540E-11  0.3020E-11  0.3190E-11  0.3210E-11  0.3000E-11  0.2490E-11  0.1940E-11  0.1650E-11
  0.1000E+13  0.2990E-32  0.6060E-25  0.3870E-19  0.7510E-15  0.8870E-13  0.1240E-11  0.2540E-11  0.3020E-11  0.3190E-11  0.3210E-11  0.3000E-11  0.2490E-11  0.1940E-11  0.1650E-11
  0.1000E+14  0.2990E-32  0.6060E-25  0.3870E-19  0.7510E-15  0.8870E-13  0.1240E-11  0.2540E-11  0.3020E-11  0.3190E-11  0.3210E-11  0.3000E-11  0.2490E-11  0.1940E-11  0.1650E-11
  0.1000E+15  0.2990E-32  0.6060E-25  0.3870E-19  0.7510E-15  0.8870E-13  0.1240E-11  0.2540E-11  0.3020E-11  0.3190E-11  0.3210E-11  0.3000E-11  0.2490E-11  0.1940E-11  0.1650E-11
  0.1000E+16  0.2990E-32  0.6060E-25  0.3870E-19  0.7510E-15  0.8870E-13  0.1240E-11  0.2540E-11  0.3020E-11  0.3190E-11  0.3210E-11  0.3000E-11  0.2490E-11  0.1940E-11  0.1650E-11
  0.1000E+17  0.2990E-32  0.6060E-25  0.3870E-19  0.7510E-15  0.8870E-13  0.1240E-11  0.2540E-11  0.3020E-11  0.3190E-11  0.3210E-11  0.3000E-11  0.2490E-11  0.1940E-11  0.1650E-11
WAVELENGTH(A)= 
     9.906
 7 14 t 
excit   
    29.000     43.500     72.400    145.000    290.000    724.000   1450.000   2170.000   2900.000   4350.000   7240.000  14500.000  29000.000  43500.000 
  0.1000E+11  0.4070E-29  0.6060E-23  0.4980E-18  0.2280E-14  0.1410E-12  0.1460E-11  0.2960E-11  0.3720E-11  0.4170E-11  0.4700E-11  0.5150E-11  0.5420E-11  0.5300E-11  0.5090E-11
  0.1000E+12  0.4070E-29  0.6060E-23  0.4980E-18  0.2280E-14  0.1410E-12  0.1460E-11  0.2960E-11  0.3720E-11  0.4170E-11  0.4700E-11  0.5150E-11  0.5420E-11  0.5300E-11  0.5090E-11
  0.1000E+13  0.4070E-29  0.6060E-23  0.4980E-18  0.2280E-14  0.1410E-12  0.1460E-11  0.2960E-11  0.3720E-11  0.4170E-11  0.4700E-11  0.5150E-11  0.5420E-11  0.5300E-11  0.5090E-11
  0.1000E+14  0.4070E-29  0.6060E-23  0.4980E-18  0.2280E-14  0.1410E-12  0.1460E-11  0.2960E-11  0.3720E-11  0.4170E-11  0.4700E-11  0.5150E-11  0.5420E-11  0.5300E-11  0.5090E-11
  0.1000E+15  0.4070E-29  0.6060E-23  0.4980E-18  0.2280E-14  0.1410E-12  0.1460E-11  0.2960E-11  0.3720E-11  0.4170E-11  0.4700E-11  0.5150E-11  0.5420E-11  0.5300E-11  0.5090E-11
  0.1000E+16  0.4070E-29  0.6060E-23  0.4980E-18  0.2280E-14  0.1410E-12  0.1460E-11  0.2960E-11  0.3720E-11  0.4170E-11  0.4700E-11  0.5150E-11  0.5420E-11  0.5300E-11  0.5090E-11
  0.1000E+17  0.4080E-29  0.6070E-23  0.4980E-18  0.2280E-14  0.1410E-12  0.1460E-11  0.2960E-11  0.3720E-11  0.4170E-11  0.4700E-11  0.5150E-11  0.5410E-11  0.5300E-11  0.5090E-11
WAVELENGTH(A)= 
     9.935
 7 14 t 
excit   
    29.000     43.500     72.400    145.000    290.000    724.000   1450.000   2170.000   2900.000   4350.000   7240.000  14500.000  29000.000  43500.000 
  0.1000E+11  0.7390E-32  0.7620E-25  0.2830E-19  0.3660E-15  0.3550E-13  0.4470E-12  0.9070E-12  0.1090E-11  0.1160E-11  0.1190E-11  0.1140E-11  0.9750E-12  0.7810E-12  0.6710E-12
  0.1000E+12  0.7390E-32  0.7620E-25  0.2830E-19  0.3660E-15  0.3550E-13  0.4470E-12  0.9070E-12  0.1090E-11  0.1160E-11  0.1190E-11  0.1140E-11  0.9750E-12  0.7810E-12  0.6710E-12
  0.1000E+13  0.7390E-32  0.7620E-25  0.2830E-19  0.3660E-15  0.3550E-13  0.4470E-12  0.9070E-12  0.1090E-11  0.1160E-11  0.1190E-11  0.1140E-11  0.9750E-12  0.7810E-12  0.6710E-12
  0.1000E+14  0.7390E-32  0.7620E-25  0.2830E-19  0.3660E-15  0.3550E-13  0.4470E-12  0.9070E-12  0.1090E-11  0.1160E-11  0.1190E-11  0.1140E-11  0.9750E-12  0.7810E-12  0.6710E-12
  0.1000E+15  0.7390E-32  0.7620E-25  0.2830E-19  0.3660E-15  0.3550E-13  0.4470E-12  0.9070E-12  0.1090E-11  0.1160E-11  0.1190E-11  0.1140E-11  0.9750E-12  0.7810E-12  0.6710E-12
  0.1000E+16  0.7390E-32  0.7620E-25  0.2830E-19  0.3660E-15  0.3550E-13  0.4470E-12  0.9070E-12  0.1090E-11  0.1160E-11  0.1190E-11  0.1140E-11  0.9750E-12  0.7810E-12  0.6710E-12
  0.1000E+17  0.7390E-32  0.7620E-25  0.2830E-19  0.3660E-15  0.3550E-13  0.4470E-12  0.9070E-12  0.1090E-11  0.1160E-11  0.1190E-11  0.1140E-11  0.9750E-12  0.7810E-12  0.6710E-12
WAVELENGTH(A)= 
    10.155
 7 14 t 
excit   
    29.000     43.500     72.400    145.000    290.000    724.000   1450.000   2170.000   2900.000   4350.000   7240.000  14500.000  29000.000  43500.000 
  0.1000E+11  0.1040E-31  0.1080E-24  0.4070E-19  0.5300E-15  0.5120E-13  0.6320E-12  0.1240E-11  0.1450E-11  0.1510E-11  0.1500E-11  0.1380E-11  0.1140E-11  0.8810E-12  0.7470E-12
  0.1000E+12  0.1040E-31  0.1080E-24  0.4070E-19  0.5300E-15  0.5120E-13  0.6320E-12  0.1240E-11  0.1450E-11  0.1510E-11  0.1500E-11  0.1380E-11  0.1140E-11  0.8810E-12  0.7470E-12
  0.1000E+13  0.1040E-31  0.1080E-24  0.4070E-19  0.5300E-15  0.5120E-13  0.6320E-12  0.1240E-11  0.1450E-11  0.1510E-11  0.1500E-11  0.1380E-11  0.1140E-11  0.8810E-12  0.7470E-12
  0.1000E+14  0.1040E-31  0.1080E-24  0.4070E-19  0.5300E-15  0.5120E-13  0.6320E-12  0.1240E-11  0.1450E-11  0.1510E-11  0.1500E-11  0.1380E-11  0.1140E-11  0.8810E-12  0.7470E-12
  0.1000E+15  0.1040E-31  0.1080E-24  0.4070E-19  0.5300E-15  0.5120E-13  0.6320E-12  0.1240E-11  0.1450E-11  0.1510E-11  0.1500E-11  0.1380E-11  0.1140E-11  0.8810E-12  0.7470E-12
  0.1000E+16  0.1040E-31  0.1080E-24  0.4070E-19  0.5300E-15  0.5120E-13  0.6320E-12  0.1240E-11  0.1450E-11  0.1510E-11  0.1500E-11  0.1380E-11  0.1140E-11  0.8810E-12  0.7470E-12
  0.1000E+17  0.1040E-31  0.1080E-24  0.4070E-19  0.5300E-15  0.5120E-13  0.6320E-12  0.1240E-11  0.1450E-11  0.1510E-11  0.1500E-11  0.1380E-11  0.1140E-11  0.8810E-12  0.7470E-12
WAVELENGTH(A)= 
    10.695
 7 14 t 
excit   
    29.000     43.500     72.400    145.000    290.000    724.000   1450.000   2170.000   2900.000   4350.000   7240.000  14500.000  29000.000  43500.000 
  0.1000E+11  0.5180E-28  0.2660E-22  0.9050E-18  0.2010E-14  0.8410E-13  0.6810E-12  0.1270E-11  0.1540E-11  0.1700E-11  0.1860E-11  0.1980E-11  0.2020E-11  0.1920E-11  0.1810E-11
  0.1000E+12  0.5180E-28  0.2660E-22  0.9050E-18  0.2010E-14  0.8410E-13  0.6810E-12  0.1270E-11  0.1540E-11  0.1700E-11  0.1860E-11  0.1980E-11  0.2020E-11  0.1920E-11  0.1810E-11
  0.1000E+13  0.5180E-28  0.2660E-22  0.9050E-18  0.2010E-14  0.8410E-13  0.6810E-12  0.1270E-11  0.1540E-11  0.1700E-11  0.1860E-11  0.1980E-11  0.2020E-11  0.1920E-11  0.1810E-11
  0.1000E+14  0.5180E-28  0.2660E-22  0.9050E-18  0.2010E-14  0.8410E-13  0.6810E-12  0.1270E-11  0.1540E-11  0.1700E-11  0.1860E-11  0.1980E-11  0.2020E-11  0.1920E-11  0.1810E-11
  0.1000E+15  0.5180E-28  0.2660E-22  0.9050E-18  0.2010E-14  0.8410E-13  0.6810E-12  0.1270E-11  0.1540E-11  0.1700E-11  0.1860E-11  0.1980E-11  0.2020E-11  0.1920E-11  0.1810E-11
  0.1000E+16  0.5180E-28  0.2660E-22  0.9050E-18  0.2010E-14  0.8410E-13  0.6810E-12  0.1270E-11  0.1540E-11  0.1700E-11  0.1860E-11  0.1980E-11  0.2020E-11  0.1920E-11  0.1810E-11
  0.1000E+17  0.5180E-28  0.2660E-22  0.9060E-18  0.2010E-14  0.8410E-13  0.6810E-12  0.1270E-11  0.1540E-11  0.1700E-11  0.1860E-11  0.1980E-11  0.2020E-11  0.1920E-11  0.1810E-11
WAVELENGTH(A)= 
    11.322
 7 14 t 
excit   
    29.000     43.500     72.400    145.000    290.000    724.000   1450.000   2170.000   2900.000   4350.000   7240.000  14500.000  29000.000  43500.000 
  0.1000E+11  0.3920E-29  0.9630E-23  0.1140E-17  0.6250E-14  0.3950E-12  0.3840E-11  0.7070E-11  0.8150E-11  0.8460E-11  0.8490E-11  0.7920E-11  0.6630E-11  0.5270E-11  0.4530E-11
  0.1000E+12  0.3920E-29  0.9630E-23  0.1140E-17  0.6250E-14  0.3950E-12  0.3840E-11  0.7070E-11  0.8150E-11  0.8460E-11  0.8490E-11  0.7920E-11  0.6630E-11  0.5270E-11  0.4530E-11
  0.1000E+13  0.3920E-29  0.9630E-23  0.1140E-17  0.6250E-14  0.3950E-12  0.3840E-11  0.7070E-11  0.8150E-11  0.8460E-11  0.8490E-11  0.7920E-11  0.6630E-11  0.5270E-11  0.4530E-11
  0.1000E+14  0.3920E-29  0.9630E-23  0.1140E-17  0.6250E-14  0.3950E-12  0.3840E-11  0.7070E-11  0.8150E-11  0.8460E-11  0.8490E-11  0.7920E-11  0.6630E-11  0.5270E-11  0.4530E-11
  0.1000E+15  0.3920E-29  0.9630E-23  0.1140E-17  0.6250E-14  0.3950E-12  0.3840E-11  0.7070E-11  0.8150E-11  0.8460E-11  0.8490E-11  0.7920E-11  0.6630E-11  0.5270E-11  0.4530E-11
  0.1000E+16  0.3920E-29  0.9630E-23  0.1140E-17  0.6250E-14  0.3950E-12  0.3840E-11  0.7070E-11  0.8150E-11  0.8460E-11  0.8490E-11  0.7920E-11  0.6630E-11  0.5270E-11  0.4530E-11
  0.1000E+17  0.3930E-29  0.9630E-23  0.1140E-17  0.6250E-14  0.3950E-12  0.3840E-11  0.7070E-11  0.8150E-11  0.8460E-11  0.8490E-11  0.7920E-11  0.6630E-11  0.5270E-11  0.4530E-11
WAVELENGTH(A)= 
    12.391
 7 14 t 
excit   
    29.000     43.500     72.400    145.000    290.000    724.000   1450.000   2170.000   2900.000   4350.000   7240.000  14500.000  29000.000  43500.000 
  0.1000E+11  0.2860E-31  0.1640E-24  0.3840E-19  0.3520E-15  0.2860E-13  0.3260E-12  0.6590E-12  0.8150E-12  0.9040E-12  0.1010E-11  0.1110E-11  0.1180E-11  0.1190E-11  0.1150E-11
  0.1000E+12  0.2860E-31  0.1640E-24  0.3840E-19  0.3520E-15  0.2860E-13  0.3260E-12  0.6590E-12  0.8150E-12  0.9040E-12  0.1010E-11  0.1110E-11  0.1180E-11  0.1190E-11  0.1150E-11
  0.1000E+13  0.2860E-31  0.1640E-24  0.3840E-19  0.3520E-15  0.2860E-13  0.3260E-12  0.6590E-12  0.8150E-12  0.9040E-12  0.1010E-11  0.1110E-11  0.1180E-11  0.1190E-11  0.1150E-11
  0.1000E+14  0.2860E-31  0.1640E-24  0.3840E-19  0.3520E-15  0.2860E-13  0.3260E-12  0.6590E-12  0.8150E-12  0.9040E-12  0.1010E-11  0.1110E-11  0.1180E-11  0.1190E-11  0.1150E-11
  0.1000E+15  0.2860E-31  0.1640E-24  0.3840E-19  0.3520E-15  0.2860E-13  0.3260E-12  0.6590E-12  0.8150E-12  0.9040E-12  0.1010E-11  0.1110E-11  0.1180E-11  0.1190E-11  0.1150E-11
  0.1000E+16  0.2860E-31  0.1640E-24  0.3840E-19  0.3520E-15  0.2860E-13  0.3260E-12  0.6590E-12  0.8150E-12  0.9040E-12  0.1010E-11  0.1110E-11  0.1180E-11  0.1190E-11  0.1150E-11
  0.1000E+17  0.2870E-31  0.1650E-24  0.3840E-19  0.3520E-15  0.2860E-13  0.3260E-12  0.6590E-12  0.8150E-12  0.9040E-12  0.1010E-11  0.1110E-11  0.1180E-11  0.1190E-11  0.1150E-11
WAVELENGTH(A)= 
    12.405
 7 14 t 
excit   
    29.000     43.500     72.400    145.000    290.000    724.000   1450.000   2170.000   2900.000   4350.000   7240.000  14500.000  29000.000  43500.000 
  0.1000E+11  0.8020E-28  0.6590E-22  0.3230E-17  0.9250E-14  0.4230E-12  0.3390E-11  0.5800E-11  0.6510E-11  0.6700E-11  0.6610E-11  0.6080E-11  0.5080E-11  0.4060E-11  0.3520E-11
  0.1000E+12  0.8020E-28  0.6590E-22  0.3230E-17  0.9250E-14  0.4230E-12  0.3390E-11  0.5800E-11  0.6510E-11  0.6700E-11  0.6610E-11  0.6080E-11  0.5080E-11  0.4060E-11  0.3520E-11
  0.1000E+13  0.8020E-28  0.6590E-22  0.3230E-17  0.9250E-14  0.4230E-12  0.3390E-11  0.5800E-11  0.6510E-11  0.6700E-11  0.6610E-11  0.6080E-11  0.5080E-11  0.4060E-11  0.3520E-11
  0.1000E+14  0.8020E-28  0.6590E-22  0.3230E-17  0.9250E-14  0.4230E-12  0.3390E-11  0.5800E-11  0.6510E-11  0.6700E-11  0.6610E-11  0.6080E-11  0.5080E-11  0.4060E-11  0.3520E-11
  0.1000E+15  0.8020E-28  0.6590E-22  0.3230E-17  0.9250E-14  0.4230E-12  0.3390E-11  0.5800E-11  0.6510E-11  0.6700E-11  0.6610E-11  0.6080E-11  0.5080E-11  0.4060E-11  0.3520E-11
  0.1000E+16  0.8020E-28  0.6590E-22  0.3230E-17  0.9250E-14  0.4230E-12  0.3390E-11  0.5800E-11  0.6510E-11  0.6700E-11  0.6610E-11  0.6080E-11  0.5080E-11  0.4060E-11  0.3520E-11
  0.1000E+17  0.8020E-28  0.6590E-22  0.3230E-17  0.9250E-14  0.4230E-12  0.3390E-11  0.5800E-11  0.6510E-11  0.6690E-11  0.6610E-11  0.6080E-11  0.5080E-11  0.4060E-11  0.3520E-11
WAVELENGTH(A)= 
    12.666
 7 14 t 
excit   
    29.000     43.500     72.400    145.000    290.000    724.000   1450.000   2170.000   2900.000   4350.000   7240.000  14500.000  29000.000  43500.000 
  0.1000E+11  0.7670E-25  0.4900E-20  0.3140E-16  0.1970E-13  0.4260E-12  0.2260E-11  0.3620E-11  0.4180E-11  0.4500E-11  0.4850E-11  0.5160E-11  0.5340E-11  0.5230E-11  0.5050E-11
  0.1000E+12  0.7670E-25  0.4900E-20  0.3140E-16  0.1970E-13  0.4260E-12  0.2260E-11  0.3620E-11  0.4180E-11  0.4500E-11  0.4850E-11  0.5160E-11  0.5340E-11  0.5230E-11  0.5050E-11
  0.1000E+13  0.7670E-25  0.4900E-20  0.3140E-16  0.1970E-13  0.4260E-12  0.2260E-11  0.3620E-11  0.4180E-11  0.4500E-11  0.4850E-11  0.5160E-11  0.5340E-11  0.5230E-11  0.5050E-11
  0.1000E+14  0.7670E-25  0.4900E-20  0.3140E-16  0.1970E-13  0.4260E-12  0.2260E-11  0.3620E-11  0.4180E-11  0.4500E-11  0.4850E-11  0.5160E-11  0.5340E-11  0.5230E-11  0.5050E-11
  0.1000E+15  0.7670E-25  0.4900E-20  0.3140E-16  0.1970E-13  0.4260E-12  0.2260E-11  0.3620E-11  0.4180E-11  0.4500E-11  0.4850E-11  0.5160E-11  0.5340E-11  0.5230E-11  0.5050E-11
  0.1000E+16  0.7670E-25  0.4900E-20  0.3140E-16  0.1970E-13  0.4260E-12  0.2260E-11  0.3620E-11  0.4180E-11  0.4500E-11  0.4850E-11  0.5160E-11  0.5340E-11  0.5230E-11  0.5050E-11
  0.1000E+17  0.7670E-25  0.4900E-20  0.3140E-16  0.1970E-13  0.4260E-12  0.2260E-11  0.3620E-11  0.4180E-11  0.4500E-11  0.4850E-11  0.5160E-11  0.5340E-11  0.5230E-11  0.5050E-11
WAVELENGTH(A)= 
    13.718
 7 14 t 
excit   
    29.000     43.500     72.400    145.000    290.000    724.000   1450.000   2170.000   2900.000   4350.000   7240.000  14500.000  29000.000  43500.000 
  0.1000E+11  0.2980E-23  0.8040E-19  0.2640E-15  0.1080E-12  0.2150E-11  0.1220E-10  0.2090E-10  0.2480E-10  0.2700E-10  0.2950E-10  0.3150E-10  0.3210E-10  0.3090E-10  0.2950E-10
  0.1000E+12  0.2980E-23  0.8040E-19  0.2640E-15  0.1080E-12  0.2150E-11  0.1220E-10  0.2090E-10  0.2480E-10  0.2700E-10  0.2950E-10  0.3150E-10  0.3210E-10  0.3090E-10  0.2950E-10
  0.1000E+13  0.2980E-23  0.8040E-19  0.2640E-15  0.1080E-12  0.2150E-11  0.1220E-10  0.2090E-10  0.2480E-10  0.2700E-10  0.2950E-10  0.3150E-10  0.3210E-10  0.3090E-10  0.2950E-10
  0.1000E+14  0.2980E-23  0.8040E-19  0.2640E-15  0.1080E-12  0.2150E-11  0.1220E-10  0.2090E-10  0.2480E-10  0.2700E-10  0.2950E-10  0.3150E-10  0.3210E-10  0.3090E-10  0.2950E-10
  0.1000E+15  0.2980E-23  0.8040E-19  0.2640E-15  0.1080E-12  0.2150E-11  0.1220E-10  0.2090E-10  0.2480E-10  0.2700E-10  0.2950E-10  0.3150E-10  0.3210E-10  0.3090E-10  0.2950E-10
  0.1000E+16  0.2980E-23  0.8040E-19  0.2640E-15  0.1080E-12  0.2150E-11  0.1220E-10  0.2090E-10  0.2480E-10  0.2700E-10  0.2950E-10  0.3150E-10  0.3210E-10  0.3090E-10  0.2950E-10
  0.1000E+17  0.2980E-23  0.8040E-19  0.2640E-15  0.1080E-12  0.2150E-11  0.1220E-10  0.2090E-10  0.2480E-10  0.2700E-10  0.2950E-10  0.3150E-10  0.3210E-10  0.3090E-10  0.2950E-10
WAVELENGTH(A)= 
    13.775
 7 14 t 
excit   
    29.000     43.500     72.400    145.000    290.000    724.000   1450.000   2170.000   2900.000   4350.000   7240.000  14500.000  29000.000  43500.000 
  0.1000E+11  0.4930E-26  0.9270E-21  0.1400E-16  0.1670E-13  0.5000E-12  0.3220E-11  0.5340E-11  0.6060E-11  0.6300E-11  0.6370E-11  0.6070E-11  0.5290E-11  0.4360E-11  0.3830E-11
  0.1000E+12  0.4930E-26  0.9270E-21  0.1400E-16  0.1670E-13  0.5000E-12  0.3220E-11  0.5340E-11  0.6060E-11  0.6300E-11  0.6370E-11  0.6070E-11  0.5290E-11  0.4360E-11  0.3830E-11
  0.1000E+13  0.4930E-26  0.9270E-21  0.1400E-16  0.1670E-13  0.5000E-12  0.3220E-11  0.5340E-11  0.6060E-11  0.6300E-11  0.6370E-11  0.6070E-11  0.5290E-11  0.4360E-11  0.3830E-11
  0.1000E+14  0.4930E-26  0.9270E-21  0.1400E-16  0.1670E-13  0.5000E-12  0.3220E-11  0.5340E-11  0.6060E-11  0.6300E-11  0.6370E-11  0.6070E-11  0.5290E-11  0.4360E-11  0.3830E-11
  0.1000E+15  0.4930E-26  0.9270E-21  0.1400E-16  0.1670E-13  0.5000E-12  0.3220E-11  0.5340E-11  0.6060E-11  0.6300E-11  0.6370E-11  0.6070E-11  0.5290E-11  0.4360E-11  0.3830E-11
  0.1000E+16  0.4930E-26  0.9270E-21  0.1400E-16  0.1670E-13  0.5000E-12  0.3220E-11  0.5340E-11  0.6060E-11  0.6300E-11  0.6370E-11  0.6070E-11  0.5290E-11  0.4360E-11  0.3830E-11
  0.1000E+17  0.4940E-26  0.9270E-21  0.1400E-16  0.1670E-13  0.5000E-12  0.3220E-11  0.5340E-11  0.6060E-11  0.6300E-11  0.6370E-11  0.6070E-11  0.5290E-11  0.4360E-11  0.3830E-11
WAVELENGTH(A)= 
    14.453
 7 14 t 
excit   
    29.000     43.500     72.400    145.000    290.000    724.000   1450.000   2170.000   2900.000   4350.000   7240.000  14500.000  29000.000  43500.000 
  0.1000E+11  0.7460E-30  0.1110E-23  0.9120E-19  0.4170E-15  0.2590E-13  0.2670E-12  0.5430E-12  0.6820E-12  0.7650E-12  0.8610E-12  0.9440E-12  0.9920E-12  0.9710E-12  0.9330E-12
  0.1000E+12  0.7460E-30  0.1110E-23  0.9120E-19  0.4170E-15  0.2590E-13  0.2670E-12  0.5430E-12  0.6820E-12  0.7650E-12  0.8610E-12  0.9440E-12  0.9920E-12  0.9710E-12  0.9330E-12
  0.1000E+13  0.7460E-30  0.1110E-23  0.9120E-19  0.4170E-15  0.2590E-13  0.2670E-12  0.5430E-12  0.6820E-12  0.7650E-12  0.8610E-12  0.9440E-12  0.9920E-12  0.9710E-12  0.9330E-12
  0.1000E+14  0.7460E-30  0.1110E-23  0.9120E-19  0.4170E-15  0.2590E-13  0.2670E-12  0.5430E-12  0.6820E-12  0.7650E-12  0.8610E-12  0.9440E-12  0.9920E-12  0.9710E-12  0.9330E-12
  0.1000E+15  0.7460E-30  0.1110E-23  0.9120E-19  0.4170E-15  0.2590E-13  0.2670E-12  0.5430E-12  0.6820E-12  0.7650E-12  0.8610E-12  0.9440E-12  0.9920E-12  0.9710E-12  0.9330E-12
  0.1000E+16  0.7460E-30  0.1110E-23  0.9120E-19  0.4170E-15  0.2590E-13  0.2670E-12  0.5430E-12  0.6820E-12  0.7650E-12  0.8610E-12  0.9440E-12  0.9920E-12  0.9710E-12  0.9330E-12
  0.1000E+17  0.7470E-30  0.1110E-23  0.9130E-19  0.4170E-15  0.2590E-13  0.2670E-12  0.5430E-12  0.6820E-12  0.7640E-12  0.8610E-12  0.9440E-12  0.9920E-12  0.9710E-12  0.9330E-12
WAVELENGTH(A)= 
    15.780
 7 14 t 
excit   
    29.000     43.500     72.400    145.000    290.000    724.000   1450.000   2170.000   2900.000   4350.000   7240.000  14500.000  29000.000  43500.000 
  0.1000E+11  0.5210E-24  0.3640E-19  0.2500E-15  0.1630E-12  0.3590E-11  0.1910E-10  0.2970E-10  0.3270E-10  0.3350E-10  0.3310E-10  0.3080E-10  0.2600E-10  0.2080E-10  0.1790E-10
  0.1000E+12  0.5210E-24  0.3640E-19  0.2500E-15  0.1630E-12  0.3590E-11  0.1910E-10  0.2970E-10  0.3270E-10  0.3350E-10  0.3310E-10  0.3080E-10  0.2600E-10  0.2080E-10  0.1790E-10
  0.1000E+13  0.5210E-24  0.3640E-19  0.2500E-15  0.1630E-12  0.3590E-11  0.1910E-10  0.2970E-10  0.3270E-10  0.3350E-10  0.3310E-10  0.3080E-10  0.2600E-10  0.2080E-10  0.1790E-10
  0.1000E+14  0.5210E-24  0.3640E-19  0.2500E-15  0.1630E-12  0.3590E-11  0.1910E-10  0.2970E-10  0.3270E-10  0.3350E-10  0.3310E-10  0.3080E-10  0.2600E-10  0.2080E-10  0.1790E-10
  0.1000E+15  0.5210E-24  0.3640E-19  0.2500E-15  0.1630E-12  0.3590E-11  0.1910E-10  0.2970E-10  0.3270E-10  0.3350E-10  0.3310E-10  0.3080E-10  0.2600E-10  0.2080E-10  0.1790E-10
  0.1000E+16  0.5210E-24  0.3640E-19  0.2500E-15  0.1630E-12  0.3590E-11  0.1910E-10  0.2970E-10  0.3270E-10  0.3350E-10  0.3310E-10  0.3080E-10  0.2600E-10  0.2080E-10  0.1790E-10
  0.1000E+17  0.5220E-24  0.3640E-19  0.2500E-15  0.1630E-12  0.3590E-11  0.1910E-10  0.2970E-10  0.3270E-10  0.3350E-10  0.3310E-10  0.3080E-10  0.2600E-10  0.2080E-10  0.1790E-10
WAVELENGTH(A)= 
    16.909
 7 14 t 
excit   
    29.000     43.500     72.400    145.000    290.000    724.000   1450.000   2170.000   2900.000   4350.000   7240.000  14500.000  29000.000  43500.000 
  0.1000E+11  0.1470E-20  0.5650E-17  0.3900E-14  0.4690E-12  0.4720E-11  0.1800E-10  0.2780E-10  0.3260E-10  0.3520E-10  0.3820E-10  0.4030E-10  0.4040E-10  0.3840E-10  0.3630E-10
  0.1000E+12  0.1470E-20  0.5650E-17  0.3900E-14  0.4690E-12  0.4720E-11  0.1800E-10  0.2780E-10  0.3260E-10  0.3520E-10  0.3820E-10  0.4030E-10  0.4040E-10  0.3840E-10  0.3630E-10
  0.1000E+13  0.1470E-20  0.5650E-17  0.3900E-14  0.4690E-12  0.4720E-11  0.1800E-10  0.2780E-10  0.3260E-10  0.3520E-10  0.3820E-10  0.4030E-10  0.4040E-10  0.3840E-10  0.3630E-10
  0.1000E+14  0.1470E-20  0.5650E-17  0.3900E-14  0.4690E-12  0.4720E-11  0.1800E-10  0.2780E-10  0.3260E-10  0.3520E-10  0.3820E-10  0.4030E-10  0.4040E-10  0.3840E-10  0.3630E-10
  0.1000E+15  0.1470E-20  0.5650E-17  0.3900E-14  0.4690E-12  0.4720E-11  0.1800E-10  0.2780E-10  0.3260E-10  0.3520E-10  0.3820E-10  0.4030E-10  0.4040E-10  0.3840E-10  0.3630E-10
  0.1000E+16  0.1470E-20  0.5650E-17  0.3900E-14  0.4690E-12  0.4720E-11  0.1800E-10  0.2780E-10  0.3260E-10  0.3520E-10  0.3820E-10  0.4030E-10  0.4040E-10  0.3840E-10  0.3630E-10
  0.1000E+17  0.1470E-20  0.5650E-17  0.3900E-14  0.4690E-12  0.4720E-11  0.1800E-10  0.2780E-10  0.3250E-10  0.3520E-10  0.3820E-10  0.4020E-10  0.4040E-10  0.3840E-10  0.3630E-10
WAVELENGTH(A)= 
    19.280
 7 14 t 
excit   
    29.000     43.500     72.400    145.000    290.000    724.000   1450.000   2170.000   2900.000   4350.000   7240.000  14500.000  29000.000  43500.000 
  0.1000E+11  0.1040E-32  0.1550E-25  0.7770E-20  0.1270E-15  0.1390E-13  0.1970E-12  0.4540E-12  0.6020E-12  0.7010E-12  0.8270E-12  0.9560E-12  0.1060E-11  0.1080E-11  0.1060E-11
  0.1000E+12  0.1040E-32  0.1550E-25  0.7770E-20  0.1270E-15  0.1390E-13  0.1970E-12  0.4540E-12  0.6020E-12  0.7010E-12  0.8270E-12  0.9560E-12  0.1060E-11  0.1080E-11  0.1060E-11
  0.1000E+13  0.1040E-32  0.1550E-25  0.7770E-20  0.1270E-15  0.1390E-13  0.1970E-12  0.4540E-12  0.6020E-12  0.7010E-12  0.8270E-12  0.9560E-12  0.1060E-11  0.1080E-11  0.1060E-11
  0.1000E+14  0.1040E-32  0.1550E-25  0.7770E-20  0.1270E-15  0.1390E-13  0.1970E-12  0.4540E-12  0.6020E-12  0.7010E-12  0.8270E-12  0.9560E-12  0.1060E-11  0.1080E-11  0.1060E-11
  0.1000E+15  0.1040E-32  0.1550E-25  0.7770E-20  0.1270E-15  0.1390E-13  0.1970E-12  0.4540E-12  0.6020E-12  0.7010E-12  0.8270E-12  0.9560E-12  0.1060E-11  0.1080E-11  0.1060E-11
  0.1000E+16  0.1040E-32  0.1550E-25  0.7770E-20  0.1270E-15  0.1390E-13  0.1970E-12  0.4540E-12  0.6020E-12  0.7010E-12  0.8270E-12  0.9560E-12  0.1060E-11  0.1080E-11  0.1060E-11
  0.1000E+17  0.1040E-32  0.1550E-25  0.7780E-20  0.1270E-15  0.1390E-13  0.1970E-12  0.4540E-12  0.6020E-12  0.7010E-12  0.8270E-12  0.9560E-12  0.1060E-11  0.1080E-11  0.1060E-11
WAVELENGTH(A)= 
    20.338
 7 14 t 
excit   
    29.000     43.500     72.400    145.000    290.000    724.000   1450.000   2170.000   2900.000   4350.000   7240.000  14500.000  29000.000  43500.000 
  0.1000E+11  0.1660E-24  0.1060E-19  0.6790E-16  0.4260E-13  0.9210E-12  0.4900E-11  0.7830E-11  0.9050E-11  0.9740E-11  0.1050E-10  0.1120E-10  0.1150E-10  0.1130E-10  0.1090E-10
  0.1000E+12  0.1660E-24  0.1060E-19  0.6790E-16  0.4260E-13  0.9210E-12  0.4900E-11  0.7830E-11  0.9050E-11  0.9740E-11  0.1050E-10  0.1120E-10  0.1150E-10  0.1130E-10  0.1090E-10
  0.1000E+13  0.1660E-24  0.1060E-19  0.6790E-16  0.4260E-13  0.9210E-12  0.4900E-11  0.7830E-11  0.9050E-11  0.9740E-11  0.1050E-10  0.1120E-10  0.1150E-10  0.1130E-10  0.1090E-10
  0.1000E+14  0.1660E-24  0.1060E-19  0.6790E-16  0.4260E-13  0.9210E-12  0.4900E-11  0.7830E-11  0.9050E-11  0.9740E-11  0.1050E-10  0.1120E-10  0.1150E-10  0.1130E-10  0.1090E-10
  0.1000E+15  0.1660E-24  0.1060E-19  0.6790E-16  0.4260E-13  0.9210E-12  0.4900E-11  0.7830E-11  0.9050E-11  0.9740E-11  0.1050E-10  0.1120E-10  0.1150E-10  0.1130E-10  0.1090E-10
  0.1000E+16  0.1660E-24  0.1060E-19  0.6790E-16  0.4260E-13  0.9210E-12  0.4900E-11  0.7830E-11  0.9050E-11  0.9740E-11  0.1050E-10  0.1120E-10  0.1150E-10  0.1130E-10  0.1090E-10
  0.1000E+17  0.1660E-24  0.1060E-19  0.6790E-16  0.4260E-13  0.9210E-12  0.4900E-11  0.7830E-11  0.9050E-11  0.9740E-11  0.1050E-10  0.1120E-10  0.1150E-10  0.1130E-10  0.1090E-10
WAVELENGTH(A)= 
    20.370
 7 14 t 
excit   
    29.000     43.500     72.400    145.000    290.000    724.000   1450.000   2170.000   2900.000   4350.000   7240.000  14500.000  29000.000  43500.000 
  0.1000E+11  0.6320E-21  0.5760E-17  0.7750E-14  0.1490E-11  0.1780E-10  0.6550E-10  0.8830E-10  0.9210E-10  0.9160E-10  0.8770E-10  0.7860E-10  0.6480E-10  0.5160E-10  0.4450E-10
  0.1000E+12  0.6320E-21  0.5760E-17  0.7750E-14  0.1490E-11  0.1780E-10  0.6550E-10  0.8830E-10  0.9210E-10  0.9160E-10  0.8770E-10  0.7860E-10  0.6480E-10  0.5160E-10  0.4450E-10
  0.1000E+13  0.6320E-21  0.5760E-17  0.7750E-14  0.1490E-11  0.1780E-10  0.6550E-10  0.8830E-10  0.9210E-10  0.9160E-10  0.8770E-10  0.7860E-10  0.6480E-10  0.5160E-10  0.4450E-10
  0.1000E+14  0.6320E-21  0.5760E-17  0.7750E-14  0.1490E-11  0.1780E-10  0.6550E-10  0.8830E-10  0.9210E-10  0.9160E-10  0.8770E-10  0.7860E-10  0.6480E-10  0.5160E-10  0.4450E-10
  0.1000E+15  0.6320E-21  0.5760E-17  0.7750E-14  0.1490E-11  0.1780E-10  0.6550E-10  0.8830E-10  0.9210E-10  0.9160E-10  0.8770E-10  0.7860E-10  0.6480E-10  0.5160E-10  0.4450E-10
  0.1000E+16  0.6320E-21  0.5760E-17  0.7750E-14  0.1490E-11  0.1780E-10  0.6550E-10  0.8830E-10  0.9210E-10  0.9160E-10  0.8770E-10  0.7860E-10  0.6480E-10  0.5160E-10  0.4450E-10
  0.1000E+17  0.6320E-21  0.5760E-17  0.7750E-14  0.1490E-11  0.1780E-10  0.6550E-10  0.8830E-10  0.9210E-10  0.9160E-10  0.8770E-10  0.7860E-10  0.6480E-10  0.5150E-10  0.4450E-10
WAVELENGTH(A)= 
    21.524
 7 14 t 
excit   
    29.000     43.500     72.400    145.000    290.000    724.000   1450.000   2170.000   2900.000   4350.000   7240.000  14500.000  29000.000  43500.000 
  0.1000E+11  0.1070E-32  0.2170E-25  0.1390E-19  0.2690E-15  0.3180E-13  0.4450E-12  0.9120E-12  0.1080E-11  0.1140E-11  0.1150E-11  0.1070E-11  0.8920E-12  0.6960E-12  0.5910E-12
  0.1000E+12  0.1070E-32  0.2170E-25  0.1390E-19  0.2690E-15  0.3180E-13  0.4450E-12  0.9120E-12  0.1080E-11  0.1140E-11  0.1150E-11  0.1070E-11  0.8920E-12  0.6960E-12  0.5910E-12
  0.1000E+13  0.1070E-32  0.2170E-25  0.1390E-19  0.2690E-15  0.3180E-13  0.4450E-12  0.9120E-12  0.1080E-11  0.1140E-11  0.1150E-11  0.1070E-11  0.8920E-12  0.6960E-12  0.5910E-12
  0.1000E+14  0.1070E-32  0.2170E-25  0.1390E-19  0.2690E-15  0.3180E-13  0.4450E-12  0.9120E-12  0.1080E-11  0.1140E-11  0.1150E-11  0.1070E-11  0.8920E-12  0.6960E-12  0.5910E-12
  0.1000E+15  0.1070E-32  0.2170E-25  0.1390E-19  0.2690E-15  0.3180E-13  0.4450E-12  0.9120E-12  0.1080E-11  0.1140E-11  0.1150E-11  0.1070E-11  0.8920E-12  0.6960E-12  0.5910E-12
  0.1000E+16  0.1070E-32  0.2170E-25  0.1390E-19  0.2690E-15  0.3180E-13  0.4450E-12  0.9120E-12  0.1080E-11  0.1140E-11  0.1150E-11  0.1070E-11  0.8920E-12  0.6960E-12  0.5910E-12
  0.1000E+17  0.1070E-32  0.2170E-25  0.1390E-19  0.2690E-15  0.3180E-13  0.4450E-12  0.9120E-12  0.1080E-11  0.1140E-11  0.1150E-11  0.1070E-11  0.8920E-12  0.6960E-12  0.5910E-12
WAVELENGTH(A)= 
    23.211
 7 14 t 
excit   
    29.000     43.500     72.400    145.000    290.000    724.000   1450.000   2170.000   2900.000   4350.000   7240.000  14500.000  29000.000  43500.000 
  0.1000E+11  0.1000E-73  0.3280E-32  0.1430E-23  0.3730E-17  0.5070E-14  0.3050E-12  0.1010E-11  0.1410E-11  0.1610E-11  0.1750E-11  0.1750E-11  0.1540E-11  0.1250E-11  0.1080E-11
  0.1000E+12  0.4670E-43  0.3280E-32  0.1430E-23  0.3730E-17  0.5070E-14  0.3050E-12  0.1010E-11  0.1410E-11  0.1610E-11  0.1750E-11  0.1750E-11  0.1540E-11  0.1250E-11  0.1080E-11
  0.1000E+13  0.4670E-43  0.3280E-32  0.1430E-23  0.3730E-17  0.5070E-14  0.3050E-12  0.1010E-11  0.1410E-11  0.1610E-11  0.1750E-11  0.1750E-11  0.1540E-11  0.1250E-11  0.1080E-11
  0.1000E+14  0.4620E-43  0.3280E-32  0.1430E-23  0.3730E-17  0.5070E-14  0.3050E-12  0.1010E-11  0.1410E-11  0.1610E-11  0.1750E-11  0.1750E-11  0.1540E-11  0.1250E-11  0.1080E-11
  0.1000E+15  0.4620E-43  0.3280E-32  0.1430E-23  0.3730E-17  0.5070E-14  0.3050E-12  0.1010E-11  0.1410E-11  0.1610E-11  0.1750E-11  0.1750E-11  0.1540E-11  0.1250E-11  0.1080E-11
  0.1000E+16  0.4630E-43  0.3280E-32  0.1430E-23  0.3730E-17  0.5070E-14  0.3050E-12  0.1010E-11  0.1410E-11  0.1610E-11  0.1750E-11  0.1750E-11  0.1540E-11  0.1250E-11  0.1080E-11
  0.1000E+17  0.4630E-43  0.3280E-32  0.1430E-23  0.3730E-17  0.5070E-14  0.3050E-12  0.1010E-11  0.1410E-11  0.1610E-11  0.1750E-11  0.1750E-11  0.1540E-11  0.1250E-11  0.1080E-11
WAVELENGTH(A)= 
    23.242
 7 14 t 
excit   
    29.000     43.500     72.400    145.000    290.000    724.000   1450.000   2170.000   2900.000   4350.000   7240.000  14500.000  29000.000  43500.000 
  0.1000E+11  0.1000E-73  0.3190E-34  0.8830E-25  0.9720E-18  0.2970E-14  0.3160E-12  0.1350E-11  0.2110E-11  0.2620E-11  0.3240E-11  0.3820E-11  0.4280E-11  0.4380E-11  0.4290E-11
  0.1000E+12  0.1000E-73  0.3190E-34  0.8830E-25  0.9720E-18  0.2970E-14  0.3160E-12  0.1350E-11  0.2110E-11  0.2620E-11  0.3240E-11  0.3820E-11  0.4280E-11  0.4380E-11  0.4290E-11
  0.1000E+13  0.1000E-73  0.3190E-34  0.8830E-25  0.9720E-18  0.2970E-14  0.3160E-12  0.1350E-11  0.2110E-11  0.2620E-11  0.3240E-11  0.3820E-11  0.4280E-11  0.4380E-11  0.4290E-11
  0.1000E+14  0.1000E-73  0.3190E-34  0.8830E-25  0.9720E-18  0.2970E-14  0.3160E-12  0.1350E-11  0.2110E-11  0.2620E-11  0.3240E-11  0.3820E-11  0.4280E-11  0.4380E-11  0.4290E-11
  0.1000E+15  0.4650E-46  0.3190E-34  0.8830E-25  0.9720E-18  0.2970E-14  0.3160E-12  0.1350E-11  0.2110E-11  0.2620E-11  0.3240E-11  0.3820E-11  0.4280E-11  0.4380E-11  0.4290E-11
  0.1000E+16  0.4650E-46  0.3190E-34  0.8830E-25  0.9720E-18  0.2970E-14  0.3160E-12  0.1350E-11  0.2110E-11  0.2620E-11  0.3240E-11  0.3820E-11  0.4280E-11  0.4380E-11  0.4290E-11
  0.1000E+17  0.4510E-46  0.3190E-34  0.8830E-25  0.9720E-18  0.2970E-14  0.3160E-12  0.1350E-11  0.2110E-11  0.2620E-11  0.3240E-11  0.3820E-11  0.4280E-11  0.4380E-11  0.4290E-11
WAVELENGTH(A)= 
    23.265
 7 14 t 
excit   
    29.000     43.500     72.400    145.000    290.000    724.000   1450.000   2170.000   2900.000   4350.000   7240.000  14500.000  29000.000  43500.000 
  0.1000E+11  0.1000E-73  0.6440E-35  0.1030E-24  0.4000E-17  0.2100E-13  0.2810E-11  0.1210E-10  0.1820E-10  0.2160E-10  0.2440E-10  0.2500E-10  0.2240E-10  0.1820E-10  0.1570E-10
  0.1000E+12  0.1000E-73  0.6440E-35  0.1030E-24  0.4000E-17  0.2100E-13  0.2810E-11  0.1210E-10  0.1820E-10  0.2160E-10  0.2440E-10  0.2500E-10  0.2240E-10  0.1820E-10  0.1570E-10
  0.1000E+13  0.1000E-73  0.6440E-35  0.1030E-24  0.4000E-17  0.2100E-13  0.2810E-11  0.1210E-10  0.1820E-10  0.2160E-10  0.2440E-10  0.2500E-10  0.2240E-10  0.1820E-10  0.1570E-10
  0.1000E+14  0.1000E-73  0.6440E-35  0.1030E-24  0.4000E-17  0.2100E-13  0.2810E-11  0.1210E-10  0.1820E-10  0.2160E-10  0.2440E-10  0.2500E-10  0.2240E-10  0.1820E-10  0.1570E-10
  0.1000E+15  0.1000E-73  0.6440E-35  0.1030E-24  0.4000E-17  0.2100E-13  0.2810E-11  0.1210E-10  0.1820E-10  0.2160E-10  0.2440E-10  0.2500E-10  0.2240E-10  0.1820E-10  0.1570E-10
  0.1000E+16  0.1000E-73  0.6440E-35  0.1030E-24  0.4000E-17  0.2100E-13  0.2810E-11  0.1210E-10  0.1820E-10  0.2160E-10  0.2440E-10  0.2500E-10  0.2240E-10  0.1820E-10  0.1570E-10
  0.1000E+17  0.9280E-48  0.6440E-35  0.1030E-24  0.4000E-17  0.2100E-13  0.2810E-11  0.1210E-10  0.1820E-10  0.2160E-10  0.2440E-10  0.2500E-10  0.2240E-10  0.1820E-10  0.1570E-10
WAVELENGTH(A)= 
    23.921
 7 14 t 
excit   
    29.000     43.500     72.400    145.000    290.000    724.000   1450.000   2170.000   2900.000   4350.000   7240.000  14500.000  29000.000  43500.000 
  0.1000E+11  0.8500E-32  0.8870E-25  0.3330E-19  0.4340E-15  0.4200E-13  0.5180E-12  0.1020E-11  0.1190E-11  0.1240E-11  0.1230E-11  0.1140E-11  0.9320E-12  0.7220E-12  0.6130E-12
  0.1000E+12  0.8500E-32  0.8870E-25  0.3330E-19  0.4340E-15  0.4200E-13  0.5180E-12  0.1020E-11  0.1190E-11  0.1240E-11  0.1230E-11  0.1140E-11  0.9320E-12  0.7220E-12  0.6130E-12
  0.1000E+13  0.8500E-32  0.8870E-25  0.3330E-19  0.4340E-15  0.4200E-13  0.5180E-12  0.1020E-11  0.1190E-11  0.1240E-11  0.1230E-11  0.1140E-11  0.9320E-12  0.7220E-12  0.6130E-12
  0.1000E+14  0.8500E-32  0.8870E-25  0.3330E-19  0.4340E-15  0.4200E-13  0.5180E-12  0.1020E-11  0.1190E-11  0.1240E-11  0.1230E-11  0.1140E-11  0.9320E-12  0.7220E-12  0.6130E-12
  0.1000E+15  0.8500E-32  0.8870E-25  0.3330E-19  0.4340E-15  0.4200E-13  0.5180E-12  0.1020E-11  0.1190E-11  0.1240E-11  0.1230E-11  0.1140E-11  0.9320E-12  0.7220E-12  0.6130E-12
  0.1000E+16  0.8500E-32  0.8870E-25  0.3330E-19  0.4340E-15  0.4200E-13  0.5180E-12  0.1020E-11  0.1190E-11  0.1240E-11  0.1230E-11  0.1140E-11  0.9320E-12  0.7220E-12  0.6130E-12
  0.1000E+17  0.8500E-32  0.8870E-25  0.3330E-19  0.4340E-15  0.4200E-13  0.5180E-12  0.1020E-11  0.1190E-11  0.1240E-11  0.1230E-11  0.1130E-11  0.9320E-12  0.7220E-12  0.6130E-12
WAVELENGTH(A)= 
    24.312
 7 14 t 
excit   
    29.000     43.500     72.400    145.000    290.000    724.000   1450.000   2170.000   2900.000   4350.000   7240.000  14500.000  29000.000  43500.000 
  0.1000E+11  0.1000E-23  0.2700E-19  0.8870E-16  0.3630E-13  0.7220E-12  0.4110E-11  0.7020E-11  0.8340E-11  0.9090E-11  0.9920E-11  0.1060E-10  0.1080E-10  0.1040E-10  0.9910E-11
  0.1000E+12  0.1000E-23  0.2700E-19  0.8870E-16  0.3630E-13  0.7220E-12  0.4110E-11  0.7020E-11  0.8340E-11  0.9090E-11  0.9920E-11  0.1060E-10  0.1080E-10  0.1040E-10  0.9910E-11
  0.1000E+13  0.1000E-23  0.2700E-19  0.8870E-16  0.3630E-13  0.7220E-12  0.4110E-11  0.7020E-11  0.8340E-11  0.9090E-11  0.9920E-11  0.1060E-10  0.1080E-10  0.1040E-10  0.9910E-11
  0.1000E+14  0.1000E-23  0.2700E-19  0.8870E-16  0.3630E-13  0.7220E-12  0.4110E-11  0.7020E-11  0.8340E-11  0.9090E-11  0.9920E-11  0.1060E-10  0.1080E-10  0.1040E-10  0.9910E-11
  0.1000E+15  0.1000E-23  0.2700E-19  0.8870E-16  0.3630E-13  0.7220E-12  0.4110E-11  0.7020E-11  0.8340E-11  0.9090E-11  0.9920E-11  0.1060E-10  0.1080E-10  0.1040E-10  0.9910E-11
  0.1000E+16  0.1000E-23  0.2700E-19  0.8870E-16  0.3630E-13  0.7220E-12  0.4110E-11  0.7020E-11  0.8340E-11  0.9090E-11  0.9920E-11  0.1060E-10  0.1080E-10  0.1040E-10  0.9910E-11
  0.1000E+17  0.1000E-23  0.2700E-19  0.8880E-16  0.3630E-13  0.7220E-12  0.4110E-11  0.7020E-11  0.8340E-11  0.9090E-11  0.9920E-11  0.1060E-10  0.1080E-10  0.1040E-10  0.9910E-11
WAVELENGTH(A)= 
    26.525
 7 14 t 
excit   
    29.000     43.500     72.400    145.000    290.000    724.000   1450.000   2170.000   2900.000   4350.000   7240.000  14500.000  29000.000  43500.000 
  0.1000E+11  0.3550E-28  0.2910E-22  0.1430E-17  0.4090E-14  0.1870E-12  0.1500E-11  0.2570E-11  0.2880E-11  0.2960E-11  0.2920E-11  0.2690E-11  0.2250E-11  0.1790E-11  0.1560E-11
  0.1000E+12  0.3550E-28  0.2910E-22  0.1430E-17  0.4090E-14  0.1870E-12  0.1500E-11  0.2570E-11  0.2880E-11  0.2960E-11  0.2920E-11  0.2690E-11  0.2250E-11  0.1790E-11  0.1560E-11
  0.1000E+13  0.3550E-28  0.2910E-22  0.1430E-17  0.4090E-14  0.1870E-12  0.1500E-11  0.2570E-11  0.2880E-11  0.2960E-11  0.2920E-11  0.2690E-11  0.2250E-11  0.1790E-11  0.1560E-11
  0.1000E+14  0.3550E-28  0.2910E-22  0.1430E-17  0.4090E-14  0.1870E-12  0.1500E-11  0.2570E-11  0.2880E-11  0.2960E-11  0.2920E-11  0.2690E-11  0.2250E-11  0.1790E-11  0.1560E-11
  0.1000E+15  0.3550E-28  0.2910E-22  0.1430E-17  0.4090E-14  0.1870E-12  0.1500E-11  0.2570E-11  0.2880E-11  0.2960E-11  0.2920E-11  0.2690E-11  0.2250E-11  0.1790E-11  0.1560E-11
  0.1000E+16  0.3550E-28  0.2910E-22  0.1430E-17  0.4090E-14  0.1870E-12  0.1500E-11  0.2570E-11  0.2880E-11  0.2960E-11  0.2920E-11  0.2690E-11  0.2250E-11  0.1790E-11  0.1560E-11
  0.1000E+17  0.3550E-28  0.2910E-22  0.1430E-17  0.4090E-14  0.1870E-12  0.1500E-11  0.2570E-11  0.2880E-11  0.2960E-11  0.2920E-11  0.2690E-11  0.2250E-11  0.1790E-11  0.1560E-11
WAVELENGTH(A)= 
    27.486
 7 14 t 
excit   
    29.000     43.500     72.400    145.000    290.000    724.000   1450.000   2170.000   2900.000   4350.000   7240.000  14500.000  29000.000  43500.000 
  0.1000E+11  0.1000E-73  0.2070E-38  0.3580E-27  0.8240E-19  0.1050E-14  0.2430E-12  0.1260E-11  0.2050E-11  0.2530E-11  0.3010E-11  0.3240E-11  0.3070E-11  0.2610E-11  0.2290E-11
  0.1000E+12  0.1000E-73  0.2070E-38  0.3580E-27  0.8240E-19  0.1050E-14  0.2430E-12  0.1260E-11  0.2050E-11  0.2530E-11  0.3010E-11  0.3240E-11  0.3070E-11  0.2610E-11  0.2290E-11
  0.1000E+13  0.1000E-73  0.2070E-38  0.3580E-27  0.8240E-19  0.1050E-14  0.2430E-12  0.1260E-11  0.2050E-11  0.2530E-11  0.3010E-11  0.3240E-11  0.3070E-11  0.2610E-11  0.2290E-11
  0.1000E+14  0.1000E-73  0.2070E-38  0.3580E-27  0.8240E-19  0.1050E-14  0.2430E-12  0.1260E-11  0.2050E-11  0.2530E-11  0.3010E-11  0.3240E-11  0.3070E-11  0.2610E-11  0.2290E-11
  0.1000E+15  0.1000E-73  0.2070E-38  0.3580E-27  0.8240E-19  0.1050E-14  0.2430E-12  0.1260E-11  0.2050E-11  0.2530E-11  0.3010E-11  0.3240E-11  0.3070E-11  0.2610E-11  0.2290E-11
  0.1000E+16  0.1000E-73  0.2070E-38  0.3580E-27  0.8240E-19  0.1050E-14  0.2430E-12  0.1260E-11  0.2050E-11  0.2530E-11  0.3010E-11  0.3240E-11  0.3070E-11  0.2610E-11  0.2290E-11
  0.1000E+17  0.1000E-73  0.2070E-38  0.3580E-27  0.8240E-19  0.1050E-14  0.2430E-12  0.1260E-11  0.2050E-11  0.2530E-11  0.3010E-11  0.3240E-11  0.3070E-11  0.2610E-11  0.2290E-11
WAVELENGTH(A)= 
    28.063
 7 14 t 
excit   
    29.000     43.500     72.400    145.000    290.000    724.000   1450.000   2170.000   2900.000   4350.000   7240.000  14500.000  29000.000  43500.000 
  0.1000E+11  0.2200E-29  0.3270E-23  0.2680E-18  0.1230E-14  0.7620E-13  0.7860E-12  0.1600E-11  0.2010E-11  0.2250E-11  0.2530E-11  0.2780E-11  0.2920E-11  0.2860E-11  0.2750E-11
  0.1000E+12  0.2200E-29  0.3270E-23  0.2680E-18  0.1230E-14  0.7620E-13  0.7860E-12  0.1600E-11  0.2010E-11  0.2250E-11  0.2530E-11  0.2780E-11  0.2920E-11  0.2860E-11  0.2750E-11
  0.1000E+13  0.2200E-29  0.3270E-23  0.2680E-18  0.1230E-14  0.7620E-13  0.7860E-12  0.1600E-11  0.2010E-11  0.2250E-11  0.2530E-11  0.2780E-11  0.2920E-11  0.2860E-11  0.2750E-11
  0.1000E+14  0.2200E-29  0.3270E-23  0.2680E-18  0.1230E-14  0.7620E-13  0.7860E-12  0.1600E-11  0.2010E-11  0.2250E-11  0.2530E-11  0.2780E-11  0.2920E-11  0.2860E-11  0.2750E-11
  0.1000E+15  0.2200E-29  0.3270E-23  0.2680E-18  0.1230E-14  0.7620E-13  0.7860E-12  0.1600E-11  0.2010E-11  0.2250E-11  0.2530E-11  0.2780E-11  0.2920E-11  0.2860E-11  0.2750E-11
  0.1000E+16  0.2200E-29  0.3270E-23  0.2680E-18  0.1230E-14  0.7620E-13  0.7860E-12  0.1600E-11  0.2010E-11  0.2250E-11  0.2530E-11  0.2780E-11  0.2920E-11  0.2860E-11  0.2750E-11
  0.1000E+17  0.2200E-29  0.3270E-23  0.2690E-18  0.1230E-14  0.7620E-13  0.7860E-12  0.1600E-11  0.2010E-11  0.2250E-11  0.2530E-11  0.2780E-11  0.2920E-11  0.2860E-11  0.2750E-11
WAVELENGTH(A)= 
    31.588
 7 14 t 
excit   
    29.000     43.500     72.400    145.000    290.000    724.000   1450.000   2170.000   2900.000   4350.000   7240.000  14500.000  29000.000  43500.000 
  0.1000E+11  0.1130E-29  0.2770E-23  0.3270E-18  0.1800E-14  0.1140E-12  0.1110E-11  0.2040E-11  0.2350E-11  0.2440E-11  0.2450E-11  0.2280E-11  0.1910E-11  0.1520E-11  0.1300E-11
  0.1000E+12  0.1130E-29  0.2770E-23  0.3270E-18  0.1800E-14  0.1140E-12  0.1110E-11  0.2040E-11  0.2350E-11  0.2440E-11  0.2450E-11  0.2280E-11  0.1910E-11  0.1520E-11  0.1300E-11
  0.1000E+13  0.1130E-29  0.2770E-23  0.3270E-18  0.1800E-14  0.1140E-12  0.1110E-11  0.2040E-11  0.2350E-11  0.2440E-11  0.2450E-11  0.2280E-11  0.1910E-11  0.1520E-11  0.1300E-11
  0.1000E+14  0.1130E-29  0.2770E-23  0.3270E-18  0.1800E-14  0.1140E-12  0.1110E-11  0.2040E-11  0.2350E-11  0.2440E-11  0.2450E-11  0.2280E-11  0.1910E-11  0.1520E-11  0.1300E-11
  0.1000E+15  0.1130E-29  0.2770E-23  0.3270E-18  0.1800E-14  0.1140E-12  0.1110E-11  0.2040E-11  0.2350E-11  0.2440E-11  0.2450E-11  0.2280E-11  0.1910E-11  0.1520E-11  0.1300E-11
  0.1000E+16  0.1130E-29  0.2770E-23  0.3270E-18  0.1800E-14  0.1140E-12  0.1110E-11  0.2040E-11  0.2350E-11  0.2440E-11  0.2450E-11  0.2280E-11  0.1910E-11  0.1520E-11  0.1300E-11
  0.1000E+17  0.1130E-29  0.2770E-23  0.3270E-18  0.1800E-14  0.1140E-12  0.1110E-11  0.2040E-11  0.2350E-11  0.2440E-11  0.2450E-11  0.2280E-11  0.1910E-11  0.1520E-11  0.1300E-11
WAVELENGTH(A)= 
    35.483
 7 14 t 
excit   
    29.000     43.500     72.400    145.000    290.000    724.000   1450.000   2170.000   2900.000   4350.000   7240.000  14500.000  29000.000  43500.000 
  0.1000E+11  0.6950E-28  0.3570E-22  0.1210E-17  0.2700E-14  0.1130E-12  0.9140E-12  0.1700E-11  0.2070E-11  0.2280E-11  0.2500E-11  0.2660E-11  0.2710E-11  0.2570E-11  0.2430E-11
  0.1000E+12  0.6950E-28  0.3570E-22  0.1210E-17  0.2700E-14  0.1130E-12  0.9140E-12  0.1700E-11  0.2070E-11  0.2280E-11  0.2500E-11  0.2660E-11  0.2710E-11  0.2570E-11  0.2430E-11
  0.1000E+13  0.6950E-28  0.3570E-22  0.1210E-17  0.2700E-14  0.1130E-12  0.9140E-12  0.1700E-11  0.2070E-11  0.2280E-11  0.2500E-11  0.2660E-11  0.2710E-11  0.2570E-11  0.2430E-11
  0.1000E+14  0.6950E-28  0.3570E-22  0.1210E-17  0.2700E-14  0.1130E-12  0.9140E-12  0.1700E-11  0.2070E-11  0.2280E-11  0.2500E-11  0.2660E-11  0.2710E-11  0.2570E-11  0.2430E-11
  0.1000E+15  0.6950E-28  0.3570E-22  0.1210E-17  0.2700E-14  0.1130E-12  0.9140E-12  0.1700E-11  0.2070E-11  0.2280E-11  0.2500E-11  0.2660E-11  0.2710E-11  0.2570E-11  0.2430E-11
  0.1000E+16  0.6950E-28  0.3570E-22  0.1210E-17  0.2700E-14  0.1130E-12  0.9140E-12  0.1700E-11  0.2070E-11  0.2280E-11  0.2500E-11  0.2660E-11  0.2710E-11  0.2570E-11  0.2430E-11
  0.1000E+17  0.6950E-28  0.3570E-22  0.1210E-17  0.2700E-14  0.1130E-12  0.9140E-12  0.1700E-11  0.2070E-11  0.2280E-11  0.2500E-11  0.2660E-11  0.2710E-11  0.2570E-11  0.2430E-11
WAVELENGTH(A)= 
    41.756
 7 14 t 
excit   
    29.000     43.500     72.400    145.000    290.000    724.000   1450.000   2170.000   2900.000   4350.000   7240.000  14500.000  29000.000  43500.000 
  0.1000E+11  0.2600E-31  0.1490E-24  0.3480E-19  0.3190E-15  0.2600E-13  0.2960E-12  0.5980E-12  0.7390E-12  0.8210E-12  0.9160E-12  0.1000E-11  0.1070E-11  0.1080E-11  0.1050E-11
  0.1000E+12  0.2600E-31  0.1490E-24  0.3480E-19  0.3190E-15  0.2600E-13  0.2960E-12  0.5980E-12  0.7390E-12  0.8210E-12  0.9160E-12  0.1000E-11  0.1070E-11  0.1080E-11  0.1050E-11
  0.1000E+13  0.2600E-31  0.1490E-24  0.3480E-19  0.3190E-15  0.2600E-13  0.2960E-12  0.5980E-12  0.7390E-12  0.8210E-12  0.9160E-12  0.1000E-11  0.1070E-11  0.1080E-11  0.1050E-11
  0.1000E+14  0.2600E-31  0.1490E-24  0.3480E-19  0.3190E-15  0.2600E-13  0.2960E-12  0.5980E-12  0.7390E-12  0.8210E-12  0.9160E-12  0.1000E-11  0.1070E-11  0.1080E-11  0.1050E-11
  0.1000E+15  0.2600E-31  0.1490E-24  0.3480E-19  0.3190E-15  0.2600E-13  0.2960E-12  0.5980E-12  0.7390E-12  0.8210E-12  0.9160E-12  0.1000E-11  0.1070E-11  0.1080E-11  0.1050E-11
  0.1000E+16  0.2600E-31  0.1490E-24  0.3480E-19  0.3190E-15  0.2600E-13  0.2960E-12  0.5980E-12  0.7390E-12  0.8210E-12  0.9160E-12  0.1000E-11  0.1070E-11  0.1080E-11  0.1050E-11
  0.1000E+17  0.2600E-31  0.1490E-24  0.3480E-19  0.3190E-15  0.2600E-13  0.2960E-12  0.5980E-12  0.7390E-12  0.8210E-12  0.9160E-12  0.1000E-11  0.1070E-11  0.1080E-11  0.1050E-11
WAVELENGTH(A)= 
    41.762
 7 14 t 
excit   
    29.000     43.500     72.400    145.000    290.000    724.000   1450.000   2170.000   2900.000   4350.000   7240.000  14500.000  29000.000  43500.000 
  0.1000E+11  0.7340E-28  0.6030E-22  0.2960E-17  0.8470E-14  0.3870E-12  0.3100E-11  0.5310E-11  0.5960E-11  0.6130E-11  0.6050E-11  0.5560E-11  0.4650E-11  0.3710E-11  0.3220E-11
  0.1000E+12  0.7340E-28  0.6030E-22  0.2960E-17  0.8470E-14  0.3870E-12  0.3100E-11  0.5310E-11  0.5960E-11  0.6130E-11  0.6050E-11  0.5560E-11  0.4650E-11  0.3710E-11  0.3220E-11
  0.1000E+13  0.7340E-28  0.6030E-22  0.2960E-17  0.8470E-14  0.3870E-12  0.3100E-11  0.5310E-11  0.5960E-11  0.6130E-11  0.6050E-11  0.5560E-11  0.4650E-11  0.3710E-11  0.3220E-11
  0.1000E+14  0.7340E-28  0.6030E-22  0.2960E-17  0.8470E-14  0.3870E-12  0.3100E-11  0.5310E-11  0.5960E-11  0.6130E-11  0.6050E-11  0.5560E-11  0.4650E-11  0.3710E-11  0.3220E-11
  0.1000E+15  0.7340E-28  0.6030E-22  0.2960E-17  0.8470E-14  0.3870E-12  0.3100E-11  0.5310E-11  0.5960E-11  0.6130E-11  0.6050E-11  0.5560E-11  0.4650E-11  0.3710E-11  0.3220E-11
  0.1000E+16  0.7340E-28  0.6030E-22  0.2960E-17  0.8470E-14  0.3870E-12  0.3100E-11  0.5310E-11  0.5960E-11  0.6130E-11  0.6050E-11  0.5560E-11  0.4650E-11  0.3710E-11  0.3220E-11
  0.1000E+17  0.7340E-28  0.6030E-22  0.2960E-17  0.8470E-14  0.3870E-12  0.3100E-11  0.5310E-11  0.5960E-11  0.6130E-11  0.6050E-11  0.5560E-11  0.4650E-11  0.3710E-11  0.3220E-11
WAVELENGTH(A)= 
    46.830
 7 14 t 
excit   
    29.000     43.500     72.400    145.000    290.000    724.000   1450.000   2170.000   2900.000   4350.000   7240.000  14500.000  29000.000  43500.000 
  0.1000E+11  0.1240E-29  0.1840E-23  0.1510E-18  0.6910E-15  0.4290E-13  0.4420E-12  0.8990E-12  0.1130E-11  0.1270E-11  0.1430E-11  0.1560E-11  0.1640E-11  0.1610E-11  0.1550E-11
  0.1000E+12  0.1240E-29  0.1840E-23  0.1510E-18  0.6910E-15  0.4290E-13  0.4420E-12  0.8990E-12  0.1130E-11  0.1270E-11  0.1430E-11  0.1560E-11  0.1640E-11  0.1610E-11  0.1550E-11
  0.1000E+13  0.1240E-29  0.1840E-23  0.1510E-18  0.6910E-15  0.4290E-13  0.4420E-12  0.8990E-12  0.1130E-11  0.1270E-11  0.1430E-11  0.1560E-11  0.1640E-11  0.1610E-11  0.1550E-11
  0.1000E+14  0.1240E-29  0.1840E-23  0.1510E-18  0.6910E-15  0.4290E-13  0.4420E-12  0.8990E-12  0.1130E-11  0.1270E-11  0.1430E-11  0.1560E-11  0.1640E-11  0.1610E-11  0.1550E-11
  0.1000E+15  0.1240E-29  0.1840E-23  0.1510E-18  0.6910E-15  0.4290E-13  0.4420E-12  0.8990E-12  0.1130E-11  0.1270E-11  0.1430E-11  0.1560E-11  0.1640E-11  0.1610E-11  0.1550E-11
  0.1000E+16  0.1240E-29  0.1840E-23  0.1510E-18  0.6910E-15  0.4290E-13  0.4420E-12  0.8990E-12  0.1130E-11  0.1270E-11  0.1430E-11  0.1560E-11  0.1640E-11  0.1610E-11  0.1550E-11
  0.1000E+17  0.1240E-29  0.1840E-23  0.1510E-18  0.6910E-15  0.4290E-13  0.4420E-12  0.8990E-12  0.1130E-11  0.1270E-11  0.1430E-11  0.1560E-11  0.1640E-11  0.1610E-11  0.1550E-11
WAVELENGTH(A)= 
    61.620
 7 14 t 
excit   
    29.000     43.500     72.400    145.000    290.000    724.000   1450.000   2170.000   2900.000   4350.000   7240.000  14500.000  29000.000  43500.000 
  0.1000E+11  0.1610E-10  0.1350E-09  0.6760E-09  0.2040E-08  0.3210E-08  0.3730E-08  0.3570E-08  0.3340E-08  0.3170E-08  0.2900E-08  0.2550E-08  0.2100E-08  0.1690E-08  0.1470E-08
  0.1000E+12  0.1610E-10  0.1350E-09  0.6760E-09  0.2040E-08  0.3210E-08  0.3730E-08  0.3570E-08  0.3340E-08  0.3170E-08  0.2900E-08  0.2550E-08  0.2100E-08  0.1690E-08  0.1470E-08
  0.1000E+13  0.1610E-10  0.1350E-09  0.6760E-09  0.2040E-08  0.3210E-08  0.3730E-08  0.3570E-08  0.3340E-08  0.3170E-08  0.2900E-08  0.2550E-08  0.2100E-08  0.1690E-08  0.1470E-08
  0.1000E+14  0.1610E-10  0.1350E-09  0.6760E-09  0.2040E-08  0.3210E-08  0.3730E-08  0.3570E-08  0.3340E-08  0.3170E-08  0.2900E-08  0.2550E-08  0.2100E-08  0.1690E-08  0.1470E-08
  0.1000E+15  0.1610E-10  0.1350E-09  0.6760E-09  0.2040E-08  0.3210E-08  0.3730E-08  0.3570E-08  0.3340E-08  0.3170E-08  0.2900E-08  0.2550E-08  0.2100E-08  0.1690E-08  0.1470E-08
  0.1000E+16  0.1610E-10  0.1350E-09  0.6760E-09  0.2040E-08  0.3210E-08  0.3730E-08  0.3570E-08  0.3340E-08  0.3170E-08  0.2900E-08  0.2550E-08  0.2100E-08  0.1690E-08  0.1470E-08
  0.1000E+17  0.1610E-10  0.1350E-09  0.6760E-09  0.2040E-08  0.3210E-08  0.3730E-08  0.3570E-08  0.3340E-08  0.3170E-08  0.2900E-08  0.2550E-08  0.2100E-08  0.1690E-08  0.1470E-08
WAVELENGTH(A)= 
    62.138
 7 14 t 
excit   
    29.000     43.500     72.400    145.000    290.000    724.000   1450.000   2170.000   2900.000   4350.000   7240.000  14500.000  29000.000  43500.000 
  0.1000E+11  0.1110E-36  0.1670E-27  0.3380E-20  0.8930E-15  0.3980E-12  0.1260E-10  0.3410E-10  0.4450E-10  0.4930E-10  0.5240E-10  0.5170E-10  0.4600E-10  0.3850E-10  0.3400E-10
  0.1000E+12  0.1110E-36  0.1670E-27  0.3380E-20  0.8930E-15  0.3980E-12  0.1260E-10  0.3410E-10  0.4450E-10  0.4930E-10  0.5240E-10  0.5170E-10  0.4600E-10  0.3850E-10  0.3400E-10
  0.1000E+13  0.1110E-36  0.1670E-27  0.3380E-20  0.8930E-15  0.3980E-12  0.1260E-10  0.3410E-10  0.4450E-10  0.4930E-10  0.5240E-10  0.5170E-10  0.4600E-10  0.3850E-10  0.3400E-10
  0.1000E+14  0.1110E-36  0.1670E-27  0.3380E-20  0.8930E-15  0.3980E-12  0.1260E-10  0.3410E-10  0.4450E-10  0.4930E-10  0.5240E-10  0.5170E-10  0.4600E-10  0.3850E-10  0.3400E-10
  0.1000E+15  0.1110E-36  0.1670E-27  0.3380E-20  0.8930E-15  0.3980E-12  0.1260E-10  0.3410E-10  0.4450E-10  0.4930E-10  0.5240E-10  0.5170E-10  0.4600E-10  0.3850E-10  0.3400E-10
  0.1000E+16  0.1110E-36  0.1670E-27  0.3380E-20  0.8930E-15  0.3980E-12  0.1260E-10  0.3410E-10  0.4450E-10  0.4930E-10  0.5240E-10  0.5170E-10  0.4600E-10  0.3850E-10  0.3400E-10
  0.1000E+17  0.1110E-36  0.1670E-27  0.3380E-20  0.8930E-15  0.3980E-12  0.1260E-10  0.3410E-10  0.4450E-10  0.4930E-10  0.5240E-10  0.5170E-10  0.4600E-10  0.3850E-10  0.3400E-10
WAVELENGTH(A)= 
    63.145
 7 14 t 
excit   
    29.000     43.500     72.400    145.000    290.000    724.000   1450.000   2170.000   2900.000   4350.000   7240.000  14500.000  29000.000  43500.000 
  0.1000E+11  0.6080E-14  0.3470E-12  0.8050E-11  0.7320E-10  0.1890E-09  0.2660E-09  0.2560E-09  0.2360E-09  0.2190E-09  0.1940E-09  0.1640E-09  0.1300E-09  0.1020E-09  0.8790E-10
  0.1000E+12  0.6080E-14  0.3470E-12  0.8050E-11  0.7320E-10  0.1890E-09  0.2660E-09  0.2560E-09  0.2360E-09  0.2190E-09  0.1940E-09  0.1640E-09  0.1300E-09  0.1020E-09  0.8790E-10
  0.1000E+13  0.6080E-14  0.3470E-12  0.8050E-11  0.7320E-10  0.1890E-09  0.2660E-09  0.2560E-09  0.2360E-09  0.2190E-09  0.1940E-09  0.1640E-09  0.1300E-09  0.1020E-09  0.8790E-10
  0.1000E+14  0.6080E-14  0.3470E-12  0.8050E-11  0.7320E-10  0.1890E-09  0.2660E-09  0.2560E-09  0.2360E-09  0.2190E-09  0.1940E-09  0.1640E-09  0.1300E-09  0.1020E-09  0.8790E-10
  0.1000E+15  0.6080E-14  0.3470E-12  0.8050E-11  0.7320E-10  0.1890E-09  0.2660E-09  0.2560E-09  0.2360E-09  0.2190E-09  0.1940E-09  0.1640E-09  0.1300E-09  0.1020E-09  0.8790E-10
  0.1000E+16  0.6080E-14  0.3470E-12  0.8050E-11  0.7320E-10  0.1890E-09  0.2660E-09  0.2560E-09  0.2360E-09  0.2190E-09  0.1940E-09  0.1640E-09  0.1300E-09  0.1020E-09  0.8790E-10
  0.1000E+17  0.6080E-14  0.3470E-12  0.8050E-11  0.7320E-10  0.1890E-09  0.2660E-09  0.2560E-09  0.2360E-09  0.2190E-09  0.1940E-09  0.1640E-09  0.1300E-09  0.1020E-09  0.8790E-10
WAVELENGTH(A)= 
    64.117
 7 14 t 
excit   
    29.000     43.500     72.400    145.000    290.000    724.000   1450.000   2170.000   2900.000   4350.000   7240.000  14500.000  29000.000  43500.000 
  0.1000E+11  0.1920E-40  0.2690E-30  0.3200E-22  0.3140E-16  0.2720E-13  0.1320E-11  0.4280E-11  0.6050E-11  0.7080E-11  0.8160E-11  0.8900E-11  0.9080E-11  0.8620E-11  0.8160E-11
  0.1000E+12  0.1920E-40  0.2690E-30  0.3200E-22  0.3140E-16  0.2720E-13  0.1320E-11  0.4280E-11  0.6050E-11  0.7080E-11  0.8160E-11  0.8900E-11  0.9080E-11  0.8620E-11  0.8160E-11
  0.1000E+13  0.1920E-40  0.2690E-30  0.3200E-22  0.3140E-16  0.2720E-13  0.1320E-11  0.4280E-11  0.6050E-11  0.7080E-11  0.8160E-11  0.8900E-11  0.9080E-11  0.8620E-11  0.8160E-11
  0.1000E+14  0.1920E-40  0.2690E-30  0.3200E-22  0.3140E-16  0.2720E-13  0.1320E-11  0.4280E-11  0.6050E-11  0.7080E-11  0.8160E-11  0.8900E-11  0.9080E-11  0.8620E-11  0.8160E-11
  0.1000E+15  0.1920E-40  0.2690E-30  0.3200E-22  0.3140E-16  0.2720E-13  0.1320E-11  0.4280E-11  0.6050E-11  0.7080E-11  0.8160E-11  0.8900E-11  0.9080E-11  0.8620E-11  0.8160E-11
  0.1000E+16  0.1920E-40  0.2690E-30  0.3200E-22  0.3140E-16  0.2720E-13  0.1320E-11  0.4280E-11  0.6050E-11  0.7080E-11  0.8160E-11  0.8900E-11  0.9080E-11  0.8620E-11  0.8160E-11
  0.1000E+17  0.1920E-40  0.2690E-30  0.3200E-22  0.3140E-16  0.2720E-13  0.1320E-11  0.4280E-11  0.6050E-11  0.7080E-11  0.8160E-11  0.8900E-11  0.9080E-11  0.8620E-11  0.8160E-11
WAVELENGTH(A)= 
    64.296
 7 14 t 
excit   
    29.000     43.500     72.400    145.000    290.000    724.000   1450.000   2170.000   2900.000   4350.000   7240.000  14500.000  29000.000  43500.000 
  0.1000E+11  0.1000E-73  0.8060E-36  0.1290E-25  0.5000E-18  0.2620E-14  0.3520E-12  0.1510E-11  0.2280E-11  0.2700E-11  0.3060E-11  0.3130E-11  0.2800E-11  0.2280E-11  0.1960E-11
  0.1000E+12  0.1000E-73  0.8060E-36  0.1290E-25  0.5000E-18  0.2620E-14  0.3520E-12  0.1510E-11  0.2280E-11  0.2700E-11  0.3060E-11  0.3130E-11  0.2800E-11  0.2280E-11  0.1960E-11
  0.1000E+13  0.1000E-73  0.8060E-36  0.1290E-25  0.5000E-18  0.2620E-14  0.3520E-12  0.1510E-11  0.2280E-11  0.2700E-11  0.3060E-11  0.3130E-11  0.2800E-11  0.2280E-11  0.1960E-11
  0.1000E+14  0.1000E-73  0.8060E-36  0.1290E-25  0.5000E-18  0.2620E-14  0.3520E-12  0.1510E-11  0.2280E-11  0.2700E-11  0.3060E-11  0.3130E-11  0.2800E-11  0.2280E-11  0.1960E-11
  0.1000E+15  0.1000E-73  0.8060E-36  0.1290E-25  0.5000E-18  0.2620E-14  0.3520E-12  0.1510E-11  0.2280E-11  0.2700E-11  0.3060E-11  0.3130E-11  0.2800E-11  0.2280E-11  0.1960E-11
  0.1000E+16  0.1000E-73  0.8060E-36  0.1290E-25  0.5000E-18  0.2620E-14  0.3520E-12  0.1510E-11  0.2280E-11  0.2700E-11  0.3060E-11  0.3130E-11  0.2800E-11  0.2280E-11  0.1960E-11
  0.1000E+17  0.1160E-48  0.8060E-36  0.1290E-25  0.5000E-18  0.2620E-14  0.3520E-12  0.1510E-11  0.2280E-11  0.2700E-11  0.3060E-11  0.3130E-11  0.2800E-11  0.2280E-11  0.1960E-11
WAVELENGTH(A)= 
    64.370
 7 14 t 
excit   
    29.000     43.500     72.400    145.000    290.000    724.000   1450.000   2170.000   2900.000   4350.000   7240.000  14500.000  29000.000  43500.000 
  0.1000E+11  0.2440E-14  0.1850E-12  0.5400E-11  0.5830E-10  0.1630E-09  0.2420E-09  0.2320E-09  0.2130E-09  0.1960E-09  0.1710E-09  0.1420E-09  0.1080E-09  0.8120E-10  0.6840E-10
  0.1000E+12  0.2440E-14  0.1850E-12  0.5400E-11  0.5830E-10  0.1630E-09  0.2420E-09  0.2320E-09  0.2130E-09  0.1960E-09  0.1710E-09  0.1420E-09  0.1080E-09  0.8120E-10  0.6840E-10
  0.1000E+13  0.2440E-14  0.1850E-12  0.5400E-11  0.5830E-10  0.1630E-09  0.2420E-09  0.2320E-09  0.2130E-09  0.1960E-09  0.1710E-09  0.1420E-09  0.1080E-09  0.8120E-10  0.6840E-10
  0.1000E+14  0.2440E-14  0.1850E-12  0.5400E-11  0.5830E-10  0.1630E-09  0.2420E-09  0.2320E-09  0.2130E-09  0.1960E-09  0.1710E-09  0.1420E-09  0.1080E-09  0.8120E-10  0.6840E-10
  0.1000E+15  0.2440E-14  0.1850E-12  0.5400E-11  0.5830E-10  0.1630E-09  0.2420E-09  0.2320E-09  0.2130E-09  0.1960E-09  0.1710E-09  0.1420E-09  0.1080E-09  0.8120E-10  0.6840E-10
  0.1000E+16  0.2440E-14  0.1850E-12  0.5400E-11  0.5830E-10  0.1630E-09  0.2420E-09  0.2320E-09  0.2130E-09  0.1960E-09  0.1710E-09  0.1420E-09  0.1080E-09  0.8120E-10  0.6840E-10
  0.1000E+17  0.2440E-14  0.1850E-12  0.5410E-11  0.5830E-10  0.1630E-09  0.2420E-09  0.2320E-09  0.2130E-09  0.1960E-09  0.1710E-09  0.1420E-09  0.1080E-09  0.8120E-10  0.6840E-10
WAVELENGTH(A)= 
    71.722
 7 14 t 
excit   
    29.000     43.500     72.400    145.000    290.000    724.000   1450.000   2170.000   2900.000   4350.000   7240.000  14500.000  29000.000  43500.000 
  0.1000E+11  0.1180E-10  0.7150E-10  0.2830E-09  0.7450E-09  0.1120E-08  0.1250E-08  0.1170E-08  0.1080E-08  0.1020E-08  0.9200E-09  0.7970E-09  0.6500E-09  0.5170E-09  0.4510E-09
  0.1000E+12  0.1180E-10  0.7150E-10  0.2830E-09  0.7450E-09  0.1120E-08  0.1250E-08  0.1170E-08  0.1080E-08  0.1020E-08  0.9200E-09  0.7970E-09  0.6500E-09  0.5170E-09  0.4510E-09
  0.1000E+13  0.1180E-10  0.7150E-10  0.2830E-09  0.7450E-09  0.1120E-08  0.1250E-08  0.1170E-08  0.1080E-08  0.1020E-08  0.9200E-09  0.7970E-09  0.6500E-09  0.5170E-09  0.4510E-09
  0.1000E+14  0.1180E-10  0.7150E-10  0.2830E-09  0.7450E-09  0.1120E-08  0.1250E-08  0.1170E-08  0.1080E-08  0.1020E-08  0.9200E-09  0.7970E-09  0.6500E-09  0.5170E-09  0.4510E-09
  0.1000E+15  0.1180E-10  0.7150E-10  0.2830E-09  0.7450E-09  0.1120E-08  0.1250E-08  0.1170E-08  0.1080E-08  0.1020E-08  0.9200E-09  0.7970E-09  0.6500E-09  0.5170E-09  0.4510E-09
  0.1000E+16  0.1180E-10  0.7150E-10  0.2830E-09  0.7450E-09  0.1120E-08  0.1250E-08  0.1170E-08  0.1080E-08  0.1020E-08  0.9200E-09  0.7970E-09  0.6500E-09  0.5170E-09  0.4510E-09
  0.1000E+17  0.1180E-10  0.7150E-10  0.2830E-09  0.7440E-09  0.1120E-08  0.1250E-08  0.1170E-08  0.1080E-08  0.1020E-08  0.9190E-09  0.7960E-09  0.6500E-09  0.5170E-09  0.4510E-09
WAVELENGTH(A)= 
    72.747
 7 14 t 
excit   
    29.000     43.500     72.400    145.000    290.000    724.000   1450.000   2170.000   2900.000   4350.000   7240.000  14500.000  29000.000  43500.000 
  0.1000E+11  0.8230E-32  0.8580E-25  0.3230E-19  0.4200E-15  0.4060E-13  0.5020E-12  0.9840E-12  0.1150E-11  0.1200E-11  0.1190E-11  0.1100E-11  0.9020E-12  0.6990E-12  0.5930E-12
  0.1000E+12  0.8230E-32  0.8580E-25  0.3230E-19  0.4200E-15  0.4060E-13  0.5020E-12  0.9840E-12  0.1150E-11  0.1200E-11  0.1190E-11  0.1100E-11  0.9020E-12  0.6990E-12  0.5930E-12
  0.1000E+13  0.8230E-32  0.8580E-25  0.3230E-19  0.4200E-15  0.4060E-13  0.5020E-12  0.9840E-12  0.1150E-11  0.1200E-11  0.1190E-11  0.1100E-11  0.9020E-12  0.6990E-12  0.5930E-12
  0.1000E+14  0.8230E-32  0.8580E-25  0.3230E-19  0.4200E-15  0.4060E-13  0.5020E-12  0.9840E-12  0.1150E-11  0.1200E-11  0.1190E-11  0.1100E-11  0.9020E-12  0.6990E-12  0.5930E-12
  0.1000E+15  0.8230E-32  0.8580E-25  0.3230E-19  0.4200E-15  0.4060E-13  0.5020E-12  0.9840E-12  0.1150E-11  0.1200E-11  0.1190E-11  0.1100E-11  0.9020E-12  0.6990E-12  0.5930E-12
  0.1000E+16  0.8230E-32  0.8580E-25  0.3230E-19  0.4200E-15  0.4060E-13  0.5020E-12  0.9840E-12  0.1150E-11  0.1200E-11  0.1190E-11  0.1100E-11  0.9020E-12  0.6990E-12  0.5930E-12
  0.1000E+17  0.8220E-32  0.8580E-25  0.3230E-19  0.4200E-15  0.4060E-13  0.5010E-12  0.9840E-12  0.1150E-11  0.1200E-11  0.1190E-11  0.1100E-11  0.9020E-12  0.6990E-12  0.5930E-12
WAVELENGTH(A)= 
    73.307
 7 14 t 
excit   
    29.000     43.500     72.400    145.000    290.000    724.000   1450.000   2170.000   2900.000   4350.000   7240.000  14500.000  29000.000  43500.000 
  0.1000E+11  0.2100E-26  0.3950E-21  0.5970E-17  0.7110E-14  0.2130E-12  0.1370E-11  0.2270E-11  0.2580E-11  0.2680E-11  0.2710E-11  0.2590E-11  0.2250E-11  0.1860E-11  0.1630E-11
  0.1000E+12  0.2100E-26  0.3950E-21  0.5970E-17  0.7110E-14  0.2130E-12  0.1370E-11  0.2270E-11  0.2580E-11  0.2680E-11  0.2710E-11  0.2590E-11  0.2250E-11  0.1860E-11  0.1630E-11
  0.1000E+13  0.2100E-26  0.3950E-21  0.5970E-17  0.7110E-14  0.2130E-12  0.1370E-11  0.2270E-11  0.2580E-11  0.2680E-11  0.2710E-11  0.2590E-11  0.2250E-11  0.1860E-11  0.1630E-11
  0.1000E+14  0.2100E-26  0.3950E-21  0.5970E-17  0.7110E-14  0.2130E-12  0.1370E-11  0.2270E-11  0.2580E-11  0.2680E-11  0.2710E-11  0.2590E-11  0.2250E-11  0.1860E-11  0.1630E-11
  0.1000E+15  0.2100E-26  0.3950E-21  0.5970E-17  0.7110E-14  0.2130E-12  0.1370E-11  0.2270E-11  0.2580E-11  0.2680E-11  0.2710E-11  0.2590E-11  0.2250E-11  0.1860E-11  0.1630E-11
  0.1000E+16  0.2100E-26  0.3950E-21  0.5970E-17  0.7110E-14  0.2130E-12  0.1370E-11  0.2270E-11  0.2580E-11  0.2680E-11  0.2710E-11  0.2590E-11  0.2250E-11  0.1860E-11  0.1630E-11
  0.1000E+17  0.2100E-26  0.3950E-21  0.5980E-17  0.7110E-14  0.2130E-12  0.1370E-11  0.2270E-11  0.2580E-11  0.2680E-11  0.2710E-11  0.2580E-11  0.2250E-11  0.1860E-11  0.1630E-11
WAVELENGTH(A)= 
   132.018
 7 14 t 
excit   
    29.000     43.500     72.400    145.000    290.000    724.000   1450.000   2170.000   2900.000   4350.000   7240.000  14500.000  29000.000  43500.000 
  0.1000E+11  0.2630E-24  0.7110E-20  0.2330E-16  0.9550E-14  0.1900E-12  0.1080E-11  0.1850E-11  0.2190E-11  0.2390E-11  0.2610E-11  0.2780E-11  0.2840E-11  0.2740E-11  0.2610E-11
  0.1000E+12  0.2630E-24  0.7110E-20  0.2330E-16  0.9550E-14  0.1900E-12  0.1080E-11  0.1850E-11  0.2190E-11  0.2390E-11  0.2610E-11  0.2780E-11  0.2840E-11  0.2740E-11  0.2610E-11
  0.1000E+13  0.2630E-24  0.7110E-20  0.2330E-16  0.9550E-14  0.1900E-12  0.1080E-11  0.1850E-11  0.2190E-11  0.2390E-11  0.2610E-11  0.2780E-11  0.2840E-11  0.2740E-11  0.2610E-11
  0.1000E+14  0.2630E-24  0.7110E-20  0.2330E-16  0.9550E-14  0.1900E-12  0.1080E-11  0.1850E-11  0.2190E-11  0.2390E-11  0.2610E-11  0.2780E-11  0.2840E-11  0.2740E-11  0.2610E-11
  0.1000E+15  0.2630E-24  0.7110E-20  0.2330E-16  0.9550E-14  0.1900E-12  0.1080E-11  0.1850E-11  0.2190E-11  0.2390E-11  0.2610E-11  0.2780E-11  0.2840E-11  0.2740E-11  0.2610E-11
  0.1000E+16  0.2630E-24  0.7110E-20  0.2330E-16  0.9550E-14  0.1900E-12  0.1080E-11  0.1850E-11  0.2190E-11  0.2390E-11  0.2610E-11  0.2780E-11  0.2840E-11  0.2740E-11  0.2610E-11
  0.1000E+17  0.2640E-24  0.7110E-20  0.2340E-16  0.9550E-14  0.1900E-12  0.1080E-11  0.1850E-11  0.2190E-11  0.2390E-11  0.2610E-11  0.2780E-11  0.2840E-11  0.2740E-11  0.2610E-11
WAVELENGTH(A)= 
   161.802
 7 14 t 
excit   
    29.000     43.500     72.400    145.000    290.000    724.000   1450.000   2170.000   2900.000   4350.000   7240.000  14500.000  29000.000  43500.000 
  0.1000E+11  0.1820E-22  0.1660E-18  0.2230E-15  0.4290E-13  0.5130E-12  0.1880E-11  0.2540E-11  0.2650E-11  0.2630E-11  0.2520E-11  0.2260E-11  0.1860E-11  0.1480E-11  0.1280E-11
  0.1000E+12  0.1820E-22  0.1660E-18  0.2230E-15  0.4290E-13  0.5130E-12  0.1880E-11  0.2540E-11  0.2650E-11  0.2630E-11  0.2520E-11  0.2260E-11  0.1860E-11  0.1480E-11  0.1280E-11
  0.1000E+13  0.1820E-22  0.1660E-18  0.2230E-15  0.4290E-13  0.5130E-12  0.1880E-11  0.2540E-11  0.2650E-11  0.2630E-11  0.2520E-11  0.2260E-11  0.1860E-11  0.1480E-11  0.1280E-11
  0.1000E+14  0.1820E-22  0.1660E-18  0.2230E-15  0.4290E-13  0.5130E-12  0.1880E-11  0.2540E-11  0.2650E-11  0.2630E-11  0.2520E-11  0.2260E-11  0.1860E-11  0.1480E-11  0.1280E-11
  0.1000E+15  0.1820E-22  0.1660E-18  0.2230E-15  0.4290E-13  0.5130E-12  0.1880E-11  0.2540E-11  0.2650E-11  0.2630E-11  0.2520E-11  0.2260E-11  0.1860E-11  0.1480E-11  0.1280E-11
  0.1000E+16  0.1820E-22  0.1660E-18  0.2230E-15  0.4290E-13  0.5130E-12  0.1880E-11  0.2540E-11  0.2650E-11  0.2630E-11  0.2520E-11  0.2260E-11  0.1860E-11  0.1480E-11  0.1280E-11
  0.1000E+17  0.1820E-22  0.1660E-18  0.2230E-15  0.4290E-13  0.5130E-12  0.1880E-11  0.2540E-11  0.2650E-11  0.2630E-11  0.2520E-11  0.2260E-11  0.1860E-11  0.1480E-11  0.1280E-11
