 50  7 14
WAVELENGTH(A)= 
     3.295
 7 14 t 
excit   
    43.100     64.600    108.000    215.000    431.000   1080.000   2150.000   3230.000   4310.000   6460.000  10800.000  21500.000  43100.000  64600.000 
  0.1000E+11  0.1000E-73  0.1070E-35  0.1080E-25  0.2940E-18  0.1300E-14  0.1580E-12  0.6720E-12  0.1020E-11  0.1230E-11  0.1440E-11  0.1570E-11  0.1560E-11  0.1430E-11  0.1330E-11
  0.1000E+12  0.1000E-73  0.1070E-35  0.1080E-25  0.2940E-18  0.1300E-14  0.1580E-12  0.6720E-12  0.1020E-11  0.1230E-11  0.1440E-11  0.1570E-11  0.1560E-11  0.1430E-11  0.1330E-11
  0.1000E+13  0.1000E-73  0.1070E-35  0.1080E-25  0.2940E-18  0.1300E-14  0.1580E-12  0.6720E-12  0.1020E-11  0.1230E-11  0.1440E-11  0.1570E-11  0.1560E-11  0.1430E-11  0.1330E-11
  0.1000E+14  0.1000E-73  0.1070E-35  0.1080E-25  0.2940E-18  0.1300E-14  0.1580E-12  0.6720E-12  0.1020E-11  0.1230E-11  0.1440E-11  0.1570E-11  0.1560E-11  0.1430E-11  0.1330E-11
  0.1000E+15  0.1000E-73  0.1070E-35  0.1080E-25  0.2940E-18  0.1300E-14  0.1580E-12  0.6720E-12  0.1020E-11  0.1230E-11  0.1440E-11  0.1570E-11  0.1560E-11  0.1430E-11  0.1330E-11
  0.1000E+16  0.1000E-73  0.1070E-35  0.1080E-25  0.2940E-18  0.1300E-14  0.1580E-12  0.6720E-12  0.1020E-11  0.1230E-11  0.1440E-11  0.1570E-11  0.1560E-11  0.1430E-11  0.1330E-11
  0.1000E+17  0.1000E-73  0.1070E-35  0.1080E-25  0.2940E-18  0.1300E-14  0.1580E-12  0.6720E-12  0.1020E-11  0.1230E-11  0.1440E-11  0.1570E-11  0.1560E-11  0.1430E-11  0.1330E-11
WAVELENGTH(A)= 
     3.540
 7 14 t 
excit   
    43.100     64.600    108.000    215.000    431.000   1080.000   2150.000   3230.000   4310.000   6460.000  10800.000  21500.000  43100.000  64600.000 
  0.1000E+11  0.1000E-73  0.1350E-33  0.2720E-24  0.2230E-17  0.5440E-14  0.4700E-12  0.1780E-11  0.2630E-11  0.3110E-11  0.3580E-11  0.3870E-11  0.3830E-11  0.3510E-11  0.3270E-11
  0.1000E+12  0.1000E-73  0.1350E-33  0.2720E-24  0.2230E-17  0.5440E-14  0.4700E-12  0.1780E-11  0.2630E-11  0.3110E-11  0.3580E-11  0.3870E-11  0.3830E-11  0.3510E-11  0.3270E-11
  0.1000E+13  0.1000E-73  0.1350E-33  0.2720E-24  0.2230E-17  0.5440E-14  0.4700E-12  0.1780E-11  0.2630E-11  0.3110E-11  0.3580E-11  0.3870E-11  0.3830E-11  0.3510E-11  0.3270E-11
  0.1000E+14  0.1000E-73  0.1350E-33  0.2720E-24  0.2230E-17  0.5440E-14  0.4700E-12  0.1780E-11  0.2630E-11  0.3110E-11  0.3580E-11  0.3870E-11  0.3830E-11  0.3510E-11  0.3270E-11
  0.1000E+15  0.2940E-45  0.1350E-33  0.2720E-24  0.2230E-17  0.5440E-14  0.4700E-12  0.1780E-11  0.2630E-11  0.3110E-11  0.3580E-11  0.3870E-11  0.3830E-11  0.3510E-11  0.3270E-11
  0.1000E+16  0.2800E-45  0.1350E-33  0.2720E-24  0.2230E-17  0.5440E-14  0.4700E-12  0.1780E-11  0.2630E-11  0.3110E-11  0.3580E-11  0.3870E-11  0.3830E-11  0.3510E-11  0.3270E-11
  0.1000E+17  0.2810E-45  0.1350E-33  0.2720E-24  0.2230E-17  0.5440E-14  0.4700E-12  0.1780E-11  0.2630E-11  0.3110E-11  0.3580E-11  0.3870E-11  0.3830E-11  0.3510E-11  0.3270E-11
WAVELENGTH(A)= 
     3.556
 7 14 t 
excit   
    43.100     64.600    108.000    215.000    431.000   1080.000   2150.000   3230.000   4310.000   6460.000  10800.000  21500.000  43100.000  64600.000 
  0.1000E+11  0.1000E-73  0.6830E-34  0.1250E-24  0.9480E-18  0.2220E-14  0.1900E-12  0.7440E-12  0.1140E-11  0.1400E-11  0.1720E-11  0.2030E-11  0.2270E-11  0.2320E-11  0.2270E-11
  0.1000E+12  0.1000E-73  0.6830E-34  0.1250E-24  0.9480E-18  0.2220E-14  0.1900E-12  0.7440E-12  0.1140E-11  0.1400E-11  0.1720E-11  0.2030E-11  0.2270E-11  0.2320E-11  0.2270E-11
  0.1000E+13  0.1000E-73  0.6830E-34  0.1250E-24  0.9480E-18  0.2220E-14  0.1900E-12  0.7440E-12  0.1140E-11  0.1400E-11  0.1720E-11  0.2030E-11  0.2270E-11  0.2320E-11  0.2270E-11
  0.1000E+14  0.1000E-73  0.6830E-34  0.1250E-24  0.9480E-18  0.2220E-14  0.1900E-12  0.7440E-12  0.1140E-11  0.1400E-11  0.1720E-11  0.2030E-11  0.2270E-11  0.2320E-11  0.2270E-11
  0.1000E+15  0.1540E-45  0.6830E-34  0.1250E-24  0.9480E-18  0.2220E-14  0.1900E-12  0.7440E-12  0.1140E-11  0.1400E-11  0.1720E-11  0.2030E-11  0.2270E-11  0.2320E-11  0.2270E-11
  0.1000E+16  0.1620E-45  0.6830E-34  0.1250E-24  0.9480E-18  0.2220E-14  0.1900E-12  0.7440E-12  0.1140E-11  0.1400E-11  0.1720E-11  0.2030E-11  0.2270E-11  0.2320E-11  0.2270E-11
  0.1000E+17  0.1620E-45  0.6830E-34  0.1250E-24  0.9480E-18  0.2220E-14  0.1900E-12  0.7440E-12  0.1140E-11  0.1400E-11  0.1720E-11  0.2030E-11  0.2270E-11  0.2320E-11  0.2270E-11
WAVELENGTH(A)= 
     3.633
 7 14 t 
excit   
    43.100     64.600    108.000    215.000    431.000   1080.000   2150.000   3230.000   4310.000   6460.000  10800.000  21500.000  43100.000  64600.000 
  0.1000E+11  0.1000E-73  0.6730E-35  0.7970E-26  0.4600E-19  0.9840E-16  0.8020E-14  0.2950E-13  0.4270E-13  0.4990E-13  0.5620E-13  0.5880E-13  0.5610E-13  0.5030E-13  0.4630E-13
  0.1000E+12  0.1000E-73  0.6730E-35  0.7970E-26  0.4600E-19  0.9840E-16  0.8020E-14  0.2950E-13  0.4270E-13  0.4990E-13  0.5620E-13  0.5880E-13  0.5610E-13  0.5030E-13  0.4630E-13
  0.1000E+13  0.1000E-73  0.6730E-35  0.7970E-26  0.4600E-19  0.9840E-16  0.8020E-14  0.2950E-13  0.4270E-13  0.4990E-13  0.5620E-13  0.5880E-13  0.5610E-13  0.5030E-13  0.4630E-13
  0.1000E+14  0.1000E-73  0.6730E-35  0.7970E-26  0.4600E-19  0.9840E-16  0.8020E-14  0.2950E-13  0.4270E-13  0.4990E-13  0.5620E-13  0.5880E-13  0.5610E-13  0.5030E-13  0.4630E-13
  0.1000E+15  0.3140E-46  0.6730E-35  0.7970E-26  0.4600E-19  0.9840E-16  0.8020E-14  0.2950E-13  0.4270E-13  0.4990E-13  0.5620E-13  0.5880E-13  0.5610E-13  0.5030E-13  0.4630E-13
  0.1000E+16  0.2830E-46  0.6730E-35  0.7970E-26  0.4600E-19  0.9840E-16  0.8020E-14  0.2950E-13  0.4270E-13  0.4990E-13  0.5620E-13  0.5880E-13  0.5610E-13  0.5030E-13  0.4630E-13
  0.1000E+17  0.2800E-46  0.6730E-35  0.7970E-26  0.4600E-19  0.9840E-16  0.8020E-14  0.2950E-13  0.4270E-13  0.4990E-13  0.5620E-13  0.5880E-13  0.5610E-13  0.5030E-13  0.4630E-13
WAVELENGTH(A)= 
     4.041
 7 14 t 
excit   
    43.100     64.600    108.000    215.000    431.000   1080.000   2150.000   3230.000   4310.000   6460.000  10800.000  21500.000  43100.000  64600.000 
  0.1000E+11  0.2050E-40  0.3590E-30  0.4920E-22  0.5390E-16  0.4860E-13  0.2330E-11  0.7370E-11  0.1030E-10  0.1190E-10  0.1350E-10  0.1430E-10  0.1410E-10  0.1300E-10  0.1210E-10
  0.1000E+12  0.2140E-40  0.3590E-30  0.4920E-22  0.5390E-16  0.4860E-13  0.2330E-11  0.7370E-11  0.1030E-10  0.1190E-10  0.1350E-10  0.1430E-10  0.1410E-10  0.1300E-10  0.1210E-10
  0.1000E+13  0.2150E-40  0.3590E-30  0.4920E-22  0.5390E-16  0.4860E-13  0.2330E-11  0.7370E-11  0.1030E-10  0.1190E-10  0.1350E-10  0.1430E-10  0.1410E-10  0.1300E-10  0.1210E-10
  0.1000E+14  0.2150E-40  0.3590E-30  0.4920E-22  0.5390E-16  0.4860E-13  0.2330E-11  0.7370E-11  0.1030E-10  0.1190E-10  0.1350E-10  0.1430E-10  0.1410E-10  0.1300E-10  0.1210E-10
  0.1000E+15  0.2150E-40  0.3590E-30  0.4920E-22  0.5390E-16  0.4860E-13  0.2330E-11  0.7370E-11  0.1030E-10  0.1190E-10  0.1350E-10  0.1430E-10  0.1410E-10  0.1300E-10  0.1210E-10
  0.1000E+16  0.2150E-40  0.3590E-30  0.4920E-22  0.5390E-16  0.4860E-13  0.2330E-11  0.7370E-11  0.1030E-10  0.1190E-10  0.1350E-10  0.1430E-10  0.1410E-10  0.1300E-10  0.1210E-10
  0.1000E+17  0.2150E-40  0.3590E-30  0.4920E-22  0.5390E-16  0.4860E-13  0.2330E-11  0.7370E-11  0.1030E-10  0.1190E-10  0.1350E-10  0.1430E-10  0.1410E-10  0.1300E-10  0.1210E-10
WAVELENGTH(A)= 
     4.055
 7 14 t 
excit   
    43.100     64.600    108.000    215.000    431.000   1080.000   2150.000   3230.000   4310.000   6460.000  10800.000  21500.000  43100.000  64600.000 
  0.1000E+11  0.1000E-73  0.5060E-34  0.1430E-24  0.1500E-17  0.4070E-14  0.3690E-12  0.1370E-11  0.1960E-11  0.2260E-11  0.2470E-11  0.2430E-11  0.2090E-11  0.1640E-11  0.1390E-11
  0.1000E+12  0.1000E-73  0.5060E-34  0.1430E-24  0.1500E-17  0.4070E-14  0.3690E-12  0.1370E-11  0.1960E-11  0.2260E-11  0.2470E-11  0.2430E-11  0.2090E-11  0.1640E-11  0.1390E-11
  0.1000E+13  0.1000E-73  0.5060E-34  0.1430E-24  0.1500E-17  0.4070E-14  0.3690E-12  0.1370E-11  0.1960E-11  0.2260E-11  0.2470E-11  0.2430E-11  0.2090E-11  0.1640E-11  0.1390E-11
  0.1000E+14  0.1000E-73  0.5060E-34  0.1430E-24  0.1500E-17  0.4070E-14  0.3690E-12  0.1370E-11  0.1960E-11  0.2260E-11  0.2470E-11  0.2430E-11  0.2090E-11  0.1640E-11  0.1390E-11
  0.1000E+15  0.1000E-73  0.5060E-34  0.1430E-24  0.1500E-17  0.4070E-14  0.3690E-12  0.1370E-11  0.1960E-11  0.2260E-11  0.2470E-11  0.2430E-11  0.2090E-11  0.1640E-11  0.1390E-11
  0.1000E+16  0.6560E-46  0.5060E-34  0.1430E-24  0.1500E-17  0.4070E-14  0.3690E-12  0.1370E-11  0.1960E-11  0.2260E-11  0.2470E-11  0.2430E-11  0.2090E-11  0.1640E-11  0.1390E-11
  0.1000E+17  0.7000E-46  0.5060E-34  0.1430E-24  0.1500E-17  0.4070E-14  0.3690E-12  0.1370E-11  0.1960E-11  0.2260E-11  0.2470E-11  0.2430E-11  0.2090E-11  0.1640E-11  0.1390E-11
WAVELENGTH(A)= 
     4.267
 7 14 t 
excit   
    43.100     64.600    108.000    215.000    431.000   1080.000   2150.000   3230.000   4310.000   6460.000  10800.000  21500.000  43100.000  64600.000 
  0.1000E+11  0.1380E-40  0.6640E-31  0.3420E-23  0.1910E-17  0.1400E-14  0.6810E-13  0.2200E-12  0.3060E-12  0.3500E-12  0.3880E-12  0.3990E-12  0.3730E-12  0.3280E-12  0.2990E-12
  0.1000E+12  0.1380E-40  0.6640E-31  0.3420E-23  0.1910E-17  0.1400E-14  0.6810E-13  0.2200E-12  0.3060E-12  0.3500E-12  0.3880E-12  0.3990E-12  0.3730E-12  0.3280E-12  0.2990E-12
  0.1000E+13  0.1380E-40  0.6640E-31  0.3420E-23  0.1910E-17  0.1400E-14  0.6810E-13  0.2200E-12  0.3060E-12  0.3500E-12  0.3880E-12  0.3990E-12  0.3730E-12  0.3280E-12  0.2990E-12
  0.1000E+14  0.1380E-40  0.6640E-31  0.3420E-23  0.1910E-17  0.1400E-14  0.6810E-13  0.2200E-12  0.3060E-12  0.3500E-12  0.3880E-12  0.3990E-12  0.3730E-12  0.3280E-12  0.2990E-12
  0.1000E+15  0.1380E-40  0.6640E-31  0.3420E-23  0.1910E-17  0.1400E-14  0.6810E-13  0.2200E-12  0.3060E-12  0.3500E-12  0.3880E-12  0.3990E-12  0.3730E-12  0.3280E-12  0.2990E-12
  0.1000E+16  0.1380E-40  0.6640E-31  0.3420E-23  0.1910E-17  0.1400E-14  0.6810E-13  0.2200E-12  0.3060E-12  0.3500E-12  0.3880E-12  0.3990E-12  0.3730E-12  0.3280E-12  0.2990E-12
  0.1000E+17  0.1380E-40  0.6640E-31  0.3420E-23  0.1910E-17  0.1400E-14  0.6810E-13  0.2200E-12  0.3060E-12  0.3500E-12  0.3880E-12  0.3990E-12  0.3730E-12  0.3280E-12  0.2990E-12
WAVELENGTH(A)= 
     4.282
 7 14 t 
excit   
    43.100     64.600    108.000    215.000    431.000   1080.000   2150.000   3230.000   4310.000   6460.000  10800.000  21500.000  43100.000  64600.000 
  0.1000E+11  0.1000E-73  0.1980E-33  0.2050E-24  0.1010E-17  0.1910E-14  0.1380E-12  0.4830E-12  0.6800E-12  0.7780E-12  0.8490E-12  0.8420E-12  0.7320E-12  0.5850E-12  0.5020E-12
  0.1000E+12  0.1000E-73  0.1980E-33  0.2050E-24  0.1010E-17  0.1910E-14  0.1380E-12  0.4830E-12  0.6800E-12  0.7780E-12  0.8490E-12  0.8420E-12  0.7320E-12  0.5850E-12  0.5020E-12
  0.1000E+13  0.1530E-44  0.1980E-33  0.2050E-24  0.1010E-17  0.1910E-14  0.1380E-12  0.4830E-12  0.6800E-12  0.7780E-12  0.8490E-12  0.8420E-12  0.7320E-12  0.5850E-12  0.5020E-12
  0.1000E+14  0.9160E-45  0.1980E-33  0.2050E-24  0.1010E-17  0.1910E-14  0.1380E-12  0.4830E-12  0.6800E-12  0.7780E-12  0.8490E-12  0.8420E-12  0.7320E-12  0.5850E-12  0.5020E-12
  0.1000E+15  0.9470E-45  0.1980E-33  0.2050E-24  0.1010E-17  0.1910E-14  0.1380E-12  0.4830E-12  0.6800E-12  0.7780E-12  0.8490E-12  0.8420E-12  0.7320E-12  0.5850E-12  0.5020E-12
  0.1000E+16  0.9450E-45  0.1980E-33  0.2050E-24  0.1010E-17  0.1910E-14  0.1380E-12  0.4830E-12  0.6800E-12  0.7780E-12  0.8490E-12  0.8420E-12  0.7320E-12  0.5850E-12  0.5020E-12
  0.1000E+17  0.9450E-45  0.1980E-33  0.2050E-24  0.1010E-17  0.1910E-14  0.1380E-12  0.4830E-12  0.6800E-12  0.7780E-12  0.8490E-12  0.8420E-12  0.7320E-12  0.5850E-12  0.5020E-12
WAVELENGTH(A)= 
     4.768
 7 14 t 
excit   
    43.100     64.600    108.000    215.000    431.000   1080.000   2150.000   3230.000   4310.000   6460.000  10800.000  21500.000  43100.000  64600.000 
  0.1000E+11  0.1040E-35  0.4680E-27  0.3550E-20  0.4500E-15  0.1450E-12  0.4310E-11  0.1250E-10  0.1750E-10  0.2060E-10  0.2400E-10  0.2720E-10  0.2910E-10  0.2890E-10  0.2790E-10
  0.1000E+12  0.1040E-35  0.4680E-27  0.3550E-20  0.4500E-15  0.1450E-12  0.4310E-11  0.1250E-10  0.1750E-10  0.2060E-10  0.2400E-10  0.2720E-10  0.2910E-10  0.2890E-10  0.2790E-10
  0.1000E+13  0.1040E-35  0.4680E-27  0.3550E-20  0.4500E-15  0.1450E-12  0.4310E-11  0.1250E-10  0.1750E-10  0.2060E-10  0.2400E-10  0.2720E-10  0.2910E-10  0.2890E-10  0.2790E-10
  0.1000E+14  0.1040E-35  0.4680E-27  0.3550E-20  0.4500E-15  0.1450E-12  0.4310E-11  0.1250E-10  0.1750E-10  0.2060E-10  0.2400E-10  0.2720E-10  0.2910E-10  0.2890E-10  0.2790E-10
  0.1000E+15  0.1040E-35  0.4680E-27  0.3550E-20  0.4500E-15  0.1450E-12  0.4310E-11  0.1250E-10  0.1750E-10  0.2060E-10  0.2400E-10  0.2720E-10  0.2910E-10  0.2890E-10  0.2790E-10
  0.1000E+16  0.1040E-35  0.4680E-27  0.3550E-20  0.4500E-15  0.1450E-12  0.4310E-11  0.1250E-10  0.1750E-10  0.2060E-10  0.2400E-10  0.2720E-10  0.2910E-10  0.2890E-10  0.2790E-10
  0.1000E+17  0.1040E-35  0.4680E-27  0.3550E-20  0.4500E-15  0.1450E-12  0.4310E-11  0.1250E-10  0.1750E-10  0.2060E-10  0.2400E-10  0.2720E-10  0.2910E-10  0.2890E-10  0.2790E-10
WAVELENGTH(A)= 
     5.142
 7 14 t 
excit   
    43.100     64.600    108.000    215.000    431.000   1080.000   2150.000   3230.000   4310.000   6460.000  10800.000  21500.000  43100.000  64600.000 
  0.1000E+11  0.1010E-35  0.1050E-27  0.2460E-21  0.1280E-16  0.2480E-14  0.4790E-13  0.1110E-12  0.1380E-12  0.1500E-12  0.1560E-12  0.1520E-12  0.1340E-12  0.1110E-12  0.9830E-13
  0.1000E+12  0.1010E-35  0.1050E-27  0.2460E-21  0.1280E-16  0.2480E-14  0.4790E-13  0.1110E-12  0.1380E-12  0.1500E-12  0.1560E-12  0.1520E-12  0.1340E-12  0.1110E-12  0.9830E-13
  0.1000E+13  0.1010E-35  0.1050E-27  0.2460E-21  0.1280E-16  0.2480E-14  0.4790E-13  0.1110E-12  0.1380E-12  0.1500E-12  0.1560E-12  0.1520E-12  0.1340E-12  0.1110E-12  0.9830E-13
  0.1000E+14  0.1010E-35  0.1050E-27  0.2460E-21  0.1280E-16  0.2480E-14  0.4790E-13  0.1110E-12  0.1380E-12  0.1500E-12  0.1560E-12  0.1520E-12  0.1340E-12  0.1110E-12  0.9830E-13
  0.1000E+15  0.1010E-35  0.1050E-27  0.2460E-21  0.1280E-16  0.2480E-14  0.4790E-13  0.1110E-12  0.1380E-12  0.1500E-12  0.1560E-12  0.1520E-12  0.1340E-12  0.1110E-12  0.9830E-13
  0.1000E+16  0.1010E-35  0.1050E-27  0.2460E-21  0.1280E-16  0.2480E-14  0.4790E-13  0.1110E-12  0.1380E-12  0.1500E-12  0.1560E-12  0.1520E-12  0.1340E-12  0.1110E-12  0.9830E-13
  0.1000E+17  0.1010E-35  0.1050E-27  0.2460E-21  0.1280E-16  0.2480E-14  0.4790E-13  0.1110E-12  0.1380E-12  0.1500E-12  0.1560E-12  0.1520E-12  0.1340E-12  0.1110E-12  0.9830E-13
WAVELENGTH(A)= 
     5.469
 7 14 t 
excit   
    43.100     64.600    108.000    215.000    431.000   1080.000   2150.000   3230.000   4310.000   6460.000  10800.000  21500.000  43100.000  64600.000 
  0.1000E+11  0.1950E-31  0.6620E-24  0.6360E-18  0.1690E-13  0.2350E-11  0.3800E-10  0.8610E-10  0.1090E-09  0.1210E-09  0.1340E-09  0.1410E-09  0.1400E-09  0.1310E-09  0.1230E-09
  0.1000E+12  0.1950E-31  0.6620E-24  0.6360E-18  0.1690E-13  0.2350E-11  0.3800E-10  0.8610E-10  0.1090E-09  0.1210E-09  0.1340E-09  0.1410E-09  0.1400E-09  0.1310E-09  0.1230E-09
  0.1000E+13  0.1950E-31  0.6620E-24  0.6360E-18  0.1690E-13  0.2350E-11  0.3800E-10  0.8610E-10  0.1090E-09  0.1210E-09  0.1340E-09  0.1410E-09  0.1400E-09  0.1310E-09  0.1230E-09
  0.1000E+14  0.1950E-31  0.6620E-24  0.6360E-18  0.1690E-13  0.2350E-11  0.3800E-10  0.8610E-10  0.1090E-09  0.1210E-09  0.1340E-09  0.1410E-09  0.1400E-09  0.1310E-09  0.1230E-09
  0.1000E+15  0.1950E-31  0.6620E-24  0.6360E-18  0.1690E-13  0.2350E-11  0.3800E-10  0.8610E-10  0.1090E-09  0.1210E-09  0.1340E-09  0.1410E-09  0.1400E-09  0.1310E-09  0.1230E-09
  0.1000E+16  0.1950E-31  0.6620E-24  0.6360E-18  0.1690E-13  0.2350E-11  0.3800E-10  0.8610E-10  0.1090E-09  0.1210E-09  0.1340E-09  0.1410E-09  0.1400E-09  0.1310E-09  0.1230E-09
  0.1000E+17  0.1950E-31  0.6620E-24  0.6360E-18  0.1690E-13  0.2350E-11  0.3800E-10  0.8610E-10  0.1090E-09  0.1210E-09  0.1340E-09  0.1410E-09  0.1400E-09  0.1310E-09  0.1230E-09
WAVELENGTH(A)= 
     5.495
 7 14 t 
excit   
    43.100     64.600    108.000    215.000    431.000   1080.000   2150.000   3230.000   4310.000   6460.000  10800.000  21500.000  43100.000  64600.000 
  0.1000E+11  0.8100E-37  0.1210E-27  0.2400E-20  0.6120E-15  0.2610E-12  0.7830E-11  0.2050E-10  0.2630E-10  0.2880E-10  0.3000E-10  0.2880E-10  0.2450E-10  0.1940E-10  0.1660E-10
  0.1000E+12  0.8100E-37  0.1210E-27  0.2400E-20  0.6120E-15  0.2610E-12  0.7830E-11  0.2050E-10  0.2630E-10  0.2880E-10  0.3000E-10  0.2880E-10  0.2450E-10  0.1940E-10  0.1660E-10
  0.1000E+13  0.8100E-37  0.1210E-27  0.2400E-20  0.6120E-15  0.2610E-12  0.7830E-11  0.2050E-10  0.2630E-10  0.2880E-10  0.3000E-10  0.2880E-10  0.2450E-10  0.1940E-10  0.1660E-10
  0.1000E+14  0.8100E-37  0.1210E-27  0.2400E-20  0.6120E-15  0.2610E-12  0.7830E-11  0.2050E-10  0.2630E-10  0.2880E-10  0.3000E-10  0.2880E-10  0.2450E-10  0.1940E-10  0.1660E-10
  0.1000E+15  0.8100E-37  0.1210E-27  0.2400E-20  0.6120E-15  0.2610E-12  0.7830E-11  0.2050E-10  0.2630E-10  0.2880E-10  0.3000E-10  0.2880E-10  0.2450E-10  0.1940E-10  0.1660E-10
  0.1000E+16  0.8100E-37  0.1210E-27  0.2400E-20  0.6120E-15  0.2610E-12  0.7830E-11  0.2050E-10  0.2630E-10  0.2880E-10  0.3000E-10  0.2880E-10  0.2450E-10  0.1940E-10  0.1660E-10
  0.1000E+17  0.8100E-37  0.1210E-27  0.2400E-20  0.6120E-15  0.2610E-12  0.7830E-11  0.2050E-10  0.2630E-10  0.2880E-10  0.3000E-10  0.2880E-10  0.2450E-10  0.1940E-10  0.1660E-10
WAVELENGTH(A)= 
     5.874
 7 14 t 
excit   
    43.100     64.600    108.000    215.000    431.000   1080.000   2150.000   3230.000   4310.000   6460.000  10800.000  21500.000  43100.000  64600.000 
  0.1000E+11  0.6540E-32  0.6630E-25  0.2430E-19  0.3130E-15  0.3130E-13  0.4480E-12  0.9900E-12  0.1220E-11  0.1320E-11  0.1380E-11  0.1340E-11  0.1190E-11  0.1000E-11  0.8910E-12
  0.1000E+12  0.6540E-32  0.6630E-25  0.2430E-19  0.3130E-15  0.3130E-13  0.4480E-12  0.9900E-12  0.1220E-11  0.1320E-11  0.1380E-11  0.1340E-11  0.1190E-11  0.1000E-11  0.8910E-12
  0.1000E+13  0.6540E-32  0.6630E-25  0.2430E-19  0.3130E-15  0.3130E-13  0.4480E-12  0.9900E-12  0.1220E-11  0.1320E-11  0.1380E-11  0.1340E-11  0.1190E-11  0.1000E-11  0.8910E-12
  0.1000E+14  0.6540E-32  0.6630E-25  0.2430E-19  0.3130E-15  0.3130E-13  0.4480E-12  0.9900E-12  0.1220E-11  0.1320E-11  0.1380E-11  0.1340E-11  0.1190E-11  0.1000E-11  0.8910E-12
  0.1000E+15  0.6540E-32  0.6630E-25  0.2430E-19  0.3130E-15  0.3130E-13  0.4480E-12  0.9900E-12  0.1220E-11  0.1320E-11  0.1380E-11  0.1340E-11  0.1190E-11  0.1000E-11  0.8910E-12
  0.1000E+16  0.6540E-32  0.6630E-25  0.2430E-19  0.3130E-15  0.3130E-13  0.4480E-12  0.9900E-12  0.1220E-11  0.1320E-11  0.1380E-11  0.1340E-11  0.1190E-11  0.1000E-11  0.8910E-12
  0.1000E+17  0.6540E-32  0.6630E-25  0.2430E-19  0.3120E-15  0.3130E-13  0.4480E-12  0.9900E-12  0.1220E-11  0.1320E-11  0.1380E-11  0.1340E-11  0.1190E-11  0.1000E-11  0.8910E-12
WAVELENGTH(A)= 
     6.455
 7 14 t 
excit   
    43.100     64.600    108.000    215.000    431.000   1080.000   2150.000   3230.000   4310.000   6460.000  10800.000  21500.000  43100.000  64600.000 
  0.1000E+11  0.2080E-29  0.6410E-23  0.1230E-17  0.1220E-13  0.1140E-11  0.1660E-10  0.3770E-10  0.4710E-10  0.5130E-10  0.5410E-10  0.5330E-10  0.4810E-10  0.4110E-10  0.3680E-10
  0.1000E+12  0.2080E-29  0.6410E-23  0.1230E-17  0.1220E-13  0.1140E-11  0.1660E-10  0.3770E-10  0.4710E-10  0.5130E-10  0.5410E-10  0.5330E-10  0.4810E-10  0.4110E-10  0.3680E-10
  0.1000E+13  0.2080E-29  0.6410E-23  0.1230E-17  0.1220E-13  0.1140E-11  0.1660E-10  0.3770E-10  0.4710E-10  0.5130E-10  0.5410E-10  0.5330E-10  0.4810E-10  0.4110E-10  0.3680E-10
  0.1000E+14  0.2080E-29  0.6410E-23  0.1230E-17  0.1220E-13  0.1140E-11  0.1660E-10  0.3770E-10  0.4710E-10  0.5130E-10  0.5410E-10  0.5330E-10  0.4810E-10  0.4110E-10  0.3680E-10
  0.1000E+15  0.2080E-29  0.6410E-23  0.1230E-17  0.1220E-13  0.1140E-11  0.1660E-10  0.3770E-10  0.4710E-10  0.5130E-10  0.5410E-10  0.5330E-10  0.4810E-10  0.4110E-10  0.3680E-10
  0.1000E+16  0.2080E-29  0.6410E-23  0.1230E-17  0.1220E-13  0.1140E-11  0.1660E-10  0.3770E-10  0.4710E-10  0.5130E-10  0.5410E-10  0.5330E-10  0.4810E-10  0.4110E-10  0.3680E-10
  0.1000E+17  0.2080E-29  0.6410E-23  0.1230E-17  0.1220E-13  0.1140E-11  0.1660E-10  0.3770E-10  0.4710E-10  0.5130E-10  0.5400E-10  0.5330E-10  0.4810E-10  0.4110E-10  0.3680E-10
WAVELENGTH(A)= 
     6.486
 7 14 t 
excit   
    43.100     64.600    108.000    215.000    431.000   1080.000   2150.000   3230.000   4310.000   6460.000  10800.000  21500.000  43100.000  64600.000 
  0.1000E+11  0.1610E-33  0.1660E-25  0.3920E-19  0.2030E-14  0.3940E-12  0.7620E-11  0.1770E-10  0.2200E-10  0.2380E-10  0.2480E-10  0.2420E-10  0.2130E-10  0.1770E-10  0.1560E-10
  0.1000E+12  0.1610E-33  0.1660E-25  0.3920E-19  0.2030E-14  0.3940E-12  0.7620E-11  0.1770E-10  0.2200E-10  0.2380E-10  0.2480E-10  0.2420E-10  0.2130E-10  0.1770E-10  0.1560E-10
  0.1000E+13  0.1610E-33  0.1660E-25  0.3920E-19  0.2030E-14  0.3940E-12  0.7620E-11  0.1770E-10  0.2200E-10  0.2380E-10  0.2480E-10  0.2420E-10  0.2130E-10  0.1770E-10  0.1560E-10
  0.1000E+14  0.1610E-33  0.1660E-25  0.3920E-19  0.2030E-14  0.3940E-12  0.7620E-11  0.1770E-10  0.2200E-10  0.2380E-10  0.2480E-10  0.2420E-10  0.2130E-10  0.1770E-10  0.1560E-10
  0.1000E+15  0.1610E-33  0.1660E-25  0.3920E-19  0.2030E-14  0.3940E-12  0.7620E-11  0.1770E-10  0.2200E-10  0.2380E-10  0.2480E-10  0.2420E-10  0.2130E-10  0.1770E-10  0.1560E-10
  0.1000E+16  0.1610E-33  0.1660E-25  0.3920E-19  0.2030E-14  0.3940E-12  0.7620E-11  0.1770E-10  0.2200E-10  0.2380E-10  0.2480E-10  0.2420E-10  0.2130E-10  0.1770E-10  0.1560E-10
  0.1000E+17  0.1610E-33  0.1660E-25  0.3920E-19  0.2030E-14  0.3940E-12  0.7620E-11  0.1770E-10  0.2200E-10  0.2380E-10  0.2480E-10  0.2420E-10  0.2130E-10  0.1770E-10  0.1560E-10
WAVELENGTH(A)= 
     6.819
 7 14 t 
excit   
    43.100     64.600    108.000    215.000    431.000   1080.000   2150.000   3230.000   4310.000   6460.000  10800.000  21500.000  43100.000  64600.000 
  0.1000E+11  0.1000E-73  0.5350E-36  0.4650E-26  0.1130E-18  0.4710E-15  0.5510E-13  0.2220E-12  0.3280E-12  0.3810E-12  0.4230E-12  0.4210E-12  0.3620E-12  0.2860E-12  0.2430E-12
  0.1000E+12  0.1000E-73  0.5350E-36  0.4650E-26  0.1130E-18  0.4710E-15  0.5510E-13  0.2220E-12  0.3280E-12  0.3810E-12  0.4230E-12  0.4210E-12  0.3620E-12  0.2860E-12  0.2430E-12
  0.1000E+13  0.1000E-73  0.5350E-36  0.4650E-26  0.1130E-18  0.4710E-15  0.5510E-13  0.2220E-12  0.3280E-12  0.3810E-12  0.4230E-12  0.4210E-12  0.3620E-12  0.2860E-12  0.2430E-12
  0.1000E+14  0.1000E-73  0.5350E-36  0.4650E-26  0.1130E-18  0.4710E-15  0.5510E-13  0.2220E-12  0.3280E-12  0.3810E-12  0.4230E-12  0.4210E-12  0.3620E-12  0.2860E-12  0.2430E-12
  0.1000E+15  0.1000E-73  0.5350E-36  0.4650E-26  0.1130E-18  0.4710E-15  0.5510E-13  0.2220E-12  0.3280E-12  0.3810E-12  0.4230E-12  0.4210E-12  0.3620E-12  0.2860E-12  0.2430E-12
  0.1000E+16  0.1000E-73  0.5350E-36  0.4650E-26  0.1130E-18  0.4710E-15  0.5510E-13  0.2220E-12  0.3280E-12  0.3810E-12  0.4230E-12  0.4210E-12  0.3620E-12  0.2860E-12  0.2430E-12
  0.1000E+17  0.1000E-73  0.5350E-36  0.4650E-26  0.1130E-18  0.4710E-15  0.5510E-13  0.2220E-12  0.3280E-12  0.3810E-12  0.4230E-12  0.4210E-12  0.3620E-12  0.2860E-12  0.2430E-12
WAVELENGTH(A)= 
     7.506
 7 14 t 
excit   
    43.100     64.600    108.000    215.000    431.000   1080.000   2150.000   3230.000   4310.000   6460.000  10800.000  21500.000  43100.000  64600.000 
  0.1000E+11  0.1000E-73  0.1060E-35  0.1070E-25  0.2920E-18  0.1290E-14  0.1570E-12  0.6670E-12  0.1020E-11  0.1230E-11  0.1430E-11  0.1560E-11  0.1550E-11  0.1420E-11  0.1330E-11
  0.1000E+12  0.1000E-73  0.1060E-35  0.1070E-25  0.2920E-18  0.1290E-14  0.1570E-12  0.6670E-12  0.1020E-11  0.1230E-11  0.1430E-11  0.1560E-11  0.1550E-11  0.1420E-11  0.1330E-11
  0.1000E+13  0.1000E-73  0.1060E-35  0.1070E-25  0.2920E-18  0.1290E-14  0.1570E-12  0.6670E-12  0.1020E-11  0.1230E-11  0.1430E-11  0.1560E-11  0.1550E-11  0.1420E-11  0.1330E-11
  0.1000E+14  0.1000E-73  0.1060E-35  0.1070E-25  0.2920E-18  0.1290E-14  0.1570E-12  0.6670E-12  0.1020E-11  0.1230E-11  0.1430E-11  0.1560E-11  0.1550E-11  0.1420E-11  0.1330E-11
  0.1000E+15  0.1000E-73  0.1060E-35  0.1070E-25  0.2920E-18  0.1290E-14  0.1570E-12  0.6670E-12  0.1020E-11  0.1230E-11  0.1430E-11  0.1560E-11  0.1550E-11  0.1420E-11  0.1330E-11
  0.1000E+16  0.1000E-73  0.1060E-35  0.1070E-25  0.2920E-18  0.1290E-14  0.1570E-12  0.6670E-12  0.1020E-11  0.1230E-11  0.1430E-11  0.1560E-11  0.1550E-11  0.1420E-11  0.1330E-11
  0.1000E+17  0.1000E-73  0.1060E-35  0.1070E-25  0.2920E-18  0.1290E-14  0.1570E-12  0.6670E-12  0.1020E-11  0.1230E-11  0.1430E-11  0.1560E-11  0.1550E-11  0.1420E-11  0.1330E-11
WAVELENGTH(A)= 
     8.038
 7 14 t 
excit   
    43.100     64.600    108.000    215.000    431.000   1080.000   2150.000   3230.000   4310.000   6460.000  10800.000  21500.000  43100.000  64600.000 
  0.1000E+11  0.1000E-73  0.8930E-34  0.1430E-24  0.1000E-17  0.2300E-14  0.1900E-12  0.6940E-12  0.9910E-12  0.1140E-11  0.1250E-11  0.1250E-11  0.1100E-11  0.8950E-12  0.7770E-12
  0.1000E+12  0.1000E-73  0.8930E-34  0.1430E-24  0.1000E-17  0.2300E-14  0.1900E-12  0.6940E-12  0.9910E-12  0.1140E-11  0.1250E-11  0.1250E-11  0.1100E-11  0.8950E-12  0.7770E-12
  0.1000E+13  0.1000E-73  0.8930E-34  0.1430E-24  0.1000E-17  0.2300E-14  0.1900E-12  0.6940E-12  0.9910E-12  0.1140E-11  0.1250E-11  0.1250E-11  0.1100E-11  0.8950E-12  0.7770E-12
  0.1000E+14  0.1000E-73  0.8930E-34  0.1430E-24  0.1000E-17  0.2300E-14  0.1900E-12  0.6940E-12  0.9910E-12  0.1140E-11  0.1250E-11  0.1250E-11  0.1100E-11  0.8950E-12  0.7770E-12
  0.1000E+15  0.2330E-45  0.8930E-34  0.1430E-24  0.1000E-17  0.2300E-14  0.1900E-12  0.6940E-12  0.9910E-12  0.1140E-11  0.1250E-11  0.1250E-11  0.1100E-11  0.8950E-12  0.7770E-12
  0.1000E+16  0.2480E-45  0.8930E-34  0.1430E-24  0.1000E-17  0.2300E-14  0.1900E-12  0.6940E-12  0.9910E-12  0.1140E-11  0.1250E-11  0.1250E-11  0.1100E-11  0.8950E-12  0.7770E-12
  0.1000E+17  0.2520E-45  0.8930E-34  0.1430E-24  0.1000E-17  0.2300E-14  0.1900E-12  0.6940E-12  0.9910E-12  0.1140E-11  0.1250E-11  0.1250E-11  0.1100E-11  0.8950E-12  0.7770E-12
WAVELENGTH(A)= 
     8.218
 7 14 t 
excit   
    43.100     64.600    108.000    215.000    431.000   1080.000   2150.000   3230.000   4310.000   6460.000  10800.000  21500.000  43100.000  64600.000 
  0.1000E+11  0.1000E-73  0.4110E-36  0.4500E-26  0.1300E-18  0.5910E-15  0.7320E-13  0.3080E-12  0.4650E-12  0.5510E-12  0.6280E-12  0.6510E-12  0.5930E-12  0.4880E-12  0.4250E-12
  0.1000E+12  0.1000E-73  0.4110E-36  0.4500E-26  0.1300E-18  0.5910E-15  0.7320E-13  0.3080E-12  0.4650E-12  0.5510E-12  0.6280E-12  0.6510E-12  0.5930E-12  0.4880E-12  0.4250E-12
  0.1000E+13  0.1000E-73  0.4110E-36  0.4500E-26  0.1300E-18  0.5910E-15  0.7320E-13  0.3080E-12  0.4650E-12  0.5510E-12  0.6280E-12  0.6510E-12  0.5930E-12  0.4880E-12  0.4250E-12
  0.1000E+14  0.1000E-73  0.4110E-36  0.4500E-26  0.1300E-18  0.5910E-15  0.7320E-13  0.3080E-12  0.4650E-12  0.5510E-12  0.6280E-12  0.6510E-12  0.5930E-12  0.4880E-12  0.4250E-12
  0.1000E+15  0.1000E-73  0.4110E-36  0.4500E-26  0.1300E-18  0.5910E-15  0.7320E-13  0.3080E-12  0.4650E-12  0.5510E-12  0.6280E-12  0.6510E-12  0.5930E-12  0.4880E-12  0.4250E-12
  0.1000E+16  0.1000E-73  0.4110E-36  0.4500E-26  0.1300E-18  0.5910E-15  0.7320E-13  0.3080E-12  0.4650E-12  0.5510E-12  0.6280E-12  0.6510E-12  0.5930E-12  0.4880E-12  0.4250E-12
  0.1000E+17  0.1000E-73  0.4110E-36  0.4500E-26  0.1300E-18  0.5910E-15  0.7320E-13  0.3080E-12  0.4650E-12  0.5510E-12  0.6280E-12  0.6510E-12  0.5930E-12  0.4880E-12  0.4250E-12
WAVELENGTH(A)= 
     8.910
 7 14 t 
excit   
    43.100     64.600    108.000    215.000    431.000   1080.000   2150.000   3230.000   4310.000   6460.000  10800.000  21500.000  43100.000  64600.000 
  0.1000E+11  0.1000E-73  0.1270E-33  0.2570E-24  0.2100E-17  0.5140E-14  0.4440E-12  0.1680E-11  0.2480E-11  0.2930E-11  0.3380E-11  0.3650E-11  0.3610E-11  0.3310E-11  0.3080E-11
  0.1000E+12  0.1000E-73  0.1270E-33  0.2570E-24  0.2100E-17  0.5140E-14  0.4440E-12  0.1680E-11  0.2480E-11  0.2930E-11  0.3380E-11  0.3650E-11  0.3610E-11  0.3310E-11  0.3080E-11
  0.1000E+13  0.1000E-73  0.1270E-33  0.2570E-24  0.2100E-17  0.5140E-14  0.4440E-12  0.1680E-11  0.2480E-11  0.2930E-11  0.3380E-11  0.3650E-11  0.3610E-11  0.3310E-11  0.3080E-11
  0.1000E+14  0.1000E-73  0.1270E-33  0.2570E-24  0.2100E-17  0.5140E-14  0.4440E-12  0.1680E-11  0.2480E-11  0.2930E-11  0.3380E-11  0.3650E-11  0.3610E-11  0.3310E-11  0.3080E-11
  0.1000E+15  0.2780E-45  0.1270E-33  0.2570E-24  0.2100E-17  0.5140E-14  0.4440E-12  0.1680E-11  0.2480E-11  0.2930E-11  0.3380E-11  0.3650E-11  0.3610E-11  0.3310E-11  0.3080E-11
  0.1000E+16  0.2640E-45  0.1270E-33  0.2570E-24  0.2100E-17  0.5140E-14  0.4440E-12  0.1680E-11  0.2480E-11  0.2930E-11  0.3380E-11  0.3650E-11  0.3610E-11  0.3310E-11  0.3080E-11
  0.1000E+17  0.2650E-45  0.1270E-33  0.2570E-24  0.2100E-17  0.5140E-14  0.4440E-12  0.1680E-11  0.2480E-11  0.2930E-11  0.3380E-11  0.3650E-11  0.3610E-11  0.3310E-11  0.3080E-11
WAVELENGTH(A)= 
     9.526
 7 14 t 
excit   
    43.100     64.600    108.000    215.000    431.000   1080.000   2150.000   3230.000   4310.000   6460.000  10800.000  21500.000  43100.000  64600.000 
  0.1000E+11  0.1000E-73  0.1560E-34  0.1840E-25  0.1060E-18  0.2280E-15  0.1850E-13  0.6830E-13  0.9870E-13  0.1150E-12  0.1300E-12  0.1360E-12  0.1300E-12  0.1160E-12  0.1070E-12
  0.1000E+12  0.1000E-73  0.1560E-34  0.1840E-25  0.1060E-18  0.2280E-15  0.1850E-13  0.6830E-13  0.9870E-13  0.1150E-12  0.1300E-12  0.1360E-12  0.1300E-12  0.1160E-12  0.1070E-12
  0.1000E+13  0.1000E-73  0.1560E-34  0.1840E-25  0.1060E-18  0.2280E-15  0.1850E-13  0.6830E-13  0.9870E-13  0.1150E-12  0.1300E-12  0.1360E-12  0.1300E-12  0.1160E-12  0.1070E-12
  0.1000E+14  0.1000E-73  0.1560E-34  0.1840E-25  0.1060E-18  0.2280E-15  0.1850E-13  0.6830E-13  0.9870E-13  0.1150E-12  0.1300E-12  0.1360E-12  0.1300E-12  0.1160E-12  0.1070E-12
  0.1000E+15  0.7270E-46  0.1560E-34  0.1840E-25  0.1060E-18  0.2280E-15  0.1850E-13  0.6830E-13  0.9870E-13  0.1150E-12  0.1300E-12  0.1360E-12  0.1300E-12  0.1160E-12  0.1070E-12
  0.1000E+16  0.6550E-46  0.1560E-34  0.1840E-25  0.1060E-18  0.2280E-15  0.1850E-13  0.6830E-13  0.9870E-13  0.1150E-12  0.1300E-12  0.1360E-12  0.1300E-12  0.1160E-12  0.1070E-12
  0.1000E+17  0.6470E-46  0.1560E-34  0.1840E-25  0.1060E-18  0.2280E-15  0.1850E-13  0.6830E-13  0.9870E-13  0.1150E-12  0.1300E-12  0.1360E-12  0.1300E-12  0.1160E-12  0.1070E-12
WAVELENGTH(A)= 
     9.869
 7 14 t 
excit   
    43.100     64.600    108.000    215.000    431.000   1080.000   2150.000   3230.000   4310.000   6460.000  10800.000  21500.000  43100.000  64600.000 
  0.1000E+11  0.1000E-73  0.4320E-34  0.9920E-25  0.8930E-18  0.2260E-14  0.1980E-12  0.7450E-12  0.1080E-11  0.1270E-11  0.1420E-11  0.1460E-11  0.1320E-11  0.1090E-11  0.9450E-12
  0.1000E+12  0.1000E-73  0.4320E-34  0.9920E-25  0.8930E-18  0.2260E-14  0.1980E-12  0.7450E-12  0.1080E-11  0.1270E-11  0.1420E-11  0.1460E-11  0.1320E-11  0.1090E-11  0.9450E-12
  0.1000E+13  0.1000E-73  0.4320E-34  0.9920E-25  0.8930E-18  0.2260E-14  0.1980E-12  0.7450E-12  0.1080E-11  0.1270E-11  0.1420E-11  0.1460E-11  0.1320E-11  0.1090E-11  0.9450E-12
  0.1000E+14  0.1000E-73  0.4320E-34  0.9920E-25  0.8930E-18  0.2260E-14  0.1980E-12  0.7450E-12  0.1080E-11  0.1270E-11  0.1420E-11  0.1460E-11  0.1320E-11  0.1090E-11  0.9450E-12
  0.1000E+15  0.1000E-73  0.4320E-34  0.9920E-25  0.8930E-18  0.2260E-14  0.1980E-12  0.7450E-12  0.1080E-11  0.1270E-11  0.1420E-11  0.1460E-11  0.1320E-11  0.1090E-11  0.9450E-12
  0.1000E+16  0.7710E-46  0.4320E-34  0.9920E-25  0.8930E-18  0.2260E-14  0.1980E-12  0.7450E-12  0.1080E-11  0.1270E-11  0.1420E-11  0.1460E-11  0.1320E-11  0.1090E-11  0.9450E-12
  0.1000E+17  0.7710E-46  0.4320E-34  0.9920E-25  0.8930E-18  0.2260E-14  0.1980E-12  0.7450E-12  0.1080E-11  0.1270E-11  0.1420E-11  0.1460E-11  0.1320E-11  0.1090E-11  0.9450E-12
WAVELENGTH(A)= 
    10.362
 7 14 t 
excit   
    43.100     64.600    108.000    215.000    431.000   1080.000   2150.000   3230.000   4310.000   6460.000  10800.000  21500.000  43100.000  64600.000 
  0.1000E+11  0.1000E-73  0.6160E-35  0.9840E-26  0.6900E-19  0.1580E-15  0.1310E-13  0.4790E-13  0.6840E-13  0.7870E-13  0.8640E-13  0.8620E-13  0.7580E-13  0.6170E-13  0.5360E-13
  0.1000E+12  0.1000E-73  0.6160E-35  0.9840E-26  0.6900E-19  0.1580E-15  0.1310E-13  0.4790E-13  0.6840E-13  0.7870E-13  0.8640E-13  0.8620E-13  0.7580E-13  0.6170E-13  0.5360E-13
  0.1000E+13  0.1000E-73  0.6160E-35  0.9840E-26  0.6900E-19  0.1580E-15  0.1310E-13  0.4790E-13  0.6840E-13  0.7870E-13  0.8640E-13  0.8620E-13  0.7580E-13  0.6170E-13  0.5360E-13
  0.1000E+14  0.1000E-73  0.6160E-35  0.9840E-26  0.6900E-19  0.1580E-15  0.1310E-13  0.4790E-13  0.6840E-13  0.7870E-13  0.8640E-13  0.8620E-13  0.7580E-13  0.6170E-13  0.5360E-13
  0.1000E+15  0.1610E-46  0.6160E-35  0.9840E-26  0.6900E-19  0.1580E-15  0.1310E-13  0.4790E-13  0.6840E-13  0.7870E-13  0.8640E-13  0.8620E-13  0.7580E-13  0.6170E-13  0.5360E-13
  0.1000E+16  0.1710E-46  0.6160E-35  0.9840E-26  0.6900E-19  0.1580E-15  0.1310E-13  0.4790E-13  0.6840E-13  0.7870E-13  0.8640E-13  0.8620E-13  0.7580E-13  0.6170E-13  0.5360E-13
  0.1000E+17  0.1730E-46  0.6160E-35  0.9840E-26  0.6900E-19  0.1580E-15  0.1310E-13  0.4790E-13  0.6840E-13  0.7870E-13  0.8640E-13  0.8620E-13  0.7580E-13  0.6170E-13  0.5360E-13
WAVELENGTH(A)= 
    11.518
 7 14 t 
excit   
    43.100     64.600    108.000    215.000    431.000   1080.000   2150.000   3230.000   4310.000   6460.000  10800.000  21500.000  43100.000  64600.000 
  0.1000E+11  0.4400E-40  0.4220E-30  0.3740E-22  0.3020E-16  0.2430E-13  0.1140E-11  0.3550E-11  0.4830E-11  0.5450E-11  0.5900E-11  0.5880E-11  0.5250E-11  0.4370E-11  0.3860E-11
  0.1000E+12  0.4390E-40  0.4220E-30  0.3740E-22  0.3020E-16  0.2430E-13  0.1140E-11  0.3550E-11  0.4830E-11  0.5450E-11  0.5900E-11  0.5880E-11  0.5250E-11  0.4370E-11  0.3860E-11
  0.1000E+13  0.4390E-40  0.4220E-30  0.3740E-22  0.3020E-16  0.2430E-13  0.1140E-11  0.3550E-11  0.4830E-11  0.5450E-11  0.5900E-11  0.5880E-11  0.5250E-11  0.4370E-11  0.3860E-11
  0.1000E+14  0.4390E-40  0.4220E-30  0.3740E-22  0.3020E-16  0.2430E-13  0.1140E-11  0.3550E-11  0.4830E-11  0.5450E-11  0.5900E-11  0.5880E-11  0.5250E-11  0.4370E-11  0.3860E-11
  0.1000E+15  0.4390E-40  0.4220E-30  0.3740E-22  0.3020E-16  0.2430E-13  0.1140E-11  0.3550E-11  0.4830E-11  0.5450E-11  0.5900E-11  0.5880E-11  0.5250E-11  0.4370E-11  0.3860E-11
  0.1000E+16  0.4390E-40  0.4220E-30  0.3740E-22  0.3020E-16  0.2430E-13  0.1140E-11  0.3550E-11  0.4830E-11  0.5450E-11  0.5900E-11  0.5880E-11  0.5250E-11  0.4370E-11  0.3860E-11
  0.1000E+17  0.4390E-40  0.4220E-30  0.3740E-22  0.3020E-16  0.2430E-13  0.1140E-11  0.3550E-11  0.4830E-11  0.5450E-11  0.5900E-11  0.5880E-11  0.5250E-11  0.4370E-11  0.3860E-11
WAVELENGTH(A)= 
    11.533
 7 14 t 
excit   
    43.100     64.600    108.000    215.000    431.000   1080.000   2150.000   3230.000   4310.000   6460.000  10800.000  21500.000  43100.000  64600.000 
  0.1000E+11  0.1000E-73  0.9990E-34  0.1830E-24  0.1390E-17  0.3250E-14  0.2770E-12  0.1090E-11  0.1660E-11  0.2050E-11  0.2510E-11  0.2970E-11  0.3320E-11  0.3390E-11  0.3330E-11
  0.1000E+12  0.1000E-73  0.9990E-34  0.1830E-24  0.1390E-17  0.3250E-14  0.2770E-12  0.1090E-11  0.1660E-11  0.2050E-11  0.2510E-11  0.2970E-11  0.3320E-11  0.3390E-11  0.3330E-11
  0.1000E+13  0.1000E-73  0.9990E-34  0.1830E-24  0.1390E-17  0.3250E-14  0.2770E-12  0.1090E-11  0.1660E-11  0.2050E-11  0.2510E-11  0.2970E-11  0.3320E-11  0.3390E-11  0.3330E-11
  0.1000E+14  0.1000E-73  0.9990E-34  0.1830E-24  0.1390E-17  0.3250E-14  0.2770E-12  0.1090E-11  0.1660E-11  0.2050E-11  0.2510E-11  0.2970E-11  0.3320E-11  0.3390E-11  0.3330E-11
  0.1000E+15  0.2250E-45  0.9990E-34  0.1830E-24  0.1390E-17  0.3250E-14  0.2770E-12  0.1090E-11  0.1660E-11  0.2050E-11  0.2510E-11  0.2970E-11  0.3320E-11  0.3390E-11  0.3330E-11
  0.1000E+16  0.2370E-45  0.9990E-34  0.1830E-24  0.1390E-17  0.3250E-14  0.2770E-12  0.1090E-11  0.1660E-11  0.2050E-11  0.2510E-11  0.2970E-11  0.3320E-11  0.3390E-11  0.3330E-11
  0.1000E+17  0.2370E-45  0.9990E-34  0.1830E-24  0.1390E-17  0.3250E-14  0.2770E-12  0.1090E-11  0.1660E-11  0.2050E-11  0.2510E-11  0.2970E-11  0.3320E-11  0.3390E-11  0.3330E-11
WAVELENGTH(A)= 
    12.950
 7 14 t 
excit   
    43.100     64.600    108.000    215.000    431.000   1080.000   2150.000   3230.000   4310.000   6460.000  10800.000  21500.000  43100.000  64600.000 
  0.1000E+11  0.1630E-40  0.2850E-30  0.3910E-22  0.4280E-16  0.3860E-13  0.1850E-11  0.5850E-11  0.8180E-11  0.9460E-11  0.1070E-10  0.1140E-10  0.1120E-10  0.1040E-10  0.9650E-11
  0.1000E+12  0.1700E-40  0.2850E-30  0.3910E-22  0.4280E-16  0.3860E-13  0.1850E-11  0.5850E-11  0.8180E-11  0.9460E-11  0.1070E-10  0.1140E-10  0.1120E-10  0.1040E-10  0.9650E-11
  0.1000E+13  0.1710E-40  0.2850E-30  0.3910E-22  0.4280E-16  0.3860E-13  0.1850E-11  0.5850E-11  0.8180E-11  0.9460E-11  0.1070E-10  0.1140E-10  0.1120E-10  0.1040E-10  0.9650E-11
  0.1000E+14  0.1710E-40  0.2850E-30  0.3910E-22  0.4280E-16  0.3860E-13  0.1850E-11  0.5850E-11  0.8180E-11  0.9460E-11  0.1070E-10  0.1140E-10  0.1120E-10  0.1040E-10  0.9650E-11
  0.1000E+15  0.1710E-40  0.2850E-30  0.3910E-22  0.4280E-16  0.3860E-13  0.1850E-11  0.5850E-11  0.8180E-11  0.9460E-11  0.1070E-10  0.1140E-10  0.1120E-10  0.1040E-10  0.9650E-11
  0.1000E+16  0.1710E-40  0.2850E-30  0.3910E-22  0.4280E-16  0.3860E-13  0.1850E-11  0.5850E-11  0.8180E-11  0.9460E-11  0.1070E-10  0.1140E-10  0.1120E-10  0.1040E-10  0.9650E-11
  0.1000E+17  0.1710E-40  0.2850E-30  0.3910E-22  0.4280E-16  0.3860E-13  0.1850E-11  0.5850E-11  0.8180E-11  0.9460E-11  0.1070E-10  0.1140E-10  0.1120E-10  0.1040E-10  0.9650E-11
WAVELENGTH(A)= 
    12.962
 7 14 t 
excit   
    43.100     64.600    108.000    215.000    431.000   1080.000   2150.000   3230.000   4310.000   6460.000  10800.000  21500.000  43100.000  64600.000 
  0.1000E+11  0.1000E-73  0.5380E-34  0.1520E-24  0.1590E-17  0.4330E-14  0.3920E-12  0.1460E-11  0.2090E-11  0.2400E-11  0.2630E-11  0.2590E-11  0.2220E-11  0.1750E-11  0.1480E-11
  0.1000E+12  0.1000E-73  0.5380E-34  0.1520E-24  0.1590E-17  0.4330E-14  0.3920E-12  0.1460E-11  0.2090E-11  0.2400E-11  0.2630E-11  0.2590E-11  0.2220E-11  0.1750E-11  0.1480E-11
  0.1000E+13  0.1000E-73  0.5380E-34  0.1520E-24  0.1590E-17  0.4330E-14  0.3920E-12  0.1460E-11  0.2090E-11  0.2400E-11  0.2630E-11  0.2590E-11  0.2220E-11  0.1750E-11  0.1480E-11
  0.1000E+14  0.1000E-73  0.5380E-34  0.1520E-24  0.1590E-17  0.4330E-14  0.3920E-12  0.1460E-11  0.2090E-11  0.2400E-11  0.2630E-11  0.2590E-11  0.2220E-11  0.1750E-11  0.1480E-11
  0.1000E+15  0.1000E-73  0.5380E-34  0.1520E-24  0.1590E-17  0.4330E-14  0.3920E-12  0.1460E-11  0.2090E-11  0.2400E-11  0.2630E-11  0.2590E-11  0.2220E-11  0.1750E-11  0.1480E-11
  0.1000E+16  0.6980E-46  0.5380E-34  0.1520E-24  0.1590E-17  0.4330E-14  0.3920E-12  0.1460E-11  0.2090E-11  0.2400E-11  0.2630E-11  0.2590E-11  0.2220E-11  0.1750E-11  0.1480E-11
  0.1000E+17  0.7440E-46  0.5380E-34  0.1520E-24  0.1590E-17  0.4330E-14  0.3920E-12  0.1460E-11  0.2090E-11  0.2400E-11  0.2630E-11  0.2590E-11  0.2220E-11  0.1750E-11  0.1480E-11
WAVELENGTH(A)= 
    14.781
 7 14 t 
excit   
    43.100     64.600    108.000    215.000    431.000   1080.000   2150.000   3230.000   4310.000   6460.000  10800.000  21500.000  43100.000  64600.000 
  0.1000E+11  0.4160E-41  0.7420E-31  0.1280E-22  0.1660E-16  0.1610E-13  0.7910E-12  0.2470E-11  0.3400E-11  0.3870E-11  0.4230E-11  0.4260E-11  0.3810E-11  0.3130E-11  0.2720E-11
  0.1000E+12  0.3330E-41  0.7420E-31  0.1280E-22  0.1660E-16  0.1610E-13  0.7910E-12  0.2470E-11  0.3400E-11  0.3870E-11  0.4230E-11  0.4260E-11  0.3810E-11  0.3130E-11  0.2720E-11
  0.1000E+13  0.3330E-41  0.7420E-31  0.1280E-22  0.1660E-16  0.1610E-13  0.7910E-12  0.2470E-11  0.3400E-11  0.3870E-11  0.4230E-11  0.4260E-11  0.3810E-11  0.3130E-11  0.2720E-11
  0.1000E+14  0.3330E-41  0.7420E-31  0.1280E-22  0.1660E-16  0.1610E-13  0.7910E-12  0.2470E-11  0.3400E-11  0.3870E-11  0.4230E-11  0.4260E-11  0.3810E-11  0.3130E-11  0.2720E-11
  0.1000E+15  0.3340E-41  0.7420E-31  0.1280E-22  0.1660E-16  0.1610E-13  0.7910E-12  0.2470E-11  0.3400E-11  0.3870E-11  0.4230E-11  0.4260E-11  0.3810E-11  0.3130E-11  0.2720E-11
  0.1000E+16  0.3340E-41  0.7420E-31  0.1280E-22  0.1660E-16  0.1610E-13  0.7910E-12  0.2470E-11  0.3400E-11  0.3870E-11  0.4230E-11  0.4260E-11  0.3810E-11  0.3130E-11  0.2720E-11
  0.1000E+17  0.3340E-41  0.7420E-31  0.1280E-22  0.1660E-16  0.1610E-13  0.7910E-12  0.2470E-11  0.3400E-11  0.3870E-11  0.4230E-11  0.4260E-11  0.3810E-11  0.3130E-11  0.2720E-11
WAVELENGTH(A)= 
    14.884
 7 14 t 
excit   
    43.100     64.600    108.000    215.000    431.000   1080.000   2150.000   3230.000   4310.000   6460.000  10800.000  21500.000  43100.000  64600.000 
  0.1000E+11  0.1000E-73  0.2260E-36  0.1960E-26  0.4790E-19  0.1990E-15  0.2320E-13  0.9380E-13  0.1380E-12  0.1610E-12  0.1790E-12  0.1780E-12  0.1530E-12  0.1210E-12  0.1030E-12
  0.1000E+12  0.1000E-73  0.2260E-36  0.1960E-26  0.4790E-19  0.1990E-15  0.2320E-13  0.9380E-13  0.1380E-12  0.1610E-12  0.1790E-12  0.1780E-12  0.1530E-12  0.1210E-12  0.1030E-12
  0.1000E+13  0.1000E-73  0.2260E-36  0.1960E-26  0.4790E-19  0.1990E-15  0.2320E-13  0.9380E-13  0.1380E-12  0.1610E-12  0.1790E-12  0.1780E-12  0.1530E-12  0.1210E-12  0.1030E-12
  0.1000E+14  0.1000E-73  0.2260E-36  0.1960E-26  0.4790E-19  0.1990E-15  0.2320E-13  0.9380E-13  0.1380E-12  0.1610E-12  0.1790E-12  0.1780E-12  0.1530E-12  0.1210E-12  0.1030E-12
  0.1000E+15  0.1000E-73  0.2260E-36  0.1960E-26  0.4790E-19  0.1990E-15  0.2320E-13  0.9380E-13  0.1380E-12  0.1610E-12  0.1790E-12  0.1780E-12  0.1530E-12  0.1210E-12  0.1030E-12
  0.1000E+16  0.1000E-73  0.2260E-36  0.1960E-26  0.4790E-19  0.1990E-15  0.2320E-13  0.9380E-13  0.1380E-12  0.1610E-12  0.1790E-12  0.1780E-12  0.1530E-12  0.1210E-12  0.1030E-12
  0.1000E+17  0.1000E-73  0.2260E-36  0.1960E-26  0.4790E-19  0.1990E-15  0.2320E-13  0.9380E-13  0.1380E-12  0.1610E-12  0.1790E-12  0.1780E-12  0.1530E-12  0.1210E-12  0.1030E-12
WAVELENGTH(A)= 
    15.594
 7 14 t 
excit   
    43.100     64.600    108.000    215.000    431.000   1080.000   2150.000   3230.000   4310.000   6460.000  10800.000  21500.000  43100.000  64600.000 
  0.1000E+11  0.3540E-40  0.1700E-30  0.8780E-23  0.4890E-17  0.3590E-14  0.1750E-12  0.5630E-12  0.7840E-12  0.8970E-12  0.9950E-12  0.1020E-11  0.9560E-12  0.8410E-12  0.7660E-12
  0.1000E+12  0.3540E-40  0.1700E-30  0.8780E-23  0.4890E-17  0.3590E-14  0.1750E-12  0.5630E-12  0.7840E-12  0.8970E-12  0.9950E-12  0.1020E-11  0.9560E-12  0.8410E-12  0.7660E-12
  0.1000E+13  0.3540E-40  0.1700E-30  0.8780E-23  0.4890E-17  0.3590E-14  0.1750E-12  0.5630E-12  0.7840E-12  0.8970E-12  0.9950E-12  0.1020E-11  0.9560E-12  0.8410E-12  0.7660E-12
  0.1000E+14  0.3540E-40  0.1700E-30  0.8780E-23  0.4890E-17  0.3590E-14  0.1750E-12  0.5630E-12  0.7840E-12  0.8970E-12  0.9950E-12  0.1020E-11  0.9560E-12  0.8410E-12  0.7660E-12
  0.1000E+15  0.3540E-40  0.1700E-30  0.8780E-23  0.4890E-17  0.3590E-14  0.1750E-12  0.5630E-12  0.7840E-12  0.8970E-12  0.9950E-12  0.1020E-11  0.9560E-12  0.8410E-12  0.7660E-12
  0.1000E+16  0.3540E-40  0.1700E-30  0.8780E-23  0.4890E-17  0.3590E-14  0.1750E-12  0.5630E-12  0.7840E-12  0.8970E-12  0.9950E-12  0.1020E-11  0.9560E-12  0.8410E-12  0.7660E-12
  0.1000E+17  0.3540E-40  0.1700E-30  0.8780E-23  0.4890E-17  0.3590E-14  0.1750E-12  0.5630E-12  0.7840E-12  0.8970E-12  0.9950E-12  0.1020E-11  0.9560E-12  0.8410E-12  0.7660E-12
WAVELENGTH(A)= 
    15.605
 7 14 t 
excit   
    43.100     64.600    108.000    215.000    431.000   1080.000   2150.000   3230.000   4310.000   6460.000  10800.000  21500.000  43100.000  64600.000 
  0.1000E+11  0.1000E-73  0.6830E-33  0.7080E-24  0.3510E-17  0.6600E-14  0.4780E-12  0.1670E-11  0.2350E-11  0.2690E-11  0.2940E-11  0.2910E-11  0.2530E-11  0.2020E-11  0.1740E-11
  0.1000E+12  0.1000E-73  0.6830E-33  0.7080E-24  0.3510E-17  0.6600E-14  0.4780E-12  0.1670E-11  0.2350E-11  0.2690E-11  0.2940E-11  0.2910E-11  0.2530E-11  0.2020E-11  0.1740E-11
  0.1000E+13  0.5280E-44  0.6830E-33  0.7080E-24  0.3510E-17  0.6600E-14  0.4780E-12  0.1670E-11  0.2350E-11  0.2690E-11  0.2940E-11  0.2910E-11  0.2530E-11  0.2020E-11  0.1740E-11
  0.1000E+14  0.3170E-44  0.6830E-33  0.7080E-24  0.3510E-17  0.6600E-14  0.4780E-12  0.1670E-11  0.2350E-11  0.2690E-11  0.2940E-11  0.2910E-11  0.2530E-11  0.2020E-11  0.1740E-11
  0.1000E+15  0.3280E-44  0.6830E-33  0.7080E-24  0.3510E-17  0.6600E-14  0.4780E-12  0.1670E-11  0.2350E-11  0.2690E-11  0.2940E-11  0.2910E-11  0.2530E-11  0.2020E-11  0.1740E-11
  0.1000E+16  0.3270E-44  0.6830E-33  0.7080E-24  0.3510E-17  0.6600E-14  0.4780E-12  0.1670E-11  0.2350E-11  0.2690E-11  0.2940E-11  0.2910E-11  0.2530E-11  0.2020E-11  0.1740E-11
  0.1000E+17  0.3270E-44  0.6830E-33  0.7080E-24  0.3510E-17  0.6600E-14  0.4780E-12  0.1670E-11  0.2350E-11  0.2690E-11  0.2940E-11  0.2910E-11  0.2530E-11  0.2020E-11  0.1740E-11
WAVELENGTH(A)= 
    16.198
 7 14 t 
excit   
    43.100     64.600    108.000    215.000    431.000   1080.000   2150.000   3230.000   4310.000   6460.000  10800.000  21500.000  43100.000  64600.000 
  0.1000E+11  0.1000E-73  0.4870E-36  0.4920E-26  0.1340E-18  0.5930E-15  0.7250E-13  0.3070E-12  0.4680E-12  0.5640E-12  0.6600E-12  0.7170E-12  0.7140E-12  0.6560E-12  0.6100E-12
  0.1000E+12  0.1000E-73  0.4870E-36  0.4920E-26  0.1340E-18  0.5930E-15  0.7250E-13  0.3070E-12  0.4680E-12  0.5640E-12  0.6600E-12  0.7170E-12  0.7140E-12  0.6560E-12  0.6100E-12
  0.1000E+13  0.1000E-73  0.4870E-36  0.4920E-26  0.1340E-18  0.5930E-15  0.7250E-13  0.3070E-12  0.4680E-12  0.5640E-12  0.6600E-12  0.7170E-12  0.7140E-12  0.6560E-12  0.6100E-12
  0.1000E+14  0.1000E-73  0.4870E-36  0.4920E-26  0.1340E-18  0.5930E-15  0.7250E-13  0.3070E-12  0.4680E-12  0.5640E-12  0.6600E-12  0.7170E-12  0.7140E-12  0.6560E-12  0.6100E-12
  0.1000E+15  0.1000E-73  0.4870E-36  0.4920E-26  0.1340E-18  0.5930E-15  0.7250E-13  0.3070E-12  0.4680E-12  0.5640E-12  0.6600E-12  0.7170E-12  0.7140E-12  0.6560E-12  0.6100E-12
  0.1000E+16  0.1000E-73  0.4870E-36  0.4920E-26  0.1340E-18  0.5930E-15  0.7250E-13  0.3070E-12  0.4680E-12  0.5640E-12  0.6600E-12  0.7170E-12  0.7140E-12  0.6560E-12  0.6100E-12
  0.1000E+17  0.1000E-73  0.4870E-36  0.4920E-26  0.1340E-18  0.5930E-15  0.7250E-13  0.3070E-12  0.4680E-12  0.5640E-12  0.6600E-12  0.7170E-12  0.7140E-12  0.6560E-12  0.6100E-12
WAVELENGTH(A)= 
    16.975
 7 14 t 
excit   
    43.100     64.600    108.000    215.000    431.000   1080.000   2150.000   3230.000   4310.000   6460.000  10800.000  21500.000  43100.000  64600.000 
  0.1000E+11  0.5210E-41  0.5010E-31  0.4440E-23  0.3580E-17  0.2880E-14  0.1350E-12  0.4210E-12  0.5720E-12  0.6460E-12  0.6990E-12  0.6970E-12  0.6220E-12  0.5180E-12  0.4570E-12
  0.1000E+12  0.5200E-41  0.5010E-31  0.4440E-23  0.3580E-17  0.2880E-14  0.1350E-12  0.4210E-12  0.5720E-12  0.6460E-12  0.6990E-12  0.6970E-12  0.6220E-12  0.5180E-12  0.4570E-12
  0.1000E+13  0.5200E-41  0.5010E-31  0.4440E-23  0.3580E-17  0.2880E-14  0.1350E-12  0.4210E-12  0.5720E-12  0.6460E-12  0.6990E-12  0.6970E-12  0.6220E-12  0.5180E-12  0.4570E-12
  0.1000E+14  0.5200E-41  0.5010E-31  0.4440E-23  0.3580E-17  0.2880E-14  0.1350E-12  0.4210E-12  0.5720E-12  0.6460E-12  0.6990E-12  0.6970E-12  0.6220E-12  0.5180E-12  0.4570E-12
  0.1000E+15  0.5200E-41  0.5010E-31  0.4440E-23  0.3580E-17  0.2880E-14  0.1350E-12  0.4210E-12  0.5720E-12  0.6460E-12  0.6990E-12  0.6970E-12  0.6220E-12  0.5180E-12  0.4570E-12
  0.1000E+16  0.5200E-41  0.5010E-31  0.4440E-23  0.3580E-17  0.2880E-14  0.1350E-12  0.4210E-12  0.5720E-12  0.6460E-12  0.6990E-12  0.6970E-12  0.6220E-12  0.5180E-12  0.4570E-12
  0.1000E+17  0.5200E-41  0.5010E-31  0.4440E-23  0.3580E-17  0.2880E-14  0.1350E-12  0.4210E-12  0.5720E-12  0.6460E-12  0.6990E-12  0.6970E-12  0.6220E-12  0.5180E-12  0.4570E-12
WAVELENGTH(A)= 
    16.981
 7 14 t 
excit   
    43.100     64.600    108.000    215.000    431.000   1080.000   2150.000   3230.000   4310.000   6460.000  10800.000  21500.000  43100.000  64600.000 
  0.1000E+11  0.1000E-73  0.1180E-34  0.2160E-25  0.1640E-18  0.3840E-15  0.3280E-13  0.1290E-12  0.1970E-12  0.2420E-12  0.2970E-12  0.3510E-12  0.3930E-12  0.4010E-12  0.3930E-12
  0.1000E+12  0.1000E-73  0.1180E-34  0.2160E-25  0.1640E-18  0.3840E-15  0.3280E-13  0.1290E-12  0.1970E-12  0.2420E-12  0.2970E-12  0.3510E-12  0.3930E-12  0.4010E-12  0.3930E-12
  0.1000E+13  0.1000E-73  0.1180E-34  0.2160E-25  0.1640E-18  0.3840E-15  0.3280E-13  0.1290E-12  0.1970E-12  0.2420E-12  0.2970E-12  0.3510E-12  0.3930E-12  0.4010E-12  0.3930E-12
  0.1000E+14  0.1000E-73  0.1180E-34  0.2160E-25  0.1640E-18  0.3840E-15  0.3280E-13  0.1290E-12  0.1970E-12  0.2420E-12  0.2970E-12  0.3510E-12  0.3930E-12  0.4010E-12  0.3930E-12
  0.1000E+15  0.2670E-46  0.1180E-34  0.2160E-25  0.1640E-18  0.3840E-15  0.3280E-13  0.1290E-12  0.1970E-12  0.2420E-12  0.2970E-12  0.3510E-12  0.3930E-12  0.4010E-12  0.3930E-12
  0.1000E+16  0.2800E-46  0.1180E-34  0.2160E-25  0.1640E-18  0.3840E-15  0.3280E-13  0.1290E-12  0.1970E-12  0.2420E-12  0.2970E-12  0.3510E-12  0.3930E-12  0.4010E-12  0.3930E-12
  0.1000E+17  0.2800E-46  0.1180E-34  0.2160E-25  0.1640E-18  0.3840E-15  0.3280E-13  0.1290E-12  0.1970E-12  0.2420E-12  0.2970E-12  0.3510E-12  0.3930E-12  0.4010E-12  0.3930E-12
WAVELENGTH(A)= 
    17.529
 7 14 t 
excit   
    43.100     64.600    108.000    215.000    431.000   1080.000   2150.000   3230.000   4310.000   6460.000  10800.000  21500.000  43100.000  64600.000 
  0.1000E+11  0.1000E-73  0.2920E-36  0.3200E-26  0.9250E-19  0.4200E-15  0.5200E-13  0.2190E-12  0.3300E-12  0.3920E-12  0.4470E-12  0.4630E-12  0.4220E-12  0.3470E-12  0.3020E-12
  0.1000E+12  0.1000E-73  0.2920E-36  0.3200E-26  0.9250E-19  0.4200E-15  0.5200E-13  0.2190E-12  0.3300E-12  0.3920E-12  0.4470E-12  0.4630E-12  0.4220E-12  0.3470E-12  0.3020E-12
  0.1000E+13  0.1000E-73  0.2920E-36  0.3200E-26  0.9250E-19  0.4200E-15  0.5200E-13  0.2190E-12  0.3300E-12  0.3920E-12  0.4470E-12  0.4630E-12  0.4220E-12  0.3470E-12  0.3020E-12
  0.1000E+14  0.1000E-73  0.2920E-36  0.3200E-26  0.9250E-19  0.4200E-15  0.5200E-13  0.2190E-12  0.3300E-12  0.3920E-12  0.4470E-12  0.4630E-12  0.4220E-12  0.3470E-12  0.3020E-12
  0.1000E+15  0.1000E-73  0.2920E-36  0.3200E-26  0.9250E-19  0.4200E-15  0.5200E-13  0.2190E-12  0.3300E-12  0.3920E-12  0.4470E-12  0.4630E-12  0.4220E-12  0.3470E-12  0.3020E-12
  0.1000E+16  0.1000E-73  0.2920E-36  0.3200E-26  0.9250E-19  0.4200E-15  0.5200E-13  0.2190E-12  0.3300E-12  0.3920E-12  0.4470E-12  0.4630E-12  0.4220E-12  0.3470E-12  0.3020E-12
  0.1000E+17  0.1000E-73  0.2920E-36  0.3200E-26  0.9250E-19  0.4200E-15  0.5200E-13  0.2190E-12  0.3300E-12  0.3920E-12  0.4470E-12  0.4630E-12  0.4220E-12  0.3470E-12  0.3020E-12
WAVELENGTH(A)= 
    22.241
 7 14 t 
excit   
    43.100     64.600    108.000    215.000    431.000   1080.000   2150.000   3230.000   4310.000   6460.000  10800.000  21500.000  43100.000  64600.000 
  0.1000E+11  0.1000E-73  0.3190E-34  0.5100E-25  0.3580E-18  0.8210E-15  0.6790E-13  0.2480E-12  0.3540E-12  0.4080E-12  0.4480E-12  0.4470E-12  0.3930E-12  0.3200E-12  0.2780E-12
  0.1000E+12  0.1000E-73  0.3190E-34  0.5100E-25  0.3580E-18  0.8210E-15  0.6790E-13  0.2480E-12  0.3540E-12  0.4080E-12  0.4480E-12  0.4470E-12  0.3930E-12  0.3200E-12  0.2780E-12
  0.1000E+13  0.1000E-73  0.3190E-34  0.5100E-25  0.3580E-18  0.8210E-15  0.6790E-13  0.2480E-12  0.3540E-12  0.4080E-12  0.4480E-12  0.4470E-12  0.3930E-12  0.3200E-12  0.2780E-12
  0.1000E+14  0.1000E-73  0.3190E-34  0.5100E-25  0.3580E-18  0.8210E-15  0.6790E-13  0.2480E-12  0.3540E-12  0.4080E-12  0.4480E-12  0.4470E-12  0.3930E-12  0.3200E-12  0.2780E-12
  0.1000E+15  0.8320E-46  0.3190E-34  0.5100E-25  0.3580E-18  0.8210E-15  0.6790E-13  0.2480E-12  0.3540E-12  0.4080E-12  0.4480E-12  0.4470E-12  0.3930E-12  0.3200E-12  0.2780E-12
  0.1000E+16  0.8880E-46  0.3190E-34  0.5100E-25  0.3580E-18  0.8210E-15  0.6790E-13  0.2480E-12  0.3540E-12  0.4080E-12  0.4480E-12  0.4470E-12  0.3930E-12  0.3200E-12  0.2780E-12
  0.1000E+17  0.8990E-46  0.3190E-34  0.5100E-25  0.3580E-18  0.8210E-15  0.6790E-13  0.2480E-12  0.3540E-12  0.4080E-12  0.4480E-12  0.4470E-12  0.3930E-12  0.3200E-12  0.2780E-12
WAVELENGTH(A)= 
    24.550
 7 14 t 
excit   
    43.100     64.600    108.000    215.000    431.000   1080.000   2150.000   3230.000   4310.000   6460.000  10800.000  21500.000  43100.000  64600.000 
  0.1000E+11  0.1000E-73  0.5040E-34  0.1020E-24  0.8340E-18  0.2040E-14  0.1760E-12  0.6680E-12  0.9840E-12  0.1160E-11  0.1340E-11  0.1450E-11  0.1430E-11  0.1310E-11  0.1220E-11
  0.1000E+12  0.1000E-73  0.5040E-34  0.1020E-24  0.8340E-18  0.2040E-14  0.1760E-12  0.6680E-12  0.9840E-12  0.1160E-11  0.1340E-11  0.1450E-11  0.1430E-11  0.1310E-11  0.1220E-11
  0.1000E+13  0.1000E-73  0.5040E-34  0.1020E-24  0.8340E-18  0.2040E-14  0.1760E-12  0.6680E-12  0.9840E-12  0.1160E-11  0.1340E-11  0.1450E-11  0.1430E-11  0.1310E-11  0.1220E-11
  0.1000E+14  0.1000E-73  0.5040E-34  0.1020E-24  0.8340E-18  0.2040E-14  0.1760E-12  0.6680E-12  0.9840E-12  0.1160E-11  0.1340E-11  0.1450E-11  0.1430E-11  0.1310E-11  0.1220E-11
  0.1000E+15  0.1100E-45  0.5040E-34  0.1020E-24  0.8340E-18  0.2040E-14  0.1760E-12  0.6680E-12  0.9840E-12  0.1160E-11  0.1340E-11  0.1450E-11  0.1430E-11  0.1310E-11  0.1220E-11
  0.1000E+16  0.1050E-45  0.5040E-34  0.1020E-24  0.8340E-18  0.2040E-14  0.1760E-12  0.6680E-12  0.9840E-12  0.1160E-11  0.1340E-11  0.1450E-11  0.1430E-11  0.1310E-11  0.1220E-11
  0.1000E+17  0.1050E-45  0.5040E-34  0.1020E-24  0.8340E-18  0.2040E-14  0.1760E-12  0.6680E-12  0.9840E-12  0.1160E-11  0.1340E-11  0.1450E-11  0.1430E-11  0.1310E-11  0.1220E-11
WAVELENGTH(A)= 
    24.808
 7 14 t 
excit   
    43.100     64.600    108.000    215.000    431.000   1080.000   2150.000   3230.000   4310.000   6460.000  10800.000  21500.000  43100.000  64600.000 
  0.1000E+11  0.1300E-13  0.5090E-12  0.8770E-11  0.6440E-10  0.1540E-09  0.2350E-09  0.2580E-09  0.2580E-09  0.2520E-09  0.2380E-09  0.2140E-09  0.1790E-09  0.1440E-09  0.1260E-09
  0.1000E+12  0.1300E-13  0.5090E-12  0.8770E-11  0.6440E-10  0.1540E-09  0.2350E-09  0.2580E-09  0.2580E-09  0.2520E-09  0.2380E-09  0.2140E-09  0.1790E-09  0.1440E-09  0.1260E-09
  0.1000E+13  0.1300E-13  0.5090E-12  0.8770E-11  0.6440E-10  0.1540E-09  0.2350E-09  0.2580E-09  0.2580E-09  0.2520E-09  0.2380E-09  0.2140E-09  0.1790E-09  0.1440E-09  0.1260E-09
  0.1000E+14  0.1300E-13  0.5090E-12  0.8770E-11  0.6440E-10  0.1540E-09  0.2350E-09  0.2580E-09  0.2580E-09  0.2520E-09  0.2380E-09  0.2140E-09  0.1790E-09  0.1440E-09  0.1260E-09
  0.1000E+15  0.1300E-13  0.5090E-12  0.8770E-11  0.6440E-10  0.1540E-09  0.2350E-09  0.2580E-09  0.2580E-09  0.2520E-09  0.2380E-09  0.2140E-09  0.1790E-09  0.1440E-09  0.1260E-09
  0.1000E+16  0.1300E-13  0.5090E-12  0.8770E-11  0.6440E-10  0.1540E-09  0.2350E-09  0.2580E-09  0.2580E-09  0.2520E-09  0.2380E-09  0.2140E-09  0.1790E-09  0.1440E-09  0.1260E-09
  0.1000E+17  0.1300E-13  0.5090E-12  0.8770E-11  0.6440E-10  0.1540E-09  0.2350E-09  0.2580E-09  0.2580E-09  0.2520E-09  0.2380E-09  0.2140E-09  0.1790E-09  0.1440E-09  0.1260E-09
WAVELENGTH(A)= 
    27.252
 7 14 t 
excit   
    43.100     64.600    108.000    215.000    431.000   1080.000   2150.000   3230.000   4310.000   6460.000  10800.000  21500.000  43100.000  64600.000 
  0.1000E+11  0.1000E-73  0.2750E-34  0.6310E-25  0.5680E-18  0.1440E-14  0.1260E-12  0.4740E-12  0.6900E-12  0.8060E-12  0.9050E-12  0.9290E-12  0.8400E-12  0.6920E-12  0.6010E-12
  0.1000E+12  0.1000E-73  0.2750E-34  0.6310E-25  0.5680E-18  0.1440E-14  0.1260E-12  0.4740E-12  0.6900E-12  0.8060E-12  0.9050E-12  0.9290E-12  0.8400E-12  0.6920E-12  0.6010E-12
  0.1000E+13  0.1000E-73  0.2750E-34  0.6310E-25  0.5680E-18  0.1440E-14  0.1260E-12  0.4740E-12  0.6900E-12  0.8060E-12  0.9050E-12  0.9290E-12  0.8400E-12  0.6920E-12  0.6010E-12
  0.1000E+14  0.1000E-73  0.2750E-34  0.6310E-25  0.5680E-18  0.1440E-14  0.1260E-12  0.4740E-12  0.6900E-12  0.8060E-12  0.9050E-12  0.9290E-12  0.8400E-12  0.6920E-12  0.6010E-12
  0.1000E+15  0.1000E-73  0.2750E-34  0.6310E-25  0.5680E-18  0.1440E-14  0.1260E-12  0.4740E-12  0.6900E-12  0.8060E-12  0.9050E-12  0.9290E-12  0.8400E-12  0.6920E-12  0.6010E-12
  0.1000E+16  0.4900E-46  0.2750E-34  0.6310E-25  0.5680E-18  0.1440E-14  0.1260E-12  0.4740E-12  0.6900E-12  0.8060E-12  0.9050E-12  0.9290E-12  0.8400E-12  0.6920E-12  0.6010E-12
  0.1000E+17  0.4900E-46  0.2750E-34  0.6310E-25  0.5680E-18  0.1440E-14  0.1260E-12  0.4740E-12  0.6900E-12  0.8060E-12  0.9050E-12  0.9290E-12  0.8400E-12  0.6920E-12  0.6010E-12
WAVELENGTH(A)= 
    27.553
 7 14 t 
excit   
    43.100     64.600    108.000    215.000    431.000   1080.000   2150.000   3230.000   4310.000   6460.000  10800.000  21500.000  43100.000  64600.000 
  0.1000E+11  0.2540E-19  0.3220E-16  0.8910E-14  0.5190E-12  0.3350E-11  0.8040E-11  0.8930E-11  0.8510E-11  0.7970E-11  0.7050E-11  0.5840E-11  0.4350E-11  0.3170E-11  0.2610E-11
  0.1000E+12  0.2540E-19  0.3220E-16  0.8910E-14  0.5190E-12  0.3350E-11  0.8040E-11  0.8930E-11  0.8510E-11  0.7970E-11  0.7050E-11  0.5840E-11  0.4350E-11  0.3170E-11  0.2610E-11
  0.1000E+13  0.2540E-19  0.3220E-16  0.8910E-14  0.5190E-12  0.3350E-11  0.8040E-11  0.8930E-11  0.8510E-11  0.7970E-11  0.7050E-11  0.5840E-11  0.4350E-11  0.3170E-11  0.2610E-11
  0.1000E+14  0.2540E-19  0.3220E-16  0.8910E-14  0.5190E-12  0.3350E-11  0.8040E-11  0.8930E-11  0.8510E-11  0.7970E-11  0.7050E-11  0.5840E-11  0.4350E-11  0.3170E-11  0.2610E-11
  0.1000E+15  0.2540E-19  0.3220E-16  0.8910E-14  0.5190E-12  0.3350E-11  0.8040E-11  0.8930E-11  0.8510E-11  0.7970E-11  0.7050E-11  0.5840E-11  0.4350E-11  0.3170E-11  0.2610E-11
  0.1000E+16  0.2540E-19  0.3220E-16  0.8910E-14  0.5190E-12  0.3350E-11  0.8040E-11  0.8930E-11  0.8510E-11  0.7970E-11  0.7050E-11  0.5840E-11  0.4350E-11  0.3170E-11  0.2610E-11
  0.1000E+17  0.2540E-19  0.3220E-16  0.8910E-14  0.5190E-12  0.3350E-11  0.8040E-11  0.8930E-11  0.8510E-11  0.7970E-11  0.7050E-11  0.5840E-11  0.4350E-11  0.3170E-11  0.2610E-11
WAVELENGTH(A)= 
    29.866
 7 14 t 
excit   
    43.100     64.600    108.000    215.000    431.000   1080.000   2150.000   3230.000   4310.000   6460.000  10800.000  21500.000  43100.000  64600.000 
  0.1000E+11  0.1000E-73  0.1570E-34  0.1850E-25  0.1070E-18  0.2290E-15  0.1860E-13  0.6860E-13  0.9930E-13  0.1160E-12  0.1310E-12  0.1370E-12  0.1310E-12  0.1170E-12  0.1080E-12
  0.1000E+12  0.1000E-73  0.1570E-34  0.1850E-25  0.1070E-18  0.2290E-15  0.1860E-13  0.6860E-13  0.9930E-13  0.1160E-12  0.1310E-12  0.1370E-12  0.1310E-12  0.1170E-12  0.1080E-12
  0.1000E+13  0.1000E-73  0.1570E-34  0.1850E-25  0.1070E-18  0.2290E-15  0.1860E-13  0.6860E-13  0.9930E-13  0.1160E-12  0.1310E-12  0.1370E-12  0.1310E-12  0.1170E-12  0.1080E-12
  0.1000E+14  0.1000E-73  0.1570E-34  0.1850E-25  0.1070E-18  0.2290E-15  0.1860E-13  0.6860E-13  0.9930E-13  0.1160E-12  0.1310E-12  0.1370E-12  0.1310E-12  0.1170E-12  0.1080E-12
  0.1000E+15  0.7310E-46  0.1570E-34  0.1850E-25  0.1070E-18  0.2290E-15  0.1860E-13  0.6860E-13  0.9930E-13  0.1160E-12  0.1310E-12  0.1370E-12  0.1310E-12  0.1170E-12  0.1080E-12
  0.1000E+16  0.6580E-46  0.1570E-34  0.1850E-25  0.1070E-18  0.2290E-15  0.1860E-13  0.6860E-13  0.9930E-13  0.1160E-12  0.1310E-12  0.1370E-12  0.1310E-12  0.1170E-12  0.1080E-12
  0.1000E+17  0.6510E-46  0.1570E-34  0.1850E-25  0.1070E-18  0.2290E-15  0.1860E-13  0.6860E-13  0.9930E-13  0.1160E-12  0.1310E-12  0.1370E-12  0.1310E-12  0.1170E-12  0.1080E-12
WAVELENGTH(A)= 
    31.381
 7 14 t 
excit   
    43.100     64.600    108.000    215.000    431.000   1080.000   2150.000   3230.000   4310.000   6460.000  10800.000  21500.000  43100.000  64600.000 
  0.1000E+11  0.1000E-73  0.1060E-34  0.1690E-25  0.1190E-18  0.2720E-15  0.2250E-13  0.8230E-13  0.1180E-12  0.1350E-12  0.1490E-12  0.1480E-12  0.1300E-12  0.1060E-12  0.9210E-13
  0.1000E+12  0.1000E-73  0.1060E-34  0.1690E-25  0.1190E-18  0.2720E-15  0.2250E-13  0.8230E-13  0.1180E-12  0.1350E-12  0.1490E-12  0.1480E-12  0.1300E-12  0.1060E-12  0.9210E-13
  0.1000E+13  0.1000E-73  0.1060E-34  0.1690E-25  0.1190E-18  0.2720E-15  0.2250E-13  0.8230E-13  0.1180E-12  0.1350E-12  0.1490E-12  0.1480E-12  0.1300E-12  0.1060E-12  0.9210E-13
  0.1000E+14  0.1000E-73  0.1060E-34  0.1690E-25  0.1190E-18  0.2720E-15  0.2250E-13  0.8230E-13  0.1180E-12  0.1350E-12  0.1490E-12  0.1480E-12  0.1300E-12  0.1060E-12  0.9210E-13
  0.1000E+15  0.2760E-46  0.1060E-34  0.1690E-25  0.1190E-18  0.2720E-15  0.2250E-13  0.8230E-13  0.1180E-12  0.1350E-12  0.1490E-12  0.1480E-12  0.1300E-12  0.1060E-12  0.9210E-13
  0.1000E+16  0.2950E-46  0.1060E-34  0.1690E-25  0.1190E-18  0.2720E-15  0.2250E-13  0.8230E-13  0.1180E-12  0.1350E-12  0.1490E-12  0.1480E-12  0.1300E-12  0.1060E-12  0.9210E-13
  0.1000E+17  0.2980E-46  0.1060E-34  0.1690E-25  0.1190E-18  0.2720E-15  0.2250E-13  0.8230E-13  0.1180E-12  0.1350E-12  0.1490E-12  0.1480E-12  0.1300E-12  0.1060E-12  0.9210E-13
WAVELENGTH(A)= 
    37.972
 7 14 t 
excit   
    43.100     64.600    108.000    215.000    431.000   1080.000   2150.000   3230.000   4310.000   6460.000  10800.000  21500.000  43100.000  64600.000 
  0.1000E+11  0.1000E-73  0.9560E-37  0.8320E-27  0.2030E-19  0.8430E-16  0.9850E-14  0.3980E-13  0.5860E-13  0.6820E-13  0.7570E-13  0.7530E-13  0.6480E-13  0.5120E-13  0.4350E-13
  0.1000E+12  0.1000E-73  0.9560E-37  0.8320E-27  0.2030E-19  0.8430E-16  0.9850E-14  0.3980E-13  0.5860E-13  0.6820E-13  0.7570E-13  0.7530E-13  0.6480E-13  0.5120E-13  0.4350E-13
  0.1000E+13  0.1000E-73  0.9560E-37  0.8320E-27  0.2030E-19  0.8430E-16  0.9850E-14  0.3980E-13  0.5860E-13  0.6820E-13  0.7570E-13  0.7530E-13  0.6480E-13  0.5120E-13  0.4350E-13
  0.1000E+14  0.1000E-73  0.9560E-37  0.8320E-27  0.2030E-19  0.8430E-16  0.9850E-14  0.3980E-13  0.5860E-13  0.6820E-13  0.7570E-13  0.7530E-13  0.6480E-13  0.5120E-13  0.4350E-13
  0.1000E+15  0.1000E-73  0.9560E-37  0.8320E-27  0.2030E-19  0.8430E-16  0.9850E-14  0.3980E-13  0.5860E-13  0.6820E-13  0.7570E-13  0.7530E-13  0.6480E-13  0.5120E-13  0.4350E-13
  0.1000E+16  0.1000E-73  0.9560E-37  0.8320E-27  0.2030E-19  0.8430E-16  0.9850E-14  0.3980E-13  0.5860E-13  0.6820E-13  0.7570E-13  0.7530E-13  0.6480E-13  0.5120E-13  0.4350E-13
  0.1000E+17  0.1000E-73  0.9560E-37  0.8320E-27  0.2030E-19  0.8430E-16  0.9850E-14  0.3980E-13  0.5860E-13  0.6820E-13  0.7570E-13  0.7530E-13  0.6480E-13  0.5120E-13  0.4350E-13
WAVELENGTH(A)= 
    41.419
 7 14 t 
excit   
    43.100     64.600    108.000    215.000    431.000   1080.000   2150.000   3230.000   4310.000   6460.000  10800.000  21500.000  43100.000  64600.000 
  0.1000E+11  0.1000E-73  0.2190E-36  0.2210E-26  0.6040E-19  0.2670E-15  0.3260E-13  0.1380E-12  0.2110E-12  0.2540E-12  0.2970E-12  0.3230E-12  0.3210E-12  0.2950E-12  0.2750E-12
  0.1000E+12  0.1000E-73  0.2190E-36  0.2210E-26  0.6040E-19  0.2670E-15  0.3260E-13  0.1380E-12  0.2110E-12  0.2540E-12  0.2970E-12  0.3230E-12  0.3210E-12  0.2950E-12  0.2750E-12
  0.1000E+13  0.1000E-73  0.2190E-36  0.2210E-26  0.6040E-19  0.2670E-15  0.3260E-13  0.1380E-12  0.2110E-12  0.2540E-12  0.2970E-12  0.3230E-12  0.3210E-12  0.2950E-12  0.2750E-12
  0.1000E+14  0.1000E-73  0.2190E-36  0.2210E-26  0.6040E-19  0.2670E-15  0.3260E-13  0.1380E-12  0.2110E-12  0.2540E-12  0.2970E-12  0.3230E-12  0.3210E-12  0.2950E-12  0.2750E-12
  0.1000E+15  0.1000E-73  0.2190E-36  0.2210E-26  0.6040E-19  0.2670E-15  0.3260E-13  0.1380E-12  0.2110E-12  0.2540E-12  0.2970E-12  0.3230E-12  0.3210E-12  0.2950E-12  0.2750E-12
  0.1000E+16  0.1000E-73  0.2190E-36  0.2210E-26  0.6040E-19  0.2670E-15  0.3260E-13  0.1380E-12  0.2110E-12  0.2540E-12  0.2970E-12  0.3230E-12  0.3210E-12  0.2950E-12  0.2750E-12
  0.1000E+17  0.1000E-73  0.2190E-36  0.2210E-26  0.6040E-19  0.2670E-15  0.3260E-13  0.1380E-12  0.2110E-12  0.2540E-12  0.2970E-12  0.3230E-12  0.3210E-12  0.2950E-12  0.2750E-12
WAVELENGTH(A)= 
    45.369
 7 14 t 
excit   
    43.100     64.600    108.000    215.000    431.000   1080.000   2150.000   3230.000   4310.000   6460.000  10800.000  21500.000  43100.000  64600.000 
  0.1000E+11  0.1000E-73  0.1680E-36  0.1840E-26  0.5310E-19  0.2410E-15  0.2980E-13  0.1260E-12  0.1890E-12  0.2250E-12  0.2560E-12  0.2650E-12  0.2420E-12  0.1990E-12  0.1730E-12
  0.1000E+12  0.1000E-73  0.1680E-36  0.1840E-26  0.5310E-19  0.2410E-15  0.2980E-13  0.1260E-12  0.1890E-12  0.2250E-12  0.2560E-12  0.2650E-12  0.2420E-12  0.1990E-12  0.1730E-12
  0.1000E+13  0.1000E-73  0.1680E-36  0.1840E-26  0.5310E-19  0.2410E-15  0.2980E-13  0.1260E-12  0.1890E-12  0.2250E-12  0.2560E-12  0.2650E-12  0.2420E-12  0.1990E-12  0.1730E-12
  0.1000E+14  0.1000E-73  0.1680E-36  0.1840E-26  0.5310E-19  0.2410E-15  0.2980E-13  0.1260E-12  0.1890E-12  0.2250E-12  0.2560E-12  0.2650E-12  0.2420E-12  0.1990E-12  0.1730E-12
  0.1000E+15  0.1000E-73  0.1680E-36  0.1840E-26  0.5310E-19  0.2410E-15  0.2980E-13  0.1260E-12  0.1890E-12  0.2250E-12  0.2560E-12  0.2650E-12  0.2420E-12  0.1990E-12  0.1730E-12
  0.1000E+16  0.1000E-73  0.1680E-36  0.1840E-26  0.5310E-19  0.2410E-15  0.2980E-13  0.1260E-12  0.1890E-12  0.2250E-12  0.2560E-12  0.2650E-12  0.2420E-12  0.1990E-12  0.1730E-12
  0.1000E+17  0.1000E-73  0.1680E-36  0.1840E-26  0.5310E-19  0.2410E-15  0.2980E-13  0.1260E-12  0.1890E-12  0.2250E-12  0.2560E-12  0.2650E-12  0.2420E-12  0.1990E-12  0.1730E-12
WAVELENGTH(A)= 
    65.252
 7 14 t 
excit   
    43.100     64.600    108.000    215.000    431.000   1080.000   2150.000   3230.000   4310.000   6460.000  10800.000  21500.000  43100.000  64600.000 
  0.1000E+11  0.1990E-30  0.2010E-23  0.7380E-18  0.9490E-14  0.9500E-12  0.1360E-10  0.3010E-10  0.3710E-10  0.4010E-10  0.4180E-10  0.4070E-10  0.3620E-10  0.3040E-10  0.2710E-10
  0.1000E+12  0.1990E-30  0.2010E-23  0.7380E-18  0.9490E-14  0.9500E-12  0.1360E-10  0.3010E-10  0.3710E-10  0.4010E-10  0.4180E-10  0.4070E-10  0.3620E-10  0.3040E-10  0.2710E-10
  0.1000E+13  0.1990E-30  0.2010E-23  0.7380E-18  0.9490E-14  0.9500E-12  0.1360E-10  0.3010E-10  0.3710E-10  0.4010E-10  0.4180E-10  0.4070E-10  0.3620E-10  0.3040E-10  0.2710E-10
  0.1000E+14  0.1990E-30  0.2010E-23  0.7380E-18  0.9490E-14  0.9500E-12  0.1360E-10  0.3010E-10  0.3710E-10  0.4010E-10  0.4180E-10  0.4070E-10  0.3620E-10  0.3040E-10  0.2710E-10
  0.1000E+15  0.1990E-30  0.2010E-23  0.7380E-18  0.9490E-14  0.9500E-12  0.1360E-10  0.3010E-10  0.3710E-10  0.4010E-10  0.4180E-10  0.4070E-10  0.3620E-10  0.3040E-10  0.2710E-10
  0.1000E+16  0.1990E-30  0.2010E-23  0.7380E-18  0.9490E-14  0.9500E-12  0.1360E-10  0.3010E-10  0.3710E-10  0.4010E-10  0.4180E-10  0.4070E-10  0.3620E-10  0.3040E-10  0.2710E-10
  0.1000E+17  0.1990E-30  0.2010E-23  0.7380E-18  0.9490E-14  0.9500E-12  0.1360E-10  0.3010E-10  0.3710E-10  0.4010E-10  0.4180E-10  0.4070E-10  0.3620E-10  0.3040E-10  0.2710E-10
WAVELENGTH(A)= 
    65.495
 7 14 t 
excit   
    43.100     64.600    108.000    215.000    431.000   1080.000   2150.000   3230.000   4310.000   6460.000  10800.000  21500.000  43100.000  64600.000 
  0.1000E+11  0.4150E-37  0.1870E-28  0.1420E-21  0.1790E-16  0.5800E-14  0.1720E-12  0.4990E-12  0.6980E-12  0.8200E-12  0.9590E-12  0.1080E-11  0.1160E-11  0.1150E-11  0.1110E-11
  0.1000E+12  0.4150E-37  0.1870E-28  0.1420E-21  0.1790E-16  0.5800E-14  0.1720E-12  0.4990E-12  0.6980E-12  0.8200E-12  0.9590E-12  0.1080E-11  0.1160E-11  0.1150E-11  0.1110E-11
  0.1000E+13  0.4150E-37  0.1870E-28  0.1420E-21  0.1790E-16  0.5800E-14  0.1720E-12  0.4990E-12  0.6980E-12  0.8200E-12  0.9590E-12  0.1080E-11  0.1160E-11  0.1150E-11  0.1110E-11
  0.1000E+14  0.4150E-37  0.1870E-28  0.1420E-21  0.1790E-16  0.5800E-14  0.1720E-12  0.4990E-12  0.6980E-12  0.8200E-12  0.9590E-12  0.1080E-11  0.1160E-11  0.1150E-11  0.1110E-11
  0.1000E+15  0.4150E-37  0.1870E-28  0.1420E-21  0.1790E-16  0.5800E-14  0.1720E-12  0.4990E-12  0.6980E-12  0.8200E-12  0.9590E-12  0.1080E-11  0.1160E-11  0.1150E-11  0.1110E-11
  0.1000E+16  0.4150E-37  0.1870E-28  0.1420E-21  0.1790E-16  0.5800E-14  0.1720E-12  0.4990E-12  0.6980E-12  0.8200E-12  0.9590E-12  0.1080E-11  0.1160E-11  0.1150E-11  0.1110E-11
  0.1000E+17  0.4150E-37  0.1870E-28  0.1420E-21  0.1790E-16  0.5800E-14  0.1720E-12  0.4990E-12  0.6980E-12  0.8200E-12  0.9590E-12  0.1080E-11  0.1160E-11  0.1150E-11  0.1110E-11
WAVELENGTH(A)= 
    79.451
 7 14 t 
excit   
    43.100     64.600    108.000    215.000    431.000   1080.000   2150.000   3230.000   4310.000   6460.000  10800.000  21500.000  43100.000  64600.000 
  0.1000E+11  0.6270E-34  0.2130E-26  0.2050E-20  0.5430E-16  0.7570E-14  0.1230E-12  0.2770E-12  0.3530E-12  0.3910E-12  0.4300E-12  0.4550E-12  0.4520E-12  0.4220E-12  0.3970E-12
  0.1000E+12  0.6270E-34  0.2130E-26  0.2050E-20  0.5430E-16  0.7570E-14  0.1230E-12  0.2770E-12  0.3530E-12  0.3910E-12  0.4300E-12  0.4550E-12  0.4520E-12  0.4220E-12  0.3970E-12
  0.1000E+13  0.6270E-34  0.2130E-26  0.2050E-20  0.5430E-16  0.7570E-14  0.1230E-12  0.2770E-12  0.3530E-12  0.3910E-12  0.4300E-12  0.4550E-12  0.4520E-12  0.4220E-12  0.3970E-12
  0.1000E+14  0.6270E-34  0.2130E-26  0.2050E-20  0.5430E-16  0.7570E-14  0.1230E-12  0.2770E-12  0.3530E-12  0.3910E-12  0.4300E-12  0.4550E-12  0.4520E-12  0.4220E-12  0.3970E-12
  0.1000E+15  0.6270E-34  0.2130E-26  0.2050E-20  0.5430E-16  0.7570E-14  0.1230E-12  0.2770E-12  0.3530E-12  0.3910E-12  0.4300E-12  0.4550E-12  0.4520E-12  0.4220E-12  0.3970E-12
  0.1000E+16  0.6270E-34  0.2130E-26  0.2050E-20  0.5430E-16  0.7570E-14  0.1230E-12  0.2770E-12  0.3530E-12  0.3910E-12  0.4300E-12  0.4550E-12  0.4520E-12  0.4220E-12  0.3970E-12
  0.1000E+17  0.6270E-34  0.2130E-26  0.2050E-20  0.5430E-16  0.7570E-14  0.1230E-12  0.2770E-12  0.3530E-12  0.3910E-12  0.4300E-12  0.4550E-12  0.4520E-12  0.4220E-12  0.3970E-12
WAVELENGTH(A)= 
    79.688
 7 14 t 
excit   
    43.100     64.600    108.000    215.000    431.000   1080.000   2150.000   3230.000   4310.000   6460.000  10800.000  21500.000  43100.000  64600.000 
  0.1000E+11  0.3480E-39  0.5180E-30  0.1030E-22  0.2630E-17  0.1120E-14  0.3360E-13  0.8800E-13  0.1130E-12  0.1230E-12  0.1290E-12  0.1240E-12  0.1050E-12  0.8320E-13  0.7110E-13
  0.1000E+12  0.3480E-39  0.5180E-30  0.1030E-22  0.2630E-17  0.1120E-14  0.3360E-13  0.8800E-13  0.1130E-12  0.1230E-12  0.1290E-12  0.1240E-12  0.1050E-12  0.8320E-13  0.7110E-13
  0.1000E+13  0.3480E-39  0.5180E-30  0.1030E-22  0.2630E-17  0.1120E-14  0.3360E-13  0.8800E-13  0.1130E-12  0.1230E-12  0.1290E-12  0.1240E-12  0.1050E-12  0.8320E-13  0.7110E-13
  0.1000E+14  0.3480E-39  0.5180E-30  0.1030E-22  0.2630E-17  0.1120E-14  0.3360E-13  0.8800E-13  0.1130E-12  0.1230E-12  0.1290E-12  0.1240E-12  0.1050E-12  0.8320E-13  0.7110E-13
  0.1000E+15  0.3480E-39  0.5180E-30  0.1030E-22  0.2630E-17  0.1120E-14  0.3360E-13  0.8800E-13  0.1130E-12  0.1230E-12  0.1290E-12  0.1240E-12  0.1050E-12  0.8320E-13  0.7110E-13
  0.1000E+16  0.3480E-39  0.5180E-30  0.1030E-22  0.2630E-17  0.1120E-14  0.3360E-13  0.8800E-13  0.1130E-12  0.1230E-12  0.1290E-12  0.1240E-12  0.1050E-12  0.8320E-13  0.7110E-13
  0.1000E+17  0.3480E-39  0.5180E-30  0.1030E-22  0.2630E-17  0.1120E-14  0.3360E-13  0.8800E-13  0.1130E-12  0.1230E-12  0.1290E-12  0.1240E-12  0.1050E-12  0.8320E-13  0.7120E-13
WAVELENGTH(A)= 
   135.696
 7 14 t 
excit   
    43.100     64.600    108.000    215.000    431.000   1080.000   2150.000   3230.000   4310.000   6460.000  10800.000  21500.000  43100.000  64600.000 
  0.1000E+11  0.7050E-42  0.6770E-32  0.6000E-24  0.4830E-18  0.3900E-15  0.1830E-13  0.5690E-13  0.7740E-13  0.8740E-13  0.9450E-13  0.9430E-13  0.8410E-13  0.7000E-13  0.6180E-13
  0.1000E+12  0.7030E-42  0.6770E-32  0.6000E-24  0.4830E-18  0.3900E-15  0.1830E-13  0.5690E-13  0.7740E-13  0.8740E-13  0.9450E-13  0.9430E-13  0.8410E-13  0.7000E-13  0.6180E-13
  0.1000E+13  0.7030E-42  0.6770E-32  0.6000E-24  0.4830E-18  0.3900E-15  0.1830E-13  0.5690E-13  0.7740E-13  0.8740E-13  0.9450E-13  0.9430E-13  0.8410E-13  0.7000E-13  0.6180E-13
  0.1000E+14  0.7030E-42  0.6770E-32  0.6000E-24  0.4830E-18  0.3900E-15  0.1830E-13  0.5690E-13  0.7740E-13  0.8740E-13  0.9450E-13  0.9430E-13  0.8410E-13  0.7000E-13  0.6180E-13
  0.1000E+15  0.7030E-42  0.6770E-32  0.6000E-24  0.4830E-18  0.3900E-15  0.1830E-13  0.5690E-13  0.7740E-13  0.8740E-13  0.9450E-13  0.9430E-13  0.8410E-13  0.7000E-13  0.6180E-13
  0.1000E+16  0.7030E-42  0.6770E-32  0.6000E-24  0.4830E-18  0.3900E-15  0.1830E-13  0.5690E-13  0.7740E-13  0.8740E-13  0.9450E-13  0.9430E-13  0.8410E-13  0.7000E-13  0.6180E-13
  0.1000E+17  0.7030E-42  0.6770E-32  0.6000E-24  0.4830E-18  0.3900E-15  0.1830E-13  0.5690E-13  0.7740E-13  0.8740E-13  0.9450E-13  0.9430E-13  0.8410E-13  0.7000E-13  0.6180E-13
