 13  7 14
WAVELENGTH(A)= 
  1047.800
 7 14 t 
excit   
     0.069      0.103      0.172      0.345      0.689      1.720      3.450      5.170      6.890     10.300     17.200     34.500     68.900    103.000 
  0.1000E+11  0.1000E-73  0.1000E-73  0.9940E-42  0.5710E-27  0.1150E-19  0.2170E-15  0.4830E-14  0.1250E-13  0.1940E-13  0.2860E-13  0.3620E-13  0.3810E-13  0.3370E-13  0.3010E-13
  0.1000E+12  0.1000E-73  0.1000E-73  0.1010E-41  0.5760E-27  0.1160E-19  0.2180E-15  0.4850E-14  0.1250E-13  0.1950E-13  0.2870E-13  0.3640E-13  0.3830E-13  0.3380E-13  0.3020E-13
  0.1000E+13  0.1000E-73  0.1000E-73  0.1120E-41  0.6230E-27  0.1230E-19  0.2290E-15  0.5050E-14  0.1300E-13  0.2030E-13  0.2970E-13  0.3770E-13  0.3960E-13  0.3490E-13  0.3110E-13
  0.1000E+14  0.1000E-73  0.1000E-73  0.1860E-41  0.9510E-27  0.1750E-19  0.3060E-15  0.6570E-14  0.1680E-13  0.2600E-13  0.3800E-13  0.4790E-13  0.5000E-13  0.4380E-13  0.3880E-13
  0.1000E+15  0.1000E-73  0.1000E-73  0.7590E-41  0.3500E-26  0.5660E-19  0.8300E-15  0.1580E-13  0.3840E-13  0.5760E-13  0.8210E-13  0.1020E-12  0.1060E-12  0.9280E-13  0.8220E-13
  0.1000E+16  0.1000E-73  0.1000E-73  0.1070E-40  0.6940E-26  0.1490E-18  0.2630E-14  0.4500E-13  0.9810E-13  0.1370E-12  0.1840E-12  0.2210E-12  0.2390E-12  0.2300E-12  0.2170E-12
  0.1000E+17  0.1000E-73  0.1000E-73  0.1920E-41  0.1510E-26  0.4110E-19  0.9530E-15  0.1510E-13  0.2920E-13  0.3810E-13  0.4790E-13  0.5580E-13  0.6150E-13  0.6370E-13  0.6410E-13
WAVELENGTH(A)= 
  1219.740
 7 14 t 
excit   
     0.069      0.103      0.172      0.345      0.689      1.720      3.450      5.170      6.890     10.300     17.200     34.500     68.900    103.000 
  0.1000E+11  0.1000E-73  0.1000E-73  0.1330E-32  0.6050E-20  0.1090E-13  0.4990E-10  0.6990E-09  0.1560E-08  0.2250E-08  0.3080E-08  0.3680E-08  0.3720E-08  0.3260E-08  0.2910E-08
  0.1000E+12  0.1000E-73  0.1000E-73  0.1310E-32  0.6000E-20  0.1090E-13  0.4970E-10  0.6960E-09  0.1550E-08  0.2240E-08  0.3070E-08  0.3670E-08  0.3710E-08  0.3250E-08  0.2900E-08
  0.1000E+13  0.1000E-73  0.1000E-73  0.1170E-32  0.5510E-20  0.1020E-13  0.4720E-10  0.6670E-09  0.1490E-08  0.2160E-08  0.2970E-08  0.3560E-08  0.3610E-08  0.3180E-08  0.2850E-08
  0.1000E+14  0.1000E-73  0.7880E-50  0.7750E-33  0.3730E-20  0.7140E-14  0.3470E-10  0.5010E-09  0.1140E-08  0.1660E-08  0.2310E-08  0.2820E-08  0.2950E-08  0.2670E-08  0.2420E-08
  0.1000E+15  0.1000E-73  0.1380E-49  0.1170E-32  0.4730E-20  0.7570E-14  0.2960E-10  0.3740E-09  0.8020E-09  0.1140E-08  0.1540E-08  0.1850E-08  0.1940E-08  0.1780E-08  0.1630E-08
  0.1000E+16  0.1000E-73  0.1070E-49  0.1130E-32  0.5930E-20  0.1160E-13  0.4940E-10  0.5330E-09  0.9990E-09  0.1300E-08  0.1620E-08  0.1850E-08  0.1940E-08  0.1870E-08  0.1780E-08
  0.1000E+17  0.1000E-73  0.1630E-50  0.1910E-33  0.1200E-20  0.2900E-14  0.1580E-10  0.1540E-09  0.2550E-09  0.3070E-09  0.3560E-09  0.3900E-09  0.4110E-09  0.4170E-09  0.4170E-09
WAVELENGTH(A)= 
  1294.780
 7 14 t 
excit   
     0.069      0.103      0.172      0.345      0.689      1.720      3.450      5.170      6.890     10.300     17.200     34.500     68.900    103.000 
  0.1000E+11  0.1000E-73  0.1000E-73  0.1840E-35  0.1530E-23  0.1180E-17  0.3180E-14  0.3710E-13  0.7790E-13  0.1090E-12  0.1460E-12  0.1710E-12  0.1710E-12  0.1490E-12  0.1310E-12
  0.1000E+12  0.1000E-73  0.1780E-51  0.1850E-35  0.1530E-23  0.1190E-17  0.3190E-14  0.3720E-13  0.7820E-13  0.1090E-12  0.1460E-12  0.1710E-12  0.1710E-12  0.1490E-12  0.1320E-12
  0.1000E+13  0.1000E-73  0.2130E-51  0.1980E-35  0.1620E-23  0.1240E-17  0.3330E-14  0.3860E-13  0.8090E-13  0.1130E-12  0.1510E-12  0.1760E-12  0.1760E-12  0.1520E-12  0.1350E-12
  0.1000E+14  0.1000E-73  0.3680E-51  0.3140E-35  0.2370E-23  0.1730E-17  0.4420E-14  0.4980E-13  0.1030E-12  0.1420E-12  0.1880E-12  0.2170E-12  0.2140E-12  0.1840E-12  0.1620E-12
  0.1000E+15  0.1000E-73  0.1280E-50  0.1080E-34  0.7650E-23  0.5040E-17  0.1110E-13  0.1130E-12  0.2230E-12  0.3010E-12  0.3880E-12  0.4450E-12  0.4420E-12  0.3850E-12  0.3410E-12
  0.1000E+16  0.1000E-73  0.1160E-50  0.1250E-34  0.1190E-22  0.9880E-17  0.2530E-13  0.2300E-12  0.4070E-12  0.5140E-12  0.6220E-12  0.6950E-12  0.7180E-12  0.6860E-12  0.6520E-12
  0.1000E+17  0.1000E-73  0.1820E-51  0.2190E-35  0.2470E-23  0.2550E-17  0.8330E-14  0.6870E-13  0.1070E-12  0.1260E-12  0.1410E-12  0.1510E-12  0.1570E-12  0.1580E-12  0.1580E-12
WAVELENGTH(A)= 
  1420.080
 7 14 t 
excit   
     0.069      0.103      0.172      0.345      0.689      1.720      3.450      5.170      6.890     10.300     17.200     34.500     68.900    103.000 
  0.1000E+11  0.1000E-73  0.1000E-73  0.3040E-67  0.2180E-56  0.5330E-51  0.8410E-48  0.8700E-47  0.1770E-46  0.2450E-46  0.3220E-46  0.3730E-46  0.3690E-46  0.3180E-46  0.2810E-46
  0.1000E+12  0.1000E-73  0.1000E-73  0.3050E-67  0.2190E-56  0.5330E-51  0.8400E-48  0.8690E-47  0.1770E-46  0.2450E-46  0.3220E-46  0.3730E-46  0.3680E-46  0.3170E-46  0.2810E-46
  0.1000E+13  0.1000E-73  0.1000E-73  0.3120E-67  0.2220E-56  0.5360E-51  0.8350E-48  0.8610E-47  0.1750E-46  0.2420E-46  0.3180E-46  0.3690E-46  0.3650E-46  0.3150E-46  0.2790E-46
  0.1000E+14  0.1000E-73  0.1000E-73  0.3780E-67  0.2550E-56  0.5750E-51  0.8210E-48  0.8140E-47  0.1640E-46  0.2250E-46  0.2960E-46  0.3450E-46  0.3450E-46  0.3010E-46  0.2690E-46
  0.1000E+15  0.1000E-73  0.1000E-73  0.7440E-67  0.4660E-56  0.9060E-51  0.1000E-47  0.8490E-47  0.1600E-46  0.2130E-46  0.2730E-46  0.3160E-46  0.3220E-46  0.2910E-46  0.2650E-46
  0.1000E+16  0.1000E-73  0.1000E-73  0.5900E-67  0.4850E-56  0.1170E-50  0.1430E-47  0.1020E-46  0.1680E-46  0.2050E-46  0.2400E-46  0.2630E-46  0.2700E-46  0.2610E-46  0.2500E-46
  0.1000E+17  0.1000E-73  0.1000E-73  0.9390E-68  0.9150E-57  0.2770E-51  0.4320E-48  0.2790E-47  0.4010E-47  0.4520E-47  0.4890E-47  0.5080E-47  0.5140E-47  0.5130E-47  0.5110E-47
WAVELENGTH(A)= 
  1791.720
 7 14 t 
excit   
     0.069      0.103      0.172      0.345      0.689      1.720      3.450      5.170      6.890     10.300     17.200     34.500     68.900    103.000 
  0.1000E+11  0.1000E-73  0.1000E-73  0.6280E-37  0.3610E-22  0.7260E-15  0.1370E-10  0.3060E-09  0.7890E-09  0.1230E-08  0.1810E-08  0.2290E-08  0.2410E-08  0.2130E-08  0.1900E-08
  0.1000E+12  0.1000E-73  0.1000E-73  0.6360E-37  0.3640E-22  0.7310E-15  0.1380E-10  0.3070E-09  0.7930E-09  0.1230E-08  0.1810E-08  0.2300E-08  0.2420E-08  0.2140E-08  0.1910E-08
  0.1000E+13  0.1000E-73  0.1000E-73  0.7060E-37  0.3940E-22  0.7770E-15  0.1450E-10  0.3200E-09  0.8240E-09  0.1280E-08  0.1880E-08  0.2380E-08  0.2500E-08  0.2210E-08  0.1970E-08
  0.1000E+14  0.1000E-73  0.1000E-73  0.1180E-36  0.6010E-22  0.1110E-14  0.1930E-10  0.4150E-09  0.1060E-08  0.1640E-08  0.2400E-08  0.3030E-08  0.3160E-08  0.2770E-08  0.2450E-08
  0.1000E+15  0.1000E-73  0.1000E-73  0.4800E-36  0.2210E-21  0.3580E-14  0.5250E-10  0.9990E-09  0.2430E-08  0.3640E-08  0.5190E-08  0.6440E-08  0.6690E-08  0.5870E-08  0.5200E-08
  0.1000E+16  0.1000E-73  0.1000E-73  0.6740E-36  0.4390E-21  0.9400E-14  0.1660E-09  0.2850E-08  0.6210E-08  0.8690E-08  0.1160E-07  0.1400E-07  0.1510E-07  0.1450E-07  0.1370E-07
  0.1000E+17  0.1000E-73  0.1000E-73  0.1210E-36  0.9560E-22  0.2600E-14  0.6020E-10  0.9540E-09  0.1850E-08  0.2410E-08  0.3030E-08  0.3530E-08  0.3890E-08  0.4030E-08  0.4050E-08
WAVELENGTH(A)= 
  2360.800
 7 14 t 
excit   
     0.069      0.103      0.172      0.345      0.689      1.720      3.450      5.170      6.890     10.300     17.200     34.500     68.900    103.000 
  0.1000E+11  0.1000E-73  0.1000E-73  0.4020E-37  0.1840E-24  0.3320E-18  0.1510E-14  0.2120E-13  0.4730E-13  0.6810E-13  0.9350E-13  0.1120E-12  0.1130E-12  0.9880E-13  0.8820E-13
  0.1000E+12  0.1000E-73  0.1000E-73  0.3970E-37  0.1820E-24  0.3290E-18  0.1510E-14  0.2110E-13  0.4710E-13  0.6780E-13  0.9310E-13  0.1110E-12  0.1120E-12  0.9860E-13  0.8800E-13
  0.1000E+13  0.1000E-73  0.1000E-73  0.3550E-37  0.1670E-24  0.3080E-18  0.1430E-14  0.2020E-13  0.4530E-13  0.6540E-13  0.9000E-13  0.1080E-12  0.1100E-12  0.9640E-13  0.8630E-13
  0.1000E+14  0.1000E-73  0.2390E-54  0.2350E-37  0.1130E-24  0.2160E-18  0.1050E-14  0.1520E-13  0.3440E-13  0.5030E-13  0.7010E-13  0.8560E-13  0.8940E-13  0.8080E-13  0.7340E-13
  0.1000E+15  0.1000E-73  0.4180E-54  0.3540E-37  0.1430E-24  0.2290E-18  0.8970E-15  0.1140E-13  0.2430E-13  0.3440E-13  0.4670E-13  0.5610E-13  0.5870E-13  0.5380E-13  0.4930E-13
  0.1000E+16  0.1000E-73  0.3240E-54  0.3420E-37  0.1800E-24  0.3510E-18  0.1500E-14  0.1620E-13  0.3030E-13  0.3940E-13  0.4910E-13  0.5600E-13  0.5880E-13  0.5670E-13  0.5400E-13
  0.1000E+17  0.1000E-73  0.4940E-55  0.5800E-38  0.3630E-25  0.8790E-19  0.4790E-15  0.4680E-14  0.7730E-14  0.9320E-14  0.1080E-13  0.1180E-13  0.1250E-13  0.1260E-13  0.1260E-13
WAVELENGTH(A)= 
  2523.590
 7 14 t 
excit   
     0.069      0.103      0.172      0.345      0.689      1.720      3.450      5.170      6.890     10.300     17.200     34.500     68.900    103.000 
  0.1000E+11  0.6740E-36  0.1140E-25  0.1590E-17  0.1750E-11  0.1550E-08  0.7320E-07  0.2320E-06  0.3240E-06  0.3760E-06  0.4230E-06  0.4480E-06  0.4360E-06  0.3970E-06  0.3690E-06
  0.1000E+12  0.6740E-36  0.1140E-25  0.1590E-17  0.1750E-11  0.1550E-08  0.7320E-07  0.2320E-06  0.3240E-06  0.3760E-06  0.4230E-06  0.4480E-06  0.4360E-06  0.3970E-06  0.3690E-06
  0.1000E+13  0.6710E-36  0.1140E-25  0.1580E-17  0.1740E-11  0.1550E-08  0.7310E-07  0.2310E-06  0.3240E-06  0.3750E-06  0.4230E-06  0.4470E-06  0.4360E-06  0.3970E-06  0.3690E-06
  0.1000E+14  0.6450E-36  0.1100E-25  0.1540E-17  0.1710E-11  0.1530E-08  0.7240E-07  0.2290E-06  0.3200E-06  0.3710E-06  0.4170E-06  0.4420E-06  0.4300E-06  0.3920E-06  0.3650E-06
  0.1000E+15  0.4640E-36  0.8340E-26  0.1230E-17  0.1450E-11  0.1350E-08  0.6580E-07  0.2060E-06  0.2840E-06  0.3260E-06  0.3650E-06  0.3850E-06  0.3780E-06  0.3490E-06  0.3280E-06
  0.1000E+16  0.1220E-36  0.2430E-26  0.4100E-18  0.5750E-12  0.6310E-09  0.3430E-07  0.9490E-07  0.1170E-06  0.1250E-06  0.1300E-06  0.1310E-06  0.1300E-06  0.1280E-06  0.1270E-06
  0.1000E+17  0.1450E-37  0.3000E-27  0.5330E-19  0.8160E-13  0.9950E-10  0.5840E-08  0.1290E-07  0.1310E-07  0.1250E-07  0.1150E-07  0.1050E-07  0.9800E-08  0.9540E-08  0.9520E-08
WAVELENGTH(A)= 
  2659.080
 7 14 t 
excit   
     0.069      0.103      0.172      0.345      0.689      1.720      3.450      5.170      6.890     10.300     17.200     34.500     68.900    103.000 
  0.1000E+11  0.1000E-73  0.1000E-73  0.1670E-30  0.1380E-18  0.1070E-12  0.2880E-09  0.3360E-08  0.7050E-08  0.9870E-08  0.1320E-07  0.1550E-07  0.1550E-07  0.1340E-07  0.1190E-07
  0.1000E+12  0.1000E-73  0.1610E-46  0.1680E-30  0.1390E-18  0.1070E-12  0.2890E-09  0.3370E-08  0.7080E-08  0.9900E-08  0.1320E-07  0.1550E-07  0.1550E-07  0.1350E-07  0.1190E-07
  0.1000E+13  0.1000E-73  0.1930E-46  0.1790E-30  0.1460E-18  0.1130E-12  0.3010E-09  0.3500E-08  0.7320E-08  0.1020E-07  0.1360E-07  0.1600E-07  0.1590E-07  0.1380E-07  0.1220E-07
  0.1000E+14  0.1000E-73  0.3330E-46  0.2850E-30  0.2150E-18  0.1570E-12  0.4000E-09  0.4510E-08  0.9310E-08  0.1290E-07  0.1700E-07  0.1970E-07  0.1940E-07  0.1670E-07  0.1460E-07
  0.1000E+15  0.1000E-73  0.1160E-45  0.9790E-30  0.6930E-18  0.4560E-12  0.1010E-08  0.1020E-07  0.2020E-07  0.2730E-07  0.3520E-07  0.4030E-07  0.4000E-07  0.3480E-07  0.3090E-07
  0.1000E+16  0.1000E-73  0.1050E-45  0.1130E-29  0.1070E-17  0.8950E-12  0.2290E-08  0.2080E-07  0.3680E-07  0.4650E-07  0.5630E-07  0.6290E-07  0.6500E-07  0.6210E-07  0.5900E-07
  0.1000E+17  0.1000E-73  0.1650E-46  0.1980E-30  0.2240E-18  0.2310E-12  0.7540E-09  0.6220E-08  0.9690E-08  0.1140E-07  0.1280E-07  0.1370E-07  0.1420E-07  0.1430E-07  0.1430E-07
WAVELENGTH(A)= 
  3247.570
 7 14 t 
excit   
     0.069      0.103      0.172      0.345      0.689      1.720      3.450      5.170      6.890     10.300     17.200     34.500     68.900    103.000 
  0.1000E+11  0.1000E-73  0.3350E-43  0.1210E-28  0.8670E-18  0.2120E-12  0.3340E-09  0.3460E-08  0.7040E-08  0.9730E-08  0.1280E-07  0.1480E-07  0.1460E-07  0.1260E-07  0.1120E-07
  0.1000E+12  0.1000E-73  0.3370E-43  0.1210E-28  0.8680E-18  0.2120E-12  0.3340E-09  0.3450E-08  0.7030E-08  0.9720E-08  0.1280E-07  0.1480E-07  0.1460E-07  0.1260E-07  0.1110E-07
  0.1000E+13  0.1000E-73  0.3470E-43  0.1240E-28  0.8810E-18  0.2130E-12  0.3320E-09  0.3420E-08  0.6950E-08  0.9610E-08  0.1260E-07  0.1470E-07  0.1450E-07  0.1250E-07  0.1110E-07
  0.1000E+14  0.1000E-73  0.4390E-43  0.1500E-28  0.1010E-17  0.2280E-12  0.3260E-09  0.3230E-08  0.6500E-08  0.8950E-08  0.1180E-07  0.1370E-07  0.1370E-07  0.1200E-07  0.1070E-07
  0.1000E+15  0.1000E-73  0.8770E-43  0.2950E-28  0.1850E-17  0.3600E-12  0.3990E-09  0.3370E-08  0.6360E-08  0.8470E-08  0.1090E-07  0.1250E-07  0.1280E-07  0.1160E-07  0.1050E-07
  0.1000E+16  0.1000E-73  0.5610E-43  0.2340E-28  0.1920E-17  0.4630E-12  0.5660E-09  0.4060E-08  0.6670E-08  0.8140E-08  0.9540E-08  0.1040E-07  0.1070E-07  0.1030E-07  0.9930E-08
  0.1000E+17  0.1000E-73  0.8130E-44  0.3730E-29  0.3630E-18  0.1100E-12  0.1720E-09  0.1110E-08  0.1590E-08  0.1790E-08  0.1940E-08  0.2020E-08  0.2040E-08  0.2040E-08  0.2030E-08
WAVELENGTH(A)= 
  3996.790
 7 14 t 
excit   
     0.069      0.103      0.172      0.345      0.689      1.720      3.450      5.170      6.890     10.300     17.200     34.500     68.900    103.000 
  0.1000E+11  0.1000E-73  0.1000E-73  0.8880E-43  0.5100E-28  0.1030E-20  0.1940E-16  0.4320E-15  0.1120E-14  0.1740E-14  0.2550E-14  0.3240E-14  0.3410E-14  0.3010E-14  0.2690E-14
  0.1000E+12  0.1000E-73  0.1000E-73  0.8990E-43  0.5140E-28  0.1030E-20  0.1950E-16  0.4340E-15  0.1120E-14  0.1740E-14  0.2560E-14  0.3250E-14  0.3420E-14  0.3020E-14  0.2700E-14
  0.1000E+13  0.1000E-73  0.1000E-73  0.9970E-43  0.5560E-28  0.1100E-20  0.2040E-16  0.4510E-15  0.1160E-14  0.1810E-14  0.2660E-14  0.3370E-14  0.3540E-14  0.3120E-14  0.2780E-14
  0.1000E+14  0.1000E-73  0.1000E-73  0.1660E-42  0.8490E-28  0.1560E-20  0.2730E-16  0.5870E-15  0.1500E-14  0.2320E-14  0.3390E-14  0.4280E-14  0.4470E-14  0.3910E-14  0.3460E-14
  0.1000E+15  0.1000E-73  0.1000E-73  0.6780E-42  0.3130E-27  0.5060E-20  0.7420E-16  0.1410E-14  0.3430E-14  0.5150E-14  0.7340E-14  0.9090E-14  0.9450E-14  0.8290E-14  0.7340E-14
  0.1000E+16  0.1000E-73  0.1000E-73  0.9530E-42  0.6200E-27  0.1330E-19  0.2350E-15  0.4020E-14  0.8770E-14  0.1230E-13  0.1640E-13  0.1980E-13  0.2130E-13  0.2050E-13  0.1940E-13
  0.1000E+17  0.1000E-73  0.1000E-73  0.1710E-42  0.1350E-27  0.3670E-20  0.8510E-16  0.1350E-14  0.2610E-14  0.3410E-14  0.4280E-14  0.4990E-14  0.5490E-14  0.5690E-14  0.5730E-14
WAVELENGTH(A)= 
  5492.880
 7 14 t 
excit   
     0.069      0.103      0.172      0.345      0.689      1.720      3.450      5.170      6.890     10.300     17.200     34.500     68.900    103.000 
  0.1000E+11  0.1000E-73  0.1000E-73  0.2460E-43  0.1410E-28  0.2850E-21  0.5380E-17  0.1200E-15  0.3090E-15  0.4820E-15  0.7070E-15  0.8980E-15  0.9450E-15  0.8360E-15  0.7450E-15
  0.1000E+12  0.1000E-73  0.1000E-73  0.2490E-43  0.1430E-28  0.2860E-21  0.5410E-17  0.1200E-15  0.3110E-15  0.4840E-15  0.7100E-15  0.9010E-15  0.9480E-15  0.8380E-15  0.7480E-15
  0.1000E+13  0.1000E-73  0.1000E-73  0.2770E-43  0.1540E-28  0.3040E-21  0.5670E-17  0.1250E-15  0.3230E-15  0.5020E-15  0.7370E-15  0.9340E-15  0.9810E-15  0.8650E-15  0.7700E-15
  0.1000E+14  0.1000E-73  0.1000E-73  0.4610E-43  0.2360E-28  0.4330E-21  0.7580E-17  0.1630E-15  0.4160E-15  0.6440E-15  0.9410E-15  0.1190E-14  0.1240E-14  0.1080E-14  0.9600E-15
  0.1000E+15  0.1000E-73  0.1000E-73  0.1880E-42  0.8680E-28  0.1400E-20  0.2060E-16  0.3920E-15  0.9510E-15  0.1430E-14  0.2030E-14  0.2520E-14  0.2620E-14  0.2300E-14  0.2040E-14
  0.1000E+16  0.1000E-73  0.1000E-73  0.2640E-42  0.1720E-27  0.3690E-20  0.6510E-16  0.1120E-14  0.2430E-14  0.3410E-14  0.4550E-14  0.5480E-14  0.5920E-14  0.5690E-14  0.5370E-14
  0.1000E+17  0.1000E-73  0.1000E-73  0.4750E-43  0.3750E-28  0.1020E-20  0.2360E-16  0.3740E-15  0.7230E-15  0.9450E-15  0.1190E-14  0.1380E-14  0.1520E-14  0.1580E-14  0.1590E-14
WAVELENGTH(A)= 
  7432.840
 7 14 t 
excit   
     0.069      0.103      0.172      0.345      0.689      1.720      3.450      5.170      6.890     10.300     17.200     34.500     68.900    103.000 
  0.1000E+11  0.1000E-73  0.1000E-73  0.2750E-37  0.1580E-22  0.3170E-15  0.6010E-11  0.1340E-09  0.3450E-09  0.5380E-09  0.7890E-09  0.1000E-08  0.1050E-08  0.9320E-09  0.8320E-09
  0.1000E+12  0.1000E-73  0.1000E-73  0.2780E-37  0.1590E-22  0.3200E-15  0.6040E-11  0.1340E-09  0.3470E-09  0.5400E-09  0.7920E-09  0.1010E-08  0.1060E-08  0.9360E-09  0.8340E-09
  0.1000E+13  0.1000E-73  0.1000E-73  0.3090E-37  0.1720E-22  0.3400E-15  0.6320E-11  0.1400E-09  0.3600E-09  0.5600E-09  0.8220E-09  0.1040E-08  0.1090E-08  0.9650E-09  0.8590E-09
  0.1000E+14  0.1000E-73  0.1000E-73  0.5150E-37  0.2630E-22  0.4840E-15  0.8450E-11  0.1820E-09  0.4640E-09  0.7180E-09  0.1050E-08  0.1320E-08  0.1380E-08  0.1210E-08  0.1070E-08
  0.1000E+15  0.1000E-73  0.1000E-73  0.2100E-36  0.9680E-22  0.1570E-14  0.2300E-10  0.4370E-09  0.1060E-08  0.1590E-08  0.2270E-08  0.2810E-08  0.2920E-08  0.2570E-08  0.2270E-08
  0.1000E+16  0.1000E-73  0.1000E-73  0.2950E-36  0.1920E-21  0.4110E-14  0.7260E-10  0.1240E-08  0.2710E-08  0.3800E-08  0.5080E-08  0.6120E-08  0.6600E-08  0.6350E-08  0.5990E-08
  0.1000E+17  0.1000E-73  0.1000E-73  0.5310E-37  0.4180E-22  0.1140E-14  0.2630E-10  0.4170E-09  0.8070E-09  0.1050E-08  0.1320E-08  0.1540E-08  0.1700E-08  0.1760E-08  0.1770E-08
WAVELENGTH(A)= 
  8645.810
 7 14 t 
excit   
     0.069      0.103      0.172      0.345      0.689      1.720      3.450      5.170      6.890     10.300     17.200     34.500     68.900    103.000 
  0.1000E+11  0.1000E-73  0.1000E-73  0.2350E-32  0.1070E-19  0.1940E-13  0.8850E-10  0.1240E-08  0.2760E-08  0.3980E-08  0.5460E-08  0.6530E-08  0.6590E-08  0.5770E-08  0.5150E-08
  0.1000E+12  0.1000E-73  0.1000E-73  0.2320E-32  0.1060E-19  0.1920E-13  0.8800E-10  0.1230E-08  0.2750E-08  0.3970E-08  0.5440E-08  0.6500E-08  0.6570E-08  0.5760E-08  0.5140E-08
  0.1000E+13  0.1000E-73  0.1000E-73  0.2070E-32  0.9760E-20  0.1800E-13  0.8370E-10  0.1180E-08  0.2640E-08  0.3820E-08  0.5260E-08  0.6310E-08  0.6400E-08  0.5640E-08  0.5040E-08
  0.1000E+14  0.1000E-73  0.1400E-49  0.1370E-32  0.6600E-20  0.1270E-13  0.6140E-10  0.8880E-09  0.2010E-08  0.2940E-08  0.4100E-08  0.5010E-08  0.5220E-08  0.4730E-08  0.4290E-08
  0.1000E+15  0.1000E-73  0.2440E-49  0.2070E-32  0.8390E-20  0.1340E-13  0.5240E-10  0.6630E-09  0.1420E-08  0.2010E-08  0.2730E-08  0.3280E-08  0.3430E-08  0.3150E-08  0.2880E-08
  0.1000E+16  0.1000E-73  0.1890E-49  0.2000E-32  0.1050E-19  0.2050E-13  0.8760E-10  0.9450E-09  0.1770E-08  0.2300E-08  0.2870E-08  0.3280E-08  0.3440E-08  0.3310E-08  0.3160E-08
  0.1000E+17  0.1000E-73  0.2890E-50  0.3390E-33  0.2120E-20  0.5140E-14  0.2800E-10  0.2740E-09  0.4520E-09  0.5450E-09  0.6310E-09  0.6920E-09  0.7280E-09  0.7390E-09  0.7390E-09
