 18  7 14
WAVELENGTH(A)= 
     4.095
 7 14 t 
excit   
    41.400     62.100    103.000    207.000    414.000   1030.000   2070.000   3100.000   4140.000   6210.000  10300.000  20700.000  41400.000  62100.000 
  0.1000E+11  0.1000E-73  0.8390E-34  0.1940E-25  0.3130E-19  0.3350E-16  0.1750E-14  0.5580E-14  0.7720E-14  0.8800E-14  0.9660E-14  0.9760E-14  0.8730E-14  0.7160E-14  0.6210E-14
  0.1000E+12  0.2380E-44  0.8390E-34  0.1940E-25  0.3130E-19  0.3350E-16  0.1750E-14  0.5580E-14  0.7720E-14  0.8800E-14  0.9660E-14  0.9760E-14  0.8730E-14  0.7160E-14  0.6210E-14
  0.1000E+13  0.2610E-44  0.8390E-34  0.1940E-25  0.3130E-19  0.3350E-16  0.1750E-14  0.5580E-14  0.7720E-14  0.8800E-14  0.9660E-14  0.9760E-14  0.8730E-14  0.7160E-14  0.6210E-14
  0.1000E+14  0.2620E-44  0.8390E-34  0.1940E-25  0.3130E-19  0.3350E-16  0.1750E-14  0.5580E-14  0.7720E-14  0.8800E-14  0.9660E-14  0.9760E-14  0.8730E-14  0.7160E-14  0.6210E-14
  0.1000E+15  0.2620E-44  0.8390E-34  0.1940E-25  0.3130E-19  0.3350E-16  0.1750E-14  0.5580E-14  0.7720E-14  0.8800E-14  0.9660E-14  0.9760E-14  0.8730E-14  0.7160E-14  0.6210E-14
  0.1000E+16  0.2620E-44  0.8390E-34  0.1940E-25  0.3130E-19  0.3350E-16  0.1750E-14  0.5580E-14  0.7720E-14  0.8800E-14  0.9660E-14  0.9760E-14  0.8730E-14  0.7160E-14  0.6210E-14
  0.1000E+17  0.2630E-44  0.8410E-34  0.1940E-25  0.3130E-19  0.3360E-16  0.1750E-14  0.5580E-14  0.7720E-14  0.8810E-14  0.9660E-14  0.9760E-14  0.8730E-14  0.7160E-14  0.6210E-14
WAVELENGTH(A)= 
     4.147
 7 14 t 
excit   
    41.400     62.100    103.000    207.000    414.000   1030.000   2070.000   3100.000   4140.000   6210.000  10300.000  20700.000  41400.000  62100.000 
  0.1000E+11  0.8410E-41  0.1900E-30  0.3420E-22  0.4610E-16  0.4510E-13  0.2260E-11  0.7180E-11  0.1000E-10  0.1170E-10  0.1320E-10  0.1420E-10  0.1410E-10  0.1310E-10  0.1230E-10
  0.1000E+12  0.7990E-41  0.1900E-30  0.3420E-22  0.4610E-16  0.4510E-13  0.2260E-11  0.7180E-11  0.1000E-10  0.1170E-10  0.1320E-10  0.1420E-10  0.1410E-10  0.1310E-10  0.1230E-10
  0.1000E+13  0.8030E-41  0.1900E-30  0.3420E-22  0.4610E-16  0.4510E-13  0.2260E-11  0.7180E-11  0.1000E-10  0.1170E-10  0.1320E-10  0.1420E-10  0.1410E-10  0.1310E-10  0.1230E-10
  0.1000E+14  0.8040E-41  0.1900E-30  0.3420E-22  0.4610E-16  0.4510E-13  0.2260E-11  0.7180E-11  0.1000E-10  0.1170E-10  0.1320E-10  0.1420E-10  0.1410E-10  0.1310E-10  0.1230E-10
  0.1000E+15  0.8040E-41  0.1900E-30  0.3420E-22  0.4610E-16  0.4510E-13  0.2260E-11  0.7180E-11  0.1000E-10  0.1170E-10  0.1320E-10  0.1420E-10  0.1410E-10  0.1310E-10  0.1230E-10
  0.1000E+16  0.8040E-41  0.1900E-30  0.3420E-22  0.4610E-16  0.4510E-13  0.2260E-11  0.7180E-11  0.1000E-10  0.1170E-10  0.1320E-10  0.1420E-10  0.1410E-10  0.1310E-10  0.1230E-10
  0.1000E+17  0.8040E-41  0.1900E-30  0.3430E-22  0.4610E-16  0.4510E-13  0.2260E-11  0.7180E-11  0.1000E-10  0.1170E-10  0.1320E-10  0.1420E-10  0.1410E-10  0.1310E-10  0.1230E-10
WAVELENGTH(A)= 
     4.250
 7 14 t 
excit   
    41.400     62.100    103.000    207.000    414.000   1030.000   2070.000   3100.000   4140.000   6210.000  10300.000  20700.000  41400.000  62100.000 
  0.1000E+11  0.1110E-42  0.1460E-32  0.1660E-24  0.1560E-18  0.1280E-15  0.5610E-14  0.1650E-13  0.2190E-13  0.2430E-13  0.2560E-13  0.2450E-13  0.2070E-13  0.1620E-13  0.1370E-13
  0.1000E+12  0.1110E-42  0.1460E-32  0.1660E-24  0.1560E-18  0.1280E-15  0.5610E-14  0.1650E-13  0.2190E-13  0.2430E-13  0.2560E-13  0.2450E-13  0.2070E-13  0.1620E-13  0.1370E-13
  0.1000E+13  0.1110E-42  0.1460E-32  0.1660E-24  0.1560E-18  0.1280E-15  0.5610E-14  0.1650E-13  0.2190E-13  0.2430E-13  0.2560E-13  0.2450E-13  0.2070E-13  0.1620E-13  0.1370E-13
  0.1000E+14  0.1110E-42  0.1460E-32  0.1660E-24  0.1560E-18  0.1280E-15  0.5610E-14  0.1650E-13  0.2190E-13  0.2430E-13  0.2560E-13  0.2450E-13  0.2070E-13  0.1620E-13  0.1370E-13
  0.1000E+15  0.1110E-42  0.1460E-32  0.1660E-24  0.1560E-18  0.1280E-15  0.5610E-14  0.1650E-13  0.2190E-13  0.2430E-13  0.2560E-13  0.2450E-13  0.2070E-13  0.1620E-13  0.1370E-13
  0.1000E+16  0.1110E-42  0.1460E-32  0.1660E-24  0.1560E-18  0.1280E-15  0.5610E-14  0.1650E-13  0.2190E-13  0.2430E-13  0.2560E-13  0.2450E-13  0.2070E-13  0.1620E-13  0.1370E-13
  0.1000E+17  0.1110E-42  0.1460E-32  0.1660E-24  0.1560E-18  0.1280E-15  0.5610E-14  0.1650E-13  0.2190E-13  0.2430E-13  0.2560E-13  0.2450E-13  0.2070E-13  0.1620E-13  0.1370E-13
WAVELENGTH(A)= 
     5.588
 7 14 t 
excit   
    41.400     62.100    103.000    207.000    414.000   1030.000   2070.000   3100.000   4140.000   6210.000  10300.000  20700.000  41400.000  62100.000 
  0.1000E+11  0.8300E-32  0.3930E-24  0.4950E-18  0.1610E-13  0.2500E-11  0.4310E-10  0.9950E-10  0.1270E-09  0.1420E-09  0.1560E-09  0.1640E-09  0.1630E-09  0.1530E-09  0.1440E-09
  0.1000E+12  0.8300E-32  0.3930E-24  0.4950E-18  0.1610E-13  0.2500E-11  0.4310E-10  0.9950E-10  0.1270E-09  0.1420E-09  0.1560E-09  0.1640E-09  0.1630E-09  0.1530E-09  0.1440E-09
  0.1000E+13  0.8300E-32  0.3930E-24  0.4950E-18  0.1610E-13  0.2500E-11  0.4310E-10  0.9950E-10  0.1270E-09  0.1420E-09  0.1560E-09  0.1640E-09  0.1630E-09  0.1530E-09  0.1440E-09
  0.1000E+14  0.8300E-32  0.3930E-24  0.4950E-18  0.1610E-13  0.2500E-11  0.4310E-10  0.9950E-10  0.1270E-09  0.1420E-09  0.1560E-09  0.1640E-09  0.1630E-09  0.1530E-09  0.1440E-09
  0.1000E+15  0.8300E-32  0.3930E-24  0.4950E-18  0.1610E-13  0.2500E-11  0.4310E-10  0.9950E-10  0.1270E-09  0.1420E-09  0.1560E-09  0.1640E-09  0.1630E-09  0.1530E-09  0.1440E-09
  0.1000E+16  0.8300E-32  0.3930E-24  0.4950E-18  0.1610E-13  0.2500E-11  0.4310E-10  0.9950E-10  0.1270E-09  0.1420E-09  0.1560E-09  0.1640E-09  0.1630E-09  0.1530E-09  0.1440E-09
  0.1000E+17  0.8300E-32  0.3930E-24  0.4950E-18  0.1610E-13  0.2500E-11  0.4310E-10  0.9950E-10  0.1270E-09  0.1420E-09  0.1560E-09  0.1640E-09  0.1630E-09  0.1530E-09  0.1440E-09
WAVELENGTH(A)= 
     6.024
 7 14 t 
excit   
    41.400     62.100    103.000    207.000    414.000   1030.000   2070.000   3100.000   4140.000   6210.000  10300.000  20700.000  41400.000  62100.000 
  0.1000E+11  0.1160E-30  0.1510E-23  0.6750E-18  0.1010E-13  0.1080E-11  0.1550E-10  0.3340E-10  0.4080E-10  0.4370E-10  0.4500E-10  0.4350E-10  0.3810E-10  0.3180E-10  0.2810E-10
  0.1000E+12  0.1160E-30  0.1510E-23  0.6750E-18  0.1010E-13  0.1080E-11  0.1550E-10  0.3340E-10  0.4080E-10  0.4370E-10  0.4500E-10  0.4350E-10  0.3810E-10  0.3180E-10  0.2810E-10
  0.1000E+13  0.1160E-30  0.1510E-23  0.6750E-18  0.1010E-13  0.1080E-11  0.1550E-10  0.3340E-10  0.4080E-10  0.4370E-10  0.4500E-10  0.4350E-10  0.3810E-10  0.3180E-10  0.2810E-10
  0.1000E+14  0.1160E-30  0.1510E-23  0.6750E-18  0.1010E-13  0.1080E-11  0.1550E-10  0.3340E-10  0.4080E-10  0.4370E-10  0.4500E-10  0.4350E-10  0.3810E-10  0.3180E-10  0.2810E-10
  0.1000E+15  0.1160E-30  0.1510E-23  0.6750E-18  0.1010E-13  0.1080E-11  0.1550E-10  0.3340E-10  0.4080E-10  0.4370E-10  0.4500E-10  0.4350E-10  0.3810E-10  0.3180E-10  0.2810E-10
  0.1000E+16  0.1160E-30  0.1510E-23  0.6750E-18  0.1010E-13  0.1080E-11  0.1550E-10  0.3340E-10  0.4080E-10  0.4370E-10  0.4500E-10  0.4350E-10  0.3810E-10  0.3180E-10  0.2810E-10
  0.1000E+17  0.1160E-30  0.1510E-23  0.6750E-18  0.1010E-13  0.1080E-11  0.1550E-10  0.3340E-10  0.4080E-10  0.4370E-10  0.4500E-10  0.4350E-10  0.3810E-10  0.3180E-10  0.2810E-10
WAVELENGTH(A)= 
    12.787
 7 14 t 
excit   
    41.400     62.100    103.000    207.000    414.000   1030.000   2070.000   3100.000   4140.000   6210.000  10300.000  20700.000  41400.000  62100.000 
  0.1000E+11  0.1000E-73  0.5210E-34  0.1210E-25  0.1940E-19  0.2080E-16  0.1090E-14  0.3470E-14  0.4800E-14  0.5470E-14  0.6000E-14  0.6060E-14  0.5430E-14  0.4450E-14  0.3860E-14
  0.1000E+12  0.1480E-44  0.5210E-34  0.1210E-25  0.1940E-19  0.2080E-16  0.1090E-14  0.3470E-14  0.4800E-14  0.5470E-14  0.6000E-14  0.6060E-14  0.5430E-14  0.4450E-14  0.3860E-14
  0.1000E+13  0.1620E-44  0.5210E-34  0.1210E-25  0.1940E-19  0.2080E-16  0.1090E-14  0.3470E-14  0.4800E-14  0.5470E-14  0.6000E-14  0.6060E-14  0.5430E-14  0.4450E-14  0.3860E-14
  0.1000E+14  0.1630E-44  0.5210E-34  0.1210E-25  0.1940E-19  0.2080E-16  0.1090E-14  0.3470E-14  0.4800E-14  0.5470E-14  0.6000E-14  0.6060E-14  0.5430E-14  0.4450E-14  0.3860E-14
  0.1000E+15  0.1630E-44  0.5210E-34  0.1210E-25  0.1940E-19  0.2080E-16  0.1090E-14  0.3470E-14  0.4800E-14  0.5470E-14  0.6000E-14  0.6060E-14  0.5430E-14  0.4450E-14  0.3860E-14
  0.1000E+16  0.1630E-44  0.5210E-34  0.1210E-25  0.1940E-19  0.2080E-16  0.1090E-14  0.3470E-14  0.4800E-14  0.5470E-14  0.6000E-14  0.6060E-14  0.5430E-14  0.4450E-14  0.3860E-14
  0.1000E+17  0.1630E-44  0.5220E-34  0.1210E-25  0.1950E-19  0.2090E-16  0.1090E-14  0.3470E-14  0.4800E-14  0.5470E-14  0.6000E-14  0.6060E-14  0.5430E-14  0.4450E-14  0.3860E-14
WAVELENGTH(A)= 
    12.910
 7 14 t 
excit   
    41.400     62.100    103.000    207.000    414.000   1030.000   2070.000   3100.000   4140.000   6210.000  10300.000  20700.000  41400.000  62100.000 
  0.1000E+11  0.6010E-23  0.1120E-19  0.4260E-17  0.3130E-15  0.2260E-14  0.5830E-14  0.6630E-14  0.6380E-14  0.5990E-14  0.5330E-14  0.4420E-14  0.3300E-14  0.2410E-14  0.1990E-14
  0.1000E+12  0.6010E-23  0.1120E-19  0.4260E-17  0.3130E-15  0.2260E-14  0.5830E-14  0.6630E-14  0.6380E-14  0.5990E-14  0.5330E-14  0.4420E-14  0.3300E-14  0.2410E-14  0.1990E-14
  0.1000E+13  0.6010E-23  0.1120E-19  0.4260E-17  0.3130E-15  0.2260E-14  0.5830E-14  0.6630E-14  0.6380E-14  0.5990E-14  0.5330E-14  0.4420E-14  0.3300E-14  0.2410E-14  0.1990E-14
  0.1000E+14  0.6010E-23  0.1120E-19  0.4260E-17  0.3130E-15  0.2260E-14  0.5830E-14  0.6630E-14  0.6380E-14  0.5990E-14  0.5330E-14  0.4420E-14  0.3300E-14  0.2410E-14  0.1990E-14
  0.1000E+15  0.6010E-23  0.1120E-19  0.4260E-17  0.3130E-15  0.2260E-14  0.5830E-14  0.6630E-14  0.6380E-14  0.5990E-14  0.5330E-14  0.4420E-14  0.3300E-14  0.2410E-14  0.1990E-14
  0.1000E+16  0.6010E-23  0.1120E-19  0.4260E-17  0.3130E-15  0.2260E-14  0.5830E-14  0.6630E-14  0.6380E-14  0.5990E-14  0.5330E-14  0.4420E-14  0.3300E-14  0.2410E-14  0.1990E-14
  0.1000E+17  0.6010E-23  0.1120E-19  0.4260E-17  0.3130E-15  0.2260E-14  0.5830E-14  0.6630E-14  0.6370E-14  0.5990E-14  0.5330E-14  0.4420E-14  0.3300E-14  0.2410E-14  0.1990E-14
WAVELENGTH(A)= 
    13.306
 7 14 t 
excit   
    41.400     62.100    103.000    207.000    414.000   1030.000   2070.000   3100.000   4140.000   6210.000  10300.000  20700.000  41400.000  62100.000 
  0.1000E+11  0.8520E-41  0.1920E-30  0.3470E-22  0.4670E-16  0.4570E-13  0.2290E-11  0.7270E-11  0.1020E-10  0.1180E-10  0.1340E-10  0.1440E-10  0.1430E-10  0.1330E-10  0.1240E-10
  0.1000E+12  0.8090E-41  0.1920E-30  0.3470E-22  0.4670E-16  0.4570E-13  0.2290E-11  0.7270E-11  0.1020E-10  0.1180E-10  0.1340E-10  0.1440E-10  0.1430E-10  0.1330E-10  0.1240E-10
  0.1000E+13  0.8140E-41  0.1920E-30  0.3470E-22  0.4670E-16  0.4570E-13  0.2290E-11  0.7270E-11  0.1020E-10  0.1180E-10  0.1340E-10  0.1440E-10  0.1430E-10  0.1330E-10  0.1240E-10
  0.1000E+14  0.8150E-41  0.1920E-30  0.3470E-22  0.4670E-16  0.4570E-13  0.2290E-11  0.7270E-11  0.1020E-10  0.1180E-10  0.1340E-10  0.1440E-10  0.1430E-10  0.1330E-10  0.1240E-10
  0.1000E+15  0.8150E-41  0.1920E-30  0.3470E-22  0.4670E-16  0.4570E-13  0.2290E-11  0.7270E-11  0.1020E-10  0.1180E-10  0.1340E-10  0.1440E-10  0.1430E-10  0.1330E-10  0.1240E-10
  0.1000E+16  0.8150E-41  0.1920E-30  0.3470E-22  0.4670E-16  0.4570E-13  0.2290E-11  0.7270E-11  0.1020E-10  0.1180E-10  0.1340E-10  0.1440E-10  0.1430E-10  0.1330E-10  0.1240E-10
  0.1000E+17  0.8150E-41  0.1920E-30  0.3470E-22  0.4670E-16  0.4570E-13  0.2290E-11  0.7270E-11  0.1020E-10  0.1180E-10  0.1340E-10  0.1440E-10  0.1430E-10  0.1330E-10  0.1240E-10
WAVELENGTH(A)= 
    14.434
 7 14 t 
excit   
    41.400     62.100    103.000    207.000    414.000   1030.000   2070.000   3100.000   4140.000   6210.000  10300.000  20700.000  41400.000  62100.000 
  0.1000E+11  0.1300E-42  0.1700E-32  0.1930E-24  0.1820E-18  0.1490E-15  0.6550E-14  0.1930E-13  0.2560E-13  0.2840E-13  0.2990E-13  0.2860E-13  0.2410E-13  0.1890E-13  0.1600E-13
  0.1000E+12  0.1300E-42  0.1700E-32  0.1930E-24  0.1820E-18  0.1490E-15  0.6550E-14  0.1930E-13  0.2560E-13  0.2840E-13  0.2990E-13  0.2860E-13  0.2410E-13  0.1890E-13  0.1600E-13
  0.1000E+13  0.1300E-42  0.1700E-32  0.1930E-24  0.1820E-18  0.1490E-15  0.6550E-14  0.1930E-13  0.2560E-13  0.2840E-13  0.2990E-13  0.2860E-13  0.2410E-13  0.1890E-13  0.1600E-13
  0.1000E+14  0.1300E-42  0.1700E-32  0.1930E-24  0.1820E-18  0.1490E-15  0.6550E-14  0.1930E-13  0.2560E-13  0.2840E-13  0.2990E-13  0.2860E-13  0.2410E-13  0.1890E-13  0.1600E-13
  0.1000E+15  0.1300E-42  0.1700E-32  0.1930E-24  0.1820E-18  0.1490E-15  0.6550E-14  0.1930E-13  0.2560E-13  0.2840E-13  0.2990E-13  0.2860E-13  0.2410E-13  0.1890E-13  0.1600E-13
  0.1000E+16  0.1300E-42  0.1700E-32  0.1930E-24  0.1820E-18  0.1490E-15  0.6550E-14  0.1930E-13  0.2560E-13  0.2840E-13  0.2990E-13  0.2860E-13  0.2410E-13  0.1890E-13  0.1600E-13
  0.1000E+17  0.1300E-42  0.1700E-32  0.1930E-24  0.1820E-18  0.1490E-15  0.6550E-14  0.1930E-13  0.2560E-13  0.2840E-13  0.2990E-13  0.2860E-13  0.2410E-13  0.1890E-13  0.1600E-13
WAVELENGTH(A)= 
    15.328
 7 14 t 
excit   
    41.400     62.100    103.000    207.000    414.000   1030.000   2070.000   3100.000   4140.000   6210.000  10300.000  20700.000  41400.000  62100.000 
  0.1000E+11  0.1000E-73  0.4080E-31  0.9450E-23  0.1520E-16  0.1630E-13  0.8540E-12  0.2720E-11  0.3760E-11  0.4280E-11  0.4700E-11  0.4750E-11  0.4250E-11  0.3490E-11  0.3020E-11
  0.1000E+12  0.1160E-41  0.4080E-31  0.9450E-23  0.1520E-16  0.1630E-13  0.8540E-12  0.2720E-11  0.3760E-11  0.4280E-11  0.4700E-11  0.4750E-11  0.4250E-11  0.3490E-11  0.3020E-11
  0.1000E+13  0.1270E-41  0.4080E-31  0.9450E-23  0.1520E-16  0.1630E-13  0.8540E-12  0.2720E-11  0.3760E-11  0.4280E-11  0.4700E-11  0.4750E-11  0.4250E-11  0.3490E-11  0.3020E-11
  0.1000E+14  0.1280E-41  0.4080E-31  0.9450E-23  0.1520E-16  0.1630E-13  0.8540E-12  0.2720E-11  0.3760E-11  0.4280E-11  0.4700E-11  0.4750E-11  0.4250E-11  0.3490E-11  0.3020E-11
  0.1000E+15  0.1280E-41  0.4090E-31  0.9450E-23  0.1520E-16  0.1630E-13  0.8540E-12  0.2720E-11  0.3760E-11  0.4280E-11  0.4700E-11  0.4750E-11  0.4250E-11  0.3490E-11  0.3020E-11
  0.1000E+16  0.1280E-41  0.4090E-31  0.9450E-23  0.1520E-16  0.1630E-13  0.8540E-12  0.2720E-11  0.3760E-11  0.4290E-11  0.4700E-11  0.4750E-11  0.4250E-11  0.3490E-11  0.3020E-11
  0.1000E+17  0.1280E-41  0.4090E-31  0.9460E-23  0.1520E-16  0.1630E-13  0.8540E-12  0.2720E-11  0.3760E-11  0.4290E-11  0.4700E-11  0.4750E-11  0.4250E-11  0.3490E-11  0.3020E-11
WAVELENGTH(A)= 
    16.080
 7 14 t 
excit   
    41.400     62.100    103.000    207.000    414.000   1030.000   2070.000   3100.000   4140.000   6210.000  10300.000  20700.000  41400.000  62100.000 
  0.1000E+11  0.1280E-44  0.2880E-34  0.5210E-26  0.7010E-20  0.6860E-17  0.3430E-15  0.1090E-14  0.1520E-14  0.1770E-14  0.2010E-14  0.2150E-14  0.2150E-14  0.1990E-14  0.1870E-14
  0.1000E+12  0.1210E-44  0.2880E-34  0.5210E-26  0.7010E-20  0.6860E-17  0.3430E-15  0.1090E-14  0.1520E-14  0.1770E-14  0.2010E-14  0.2150E-14  0.2150E-14  0.1990E-14  0.1870E-14
  0.1000E+13  0.1220E-44  0.2880E-34  0.5210E-26  0.7010E-20  0.6860E-17  0.3430E-15  0.1090E-14  0.1520E-14  0.1770E-14  0.2010E-14  0.2150E-14  0.2150E-14  0.1990E-14  0.1870E-14
  0.1000E+14  0.1220E-44  0.2880E-34  0.5210E-26  0.7010E-20  0.6860E-17  0.3430E-15  0.1090E-14  0.1520E-14  0.1770E-14  0.2010E-14  0.2150E-14  0.2150E-14  0.1990E-14  0.1870E-14
  0.1000E+15  0.1220E-44  0.2880E-34  0.5210E-26  0.7010E-20  0.6860E-17  0.3430E-15  0.1090E-14  0.1520E-14  0.1770E-14  0.2010E-14  0.2150E-14  0.2150E-14  0.1990E-14  0.1870E-14
  0.1000E+16  0.1220E-44  0.2880E-34  0.5210E-26  0.7010E-20  0.6860E-17  0.3430E-15  0.1090E-14  0.1520E-14  0.1770E-14  0.2010E-14  0.2150E-14  0.2150E-14  0.1990E-14  0.1870E-14
  0.1000E+17  0.1220E-44  0.2880E-34  0.5210E-26  0.7010E-20  0.6860E-17  0.3430E-15  0.1090E-14  0.1520E-14  0.1770E-14  0.2010E-14  0.2150E-14  0.2150E-14  0.1990E-14  0.1870E-14
WAVELENGTH(A)= 
    17.758
 7 14 t 
excit   
    41.400     62.100    103.000    207.000    414.000   1030.000   2070.000   3100.000   4140.000   6210.000  10300.000  20700.000  41400.000  62100.000 
  0.1000E+11  0.2320E-40  0.3050E-30  0.3460E-22  0.3260E-16  0.2660E-13  0.1170E-11  0.3450E-11  0.4580E-11  0.5070E-11  0.5340E-11  0.5120E-11  0.4310E-11  0.3370E-11  0.2860E-11
  0.1000E+12  0.2320E-40  0.3050E-30  0.3460E-22  0.3260E-16  0.2660E-13  0.1170E-11  0.3450E-11  0.4580E-11  0.5070E-11  0.5340E-11  0.5120E-11  0.4310E-11  0.3370E-11  0.2860E-11
  0.1000E+13  0.2320E-40  0.3050E-30  0.3460E-22  0.3260E-16  0.2660E-13  0.1170E-11  0.3450E-11  0.4580E-11  0.5070E-11  0.5340E-11  0.5120E-11  0.4310E-11  0.3370E-11  0.2860E-11
  0.1000E+14  0.2320E-40  0.3050E-30  0.3460E-22  0.3260E-16  0.2660E-13  0.1170E-11  0.3450E-11  0.4580E-11  0.5070E-11  0.5340E-11  0.5120E-11  0.4310E-11  0.3370E-11  0.2860E-11
  0.1000E+15  0.2320E-40  0.3050E-30  0.3460E-22  0.3260E-16  0.2660E-13  0.1170E-11  0.3450E-11  0.4580E-11  0.5070E-11  0.5340E-11  0.5120E-11  0.4310E-11  0.3370E-11  0.2860E-11
  0.1000E+16  0.2320E-40  0.3050E-30  0.3460E-22  0.3260E-16  0.2660E-13  0.1170E-11  0.3450E-11  0.4580E-11  0.5070E-11  0.5340E-11  0.5120E-11  0.4310E-11  0.3370E-11  0.2860E-11
  0.1000E+17  0.2320E-40  0.3050E-30  0.3460E-22  0.3260E-16  0.2660E-13  0.1170E-11  0.3450E-11  0.4580E-11  0.5070E-11  0.5340E-11  0.5120E-11  0.4320E-11  0.3370E-11  0.2860E-11
WAVELENGTH(A)= 
    24.263
 7 14 t 
excit   
    41.400     62.100    103.000    207.000    414.000   1030.000   2070.000   3100.000   4140.000   6210.000  10300.000  20700.000  41400.000  62100.000 
  0.1000E+11  0.4180E-14  0.2100E-12  0.4410E-11  0.3790E-10  0.9700E-10  0.1440E-09  0.1450E-09  0.1390E-09  0.1320E-09  0.1210E-09  0.1070E-09  0.8820E-10  0.7120E-10  0.6230E-10
  0.1000E+12  0.4180E-14  0.2100E-12  0.4410E-11  0.3790E-10  0.9700E-10  0.1440E-09  0.1450E-09  0.1390E-09  0.1320E-09  0.1210E-09  0.1070E-09  0.8820E-10  0.7120E-10  0.6230E-10
  0.1000E+13  0.4180E-14  0.2100E-12  0.4410E-11  0.3790E-10  0.9700E-10  0.1440E-09  0.1450E-09  0.1390E-09  0.1320E-09  0.1210E-09  0.1070E-09  0.8820E-10  0.7120E-10  0.6230E-10
  0.1000E+14  0.4180E-14  0.2100E-12  0.4410E-11  0.3790E-10  0.9700E-10  0.1440E-09  0.1450E-09  0.1390E-09  0.1320E-09  0.1210E-09  0.1070E-09  0.8820E-10  0.7120E-10  0.6230E-10
  0.1000E+15  0.4180E-14  0.2100E-12  0.4410E-11  0.3790E-10  0.9700E-10  0.1440E-09  0.1450E-09  0.1390E-09  0.1320E-09  0.1210E-09  0.1070E-09  0.8820E-10  0.7120E-10  0.6230E-10
  0.1000E+16  0.4180E-14  0.2100E-12  0.4410E-11  0.3790E-10  0.9700E-10  0.1440E-09  0.1450E-09  0.1390E-09  0.1320E-09  0.1210E-09  0.1070E-09  0.8820E-10  0.7120E-10  0.6230E-10
  0.1000E+17  0.4180E-14  0.2100E-12  0.4410E-11  0.3790E-10  0.9700E-10  0.1440E-09  0.1450E-09  0.1390E-09  0.1320E-09  0.1210E-09  0.1070E-09  0.8820E-10  0.7120E-10  0.6230E-10
WAVELENGTH(A)= 
    27.592
 7 14 t 
excit   
    41.400     62.100    103.000    207.000    414.000   1030.000   2070.000   3100.000   4140.000   6210.000  10300.000  20700.000  41400.000  62100.000 
  0.1000E+11  0.5460E-20  0.1020E-16  0.3870E-14  0.2840E-12  0.2050E-11  0.5290E-11  0.6020E-11  0.5790E-11  0.5440E-11  0.4830E-11  0.4010E-11  0.3000E-11  0.2190E-11  0.1810E-11
  0.1000E+12  0.5460E-20  0.1020E-16  0.3870E-14  0.2840E-12  0.2050E-11  0.5290E-11  0.6020E-11  0.5790E-11  0.5440E-11  0.4830E-11  0.4010E-11  0.3000E-11  0.2190E-11  0.1810E-11
  0.1000E+13  0.5460E-20  0.1020E-16  0.3870E-14  0.2840E-12  0.2050E-11  0.5290E-11  0.6020E-11  0.5790E-11  0.5440E-11  0.4830E-11  0.4010E-11  0.3000E-11  0.2190E-11  0.1810E-11
  0.1000E+14  0.5460E-20  0.1020E-16  0.3870E-14  0.2840E-12  0.2050E-11  0.5290E-11  0.6020E-11  0.5790E-11  0.5440E-11  0.4830E-11  0.4010E-11  0.3000E-11  0.2190E-11  0.1810E-11
  0.1000E+15  0.5460E-20  0.1020E-16  0.3870E-14  0.2840E-12  0.2050E-11  0.5290E-11  0.6020E-11  0.5790E-11  0.5440E-11  0.4830E-11  0.4010E-11  0.3000E-11  0.2190E-11  0.1810E-11
  0.1000E+16  0.5460E-20  0.1020E-16  0.3870E-14  0.2840E-12  0.2050E-11  0.5290E-11  0.6020E-11  0.5790E-11  0.5440E-11  0.4830E-11  0.4010E-11  0.3000E-11  0.2190E-11  0.1810E-11
  0.1000E+17  0.5460E-20  0.1020E-16  0.3870E-14  0.2840E-12  0.2050E-11  0.5290E-11  0.6020E-11  0.5790E-11  0.5440E-11  0.4830E-11  0.4010E-11  0.3000E-11  0.2190E-11  0.1810E-11
WAVELENGTH(A)= 
    77.118
 7 14 t 
excit   
    41.400     62.100    103.000    207.000    414.000   1030.000   2070.000   3100.000   4140.000   6210.000  10300.000  20700.000  41400.000  62100.000 
  0.1000E+11  0.4280E-34  0.2030E-26  0.2550E-20  0.8300E-16  0.1290E-13  0.2220E-12  0.5130E-12  0.6560E-12  0.7320E-12  0.8040E-12  0.8480E-12  0.8430E-12  0.7890E-12  0.7410E-12
  0.1000E+12  0.4280E-34  0.2030E-26  0.2550E-20  0.8300E-16  0.1290E-13  0.2220E-12  0.5130E-12  0.6560E-12  0.7320E-12  0.8040E-12  0.8480E-12  0.8430E-12  0.7890E-12  0.7410E-12
  0.1000E+13  0.4280E-34  0.2030E-26  0.2550E-20  0.8300E-16  0.1290E-13  0.2220E-12  0.5130E-12  0.6560E-12  0.7320E-12  0.8040E-12  0.8480E-12  0.8430E-12  0.7890E-12  0.7410E-12
  0.1000E+14  0.4280E-34  0.2030E-26  0.2550E-20  0.8300E-16  0.1290E-13  0.2220E-12  0.5130E-12  0.6560E-12  0.7320E-12  0.8040E-12  0.8480E-12  0.8430E-12  0.7890E-12  0.7410E-12
  0.1000E+15  0.4280E-34  0.2030E-26  0.2550E-20  0.8300E-16  0.1290E-13  0.2220E-12  0.5130E-12  0.6560E-12  0.7320E-12  0.8040E-12  0.8480E-12  0.8430E-12  0.7890E-12  0.7410E-12
  0.1000E+16  0.4280E-34  0.2030E-26  0.2550E-20  0.8300E-16  0.1290E-13  0.2220E-12  0.5130E-12  0.6560E-12  0.7320E-12  0.8040E-12  0.8480E-12  0.8430E-12  0.7890E-12  0.7410E-12
  0.1000E+17  0.4280E-34  0.2030E-26  0.2550E-20  0.8300E-16  0.1290E-13  0.2220E-12  0.5140E-12  0.6560E-12  0.7320E-12  0.8040E-12  0.8480E-12  0.8430E-12  0.7890E-12  0.7410E-12
WAVELENGTH(A)= 
   112.025
 7 14 t 
excit   
    41.400     62.100    103.000    207.000    414.000   1030.000   2070.000   3100.000   4140.000   6210.000  10300.000  20700.000  41400.000  62100.000 
  0.1000E+11  0.1000E-73  0.2880E-38  0.6670E-30  0.1070E-23  0.1150E-20  0.6020E-19  0.1920E-18  0.2650E-18  0.3020E-18  0.3320E-18  0.3350E-18  0.3000E-18  0.2460E-18  0.2130E-18
  0.1000E+12  0.8160E-49  0.2880E-38  0.6670E-30  0.1070E-23  0.1150E-20  0.6020E-19  0.1920E-18  0.2650E-18  0.3020E-18  0.3320E-18  0.3350E-18  0.3000E-18  0.2460E-18  0.2130E-18
  0.1000E+13  0.8970E-49  0.2880E-38  0.6670E-30  0.1070E-23  0.1150E-20  0.6020E-19  0.1920E-18  0.2650E-18  0.3020E-18  0.3320E-18  0.3350E-18  0.3000E-18  0.2460E-18  0.2130E-18
  0.1000E+14  0.9000E-49  0.2880E-38  0.6670E-30  0.1070E-23  0.1150E-20  0.6020E-19  0.1920E-18  0.2650E-18  0.3020E-18  0.3320E-18  0.3350E-18  0.3000E-18  0.2460E-18  0.2130E-18
  0.1000E+15  0.9010E-49  0.2880E-38  0.6670E-30  0.1070E-23  0.1150E-20  0.6020E-19  0.1920E-18  0.2650E-18  0.3020E-18  0.3320E-18  0.3350E-18  0.3000E-18  0.2460E-18  0.2130E-18
  0.1000E+16  0.9010E-49  0.2880E-38  0.6670E-30  0.1070E-23  0.1150E-20  0.6020E-19  0.1920E-18  0.2650E-18  0.3020E-18  0.3320E-18  0.3350E-18  0.3000E-18  0.2460E-18  0.2130E-18
  0.1000E+17  0.9030E-49  0.2890E-38  0.6680E-30  0.1080E-23  0.1150E-20  0.6030E-19  0.1920E-18  0.2650E-18  0.3020E-18  0.3320E-18  0.3350E-18  0.3000E-18  0.2460E-18  0.2130E-18
WAVELENGTH(A)= 
   170.200
 7 14 t 
excit   
    41.400     62.100    103.000    207.000    414.000   1030.000   2070.000   3100.000   4140.000   6210.000  10300.000  20700.000  41400.000  62100.000 
  0.1000E+11  0.3600E-43  0.8110E-33  0.1470E-24  0.1970E-18  0.1930E-15  0.9650E-14  0.3070E-13  0.4290E-13  0.4990E-13  0.5660E-13  0.6060E-13  0.6040E-13  0.5610E-13  0.5260E-13
  0.1000E+12  0.3420E-43  0.8110E-33  0.1470E-24  0.1970E-18  0.1930E-15  0.9650E-14  0.3070E-13  0.4290E-13  0.4990E-13  0.5660E-13  0.6060E-13  0.6040E-13  0.5610E-13  0.5260E-13
  0.1000E+13  0.3440E-43  0.8110E-33  0.1470E-24  0.1970E-18  0.1930E-15  0.9650E-14  0.3070E-13  0.4290E-13  0.4990E-13  0.5660E-13  0.6060E-13  0.6040E-13  0.5610E-13  0.5260E-13
  0.1000E+14  0.3440E-43  0.8110E-33  0.1470E-24  0.1970E-18  0.1930E-15  0.9650E-14  0.3070E-13  0.4290E-13  0.4990E-13  0.5660E-13  0.6060E-13  0.6040E-13  0.5610E-13  0.5260E-13
  0.1000E+15  0.3440E-43  0.8110E-33  0.1470E-24  0.1970E-18  0.1930E-15  0.9650E-14  0.3070E-13  0.4290E-13  0.4990E-13  0.5660E-13  0.6060E-13  0.6040E-13  0.5610E-13  0.5260E-13
  0.1000E+16  0.3440E-43  0.8110E-33  0.1470E-24  0.1970E-18  0.1930E-15  0.9650E-14  0.3070E-13  0.4290E-13  0.4990E-13  0.5660E-13  0.6060E-13  0.6040E-13  0.5610E-13  0.5260E-13
  0.1000E+17  0.3440E-43  0.8110E-33  0.1470E-24  0.1970E-18  0.1930E-15  0.9650E-14  0.3070E-13  0.4290E-13  0.4990E-13  0.5660E-13  0.6060E-13  0.6040E-13  0.5610E-13  0.5260E-13
WAVELENGTH(A)= 
   327.747
 7 14 t 
excit   
    41.400     62.100    103.000    207.000    414.000   1030.000   2070.000   3100.000   4140.000   6210.000  10300.000  20700.000  41400.000  62100.000 
  0.1000E+11  0.1000E-73  0.8450E-35  0.1960E-26  0.3150E-20  0.3380E-17  0.1770E-15  0.5620E-15  0.7770E-15  0.8870E-15  0.9720E-15  0.9830E-15  0.8790E-15  0.7210E-15  0.6260E-15
  0.1000E+12  0.2390E-45  0.8450E-35  0.1960E-26  0.3150E-20  0.3380E-17  0.1770E-15  0.5620E-15  0.7770E-15  0.8870E-15  0.9720E-15  0.9830E-15  0.8790E-15  0.7210E-15  0.6260E-15
  0.1000E+13  0.2630E-45  0.8450E-35  0.1960E-26  0.3150E-20  0.3380E-17  0.1770E-15  0.5620E-15  0.7770E-15  0.8870E-15  0.9720E-15  0.9830E-15  0.8790E-15  0.7210E-15  0.6260E-15
  0.1000E+14  0.2640E-45  0.8450E-35  0.1960E-26  0.3150E-20  0.3380E-17  0.1770E-15  0.5620E-15  0.7770E-15  0.8870E-15  0.9720E-15  0.9830E-15  0.8790E-15  0.7210E-15  0.6260E-15
  0.1000E+15  0.2640E-45  0.8450E-35  0.1960E-26  0.3150E-20  0.3380E-17  0.1770E-15  0.5620E-15  0.7770E-15  0.8870E-15  0.9720E-15  0.9830E-15  0.8790E-15  0.7210E-15  0.6260E-15
  0.1000E+16  0.2640E-45  0.8450E-35  0.1960E-26  0.3150E-20  0.3380E-17  0.1770E-15  0.5620E-15  0.7770E-15  0.8870E-15  0.9730E-15  0.9830E-15  0.8800E-15  0.7210E-15  0.6260E-15
  0.1000E+17  0.2650E-45  0.8470E-35  0.1960E-26  0.3150E-20  0.3380E-17  0.1770E-15  0.5620E-15  0.7780E-15  0.8870E-15  0.9730E-15  0.9830E-15  0.8800E-15  0.7210E-15  0.6260E-15
