 50  7 14
WAVELENGTH(A)= 
     2.460
 7 14 t 
excit   
    58.000     87.000    145.000    290.000    580.000   1450.000   2900.000   4350.000   5800.000   8700.000  14500.000  29000.000  58000.000  87000.000 
  0.1000E+11  0.1000E-73  0.8510E-37  0.7830E-27  0.2030E-19  0.8890E-16  0.1120E-13  0.4940E-13  0.7820E-13  0.9800E-13  0.1220E-12  0.1460E-12  0.1670E-12  0.1740E-12  0.1720E-12
  0.1000E+12  0.1000E-73  0.8510E-37  0.7830E-27  0.2030E-19  0.8890E-16  0.1120E-13  0.4940E-13  0.7820E-13  0.9800E-13  0.1220E-12  0.1460E-12  0.1670E-12  0.1740E-12  0.1720E-12
  0.1000E+13  0.1000E-73  0.8510E-37  0.7830E-27  0.2030E-19  0.8890E-16  0.1120E-13  0.4940E-13  0.7820E-13  0.9800E-13  0.1220E-12  0.1460E-12  0.1670E-12  0.1740E-12  0.1720E-12
  0.1000E+14  0.1000E-73  0.8510E-37  0.7830E-27  0.2030E-19  0.8890E-16  0.1120E-13  0.4940E-13  0.7820E-13  0.9800E-13  0.1220E-12  0.1460E-12  0.1670E-12  0.1740E-12  0.1720E-12
  0.1000E+15  0.1000E-73  0.8510E-37  0.7830E-27  0.2030E-19  0.8890E-16  0.1120E-13  0.4940E-13  0.7820E-13  0.9800E-13  0.1220E-12  0.1460E-12  0.1670E-12  0.1740E-12  0.1720E-12
  0.1000E+16  0.1000E-73  0.8510E-37  0.7830E-27  0.2030E-19  0.8890E-16  0.1120E-13  0.4940E-13  0.7820E-13  0.9800E-13  0.1220E-12  0.1460E-12  0.1670E-12  0.1740E-12  0.1720E-12
  0.1000E+17  0.1000E-73  0.8510E-37  0.7830E-27  0.2030E-19  0.8890E-16  0.1120E-13  0.4940E-13  0.7820E-13  0.9800E-13  0.1220E-12  0.1460E-12  0.1670E-12  0.1740E-12  0.1720E-12
WAVELENGTH(A)= 
     2.479
 7 14 t 
excit   
    58.000     87.000    145.000    290.000    580.000   1450.000   2900.000   4350.000   5800.000   8700.000  14500.000  29000.000  58000.000  87000.000 
  0.1000E+11  0.1000E-73  0.3120E-36  0.2380E-26  0.5340E-19  0.2160E-15  0.2560E-13  0.1100E-12  0.1710E-12  0.2110E-12  0.2560E-12  0.2940E-12  0.3160E-12  0.3120E-12  0.2990E-12
  0.1000E+12  0.1000E-73  0.3120E-36  0.2380E-26  0.5340E-19  0.2160E-15  0.2560E-13  0.1100E-12  0.1710E-12  0.2110E-12  0.2560E-12  0.2940E-12  0.3160E-12  0.3120E-12  0.2990E-12
  0.1000E+13  0.1000E-73  0.3120E-36  0.2380E-26  0.5340E-19  0.2160E-15  0.2560E-13  0.1100E-12  0.1710E-12  0.2110E-12  0.2560E-12  0.2940E-12  0.3160E-12  0.3120E-12  0.2990E-12
  0.1000E+14  0.1000E-73  0.3120E-36  0.2380E-26  0.5340E-19  0.2160E-15  0.2560E-13  0.1100E-12  0.1710E-12  0.2110E-12  0.2560E-12  0.2940E-12  0.3160E-12  0.3120E-12  0.2990E-12
  0.1000E+15  0.1000E-73  0.3120E-36  0.2380E-26  0.5340E-19  0.2160E-15  0.2560E-13  0.1100E-12  0.1710E-12  0.2110E-12  0.2560E-12  0.2940E-12  0.3160E-12  0.3120E-12  0.2990E-12
  0.1000E+16  0.1000E-73  0.3120E-36  0.2380E-26  0.5340E-19  0.2160E-15  0.2560E-13  0.1100E-12  0.1710E-12  0.2110E-12  0.2560E-12  0.2940E-12  0.3160E-12  0.3120E-12  0.2990E-12
  0.1000E+17  0.1000E-73  0.3120E-36  0.2380E-26  0.5340E-19  0.2160E-15  0.2560E-13  0.1100E-12  0.1710E-12  0.2110E-12  0.2560E-12  0.2940E-12  0.3160E-12  0.3120E-12  0.2990E-12
WAVELENGTH(A)= 
     2.669
 7 14 t 
excit   
    58.000     87.000    145.000    290.000    580.000   1450.000   2900.000   4350.000   5800.000   8700.000  14500.000  29000.000  58000.000  87000.000 
  0.1000E+11  0.1000E-73  0.4020E-34  0.5960E-25  0.3970E-18  0.8890E-15  0.7370E-13  0.2830E-12  0.4260E-12  0.5160E-12  0.6190E-12  0.7030E-12  0.7500E-12  0.7360E-12  0.7070E-12
  0.1000E+12  0.1000E-73  0.4020E-34  0.5960E-25  0.3970E-18  0.8890E-15  0.7370E-13  0.2830E-12  0.4260E-12  0.5160E-12  0.6190E-12  0.7030E-12  0.7500E-12  0.7360E-12  0.7070E-12
  0.1000E+13  0.1000E-73  0.4020E-34  0.5960E-25  0.3970E-18  0.8890E-15  0.7370E-13  0.2830E-12  0.4260E-12  0.5160E-12  0.6190E-12  0.7030E-12  0.7500E-12  0.7360E-12  0.7070E-12
  0.1000E+14  0.1000E-73  0.4020E-34  0.5960E-25  0.3970E-18  0.8890E-15  0.7370E-13  0.2830E-12  0.4260E-12  0.5160E-12  0.6190E-12  0.7030E-12  0.7500E-12  0.7360E-12  0.7070E-12
  0.1000E+15  0.1310E-45  0.4020E-34  0.5960E-25  0.3970E-18  0.8890E-15  0.7370E-13  0.2830E-12  0.4260E-12  0.5160E-12  0.6190E-12  0.7030E-12  0.7500E-12  0.7360E-12  0.7070E-12
  0.1000E+16  0.1180E-45  0.4020E-34  0.5960E-25  0.3970E-18  0.8890E-15  0.7370E-13  0.2830E-12  0.4260E-12  0.5160E-12  0.6190E-12  0.7030E-12  0.7500E-12  0.7360E-12  0.7070E-12
  0.1000E+17  0.1230E-45  0.4020E-34  0.5960E-25  0.3970E-18  0.8890E-15  0.7370E-13  0.2830E-12  0.4260E-12  0.5160E-12  0.6190E-12  0.7030E-12  0.7500E-12  0.7360E-12  0.7070E-12
WAVELENGTH(A)= 
     2.675
 7 14 t 
excit   
    58.000     87.000    145.000    290.000    580.000   1450.000   2900.000   4350.000   5800.000   8700.000  14500.000  29000.000  58000.000  87000.000 
  0.1000E+11  0.1000E-73  0.5610E-37  0.6320E-27  0.1890E-19  0.8690E-16  0.1080E-13  0.4540E-13  0.6800E-13  0.8030E-13  0.9050E-13  0.9250E-13  0.8260E-13  0.6740E-13  0.5840E-13
  0.1000E+12  0.1000E-73  0.5610E-37  0.6320E-27  0.1890E-19  0.8690E-16  0.1080E-13  0.4540E-13  0.6800E-13  0.8030E-13  0.9050E-13  0.9250E-13  0.8260E-13  0.6740E-13  0.5840E-13
  0.1000E+13  0.1000E-73  0.5610E-37  0.6320E-27  0.1890E-19  0.8690E-16  0.1080E-13  0.4540E-13  0.6800E-13  0.8030E-13  0.9050E-13  0.9250E-13  0.8260E-13  0.6740E-13  0.5840E-13
  0.1000E+14  0.1000E-73  0.5610E-37  0.6320E-27  0.1890E-19  0.8690E-16  0.1080E-13  0.4540E-13  0.6800E-13  0.8030E-13  0.9050E-13  0.9250E-13  0.8260E-13  0.6740E-13  0.5840E-13
  0.1000E+15  0.1000E-73  0.5610E-37  0.6320E-27  0.1890E-19  0.8690E-16  0.1080E-13  0.4540E-13  0.6800E-13  0.8030E-13  0.9050E-13  0.9250E-13  0.8260E-13  0.6740E-13  0.5840E-13
  0.1000E+16  0.1000E-73  0.5610E-37  0.6320E-27  0.1890E-19  0.8690E-16  0.1080E-13  0.4540E-13  0.6800E-13  0.8030E-13  0.9050E-13  0.9250E-13  0.8260E-13  0.6740E-13  0.5840E-13
  0.1000E+17  0.1000E-73  0.5610E-37  0.6320E-27  0.1890E-19  0.8690E-16  0.1080E-13  0.4540E-13  0.6800E-13  0.8030E-13  0.9050E-13  0.9250E-13  0.8260E-13  0.6740E-13  0.5840E-13
WAVELENGTH(A)= 
     2.689
 7 14 t 
excit   
    58.000     87.000    145.000    290.000    580.000   1450.000   2900.000   4350.000   5800.000   8700.000  14500.000  29000.000  58000.000  87000.000 
  0.1000E+11  0.1000E-73  0.3460E-36  0.2850E-26  0.6680E-19  0.2720E-15  0.3110E-13  0.1250E-12  0.1820E-12  0.2100E-12  0.2300E-12  0.2250E-12  0.1900E-12  0.1470E-12  0.1240E-12
  0.1000E+12  0.1000E-73  0.3460E-36  0.2850E-26  0.6680E-19  0.2720E-15  0.3110E-13  0.1250E-12  0.1820E-12  0.2100E-12  0.2300E-12  0.2250E-12  0.1900E-12  0.1470E-12  0.1240E-12
  0.1000E+13  0.1000E-73  0.3460E-36  0.2850E-26  0.6680E-19  0.2720E-15  0.3110E-13  0.1250E-12  0.1820E-12  0.2100E-12  0.2300E-12  0.2250E-12  0.1900E-12  0.1470E-12  0.1240E-12
  0.1000E+14  0.1000E-73  0.3460E-36  0.2850E-26  0.6680E-19  0.2720E-15  0.3110E-13  0.1250E-12  0.1820E-12  0.2100E-12  0.2300E-12  0.2250E-12  0.1900E-12  0.1470E-12  0.1240E-12
  0.1000E+15  0.1000E-73  0.3460E-36  0.2850E-26  0.6680E-19  0.2720E-15  0.3110E-13  0.1250E-12  0.1820E-12  0.2100E-12  0.2300E-12  0.2250E-12  0.1900E-12  0.1470E-12  0.1240E-12
  0.1000E+16  0.1000E-73  0.3460E-36  0.2850E-26  0.6680E-19  0.2720E-15  0.3110E-13  0.1250E-12  0.1820E-12  0.2100E-12  0.2300E-12  0.2250E-12  0.1900E-12  0.1470E-12  0.1240E-12
  0.1000E+17  0.1000E-73  0.3460E-36  0.2850E-26  0.6680E-19  0.2720E-15  0.3110E-13  0.1250E-12  0.1820E-12  0.2100E-12  0.2300E-12  0.2250E-12  0.1900E-12  0.1470E-12  0.1240E-12
WAVELENGTH(A)= 
     2.812
 7 14 t 
excit   
    58.000     87.000    145.000    290.000    580.000   1450.000   2900.000   4350.000   5800.000   8700.000  14500.000  29000.000  58000.000  87000.000 
  0.1000E+11  0.1000E-73  0.3060E-33  0.1520E-24  0.4470E-18  0.6800E-15  0.4720E-13  0.1750E-12  0.2630E-12  0.3200E-12  0.3900E-12  0.4560E-12  0.5080E-12  0.5220E-12  0.5120E-12
  0.1000E+12  0.1000E-73  0.3060E-33  0.1520E-24  0.4470E-18  0.6800E-15  0.4720E-13  0.1750E-12  0.2630E-12  0.3200E-12  0.3900E-12  0.4560E-12  0.5080E-12  0.5220E-12  0.5120E-12
  0.1000E+13  0.1000E-73  0.3060E-33  0.1520E-24  0.4470E-18  0.6800E-15  0.4720E-13  0.1750E-12  0.2630E-12  0.3200E-12  0.3900E-12  0.4560E-12  0.5080E-12  0.5220E-12  0.5120E-12
  0.1000E+14  0.3050E-44  0.3060E-33  0.1520E-24  0.4470E-18  0.6800E-15  0.4720E-13  0.1750E-12  0.2630E-12  0.3200E-12  0.3900E-12  0.4560E-12  0.5080E-12  0.5220E-12  0.5120E-12
  0.1000E+15  0.3670E-44  0.3060E-33  0.1520E-24  0.4470E-18  0.6800E-15  0.4720E-13  0.1750E-12  0.2630E-12  0.3200E-12  0.3900E-12  0.4560E-12  0.5080E-12  0.5220E-12  0.5120E-12
  0.1000E+16  0.3670E-44  0.3060E-33  0.1520E-24  0.4470E-18  0.6800E-15  0.4720E-13  0.1750E-12  0.2630E-12  0.3200E-12  0.3900E-12  0.4560E-12  0.5080E-12  0.5220E-12  0.5120E-12
  0.1000E+17  0.3660E-44  0.3060E-33  0.1520E-24  0.4470E-18  0.6800E-15  0.4720E-13  0.1750E-12  0.2630E-12  0.3200E-12  0.3900E-12  0.4560E-12  0.5080E-12  0.5220E-12  0.5120E-12
WAVELENGTH(A)= 
     2.906
 7 14 t 
excit   
    58.000     87.000    145.000    290.000    580.000   1450.000   2900.000   4350.000   5800.000   8700.000  14500.000  29000.000  58000.000  87000.000 
  0.1000E+11  0.1000E-73  0.4360E-34  0.7360E-25  0.5270E-18  0.1190E-14  0.9520E-13  0.3420E-12  0.4790E-12  0.5480E-12  0.5870E-12  0.5710E-12  0.4820E-12  0.3760E-12  0.3170E-12
  0.1000E+12  0.1000E-73  0.4360E-34  0.7360E-25  0.5270E-18  0.1190E-14  0.9520E-13  0.3420E-12  0.4790E-12  0.5480E-12  0.5870E-12  0.5710E-12  0.4820E-12  0.3760E-12  0.3170E-12
  0.1000E+13  0.1000E-73  0.4360E-34  0.7360E-25  0.5270E-18  0.1190E-14  0.9520E-13  0.3420E-12  0.4790E-12  0.5480E-12  0.5870E-12  0.5710E-12  0.4820E-12  0.3760E-12  0.3170E-12
  0.1000E+14  0.1000E-73  0.4360E-34  0.7360E-25  0.5270E-18  0.1190E-14  0.9520E-13  0.3420E-12  0.4790E-12  0.5480E-12  0.5870E-12  0.5710E-12  0.4820E-12  0.3760E-12  0.3170E-12
  0.1000E+15  0.1000E-73  0.4360E-34  0.7360E-25  0.5270E-18  0.1190E-14  0.9520E-13  0.3420E-12  0.4790E-12  0.5480E-12  0.5870E-12  0.5710E-12  0.4820E-12  0.3760E-12  0.3170E-12
  0.1000E+16  0.9750E-46  0.4360E-34  0.7360E-25  0.5270E-18  0.1190E-14  0.9520E-13  0.3420E-12  0.4790E-12  0.5480E-12  0.5870E-12  0.5710E-12  0.4820E-12  0.3760E-12  0.3170E-12
  0.1000E+17  0.1120E-45  0.4360E-34  0.7360E-25  0.5270E-18  0.1190E-14  0.9520E-13  0.3420E-12  0.4790E-12  0.5480E-12  0.5870E-12  0.5710E-12  0.4820E-12  0.3760E-12  0.3170E-12
WAVELENGTH(A)= 
     2.959
 7 14 t 
excit   
    58.000     87.000    145.000    290.000    580.000   1450.000   2900.000   4350.000   5800.000   8700.000  14500.000  29000.000  58000.000  87000.000 
  0.1000E+11  0.1000E-73  0.2730E-34  0.3260E-25  0.1820E-18  0.3670E-15  0.2780E-13  0.9900E-13  0.1410E-12  0.1610E-12  0.1770E-12  0.1760E-12  0.1560E-12  0.1260E-12  0.1090E-12
  0.1000E+12  0.1000E-73  0.2730E-34  0.3260E-25  0.1820E-18  0.3670E-15  0.2780E-13  0.9900E-13  0.1410E-12  0.1610E-12  0.1770E-12  0.1760E-12  0.1560E-12  0.1260E-12  0.1090E-12
  0.1000E+13  0.1000E-73  0.2730E-34  0.3260E-25  0.1820E-18  0.3670E-15  0.2780E-13  0.9900E-13  0.1410E-12  0.1610E-12  0.1770E-12  0.1760E-12  0.1560E-12  0.1260E-12  0.1090E-12
  0.1000E+14  0.1000E-73  0.2730E-34  0.3260E-25  0.1820E-18  0.3670E-15  0.2780E-13  0.9900E-13  0.1410E-12  0.1610E-12  0.1770E-12  0.1760E-12  0.1560E-12  0.1260E-12  0.1090E-12
  0.1000E+15  0.1010E-45  0.2730E-34  0.3260E-25  0.1820E-18  0.3670E-15  0.2780E-13  0.9900E-13  0.1410E-12  0.1610E-12  0.1770E-12  0.1760E-12  0.1560E-12  0.1260E-12  0.1090E-12
  0.1000E+16  0.1110E-45  0.2730E-34  0.3260E-25  0.1820E-18  0.3670E-15  0.2780E-13  0.9900E-13  0.1410E-12  0.1610E-12  0.1770E-12  0.1760E-12  0.1560E-12  0.1260E-12  0.1090E-12
  0.1000E+17  0.1100E-45  0.2730E-34  0.3260E-25  0.1820E-18  0.3670E-15  0.2780E-13  0.9900E-13  0.1410E-12  0.1610E-12  0.1770E-12  0.1760E-12  0.1560E-12  0.1260E-12  0.1090E-12
WAVELENGTH(A)= 
     3.062
 7 14 t 
excit   
    58.000     87.000    145.000    290.000    580.000   1450.000   2900.000   4350.000   5800.000   8700.000  14500.000  29000.000  58000.000  87000.000 
  0.1000E+11  0.1150E-40  0.1120E-30  0.1060E-22  0.8940E-17  0.7200E-14  0.3340E-12  0.1070E-11  0.1530E-11  0.1820E-11  0.2140E-11  0.2410E-11  0.2560E-11  0.2510E-11  0.2430E-11
  0.1000E+12  0.1060E-40  0.1120E-30  0.1060E-22  0.8940E-17  0.7200E-14  0.3340E-12  0.1070E-11  0.1530E-11  0.1820E-11  0.2140E-11  0.2410E-11  0.2560E-11  0.2510E-11  0.2430E-11
  0.1000E+13  0.1060E-40  0.1120E-30  0.1060E-22  0.8940E-17  0.7200E-14  0.3340E-12  0.1070E-11  0.1530E-11  0.1820E-11  0.2140E-11  0.2410E-11  0.2560E-11  0.2510E-11  0.2430E-11
  0.1000E+14  0.1060E-40  0.1120E-30  0.1060E-22  0.8940E-17  0.7200E-14  0.3340E-12  0.1070E-11  0.1530E-11  0.1820E-11  0.2140E-11  0.2410E-11  0.2560E-11  0.2510E-11  0.2430E-11
  0.1000E+15  0.1060E-40  0.1120E-30  0.1060E-22  0.8940E-17  0.7200E-14  0.3340E-12  0.1070E-11  0.1530E-11  0.1820E-11  0.2140E-11  0.2410E-11  0.2560E-11  0.2510E-11  0.2430E-11
  0.1000E+16  0.1060E-40  0.1120E-30  0.1060E-22  0.8940E-17  0.7200E-14  0.3340E-12  0.1070E-11  0.1530E-11  0.1820E-11  0.2140E-11  0.2410E-11  0.2560E-11  0.2510E-11  0.2430E-11
  0.1000E+17  0.1060E-40  0.1120E-30  0.1060E-22  0.8940E-17  0.7200E-14  0.3340E-12  0.1070E-11  0.1530E-11  0.1820E-11  0.2140E-11  0.2410E-11  0.2560E-11  0.2510E-11  0.2430E-11
WAVELENGTH(A)= 
     3.070
 7 14 t 
excit   
    58.000     87.000    145.000    290.000    580.000   1450.000   2900.000   4350.000   5800.000   8700.000  14500.000  29000.000  58000.000  87000.000 
  0.1000E+11  0.1000E-73  0.1930E-33  0.1400E-24  0.5300E-18  0.8750E-15  0.5980E-13  0.2070E-12  0.2920E-12  0.3350E-12  0.3690E-12  0.3710E-12  0.3320E-12  0.2730E-12  0.2370E-12
  0.1000E+12  0.1000E-73  0.1930E-33  0.1400E-24  0.5300E-18  0.8750E-15  0.5980E-13  0.2070E-12  0.2920E-12  0.3350E-12  0.3690E-12  0.3710E-12  0.3320E-12  0.2730E-12  0.2370E-12
  0.1000E+13  0.1000E-73  0.1930E-33  0.1400E-24  0.5300E-18  0.8750E-15  0.5980E-13  0.2070E-12  0.2920E-12  0.3350E-12  0.3690E-12  0.3710E-12  0.3320E-12  0.2730E-12  0.2370E-12
  0.1000E+14  0.1140E-44  0.1930E-33  0.1400E-24  0.5300E-18  0.8750E-15  0.5980E-13  0.2070E-12  0.2920E-12  0.3350E-12  0.3690E-12  0.3710E-12  0.3320E-12  0.2730E-12  0.2370E-12
  0.1000E+15  0.1480E-44  0.1930E-33  0.1400E-24  0.5300E-18  0.8750E-15  0.5980E-13  0.2070E-12  0.2920E-12  0.3350E-12  0.3690E-12  0.3710E-12  0.3320E-12  0.2730E-12  0.2370E-12
  0.1000E+16  0.1450E-44  0.1930E-33  0.1400E-24  0.5300E-18  0.8750E-15  0.5980E-13  0.2070E-12  0.2920E-12  0.3350E-12  0.3690E-12  0.3710E-12  0.3320E-12  0.2730E-12  0.2370E-12
  0.1000E+17  0.1440E-44  0.1930E-33  0.1400E-24  0.5300E-18  0.8750E-15  0.5980E-13  0.2070E-12  0.2920E-12  0.3350E-12  0.3690E-12  0.3710E-12  0.3320E-12  0.2730E-12  0.2370E-12
WAVELENGTH(A)= 
     3.195
 7 14 t 
excit   
    58.000     87.000    145.000    290.000    580.000   1450.000   2900.000   4350.000   5800.000   8700.000  14500.000  29000.000  58000.000  87000.000 
  0.1000E+11  0.1610E-40  0.6730E-31  0.2970E-23  0.1440E-17  0.9350E-15  0.4050E-13  0.1280E-12  0.1790E-12  0.2080E-12  0.2370E-12  0.2560E-12  0.2600E-12  0.2450E-12  0.2330E-12
  0.1000E+12  0.1670E-40  0.6730E-31  0.2970E-23  0.1440E-17  0.9350E-15  0.4050E-13  0.1280E-12  0.1790E-12  0.2080E-12  0.2370E-12  0.2560E-12  0.2600E-12  0.2450E-12  0.2330E-12
  0.1000E+13  0.1670E-40  0.6730E-31  0.2970E-23  0.1440E-17  0.9350E-15  0.4050E-13  0.1280E-12  0.1790E-12  0.2080E-12  0.2370E-12  0.2560E-12  0.2600E-12  0.2450E-12  0.2330E-12
  0.1000E+14  0.1670E-40  0.6730E-31  0.2970E-23  0.1440E-17  0.9350E-15  0.4050E-13  0.1280E-12  0.1790E-12  0.2080E-12  0.2370E-12  0.2560E-12  0.2600E-12  0.2450E-12  0.2330E-12
  0.1000E+15  0.1670E-40  0.6730E-31  0.2970E-23  0.1440E-17  0.9350E-15  0.4050E-13  0.1280E-12  0.1790E-12  0.2080E-12  0.2370E-12  0.2560E-12  0.2600E-12  0.2450E-12  0.2330E-12
  0.1000E+16  0.1670E-40  0.6730E-31  0.2970E-23  0.1440E-17  0.9350E-15  0.4050E-13  0.1280E-12  0.1790E-12  0.2080E-12  0.2370E-12  0.2560E-12  0.2600E-12  0.2450E-12  0.2330E-12
  0.1000E+17  0.1670E-40  0.6730E-31  0.2970E-23  0.1440E-17  0.9350E-15  0.4050E-13  0.1280E-12  0.1790E-12  0.2070E-12  0.2370E-12  0.2560E-12  0.2600E-12  0.2450E-12  0.2330E-12
WAVELENGTH(A)= 
     3.358
 7 14 t 
excit   
    58.000     87.000    145.000    290.000    580.000   1450.000   2900.000   4350.000   5800.000   8700.000  14500.000  29000.000  58000.000  87000.000 
  0.1000E+11  0.1000E-40  0.1150E-30  0.1370E-22  0.1350E-16  0.1130E-13  0.5050E-12  0.1490E-11  0.1970E-11  0.2180E-11  0.2290E-11  0.2180E-11  0.1820E-11  0.1420E-11  0.1200E-11
  0.1000E+12  0.8020E-41  0.1150E-30  0.1370E-22  0.1350E-16  0.1130E-13  0.5050E-12  0.1490E-11  0.1970E-11  0.2180E-11  0.2290E-11  0.2180E-11  0.1820E-11  0.1420E-11  0.1200E-11
  0.1000E+13  0.8120E-41  0.1150E-30  0.1370E-22  0.1350E-16  0.1130E-13  0.5050E-12  0.1490E-11  0.1970E-11  0.2180E-11  0.2290E-11  0.2180E-11  0.1820E-11  0.1420E-11  0.1200E-11
  0.1000E+14  0.8100E-41  0.1150E-30  0.1370E-22  0.1350E-16  0.1130E-13  0.5050E-12  0.1490E-11  0.1970E-11  0.2180E-11  0.2290E-11  0.2180E-11  0.1820E-11  0.1420E-11  0.1200E-11
  0.1000E+15  0.8100E-41  0.1150E-30  0.1370E-22  0.1350E-16  0.1130E-13  0.5050E-12  0.1490E-11  0.1970E-11  0.2180E-11  0.2290E-11  0.2180E-11  0.1820E-11  0.1420E-11  0.1200E-11
  0.1000E+16  0.8100E-41  0.1150E-30  0.1370E-22  0.1350E-16  0.1130E-13  0.5050E-12  0.1490E-11  0.1970E-11  0.2180E-11  0.2290E-11  0.2180E-11  0.1820E-11  0.1420E-11  0.1200E-11
  0.1000E+17  0.8100E-41  0.1150E-30  0.1370E-22  0.1350E-16  0.1130E-13  0.5050E-12  0.1490E-11  0.1970E-11  0.2180E-11  0.2290E-11  0.2180E-11  0.1820E-11  0.1420E-11  0.1200E-11
WAVELENGTH(A)= 
     3.484
 7 14 t 
excit   
    58.000     87.000    145.000    290.000    580.000   1450.000   2900.000   4350.000   5800.000   8700.000  14500.000  29000.000  58000.000  87000.000 
  0.1000E+11  0.2440E-40  0.1610E-30  0.1050E-22  0.6550E-17  0.4500E-14  0.1840E-12  0.5390E-12  0.7220E-12  0.8070E-12  0.8670E-12  0.8580E-12  0.7610E-12  0.6300E-12  0.5540E-12
  0.1000E+12  0.2460E-40  0.1610E-30  0.1050E-22  0.6550E-17  0.4500E-14  0.1840E-12  0.5390E-12  0.7220E-12  0.8070E-12  0.8670E-12  0.8580E-12  0.7610E-12  0.6300E-12  0.5540E-12
  0.1000E+13  0.2460E-40  0.1610E-30  0.1050E-22  0.6550E-17  0.4500E-14  0.1840E-12  0.5390E-12  0.7220E-12  0.8070E-12  0.8670E-12  0.8580E-12  0.7610E-12  0.6300E-12  0.5540E-12
  0.1000E+14  0.2460E-40  0.1610E-30  0.1050E-22  0.6550E-17  0.4500E-14  0.1840E-12  0.5390E-12  0.7220E-12  0.8070E-12  0.8670E-12  0.8580E-12  0.7610E-12  0.6300E-12  0.5540E-12
  0.1000E+15  0.2460E-40  0.1610E-30  0.1050E-22  0.6550E-17  0.4500E-14  0.1840E-12  0.5390E-12  0.7220E-12  0.8070E-12  0.8670E-12  0.8580E-12  0.7610E-12  0.6300E-12  0.5540E-12
  0.1000E+16  0.2460E-40  0.1610E-30  0.1050E-22  0.6550E-17  0.4500E-14  0.1840E-12  0.5390E-12  0.7220E-12  0.8070E-12  0.8670E-12  0.8580E-12  0.7610E-12  0.6300E-12  0.5540E-12
  0.1000E+17  0.2460E-40  0.1610E-30  0.1050E-22  0.6550E-17  0.4500E-14  0.1840E-12  0.5390E-12  0.7220E-12  0.8070E-12  0.8670E-12  0.8580E-12  0.7610E-12  0.6300E-12  0.5540E-12
WAVELENGTH(A)= 
     3.484
 7 14 t 
excit   
    58.000     87.000    145.000    290.000    580.000   1450.000   2900.000   4350.000   5800.000   8700.000  14500.000  29000.000  58000.000  87000.000 
  0.1000E+11  0.1000E-73  0.1330E-33  0.6610E-25  0.1940E-18  0.2950E-15  0.2050E-13  0.7600E-13  0.1140E-12  0.1390E-12  0.1690E-12  0.1980E-12  0.2200E-12  0.2260E-12  0.2220E-12
  0.1000E+12  0.1000E-73  0.1330E-33  0.6610E-25  0.1940E-18  0.2950E-15  0.2050E-13  0.7600E-13  0.1140E-12  0.1390E-12  0.1690E-12  0.1980E-12  0.2200E-12  0.2260E-12  0.2220E-12
  0.1000E+13  0.1000E-73  0.1330E-33  0.6610E-25  0.1940E-18  0.2950E-15  0.2050E-13  0.7600E-13  0.1140E-12  0.1390E-12  0.1690E-12  0.1980E-12  0.2200E-12  0.2260E-12  0.2220E-12
  0.1000E+14  0.1330E-44  0.1330E-33  0.6610E-25  0.1940E-18  0.2950E-15  0.2050E-13  0.7600E-13  0.1140E-12  0.1390E-12  0.1690E-12  0.1980E-12  0.2200E-12  0.2260E-12  0.2220E-12
  0.1000E+15  0.1590E-44  0.1330E-33  0.6610E-25  0.1940E-18  0.2950E-15  0.2050E-13  0.7600E-13  0.1140E-12  0.1390E-12  0.1690E-12  0.1980E-12  0.2200E-12  0.2260E-12  0.2220E-12
  0.1000E+16  0.1590E-44  0.1330E-33  0.6610E-25  0.1940E-18  0.2950E-15  0.2050E-13  0.7600E-13  0.1140E-12  0.1390E-12  0.1690E-12  0.1980E-12  0.2200E-12  0.2260E-12  0.2220E-12
  0.1000E+17  0.1590E-44  0.1330E-33  0.6610E-25  0.1940E-18  0.2950E-15  0.2050E-13  0.7600E-13  0.1140E-12  0.1390E-12  0.1690E-12  0.1980E-12  0.2200E-12  0.2260E-12  0.2220E-12
WAVELENGTH(A)= 
     3.865
 7 14 t 
excit   
    58.000     87.000    145.000    290.000    580.000   1450.000   2900.000   4350.000   5800.000   8700.000  14500.000  29000.000  58000.000  87000.000 
  0.1000E+11  0.1460E-34  0.1230E-26  0.2450E-20  0.1130E-15  0.2200E-13  0.4870E-12  0.1310E-11  0.1810E-11  0.2110E-11  0.2480E-11  0.2810E-11  0.3070E-11  0.3080E-11  0.3010E-11
  0.1000E+12  0.1460E-34  0.1230E-26  0.2450E-20  0.1130E-15  0.2200E-13  0.4870E-12  0.1310E-11  0.1810E-11  0.2110E-11  0.2480E-11  0.2810E-11  0.3070E-11  0.3080E-11  0.3010E-11
  0.1000E+13  0.1460E-34  0.1230E-26  0.2450E-20  0.1130E-15  0.2200E-13  0.4870E-12  0.1310E-11  0.1810E-11  0.2110E-11  0.2480E-11  0.2810E-11  0.3070E-11  0.3080E-11  0.3010E-11
  0.1000E+14  0.1460E-34  0.1230E-26  0.2450E-20  0.1130E-15  0.2200E-13  0.4870E-12  0.1310E-11  0.1810E-11  0.2110E-11  0.2480E-11  0.2810E-11  0.3070E-11  0.3080E-11  0.3010E-11
  0.1000E+15  0.1460E-34  0.1230E-26  0.2450E-20  0.1130E-15  0.2200E-13  0.4870E-12  0.1310E-11  0.1810E-11  0.2110E-11  0.2480E-11  0.2810E-11  0.3070E-11  0.3080E-11  0.3010E-11
  0.1000E+16  0.1460E-34  0.1230E-26  0.2450E-20  0.1130E-15  0.2200E-13  0.4870E-12  0.1310E-11  0.1810E-11  0.2110E-11  0.2480E-11  0.2810E-11  0.3070E-11  0.3080E-11  0.3010E-11
  0.1000E+17  0.1460E-34  0.1230E-26  0.2450E-20  0.1130E-15  0.2200E-13  0.4870E-12  0.1310E-11  0.1810E-11  0.2110E-11  0.2480E-11  0.2810E-11  0.3070E-11  0.3080E-11  0.3010E-11
WAVELENGTH(A)= 
     4.227
 7 14 t 
excit   
    58.000     87.000    145.000    290.000    580.000   1450.000   2900.000   4350.000   5800.000   8700.000  14500.000  29000.000  58000.000  87000.000 
  0.1000E+11  0.1520E-31  0.2630E-24  0.1480E-18  0.2640E-14  0.3120E-12  0.4890E-11  0.1160E-10  0.1530E-10  0.1760E-10  0.2030E-10  0.2270E-10  0.2410E-10  0.2380E-10  0.2300E-10
  0.1000E+12  0.1520E-31  0.2630E-24  0.1480E-18  0.2640E-14  0.3120E-12  0.4890E-11  0.1160E-10  0.1530E-10  0.1760E-10  0.2030E-10  0.2270E-10  0.2410E-10  0.2380E-10  0.2300E-10
  0.1000E+13  0.1520E-31  0.2630E-24  0.1480E-18  0.2640E-14  0.3120E-12  0.4890E-11  0.1160E-10  0.1530E-10  0.1760E-10  0.2030E-10  0.2270E-10  0.2410E-10  0.2380E-10  0.2300E-10
  0.1000E+14  0.1520E-31  0.2630E-24  0.1480E-18  0.2640E-14  0.3120E-12  0.4890E-11  0.1160E-10  0.1530E-10  0.1760E-10  0.2030E-10  0.2270E-10  0.2410E-10  0.2380E-10  0.2300E-10
  0.1000E+15  0.1520E-31  0.2630E-24  0.1480E-18  0.2640E-14  0.3120E-12  0.4890E-11  0.1160E-10  0.1530E-10  0.1760E-10  0.2030E-10  0.2270E-10  0.2410E-10  0.2380E-10  0.2300E-10
  0.1000E+16  0.1520E-31  0.2630E-24  0.1480E-18  0.2640E-14  0.3120E-12  0.4890E-11  0.1160E-10  0.1530E-10  0.1760E-10  0.2030E-10  0.2270E-10  0.2410E-10  0.2380E-10  0.2300E-10
  0.1000E+17  0.1520E-31  0.2630E-24  0.1480E-18  0.2640E-14  0.3120E-12  0.4880E-11  0.1160E-10  0.1530E-10  0.1760E-10  0.2030E-10  0.2270E-10  0.2410E-10  0.2380E-10  0.2300E-10
WAVELENGTH(A)= 
     4.241
 7 14 t 
excit   
    58.000     87.000    145.000    290.000    580.000   1450.000   2900.000   4350.000   5800.000   8700.000  14500.000  29000.000  58000.000  87000.000 
  0.1000E+11  0.2990E-35  0.6550E-27  0.2820E-20  0.2280E-15  0.5550E-13  0.1210E-11  0.2920E-11  0.3690E-11  0.4040E-11  0.4250E-11  0.4160E-11  0.3660E-11  0.3000E-11  0.2620E-11
  0.1000E+12  0.2990E-35  0.6550E-27  0.2820E-20  0.2280E-15  0.5550E-13  0.1210E-11  0.2920E-11  0.3690E-11  0.4040E-11  0.4250E-11  0.4160E-11  0.3660E-11  0.3000E-11  0.2620E-11
  0.1000E+13  0.2990E-35  0.6550E-27  0.2820E-20  0.2280E-15  0.5550E-13  0.1210E-11  0.2920E-11  0.3690E-11  0.4040E-11  0.4250E-11  0.4160E-11  0.3660E-11  0.3000E-11  0.2620E-11
  0.1000E+14  0.2990E-35  0.6550E-27  0.2820E-20  0.2280E-15  0.5550E-13  0.1210E-11  0.2920E-11  0.3690E-11  0.4040E-11  0.4250E-11  0.4160E-11  0.3660E-11  0.3000E-11  0.2620E-11
  0.1000E+15  0.2990E-35  0.6550E-27  0.2820E-20  0.2280E-15  0.5550E-13  0.1210E-11  0.2920E-11  0.3690E-11  0.4040E-11  0.4250E-11  0.4160E-11  0.3660E-11  0.3000E-11  0.2620E-11
  0.1000E+16  0.2990E-35  0.6550E-27  0.2820E-20  0.2280E-15  0.5550E-13  0.1210E-11  0.2920E-11  0.3690E-11  0.4040E-11  0.4250E-11  0.4160E-11  0.3660E-11  0.3000E-11  0.2620E-11
  0.1000E+17  0.2990E-35  0.6550E-27  0.2820E-20  0.2280E-15  0.5550E-13  0.1210E-11  0.2920E-11  0.3690E-11  0.4040E-11  0.4250E-11  0.4160E-11  0.3660E-11  0.3000E-11  0.2620E-11
WAVELENGTH(A)= 
     4.483
 7 14 t 
excit   
    58.000     87.000    145.000    290.000    580.000   1450.000   2900.000   4350.000   5800.000   8700.000  14500.000  29000.000  58000.000  87000.000 
  0.1000E+11  0.1990E-32  0.1310E-25  0.3390E-20  0.3370E-16  0.2880E-14  0.3460E-13  0.6960E-13  0.8340E-13  0.8840E-13  0.9030E-13  0.8680E-13  0.7600E-13  0.6330E-13  0.5580E-13
  0.1000E+12  0.1990E-32  0.1310E-25  0.3390E-20  0.3370E-16  0.2880E-14  0.3460E-13  0.6960E-13  0.8340E-13  0.8840E-13  0.9030E-13  0.8680E-13  0.7600E-13  0.6330E-13  0.5580E-13
  0.1000E+13  0.1990E-32  0.1310E-25  0.3390E-20  0.3370E-16  0.2880E-14  0.3460E-13  0.6960E-13  0.8340E-13  0.8840E-13  0.9030E-13  0.8680E-13  0.7600E-13  0.6330E-13  0.5580E-13
  0.1000E+14  0.1990E-32  0.1310E-25  0.3390E-20  0.3370E-16  0.2880E-14  0.3460E-13  0.6960E-13  0.8340E-13  0.8840E-13  0.9030E-13  0.8680E-13  0.7600E-13  0.6330E-13  0.5580E-13
  0.1000E+15  0.1990E-32  0.1310E-25  0.3390E-20  0.3370E-16  0.2880E-14  0.3460E-13  0.6960E-13  0.8340E-13  0.8840E-13  0.9030E-13  0.8680E-13  0.7600E-13  0.6330E-13  0.5580E-13
  0.1000E+16  0.1990E-32  0.1310E-25  0.3390E-20  0.3370E-16  0.2880E-14  0.3460E-13  0.6960E-13  0.8340E-13  0.8840E-13  0.9030E-13  0.8680E-13  0.7600E-13  0.6330E-13  0.5580E-13
  0.1000E+17  0.1990E-32  0.1310E-25  0.3390E-20  0.3370E-16  0.2880E-14  0.3460E-13  0.6960E-13  0.8340E-13  0.8840E-13  0.9030E-13  0.8680E-13  0.7600E-13  0.6330E-13  0.5580E-13
WAVELENGTH(A)= 
     4.708
 7 14 t 
excit   
    58.000     87.000    145.000    290.000    580.000   1450.000   2900.000   4350.000   5800.000   8700.000  14500.000  29000.000  58000.000  87000.000 
  0.1000E+11  0.5910E-32  0.1900E-24  0.1760E-18  0.4500E-14  0.6070E-12  0.9180E-11  0.1910E-10  0.2270E-10  0.2390E-10  0.2400E-10  0.2230E-10  0.1840E-10  0.1430E-10  0.1210E-10
  0.1000E+12  0.5910E-32  0.1900E-24  0.1760E-18  0.4500E-14  0.6070E-12  0.9180E-11  0.1910E-10  0.2270E-10  0.2390E-10  0.2400E-10  0.2230E-10  0.1840E-10  0.1430E-10  0.1210E-10
  0.1000E+13  0.5910E-32  0.1900E-24  0.1760E-18  0.4500E-14  0.6070E-12  0.9180E-11  0.1910E-10  0.2270E-10  0.2390E-10  0.2400E-10  0.2230E-10  0.1840E-10  0.1430E-10  0.1210E-10
  0.1000E+14  0.5910E-32  0.1900E-24  0.1760E-18  0.4500E-14  0.6070E-12  0.9180E-11  0.1910E-10  0.2270E-10  0.2390E-10  0.2400E-10  0.2230E-10  0.1840E-10  0.1430E-10  0.1210E-10
  0.1000E+15  0.5910E-32  0.1900E-24  0.1760E-18  0.4500E-14  0.6070E-12  0.9180E-11  0.1910E-10  0.2270E-10  0.2390E-10  0.2400E-10  0.2230E-10  0.1840E-10  0.1430E-10  0.1210E-10
  0.1000E+16  0.5910E-32  0.1900E-24  0.1760E-18  0.4500E-14  0.6070E-12  0.9180E-11  0.1910E-10  0.2270E-10  0.2390E-10  0.2400E-10  0.2230E-10  0.1840E-10  0.1430E-10  0.1210E-10
  0.1000E+17  0.5910E-32  0.1900E-24  0.1760E-18  0.4500E-14  0.6070E-12  0.9180E-11  0.1910E-10  0.2270E-10  0.2390E-10  0.2400E-10  0.2230E-10  0.1840E-10  0.1430E-10  0.1210E-10
WAVELENGTH(A)= 
     4.782
 7 14 t 
excit   
    58.000     87.000    145.000    290.000    580.000   1450.000   2900.000   4350.000   5800.000   8700.000  14500.000  29000.000  58000.000  87000.000 
  0.1000E+11  0.1010E-29  0.2490E-23  0.3010E-18  0.1730E-14  0.1200E-12  0.1500E-11  0.3410E-11  0.4400E-11  0.4940E-11  0.5500E-11  0.5880E-11  0.5930E-11  0.5610E-11  0.5300E-11
  0.1000E+12  0.1010E-29  0.2490E-23  0.3010E-18  0.1730E-14  0.1200E-12  0.1500E-11  0.3410E-11  0.4400E-11  0.4940E-11  0.5500E-11  0.5880E-11  0.5930E-11  0.5610E-11  0.5300E-11
  0.1000E+13  0.1010E-29  0.2490E-23  0.3010E-18  0.1730E-14  0.1200E-12  0.1500E-11  0.3410E-11  0.4400E-11  0.4940E-11  0.5500E-11  0.5880E-11  0.5930E-11  0.5610E-11  0.5300E-11
  0.1000E+14  0.1010E-29  0.2490E-23  0.3010E-18  0.1730E-14  0.1200E-12  0.1500E-11  0.3410E-11  0.4400E-11  0.4940E-11  0.5500E-11  0.5880E-11  0.5930E-11  0.5610E-11  0.5300E-11
  0.1000E+15  0.1010E-29  0.2490E-23  0.3010E-18  0.1730E-14  0.1200E-12  0.1500E-11  0.3410E-11  0.4400E-11  0.4940E-11  0.5500E-11  0.5880E-11  0.5930E-11  0.5610E-11  0.5300E-11
  0.1000E+16  0.1010E-29  0.2490E-23  0.3010E-18  0.1730E-14  0.1200E-12  0.1500E-11  0.3410E-11  0.4400E-11  0.4940E-11  0.5500E-11  0.5880E-11  0.5930E-11  0.5610E-11  0.5300E-11
  0.1000E+17  0.1010E-29  0.2490E-23  0.3010E-18  0.1730E-14  0.1200E-12  0.1500E-11  0.3410E-11  0.4400E-11  0.4940E-11  0.5500E-11  0.5880E-11  0.5930E-11  0.5610E-11  0.5300E-11
WAVELENGTH(A)= 
     5.210
 7 14 t 
excit   
    58.000     87.000    145.000    290.000    580.000   1450.000   2900.000   4350.000   5800.000   8700.000  14500.000  29000.000  58000.000  87000.000 
  0.1000E+11  0.1000E-73  0.3150E-36  0.2100E-26  0.4220E-19  0.1610E-15  0.1790E-13  0.7200E-13  0.1060E-12  0.1240E-12  0.1390E-12  0.1410E-12  0.1260E-12  0.1030E-12  0.8940E-13
  0.1000E+12  0.1000E-73  0.3150E-36  0.2100E-26  0.4220E-19  0.1610E-15  0.1790E-13  0.7200E-13  0.1060E-12  0.1240E-12  0.1390E-12  0.1410E-12  0.1260E-12  0.1030E-12  0.8940E-13
  0.1000E+13  0.1000E-73  0.3150E-36  0.2100E-26  0.4220E-19  0.1610E-15  0.1790E-13  0.7200E-13  0.1060E-12  0.1240E-12  0.1390E-12  0.1410E-12  0.1260E-12  0.1030E-12  0.8940E-13
  0.1000E+14  0.1000E-73  0.3150E-36  0.2100E-26  0.4220E-19  0.1610E-15  0.1790E-13  0.7200E-13  0.1060E-12  0.1240E-12  0.1390E-12  0.1410E-12  0.1260E-12  0.1030E-12  0.8940E-13
  0.1000E+15  0.1000E-73  0.3150E-36  0.2100E-26  0.4220E-19  0.1610E-15  0.1790E-13  0.7200E-13  0.1060E-12  0.1240E-12  0.1390E-12  0.1410E-12  0.1260E-12  0.1030E-12  0.8940E-13
  0.1000E+16  0.1000E-73  0.3150E-36  0.2100E-26  0.4220E-19  0.1610E-15  0.1790E-13  0.7200E-13  0.1060E-12  0.1240E-12  0.1390E-12  0.1410E-12  0.1260E-12  0.1030E-12  0.8940E-13
  0.1000E+17  0.1000E-73  0.3150E-36  0.2100E-26  0.4220E-19  0.1610E-15  0.1790E-13  0.7200E-13  0.1060E-12  0.1240E-12  0.1390E-12  0.1410E-12  0.1260E-12  0.1030E-12  0.8940E-13
WAVELENGTH(A)= 
     5.259
 7 14 t 
excit   
    58.000     87.000    145.000    290.000    580.000   1450.000   2900.000   4350.000   5800.000   8700.000  14500.000  29000.000  58000.000  87000.000 
  0.1000E+11  0.4070E-30  0.2680E-23  0.6940E-18  0.6910E-14  0.5900E-12  0.7090E-11  0.1430E-10  0.1710E-10  0.1810E-10  0.1850E-10  0.1780E-10  0.1560E-10  0.1300E-10  0.1140E-10
  0.1000E+12  0.4070E-30  0.2680E-23  0.6940E-18  0.6910E-14  0.5900E-12  0.7090E-11  0.1430E-10  0.1710E-10  0.1810E-10  0.1850E-10  0.1780E-10  0.1560E-10  0.1300E-10  0.1140E-10
  0.1000E+13  0.4070E-30  0.2680E-23  0.6940E-18  0.6910E-14  0.5900E-12  0.7090E-11  0.1430E-10  0.1710E-10  0.1810E-10  0.1850E-10  0.1780E-10  0.1560E-10  0.1300E-10  0.1140E-10
  0.1000E+14  0.4070E-30  0.2680E-23  0.6940E-18  0.6910E-14  0.5900E-12  0.7090E-11  0.1430E-10  0.1710E-10  0.1810E-10  0.1850E-10  0.1780E-10  0.1560E-10  0.1300E-10  0.1140E-10
  0.1000E+15  0.4070E-30  0.2680E-23  0.6940E-18  0.6910E-14  0.5900E-12  0.7090E-11  0.1430E-10  0.1710E-10  0.1810E-10  0.1850E-10  0.1780E-10  0.1560E-10  0.1300E-10  0.1140E-10
  0.1000E+16  0.4070E-30  0.2680E-23  0.6940E-18  0.6910E-14  0.5900E-12  0.7090E-11  0.1430E-10  0.1710E-10  0.1810E-10  0.1850E-10  0.1780E-10  0.1560E-10  0.1300E-10  0.1140E-10
  0.1000E+17  0.4070E-30  0.2680E-23  0.6940E-18  0.6910E-14  0.5900E-12  0.7090E-11  0.1430E-10  0.1710E-10  0.1810E-10  0.1850E-10  0.1780E-10  0.1560E-10  0.1300E-10  0.1140E-10
WAVELENGTH(A)= 
     5.260
 7 14 t 
excit   
    58.000     87.000    145.000    290.000    580.000   1450.000   2900.000   4350.000   5800.000   8700.000  14500.000  29000.000  58000.000  87000.000 
  0.1000E+11  0.8750E-35  0.7380E-27  0.1470E-20  0.6780E-16  0.1310E-13  0.2910E-12  0.7850E-12  0.1080E-11  0.1260E-11  0.1480E-11  0.1680E-11  0.1830E-11  0.1840E-11  0.1800E-11
  0.1000E+12  0.8750E-35  0.7380E-27  0.1470E-20  0.6780E-16  0.1310E-13  0.2910E-12  0.7850E-12  0.1080E-11  0.1260E-11  0.1480E-11  0.1680E-11  0.1830E-11  0.1840E-11  0.1800E-11
  0.1000E+13  0.8750E-35  0.7380E-27  0.1470E-20  0.6780E-16  0.1310E-13  0.2910E-12  0.7850E-12  0.1080E-11  0.1260E-11  0.1480E-11  0.1680E-11  0.1830E-11  0.1840E-11  0.1800E-11
  0.1000E+14  0.8750E-35  0.7380E-27  0.1470E-20  0.6780E-16  0.1310E-13  0.2910E-12  0.7850E-12  0.1080E-11  0.1260E-11  0.1480E-11  0.1680E-11  0.1830E-11  0.1840E-11  0.1800E-11
  0.1000E+15  0.8750E-35  0.7380E-27  0.1470E-20  0.6780E-16  0.1310E-13  0.2910E-12  0.7850E-12  0.1080E-11  0.1260E-11  0.1480E-11  0.1680E-11  0.1830E-11  0.1840E-11  0.1800E-11
  0.1000E+16  0.8750E-35  0.7380E-27  0.1470E-20  0.6780E-16  0.1310E-13  0.2910E-12  0.7850E-12  0.1080E-11  0.1260E-11  0.1480E-11  0.1680E-11  0.1830E-11  0.1840E-11  0.1800E-11
  0.1000E+17  0.8750E-35  0.7380E-27  0.1470E-20  0.6780E-16  0.1310E-13  0.2910E-12  0.7850E-12  0.1080E-11  0.1260E-11  0.1480E-11  0.1680E-11  0.1830E-11  0.1840E-11  0.1800E-11
WAVELENGTH(A)= 
     5.544
 7 14 t 
excit   
    58.000     87.000    145.000    290.000    580.000   1450.000   2900.000   4350.000   5800.000   8700.000  14500.000  29000.000  58000.000  87000.000 
  0.1000E+11  0.1000E-73  0.3470E-36  0.2640E-26  0.5920E-19  0.2400E-15  0.2840E-13  0.1220E-12  0.1900E-12  0.2340E-12  0.2840E-12  0.3260E-12  0.3510E-12  0.3460E-12  0.3320E-12
  0.1000E+12  0.1000E-73  0.3470E-36  0.2640E-26  0.5920E-19  0.2400E-15  0.2840E-13  0.1220E-12  0.1900E-12  0.2340E-12  0.2840E-12  0.3260E-12  0.3510E-12  0.3460E-12  0.3320E-12
  0.1000E+13  0.1000E-73  0.3470E-36  0.2640E-26  0.5920E-19  0.2400E-15  0.2840E-13  0.1220E-12  0.1900E-12  0.2340E-12  0.2840E-12  0.3260E-12  0.3510E-12  0.3460E-12  0.3320E-12
  0.1000E+14  0.1000E-73  0.3470E-36  0.2640E-26  0.5920E-19  0.2400E-15  0.2840E-13  0.1220E-12  0.1900E-12  0.2340E-12  0.2840E-12  0.3260E-12  0.3510E-12  0.3460E-12  0.3320E-12
  0.1000E+15  0.1000E-73  0.3470E-36  0.2640E-26  0.5920E-19  0.2400E-15  0.2840E-13  0.1220E-12  0.1900E-12  0.2340E-12  0.2840E-12  0.3260E-12  0.3510E-12  0.3460E-12  0.3320E-12
  0.1000E+16  0.1000E-73  0.3470E-36  0.2640E-26  0.5920E-19  0.2400E-15  0.2840E-13  0.1220E-12  0.1900E-12  0.2340E-12  0.2840E-12  0.3260E-12  0.3510E-12  0.3460E-12  0.3320E-12
  0.1000E+17  0.1000E-73  0.3470E-36  0.2640E-26  0.5920E-19  0.2400E-15  0.2840E-13  0.1220E-12  0.1900E-12  0.2340E-12  0.2840E-12  0.3260E-12  0.3510E-12  0.3460E-12  0.3320E-12
WAVELENGTH(A)= 
     5.545
 7 14 t 
excit   
    58.000     87.000    145.000    290.000    580.000   1450.000   2900.000   4350.000   5800.000   8700.000  14500.000  29000.000  58000.000  87000.000 
  0.1000E+11  0.1000E-73  0.9070E-39  0.5250E-28  0.5340E-20  0.4510E-16  0.8070E-14  0.3810E-13  0.5910E-13  0.7080E-13  0.8110E-13  0.8310E-13  0.7420E-13  0.5960E-13  0.5120E-13
  0.1000E+12  0.1000E-73  0.9080E-39  0.5250E-28  0.5340E-20  0.4510E-16  0.8070E-14  0.3810E-13  0.5910E-13  0.7080E-13  0.8110E-13  0.8310E-13  0.7420E-13  0.5960E-13  0.5120E-13
  0.1000E+13  0.1000E-73  0.9080E-39  0.5250E-28  0.5340E-20  0.4510E-16  0.8070E-14  0.3810E-13  0.5910E-13  0.7080E-13  0.8110E-13  0.8310E-13  0.7420E-13  0.5960E-13  0.5120E-13
  0.1000E+14  0.1000E-73  0.9080E-39  0.5250E-28  0.5340E-20  0.4510E-16  0.8070E-14  0.3810E-13  0.5910E-13  0.7080E-13  0.8110E-13  0.8310E-13  0.7420E-13  0.5960E-13  0.5120E-13
  0.1000E+15  0.1000E-73  0.9080E-39  0.5250E-28  0.5340E-20  0.4510E-16  0.8070E-14  0.3810E-13  0.5910E-13  0.7080E-13  0.8110E-13  0.8310E-13  0.7420E-13  0.5960E-13  0.5120E-13
  0.1000E+16  0.1000E-73  0.9080E-39  0.5250E-28  0.5340E-20  0.4510E-16  0.8070E-14  0.3810E-13  0.5910E-13  0.7080E-13  0.8110E-13  0.8310E-13  0.7420E-13  0.5960E-13  0.5120E-13
  0.1000E+17  0.1000E-73  0.9080E-39  0.5250E-28  0.5340E-20  0.4510E-16  0.8070E-14  0.3810E-13  0.5910E-13  0.7080E-13  0.8110E-13  0.8310E-13  0.7420E-13  0.5960E-13  0.5120E-13
WAVELENGTH(A)= 
     5.942
 7 14 t 
excit   
    58.000     87.000    145.000    290.000    580.000   1450.000   2900.000   4350.000   5800.000   8700.000  14500.000  29000.000  58000.000  87000.000 
  0.1000E+11  0.1000E-73  0.1720E-36  0.1410E-26  0.3320E-19  0.1350E-15  0.1540E-13  0.6190E-13  0.9020E-13  0.1040E-12  0.1140E-12  0.1120E-12  0.9440E-13  0.7310E-13  0.6140E-13
  0.1000E+12  0.1000E-73  0.1720E-36  0.1410E-26  0.3320E-19  0.1350E-15  0.1540E-13  0.6190E-13  0.9020E-13  0.1040E-12  0.1140E-12  0.1120E-12  0.9440E-13  0.7310E-13  0.6140E-13
  0.1000E+13  0.1000E-73  0.1720E-36  0.1410E-26  0.3320E-19  0.1350E-15  0.1540E-13  0.6190E-13  0.9020E-13  0.1040E-12  0.1140E-12  0.1120E-12  0.9440E-13  0.7310E-13  0.6140E-13
  0.1000E+14  0.1000E-73  0.1720E-36  0.1410E-26  0.3320E-19  0.1350E-15  0.1540E-13  0.6190E-13  0.9020E-13  0.1040E-12  0.1140E-12  0.1120E-12  0.9440E-13  0.7310E-13  0.6140E-13
  0.1000E+15  0.1000E-73  0.1720E-36  0.1410E-26  0.3320E-19  0.1350E-15  0.1540E-13  0.6190E-13  0.9020E-13  0.1040E-12  0.1140E-12  0.1120E-12  0.9440E-13  0.7310E-13  0.6140E-13
  0.1000E+16  0.1000E-73  0.1720E-36  0.1410E-26  0.3320E-19  0.1350E-15  0.1540E-13  0.6190E-13  0.9020E-13  0.1040E-12  0.1140E-12  0.1120E-12  0.9440E-13  0.7310E-13  0.6140E-13
  0.1000E+17  0.1000E-73  0.1720E-36  0.1410E-26  0.3320E-19  0.1350E-15  0.1540E-13  0.6190E-13  0.9020E-13  0.1040E-12  0.1140E-12  0.1120E-12  0.9440E-13  0.7310E-13  0.6140E-13
WAVELENGTH(A)= 
     6.181
 7 14 t 
excit   
    58.000     87.000    145.000    290.000    580.000   1450.000   2900.000   4350.000   5800.000   8700.000  14500.000  29000.000  58000.000  87000.000 
  0.1000E+11  0.1000E-73  0.5270E-34  0.6300E-25  0.3500E-18  0.7080E-15  0.5370E-13  0.1910E-12  0.2710E-12  0.3100E-12  0.3420E-12  0.3400E-12  0.3000E-12  0.2440E-12  0.2110E-12
  0.1000E+12  0.1000E-73  0.5270E-34  0.6300E-25  0.3500E-18  0.7080E-15  0.5370E-13  0.1910E-12  0.2710E-12  0.3100E-12  0.3420E-12  0.3400E-12  0.3000E-12  0.2440E-12  0.2110E-12
  0.1000E+13  0.1000E-73  0.5270E-34  0.6300E-25  0.3500E-18  0.7080E-15  0.5370E-13  0.1910E-12  0.2710E-12  0.3100E-12  0.3420E-12  0.3400E-12  0.3000E-12  0.2440E-12  0.2110E-12
  0.1000E+14  0.1000E-73  0.5270E-34  0.6300E-25  0.3500E-18  0.7080E-15  0.5370E-13  0.1910E-12  0.2710E-12  0.3100E-12  0.3420E-12  0.3400E-12  0.3000E-12  0.2440E-12  0.2110E-12
  0.1000E+15  0.1950E-45  0.5270E-34  0.6300E-25  0.3500E-18  0.7080E-15  0.5370E-13  0.1910E-12  0.2710E-12  0.3100E-12  0.3420E-12  0.3400E-12  0.3000E-12  0.2440E-12  0.2110E-12
  0.1000E+16  0.2150E-45  0.5270E-34  0.6300E-25  0.3500E-18  0.7080E-15  0.5370E-13  0.1910E-12  0.2710E-12  0.3100E-12  0.3420E-12  0.3400E-12  0.3000E-12  0.2440E-12  0.2110E-12
  0.1000E+17  0.2120E-45  0.5270E-34  0.6300E-25  0.3500E-18  0.7080E-15  0.5370E-13  0.1910E-12  0.2710E-12  0.3100E-12  0.3420E-12  0.3400E-12  0.3000E-12  0.2440E-12  0.2110E-12
WAVELENGTH(A)= 
     6.596
 7 14 t 
excit   
    58.000     87.000    145.000    290.000    580.000   1450.000   2900.000   4350.000   5800.000   8700.000  14500.000  29000.000  58000.000  87000.000 
  0.1000E+11  0.1000E-73  0.1200E-36  0.1350E-26  0.4040E-19  0.1860E-15  0.2320E-13  0.9730E-13  0.1460E-12  0.1720E-12  0.1940E-12  0.1980E-12  0.1770E-12  0.1440E-12  0.1250E-12
  0.1000E+12  0.1000E-73  0.1200E-36  0.1350E-26  0.4040E-19  0.1860E-15  0.2320E-13  0.9730E-13  0.1460E-12  0.1720E-12  0.1940E-12  0.1980E-12  0.1770E-12  0.1440E-12  0.1250E-12
  0.1000E+13  0.1000E-73  0.1200E-36  0.1350E-26  0.4040E-19  0.1860E-15  0.2320E-13  0.9730E-13  0.1460E-12  0.1720E-12  0.1940E-12  0.1980E-12  0.1770E-12  0.1440E-12  0.1250E-12
  0.1000E+14  0.1000E-73  0.1200E-36  0.1350E-26  0.4040E-19  0.1860E-15  0.2320E-13  0.9730E-13  0.1460E-12  0.1720E-12  0.1940E-12  0.1980E-12  0.1770E-12  0.1440E-12  0.1250E-12
  0.1000E+15  0.1000E-73  0.1200E-36  0.1350E-26  0.4040E-19  0.1860E-15  0.2320E-13  0.9730E-13  0.1460E-12  0.1720E-12  0.1940E-12  0.1980E-12  0.1770E-12  0.1440E-12  0.1250E-12
  0.1000E+16  0.1000E-73  0.1200E-36  0.1350E-26  0.4040E-19  0.1860E-15  0.2320E-13  0.9730E-13  0.1460E-12  0.1720E-12  0.1940E-12  0.1980E-12  0.1770E-12  0.1440E-12  0.1250E-12
  0.1000E+17  0.1000E-73  0.1200E-36  0.1350E-26  0.4040E-19  0.1860E-15  0.2320E-13  0.9730E-13  0.1460E-12  0.1720E-12  0.1940E-12  0.1980E-12  0.1770E-12  0.1440E-12  0.1250E-12
WAVELENGTH(A)= 
     6.597
 7 14 t 
excit   
    58.000     87.000    145.000    290.000    580.000   1450.000   2900.000   4350.000   5800.000   8700.000  14500.000  29000.000  58000.000  87000.000 
  0.1000E+11  0.1000E-73  0.4280E-34  0.6340E-25  0.4230E-18  0.9460E-15  0.7840E-13  0.3010E-12  0.4530E-12  0.5490E-12  0.6580E-12  0.7480E-12  0.7980E-12  0.7840E-12  0.7530E-12
  0.1000E+12  0.1000E-73  0.4280E-34  0.6340E-25  0.4230E-18  0.9460E-15  0.7840E-13  0.3010E-12  0.4530E-12  0.5490E-12  0.6580E-12  0.7480E-12  0.7980E-12  0.7840E-12  0.7530E-12
  0.1000E+13  0.1000E-73  0.4280E-34  0.6340E-25  0.4230E-18  0.9460E-15  0.7840E-13  0.3010E-12  0.4530E-12  0.5490E-12  0.6580E-12  0.7480E-12  0.7980E-12  0.7840E-12  0.7530E-12
  0.1000E+14  0.1000E-73  0.4280E-34  0.6340E-25  0.4230E-18  0.9460E-15  0.7840E-13  0.3010E-12  0.4530E-12  0.5490E-12  0.6580E-12  0.7480E-12  0.7980E-12  0.7840E-12  0.7530E-12
  0.1000E+15  0.1400E-45  0.4280E-34  0.6340E-25  0.4230E-18  0.9460E-15  0.7840E-13  0.3010E-12  0.4530E-12  0.5490E-12  0.6580E-12  0.7480E-12  0.7980E-12  0.7840E-12  0.7530E-12
  0.1000E+16  0.1260E-45  0.4280E-34  0.6340E-25  0.4230E-18  0.9460E-15  0.7840E-13  0.3010E-12  0.4530E-12  0.5490E-12  0.6580E-12  0.7480E-12  0.7980E-12  0.7840E-12  0.7530E-12
  0.1000E+17  0.1310E-45  0.4280E-34  0.6340E-25  0.4230E-18  0.9460E-15  0.7840E-13  0.3010E-12  0.4530E-12  0.5490E-12  0.6580E-12  0.7480E-12  0.7980E-12  0.7840E-12  0.7530E-12
WAVELENGTH(A)= 
     6.943
 7 14 t 
excit   
    58.000     87.000    145.000    290.000    580.000   1450.000   2900.000   4350.000   5800.000   8700.000  14500.000  29000.000  58000.000  87000.000 
  0.1000E+11  0.1000E-73  0.1560E-34  0.1520E-25  0.7430E-19  0.1460E-15  0.1130E-13  0.4170E-13  0.6130E-13  0.7340E-13  0.8570E-13  0.9480E-13  0.9840E-13  0.9470E-13  0.9040E-13
  0.1000E+12  0.1000E-73  0.1560E-34  0.1520E-25  0.7430E-19  0.1460E-15  0.1130E-13  0.4170E-13  0.6130E-13  0.7340E-13  0.8570E-13  0.9480E-13  0.9840E-13  0.9470E-13  0.9040E-13
  0.1000E+13  0.1000E-73  0.1560E-34  0.1520E-25  0.7430E-19  0.1460E-15  0.1130E-13  0.4170E-13  0.6130E-13  0.7340E-13  0.8570E-13  0.9480E-13  0.9840E-13  0.9470E-13  0.9040E-13
  0.1000E+14  0.1000E-73  0.1560E-34  0.1520E-25  0.7430E-19  0.1460E-15  0.1130E-13  0.4170E-13  0.6130E-13  0.7340E-13  0.8570E-13  0.9480E-13  0.9840E-13  0.9470E-13  0.9040E-13
  0.1000E+15  0.1240E-45  0.1560E-34  0.1520E-25  0.7430E-19  0.1460E-15  0.1130E-13  0.4170E-13  0.6130E-13  0.7340E-13  0.8570E-13  0.9480E-13  0.9840E-13  0.9470E-13  0.9040E-13
  0.1000E+16  0.8650E-46  0.1560E-34  0.1520E-25  0.7430E-19  0.1460E-15  0.1130E-13  0.4170E-13  0.6130E-13  0.7340E-13  0.8570E-13  0.9480E-13  0.9840E-13  0.9470E-13  0.9040E-13
  0.1000E+17  0.8280E-46  0.1560E-34  0.1520E-25  0.7430E-19  0.1460E-15  0.1130E-13  0.4170E-13  0.6130E-13  0.7340E-13  0.8570E-13  0.9480E-13  0.9840E-13  0.9470E-13  0.9040E-13
WAVELENGTH(A)= 
     7.120
 7 14 t 
excit   
    58.000     87.000    145.000    290.000    580.000   1450.000   2900.000   4350.000   5800.000   8700.000  14500.000  29000.000  58000.000  87000.000 
  0.1000E+11  0.1000E-73  0.2090E-34  0.3530E-25  0.2530E-18  0.5700E-15  0.4570E-13  0.1640E-12  0.2300E-12  0.2630E-12  0.2820E-12  0.2740E-12  0.2310E-12  0.1800E-12  0.1520E-12
  0.1000E+12  0.1000E-73  0.2090E-34  0.3530E-25  0.2530E-18  0.5700E-15  0.4570E-13  0.1640E-12  0.2300E-12  0.2630E-12  0.2820E-12  0.2740E-12  0.2310E-12  0.1800E-12  0.1520E-12
  0.1000E+13  0.1000E-73  0.2090E-34  0.3530E-25  0.2530E-18  0.5700E-15  0.4570E-13  0.1640E-12  0.2300E-12  0.2630E-12  0.2820E-12  0.2740E-12  0.2310E-12  0.1800E-12  0.1520E-12
  0.1000E+14  0.1000E-73  0.2090E-34  0.3530E-25  0.2530E-18  0.5700E-15  0.4570E-13  0.1640E-12  0.2300E-12  0.2630E-12  0.2820E-12  0.2740E-12  0.2310E-12  0.1800E-12  0.1520E-12
  0.1000E+15  0.1000E-73  0.2090E-34  0.3530E-25  0.2530E-18  0.5700E-15  0.4570E-13  0.1640E-12  0.2300E-12  0.2630E-12  0.2820E-12  0.2740E-12  0.2310E-12  0.1800E-12  0.1520E-12
  0.1000E+16  0.4680E-46  0.2090E-34  0.3530E-25  0.2530E-18  0.5700E-15  0.4570E-13  0.1640E-12  0.2300E-12  0.2630E-12  0.2820E-12  0.2740E-12  0.2310E-12  0.1800E-12  0.1520E-12
  0.1000E+17  0.5380E-46  0.2090E-34  0.3530E-25  0.2530E-18  0.5700E-15  0.4570E-13  0.1640E-12  0.2300E-12  0.2630E-12  0.2820E-12  0.2740E-12  0.2310E-12  0.1800E-12  0.1520E-12
WAVELENGTH(A)= 
     7.444
 7 14 t 
excit   
    58.000     87.000    145.000    290.000    580.000   1450.000   2900.000   4350.000   5800.000   8700.000  14500.000  29000.000  58000.000  87000.000 
  0.1000E+11  0.1000E-73  0.2780E-34  0.3320E-25  0.1850E-18  0.3730E-15  0.2830E-13  0.1010E-12  0.1430E-12  0.1640E-12  0.1800E-12  0.1790E-12  0.1580E-12  0.1280E-12  0.1110E-12
  0.1000E+12  0.1000E-73  0.2780E-34  0.3320E-25  0.1850E-18  0.3730E-15  0.2830E-13  0.1010E-12  0.1430E-12  0.1640E-12  0.1800E-12  0.1790E-12  0.1580E-12  0.1280E-12  0.1110E-12
  0.1000E+13  0.1000E-73  0.2780E-34  0.3320E-25  0.1850E-18  0.3730E-15  0.2830E-13  0.1010E-12  0.1430E-12  0.1640E-12  0.1800E-12  0.1790E-12  0.1580E-12  0.1280E-12  0.1110E-12
  0.1000E+14  0.1000E-73  0.2780E-34  0.3320E-25  0.1850E-18  0.3730E-15  0.2830E-13  0.1010E-12  0.1430E-12  0.1640E-12  0.1800E-12  0.1790E-12  0.1580E-12  0.1280E-12  0.1110E-12
  0.1000E+15  0.1030E-45  0.2780E-34  0.3320E-25  0.1850E-18  0.3730E-15  0.2830E-13  0.1010E-12  0.1430E-12  0.1640E-12  0.1800E-12  0.1790E-12  0.1580E-12  0.1280E-12  0.1110E-12
  0.1000E+16  0.1130E-45  0.2780E-34  0.3320E-25  0.1850E-18  0.3730E-15  0.2830E-13  0.1010E-12  0.1430E-12  0.1640E-12  0.1800E-12  0.1790E-12  0.1580E-12  0.1280E-12  0.1110E-12
  0.1000E+17  0.1120E-45  0.2780E-34  0.3320E-25  0.1850E-18  0.3730E-15  0.2830E-13  0.1010E-12  0.1430E-12  0.1640E-12  0.1800E-12  0.1790E-12  0.1580E-12  0.1280E-12  0.1110E-12
WAVELENGTH(A)= 
     9.026
 7 14 t 
excit   
    58.000     87.000    145.000    290.000    580.000   1450.000   2900.000   4350.000   5800.000   8700.000  14500.000  29000.000  58000.000  87000.000 
  0.1000E+11  0.3630E-40  0.2400E-30  0.1560E-22  0.9770E-17  0.6710E-14  0.2740E-12  0.8040E-12  0.1080E-11  0.1200E-11  0.1290E-11  0.1280E-11  0.1140E-11  0.9400E-12  0.8260E-12
  0.1000E+12  0.3660E-40  0.2400E-30  0.1560E-22  0.9770E-17  0.6710E-14  0.2740E-12  0.8040E-12  0.1080E-11  0.1200E-11  0.1290E-11  0.1280E-11  0.1140E-11  0.9400E-12  0.8260E-12
  0.1000E+13  0.3660E-40  0.2400E-30  0.1560E-22  0.9770E-17  0.6710E-14  0.2740E-12  0.8040E-12  0.1080E-11  0.1200E-11  0.1290E-11  0.1280E-11  0.1140E-11  0.9400E-12  0.8260E-12
  0.1000E+14  0.3660E-40  0.2400E-30  0.1560E-22  0.9770E-17  0.6710E-14  0.2740E-12  0.8040E-12  0.1080E-11  0.1200E-11  0.1290E-11  0.1280E-11  0.1140E-11  0.9400E-12  0.8260E-12
  0.1000E+15  0.3660E-40  0.2400E-30  0.1560E-22  0.9770E-17  0.6710E-14  0.2740E-12  0.8040E-12  0.1080E-11  0.1200E-11  0.1290E-11  0.1280E-11  0.1140E-11  0.9400E-12  0.8260E-12
  0.1000E+16  0.3660E-40  0.2400E-30  0.1560E-22  0.9770E-17  0.6710E-14  0.2740E-12  0.8040E-12  0.1080E-11  0.1200E-11  0.1290E-11  0.1280E-11  0.1140E-11  0.9400E-12  0.8260E-12
  0.1000E+17  0.3660E-40  0.2400E-30  0.1560E-22  0.9770E-17  0.6710E-14  0.2740E-12  0.8040E-12  0.1080E-11  0.1200E-11  0.1290E-11  0.1280E-11  0.1140E-11  0.9400E-12  0.8260E-12
WAVELENGTH(A)= 
     9.662
 7 14 t 
excit   
    58.000     87.000    145.000    290.000    580.000   1450.000   2900.000   4350.000   5800.000   8700.000  14500.000  29000.000  58000.000  87000.000 
  0.1000E+11  0.1000E-73  0.3600E-33  0.2610E-24  0.9910E-18  0.1640E-14  0.1120E-12  0.3860E-12  0.5460E-12  0.6260E-12  0.6900E-12  0.6930E-12  0.6220E-12  0.5100E-12  0.4440E-12
  0.1000E+12  0.1000E-73  0.3600E-33  0.2610E-24  0.9910E-18  0.1640E-14  0.1120E-12  0.3860E-12  0.5460E-12  0.6260E-12  0.6900E-12  0.6930E-12  0.6220E-12  0.5100E-12  0.4440E-12
  0.1000E+13  0.1000E-73  0.3600E-33  0.2610E-24  0.9910E-18  0.1640E-14  0.1120E-12  0.3860E-12  0.5460E-12  0.6260E-12  0.6900E-12  0.6930E-12  0.6220E-12  0.5100E-12  0.4440E-12
  0.1000E+14  0.2130E-44  0.3600E-33  0.2610E-24  0.9910E-18  0.1640E-14  0.1120E-12  0.3860E-12  0.5460E-12  0.6260E-12  0.6900E-12  0.6930E-12  0.6220E-12  0.5100E-12  0.4440E-12
  0.1000E+15  0.2770E-44  0.3600E-33  0.2610E-24  0.9910E-18  0.1640E-14  0.1120E-12  0.3860E-12  0.5460E-12  0.6260E-12  0.6900E-12  0.6930E-12  0.6220E-12  0.5100E-12  0.4440E-12
  0.1000E+16  0.2710E-44  0.3600E-33  0.2610E-24  0.9910E-18  0.1640E-14  0.1120E-12  0.3860E-12  0.5460E-12  0.6260E-12  0.6900E-12  0.6930E-12  0.6220E-12  0.5100E-12  0.4440E-12
  0.1000E+17  0.2700E-44  0.3600E-33  0.2610E-24  0.9910E-18  0.1640E-14  0.1120E-12  0.3860E-12  0.5460E-12  0.6260E-12  0.6900E-12  0.6930E-12  0.6220E-12  0.5100E-12  0.4440E-12
WAVELENGTH(A)= 
     9.664
 7 14 t 
excit   
    58.000     87.000    145.000    290.000    580.000   1450.000   2900.000   4350.000   5800.000   8700.000  14500.000  29000.000  58000.000  87000.000 
  0.1000E+11  0.1060E-40  0.1040E-30  0.9830E-23  0.8280E-17  0.6670E-14  0.3100E-12  0.9950E-12  0.1420E-11  0.1690E-11  0.1980E-11  0.2230E-11  0.2370E-11  0.2330E-11  0.2250E-11
  0.1000E+12  0.9800E-41  0.1040E-30  0.9830E-23  0.8280E-17  0.6670E-14  0.3100E-12  0.9950E-12  0.1420E-11  0.1690E-11  0.1980E-11  0.2230E-11  0.2370E-11  0.2330E-11  0.2250E-11
  0.1000E+13  0.9840E-41  0.1040E-30  0.9830E-23  0.8280E-17  0.6670E-14  0.3100E-12  0.9950E-12  0.1420E-11  0.1690E-11  0.1980E-11  0.2230E-11  0.2370E-11  0.2330E-11  0.2250E-11
  0.1000E+14  0.9830E-41  0.1040E-30  0.9830E-23  0.8280E-17  0.6670E-14  0.3100E-12  0.9950E-12  0.1420E-11  0.1690E-11  0.1980E-11  0.2230E-11  0.2370E-11  0.2330E-11  0.2250E-11
  0.1000E+15  0.9830E-41  0.1040E-30  0.9830E-23  0.8280E-17  0.6670E-14  0.3100E-12  0.9950E-12  0.1420E-11  0.1690E-11  0.1980E-11  0.2230E-11  0.2370E-11  0.2330E-11  0.2250E-11
  0.1000E+16  0.9830E-41  0.1040E-30  0.9830E-23  0.8280E-17  0.6670E-14  0.3100E-12  0.9950E-12  0.1420E-11  0.1690E-11  0.1980E-11  0.2230E-11  0.2370E-11  0.2330E-11  0.2250E-11
  0.1000E+17  0.9830E-41  0.1040E-30  0.9830E-23  0.8280E-17  0.6670E-14  0.3100E-12  0.9950E-12  0.1420E-11  0.1690E-11  0.1980E-11  0.2230E-11  0.2370E-11  0.2330E-11  0.2250E-11
WAVELENGTH(A)= 
    10.628
 7 14 t 
excit   
    58.000     87.000    145.000    290.000    580.000   1450.000   2900.000   4350.000   5800.000   8700.000  14500.000  29000.000  58000.000  87000.000 
  0.1000E+11  0.4270E-41  0.4890E-31  0.5860E-23  0.5770E-17  0.4840E-14  0.2150E-12  0.6360E-12  0.8420E-12  0.9300E-12  0.9750E-12  0.9290E-12  0.7770E-12  0.6050E-12  0.5130E-12
  0.1000E+12  0.3420E-41  0.4890E-31  0.5860E-23  0.5770E-17  0.4840E-14  0.2150E-12  0.6360E-12  0.8420E-12  0.9300E-12  0.9750E-12  0.9290E-12  0.7770E-12  0.6050E-12  0.5130E-12
  0.1000E+13  0.3460E-41  0.4890E-31  0.5860E-23  0.5770E-17  0.4840E-14  0.2150E-12  0.6360E-12  0.8420E-12  0.9300E-12  0.9750E-12  0.9290E-12  0.7770E-12  0.6050E-12  0.5130E-12
  0.1000E+14  0.3450E-41  0.4890E-31  0.5860E-23  0.5770E-17  0.4840E-14  0.2150E-12  0.6360E-12  0.8420E-12  0.9300E-12  0.9750E-12  0.9290E-12  0.7770E-12  0.6050E-12  0.5130E-12
  0.1000E+15  0.3450E-41  0.4890E-31  0.5860E-23  0.5770E-17  0.4840E-14  0.2150E-12  0.6360E-12  0.8420E-12  0.9300E-12  0.9750E-12  0.9290E-12  0.7770E-12  0.6050E-12  0.5130E-12
  0.1000E+16  0.3450E-41  0.4890E-31  0.5860E-23  0.5770E-17  0.4840E-14  0.2150E-12  0.6360E-12  0.8420E-12  0.9300E-12  0.9750E-12  0.9290E-12  0.7770E-12  0.6050E-12  0.5130E-12
  0.1000E+17  0.3450E-41  0.4890E-31  0.5860E-23  0.5770E-17  0.4840E-14  0.2150E-12  0.6360E-12  0.8420E-12  0.9300E-12  0.9750E-12  0.9290E-12  0.7770E-12  0.6050E-12  0.5130E-12
WAVELENGTH(A)= 
    11.117
 7 14 t 
excit   
    58.000     87.000    145.000    290.000    580.000   1450.000   2900.000   4350.000   5800.000   8700.000  14500.000  29000.000  58000.000  87000.000 
  0.1000E+11  0.3150E-40  0.1320E-30  0.5830E-23  0.2830E-17  0.1830E-14  0.7950E-13  0.2500E-12  0.3500E-12  0.4070E-12  0.4650E-12  0.5020E-12  0.5100E-12  0.4810E-12  0.4570E-12
  0.1000E+12  0.3270E-40  0.1320E-30  0.5830E-23  0.2830E-17  0.1830E-14  0.7950E-13  0.2500E-12  0.3500E-12  0.4070E-12  0.4650E-12  0.5020E-12  0.5100E-12  0.4810E-12  0.4570E-12
  0.1000E+13  0.3270E-40  0.1320E-30  0.5830E-23  0.2830E-17  0.1830E-14  0.7950E-13  0.2500E-12  0.3500E-12  0.4070E-12  0.4650E-12  0.5020E-12  0.5100E-12  0.4810E-12  0.4570E-12
  0.1000E+14  0.3270E-40  0.1320E-30  0.5830E-23  0.2830E-17  0.1830E-14  0.7950E-13  0.2500E-12  0.3500E-12  0.4070E-12  0.4650E-12  0.5020E-12  0.5100E-12  0.4810E-12  0.4570E-12
  0.1000E+15  0.3270E-40  0.1320E-30  0.5830E-23  0.2830E-17  0.1830E-14  0.7950E-13  0.2500E-12  0.3500E-12  0.4070E-12  0.4650E-12  0.5020E-12  0.5100E-12  0.4810E-12  0.4570E-12
  0.1000E+16  0.3270E-40  0.1320E-30  0.5830E-23  0.2830E-17  0.1830E-14  0.7950E-13  0.2500E-12  0.3500E-12  0.4070E-12  0.4650E-12  0.5020E-12  0.5100E-12  0.4810E-12  0.4570E-12
  0.1000E+17  0.3270E-40  0.1320E-30  0.5830E-23  0.2830E-17  0.1830E-14  0.7950E-13  0.2500E-12  0.3500E-12  0.4070E-12  0.4650E-12  0.5020E-12  0.5100E-12  0.4810E-12  0.4570E-12
WAVELENGTH(A)= 
    11.973
 7 14 t 
excit   
    58.000     87.000    145.000    290.000    580.000   1450.000   2900.000   4350.000   5800.000   8700.000  14500.000  29000.000  58000.000  87000.000 
  0.1000E+11  0.1000E-73  0.1600E-36  0.1220E-26  0.2740E-19  0.1110E-15  0.1320E-13  0.5650E-13  0.8800E-13  0.1080E-12  0.1320E-12  0.1510E-12  0.1620E-12  0.1600E-12  0.1540E-12
  0.1000E+12  0.1000E-73  0.1600E-36  0.1220E-26  0.2740E-19  0.1110E-15  0.1320E-13  0.5650E-13  0.8800E-13  0.1080E-12  0.1320E-12  0.1510E-12  0.1620E-12  0.1600E-12  0.1540E-12
  0.1000E+13  0.1000E-73  0.1600E-36  0.1220E-26  0.2740E-19  0.1110E-15  0.1320E-13  0.5650E-13  0.8800E-13  0.1080E-12  0.1320E-12  0.1510E-12  0.1620E-12  0.1600E-12  0.1540E-12
  0.1000E+14  0.1000E-73  0.1600E-36  0.1220E-26  0.2740E-19  0.1110E-15  0.1320E-13  0.5650E-13  0.8800E-13  0.1080E-12  0.1320E-12  0.1510E-12  0.1620E-12  0.1600E-12  0.1540E-12
  0.1000E+15  0.1000E-73  0.1600E-36  0.1220E-26  0.2740E-19  0.1110E-15  0.1320E-13  0.5650E-13  0.8800E-13  0.1080E-12  0.1320E-12  0.1510E-12  0.1620E-12  0.1600E-12  0.1540E-12
  0.1000E+16  0.1000E-73  0.1600E-36  0.1220E-26  0.2740E-19  0.1110E-15  0.1320E-13  0.5650E-13  0.8800E-13  0.1080E-12  0.1320E-12  0.1510E-12  0.1620E-12  0.1600E-12  0.1540E-12
  0.1000E+17  0.1000E-73  0.1600E-36  0.1220E-26  0.2740E-19  0.1110E-15  0.1320E-13  0.5650E-13  0.8800E-13  0.1080E-12  0.1320E-12  0.1510E-12  0.1620E-12  0.1600E-12  0.1540E-12
WAVELENGTH(A)= 
    12.000
 7 14 t 
excit   
    58.000     87.000    145.000    290.000    580.000   1450.000   2900.000   4350.000   5800.000   8700.000  14500.000  29000.000  58000.000  87000.000 
  0.1000E+11  0.2700E-40  0.1780E-30  0.1160E-22  0.7250E-17  0.4970E-14  0.2030E-12  0.5970E-12  0.7990E-12  0.8930E-12  0.9600E-12  0.9490E-12  0.8420E-12  0.6970E-12  0.6130E-12
  0.1000E+12  0.2720E-40  0.1780E-30  0.1160E-22  0.7250E-17  0.4970E-14  0.2030E-12  0.5970E-12  0.7990E-12  0.8930E-12  0.9600E-12  0.9490E-12  0.8420E-12  0.6970E-12  0.6130E-12
  0.1000E+13  0.2720E-40  0.1780E-30  0.1160E-22  0.7250E-17  0.4970E-14  0.2030E-12  0.5970E-12  0.7990E-12  0.8930E-12  0.9600E-12  0.9490E-12  0.8420E-12  0.6970E-12  0.6130E-12
  0.1000E+14  0.2720E-40  0.1780E-30  0.1160E-22  0.7250E-17  0.4970E-14  0.2030E-12  0.5970E-12  0.7990E-12  0.8930E-12  0.9600E-12  0.9490E-12  0.8420E-12  0.6970E-12  0.6130E-12
  0.1000E+15  0.2720E-40  0.1780E-30  0.1160E-22  0.7250E-17  0.4970E-14  0.2030E-12  0.5970E-12  0.7990E-12  0.8930E-12  0.9600E-12  0.9490E-12  0.8420E-12  0.6970E-12  0.6130E-12
  0.1000E+16  0.2720E-40  0.1780E-30  0.1160E-22  0.7250E-17  0.4970E-14  0.2030E-12  0.5970E-12  0.7990E-12  0.8930E-12  0.9600E-12  0.9490E-12  0.8420E-12  0.6970E-12  0.6130E-12
  0.1000E+17  0.2720E-40  0.1780E-30  0.1160E-22  0.7250E-17  0.4970E-14  0.2030E-12  0.5970E-12  0.7990E-12  0.8930E-12  0.9600E-12  0.9490E-12  0.8420E-12  0.6970E-12  0.6130E-12
WAVELENGTH(A)= 
    12.004
 7 14 t 
excit   
    58.000     87.000    145.000    290.000    580.000   1450.000   2900.000   4350.000   5800.000   8700.000  14500.000  29000.000  58000.000  87000.000 
  0.1000E+11  0.1000E-73  0.1460E-33  0.7270E-25  0.2130E-18  0.3240E-15  0.2250E-13  0.8350E-13  0.1250E-12  0.1530E-12  0.1860E-12  0.2170E-12  0.2420E-12  0.2490E-12  0.2440E-12
  0.1000E+12  0.1000E-73  0.1460E-33  0.7270E-25  0.2130E-18  0.3240E-15  0.2250E-13  0.8350E-13  0.1250E-12  0.1530E-12  0.1860E-12  0.2170E-12  0.2420E-12  0.2490E-12  0.2440E-12
  0.1000E+13  0.1000E-73  0.1460E-33  0.7270E-25  0.2130E-18  0.3240E-15  0.2250E-13  0.8350E-13  0.1250E-12  0.1530E-12  0.1860E-12  0.2170E-12  0.2420E-12  0.2490E-12  0.2440E-12
  0.1000E+14  0.1460E-44  0.1460E-33  0.7270E-25  0.2130E-18  0.3240E-15  0.2250E-13  0.8350E-13  0.1250E-12  0.1530E-12  0.1860E-12  0.2170E-12  0.2420E-12  0.2490E-12  0.2440E-12
  0.1000E+15  0.1750E-44  0.1460E-33  0.7270E-25  0.2130E-18  0.3240E-15  0.2250E-13  0.8350E-13  0.1250E-12  0.1530E-12  0.1860E-12  0.2170E-12  0.2420E-12  0.2490E-12  0.2440E-12
  0.1000E+16  0.1750E-44  0.1460E-33  0.7270E-25  0.2130E-18  0.3240E-15  0.2250E-13  0.8350E-13  0.1250E-12  0.1530E-12  0.1860E-12  0.2170E-12  0.2420E-12  0.2490E-12  0.2440E-12
  0.1000E+17  0.1750E-44  0.1460E-33  0.7270E-25  0.2130E-18  0.3240E-15  0.2250E-13  0.8350E-13  0.1250E-12  0.1530E-12  0.1860E-12  0.2170E-12  0.2420E-12  0.2490E-12  0.2440E-12
WAVELENGTH(A)= 
    12.316
 7 14 t 
excit   
    58.000     87.000    145.000    290.000    580.000   1450.000   2900.000   4350.000   5800.000   8700.000  14500.000  29000.000  58000.000  87000.000 
  0.1000E+11  0.8270E-42  0.8050E-32  0.7630E-24  0.6430E-18  0.5180E-15  0.2400E-13  0.7720E-13  0.1100E-12  0.1310E-12  0.1540E-12  0.1730E-12  0.1840E-12  0.1810E-12  0.1750E-12
  0.1000E+12  0.7610E-42  0.8050E-32  0.7630E-24  0.6430E-18  0.5180E-15  0.2400E-13  0.7720E-13  0.1100E-12  0.1310E-12  0.1540E-12  0.1730E-12  0.1840E-12  0.1810E-12  0.1750E-12
  0.1000E+13  0.7640E-42  0.8050E-32  0.7630E-24  0.6430E-18  0.5180E-15  0.2400E-13  0.7720E-13  0.1100E-12  0.1310E-12  0.1540E-12  0.1730E-12  0.1840E-12  0.1810E-12  0.1750E-12
  0.1000E+14  0.7630E-42  0.8050E-32  0.7630E-24  0.6430E-18  0.5180E-15  0.2400E-13  0.7720E-13  0.1100E-12  0.1310E-12  0.1540E-12  0.1730E-12  0.1840E-12  0.1810E-12  0.1750E-12
  0.1000E+15  0.7630E-42  0.8050E-32  0.7630E-24  0.6430E-18  0.5180E-15  0.2400E-13  0.7720E-13  0.1100E-12  0.1310E-12  0.1540E-12  0.1730E-12  0.1840E-12  0.1810E-12  0.1750E-12
  0.1000E+16  0.7630E-42  0.8050E-32  0.7630E-24  0.6430E-18  0.5180E-15  0.2400E-13  0.7720E-13  0.1100E-12  0.1310E-12  0.1540E-12  0.1730E-12  0.1840E-12  0.1810E-12  0.1750E-12
  0.1000E+17  0.7630E-42  0.8050E-32  0.7630E-24  0.6430E-18  0.5180E-15  0.2400E-13  0.7720E-13  0.1100E-12  0.1310E-12  0.1540E-12  0.1730E-12  0.1840E-12  0.1810E-12  0.1750E-12
WAVELENGTH(A)= 
    17.268
 7 14 t 
excit   
    58.000     87.000    145.000    290.000    580.000   1450.000   2900.000   4350.000   5800.000   8700.000  14500.000  29000.000  58000.000  87000.000 
  0.1000E+11  0.1000E-73  0.2310E-34  0.2760E-25  0.1540E-18  0.3110E-15  0.2360E-13  0.8380E-13  0.1190E-12  0.1360E-12  0.1500E-12  0.1490E-12  0.1320E-12  0.1070E-12  0.9270E-13
  0.1000E+12  0.1000E-73  0.2310E-34  0.2760E-25  0.1540E-18  0.3110E-15  0.2360E-13  0.8380E-13  0.1190E-12  0.1360E-12  0.1500E-12  0.1490E-12  0.1320E-12  0.1070E-12  0.9270E-13
  0.1000E+13  0.1000E-73  0.2310E-34  0.2760E-25  0.1540E-18  0.3110E-15  0.2360E-13  0.8380E-13  0.1190E-12  0.1360E-12  0.1500E-12  0.1490E-12  0.1320E-12  0.1070E-12  0.9270E-13
  0.1000E+14  0.1000E-73  0.2310E-34  0.2760E-25  0.1540E-18  0.3110E-15  0.2360E-13  0.8380E-13  0.1190E-12  0.1360E-12  0.1500E-12  0.1490E-12  0.1320E-12  0.1070E-12  0.9270E-13
  0.1000E+15  0.8580E-46  0.2310E-34  0.2760E-25  0.1540E-18  0.3110E-15  0.2360E-13  0.8380E-13  0.1190E-12  0.1360E-12  0.1500E-12  0.1490E-12  0.1320E-12  0.1070E-12  0.9270E-13
  0.1000E+16  0.9430E-46  0.2310E-34  0.2760E-25  0.1540E-18  0.3110E-15  0.2360E-13  0.8380E-13  0.1190E-12  0.1360E-12  0.1500E-12  0.1490E-12  0.1320E-12  0.1070E-12  0.9270E-13
  0.1000E+17  0.9290E-46  0.2310E-34  0.2760E-25  0.1540E-18  0.3110E-15  0.2360E-13  0.8380E-13  0.1190E-12  0.1360E-12  0.1500E-12  0.1490E-12  0.1320E-12  0.1070E-12  0.9270E-13
WAVELENGTH(A)= 
    18.270
 7 14 t 
excit   
    58.000     87.000    145.000    290.000    580.000   1450.000   2900.000   4350.000   5800.000   8700.000  14500.000  29000.000  58000.000  87000.000 
  0.1000E+11  0.1000E-73  0.1750E-34  0.2590E-25  0.1730E-18  0.3860E-15  0.3200E-13  0.1230E-12  0.1850E-12  0.2240E-12  0.2690E-12  0.3050E-12  0.3260E-12  0.3200E-12  0.3070E-12
  0.1000E+12  0.1000E-73  0.1750E-34  0.2590E-25  0.1730E-18  0.3860E-15  0.3200E-13  0.1230E-12  0.1850E-12  0.2240E-12  0.2690E-12  0.3050E-12  0.3260E-12  0.3200E-12  0.3070E-12
  0.1000E+13  0.1000E-73  0.1750E-34  0.2590E-25  0.1730E-18  0.3860E-15  0.3200E-13  0.1230E-12  0.1850E-12  0.2240E-12  0.2690E-12  0.3050E-12  0.3260E-12  0.3200E-12  0.3070E-12
  0.1000E+14  0.1000E-73  0.1750E-34  0.2590E-25  0.1730E-18  0.3860E-15  0.3200E-13  0.1230E-12  0.1850E-12  0.2240E-12  0.2690E-12  0.3050E-12  0.3260E-12  0.3200E-12  0.3070E-12
  0.1000E+15  0.5700E-46  0.1750E-34  0.2590E-25  0.1730E-18  0.3860E-15  0.3200E-13  0.1230E-12  0.1850E-12  0.2240E-12  0.2690E-12  0.3050E-12  0.3260E-12  0.3200E-12  0.3070E-12
  0.1000E+16  0.5130E-46  0.1750E-34  0.2590E-25  0.1730E-18  0.3860E-15  0.3200E-13  0.1230E-12  0.1850E-12  0.2240E-12  0.2690E-12  0.3050E-12  0.3260E-12  0.3200E-12  0.3070E-12
  0.1000E+17  0.5360E-46  0.1750E-34  0.2590E-25  0.1730E-18  0.3860E-15  0.3200E-13  0.1230E-12  0.1850E-12  0.2240E-12  0.2690E-12  0.3050E-12  0.3260E-12  0.3200E-12  0.3070E-12
WAVELENGTH(A)= 
    19.802
 7 14 t 
excit   
    58.000     87.000    145.000    290.000    580.000   1450.000   2900.000   4350.000   5800.000   8700.000  14500.000  29000.000  58000.000  87000.000 
  0.1000E+11  0.1000E-73  0.9830E-35  0.1660E-25  0.1190E-18  0.2680E-15  0.2150E-13  0.7700E-13  0.1080E-12  0.1230E-12  0.1320E-12  0.1290E-12  0.1090E-12  0.8470E-13  0.7150E-13
  0.1000E+12  0.1000E-73  0.9830E-35  0.1660E-25  0.1190E-18  0.2680E-15  0.2150E-13  0.7700E-13  0.1080E-12  0.1230E-12  0.1320E-12  0.1290E-12  0.1090E-12  0.8470E-13  0.7150E-13
  0.1000E+13  0.1000E-73  0.9830E-35  0.1660E-25  0.1190E-18  0.2680E-15  0.2150E-13  0.7700E-13  0.1080E-12  0.1230E-12  0.1320E-12  0.1290E-12  0.1090E-12  0.8470E-13  0.7150E-13
  0.1000E+14  0.1000E-73  0.9830E-35  0.1660E-25  0.1190E-18  0.2680E-15  0.2150E-13  0.7700E-13  0.1080E-12  0.1230E-12  0.1320E-12  0.1290E-12  0.1090E-12  0.8470E-13  0.7150E-13
  0.1000E+15  0.1000E-73  0.9830E-35  0.1660E-25  0.1190E-18  0.2680E-15  0.2150E-13  0.7700E-13  0.1080E-12  0.1230E-12  0.1320E-12  0.1290E-12  0.1090E-12  0.8470E-13  0.7150E-13
  0.1000E+16  0.2200E-46  0.9830E-35  0.1660E-25  0.1190E-18  0.2680E-15  0.2150E-13  0.7700E-13  0.1080E-12  0.1230E-12  0.1320E-12  0.1290E-12  0.1090E-12  0.8470E-13  0.7150E-13
  0.1000E+17  0.2530E-46  0.9830E-35  0.1660E-25  0.1190E-18  0.2680E-15  0.2150E-13  0.7700E-13  0.1080E-12  0.1230E-12  0.1320E-12  0.1290E-12  0.1090E-12  0.8470E-13  0.7150E-13
WAVELENGTH(A)= 
    22.526
 7 14 t 
excit   
    58.000     87.000    145.000    290.000    580.000   1450.000   2900.000   4350.000   5800.000   8700.000  14500.000  29000.000  58000.000  87000.000 
  0.1000E+11  0.1000E-73  0.2770E-34  0.3310E-25  0.1840E-18  0.3720E-15  0.2820E-13  0.1000E-12  0.1420E-12  0.1630E-12  0.1790E-12  0.1780E-12  0.1580E-12  0.1280E-12  0.1110E-12
  0.1000E+12  0.1000E-73  0.2770E-34  0.3310E-25  0.1840E-18  0.3720E-15  0.2820E-13  0.1000E-12  0.1420E-12  0.1630E-12  0.1790E-12  0.1780E-12  0.1580E-12  0.1280E-12  0.1110E-12
  0.1000E+13  0.1000E-73  0.2770E-34  0.3310E-25  0.1840E-18  0.3720E-15  0.2820E-13  0.1000E-12  0.1420E-12  0.1630E-12  0.1790E-12  0.1780E-12  0.1580E-12  0.1280E-12  0.1110E-12
  0.1000E+14  0.1000E-73  0.2770E-34  0.3310E-25  0.1840E-18  0.3720E-15  0.2820E-13  0.1000E-12  0.1420E-12  0.1630E-12  0.1790E-12  0.1780E-12  0.1580E-12  0.1280E-12  0.1110E-12
  0.1000E+15  0.1030E-45  0.2770E-34  0.3310E-25  0.1840E-18  0.3720E-15  0.2820E-13  0.1000E-12  0.1420E-12  0.1630E-12  0.1790E-12  0.1780E-12  0.1580E-12  0.1280E-12  0.1110E-12
  0.1000E+16  0.1130E-45  0.2770E-34  0.3310E-25  0.1840E-18  0.3720E-15  0.2820E-13  0.1000E-12  0.1420E-12  0.1630E-12  0.1790E-12  0.1780E-12  0.1580E-12  0.1280E-12  0.1110E-12
  0.1000E+17  0.1110E-45  0.2770E-34  0.3310E-25  0.1840E-18  0.3720E-15  0.2820E-13  0.1000E-12  0.1420E-12  0.1630E-12  0.1790E-12  0.1780E-12  0.1580E-12  0.1280E-12  0.1110E-12
WAVELENGTH(A)= 
    27.413
 7 14 t 
excit   
    58.000     87.000    145.000    290.000    580.000   1450.000   2900.000   4350.000   5800.000   8700.000  14500.000  29000.000  58000.000  87000.000 
  0.1000E+11  0.1720E-12  0.1910E-11  0.1240E-10  0.4720E-10  0.8540E-10  0.1060E-09  0.1020E-09  0.9530E-10  0.8960E-10  0.8120E-10  0.7060E-10  0.5700E-10  0.4510E-10  0.3910E-10
  0.1000E+12  0.1720E-12  0.1910E-11  0.1240E-10  0.4720E-10  0.8540E-10  0.1060E-09  0.1020E-09  0.9530E-10  0.8960E-10  0.8120E-10  0.7060E-10  0.5700E-10  0.4510E-10  0.3910E-10
  0.1000E+13  0.1720E-12  0.1910E-11  0.1240E-10  0.4720E-10  0.8540E-10  0.1060E-09  0.1020E-09  0.9530E-10  0.8960E-10  0.8120E-10  0.7060E-10  0.5700E-10  0.4510E-10  0.3910E-10
  0.1000E+14  0.1720E-12  0.1910E-11  0.1240E-10  0.4720E-10  0.8540E-10  0.1060E-09  0.1020E-09  0.9530E-10  0.8960E-10  0.8120E-10  0.7060E-10  0.5700E-10  0.4510E-10  0.3910E-10
  0.1000E+15  0.1720E-12  0.1910E-11  0.1240E-10  0.4720E-10  0.8540E-10  0.1060E-09  0.1020E-09  0.9530E-10  0.8960E-10  0.8120E-10  0.7060E-10  0.5700E-10  0.4510E-10  0.3910E-10
  0.1000E+16  0.1720E-12  0.1910E-11  0.1240E-10  0.4720E-10  0.8540E-10  0.1060E-09  0.1020E-09  0.9530E-10  0.8960E-10  0.8120E-10  0.7060E-10  0.5700E-10  0.4510E-10  0.3910E-10
  0.1000E+17  0.1720E-12  0.1910E-11  0.1240E-10  0.4720E-10  0.8540E-10  0.1060E-09  0.1020E-09  0.9530E-10  0.8960E-10  0.8120E-10  0.7060E-10  0.5700E-10  0.4510E-10  0.3910E-10
WAVELENGTH(A)= 
    30.370
 7 14 t 
excit   
    58.000     87.000    145.000    290.000    580.000   1450.000   2900.000   4350.000   5800.000   8700.000  14500.000  29000.000  58000.000  87000.000 
  0.1000E+11  0.2910E-11  0.2500E-10  0.1280E-09  0.3820E-09  0.5800E-09  0.6440E-09  0.6090E-09  0.5700E-09  0.5380E-09  0.4890E-09  0.4270E-09  0.3460E-09  0.2750E-09  0.2390E-09
  0.1000E+12  0.2910E-11  0.2500E-10  0.1280E-09  0.3820E-09  0.5800E-09  0.6440E-09  0.6090E-09  0.5700E-09  0.5380E-09  0.4890E-09  0.4270E-09  0.3460E-09  0.2750E-09  0.2390E-09
  0.1000E+13  0.2910E-11  0.2500E-10  0.1280E-09  0.3820E-09  0.5800E-09  0.6440E-09  0.6090E-09  0.5700E-09  0.5380E-09  0.4890E-09  0.4270E-09  0.3460E-09  0.2750E-09  0.2390E-09
  0.1000E+14  0.2910E-11  0.2500E-10  0.1280E-09  0.3820E-09  0.5800E-09  0.6440E-09  0.6090E-09  0.5700E-09  0.5380E-09  0.4890E-09  0.4270E-09  0.3460E-09  0.2750E-09  0.2390E-09
  0.1000E+15  0.2910E-11  0.2500E-10  0.1280E-09  0.3820E-09  0.5800E-09  0.6440E-09  0.6090E-09  0.5700E-09  0.5380E-09  0.4890E-09  0.4270E-09  0.3460E-09  0.2750E-09  0.2390E-09
  0.1000E+16  0.2910E-11  0.2500E-10  0.1280E-09  0.3820E-09  0.5800E-09  0.6440E-09  0.6090E-09  0.5700E-09  0.5380E-09  0.4890E-09  0.4270E-09  0.3460E-09  0.2750E-09  0.2390E-09
  0.1000E+17  0.2910E-11  0.2500E-10  0.1280E-09  0.3820E-09  0.5800E-09  0.6440E-09  0.6090E-09  0.5700E-09  0.5380E-09  0.4890E-09  0.4270E-09  0.3460E-09  0.2750E-09  0.2390E-09
WAVELENGTH(A)= 
    31.140
 7 14 t 
excit   
    58.000     87.000    145.000    290.000    580.000   1450.000   2900.000   4350.000   5800.000   8700.000  14500.000  29000.000  58000.000  87000.000 
  0.1000E+11  0.1040E-15  0.1120E-13  0.4350E-12  0.5830E-11  0.1800E-10  0.2820E-10  0.2770E-10  0.2550E-10  0.2350E-10  0.2080E-10  0.1740E-10  0.1350E-10  0.1030E-10  0.8830E-11
  0.1000E+12  0.1040E-15  0.1120E-13  0.4350E-12  0.5830E-11  0.1800E-10  0.2820E-10  0.2770E-10  0.2550E-10  0.2350E-10  0.2080E-10  0.1740E-10  0.1350E-10  0.1030E-10  0.8830E-11
  0.1000E+13  0.1040E-15  0.1120E-13  0.4350E-12  0.5830E-11  0.1800E-10  0.2820E-10  0.2770E-10  0.2550E-10  0.2350E-10  0.2080E-10  0.1740E-10  0.1350E-10  0.1030E-10  0.8830E-11
  0.1000E+14  0.1040E-15  0.1120E-13  0.4350E-12  0.5830E-11  0.1800E-10  0.2820E-10  0.2770E-10  0.2550E-10  0.2350E-10  0.2080E-10  0.1740E-10  0.1350E-10  0.1030E-10  0.8830E-11
  0.1000E+15  0.1040E-15  0.1120E-13  0.4350E-12  0.5830E-11  0.1800E-10  0.2820E-10  0.2770E-10  0.2550E-10  0.2350E-10  0.2080E-10  0.1740E-10  0.1350E-10  0.1030E-10  0.8830E-11
  0.1000E+16  0.1040E-15  0.1120E-13  0.4350E-12  0.5830E-11  0.1800E-10  0.2820E-10  0.2770E-10  0.2550E-10  0.2350E-10  0.2080E-10  0.1740E-10  0.1350E-10  0.1030E-10  0.8830E-11
  0.1000E+17  0.1040E-15  0.1120E-13  0.4350E-12  0.5830E-11  0.1800E-10  0.2820E-10  0.2770E-10  0.2550E-10  0.2350E-10  0.2080E-10  0.1740E-10  0.1350E-10  0.1030E-10  0.8830E-11
WAVELENGTH(A)= 
    71.792
 7 14 t 
excit   
    58.000     87.000    145.000    290.000    580.000   1450.000   2900.000   4350.000   5800.000   8700.000  14500.000  29000.000  58000.000  87000.000 
  0.1000E+11  0.8040E-32  0.5280E-25  0.1370E-19  0.1360E-15  0.1160E-13  0.1400E-12  0.2820E-12  0.3370E-12  0.3580E-12  0.3650E-12  0.3510E-12  0.3080E-12  0.2560E-12  0.2260E-12
  0.1000E+12  0.8040E-32  0.5280E-25  0.1370E-19  0.1360E-15  0.1160E-13  0.1400E-12  0.2820E-12  0.3370E-12  0.3580E-12  0.3650E-12  0.3510E-12  0.3080E-12  0.2560E-12  0.2260E-12
  0.1000E+13  0.8040E-32  0.5280E-25  0.1370E-19  0.1360E-15  0.1160E-13  0.1400E-12  0.2820E-12  0.3370E-12  0.3580E-12  0.3650E-12  0.3510E-12  0.3080E-12  0.2560E-12  0.2260E-12
  0.1000E+14  0.8040E-32  0.5280E-25  0.1370E-19  0.1360E-15  0.1160E-13  0.1400E-12  0.2820E-12  0.3370E-12  0.3580E-12  0.3650E-12  0.3510E-12  0.3080E-12  0.2560E-12  0.2260E-12
  0.1000E+15  0.8040E-32  0.5280E-25  0.1370E-19  0.1360E-15  0.1160E-13  0.1400E-12  0.2820E-12  0.3370E-12  0.3580E-12  0.3650E-12  0.3510E-12  0.3080E-12  0.2560E-12  0.2260E-12
  0.1000E+16  0.8040E-32  0.5280E-25  0.1370E-19  0.1360E-15  0.1160E-13  0.1400E-12  0.2820E-12  0.3370E-12  0.3580E-12  0.3650E-12  0.3510E-12  0.3080E-12  0.2560E-12  0.2260E-12
  0.1000E+17  0.8040E-32  0.5280E-25  0.1370E-19  0.1360E-15  0.1160E-13  0.1400E-12  0.2820E-12  0.3370E-12  0.3580E-12  0.3650E-12  0.3510E-12  0.3080E-12  0.2560E-12  0.2260E-12
WAVELENGTH(A)= 
    73.933
 7 14 t 
excit   
    58.000     87.000    145.000    290.000    580.000   1450.000   2900.000   4350.000   5800.000   8700.000  14500.000  29000.000  58000.000  87000.000 
  0.1000E+11  0.1130E-33  0.1960E-26  0.1100E-20  0.1970E-16  0.2320E-14  0.3640E-13  0.8630E-13  0.1140E-12  0.1310E-12  0.1510E-12  0.1690E-12  0.1800E-12  0.1770E-12  0.1710E-12
  0.1000E+12  0.1130E-33  0.1960E-26  0.1100E-20  0.1970E-16  0.2320E-14  0.3640E-13  0.8630E-13  0.1140E-12  0.1310E-12  0.1510E-12  0.1690E-12  0.1800E-12  0.1770E-12  0.1710E-12
  0.1000E+13  0.1130E-33  0.1960E-26  0.1100E-20  0.1970E-16  0.2320E-14  0.3640E-13  0.8630E-13  0.1140E-12  0.1310E-12  0.1510E-12  0.1690E-12  0.1800E-12  0.1770E-12  0.1710E-12
  0.1000E+14  0.1130E-33  0.1960E-26  0.1100E-20  0.1970E-16  0.2320E-14  0.3640E-13  0.8630E-13  0.1140E-12  0.1310E-12  0.1510E-12  0.1690E-12  0.1800E-12  0.1770E-12  0.1710E-12
  0.1000E+15  0.1130E-33  0.1960E-26  0.1100E-20  0.1970E-16  0.2320E-14  0.3640E-13  0.8630E-13  0.1140E-12  0.1310E-12  0.1510E-12  0.1690E-12  0.1800E-12  0.1770E-12  0.1710E-12
  0.1000E+16  0.1130E-33  0.1960E-26  0.1100E-20  0.1970E-16  0.2320E-14  0.3640E-13  0.8630E-13  0.1140E-12  0.1310E-12  0.1510E-12  0.1690E-12  0.1800E-12  0.1770E-12  0.1710E-12
  0.1000E+17  0.1130E-33  0.1960E-26  0.1100E-20  0.1970E-16  0.2320E-14  0.3640E-13  0.8630E-13  0.1140E-12  0.1310E-12  0.1510E-12  0.1690E-12  0.1800E-12  0.1770E-12  0.1710E-12
