 50  7 14
WAVELENGTH(A)= 
     1.008
 7 14 t 
excit   
    70.600    106.000    176.000    353.000    706.000   1760.000   3530.000   5290.000   7060.000  10600.000  17600.000  35300.000  70600.000 106000.000 
  0.1000E+11  0.1000E-73  0.1000E-73  0.1090E-40  0.5330E-26  0.1400E-18  0.3210E-14  0.7750E-13  0.2090E-12  0.3320E-12  0.5080E-12  0.6750E-12  0.7810E-12  0.7800E-12  0.7490E-12
  0.1000E+12  0.1000E-73  0.1000E-73  0.5450E-41  0.5330E-26  0.1400E-18  0.3210E-14  0.7750E-13  0.2090E-12  0.3320E-12  0.5080E-12  0.6750E-12  0.7810E-12  0.7800E-12  0.7490E-12
  0.1000E+13  0.1000E-73  0.1000E-73  0.5560E-41  0.5330E-26  0.1400E-18  0.3210E-14  0.7750E-13  0.2090E-12  0.3320E-12  0.5080E-12  0.6750E-12  0.7810E-12  0.7800E-12  0.7490E-12
  0.1000E+14  0.1000E-73  0.1000E-73  0.5590E-41  0.5330E-26  0.1400E-18  0.3210E-14  0.7750E-13  0.2090E-12  0.3320E-12  0.5080E-12  0.6750E-12  0.7810E-12  0.7800E-12  0.7490E-12
  0.1000E+15  0.1000E-73  0.1000E-73  0.5600E-41  0.5330E-26  0.1400E-18  0.3210E-14  0.7750E-13  0.2090E-12  0.3320E-12  0.5080E-12  0.6750E-12  0.7810E-12  0.7800E-12  0.7490E-12
  0.1000E+16  0.1000E-73  0.1000E-73  0.5600E-41  0.5330E-26  0.1400E-18  0.3210E-14  0.7750E-13  0.2090E-12  0.3320E-12  0.5080E-12  0.6750E-12  0.7810E-12  0.7800E-12  0.7490E-12
  0.1000E+17  0.1000E-73  0.1000E-73  0.5600E-41  0.5330E-26  0.1400E-18  0.3210E-14  0.7750E-13  0.2090E-12  0.3320E-12  0.5080E-12  0.6750E-12  0.7810E-12  0.7800E-12  0.7490E-12
WAVELENGTH(A)= 
     1.310
 7 14 t 
excit   
    70.600    106.000    176.000    353.000    706.000   1760.000   3530.000   5290.000   7060.000  10600.000  17600.000  35300.000  70600.000 106000.000 
  0.1000E+11  0.1000E-73  0.1000E-73  0.6260E-33  0.1950E-21  0.9230E-16  0.1890E-12  0.2080E-11  0.4370E-11  0.6190E-11  0.8520E-11  0.1060E-10  0.1180E-10  0.1180E-10  0.1140E-10
  0.1000E+12  0.1000E-73  0.1000E-73  0.6260E-33  0.1950E-21  0.9230E-16  0.1890E-12  0.2080E-11  0.4370E-11  0.6190E-11  0.8520E-11  0.1060E-10  0.1180E-10  0.1180E-10  0.1140E-10
  0.1000E+13  0.1000E-73  0.1000E-73  0.6260E-33  0.1950E-21  0.9230E-16  0.1890E-12  0.2080E-11  0.4370E-11  0.6190E-11  0.8520E-11  0.1060E-10  0.1180E-10  0.1180E-10  0.1140E-10
  0.1000E+14  0.1000E-73  0.1000E-73  0.6260E-33  0.1950E-21  0.9230E-16  0.1890E-12  0.2080E-11  0.4370E-11  0.6190E-11  0.8520E-11  0.1060E-10  0.1180E-10  0.1180E-10  0.1140E-10
  0.1000E+15  0.1000E-73  0.1000E-73  0.6260E-33  0.1950E-21  0.9230E-16  0.1890E-12  0.2080E-11  0.4370E-11  0.6190E-11  0.8520E-11  0.1060E-10  0.1180E-10  0.1180E-10  0.1140E-10
  0.1000E+16  0.1000E-73  0.1000E-73  0.6260E-33  0.1950E-21  0.9230E-16  0.1890E-12  0.2080E-11  0.4370E-11  0.6190E-11  0.8520E-11  0.1060E-10  0.1180E-10  0.1180E-10  0.1140E-10
  0.1000E+17  0.1000E-73  0.1000E-73  0.6260E-33  0.1950E-21  0.9230E-16  0.1890E-12  0.2080E-11  0.4370E-11  0.6190E-11  0.8520E-11  0.1060E-10  0.1180E-10  0.1180E-10  0.1140E-10
WAVELENGTH(A)= 
     1.362
 7 14 t 
excit   
    70.600    106.000    176.000    353.000    706.000   1760.000   3530.000   5290.000   7060.000  10600.000  17600.000  35300.000  70600.000 106000.000 
  0.1000E+11  0.1000E-73  0.1000E-73  0.1350E-32  0.1520E-21  0.4350E-16  0.6900E-13  0.7570E-12  0.1610E-11  0.2280E-11  0.3110E-11  0.3740E-11  0.3880E-11  0.3540E-11  0.3240E-11
  0.1000E+12  0.1000E-73  0.1000E-73  0.1350E-32  0.1520E-21  0.4350E-16  0.6900E-13  0.7570E-12  0.1610E-11  0.2280E-11  0.3110E-11  0.3740E-11  0.3880E-11  0.3540E-11  0.3240E-11
  0.1000E+13  0.1000E-73  0.1000E-73  0.1350E-32  0.1520E-21  0.4350E-16  0.6900E-13  0.7570E-12  0.1610E-11  0.2280E-11  0.3110E-11  0.3740E-11  0.3880E-11  0.3540E-11  0.3240E-11
  0.1000E+14  0.1000E-73  0.1000E-73  0.1350E-32  0.1520E-21  0.4350E-16  0.6900E-13  0.7570E-12  0.1610E-11  0.2280E-11  0.3110E-11  0.3740E-11  0.3880E-11  0.3540E-11  0.3240E-11
  0.1000E+15  0.1000E-73  0.1000E-73  0.1350E-32  0.1520E-21  0.4350E-16  0.6900E-13  0.7570E-12  0.1610E-11  0.2280E-11  0.3110E-11  0.3740E-11  0.3880E-11  0.3540E-11  0.3240E-11
  0.1000E+16  0.1000E-73  0.1770E-47  0.1350E-32  0.1520E-21  0.4350E-16  0.6900E-13  0.7570E-12  0.1610E-11  0.2280E-11  0.3110E-11  0.3740E-11  0.3880E-11  0.3540E-11  0.3240E-11
  0.1000E+17  0.1000E-73  0.2000E-47  0.1350E-32  0.1520E-21  0.4350E-16  0.6900E-13  0.7570E-12  0.1610E-11  0.2280E-11  0.3110E-11  0.3740E-11  0.3880E-11  0.3540E-11  0.3240E-11
WAVELENGTH(A)= 
     1.989
 7 14 t 
excit   
    70.600    106.000    176.000    353.000    706.000   1760.000   3530.000   5290.000   7060.000  10600.000  17600.000  35300.000  70600.000 106000.000 
  0.1000E+11  0.1000E-73  0.4440E-38  0.5820E-28  0.1920E-20  0.9340E-17  0.1230E-14  0.5550E-14  0.8900E-14  0.1120E-13  0.1400E-13  0.1670E-13  0.1900E-13  0.1970E-13  0.1950E-13
  0.1000E+12  0.1000E-73  0.4440E-38  0.5820E-28  0.1920E-20  0.9340E-17  0.1230E-14  0.5550E-14  0.8900E-14  0.1120E-13  0.1400E-13  0.1670E-13  0.1900E-13  0.1970E-13  0.1950E-13
  0.1000E+13  0.1000E-73  0.4440E-38  0.5820E-28  0.1920E-20  0.9340E-17  0.1230E-14  0.5550E-14  0.8900E-14  0.1120E-13  0.1400E-13  0.1670E-13  0.1900E-13  0.1970E-13  0.1950E-13
  0.1000E+14  0.1000E-73  0.4440E-38  0.5820E-28  0.1920E-20  0.9340E-17  0.1230E-14  0.5550E-14  0.8900E-14  0.1120E-13  0.1400E-13  0.1670E-13  0.1900E-13  0.1970E-13  0.1950E-13
  0.1000E+15  0.1000E-73  0.4440E-38  0.5820E-28  0.1920E-20  0.9340E-17  0.1230E-14  0.5550E-14  0.8900E-14  0.1120E-13  0.1400E-13  0.1670E-13  0.1900E-13  0.1970E-13  0.1950E-13
  0.1000E+16  0.1000E-73  0.4440E-38  0.5820E-28  0.1920E-20  0.9340E-17  0.1230E-14  0.5550E-14  0.8900E-14  0.1120E-13  0.1400E-13  0.1670E-13  0.1900E-13  0.1970E-13  0.1950E-13
  0.1000E+17  0.1000E-73  0.4440E-38  0.5820E-28  0.1920E-20  0.9340E-17  0.1230E-14  0.5550E-14  0.8900E-14  0.1120E-13  0.1400E-13  0.1670E-13  0.1900E-13  0.1970E-13  0.1950E-13
WAVELENGTH(A)= 
     2.083
 7 14 t 
excit   
    70.600    106.000    176.000    353.000    706.000   1760.000   3530.000   5290.000   7060.000  10600.000  17600.000  35300.000  70600.000 106000.000 
  0.1000E+11  0.1000E-73  0.1110E-36  0.5110E-27  0.7890E-20  0.2660E-16  0.2830E-14  0.1180E-13  0.1840E-13  0.2270E-13  0.2790E-13  0.3280E-13  0.3680E-13  0.3760E-13  0.3690E-13
  0.1000E+12  0.1000E-73  0.1110E-36  0.5110E-27  0.7890E-20  0.2660E-16  0.2830E-14  0.1180E-13  0.1840E-13  0.2270E-13  0.2790E-13  0.3280E-13  0.3680E-13  0.3760E-13  0.3690E-13
  0.1000E+13  0.1000E-73  0.1110E-36  0.5110E-27  0.7890E-20  0.2660E-16  0.2830E-14  0.1180E-13  0.1840E-13  0.2270E-13  0.2790E-13  0.3280E-13  0.3680E-13  0.3760E-13  0.3690E-13
  0.1000E+14  0.1000E-73  0.1110E-36  0.5110E-27  0.7890E-20  0.2660E-16  0.2830E-14  0.1180E-13  0.1840E-13  0.2270E-13  0.2790E-13  0.3280E-13  0.3680E-13  0.3760E-13  0.3690E-13
  0.1000E+15  0.1000E-73  0.1110E-36  0.5110E-27  0.7890E-20  0.2660E-16  0.2830E-14  0.1180E-13  0.1840E-13  0.2270E-13  0.2790E-13  0.3280E-13  0.3680E-13  0.3760E-13  0.3690E-13
  0.1000E+16  0.1000E-73  0.1110E-36  0.5110E-27  0.7890E-20  0.2660E-16  0.2830E-14  0.1180E-13  0.1840E-13  0.2270E-13  0.2790E-13  0.3280E-13  0.3680E-13  0.3760E-13  0.3690E-13
  0.1000E+17  0.1000E-73  0.1110E-36  0.5110E-27  0.7890E-20  0.2660E-16  0.2830E-14  0.1180E-13  0.1840E-13  0.2270E-13  0.2790E-13  0.3280E-13  0.3680E-13  0.3760E-13  0.3690E-13
WAVELENGTH(A)= 
     2.124
 7 14 t 
excit   
    70.600    106.000    176.000    353.000    706.000   1760.000   3530.000   5290.000   7060.000  10600.000  17600.000  35300.000  70600.000 106000.000 
  0.1000E+11  0.1000E-73  0.1210E-37  0.1670E-27  0.5780E-20  0.2870E-16  0.3710E-14  0.1560E-13  0.2340E-13  0.2760E-13  0.3070E-13  0.3090E-13  0.2710E-13  0.2150E-13  0.1840E-13
  0.1000E+12  0.1000E-73  0.1210E-37  0.1670E-27  0.5780E-20  0.2870E-16  0.3710E-14  0.1560E-13  0.2340E-13  0.2760E-13  0.3070E-13  0.3090E-13  0.2710E-13  0.2150E-13  0.1840E-13
  0.1000E+13  0.1000E-73  0.1210E-37  0.1670E-27  0.5780E-20  0.2870E-16  0.3710E-14  0.1560E-13  0.2340E-13  0.2760E-13  0.3070E-13  0.3090E-13  0.2710E-13  0.2150E-13  0.1840E-13
  0.1000E+14  0.1000E-73  0.1210E-37  0.1670E-27  0.5780E-20  0.2870E-16  0.3710E-14  0.1560E-13  0.2340E-13  0.2760E-13  0.3070E-13  0.3090E-13  0.2710E-13  0.2150E-13  0.1840E-13
  0.1000E+15  0.1000E-73  0.1210E-37  0.1670E-27  0.5780E-20  0.2870E-16  0.3710E-14  0.1560E-13  0.2340E-13  0.2760E-13  0.3070E-13  0.3090E-13  0.2710E-13  0.2150E-13  0.1840E-13
  0.1000E+16  0.1000E-73  0.1210E-37  0.1670E-27  0.5780E-20  0.2870E-16  0.3710E-14  0.1560E-13  0.2340E-13  0.2760E-13  0.3070E-13  0.3090E-13  0.2710E-13  0.2150E-13  0.1840E-13
  0.1000E+17  0.1000E-73  0.1210E-37  0.1670E-27  0.5780E-20  0.2870E-16  0.3710E-14  0.1560E-13  0.2340E-13  0.2760E-13  0.3070E-13  0.3090E-13  0.2710E-13  0.2150E-13  0.1840E-13
WAVELENGTH(A)= 
     2.228
 7 14 t 
excit   
    70.600    106.000    176.000    353.000    706.000   1760.000   3530.000   5290.000   7060.000  10600.000  17600.000  35300.000  70600.000 106000.000 
  0.1000E+11  0.1000E-73  0.2790E-36  0.1380E-26  0.2220E-19  0.7490E-16  0.7710E-14  0.3020E-13  0.4410E-13  0.5140E-13  0.5690E-13  0.5710E-13  0.4980E-13  0.3990E-13  0.3420E-13
  0.1000E+12  0.1000E-73  0.2790E-36  0.1380E-26  0.2220E-19  0.7490E-16  0.7710E-14  0.3020E-13  0.4410E-13  0.5140E-13  0.5690E-13  0.5710E-13  0.4980E-13  0.3990E-13  0.3420E-13
  0.1000E+13  0.1000E-73  0.2790E-36  0.1380E-26  0.2220E-19  0.7490E-16  0.7710E-14  0.3020E-13  0.4410E-13  0.5140E-13  0.5690E-13  0.5710E-13  0.4980E-13  0.3990E-13  0.3420E-13
  0.1000E+14  0.1000E-73  0.2790E-36  0.1380E-26  0.2220E-19  0.7490E-16  0.7710E-14  0.3020E-13  0.4410E-13  0.5140E-13  0.5690E-13  0.5710E-13  0.4980E-13  0.3990E-13  0.3420E-13
  0.1000E+15  0.1000E-73  0.2790E-36  0.1380E-26  0.2220E-19  0.7490E-16  0.7710E-14  0.3020E-13  0.4410E-13  0.5140E-13  0.5690E-13  0.5710E-13  0.4980E-13  0.3990E-13  0.3420E-13
  0.1000E+16  0.1000E-73  0.2790E-36  0.1380E-26  0.2220E-19  0.7490E-16  0.7710E-14  0.3020E-13  0.4410E-13  0.5140E-13  0.5690E-13  0.5710E-13  0.4980E-13  0.3990E-13  0.3420E-13
  0.1000E+17  0.1000E-73  0.2790E-36  0.1380E-26  0.2220E-19  0.7490E-16  0.7710E-14  0.3020E-13  0.4410E-13  0.5140E-13  0.5690E-13  0.5710E-13  0.4980E-13  0.3990E-13  0.3420E-13
WAVELENGTH(A)= 
     2.248
 7 14 t 
excit   
    70.600    106.000    176.000    353.000    706.000   1760.000   3530.000   5290.000   7060.000  10600.000  17600.000  35300.000  70600.000 106000.000 
  0.1000E+11  0.1000E-73  0.1380E-34  0.1210E-25  0.5540E-19  0.1050E-15  0.8030E-14  0.3030E-13  0.4560E-13  0.5550E-13  0.6690E-13  0.7750E-13  0.8530E-13  0.8640E-13  0.8390E-13
  0.1000E+12  0.1000E-73  0.1380E-34  0.1210E-25  0.5540E-19  0.1050E-15  0.8030E-14  0.3030E-13  0.4560E-13  0.5550E-13  0.6690E-13  0.7750E-13  0.8530E-13  0.8640E-13  0.8390E-13
  0.1000E+13  0.1000E-73  0.1380E-34  0.1210E-25  0.5540E-19  0.1050E-15  0.8030E-14  0.3030E-13  0.4560E-13  0.5550E-13  0.6690E-13  0.7750E-13  0.8530E-13  0.8640E-13  0.8390E-13
  0.1000E+14  0.1000E-73  0.1380E-34  0.1210E-25  0.5540E-19  0.1050E-15  0.8030E-14  0.3030E-13  0.4560E-13  0.5550E-13  0.6690E-13  0.7750E-13  0.8530E-13  0.8640E-13  0.8390E-13
  0.1000E+15  0.1000E-73  0.1380E-34  0.1210E-25  0.5540E-19  0.1050E-15  0.8030E-14  0.3030E-13  0.4560E-13  0.5550E-13  0.6690E-13  0.7750E-13  0.8530E-13  0.8640E-13  0.8390E-13
  0.1000E+16  0.9020E-46  0.1380E-34  0.1210E-25  0.5540E-19  0.1050E-15  0.8030E-14  0.3030E-13  0.4560E-13  0.5550E-13  0.6690E-13  0.7750E-13  0.8530E-13  0.8640E-13  0.8390E-13
  0.1000E+17  0.8120E-46  0.1380E-34  0.1210E-25  0.5540E-19  0.1050E-15  0.8030E-14  0.3030E-13  0.4560E-13  0.5550E-13  0.6690E-13  0.7750E-13  0.8530E-13  0.8640E-13  0.8390E-13
WAVELENGTH(A)= 
     2.251
 7 14 t 
excit   
    70.600    106.000    176.000    353.000    706.000   1760.000   3530.000   5290.000   7060.000  10600.000  17600.000  35300.000  70600.000 106000.000 
  0.1000E+11  0.1000E-73  0.1870E-36  0.7510E-27  0.1030E-19  0.3210E-16  0.3170E-14  0.1230E-13  0.1780E-13  0.2070E-13  0.2290E-13  0.2300E-13  0.2020E-13  0.1620E-13  0.1390E-13
  0.1000E+12  0.1000E-73  0.1870E-36  0.7510E-27  0.1030E-19  0.3210E-16  0.3170E-14  0.1230E-13  0.1780E-13  0.2070E-13  0.2290E-13  0.2300E-13  0.2020E-13  0.1620E-13  0.1390E-13
  0.1000E+13  0.1000E-73  0.1870E-36  0.7510E-27  0.1030E-19  0.3210E-16  0.3170E-14  0.1230E-13  0.1780E-13  0.2070E-13  0.2290E-13  0.2300E-13  0.2020E-13  0.1620E-13  0.1390E-13
  0.1000E+14  0.1000E-73  0.1870E-36  0.7510E-27  0.1030E-19  0.3210E-16  0.3170E-14  0.1230E-13  0.1780E-13  0.2070E-13  0.2290E-13  0.2300E-13  0.2020E-13  0.1620E-13  0.1390E-13
  0.1000E+15  0.1000E-73  0.1870E-36  0.7510E-27  0.1030E-19  0.3210E-16  0.3170E-14  0.1230E-13  0.1780E-13  0.2070E-13  0.2290E-13  0.2300E-13  0.2020E-13  0.1620E-13  0.1390E-13
  0.1000E+16  0.1000E-73  0.1870E-36  0.7510E-27  0.1030E-19  0.3210E-16  0.3170E-14  0.1230E-13  0.1780E-13  0.2070E-13  0.2290E-13  0.2300E-13  0.2020E-13  0.1620E-13  0.1390E-13
  0.1000E+17  0.1000E-73  0.1870E-36  0.7510E-27  0.1030E-19  0.3210E-16  0.3170E-14  0.1230E-13  0.1780E-13  0.2070E-13  0.2290E-13  0.2300E-13  0.2020E-13  0.1620E-13  0.1390E-13
WAVELENGTH(A)= 
     2.387
 7 14 t 
excit   
    70.600    106.000    176.000    353.000    706.000   1760.000   3530.000   5290.000   7060.000  10600.000  17600.000  35300.000  70600.000 106000.000 
  0.1000E+11  0.1000E-73  0.1000E-73  0.1000E-73  0.4250E-29  0.1890E-20  0.2280E-15  0.9420E-14  0.3020E-13  0.5230E-13  0.8660E-13  0.1230E-12  0.1460E-12  0.1490E-12  0.1430E-12
  0.1000E+12  0.1000E-73  0.1000E-73  0.1000E-73  0.4250E-29  0.1890E-20  0.2280E-15  0.9420E-14  0.3020E-13  0.5230E-13  0.8660E-13  0.1230E-12  0.1460E-12  0.1490E-12  0.1430E-12
  0.1000E+13  0.1000E-73  0.1000E-73  0.1000E-73  0.4250E-29  0.1890E-20  0.2280E-15  0.9420E-14  0.3020E-13  0.5230E-13  0.8660E-13  0.1230E-12  0.1460E-12  0.1490E-12  0.1430E-12
  0.1000E+14  0.1000E-73  0.1000E-73  0.1000E-73  0.4250E-29  0.1890E-20  0.2280E-15  0.9420E-14  0.3020E-13  0.5230E-13  0.8660E-13  0.1230E-12  0.1460E-12  0.1490E-12  0.1430E-12
  0.1000E+15  0.1000E-73  0.1000E-73  0.1000E-73  0.4250E-29  0.1890E-20  0.2280E-15  0.9420E-14  0.3020E-13  0.5230E-13  0.8660E-13  0.1230E-12  0.1460E-12  0.1490E-12  0.1430E-12
  0.1000E+16  0.1000E-73  0.1000E-73  0.1000E-73  0.4250E-29  0.1890E-20  0.2280E-15  0.9420E-14  0.3020E-13  0.5230E-13  0.8660E-13  0.1230E-12  0.1460E-12  0.1490E-12  0.1430E-12
  0.1000E+17  0.1000E-73  0.1000E-73  0.1530E-46  0.4250E-29  0.1890E-20  0.2280E-15  0.9420E-14  0.3020E-13  0.5230E-13  0.8660E-13  0.1230E-12  0.1460E-12  0.1490E-12  0.1430E-12
WAVELENGTH(A)= 
     2.411
 7 14 t 
excit   
    70.600    106.000    176.000    353.000    706.000   1760.000   3530.000   5290.000   7060.000  10600.000  17600.000  35300.000  70600.000 106000.000 
  0.1000E+11  0.1000E-73  0.3050E-34  0.3080E-25  0.1500E-18  0.2800E-15  0.2030E-13  0.7110E-13  0.1000E-12  0.1150E-12  0.1250E-12  0.1240E-12  0.1080E-12  0.8690E-13  0.7480E-13
  0.1000E+12  0.1000E-73  0.3050E-34  0.3080E-25  0.1500E-18  0.2800E-15  0.2030E-13  0.7110E-13  0.1000E-12  0.1150E-12  0.1250E-12  0.1240E-12  0.1080E-12  0.8690E-13  0.7480E-13
  0.1000E+13  0.1000E-73  0.3050E-34  0.3080E-25  0.1500E-18  0.2800E-15  0.2030E-13  0.7110E-13  0.1000E-12  0.1150E-12  0.1250E-12  0.1240E-12  0.1080E-12  0.8690E-13  0.7480E-13
  0.1000E+14  0.1000E-73  0.3050E-34  0.3080E-25  0.1500E-18  0.2800E-15  0.2030E-13  0.7110E-13  0.1000E-12  0.1150E-12  0.1250E-12  0.1240E-12  0.1080E-12  0.8690E-13  0.7480E-13
  0.1000E+15  0.1000E-73  0.3050E-34  0.3080E-25  0.1500E-18  0.2800E-15  0.2030E-13  0.7110E-13  0.1000E-12  0.1150E-12  0.1250E-12  0.1240E-12  0.1080E-12  0.8690E-13  0.7480E-13
  0.1000E+16  0.1490E-45  0.3050E-34  0.3080E-25  0.1500E-18  0.2800E-15  0.2030E-13  0.7110E-13  0.1000E-12  0.1150E-12  0.1250E-12  0.1240E-12  0.1080E-12  0.8690E-13  0.7480E-13
  0.1000E+17  0.1490E-45  0.3050E-34  0.3080E-25  0.1500E-18  0.2800E-15  0.2030E-13  0.7110E-13  0.1000E-12  0.1150E-12  0.1250E-12  0.1240E-12  0.1080E-12  0.8690E-13  0.7480E-13
WAVELENGTH(A)= 
     2.453
 7 14 t 
excit   
    70.600    106.000    176.000    353.000    706.000   1760.000   3530.000   5290.000   7060.000  10600.000  17600.000  35300.000  70600.000 106000.000 
  0.1000E+11  0.1000E-73  0.3100E-34  0.2250E-25  0.8500E-19  0.1400E-15  0.9470E-14  0.3240E-13  0.4530E-13  0.5170E-13  0.5630E-13  0.5590E-13  0.4890E-13  0.3950E-13  0.3410E-13
  0.1000E+12  0.1000E-73  0.3100E-34  0.2250E-25  0.8500E-19  0.1400E-15  0.9470E-14  0.3240E-13  0.4530E-13  0.5170E-13  0.5630E-13  0.5590E-13  0.4890E-13  0.3950E-13  0.3410E-13
  0.1000E+13  0.1000E-73  0.3100E-34  0.2250E-25  0.8500E-19  0.1400E-15  0.9470E-14  0.3240E-13  0.4530E-13  0.5170E-13  0.5630E-13  0.5590E-13  0.4890E-13  0.3950E-13  0.3410E-13
  0.1000E+14  0.1000E-73  0.3100E-34  0.2250E-25  0.8500E-19  0.1400E-15  0.9470E-14  0.3240E-13  0.4530E-13  0.5170E-13  0.5630E-13  0.5590E-13  0.4890E-13  0.3950E-13  0.3410E-13
  0.1000E+15  0.2350E-45  0.3100E-34  0.2250E-25  0.8500E-19  0.1400E-15  0.9470E-14  0.3240E-13  0.4530E-13  0.5170E-13  0.5630E-13  0.5590E-13  0.4890E-13  0.3950E-13  0.3410E-13
  0.1000E+16  0.2350E-45  0.3100E-34  0.2250E-25  0.8500E-19  0.1400E-15  0.9470E-14  0.3240E-13  0.4530E-13  0.5170E-13  0.5630E-13  0.5590E-13  0.4890E-13  0.3950E-13  0.3410E-13
  0.1000E+17  0.2330E-45  0.3100E-34  0.2250E-25  0.8500E-19  0.1400E-15  0.9470E-14  0.3240E-13  0.4530E-13  0.5170E-13  0.5630E-13  0.5590E-13  0.4890E-13  0.3950E-13  0.3410E-13
WAVELENGTH(A)= 
     2.554
 7 14 t 
excit   
    70.600    106.000    176.000    353.000    706.000   1760.000   3530.000   5290.000   7060.000  10600.000  17600.000  35300.000  70600.000 106000.000 
  0.1000E+11  0.1000E-73  0.1000E-73  0.1000E-73  0.1280E-29  0.5840E-21  0.7170E-16  0.2960E-14  0.9440E-14  0.1630E-13  0.2670E-13  0.3690E-13  0.4160E-13  0.3860E-13  0.3500E-13
  0.1000E+12  0.1000E-73  0.1000E-73  0.1000E-73  0.1280E-29  0.5840E-21  0.7170E-16  0.2960E-14  0.9440E-14  0.1630E-13  0.2670E-13  0.3690E-13  0.4160E-13  0.3860E-13  0.3500E-13
  0.1000E+13  0.1000E-73  0.1000E-73  0.1000E-73  0.1280E-29  0.5840E-21  0.7170E-16  0.2960E-14  0.9440E-14  0.1630E-13  0.2670E-13  0.3690E-13  0.4160E-13  0.3860E-13  0.3500E-13
  0.1000E+14  0.1000E-73  0.1000E-73  0.1000E-73  0.1280E-29  0.5840E-21  0.7170E-16  0.2960E-14  0.9440E-14  0.1630E-13  0.2670E-13  0.3690E-13  0.4160E-13  0.3860E-13  0.3500E-13
  0.1000E+15  0.1000E-73  0.1000E-73  0.1000E-73  0.1280E-29  0.5840E-21  0.7170E-16  0.2960E-14  0.9440E-14  0.1630E-13  0.2670E-13  0.3690E-13  0.4160E-13  0.3860E-13  0.3500E-13
  0.1000E+16  0.1000E-73  0.1000E-73  0.1000E-73  0.1280E-29  0.5840E-21  0.7170E-16  0.2960E-14  0.9440E-14  0.1630E-13  0.2670E-13  0.3690E-13  0.4160E-13  0.3860E-13  0.3500E-13
  0.1000E+17  0.1000E-73  0.1000E-73  0.5770E-47  0.1280E-29  0.5840E-21  0.7170E-16  0.2960E-14  0.9440E-14  0.1630E-13  0.2670E-13  0.3690E-13  0.4160E-13  0.3860E-13  0.3500E-13
WAVELENGTH(A)= 
     2.586
 7 14 t 
excit   
    70.600    106.000    176.000    353.000    706.000   1760.000   3530.000   5290.000   7060.000  10600.000  17600.000  35300.000  70600.000 106000.000 
  0.1000E+11  0.1000E-73  0.1000E-73  0.1000E-73  0.8510E-30  0.3560E-21  0.4130E-16  0.1670E-14  0.5250E-14  0.8960E-14  0.1440E-13  0.1940E-13  0.2100E-13  0.1860E-13  0.1650E-13
  0.1000E+12  0.1000E-73  0.1000E-73  0.1000E-73  0.8510E-30  0.3560E-21  0.4130E-16  0.1670E-14  0.5250E-14  0.8960E-14  0.1440E-13  0.1940E-13  0.2100E-13  0.1860E-13  0.1650E-13
  0.1000E+13  0.1000E-73  0.1000E-73  0.1000E-73  0.8510E-30  0.3560E-21  0.4130E-16  0.1670E-14  0.5250E-14  0.8960E-14  0.1440E-13  0.1940E-13  0.2100E-13  0.1860E-13  0.1650E-13
  0.1000E+14  0.1000E-73  0.1000E-73  0.1000E-73  0.8510E-30  0.3560E-21  0.4130E-16  0.1670E-14  0.5250E-14  0.8960E-14  0.1440E-13  0.1940E-13  0.2100E-13  0.1860E-13  0.1650E-13
  0.1000E+15  0.1000E-73  0.1000E-73  0.1000E-73  0.8510E-30  0.3560E-21  0.4130E-16  0.1670E-14  0.5250E-14  0.8960E-14  0.1440E-13  0.1940E-13  0.2100E-13  0.1860E-13  0.1650E-13
  0.1000E+16  0.1000E-73  0.1000E-73  0.3880E-47  0.8510E-30  0.3560E-21  0.4130E-16  0.1670E-14  0.5250E-14  0.8960E-14  0.1440E-13  0.1940E-13  0.2100E-13  0.1860E-13  0.1650E-13
  0.1000E+17  0.1000E-73  0.1000E-73  0.3490E-47  0.8510E-30  0.3560E-21  0.4130E-16  0.1670E-14  0.5250E-14  0.8960E-14  0.1440E-13  0.1940E-13  0.2100E-13  0.1860E-13  0.1650E-13
WAVELENGTH(A)= 
     2.591
 7 14 t 
excit   
    70.600    106.000    176.000    353.000    706.000   1760.000   3530.000   5290.000   7060.000  10600.000  17600.000  35300.000  70600.000 106000.000 
  0.1000E+11  0.7620E-41  0.3600E-31  0.1990E-23  0.1140E-17  0.7810E-15  0.3440E-13  0.1100E-12  0.1580E-12  0.1880E-12  0.2220E-12  0.2530E-12  0.2740E-12  0.2740E-12  0.2660E-12
  0.1000E+12  0.6860E-41  0.3600E-31  0.1990E-23  0.1140E-17  0.7810E-15  0.3440E-13  0.1100E-12  0.1580E-12  0.1880E-12  0.2220E-12  0.2530E-12  0.2740E-12  0.2740E-12  0.2660E-12
  0.1000E+13  0.6780E-41  0.3600E-31  0.1990E-23  0.1140E-17  0.7810E-15  0.3440E-13  0.1100E-12  0.1580E-12  0.1880E-12  0.2220E-12  0.2530E-12  0.2740E-12  0.2740E-12  0.2660E-12
  0.1000E+14  0.6780E-41  0.3600E-31  0.1990E-23  0.1140E-17  0.7810E-15  0.3440E-13  0.1100E-12  0.1580E-12  0.1880E-12  0.2220E-12  0.2530E-12  0.2740E-12  0.2740E-12  0.2660E-12
  0.1000E+15  0.6780E-41  0.3600E-31  0.1990E-23  0.1140E-17  0.7810E-15  0.3440E-13  0.1100E-12  0.1580E-12  0.1880E-12  0.2220E-12  0.2530E-12  0.2740E-12  0.2740E-12  0.2660E-12
  0.1000E+16  0.6780E-41  0.3600E-31  0.1990E-23  0.1140E-17  0.7810E-15  0.3440E-13  0.1100E-12  0.1580E-12  0.1880E-12  0.2220E-12  0.2530E-12  0.2740E-12  0.2740E-12  0.2660E-12
  0.1000E+17  0.6780E-41  0.3600E-31  0.1990E-23  0.1140E-17  0.7810E-15  0.3440E-13  0.1100E-12  0.1580E-12  0.1880E-12  0.2220E-12  0.2530E-12  0.2740E-12  0.2740E-12  0.2660E-12
WAVELENGTH(A)= 
     2.761
 7 14 t 
excit   
    70.600    106.000    176.000    353.000    706.000   1760.000   3530.000   5290.000   7060.000  10600.000  17600.000  35300.000  70600.000 106000.000 
  0.1000E+11  0.1000E-73  0.1000E-73  0.1000E-73  0.6980E-28  0.1160E-19  0.7870E-15  0.2690E-13  0.8090E-13  0.1360E-12  0.2190E-12  0.3030E-12  0.3570E-12  0.3580E-12  0.3440E-12
  0.1000E+12  0.1000E-73  0.1000E-73  0.1000E-73  0.6980E-28  0.1160E-19  0.7870E-15  0.2690E-13  0.8090E-13  0.1360E-12  0.2190E-12  0.3030E-12  0.3570E-12  0.3580E-12  0.3440E-12
  0.1000E+13  0.1000E-73  0.1000E-73  0.1000E-73  0.6980E-28  0.1160E-19  0.7870E-15  0.2690E-13  0.8090E-13  0.1360E-12  0.2190E-12  0.3030E-12  0.3570E-12  0.3580E-12  0.3440E-12
  0.1000E+14  0.1000E-73  0.1000E-73  0.1000E-73  0.6980E-28  0.1160E-19  0.7870E-15  0.2690E-13  0.8090E-13  0.1360E-12  0.2190E-12  0.3030E-12  0.3570E-12  0.3580E-12  0.3440E-12
  0.1000E+15  0.1000E-73  0.1000E-73  0.1800E-44  0.6980E-28  0.1160E-19  0.7870E-15  0.2690E-13  0.8090E-13  0.1360E-12  0.2190E-12  0.3030E-12  0.3570E-12  0.3580E-12  0.3440E-12
  0.1000E+16  0.1000E-73  0.1000E-73  0.1800E-44  0.6980E-28  0.1160E-19  0.7870E-15  0.2690E-13  0.8090E-13  0.1360E-12  0.2190E-12  0.3030E-12  0.3570E-12  0.3580E-12  0.3440E-12
  0.1000E+17  0.1000E-73  0.1000E-73  0.1830E-44  0.6980E-28  0.1160E-19  0.7870E-15  0.2690E-13  0.8090E-13  0.1360E-12  0.2190E-12  0.3030E-12  0.3570E-12  0.3580E-12  0.3440E-12
WAVELENGTH(A)= 
     2.790
 7 14 t 
excit   
    70.600    106.000    176.000    353.000    706.000   1760.000   3530.000   5290.000   7060.000  10600.000  17600.000  35300.000  70600.000 106000.000 
  0.1000E+11  0.8740E-41  0.6110E-31  0.4390E-23  0.2940E-17  0.2040E-14  0.8220E-13  0.2390E-12  0.3170E-12  0.3530E-12  0.3760E-12  0.3660E-12  0.3170E-12  0.2550E-12  0.2200E-12
  0.1000E+12  0.7870E-41  0.6110E-31  0.4390E-23  0.2940E-17  0.2040E-14  0.8220E-13  0.2390E-12  0.3170E-12  0.3530E-12  0.3760E-12  0.3660E-12  0.3170E-12  0.2550E-12  0.2200E-12
  0.1000E+13  0.8220E-41  0.6110E-31  0.4390E-23  0.2940E-17  0.2040E-14  0.8220E-13  0.2390E-12  0.3170E-12  0.3530E-12  0.3760E-12  0.3660E-12  0.3170E-12  0.2550E-12  0.2200E-12
  0.1000E+14  0.8250E-41  0.6110E-31  0.4390E-23  0.2940E-17  0.2040E-14  0.8220E-13  0.2390E-12  0.3170E-12  0.3530E-12  0.3760E-12  0.3660E-12  0.3170E-12  0.2550E-12  0.2200E-12
  0.1000E+15  0.8250E-41  0.6110E-31  0.4390E-23  0.2940E-17  0.2040E-14  0.8220E-13  0.2390E-12  0.3170E-12  0.3530E-12  0.3760E-12  0.3660E-12  0.3170E-12  0.2550E-12  0.2200E-12
  0.1000E+16  0.8250E-41  0.6110E-31  0.4390E-23  0.2940E-17  0.2040E-14  0.8220E-13  0.2390E-12  0.3170E-12  0.3530E-12  0.3760E-12  0.3660E-12  0.3170E-12  0.2550E-12  0.2200E-12
  0.1000E+17  0.8250E-41  0.6110E-31  0.4390E-23  0.2940E-17  0.2040E-14  0.8220E-13  0.2390E-12  0.3170E-12  0.3530E-12  0.3760E-12  0.3660E-12  0.3170E-12  0.2550E-12  0.2200E-12
WAVELENGTH(A)= 
     2.892
 7 14 t 
excit   
    70.600    106.000    176.000    353.000    706.000   1760.000   3530.000   5290.000   7060.000  10600.000  17600.000  35300.000  70600.000 106000.000 
  0.1000E+11  0.3910E-40  0.1430E-30  0.5700E-23  0.2450E-17  0.1380E-14  0.4890E-13  0.1360E-12  0.1780E-12  0.1970E-12  0.2090E-12  0.2030E-12  0.1760E-12  0.1430E-12  0.1230E-12
  0.1000E+12  0.4040E-40  0.1430E-30  0.5700E-23  0.2450E-17  0.1380E-14  0.4890E-13  0.1360E-12  0.1780E-12  0.1970E-12  0.2090E-12  0.2030E-12  0.1760E-12  0.1430E-12  0.1230E-12
  0.1000E+13  0.4030E-40  0.1430E-30  0.5700E-23  0.2450E-17  0.1380E-14  0.4890E-13  0.1360E-12  0.1780E-12  0.1970E-12  0.2090E-12  0.2030E-12  0.1760E-12  0.1430E-12  0.1230E-12
  0.1000E+14  0.4030E-40  0.1430E-30  0.5700E-23  0.2450E-17  0.1380E-14  0.4890E-13  0.1360E-12  0.1780E-12  0.1970E-12  0.2090E-12  0.2030E-12  0.1760E-12  0.1430E-12  0.1230E-12
  0.1000E+15  0.4030E-40  0.1430E-30  0.5700E-23  0.2450E-17  0.1380E-14  0.4890E-13  0.1360E-12  0.1780E-12  0.1970E-12  0.2090E-12  0.2030E-12  0.1760E-12  0.1430E-12  0.1230E-12
  0.1000E+16  0.4030E-40  0.1430E-30  0.5700E-23  0.2450E-17  0.1380E-14  0.4890E-13  0.1360E-12  0.1780E-12  0.1970E-12  0.2090E-12  0.2030E-12  0.1760E-12  0.1430E-12  0.1230E-12
  0.1000E+17  0.4030E-40  0.1430E-30  0.5700E-23  0.2450E-17  0.1380E-14  0.4890E-13  0.1360E-12  0.1780E-12  0.1970E-12  0.2090E-12  0.2030E-12  0.1760E-12  0.1430E-12  0.1230E-12
WAVELENGTH(A)= 
     2.977
 7 14 t 
excit   
    70.600    106.000    176.000    353.000    706.000   1760.000   3530.000   5290.000   7060.000  10600.000  17600.000  35300.000  70600.000 106000.000 
  0.1000E+11  0.1000E-73  0.1000E-73  0.1000E-73  0.1920E-28  0.3310E-20  0.2280E-15  0.7780E-14  0.2330E-13  0.3900E-13  0.6210E-13  0.8380E-13  0.9350E-13  0.8600E-13  0.7790E-13
  0.1000E+12  0.1000E-73  0.1000E-73  0.1000E-73  0.1920E-28  0.3310E-20  0.2280E-15  0.7780E-14  0.2330E-13  0.3900E-13  0.6210E-13  0.8380E-13  0.9350E-13  0.8600E-13  0.7790E-13
  0.1000E+13  0.1000E-73  0.1000E-73  0.1000E-73  0.1920E-28  0.3310E-20  0.2280E-15  0.7780E-14  0.2330E-13  0.3900E-13  0.6210E-13  0.8380E-13  0.9350E-13  0.8600E-13  0.7790E-13
  0.1000E+14  0.1000E-73  0.1000E-73  0.1000E-73  0.1920E-28  0.3310E-20  0.2280E-15  0.7780E-14  0.2330E-13  0.3900E-13  0.6210E-13  0.8380E-13  0.9350E-13  0.8600E-13  0.7790E-13
  0.1000E+15  0.1000E-73  0.1000E-73  0.1000E-73  0.1920E-28  0.3310E-20  0.2280E-15  0.7780E-14  0.2330E-13  0.3900E-13  0.6210E-13  0.8380E-13  0.9350E-13  0.8600E-13  0.7790E-13
  0.1000E+16  0.1000E-73  0.1000E-73  0.4840E-45  0.1920E-28  0.3310E-20  0.2280E-15  0.7780E-14  0.2330E-13  0.3900E-13  0.6210E-13  0.8380E-13  0.9350E-13  0.8600E-13  0.7790E-13
  0.1000E+17  0.1000E-73  0.1000E-73  0.4600E-45  0.1920E-28  0.3310E-20  0.2280E-15  0.7780E-14  0.2330E-13  0.3900E-13  0.6210E-13  0.8380E-13  0.9350E-13  0.8600E-13  0.7790E-13
WAVELENGTH(A)= 
     3.053
 7 14 t 
excit   
    70.600    106.000    176.000    353.000    706.000   1760.000   3530.000   5290.000   7060.000  10600.000  17600.000  35300.000  70600.000 106000.000 
  0.1000E+11  0.1000E-73  0.1000E-73  0.1000E-73  0.2020E-28  0.3080E-20  0.2010E-15  0.6730E-14  0.2000E-13  0.3310E-13  0.5210E-13  0.6900E-13  0.7460E-13  0.6700E-13  0.6010E-13
  0.1000E+12  0.1000E-73  0.1000E-73  0.1000E-73  0.2020E-28  0.3080E-20  0.2010E-15  0.6730E-14  0.2000E-13  0.3310E-13  0.5210E-13  0.6900E-13  0.7460E-13  0.6700E-13  0.6010E-13
  0.1000E+13  0.1000E-73  0.1000E-73  0.1000E-73  0.2020E-28  0.3080E-20  0.2010E-15  0.6730E-14  0.2000E-13  0.3310E-13  0.5210E-13  0.6900E-13  0.7460E-13  0.6700E-13  0.6010E-13
  0.1000E+14  0.1000E-73  0.1000E-73  0.7520E-45  0.2020E-28  0.3080E-20  0.2010E-15  0.6730E-14  0.2000E-13  0.3310E-13  0.5210E-13  0.6900E-13  0.7460E-13  0.6700E-13  0.6010E-13
  0.1000E+15  0.1000E-73  0.1000E-73  0.6770E-45  0.2020E-28  0.3080E-20  0.2010E-15  0.6730E-14  0.2000E-13  0.3310E-13  0.5210E-13  0.6900E-13  0.7460E-13  0.6700E-13  0.6010E-13
  0.1000E+16  0.1000E-73  0.1000E-73  0.6400E-45  0.2020E-28  0.3080E-20  0.2010E-15  0.6730E-14  0.2000E-13  0.3310E-13  0.5210E-13  0.6900E-13  0.7460E-13  0.6700E-13  0.6010E-13
  0.1000E+17  0.1000E-73  0.1000E-73  0.6430E-45  0.2020E-28  0.3080E-20  0.2010E-15  0.6730E-14  0.2000E-13  0.3310E-13  0.5210E-13  0.6900E-13  0.7460E-13  0.6700E-13  0.6010E-13
WAVELENGTH(A)= 
     3.088
 7 14 t 
excit   
    70.600    106.000    176.000    353.000    706.000   1760.000   3530.000   5290.000   7060.000  10600.000  17600.000  35300.000  70600.000 106000.000 
  0.1000E+11  0.1490E-41  0.7040E-32  0.3900E-24  0.2220E-18  0.1530E-15  0.6730E-14  0.2160E-13  0.3090E-13  0.3680E-13  0.4340E-13  0.4940E-13  0.5350E-13  0.5360E-13  0.5210E-13
  0.1000E+12  0.1340E-41  0.7040E-32  0.3900E-24  0.2220E-18  0.1530E-15  0.6730E-14  0.2160E-13  0.3090E-13  0.3680E-13  0.4340E-13  0.4940E-13  0.5350E-13  0.5360E-13  0.5210E-13
  0.1000E+13  0.1330E-41  0.7040E-32  0.3900E-24  0.2220E-18  0.1530E-15  0.6730E-14  0.2160E-13  0.3090E-13  0.3680E-13  0.4340E-13  0.4940E-13  0.5350E-13  0.5360E-13  0.5210E-13
  0.1000E+14  0.1330E-41  0.7040E-32  0.3900E-24  0.2220E-18  0.1530E-15  0.6730E-14  0.2160E-13  0.3090E-13  0.3680E-13  0.4340E-13  0.4940E-13  0.5350E-13  0.5360E-13  0.5210E-13
  0.1000E+15  0.1330E-41  0.7040E-32  0.3900E-24  0.2220E-18  0.1530E-15  0.6730E-14  0.2160E-13  0.3090E-13  0.3680E-13  0.4340E-13  0.4940E-13  0.5350E-13  0.5360E-13  0.5210E-13
  0.1000E+16  0.1330E-41  0.7040E-32  0.3900E-24  0.2220E-18  0.1530E-15  0.6730E-14  0.2160E-13  0.3090E-13  0.3680E-13  0.4340E-13  0.4940E-13  0.5350E-13  0.5360E-13  0.5210E-13
  0.1000E+17  0.1330E-41  0.7040E-32  0.3900E-24  0.2220E-18  0.1530E-15  0.6730E-14  0.2160E-13  0.3090E-13  0.3680E-13  0.4340E-13  0.4940E-13  0.5350E-13  0.5360E-13  0.5210E-13
WAVELENGTH(A)= 
     3.623
 7 14 t 
excit   
    70.600    106.000    176.000    353.000    706.000   1760.000   3530.000   5290.000   7060.000  10600.000  17600.000  35300.000  70600.000 106000.000 
  0.1000E+11  0.7860E-32  0.6680E-25  0.2140E-19  0.2510E-15  0.2450E-13  0.3620E-12  0.8580E-12  0.1140E-11  0.1310E-11  0.1510E-11  0.1700E-11  0.1830E-11  0.1830E-11  0.1770E-11
  0.1000E+12  0.7860E-32  0.6680E-25  0.2140E-19  0.2510E-15  0.2450E-13  0.3620E-12  0.8580E-12  0.1140E-11  0.1310E-11  0.1510E-11  0.1700E-11  0.1830E-11  0.1830E-11  0.1770E-11
  0.1000E+13  0.7860E-32  0.6680E-25  0.2140E-19  0.2510E-15  0.2450E-13  0.3620E-12  0.8580E-12  0.1140E-11  0.1310E-11  0.1510E-11  0.1700E-11  0.1830E-11  0.1830E-11  0.1770E-11
  0.1000E+14  0.7860E-32  0.6680E-25  0.2140E-19  0.2510E-15  0.2450E-13  0.3620E-12  0.8580E-12  0.1140E-11  0.1310E-11  0.1510E-11  0.1700E-11  0.1830E-11  0.1830E-11  0.1770E-11
  0.1000E+15  0.7860E-32  0.6680E-25  0.2140E-19  0.2510E-15  0.2450E-13  0.3620E-12  0.8580E-12  0.1140E-11  0.1310E-11  0.1510E-11  0.1700E-11  0.1830E-11  0.1830E-11  0.1770E-11
  0.1000E+16  0.7860E-32  0.6680E-25  0.2140E-19  0.2510E-15  0.2450E-13  0.3620E-12  0.8580E-12  0.1140E-11  0.1310E-11  0.1510E-11  0.1700E-11  0.1830E-11  0.1830E-11  0.1770E-11
  0.1000E+17  0.7860E-32  0.6680E-25  0.2140E-19  0.2510E-15  0.2450E-13  0.3620E-12  0.8580E-12  0.1140E-11  0.1310E-11  0.1510E-11  0.1700E-11  0.1830E-11  0.1830E-11  0.1770E-11
WAVELENGTH(A)= 
     3.886
 7 14 t 
excit   
    70.600    106.000    176.000    353.000    706.000   1760.000   3530.000   5290.000   7060.000  10600.000  17600.000  35300.000  70600.000 106000.000 
  0.1000E+11  0.1000E-73  0.1000E-73  0.1720E-40  0.8420E-26  0.2220E-18  0.5080E-14  0.1230E-12  0.3300E-12  0.5250E-12  0.8030E-12  0.1070E-11  0.1230E-11  0.1230E-11  0.1180E-11
  0.1000E+12  0.1000E-73  0.1000E-73  0.8620E-41  0.8420E-26  0.2220E-18  0.5080E-14  0.1230E-12  0.3300E-12  0.5250E-12  0.8030E-12  0.1070E-11  0.1230E-11  0.1230E-11  0.1180E-11
  0.1000E+13  0.1000E-73  0.1000E-73  0.8790E-41  0.8420E-26  0.2220E-18  0.5080E-14  0.1230E-12  0.3300E-12  0.5250E-12  0.8030E-12  0.1070E-11  0.1230E-11  0.1230E-11  0.1180E-11
  0.1000E+14  0.1000E-73  0.1000E-73  0.8840E-41  0.8420E-26  0.2220E-18  0.5080E-14  0.1230E-12  0.3300E-12  0.5250E-12  0.8030E-12  0.1070E-11  0.1230E-11  0.1230E-11  0.1180E-11
  0.1000E+15  0.1000E-73  0.1000E-73  0.8850E-41  0.8420E-26  0.2220E-18  0.5080E-14  0.1230E-12  0.3300E-12  0.5250E-12  0.8030E-12  0.1070E-11  0.1230E-11  0.1230E-11  0.1180E-11
  0.1000E+16  0.1000E-73  0.1000E-73  0.8850E-41  0.8420E-26  0.2220E-18  0.5080E-14  0.1230E-12  0.3300E-12  0.5250E-12  0.8030E-12  0.1070E-11  0.1230E-11  0.1230E-11  0.1180E-11
  0.1000E+17  0.1000E-73  0.1000E-73  0.8850E-41  0.8420E-26  0.2220E-18  0.5080E-14  0.1230E-12  0.3300E-12  0.5250E-12  0.8030E-12  0.1070E-11  0.1230E-11  0.1230E-11  0.1180E-11
WAVELENGTH(A)= 
     3.934
 7 14 t 
excit   
    70.600    106.000    176.000    353.000    706.000   1760.000   3530.000   5290.000   7060.000  10600.000  17600.000  35300.000  70600.000 106000.000 
  0.1000E+11  0.3480E-32  0.5790E-25  0.3160E-19  0.5460E-15  0.6100E-13  0.8340E-12  0.1720E-11  0.2060E-11  0.2190E-11  0.2240E-11  0.2120E-11  0.1810E-11  0.1450E-11  0.1250E-11
  0.1000E+12  0.3480E-32  0.5790E-25  0.3160E-19  0.5460E-15  0.6100E-13  0.8340E-12  0.1720E-11  0.2060E-11  0.2190E-11  0.2240E-11  0.2120E-11  0.1810E-11  0.1450E-11  0.1250E-11
  0.1000E+13  0.3480E-32  0.5790E-25  0.3160E-19  0.5460E-15  0.6100E-13  0.8340E-12  0.1720E-11  0.2060E-11  0.2190E-11  0.2240E-11  0.2120E-11  0.1810E-11  0.1450E-11  0.1250E-11
  0.1000E+14  0.3480E-32  0.5790E-25  0.3160E-19  0.5460E-15  0.6100E-13  0.8340E-12  0.1720E-11  0.2060E-11  0.2190E-11  0.2240E-11  0.2120E-11  0.1810E-11  0.1450E-11  0.1250E-11
  0.1000E+15  0.3480E-32  0.5790E-25  0.3160E-19  0.5460E-15  0.6100E-13  0.8340E-12  0.1720E-11  0.2060E-11  0.2190E-11  0.2240E-11  0.2120E-11  0.1810E-11  0.1450E-11  0.1250E-11
  0.1000E+16  0.3480E-32  0.5790E-25  0.3160E-19  0.5460E-15  0.6100E-13  0.8340E-12  0.1720E-11  0.2060E-11  0.2190E-11  0.2240E-11  0.2120E-11  0.1810E-11  0.1450E-11  0.1250E-11
  0.1000E+17  0.3480E-32  0.5790E-25  0.3160E-19  0.5460E-15  0.6100E-13  0.8340E-12  0.1720E-11  0.2060E-11  0.2190E-11  0.2240E-11  0.2120E-11  0.1810E-11  0.1450E-11  0.1250E-11
WAVELENGTH(A)= 
     4.276
 7 14 t 
excit   
    70.600    106.000    176.000    353.000    706.000   1760.000   3530.000   5290.000   7060.000  10600.000  17600.000  35300.000  70600.000 106000.000 
  0.1000E+11  0.1000E-73  0.1000E-73  0.1000E-73  0.1900E-26  0.5450E-19  0.1280E-14  0.3080E-13  0.8220E-13  0.1300E-12  0.1960E-12  0.2540E-12  0.2760E-12  0.2530E-12  0.2280E-12
  0.1000E+12  0.1000E-73  0.1000E-73  0.1000E-73  0.1900E-26  0.5450E-19  0.1280E-14  0.3080E-13  0.8220E-13  0.1300E-12  0.1960E-12  0.2540E-12  0.2760E-12  0.2530E-12  0.2280E-12
  0.1000E+13  0.1000E-73  0.1000E-73  0.1770E-41  0.1900E-26  0.5450E-19  0.1280E-14  0.3080E-13  0.8220E-13  0.1300E-12  0.1960E-12  0.2540E-12  0.2760E-12  0.2530E-12  0.2280E-12
  0.1000E+14  0.1000E-73  0.1000E-73  0.1660E-41  0.1900E-26  0.5450E-19  0.1280E-14  0.3080E-13  0.8220E-13  0.1300E-12  0.1960E-12  0.2540E-12  0.2760E-12  0.2530E-12  0.2280E-12
  0.1000E+15  0.1000E-73  0.1000E-73  0.1640E-41  0.1900E-26  0.5450E-19  0.1280E-14  0.3080E-13  0.8220E-13  0.1300E-12  0.1960E-12  0.2540E-12  0.2760E-12  0.2530E-12  0.2280E-12
  0.1000E+16  0.1000E-73  0.1000E-73  0.1640E-41  0.1900E-26  0.5450E-19  0.1280E-14  0.3080E-13  0.8220E-13  0.1300E-12  0.1960E-12  0.2540E-12  0.2760E-12  0.2530E-12  0.2280E-12
  0.1000E+17  0.1000E-73  0.1000E-73  0.1640E-41  0.1900E-26  0.5450E-19  0.1280E-14  0.3080E-13  0.8220E-13  0.1300E-12  0.1960E-12  0.2540E-12  0.2760E-12  0.2530E-12  0.2280E-12
WAVELENGTH(A)= 
     4.365
 7 14 t 
excit   
    70.600    106.000    176.000    353.000    706.000   1760.000   3530.000   5290.000   7060.000  10600.000  17600.000  35300.000  70600.000 106000.000 
  0.1000E+11  0.2690E-30  0.1030E-23  0.1740E-18  0.1240E-14  0.8920E-13  0.9350E-12  0.1760E-11  0.2040E-11  0.2130E-11  0.2130E-11  0.1990E-11  0.1670E-11  0.1340E-11  0.1150E-11
  0.1000E+12  0.2690E-30  0.1030E-23  0.1740E-18  0.1240E-14  0.8920E-13  0.9350E-12  0.1760E-11  0.2040E-11  0.2130E-11  0.2130E-11  0.1990E-11  0.1670E-11  0.1340E-11  0.1150E-11
  0.1000E+13  0.2690E-30  0.1030E-23  0.1740E-18  0.1240E-14  0.8920E-13  0.9350E-12  0.1760E-11  0.2040E-11  0.2130E-11  0.2130E-11  0.1990E-11  0.1670E-11  0.1340E-11  0.1150E-11
  0.1000E+14  0.2690E-30  0.1030E-23  0.1740E-18  0.1240E-14  0.8920E-13  0.9350E-12  0.1760E-11  0.2040E-11  0.2130E-11  0.2130E-11  0.1990E-11  0.1670E-11  0.1340E-11  0.1150E-11
  0.1000E+15  0.2690E-30  0.1030E-23  0.1740E-18  0.1240E-14  0.8920E-13  0.9350E-12  0.1760E-11  0.2040E-11  0.2130E-11  0.2130E-11  0.1990E-11  0.1670E-11  0.1340E-11  0.1150E-11
  0.1000E+16  0.2690E-30  0.1030E-23  0.1740E-18  0.1240E-14  0.8920E-13  0.9350E-12  0.1760E-11  0.2040E-11  0.2130E-11  0.2130E-11  0.1990E-11  0.1670E-11  0.1340E-11  0.1150E-11
  0.1000E+17  0.2690E-30  0.1030E-23  0.1740E-18  0.1240E-14  0.8920E-13  0.9350E-12  0.1760E-11  0.2040E-11  0.2130E-11  0.2130E-11  0.1990E-11  0.1670E-11  0.1340E-11  0.1150E-11
WAVELENGTH(A)= 
     4.610
 7 14 t 
excit   
    70.600    106.000    176.000    353.000    706.000   1760.000   3530.000   5290.000   7060.000  10600.000  17600.000  35300.000  70600.000 106000.000 
  0.1000E+11  0.1000E-73  0.1000E-73  0.9110E-41  0.5410E-26  0.1190E-18  0.2580E-14  0.6240E-13  0.1680E-12  0.2650E-12  0.3990E-12  0.5140E-12  0.5510E-12  0.5020E-12  0.4560E-12
  0.1000E+12  0.1000E-73  0.1000E-73  0.8560E-41  0.5410E-26  0.1190E-18  0.2580E-14  0.6240E-13  0.1680E-12  0.2650E-12  0.3990E-12  0.5140E-12  0.5510E-12  0.5020E-12  0.4560E-12
  0.1000E+13  0.1000E-73  0.1000E-73  0.8490E-41  0.5410E-26  0.1190E-18  0.2580E-14  0.6240E-13  0.1680E-12  0.2650E-12  0.3990E-12  0.5140E-12  0.5510E-12  0.5020E-12  0.4560E-12
  0.1000E+14  0.1000E-73  0.1000E-73  0.8490E-41  0.5410E-26  0.1190E-18  0.2580E-14  0.6240E-13  0.1680E-12  0.2650E-12  0.3990E-12  0.5140E-12  0.5510E-12  0.5020E-12  0.4560E-12
  0.1000E+15  0.1000E-73  0.1000E-73  0.8490E-41  0.5410E-26  0.1190E-18  0.2580E-14  0.6240E-13  0.1680E-12  0.2650E-12  0.3990E-12  0.5140E-12  0.5510E-12  0.5020E-12  0.4560E-12
  0.1000E+16  0.1000E-73  0.1000E-73  0.8490E-41  0.5410E-26  0.1190E-18  0.2580E-14  0.6240E-13  0.1680E-12  0.2650E-12  0.3990E-12  0.5140E-12  0.5510E-12  0.5020E-12  0.4560E-12
  0.1000E+17  0.1000E-73  0.1000E-73  0.8490E-41  0.5410E-26  0.1190E-18  0.2580E-14  0.6240E-13  0.1680E-12  0.2650E-12  0.3990E-12  0.5140E-12  0.5510E-12  0.5020E-12  0.4560E-12
WAVELENGTH(A)= 
     4.674
 7 14 t 
excit   
    70.600    106.000    176.000    353.000    706.000   1760.000   3530.000   5290.000   7060.000  10600.000  17600.000  35300.000  70600.000 106000.000 
  0.1000E+11  0.2130E-32  0.1810E-25  0.5810E-20  0.6810E-16  0.6660E-14  0.9820E-13  0.2330E-12  0.3090E-12  0.3560E-12  0.4110E-12  0.4610E-12  0.4970E-12  0.4960E-12  0.4810E-12
  0.1000E+12  0.2130E-32  0.1810E-25  0.5810E-20  0.6810E-16  0.6660E-14  0.9820E-13  0.2330E-12  0.3090E-12  0.3560E-12  0.4110E-12  0.4610E-12  0.4970E-12  0.4960E-12  0.4810E-12
  0.1000E+13  0.2130E-32  0.1810E-25  0.5810E-20  0.6810E-16  0.6660E-14  0.9820E-13  0.2330E-12  0.3090E-12  0.3560E-12  0.4110E-12  0.4610E-12  0.4970E-12  0.4960E-12  0.4810E-12
  0.1000E+14  0.2130E-32  0.1810E-25  0.5810E-20  0.6810E-16  0.6660E-14  0.9820E-13  0.2330E-12  0.3090E-12  0.3560E-12  0.4110E-12  0.4610E-12  0.4970E-12  0.4960E-12  0.4810E-12
  0.1000E+15  0.2130E-32  0.1810E-25  0.5810E-20  0.6810E-16  0.6660E-14  0.9820E-13  0.2330E-12  0.3090E-12  0.3560E-12  0.4110E-12  0.4610E-12  0.4970E-12  0.4960E-12  0.4810E-12
  0.1000E+16  0.2130E-32  0.1810E-25  0.5810E-20  0.6810E-16  0.6660E-14  0.9820E-13  0.2330E-12  0.3090E-12  0.3560E-12  0.4110E-12  0.4610E-12  0.4970E-12  0.4960E-12  0.4810E-12
  0.1000E+17  0.2130E-32  0.1810E-25  0.5810E-20  0.6810E-16  0.6660E-14  0.9820E-13  0.2330E-12  0.3090E-12  0.3560E-12  0.4110E-12  0.4610E-12  0.4970E-12  0.4960E-12  0.4810E-12
WAVELENGTH(A)= 
     4.854
 7 14 t 
excit   
    70.600    106.000    176.000    353.000    706.000   1760.000   3530.000   5290.000   7060.000  10600.000  17600.000  35300.000  70600.000 106000.000 
  0.1000E+11  0.1000E-73  0.1160E-36  0.5760E-27  0.9240E-20  0.3120E-16  0.3210E-14  0.1260E-13  0.1830E-13  0.2140E-13  0.2370E-13  0.2380E-13  0.2070E-13  0.1660E-13  0.1420E-13
  0.1000E+12  0.1000E-73  0.1160E-36  0.5760E-27  0.9240E-20  0.3120E-16  0.3210E-14  0.1260E-13  0.1830E-13  0.2140E-13  0.2370E-13  0.2380E-13  0.2070E-13  0.1660E-13  0.1420E-13
  0.1000E+13  0.1000E-73  0.1160E-36  0.5760E-27  0.9240E-20  0.3120E-16  0.3210E-14  0.1260E-13  0.1830E-13  0.2140E-13  0.2370E-13  0.2380E-13  0.2070E-13  0.1660E-13  0.1420E-13
  0.1000E+14  0.1000E-73  0.1160E-36  0.5760E-27  0.9240E-20  0.3120E-16  0.3210E-14  0.1260E-13  0.1830E-13  0.2140E-13  0.2370E-13  0.2380E-13  0.2070E-13  0.1660E-13  0.1420E-13
  0.1000E+15  0.1000E-73  0.1160E-36  0.5760E-27  0.9240E-20  0.3120E-16  0.3210E-14  0.1260E-13  0.1830E-13  0.2140E-13  0.2370E-13  0.2380E-13  0.2070E-13  0.1660E-13  0.1420E-13
  0.1000E+16  0.1000E-73  0.1160E-36  0.5760E-27  0.9240E-20  0.3120E-16  0.3210E-14  0.1260E-13  0.1830E-13  0.2140E-13  0.2370E-13  0.2380E-13  0.2070E-13  0.1660E-13  0.1420E-13
  0.1000E+17  0.1000E-73  0.1160E-36  0.5760E-27  0.9240E-20  0.3120E-16  0.3210E-14  0.1260E-13  0.1830E-13  0.2140E-13  0.2370E-13  0.2380E-13  0.2070E-13  0.1660E-13  0.1420E-13
WAVELENGTH(A)= 
     5.481
 7 14 t 
excit   
    70.600    106.000    176.000    353.000    706.000   1760.000   3530.000   5290.000   7060.000  10600.000  17600.000  35300.000  70600.000 106000.000 
  0.1000E+11  0.1000E-73  0.5640E-35  0.4960E-26  0.2270E-19  0.4280E-16  0.3290E-14  0.1240E-13  0.1870E-13  0.2270E-13  0.2740E-13  0.3170E-13  0.3490E-13  0.3540E-13  0.3430E-13
  0.1000E+12  0.1000E-73  0.5640E-35  0.4960E-26  0.2270E-19  0.4280E-16  0.3290E-14  0.1240E-13  0.1870E-13  0.2270E-13  0.2740E-13  0.3170E-13  0.3490E-13  0.3540E-13  0.3430E-13
  0.1000E+13  0.1000E-73  0.5640E-35  0.4960E-26  0.2270E-19  0.4280E-16  0.3290E-14  0.1240E-13  0.1870E-13  0.2270E-13  0.2740E-13  0.3170E-13  0.3490E-13  0.3540E-13  0.3430E-13
  0.1000E+14  0.1000E-73  0.5640E-35  0.4960E-26  0.2270E-19  0.4280E-16  0.3290E-14  0.1240E-13  0.1870E-13  0.2270E-13  0.2740E-13  0.3170E-13  0.3490E-13  0.3540E-13  0.3430E-13
  0.1000E+15  0.1000E-73  0.5640E-35  0.4960E-26  0.2270E-19  0.4280E-16  0.3290E-14  0.1240E-13  0.1870E-13  0.2270E-13  0.2740E-13  0.3170E-13  0.3490E-13  0.3540E-13  0.3430E-13
  0.1000E+16  0.3690E-46  0.5640E-35  0.4960E-26  0.2270E-19  0.4280E-16  0.3290E-14  0.1240E-13  0.1870E-13  0.2270E-13  0.2740E-13  0.3170E-13  0.3490E-13  0.3540E-13  0.3430E-13
  0.1000E+17  0.3320E-46  0.5640E-35  0.4960E-26  0.2270E-19  0.4280E-16  0.3290E-14  0.1240E-13  0.1870E-13  0.2270E-13  0.2740E-13  0.3170E-13  0.3490E-13  0.3540E-13  0.3430E-13
WAVELENGTH(A)= 
     5.779
 7 14 t 
excit   
    70.600    106.000    176.000    353.000    706.000   1760.000   3530.000   5290.000   7060.000  10600.000  17600.000  35300.000  70600.000 106000.000 
  0.1000E+11  0.1000E-73  0.1000E-73  0.1000E-73  0.1680E-29  0.7500E-21  0.9040E-16  0.3740E-14  0.1200E-13  0.2070E-13  0.3440E-13  0.4860E-13  0.5810E-13  0.5890E-13  0.5660E-13
  0.1000E+12  0.1000E-73  0.1000E-73  0.1000E-73  0.1680E-29  0.7500E-21  0.9040E-16  0.3740E-14  0.1200E-13  0.2070E-13  0.3440E-13  0.4860E-13  0.5810E-13  0.5890E-13  0.5660E-13
  0.1000E+13  0.1000E-73  0.1000E-73  0.1000E-73  0.1680E-29  0.7500E-21  0.9040E-16  0.3740E-14  0.1200E-13  0.2070E-13  0.3440E-13  0.4860E-13  0.5810E-13  0.5890E-13  0.5660E-13
  0.1000E+14  0.1000E-73  0.1000E-73  0.1000E-73  0.1680E-29  0.7500E-21  0.9040E-16  0.3740E-14  0.1200E-13  0.2070E-13  0.3440E-13  0.4860E-13  0.5810E-13  0.5890E-13  0.5660E-13
  0.1000E+15  0.1000E-73  0.1000E-73  0.1000E-73  0.1680E-29  0.7500E-21  0.9040E-16  0.3740E-14  0.1200E-13  0.2070E-13  0.3440E-13  0.4860E-13  0.5810E-13  0.5890E-13  0.5660E-13
  0.1000E+16  0.1000E-73  0.1000E-73  0.1000E-73  0.1680E-29  0.7500E-21  0.9040E-16  0.3740E-14  0.1200E-13  0.2070E-13  0.3440E-13  0.4860E-13  0.5810E-13  0.5890E-13  0.5660E-13
  0.1000E+17  0.1000E-73  0.1000E-73  0.6050E-47  0.1680E-29  0.7500E-21  0.9040E-16  0.3740E-14  0.1200E-13  0.2070E-13  0.3440E-13  0.4860E-13  0.5810E-13  0.5890E-13  0.5660E-13
WAVELENGTH(A)= 
     5.811
 7 14 t 
excit   
    70.600    106.000    176.000    353.000    706.000   1760.000   3530.000   5290.000   7060.000  10600.000  17600.000  35300.000  70600.000 106000.000 
  0.1000E+11  0.1000E-73  0.1230E-34  0.1240E-25  0.6070E-19  0.1130E-15  0.8210E-14  0.2870E-13  0.4040E-13  0.4630E-13  0.5050E-13  0.5020E-13  0.4380E-13  0.3510E-13  0.3020E-13
  0.1000E+12  0.1000E-73  0.1230E-34  0.1240E-25  0.6070E-19  0.1130E-15  0.8210E-14  0.2870E-13  0.4040E-13  0.4630E-13  0.5050E-13  0.5020E-13  0.4380E-13  0.3510E-13  0.3020E-13
  0.1000E+13  0.1000E-73  0.1230E-34  0.1240E-25  0.6070E-19  0.1130E-15  0.8210E-14  0.2870E-13  0.4040E-13  0.4630E-13  0.5050E-13  0.5020E-13  0.4380E-13  0.3510E-13  0.3020E-13
  0.1000E+14  0.1000E-73  0.1230E-34  0.1240E-25  0.6070E-19  0.1130E-15  0.8210E-14  0.2870E-13  0.4040E-13  0.4630E-13  0.5050E-13  0.5020E-13  0.4380E-13  0.3510E-13  0.3020E-13
  0.1000E+15  0.1000E-73  0.1230E-34  0.1240E-25  0.6070E-19  0.1130E-15  0.8210E-14  0.2870E-13  0.4040E-13  0.4630E-13  0.5050E-13  0.5020E-13  0.4380E-13  0.3510E-13  0.3020E-13
  0.1000E+16  0.6010E-46  0.1230E-34  0.1240E-25  0.6070E-19  0.1130E-15  0.8210E-14  0.2870E-13  0.4040E-13  0.4630E-13  0.5050E-13  0.5020E-13  0.4380E-13  0.3510E-13  0.3020E-13
  0.1000E+17  0.6010E-46  0.1230E-34  0.1240E-25  0.6070E-19  0.1130E-15  0.8210E-14  0.2870E-13  0.4040E-13  0.4630E-13  0.5050E-13  0.5020E-13  0.4380E-13  0.3510E-13  0.3020E-13
WAVELENGTH(A)= 
     6.063
 7 14 t 
excit   
    70.600    106.000    176.000    353.000    706.000   1760.000   3530.000   5290.000   7060.000  10600.000  17600.000  35300.000  70600.000 106000.000 
  0.1000E+11  0.1000E-73  0.2090E-34  0.1510E-25  0.5720E-19  0.9450E-16  0.6370E-14  0.2180E-13  0.3050E-13  0.3480E-13  0.3790E-13  0.3760E-13  0.3290E-13  0.2660E-13  0.2290E-13
  0.1000E+12  0.1000E-73  0.2090E-34  0.1510E-25  0.5720E-19  0.9450E-16  0.6370E-14  0.2180E-13  0.3050E-13  0.3480E-13  0.3790E-13  0.3760E-13  0.3290E-13  0.2660E-13  0.2290E-13
  0.1000E+13  0.1000E-73  0.2090E-34  0.1510E-25  0.5720E-19  0.9450E-16  0.6370E-14  0.2180E-13  0.3050E-13  0.3480E-13  0.3790E-13  0.3760E-13  0.3290E-13  0.2660E-13  0.2290E-13
  0.1000E+14  0.1000E-73  0.2090E-34  0.1510E-25  0.5720E-19  0.9450E-16  0.6370E-14  0.2180E-13  0.3050E-13  0.3480E-13  0.3790E-13  0.3760E-13  0.3290E-13  0.2660E-13  0.2290E-13
  0.1000E+15  0.1580E-45  0.2090E-34  0.1510E-25  0.5720E-19  0.9450E-16  0.6370E-14  0.2180E-13  0.3050E-13  0.3480E-13  0.3790E-13  0.3760E-13  0.3290E-13  0.2660E-13  0.2290E-13
  0.1000E+16  0.1580E-45  0.2090E-34  0.1510E-25  0.5720E-19  0.9450E-16  0.6370E-14  0.2180E-13  0.3050E-13  0.3480E-13  0.3790E-13  0.3760E-13  0.3290E-13  0.2660E-13  0.2290E-13
  0.1000E+17  0.1570E-45  0.2090E-34  0.1510E-25  0.5720E-19  0.9450E-16  0.6370E-14  0.2180E-13  0.3050E-13  0.3480E-13  0.3790E-13  0.3760E-13  0.3290E-13  0.2660E-13  0.2290E-13
WAVELENGTH(A)= 
     6.129
 7 14 t 
excit   
    70.600    106.000    176.000    353.000    706.000   1760.000   3530.000   5290.000   7060.000  10600.000  17600.000  35300.000  70600.000 106000.000 
  0.1000E+11  0.1000E-73  0.1000E-73  0.1000E-73  0.7160E-30  0.3260E-21  0.4000E-16  0.1650E-14  0.5270E-14  0.9090E-14  0.1490E-13  0.2060E-13  0.2320E-13  0.2150E-13  0.1950E-13
  0.1000E+12  0.1000E-73  0.1000E-73  0.1000E-73  0.7160E-30  0.3260E-21  0.4000E-16  0.1650E-14  0.5270E-14  0.9090E-14  0.1490E-13  0.2060E-13  0.2320E-13  0.2150E-13  0.1950E-13
  0.1000E+13  0.1000E-73  0.1000E-73  0.1000E-73  0.7160E-30  0.3260E-21  0.4000E-16  0.1650E-14  0.5270E-14  0.9090E-14  0.1490E-13  0.2060E-13  0.2320E-13  0.2150E-13  0.1950E-13
  0.1000E+14  0.1000E-73  0.1000E-73  0.1000E-73  0.7160E-30  0.3260E-21  0.4000E-16  0.1650E-14  0.5270E-14  0.9090E-14  0.1490E-13  0.2060E-13  0.2320E-13  0.2150E-13  0.1950E-13
  0.1000E+15  0.1000E-73  0.1000E-73  0.1000E-73  0.7160E-30  0.3260E-21  0.4000E-16  0.1650E-14  0.5270E-14  0.9090E-14  0.1490E-13  0.2060E-13  0.2320E-13  0.2150E-13  0.1950E-13
  0.1000E+16  0.1000E-73  0.1000E-73  0.1000E-73  0.7160E-30  0.3260E-21  0.4000E-16  0.1650E-14  0.5270E-14  0.9090E-14  0.1490E-13  0.2060E-13  0.2320E-13  0.2150E-13  0.1950E-13
  0.1000E+17  0.1000E-73  0.1000E-73  0.3220E-47  0.7160E-30  0.3260E-21  0.4000E-16  0.1650E-14  0.5270E-14  0.9090E-14  0.1490E-13  0.2060E-13  0.2320E-13  0.2150E-13  0.1950E-13
WAVELENGTH(A)= 
     6.314
 7 14 t 
excit   
    70.600    106.000    176.000    353.000    706.000   1760.000   3530.000   5290.000   7060.000  10600.000  17600.000  35300.000  70600.000 106000.000 
  0.1000E+11  0.1000E-73  0.1000E-73  0.1000E-73  0.9340E-30  0.3900E-21  0.4530E-16  0.1830E-14  0.5760E-14  0.9830E-14  0.1580E-13  0.2130E-13  0.2310E-13  0.2040E-13  0.1810E-13
  0.1000E+12  0.1000E-73  0.1000E-73  0.1000E-73  0.9340E-30  0.3900E-21  0.4530E-16  0.1830E-14  0.5760E-14  0.9830E-14  0.1580E-13  0.2130E-13  0.2310E-13  0.2040E-13  0.1810E-13
  0.1000E+13  0.1000E-73  0.1000E-73  0.1000E-73  0.9340E-30  0.3900E-21  0.4530E-16  0.1830E-14  0.5760E-14  0.9830E-14  0.1580E-13  0.2130E-13  0.2310E-13  0.2040E-13  0.1810E-13
  0.1000E+14  0.1000E-73  0.1000E-73  0.1000E-73  0.9340E-30  0.3900E-21  0.4530E-16  0.1830E-14  0.5760E-14  0.9830E-14  0.1580E-13  0.2130E-13  0.2310E-13  0.2040E-13  0.1810E-13
  0.1000E+15  0.1000E-73  0.1000E-73  0.1000E-73  0.9340E-30  0.3900E-21  0.4530E-16  0.1830E-14  0.5760E-14  0.9830E-14  0.1580E-13  0.2130E-13  0.2310E-13  0.2040E-13  0.1810E-13
  0.1000E+16  0.1000E-73  0.1000E-73  0.4260E-47  0.9340E-30  0.3900E-21  0.4530E-16  0.1830E-14  0.5760E-14  0.9830E-14  0.1580E-13  0.2130E-13  0.2310E-13  0.2040E-13  0.1810E-13
  0.1000E+17  0.1000E-73  0.1000E-73  0.3830E-47  0.9340E-30  0.3900E-21  0.4530E-16  0.1830E-14  0.5760E-14  0.9830E-14  0.1580E-13  0.2130E-13  0.2310E-13  0.2040E-13  0.1810E-13
WAVELENGTH(A)= 
     8.093
 7 14 t 
excit   
    70.600    106.000    176.000    353.000    706.000   1760.000   3530.000   5290.000   7060.000  10600.000  17600.000  35300.000  70600.000 106000.000 
  0.1000E+11  0.2800E-41  0.1320E-31  0.7320E-24  0.4180E-18  0.2870E-15  0.1260E-13  0.4050E-13  0.5820E-13  0.6930E-13  0.8160E-13  0.9290E-13  0.1010E-12  0.1010E-12  0.9780E-13
  0.1000E+12  0.2520E-41  0.1320E-31  0.7320E-24  0.4180E-18  0.2870E-15  0.1260E-13  0.4050E-13  0.5820E-13  0.6930E-13  0.8160E-13  0.9290E-13  0.1010E-12  0.1010E-12  0.9780E-13
  0.1000E+13  0.2490E-41  0.1320E-31  0.7320E-24  0.4180E-18  0.2870E-15  0.1260E-13  0.4050E-13  0.5820E-13  0.6930E-13  0.8160E-13  0.9290E-13  0.1010E-12  0.1010E-12  0.9780E-13
  0.1000E+14  0.2490E-41  0.1320E-31  0.7320E-24  0.4180E-18  0.2870E-15  0.1260E-13  0.4050E-13  0.5820E-13  0.6930E-13  0.8160E-13  0.9290E-13  0.1010E-12  0.1010E-12  0.9780E-13
  0.1000E+15  0.2490E-41  0.1320E-31  0.7320E-24  0.4180E-18  0.2870E-15  0.1260E-13  0.4050E-13  0.5820E-13  0.6930E-13  0.8160E-13  0.9290E-13  0.1010E-12  0.1010E-12  0.9780E-13
  0.1000E+16  0.2490E-41  0.1320E-31  0.7320E-24  0.4180E-18  0.2870E-15  0.1260E-13  0.4050E-13  0.5820E-13  0.6930E-13  0.8160E-13  0.9290E-13  0.1010E-12  0.1010E-12  0.9780E-13
  0.1000E+17  0.2490E-41  0.1320E-31  0.7320E-24  0.4180E-18  0.2870E-15  0.1260E-13  0.4050E-13  0.5820E-13  0.6930E-13  0.8160E-13  0.9290E-13  0.1010E-12  0.1010E-12  0.9780E-13
WAVELENGTH(A)= 
     8.597
 7 14 t 
excit   
    70.600    106.000    176.000    353.000    706.000   1760.000   3530.000   5290.000   7060.000  10600.000  17600.000  35300.000  70600.000 106000.000 
  0.1000E+11  0.1000E-73  0.1000E-73  0.1000E-73  0.2480E-28  0.4130E-20  0.2800E-15  0.9570E-14  0.2880E-13  0.4830E-13  0.7790E-13  0.1080E-12  0.1270E-12  0.1270E-12  0.1220E-12
  0.1000E+12  0.1000E-73  0.1000E-73  0.1000E-73  0.2480E-28  0.4130E-20  0.2800E-15  0.9570E-14  0.2880E-13  0.4830E-13  0.7790E-13  0.1080E-12  0.1270E-12  0.1270E-12  0.1220E-12
  0.1000E+13  0.1000E-73  0.1000E-73  0.1000E-73  0.2480E-28  0.4130E-20  0.2800E-15  0.9570E-14  0.2880E-13  0.4830E-13  0.7790E-13  0.1080E-12  0.1270E-12  0.1270E-12  0.1220E-12
  0.1000E+14  0.1000E-73  0.1000E-73  0.1000E-73  0.2480E-28  0.4130E-20  0.2800E-15  0.9570E-14  0.2880E-13  0.4830E-13  0.7790E-13  0.1080E-12  0.1270E-12  0.1270E-12  0.1220E-12
  0.1000E+15  0.1000E-73  0.1000E-73  0.6390E-45  0.2480E-28  0.4130E-20  0.2800E-15  0.9570E-14  0.2880E-13  0.4830E-13  0.7790E-13  0.1080E-12  0.1270E-12  0.1270E-12  0.1220E-12
  0.1000E+16  0.1000E-73  0.1000E-73  0.6390E-45  0.2480E-28  0.4130E-20  0.2800E-15  0.9570E-14  0.2880E-13  0.4830E-13  0.7790E-13  0.1080E-12  0.1270E-12  0.1270E-12  0.1220E-12
  0.1000E+17  0.1000E-73  0.1000E-73  0.6520E-45  0.2480E-28  0.4130E-20  0.2800E-15  0.9570E-14  0.2880E-13  0.4830E-13  0.7790E-13  0.1080E-12  0.1270E-12  0.1270E-12  0.1220E-12
WAVELENGTH(A)= 
     8.646
 7 14 t 
excit   
    70.600    106.000    176.000    353.000    706.000   1760.000   3530.000   5290.000   7060.000  10600.000  17600.000  35300.000  70600.000 106000.000 
  0.1000E+11  0.3150E-41  0.2200E-31  0.1580E-23  0.1060E-17  0.7360E-15  0.2960E-13  0.8630E-13  0.1140E-12  0.1270E-12  0.1360E-12  0.1320E-12  0.1140E-12  0.9200E-13  0.7930E-13
  0.1000E+12  0.2840E-41  0.2200E-31  0.1580E-23  0.1060E-17  0.7360E-15  0.2960E-13  0.8630E-13  0.1140E-12  0.1270E-12  0.1360E-12  0.1320E-12  0.1140E-12  0.9200E-13  0.7930E-13
  0.1000E+13  0.2960E-41  0.2200E-31  0.1580E-23  0.1060E-17  0.7360E-15  0.2960E-13  0.8630E-13  0.1140E-12  0.1270E-12  0.1360E-12  0.1320E-12  0.1140E-12  0.9200E-13  0.7930E-13
  0.1000E+14  0.2970E-41  0.2200E-31  0.1580E-23  0.1060E-17  0.7360E-15  0.2960E-13  0.8630E-13  0.1140E-12  0.1270E-12  0.1360E-12  0.1320E-12  0.1140E-12  0.9200E-13  0.7930E-13
  0.1000E+15  0.2970E-41  0.2200E-31  0.1580E-23  0.1060E-17  0.7360E-15  0.2960E-13  0.8630E-13  0.1140E-12  0.1270E-12  0.1360E-12  0.1320E-12  0.1140E-12  0.9200E-13  0.7930E-13
  0.1000E+16  0.2970E-41  0.2200E-31  0.1580E-23  0.1060E-17  0.7360E-15  0.2960E-13  0.8630E-13  0.1140E-12  0.1270E-12  0.1360E-12  0.1320E-12  0.1140E-12  0.9200E-13  0.7930E-13
  0.1000E+17  0.2970E-41  0.2200E-31  0.1580E-23  0.1060E-17  0.7360E-15  0.2960E-13  0.8630E-13  0.1140E-12  0.1270E-12  0.1360E-12  0.1320E-12  0.1140E-12  0.9200E-13  0.7930E-13
WAVELENGTH(A)= 
     9.292
 7 14 t 
excit   
    70.600    106.000    176.000    353.000    706.000   1760.000   3530.000   5290.000   7060.000  10600.000  17600.000  35300.000  70600.000 106000.000 
  0.1000E+11  0.1000E-73  0.1000E-73  0.1000E-73  0.9840E-29  0.1700E-20  0.1170E-15  0.3990E-14  0.1200E-13  0.2000E-13  0.3190E-13  0.4300E-13  0.4800E-13  0.4410E-13  0.4000E-13
  0.1000E+12  0.1000E-73  0.1000E-73  0.1000E-73  0.9840E-29  0.1700E-20  0.1170E-15  0.3990E-14  0.1200E-13  0.2000E-13  0.3190E-13  0.4300E-13  0.4800E-13  0.4410E-13  0.4000E-13
  0.1000E+13  0.1000E-73  0.1000E-73  0.1000E-73  0.9840E-29  0.1700E-20  0.1170E-15  0.3990E-14  0.1200E-13  0.2000E-13  0.3190E-13  0.4300E-13  0.4800E-13  0.4410E-13  0.4000E-13
  0.1000E+14  0.1000E-73  0.1000E-73  0.1000E-73  0.9840E-29  0.1700E-20  0.1170E-15  0.3990E-14  0.1200E-13  0.2000E-13  0.3190E-13  0.4300E-13  0.4800E-13  0.4410E-13  0.4000E-13
  0.1000E+15  0.1000E-73  0.1000E-73  0.1000E-73  0.9840E-29  0.1700E-20  0.1170E-15  0.3990E-14  0.1200E-13  0.2000E-13  0.3190E-13  0.4300E-13  0.4800E-13  0.4410E-13  0.4000E-13
  0.1000E+16  0.1000E-73  0.1000E-73  0.2480E-45  0.9840E-29  0.1700E-20  0.1170E-15  0.3990E-14  0.1200E-13  0.2000E-13  0.3190E-13  0.4300E-13  0.4800E-13  0.4410E-13  0.4000E-13
  0.1000E+17  0.1000E-73  0.1000E-73  0.2360E-45  0.9840E-29  0.1700E-20  0.1170E-15  0.3990E-14  0.1200E-13  0.2000E-13  0.3190E-13  0.4300E-13  0.4800E-13  0.4410E-13  0.4000E-13
WAVELENGTH(A)= 
     9.701
 7 14 t 
excit   
    70.600    106.000    176.000    353.000    706.000   1760.000   3530.000   5290.000   7060.000  10600.000  17600.000  35300.000  70600.000 106000.000 
  0.1000E+11  0.2760E-40  0.1010E-30  0.4030E-23  0.1730E-17  0.9720E-15  0.3450E-13  0.9600E-13  0.1260E-12  0.1390E-12  0.1480E-12  0.1430E-12  0.1250E-12  0.1010E-12  0.8680E-13
  0.1000E+12  0.2850E-40  0.1010E-30  0.4030E-23  0.1730E-17  0.9720E-15  0.3450E-13  0.9600E-13  0.1260E-12  0.1390E-12  0.1480E-12  0.1430E-12  0.1250E-12  0.1010E-12  0.8680E-13
  0.1000E+13  0.2850E-40  0.1010E-30  0.4030E-23  0.1730E-17  0.9720E-15  0.3450E-13  0.9600E-13  0.1260E-12  0.1390E-12  0.1480E-12  0.1430E-12  0.1250E-12  0.1010E-12  0.8680E-13
  0.1000E+14  0.2850E-40  0.1010E-30  0.4030E-23  0.1730E-17  0.9720E-15  0.3450E-13  0.9600E-13  0.1260E-12  0.1390E-12  0.1480E-12  0.1430E-12  0.1250E-12  0.1010E-12  0.8680E-13
  0.1000E+15  0.2850E-40  0.1010E-30  0.4030E-23  0.1730E-17  0.9720E-15  0.3450E-13  0.9600E-13  0.1260E-12  0.1390E-12  0.1480E-12  0.1430E-12  0.1250E-12  0.1010E-12  0.8680E-13
  0.1000E+16  0.2850E-40  0.1010E-30  0.4030E-23  0.1730E-17  0.9720E-15  0.3450E-13  0.9600E-13  0.1260E-12  0.1390E-12  0.1480E-12  0.1430E-12  0.1250E-12  0.1010E-12  0.8680E-13
  0.1000E+17  0.2850E-40  0.1010E-30  0.4030E-23  0.1730E-17  0.9720E-15  0.3450E-13  0.9600E-13  0.1260E-12  0.1390E-12  0.1480E-12  0.1430E-12  0.1250E-12  0.1010E-12  0.8680E-13
WAVELENGTH(A)= 
    10.082
 7 14 t 
excit   
    70.600    106.000    176.000    353.000    706.000   1760.000   3530.000   5290.000   7060.000  10600.000  17600.000  35300.000  70600.000 106000.000 
  0.1000E+11  0.1000E-73  0.1000E-73  0.1000E-73  0.2370E-28  0.3630E-20  0.2360E-15  0.7920E-14  0.2350E-13  0.3900E-13  0.6130E-13  0.8120E-13  0.8770E-13  0.7890E-13  0.7070E-13
  0.1000E+12  0.1000E-73  0.1000E-73  0.1000E-73  0.2370E-28  0.3630E-20  0.2360E-15  0.7920E-14  0.2350E-13  0.3900E-13  0.6130E-13  0.8120E-13  0.8770E-13  0.7890E-13  0.7070E-13
  0.1000E+13  0.1000E-73  0.1000E-73  0.1000E-73  0.2370E-28  0.3630E-20  0.2360E-15  0.7920E-14  0.2350E-13  0.3900E-13  0.6130E-13  0.8120E-13  0.8770E-13  0.7890E-13  0.7070E-13
  0.1000E+14  0.1000E-73  0.1000E-73  0.8860E-45  0.2370E-28  0.3630E-20  0.2360E-15  0.7920E-14  0.2350E-13  0.3900E-13  0.6130E-13  0.8120E-13  0.8770E-13  0.7890E-13  0.7070E-13
  0.1000E+15  0.1000E-73  0.1000E-73  0.7970E-45  0.2370E-28  0.3630E-20  0.2360E-15  0.7920E-14  0.2350E-13  0.3900E-13  0.6130E-13  0.8120E-13  0.8770E-13  0.7890E-13  0.7070E-13
  0.1000E+16  0.1000E-73  0.1000E-73  0.7530E-45  0.2370E-28  0.3630E-20  0.2360E-15  0.7920E-14  0.2350E-13  0.3900E-13  0.6130E-13  0.8120E-13  0.8770E-13  0.7890E-13  0.7070E-13
  0.1000E+17  0.1000E-73  0.1000E-73  0.7560E-45  0.2370E-28  0.3630E-20  0.2360E-15  0.7920E-14  0.2350E-13  0.3900E-13  0.6130E-13  0.8120E-13  0.8770E-13  0.7890E-13  0.7070E-13
WAVELENGTH(A)= 
    10.155
 7 14 t 
excit   
    70.600    106.000    176.000    353.000    706.000   1760.000   3530.000   5290.000   7060.000  10600.000  17600.000  35300.000  70600.000 106000.000 
  0.1000E+11  0.1770E-41  0.8340E-32  0.4610E-24  0.2630E-18  0.1810E-15  0.7970E-14  0.2550E-13  0.3660E-13  0.4360E-13  0.5140E-13  0.5850E-13  0.6340E-13  0.6350E-13  0.6160E-13
  0.1000E+12  0.1590E-41  0.8340E-32  0.4610E-24  0.2630E-18  0.1810E-15  0.7970E-14  0.2550E-13  0.3660E-13  0.4360E-13  0.5140E-13  0.5850E-13  0.6340E-13  0.6350E-13  0.6160E-13
  0.1000E+13  0.1570E-41  0.8340E-32  0.4610E-24  0.2630E-18  0.1810E-15  0.7970E-14  0.2550E-13  0.3660E-13  0.4360E-13  0.5140E-13  0.5850E-13  0.6340E-13  0.6350E-13  0.6160E-13
  0.1000E+14  0.1570E-41  0.8340E-32  0.4610E-24  0.2630E-18  0.1810E-15  0.7970E-14  0.2550E-13  0.3660E-13  0.4360E-13  0.5140E-13  0.5850E-13  0.6340E-13  0.6350E-13  0.6160E-13
  0.1000E+15  0.1570E-41  0.8340E-32  0.4610E-24  0.2630E-18  0.1810E-15  0.7970E-14  0.2550E-13  0.3660E-13  0.4360E-13  0.5140E-13  0.5850E-13  0.6340E-13  0.6350E-13  0.6160E-13
  0.1000E+16  0.1570E-41  0.8340E-32  0.4610E-24  0.2630E-18  0.1810E-15  0.7970E-14  0.2550E-13  0.3660E-13  0.4360E-13  0.5140E-13  0.5850E-13  0.6340E-13  0.6350E-13  0.6160E-13
  0.1000E+17  0.1570E-41  0.8340E-32  0.4610E-24  0.2630E-18  0.1810E-15  0.7970E-14  0.2550E-13  0.3660E-13  0.4360E-13  0.5140E-13  0.5850E-13  0.6340E-13  0.6350E-13  0.6160E-13
WAVELENGTH(A)= 
    15.211
 7 14 t 
excit   
    70.600    106.000    176.000    353.000    706.000   1760.000   3530.000   5290.000   7060.000  10600.000  17600.000  35300.000  70600.000 106000.000 
  0.1000E+11  0.1000E-73  0.2600E-35  0.2290E-26  0.1050E-19  0.1980E-16  0.1520E-14  0.5720E-14  0.8610E-14  0.1050E-13  0.1260E-13  0.1460E-13  0.1610E-13  0.1630E-13  0.1580E-13
  0.1000E+12  0.1000E-73  0.2600E-35  0.2290E-26  0.1050E-19  0.1980E-16  0.1520E-14  0.5720E-14  0.8610E-14  0.1050E-13  0.1260E-13  0.1460E-13  0.1610E-13  0.1630E-13  0.1580E-13
  0.1000E+13  0.1000E-73  0.2600E-35  0.2290E-26  0.1050E-19  0.1980E-16  0.1520E-14  0.5720E-14  0.8610E-14  0.1050E-13  0.1260E-13  0.1460E-13  0.1610E-13  0.1630E-13  0.1580E-13
  0.1000E+14  0.1000E-73  0.2600E-35  0.2290E-26  0.1050E-19  0.1980E-16  0.1520E-14  0.5720E-14  0.8610E-14  0.1050E-13  0.1260E-13  0.1460E-13  0.1610E-13  0.1630E-13  0.1580E-13
  0.1000E+15  0.1000E-73  0.2600E-35  0.2290E-26  0.1050E-19  0.1980E-16  0.1520E-14  0.5720E-14  0.8610E-14  0.1050E-13  0.1260E-13  0.1460E-13  0.1610E-13  0.1630E-13  0.1580E-13
  0.1000E+16  0.1700E-46  0.2600E-35  0.2290E-26  0.1050E-19  0.1980E-16  0.1520E-14  0.5720E-14  0.8610E-14  0.1050E-13  0.1260E-13  0.1460E-13  0.1610E-13  0.1630E-13  0.1580E-13
  0.1000E+17  0.1530E-46  0.2600E-35  0.2290E-26  0.1050E-19  0.1980E-16  0.1520E-14  0.5720E-14  0.8610E-14  0.1050E-13  0.1260E-13  0.1460E-13  0.1610E-13  0.1630E-13  0.1580E-13
WAVELENGTH(A)= 
    16.018
 7 14 t 
excit   
    70.600    106.000    176.000    353.000    706.000   1760.000   3530.000   5290.000   7060.000  10600.000  17600.000  35300.000  70600.000 106000.000 
  0.1000E+11  0.1000E-73  0.1000E-73  0.1000E-73  0.7480E-30  0.3330E-21  0.4010E-16  0.1660E-14  0.5320E-14  0.9200E-14  0.1520E-13  0.2160E-13  0.2580E-13  0.2620E-13  0.2510E-13
  0.1000E+12  0.1000E-73  0.1000E-73  0.1000E-73  0.7480E-30  0.3330E-21  0.4010E-16  0.1660E-14  0.5320E-14  0.9200E-14  0.1520E-13  0.2160E-13  0.2580E-13  0.2620E-13  0.2510E-13
  0.1000E+13  0.1000E-73  0.1000E-73  0.1000E-73  0.7480E-30  0.3330E-21  0.4010E-16  0.1660E-14  0.5320E-14  0.9200E-14  0.1520E-13  0.2160E-13  0.2580E-13  0.2620E-13  0.2510E-13
  0.1000E+14  0.1000E-73  0.1000E-73  0.1000E-73  0.7480E-30  0.3330E-21  0.4010E-16  0.1660E-14  0.5320E-14  0.9200E-14  0.1520E-13  0.2160E-13  0.2580E-13  0.2620E-13  0.2510E-13
  0.1000E+15  0.1000E-73  0.1000E-73  0.1000E-73  0.7480E-30  0.3330E-21  0.4010E-16  0.1660E-14  0.5320E-14  0.9200E-14  0.1520E-13  0.2160E-13  0.2580E-13  0.2620E-13  0.2510E-13
  0.1000E+16  0.1000E-73  0.1000E-73  0.1000E-73  0.7480E-30  0.3330E-21  0.4010E-16  0.1660E-14  0.5320E-14  0.9200E-14  0.1520E-13  0.2160E-13  0.2580E-13  0.2620E-13  0.2510E-13
  0.1000E+17  0.1000E-73  0.1000E-73  0.2690E-47  0.7480E-30  0.3330E-21  0.4010E-16  0.1660E-14  0.5320E-14  0.9200E-14  0.1520E-13  0.2160E-13  0.2580E-13  0.2620E-13  0.2510E-13
WAVELENGTH(A)= 
    16.089
 7 14 t 
excit   
    70.600    106.000    176.000    353.000    706.000   1760.000   3530.000   5290.000   7060.000  10600.000  17600.000  35300.000  70600.000 106000.000 
  0.1000E+11  0.1000E-73  0.5430E-35  0.5490E-26  0.2680E-19  0.5000E-16  0.3620E-14  0.1270E-13  0.1780E-13  0.2040E-13  0.2230E-13  0.2210E-13  0.1930E-13  0.1550E-13  0.1330E-13
  0.1000E+12  0.1000E-73  0.5430E-35  0.5490E-26  0.2680E-19  0.5000E-16  0.3620E-14  0.1270E-13  0.1780E-13  0.2040E-13  0.2230E-13  0.2210E-13  0.1930E-13  0.1550E-13  0.1330E-13
  0.1000E+13  0.1000E-73  0.5430E-35  0.5490E-26  0.2680E-19  0.5000E-16  0.3620E-14  0.1270E-13  0.1780E-13  0.2040E-13  0.2230E-13  0.2210E-13  0.1930E-13  0.1550E-13  0.1330E-13
  0.1000E+14  0.1000E-73  0.5430E-35  0.5490E-26  0.2680E-19  0.5000E-16  0.3620E-14  0.1270E-13  0.1780E-13  0.2040E-13  0.2230E-13  0.2210E-13  0.1930E-13  0.1550E-13  0.1330E-13
  0.1000E+15  0.1000E-73  0.5430E-35  0.5490E-26  0.2680E-19  0.5000E-16  0.3620E-14  0.1270E-13  0.1780E-13  0.2040E-13  0.2230E-13  0.2210E-13  0.1930E-13  0.1550E-13  0.1330E-13
  0.1000E+16  0.2650E-46  0.5430E-35  0.5490E-26  0.2680E-19  0.5000E-16  0.3620E-14  0.1270E-13  0.1780E-13  0.2040E-13  0.2230E-13  0.2210E-13  0.1930E-13  0.1550E-13  0.1330E-13
  0.1000E+17  0.2650E-46  0.5430E-35  0.5490E-26  0.2680E-19  0.5000E-16  0.3620E-14  0.1270E-13  0.1780E-13  0.2040E-13  0.2230E-13  0.2210E-13  0.1930E-13  0.1550E-13  0.1330E-13
WAVELENGTH(A)= 
    18.185
 7 14 t 
excit   
    70.600    106.000    176.000    353.000    706.000   1760.000   3530.000   5290.000   7060.000  10600.000  17600.000  35300.000  70600.000 106000.000 
  0.1000E+11  0.1000E-73  0.1590E-34  0.1150E-25  0.4360E-19  0.7210E-16  0.4860E-14  0.1660E-13  0.2320E-13  0.2650E-13  0.2890E-13  0.2870E-13  0.2510E-13  0.2030E-13  0.1750E-13
  0.1000E+12  0.1000E-73  0.1590E-34  0.1150E-25  0.4360E-19  0.7210E-16  0.4860E-14  0.1660E-13  0.2320E-13  0.2650E-13  0.2890E-13  0.2870E-13  0.2510E-13  0.2030E-13  0.1750E-13
  0.1000E+13  0.1000E-73  0.1590E-34  0.1150E-25  0.4360E-19  0.7210E-16  0.4860E-14  0.1660E-13  0.2320E-13  0.2650E-13  0.2890E-13  0.2870E-13  0.2510E-13  0.2030E-13  0.1750E-13
  0.1000E+14  0.1000E-73  0.1590E-34  0.1150E-25  0.4360E-19  0.7210E-16  0.4860E-14  0.1660E-13  0.2320E-13  0.2650E-13  0.2890E-13  0.2870E-13  0.2510E-13  0.2030E-13  0.1750E-13
  0.1000E+15  0.1210E-45  0.1590E-34  0.1150E-25  0.4360E-19  0.7210E-16  0.4860E-14  0.1660E-13  0.2320E-13  0.2650E-13  0.2890E-13  0.2870E-13  0.2510E-13  0.2030E-13  0.1750E-13
  0.1000E+16  0.1210E-45  0.1590E-34  0.1150E-25  0.4360E-19  0.7210E-16  0.4860E-14  0.1660E-13  0.2320E-13  0.2650E-13  0.2890E-13  0.2870E-13  0.2510E-13  0.2030E-13  0.1750E-13
  0.1000E+17  0.1200E-45  0.1590E-34  0.1150E-25  0.4360E-19  0.7210E-16  0.4860E-14  0.1660E-13  0.2320E-13  0.2650E-13  0.2890E-13  0.2870E-13  0.2510E-13  0.2030E-13  0.1750E-13
WAVELENGTH(A)= 
    18.699
 7 14 t 
excit   
    70.600    106.000    176.000    353.000    706.000   1760.000   3530.000   5290.000   7060.000  10600.000  17600.000  35300.000  70600.000 106000.000 
  0.1000E+11  0.1000E-73  0.1000E-73  0.1000E-73  0.9280E-30  0.3880E-21  0.4500E-16  0.1820E-14  0.5730E-14  0.9770E-14  0.1570E-13  0.2120E-13  0.2290E-13  0.2030E-13  0.1800E-13
  0.1000E+12  0.1000E-73  0.1000E-73  0.1000E-73  0.9280E-30  0.3880E-21  0.4500E-16  0.1820E-14  0.5730E-14  0.9770E-14  0.1570E-13  0.2120E-13  0.2290E-13  0.2030E-13  0.1800E-13
  0.1000E+13  0.1000E-73  0.1000E-73  0.1000E-73  0.9280E-30  0.3880E-21  0.4500E-16  0.1820E-14  0.5730E-14  0.9770E-14  0.1570E-13  0.2120E-13  0.2290E-13  0.2030E-13  0.1800E-13
  0.1000E+14  0.1000E-73  0.1000E-73  0.1000E-73  0.9280E-30  0.3880E-21  0.4500E-16  0.1820E-14  0.5730E-14  0.9770E-14  0.1570E-13  0.2120E-13  0.2290E-13  0.2030E-13  0.1800E-13
  0.1000E+15  0.1000E-73  0.1000E-73  0.1000E-73  0.9280E-30  0.3880E-21  0.4500E-16  0.1820E-14  0.5730E-14  0.9770E-14  0.1570E-13  0.2120E-13  0.2290E-13  0.2030E-13  0.1800E-13
  0.1000E+16  0.1000E-73  0.1000E-73  0.4230E-47  0.9280E-30  0.3880E-21  0.4500E-16  0.1820E-14  0.5730E-14  0.9770E-14  0.1570E-13  0.2120E-13  0.2290E-13  0.2030E-13  0.1800E-13
  0.1000E+17  0.1000E-73  0.1000E-73  0.3810E-47  0.9280E-30  0.3880E-21  0.4500E-16  0.1820E-14  0.5730E-14  0.9770E-14  0.1570E-13  0.2120E-13  0.2290E-13  0.2030E-13  0.1800E-13
WAVELENGTH(A)= 
    30.075
 7 14 t 
excit   
    70.600    106.000    176.000    353.000    706.000   1760.000   3530.000   5290.000   7060.000  10600.000  17600.000  35300.000  70600.000 106000.000 
  0.1000E+11  0.3330E-11  0.1930E-10  0.7230E-10  0.1740E-09  0.2400E-09  0.2490E-09  0.2250E-09  0.2060E-09  0.1920E-09  0.1730E-09  0.1490E-09  0.1190E-09  0.9420E-10  0.8150E-10
  0.1000E+12  0.3330E-11  0.1930E-10  0.7230E-10  0.1740E-09  0.2400E-09  0.2490E-09  0.2250E-09  0.2060E-09  0.1920E-09  0.1730E-09  0.1490E-09  0.1190E-09  0.9420E-10  0.8150E-10
  0.1000E+13  0.3330E-11  0.1930E-10  0.7230E-10  0.1740E-09  0.2400E-09  0.2490E-09  0.2250E-09  0.2060E-09  0.1920E-09  0.1730E-09  0.1490E-09  0.1190E-09  0.9420E-10  0.8150E-10
  0.1000E+14  0.3330E-11  0.1930E-10  0.7230E-10  0.1740E-09  0.2400E-09  0.2490E-09  0.2250E-09  0.2060E-09  0.1920E-09  0.1730E-09  0.1490E-09  0.1190E-09  0.9420E-10  0.8150E-10
  0.1000E+15  0.3330E-11  0.1930E-10  0.7230E-10  0.1740E-09  0.2400E-09  0.2490E-09  0.2250E-09  0.2060E-09  0.1920E-09  0.1730E-09  0.1490E-09  0.1190E-09  0.9420E-10  0.8150E-10
  0.1000E+16  0.3330E-11  0.1930E-10  0.7230E-10  0.1740E-09  0.2400E-09  0.2490E-09  0.2250E-09  0.2060E-09  0.1920E-09  0.1730E-09  0.1490E-09  0.1190E-09  0.9420E-10  0.8150E-10
  0.1000E+17  0.3330E-11  0.1930E-10  0.7230E-10  0.1740E-09  0.2400E-09  0.2490E-09  0.2250E-09  0.2060E-09  0.1920E-09  0.1730E-09  0.1490E-09  0.1190E-09  0.9420E-10  0.8150E-10
WAVELENGTH(A)= 
    34.531
 7 14 t 
excit   
    70.600    106.000    176.000    353.000    706.000   1760.000   3530.000   5290.000   7060.000  10600.000  17600.000  35300.000  70600.000 106000.000 
  0.1000E+11  0.1000E-73  0.1000E-73  0.1220E-35  0.3800E-24  0.1790E-18  0.3670E-15  0.4050E-14  0.8510E-14  0.1200E-13  0.1660E-13  0.2060E-13  0.2300E-13  0.2300E-13  0.2220E-13
  0.1000E+12  0.1000E-73  0.1000E-73  0.1220E-35  0.3800E-24  0.1790E-18  0.3670E-15  0.4050E-14  0.8510E-14  0.1200E-13  0.1660E-13  0.2060E-13  0.2300E-13  0.2300E-13  0.2220E-13
  0.1000E+13  0.1000E-73  0.1000E-73  0.1220E-35  0.3800E-24  0.1790E-18  0.3670E-15  0.4050E-14  0.8510E-14  0.1200E-13  0.1660E-13  0.2060E-13  0.2300E-13  0.2300E-13  0.2220E-13
  0.1000E+14  0.1000E-73  0.1000E-73  0.1220E-35  0.3800E-24  0.1790E-18  0.3670E-15  0.4050E-14  0.8510E-14  0.1200E-13  0.1660E-13  0.2060E-13  0.2300E-13  0.2300E-13  0.2220E-13
  0.1000E+15  0.1000E-73  0.1000E-73  0.1220E-35  0.3800E-24  0.1790E-18  0.3670E-15  0.4050E-14  0.8510E-14  0.1200E-13  0.1660E-13  0.2060E-13  0.2300E-13  0.2300E-13  0.2220E-13
  0.1000E+16  0.1000E-73  0.1000E-73  0.1220E-35  0.3800E-24  0.1790E-18  0.3670E-15  0.4050E-14  0.8510E-14  0.1200E-13  0.1660E-13  0.2060E-13  0.2300E-13  0.2300E-13  0.2220E-13
  0.1000E+17  0.1000E-73  0.1000E-73  0.1220E-35  0.3800E-24  0.1790E-18  0.3670E-15  0.4050E-14  0.8510E-14  0.1200E-13  0.1660E-13  0.2060E-13  0.2300E-13  0.2300E-13  0.2220E-13
WAVELENGTH(A)= 
    34.723
 7 14 t 
excit   
    70.600    106.000    176.000    353.000    706.000   1760.000   3530.000   5290.000   7060.000  10600.000  17600.000  35300.000  70600.000 106000.000 
  0.1000E+11  0.1880E-14  0.5820E-13  0.8250E-12  0.5200E-11  0.1110E-10  0.1380E-10  0.1250E-10  0.1120E-10  0.1020E-10  0.8760E-11  0.7170E-11  0.5390E-11  0.4030E-11  0.3390E-11
  0.1000E+12  0.1880E-14  0.5820E-13  0.8250E-12  0.5200E-11  0.1110E-10  0.1380E-10  0.1250E-10  0.1120E-10  0.1020E-10  0.8760E-11  0.7170E-11  0.5390E-11  0.4030E-11  0.3390E-11
  0.1000E+13  0.1880E-14  0.5820E-13  0.8250E-12  0.5200E-11  0.1110E-10  0.1380E-10  0.1250E-10  0.1120E-10  0.1020E-10  0.8760E-11  0.7170E-11  0.5390E-11  0.4030E-11  0.3390E-11
  0.1000E+14  0.1880E-14  0.5820E-13  0.8250E-12  0.5200E-11  0.1110E-10  0.1380E-10  0.1250E-10  0.1120E-10  0.1020E-10  0.8760E-11  0.7170E-11  0.5390E-11  0.4030E-11  0.3390E-11
  0.1000E+15  0.1880E-14  0.5820E-13  0.8250E-12  0.5200E-11  0.1110E-10  0.1380E-10  0.1250E-10  0.1120E-10  0.1020E-10  0.8760E-11  0.7170E-11  0.5390E-11  0.4030E-11  0.3390E-11
  0.1000E+16  0.1880E-14  0.5820E-13  0.8250E-12  0.5200E-11  0.1110E-10  0.1380E-10  0.1250E-10  0.1120E-10  0.1020E-10  0.8760E-11  0.7170E-11  0.5390E-11  0.4030E-11  0.3390E-11
  0.1000E+17  0.1880E-14  0.5820E-13  0.8250E-12  0.5210E-11  0.1110E-10  0.1380E-10  0.1250E-10  0.1120E-10  0.1020E-10  0.8760E-11  0.7170E-11  0.5390E-11  0.4030E-11  0.3390E-11
