 50  7 14
WAVELENGTH(A)= 
     1.090
 7 14 t 
excit   
    82.000    123.000    205.000    410.000    820.000   2050.000   4100.000   6150.000   8200.000  12300.000  20500.000  41000.000  82000.000 123000.000 
  0.1000E+11  0.1000E-73  0.1000E-73  0.7390E-37  0.5750E-25  0.4280E-19  0.1120E-15  0.1280E-14  0.2670E-14  0.3720E-14  0.4920E-14  0.5680E-14  0.5550E-14  0.4730E-14  0.4140E-14
  0.1000E+12  0.1000E-73  0.1000E-73  0.7390E-37  0.5750E-25  0.4280E-19  0.1120E-15  0.1280E-14  0.2670E-14  0.3720E-14  0.4920E-14  0.5680E-14  0.5550E-14  0.4730E-14  0.4140E-14
  0.1000E+13  0.1000E-73  0.1000E-73  0.7390E-37  0.5750E-25  0.4280E-19  0.1120E-15  0.1280E-14  0.2670E-14  0.3720E-14  0.4920E-14  0.5680E-14  0.5550E-14  0.4730E-14  0.4140E-14
  0.1000E+14  0.1000E-73  0.1000E-73  0.7390E-37  0.5750E-25  0.4280E-19  0.1120E-15  0.1280E-14  0.2670E-14  0.3720E-14  0.4920E-14  0.5680E-14  0.5550E-14  0.4730E-14  0.4140E-14
  0.1000E+15  0.1000E-73  0.1000E-73  0.7390E-37  0.5750E-25  0.4280E-19  0.1120E-15  0.1280E-14  0.2670E-14  0.3720E-14  0.4920E-14  0.5680E-14  0.5550E-14  0.4730E-14  0.4140E-14
  0.1000E+16  0.1000E-73  0.1000E-73  0.7390E-37  0.5750E-25  0.4280E-19  0.1120E-15  0.1280E-14  0.2670E-14  0.3720E-14  0.4920E-14  0.5680E-14  0.5550E-14  0.4730E-14  0.4140E-14
  0.1000E+17  0.1000E-73  0.1000E-73  0.7390E-37  0.5750E-25  0.4280E-19  0.1120E-15  0.1280E-14  0.2670E-14  0.3720E-14  0.4920E-14  0.5680E-14  0.5550E-14  0.4730E-14  0.4140E-14
WAVELENGTH(A)= 
     1.118
 7 14 t 
excit   
    82.000    123.000    205.000    410.000    820.000   2050.000   4100.000   6150.000   8200.000  12300.000  20500.000  41000.000  82000.000 123000.000 
  0.1000E+11  0.1000E-73  0.1000E-73  0.2540E-34  0.9970E-23  0.5280E-17  0.1180E-13  0.1370E-12  0.2990E-12  0.4340E-12  0.6210E-12  0.8160E-12  0.9930E-12  0.1070E-11  0.1080E-11
  0.1000E+12  0.1000E-73  0.1000E-73  0.2540E-34  0.9970E-23  0.5280E-17  0.1180E-13  0.1370E-12  0.2990E-12  0.4340E-12  0.6210E-12  0.8160E-12  0.9930E-12  0.1070E-11  0.1080E-11
  0.1000E+13  0.1000E-73  0.1000E-73  0.2540E-34  0.9970E-23  0.5280E-17  0.1180E-13  0.1370E-12  0.2990E-12  0.4340E-12  0.6210E-12  0.8160E-12  0.9930E-12  0.1070E-11  0.1080E-11
  0.1000E+14  0.1000E-73  0.1000E-73  0.2540E-34  0.9970E-23  0.5280E-17  0.1180E-13  0.1370E-12  0.2990E-12  0.4340E-12  0.6210E-12  0.8160E-12  0.9930E-12  0.1070E-11  0.1080E-11
  0.1000E+15  0.1000E-73  0.1000E-73  0.2540E-34  0.9970E-23  0.5280E-17  0.1180E-13  0.1370E-12  0.2990E-12  0.4340E-12  0.6210E-12  0.8160E-12  0.9930E-12  0.1070E-11  0.1080E-11
  0.1000E+16  0.1000E-73  0.1000E-73  0.2540E-34  0.9970E-23  0.5280E-17  0.1180E-13  0.1370E-12  0.2990E-12  0.4340E-12  0.6210E-12  0.8160E-12  0.9930E-12  0.1070E-11  0.1080E-11
  0.1000E+17  0.1000E-73  0.1000E-73  0.2540E-34  0.9970E-23  0.5280E-17  0.1180E-13  0.1370E-12  0.2990E-12  0.4340E-12  0.6210E-12  0.8160E-12  0.9930E-12  0.1070E-11  0.1080E-11
WAVELENGTH(A)= 
     1.224
 7 14 t 
excit   
    82.000    123.000    205.000    410.000    820.000   2050.000   4100.000   6150.000   8200.000  12300.000  20500.000  41000.000  82000.000 123000.000 
  0.1000E+11  0.1000E-73  0.1000E-73  0.1360E-31  0.5040E-21  0.8240E-16  0.8750E-13  0.7710E-12  0.1500E-11  0.2050E-11  0.2730E-11  0.3310E-11  0.3640E-11  0.3600E-11  0.3480E-11
  0.1000E+12  0.1000E-73  0.1000E-73  0.1360E-31  0.5040E-21  0.8240E-16  0.8750E-13  0.7710E-12  0.1500E-11  0.2050E-11  0.2730E-11  0.3310E-11  0.3640E-11  0.3600E-11  0.3480E-11
  0.1000E+13  0.1000E-73  0.1000E-73  0.1360E-31  0.5040E-21  0.8240E-16  0.8750E-13  0.7710E-12  0.1500E-11  0.2050E-11  0.2730E-11  0.3310E-11  0.3640E-11  0.3600E-11  0.3480E-11
  0.1000E+14  0.1000E-73  0.1000E-73  0.1360E-31  0.5040E-21  0.8240E-16  0.8750E-13  0.7710E-12  0.1500E-11  0.2050E-11  0.2730E-11  0.3310E-11  0.3640E-11  0.3600E-11  0.3480E-11
  0.1000E+15  0.1000E-73  0.1000E-73  0.1360E-31  0.5040E-21  0.8240E-16  0.8750E-13  0.7710E-12  0.1500E-11  0.2050E-11  0.2730E-11  0.3310E-11  0.3640E-11  0.3600E-11  0.3480E-11
  0.1000E+16  0.1000E-73  0.1000E-73  0.1360E-31  0.5040E-21  0.8240E-16  0.8750E-13  0.7710E-12  0.1500E-11  0.2050E-11  0.2730E-11  0.3310E-11  0.3640E-11  0.3600E-11  0.3480E-11
  0.1000E+17  0.1000E-73  0.1000E-73  0.1360E-31  0.5040E-21  0.8240E-16  0.8750E-13  0.7710E-12  0.1500E-11  0.2050E-11  0.2730E-11  0.3310E-11  0.3640E-11  0.3600E-11  0.3480E-11
WAVELENGTH(A)= 
     1.230
 7 14 t 
excit   
    82.000    123.000    205.000    410.000    820.000   2050.000   4100.000   6150.000   8200.000  12300.000  20500.000  41000.000  82000.000 123000.000 
  0.1000E+11  0.1000E-73  0.1000E-73  0.1650E-34  0.1290E-22  0.9570E-17  0.2500E-13  0.2870E-12  0.5980E-12  0.8320E-12  0.1100E-11  0.1270E-11  0.1240E-11  0.1060E-11  0.9270E-12
  0.1000E+12  0.1000E-73  0.1000E-73  0.1650E-34  0.1290E-22  0.9570E-17  0.2500E-13  0.2870E-12  0.5980E-12  0.8320E-12  0.1100E-11  0.1270E-11  0.1240E-11  0.1060E-11  0.9270E-12
  0.1000E+13  0.1000E-73  0.1000E-73  0.1650E-34  0.1290E-22  0.9570E-17  0.2500E-13  0.2870E-12  0.5980E-12  0.8320E-12  0.1100E-11  0.1270E-11  0.1240E-11  0.1060E-11  0.9270E-12
  0.1000E+14  0.1000E-73  0.1000E-73  0.1650E-34  0.1290E-22  0.9570E-17  0.2500E-13  0.2870E-12  0.5980E-12  0.8320E-12  0.1100E-11  0.1270E-11  0.1240E-11  0.1060E-11  0.9270E-12
  0.1000E+15  0.1000E-73  0.1000E-73  0.1650E-34  0.1290E-22  0.9570E-17  0.2500E-13  0.2870E-12  0.5980E-12  0.8320E-12  0.1100E-11  0.1270E-11  0.1240E-11  0.1060E-11  0.9270E-12
  0.1000E+16  0.1000E-73  0.1000E-73  0.1650E-34  0.1290E-22  0.9570E-17  0.2500E-13  0.2870E-12  0.5980E-12  0.8320E-12  0.1100E-11  0.1270E-11  0.1240E-11  0.1060E-11  0.9270E-12
  0.1000E+17  0.1000E-73  0.1000E-73  0.1650E-34  0.1290E-22  0.9570E-17  0.2500E-13  0.2870E-12  0.5980E-12  0.8320E-12  0.1100E-11  0.1270E-11  0.1240E-11  0.1060E-11  0.9270E-12
WAVELENGTH(A)= 
     1.260
 7 14 t 
excit   
    82.000    123.000    205.000    410.000    820.000   2050.000   4100.000   6150.000   8200.000  12300.000  20500.000  41000.000  82000.000 123000.000 
  0.1000E+11  0.1000E-73  0.1000E-73  0.1190E-31  0.2210E-21  0.2540E-16  0.2270E-13  0.1940E-12  0.3740E-12  0.5040E-12  0.6510E-12  0.7460E-12  0.7370E-12  0.6450E-12  0.5780E-12
  0.1000E+12  0.1000E-73  0.1000E-73  0.1190E-31  0.2210E-21  0.2540E-16  0.2270E-13  0.1940E-12  0.3740E-12  0.5040E-12  0.6510E-12  0.7460E-12  0.7370E-12  0.6450E-12  0.5780E-12
  0.1000E+13  0.1000E-73  0.1000E-73  0.1190E-31  0.2210E-21  0.2540E-16  0.2270E-13  0.1940E-12  0.3740E-12  0.5040E-12  0.6510E-12  0.7460E-12  0.7370E-12  0.6450E-12  0.5780E-12
  0.1000E+14  0.1000E-73  0.3850E-45  0.1190E-31  0.2210E-21  0.2540E-16  0.2270E-13  0.1940E-12  0.3740E-12  0.5040E-12  0.6510E-12  0.7460E-12  0.7370E-12  0.6450E-12  0.5780E-12
  0.1000E+15  0.1000E-73  0.1930E-45  0.1190E-31  0.2210E-21  0.2540E-16  0.2270E-13  0.1940E-12  0.3740E-12  0.5040E-12  0.6510E-12  0.7460E-12  0.7370E-12  0.6450E-12  0.5780E-12
  0.1000E+16  0.1000E-73  0.1970E-45  0.1190E-31  0.2210E-21  0.2540E-16  0.2270E-13  0.1940E-12  0.3740E-12  0.5040E-12  0.6510E-12  0.7460E-12  0.7370E-12  0.6450E-12  0.5780E-12
  0.1000E+17  0.1000E-73  0.1960E-45  0.1190E-31  0.2210E-21  0.2540E-16  0.2270E-13  0.1940E-12  0.3740E-12  0.5040E-12  0.6510E-12  0.7460E-12  0.7370E-12  0.6450E-12  0.5780E-12
WAVELENGTH(A)= 
     1.265
 7 14 t 
excit   
    82.000    123.000    205.000    410.000    820.000   2050.000   4100.000   6150.000   8200.000  12300.000  20500.000  41000.000  82000.000 123000.000 
  0.1000E+11  0.1000E-73  0.1000E-73  0.1940E-36  0.7620E-25  0.4040E-19  0.9020E-16  0.1050E-14  0.2280E-14  0.3320E-14  0.4740E-14  0.6240E-14  0.7590E-14  0.8210E-14  0.8270E-14
  0.1000E+12  0.1000E-73  0.1000E-73  0.1940E-36  0.7620E-25  0.4040E-19  0.9020E-16  0.1050E-14  0.2280E-14  0.3320E-14  0.4740E-14  0.6240E-14  0.7590E-14  0.8210E-14  0.8270E-14
  0.1000E+13  0.1000E-73  0.1000E-73  0.1940E-36  0.7620E-25  0.4040E-19  0.9020E-16  0.1050E-14  0.2280E-14  0.3320E-14  0.4740E-14  0.6240E-14  0.7590E-14  0.8210E-14  0.8270E-14
  0.1000E+14  0.1000E-73  0.1000E-73  0.1940E-36  0.7620E-25  0.4040E-19  0.9020E-16  0.1050E-14  0.2280E-14  0.3320E-14  0.4740E-14  0.6240E-14  0.7590E-14  0.8210E-14  0.8270E-14
  0.1000E+15  0.1000E-73  0.1000E-73  0.1940E-36  0.7620E-25  0.4040E-19  0.9020E-16  0.1050E-14  0.2280E-14  0.3320E-14  0.4740E-14  0.6240E-14  0.7590E-14  0.8210E-14  0.8270E-14
  0.1000E+16  0.1000E-73  0.1000E-73  0.1940E-36  0.7620E-25  0.4040E-19  0.9020E-16  0.1050E-14  0.2280E-14  0.3320E-14  0.4740E-14  0.6240E-14  0.7590E-14  0.8210E-14  0.8270E-14
  0.1000E+17  0.1000E-73  0.1000E-73  0.1940E-36  0.7620E-25  0.4040E-19  0.9020E-16  0.1050E-14  0.2280E-14  0.3320E-14  0.4740E-14  0.6240E-14  0.7590E-14  0.8210E-14  0.8270E-14
WAVELENGTH(A)= 
     1.311
 7 14 t 
excit   
    82.000    123.000    205.000    410.000    820.000   2050.000   4100.000   6150.000   8200.000  12300.000  20500.000  41000.000  82000.000 123000.000 
  0.1000E+11  0.1000E-73  0.1000E-73  0.1190E-31  0.1160E-21  0.1050E-16  0.9230E-14  0.8800E-13  0.1820E-12  0.2550E-12  0.3460E-12  0.4170E-12  0.4380E-12  0.4060E-12  0.3760E-12
  0.1000E+12  0.1000E-73  0.1000E-73  0.1190E-31  0.1160E-21  0.1050E-16  0.9230E-14  0.8800E-13  0.1820E-12  0.2550E-12  0.3460E-12  0.4170E-12  0.4380E-12  0.4060E-12  0.3760E-12
  0.1000E+13  0.1000E-73  0.1000E-73  0.1190E-31  0.1160E-21  0.1050E-16  0.9230E-14  0.8800E-13  0.1820E-12  0.2550E-12  0.3460E-12  0.4170E-12  0.4380E-12  0.4060E-12  0.3760E-12
  0.1000E+14  0.1000E-73  0.1000E-73  0.1190E-31  0.1160E-21  0.1050E-16  0.9230E-14  0.8800E-13  0.1820E-12  0.2550E-12  0.3460E-12  0.4170E-12  0.4380E-12  0.4060E-12  0.3760E-12
  0.1000E+15  0.1000E-73  0.1000E-73  0.1190E-31  0.1160E-21  0.1050E-16  0.9230E-14  0.8800E-13  0.1820E-12  0.2550E-12  0.3460E-12  0.4170E-12  0.4380E-12  0.4060E-12  0.3760E-12
  0.1000E+16  0.1000E-73  0.7740E-45  0.1190E-31  0.1160E-21  0.1050E-16  0.9230E-14  0.8800E-13  0.1820E-12  0.2550E-12  0.3460E-12  0.4170E-12  0.4380E-12  0.4060E-12  0.3760E-12
  0.1000E+17  0.1000E-73  0.5800E-45  0.1190E-31  0.1160E-21  0.1050E-16  0.9230E-14  0.8800E-13  0.1820E-12  0.2550E-12  0.3460E-12  0.4170E-12  0.4380E-12  0.4060E-12  0.3760E-12
WAVELENGTH(A)= 
     1.865
 7 14 t 
excit   
    82.000    123.000    205.000    410.000    820.000   2050.000   4100.000   6150.000   8200.000  12300.000  20500.000  41000.000  82000.000 123000.000 
  0.1000E+11  0.1000E-73  0.1000E-73  0.1000E-73  0.6140E-30  0.1450E-21  0.1200E-16  0.4310E-15  0.1310E-14  0.2190E-14  0.3460E-14  0.4580E-14  0.4900E-14  0.4300E-14  0.3800E-14
  0.1000E+12  0.1000E-73  0.1000E-73  0.1000E-73  0.6140E-30  0.1450E-21  0.1200E-16  0.4310E-15  0.1310E-14  0.2190E-14  0.3460E-14  0.4580E-14  0.4900E-14  0.4300E-14  0.3800E-14
  0.1000E+13  0.1000E-73  0.1000E-73  0.1000E-73  0.6140E-30  0.1450E-21  0.1200E-16  0.4310E-15  0.1310E-14  0.2190E-14  0.3460E-14  0.4580E-14  0.4900E-14  0.4300E-14  0.3800E-14
  0.1000E+14  0.1000E-73  0.1000E-73  0.1000E-73  0.6140E-30  0.1450E-21  0.1200E-16  0.4310E-15  0.1310E-14  0.2190E-14  0.3460E-14  0.4580E-14  0.4900E-14  0.4300E-14  0.3800E-14
  0.1000E+15  0.1000E-73  0.1000E-73  0.1000E-73  0.6140E-30  0.1450E-21  0.1200E-16  0.4310E-15  0.1310E-14  0.2190E-14  0.3460E-14  0.4580E-14  0.4900E-14  0.4300E-14  0.3800E-14
  0.1000E+16  0.1000E-73  0.1000E-73  0.1000E-73  0.6140E-30  0.1450E-21  0.1200E-16  0.4310E-15  0.1310E-14  0.2190E-14  0.3460E-14  0.4580E-14  0.4900E-14  0.4300E-14  0.3800E-14
  0.1000E+17  0.1000E-73  0.1000E-73  0.7680E-47  0.6140E-30  0.1450E-21  0.1200E-16  0.4310E-15  0.1310E-14  0.2190E-14  0.3460E-14  0.4580E-14  0.4900E-14  0.4300E-14  0.3800E-14
WAVELENGTH(A)= 
     1.973
 7 14 t 
excit   
    82.000    123.000    205.000    410.000    820.000   2050.000   4100.000   6150.000   8200.000  12300.000  20500.000  41000.000  82000.000 123000.000 
  0.1000E+11  0.1000E-73  0.1000E-73  0.1000E-73  0.1190E-29  0.2910E-21  0.2450E-16  0.8950E-15  0.2760E-14  0.4670E-14  0.7590E-14  0.1060E-13  0.1240E-13  0.1240E-13  0.1180E-13
  0.1000E+12  0.1000E-73  0.1000E-73  0.1000E-73  0.1190E-29  0.2910E-21  0.2450E-16  0.8950E-15  0.2760E-14  0.4670E-14  0.7590E-14  0.1060E-13  0.1240E-13  0.1240E-13  0.1180E-13
  0.1000E+13  0.1000E-73  0.1000E-73  0.1000E-73  0.1190E-29  0.2910E-21  0.2450E-16  0.8950E-15  0.2760E-14  0.4670E-14  0.7590E-14  0.1060E-13  0.1240E-13  0.1240E-13  0.1180E-13
  0.1000E+14  0.1000E-73  0.1000E-73  0.1000E-73  0.1190E-29  0.2910E-21  0.2450E-16  0.8950E-15  0.2760E-14  0.4670E-14  0.7590E-14  0.1060E-13  0.1240E-13  0.1240E-13  0.1180E-13
  0.1000E+15  0.1000E-73  0.1000E-73  0.1000E-73  0.1190E-29  0.2910E-21  0.2450E-16  0.8950E-15  0.2760E-14  0.4670E-14  0.7590E-14  0.1060E-13  0.1240E-13  0.1240E-13  0.1180E-13
  0.1000E+16  0.1000E-73  0.1000E-73  0.1000E-73  0.1190E-29  0.2910E-21  0.2450E-16  0.8950E-15  0.2760E-14  0.4670E-14  0.7590E-14  0.1060E-13  0.1240E-13  0.1240E-13  0.1180E-13
  0.1000E+17  0.1000E-73  0.1000E-73  0.1590E-46  0.1190E-29  0.2910E-21  0.2450E-16  0.8950E-15  0.2760E-14  0.4670E-14  0.7590E-14  0.1060E-13  0.1240E-13  0.1240E-13  0.1180E-13
WAVELENGTH(A)= 
     2.017
 7 14 t 
excit   
    82.000    123.000    205.000    410.000    820.000   2050.000   4100.000   6150.000   8200.000  12300.000  20500.000  41000.000  82000.000 123000.000 
  0.1000E+11  0.1000E-73  0.1000E-73  0.1000E-73  0.4050E-29  0.5300E-21  0.3100E-16  0.9920E-15  0.2910E-14  0.4770E-14  0.7430E-14  0.9690E-14  0.1040E-13  0.9130E-14  0.8130E-14
  0.1000E+12  0.1000E-73  0.1000E-73  0.1000E-73  0.4050E-29  0.5300E-21  0.3100E-16  0.9920E-15  0.2910E-14  0.4770E-14  0.7430E-14  0.9690E-14  0.1040E-13  0.9130E-14  0.8130E-14
  0.1000E+13  0.1000E-73  0.1000E-73  0.1000E-73  0.4050E-29  0.5300E-21  0.3100E-16  0.9920E-15  0.2910E-14  0.4770E-14  0.7430E-14  0.9690E-14  0.1040E-13  0.9130E-14  0.8130E-14
  0.1000E+14  0.1000E-73  0.1000E-73  0.1000E-73  0.4050E-29  0.5300E-21  0.3100E-16  0.9920E-15  0.2910E-14  0.4770E-14  0.7430E-14  0.9690E-14  0.1040E-13  0.9130E-14  0.8130E-14
  0.1000E+15  0.1000E-73  0.1000E-73  0.3040E-45  0.4050E-29  0.5300E-21  0.3100E-16  0.9920E-15  0.2910E-14  0.4770E-14  0.7430E-14  0.9690E-14  0.1040E-13  0.9130E-14  0.8130E-14
  0.1000E+16  0.1000E-73  0.1000E-73  0.1820E-45  0.4050E-29  0.5300E-21  0.3100E-16  0.9920E-15  0.2910E-14  0.4770E-14  0.7430E-14  0.9690E-14  0.1040E-13  0.9130E-14  0.8130E-14
  0.1000E+17  0.1000E-73  0.1000E-73  0.1700E-45  0.4050E-29  0.5300E-21  0.3100E-16  0.9920E-15  0.2910E-14  0.4770E-14  0.7430E-14  0.9690E-14  0.1040E-13  0.9130E-14  0.8130E-14
WAVELENGTH(A)= 
     2.063
 7 14 t 
excit   
    82.000    123.000    205.000    410.000    820.000   2050.000   4100.000   6150.000   8200.000  12300.000  20500.000  41000.000  82000.000 123000.000 
  0.1000E+11  0.1000E-73  0.1000E-73  0.1000E-73  0.7440E-30  0.1830E-21  0.1550E-16  0.5640E-15  0.1730E-14  0.2910E-14  0.4680E-14  0.6340E-14  0.7060E-14  0.6480E-14  0.5840E-14
  0.1000E+12  0.1000E-73  0.1000E-73  0.1000E-73  0.7440E-30  0.1830E-21  0.1550E-16  0.5640E-15  0.1730E-14  0.2910E-14  0.4680E-14  0.6340E-14  0.7060E-14  0.6480E-14  0.5840E-14
  0.1000E+13  0.1000E-73  0.1000E-73  0.1000E-73  0.7440E-30  0.1830E-21  0.1550E-16  0.5640E-15  0.1730E-14  0.2910E-14  0.4680E-14  0.6340E-14  0.7060E-14  0.6480E-14  0.5840E-14
  0.1000E+14  0.1000E-73  0.1000E-73  0.1000E-73  0.7440E-30  0.1830E-21  0.1550E-16  0.5640E-15  0.1730E-14  0.2910E-14  0.4680E-14  0.6340E-14  0.7060E-14  0.6480E-14  0.5840E-14
  0.1000E+15  0.1000E-73  0.1000E-73  0.1000E-73  0.7440E-30  0.1830E-21  0.1550E-16  0.5640E-15  0.1730E-14  0.2910E-14  0.4680E-14  0.6340E-14  0.7060E-14  0.6480E-14  0.5840E-14
  0.1000E+16  0.1000E-73  0.1000E-73  0.1000E-73  0.7440E-30  0.1830E-21  0.1550E-16  0.5640E-15  0.1730E-14  0.2910E-14  0.4680E-14  0.6340E-14  0.7060E-14  0.6480E-14  0.5840E-14
  0.1000E+17  0.1000E-73  0.1000E-73  0.7990E-47  0.7440E-30  0.1830E-21  0.1550E-16  0.5640E-15  0.1730E-14  0.2910E-14  0.4680E-14  0.6340E-14  0.7060E-14  0.6480E-14  0.5840E-14
WAVELENGTH(A)= 
     2.139
 7 14 t 
excit   
    82.000    123.000    205.000    410.000    820.000   2050.000   4100.000   6150.000   8200.000  12300.000  20500.000  41000.000  82000.000 123000.000 
  0.1000E+11  0.1000E-73  0.1000E-73  0.1000E-73  0.7090E-29  0.9600E-21  0.5710E-16  0.1870E-14  0.5530E-14  0.9200E-14  0.1470E-13  0.2020E-13  0.2350E-13  0.2340E-13  0.2230E-13
  0.1000E+12  0.1000E-73  0.1000E-73  0.1000E-73  0.7090E-29  0.9600E-21  0.5710E-16  0.1870E-14  0.5530E-14  0.9200E-14  0.1470E-13  0.2020E-13  0.2350E-13  0.2340E-13  0.2230E-13
  0.1000E+13  0.1000E-73  0.1000E-73  0.1000E-73  0.7090E-29  0.9600E-21  0.5710E-16  0.1870E-14  0.5530E-14  0.9200E-14  0.1470E-13  0.2020E-13  0.2350E-13  0.2340E-13  0.2230E-13
  0.1000E+14  0.1000E-73  0.1000E-73  0.1000E-73  0.7090E-29  0.9600E-21  0.5710E-16  0.1870E-14  0.5530E-14  0.9200E-14  0.1470E-13  0.2020E-13  0.2350E-13  0.2340E-13  0.2230E-13
  0.1000E+15  0.1000E-73  0.1000E-73  0.1000E-73  0.7090E-29  0.9600E-21  0.5710E-16  0.1870E-14  0.5530E-14  0.9200E-14  0.1470E-13  0.2020E-13  0.2350E-13  0.2340E-13  0.2230E-13
  0.1000E+16  0.1000E-73  0.1000E-73  0.2590E-45  0.7090E-29  0.9600E-21  0.5710E-16  0.1870E-14  0.5530E-14  0.9200E-14  0.1470E-13  0.2020E-13  0.2350E-13  0.2340E-13  0.2230E-13
  0.1000E+17  0.1000E-73  0.1000E-73  0.2780E-45  0.7090E-29  0.9600E-21  0.5710E-16  0.1870E-14  0.5530E-14  0.9200E-14  0.1470E-13  0.2020E-13  0.2350E-13  0.2340E-13  0.2230E-13
WAVELENGTH(A)= 
     2.140
 7 14 t 
excit   
    82.000    123.000    205.000    410.000    820.000   2050.000   4100.000   6150.000   8200.000  12300.000  20500.000  41000.000  82000.000 123000.000 
  0.1000E+11  0.1000E-73  0.1000E-73  0.1000E-73  0.1690E-30  0.1040E-21  0.1520E-16  0.6600E-15  0.2130E-14  0.3680E-14  0.5960E-14  0.8040E-14  0.8670E-14  0.7620E-14  0.6700E-14
  0.1000E+12  0.1000E-73  0.1000E-73  0.1000E-73  0.1690E-30  0.1040E-21  0.1520E-16  0.6600E-15  0.2130E-14  0.3680E-14  0.5960E-14  0.8040E-14  0.8670E-14  0.7620E-14  0.6700E-14
  0.1000E+13  0.1000E-73  0.1000E-73  0.1000E-73  0.1690E-30  0.1040E-21  0.1520E-16  0.6600E-15  0.2130E-14  0.3680E-14  0.5960E-14  0.8040E-14  0.8670E-14  0.7620E-14  0.6700E-14
  0.1000E+14  0.1000E-73  0.1000E-73  0.1000E-73  0.1690E-30  0.1040E-21  0.1520E-16  0.6600E-15  0.2130E-14  0.3680E-14  0.5960E-14  0.8040E-14  0.8670E-14  0.7620E-14  0.6700E-14
  0.1000E+15  0.1000E-73  0.1000E-73  0.1000E-73  0.1690E-30  0.1040E-21  0.1520E-16  0.6600E-15  0.2130E-14  0.3680E-14  0.5960E-14  0.8040E-14  0.8670E-14  0.7620E-14  0.6700E-14
  0.1000E+16  0.1000E-73  0.1000E-73  0.1000E-73  0.1690E-30  0.1040E-21  0.1520E-16  0.6600E-15  0.2130E-14  0.3680E-14  0.5960E-14  0.8040E-14  0.8670E-14  0.7620E-14  0.6700E-14
  0.1000E+17  0.1000E-73  0.1000E-73  0.1000E-73  0.1690E-30  0.1040E-21  0.1520E-16  0.6600E-15  0.2130E-14  0.3680E-14  0.5960E-14  0.8040E-14  0.8670E-14  0.7620E-14  0.6700E-14
WAVELENGTH(A)= 
     2.243
 7 14 t 
excit   
    82.000    123.000    205.000    410.000    820.000   2050.000   4100.000   6150.000   8200.000  12300.000  20500.000  41000.000  82000.000 123000.000 
  0.1000E+11  0.1000E-73  0.1000E-73  0.1000E-73  0.4410E-29  0.6030E-21  0.3610E-16  0.1170E-14  0.3460E-14  0.5710E-14  0.9010E-14  0.1210E-13  0.1330E-13  0.1210E-13  0.1100E-13
  0.1000E+12  0.1000E-73  0.1000E-73  0.1000E-73  0.4410E-29  0.6030E-21  0.3610E-16  0.1170E-14  0.3460E-14  0.5710E-14  0.9010E-14  0.1210E-13  0.1330E-13  0.1210E-13  0.1100E-13
  0.1000E+13  0.1000E-73  0.1000E-73  0.1000E-73  0.4410E-29  0.6030E-21  0.3610E-16  0.1170E-14  0.3460E-14  0.5710E-14  0.9010E-14  0.1210E-13  0.1330E-13  0.1210E-13  0.1100E-13
  0.1000E+14  0.1000E-73  0.1000E-73  0.1000E-73  0.4410E-29  0.6030E-21  0.3610E-16  0.1170E-14  0.3460E-14  0.5710E-14  0.9010E-14  0.1210E-13  0.1330E-13  0.1210E-13  0.1100E-13
  0.1000E+15  0.1000E-73  0.1000E-73  0.1000E-73  0.4410E-29  0.6030E-21  0.3610E-16  0.1170E-14  0.3460E-14  0.5710E-14  0.9010E-14  0.1210E-13  0.1330E-13  0.1210E-13  0.1100E-13
  0.1000E+16  0.1000E-73  0.1000E-73  0.1430E-45  0.4410E-29  0.6030E-21  0.3610E-16  0.1170E-14  0.3460E-14  0.5710E-14  0.9010E-14  0.1210E-13  0.1330E-13  0.1210E-13  0.1100E-13
  0.1000E+17  0.1000E-73  0.1000E-73  0.1640E-45  0.4410E-29  0.6030E-21  0.3610E-16  0.1170E-14  0.3460E-14  0.5710E-14  0.9010E-14  0.1210E-13  0.1330E-13  0.1210E-13  0.1100E-13
WAVELENGTH(A)= 
     2.264
 7 14 t 
excit   
    82.000    123.000    205.000    410.000    820.000   2050.000   4100.000   6150.000   8200.000  12300.000  20500.000  41000.000  82000.000 123000.000 
  0.1000E+11  0.1000E-73  0.1000E-73  0.1000E-73  0.3390E-31  0.2010E-22  0.2880E-17  0.1280E-15  0.4210E-15  0.7440E-15  0.1280E-14  0.1910E-14  0.2480E-14  0.2740E-14  0.2780E-14
  0.1000E+12  0.1000E-73  0.1000E-73  0.1000E-73  0.3390E-31  0.2010E-22  0.2880E-17  0.1280E-15  0.4210E-15  0.7440E-15  0.1280E-14  0.1910E-14  0.2480E-14  0.2740E-14  0.2780E-14
  0.1000E+13  0.1000E-73  0.1000E-73  0.1000E-73  0.3390E-31  0.2010E-22  0.2880E-17  0.1280E-15  0.4210E-15  0.7440E-15  0.1280E-14  0.1910E-14  0.2480E-14  0.2740E-14  0.2780E-14
  0.1000E+14  0.1000E-73  0.1000E-73  0.1000E-73  0.3390E-31  0.2010E-22  0.2880E-17  0.1280E-15  0.4210E-15  0.7440E-15  0.1280E-14  0.1910E-14  0.2480E-14  0.2740E-14  0.2780E-14
  0.1000E+15  0.1000E-73  0.1000E-73  0.1000E-73  0.3390E-31  0.2010E-22  0.2880E-17  0.1280E-15  0.4210E-15  0.7440E-15  0.1280E-14  0.1910E-14  0.2480E-14  0.2740E-14  0.2780E-14
  0.1000E+16  0.1000E-73  0.1000E-73  0.1000E-73  0.3390E-31  0.2010E-22  0.2880E-17  0.1280E-15  0.4210E-15  0.7440E-15  0.1280E-14  0.1910E-14  0.2480E-14  0.2740E-14  0.2780E-14
  0.1000E+17  0.1000E-73  0.1000E-73  0.1000E-73  0.3390E-31  0.2010E-22  0.2880E-17  0.1280E-15  0.4210E-15  0.7440E-15  0.1280E-14  0.1910E-14  0.2480E-14  0.2740E-14  0.2780E-14
WAVELENGTH(A)= 
     2.333
 7 14 t 
excit   
    82.000    123.000    205.000    410.000    820.000   2050.000   4100.000   6150.000   8200.000  12300.000  20500.000  41000.000  82000.000 123000.000 
  0.1000E+11  0.1000E-73  0.1000E-73  0.1000E-73  0.7350E-28  0.3550E-20  0.1160E-15  0.3090E-14  0.8520E-14  0.1360E-13  0.2060E-13  0.2660E-13  0.2810E-13  0.2490E-13  0.2220E-13
  0.1000E+12  0.1000E-73  0.1000E-73  0.1000E-73  0.7350E-28  0.3550E-20  0.1160E-15  0.3090E-14  0.8520E-14  0.1360E-13  0.2060E-13  0.2660E-13  0.2810E-13  0.2490E-13  0.2220E-13
  0.1000E+13  0.1000E-73  0.1000E-73  0.1000E-73  0.7350E-28  0.3550E-20  0.1160E-15  0.3090E-14  0.8520E-14  0.1360E-13  0.2060E-13  0.2660E-13  0.2810E-13  0.2490E-13  0.2220E-13
  0.1000E+14  0.1000E-73  0.1000E-73  0.2560E-43  0.7350E-28  0.3550E-20  0.1160E-15  0.3090E-14  0.8520E-14  0.1360E-13  0.2060E-13  0.2660E-13  0.2810E-13  0.2490E-13  0.2220E-13
  0.1000E+15  0.1000E-73  0.1000E-73  0.2360E-43  0.7350E-28  0.3550E-20  0.1160E-15  0.3090E-14  0.8520E-14  0.1360E-13  0.2060E-13  0.2660E-13  0.2810E-13  0.2490E-13  0.2220E-13
  0.1000E+16  0.1000E-73  0.1000E-73  0.2370E-43  0.7350E-28  0.3550E-20  0.1160E-15  0.3090E-14  0.8520E-14  0.1360E-13  0.2060E-13  0.2660E-13  0.2810E-13  0.2490E-13  0.2220E-13
  0.1000E+17  0.1000E-73  0.1000E-73  0.2370E-43  0.7350E-28  0.3550E-20  0.1160E-15  0.3090E-14  0.8520E-14  0.1360E-13  0.2060E-13  0.2660E-13  0.2810E-13  0.2490E-13  0.2220E-13
WAVELENGTH(A)= 
     2.486
 7 14 t 
excit   
    82.000    123.000    205.000    410.000    820.000   2050.000   4100.000   6150.000   8200.000  12300.000  20500.000  41000.000  82000.000 123000.000 
  0.1000E+11  0.1000E-73  0.1000E-73  0.1000E-73  0.1060E-27  0.5400E-20  0.1800E-15  0.4860E-14  0.1360E-13  0.2190E-13  0.3390E-13  0.4560E-13  0.5250E-13  0.5210E-13  0.4970E-13
  0.1000E+12  0.1000E-73  0.1000E-73  0.1000E-73  0.1060E-27  0.5400E-20  0.1800E-15  0.4860E-14  0.1360E-13  0.2190E-13  0.3390E-13  0.4560E-13  0.5250E-13  0.5210E-13  0.4970E-13
  0.1000E+13  0.1000E-73  0.1000E-73  0.1000E-73  0.1060E-27  0.5400E-20  0.1800E-15  0.4860E-14  0.1360E-13  0.2190E-13  0.3390E-13  0.4560E-13  0.5250E-13  0.5210E-13  0.4970E-13
  0.1000E+14  0.1000E-73  0.1000E-73  0.3460E-43  0.1060E-27  0.5400E-20  0.1800E-15  0.4860E-14  0.1360E-13  0.2190E-13  0.3390E-13  0.4560E-13  0.5250E-13  0.5210E-13  0.4970E-13
  0.1000E+15  0.1000E-73  0.1000E-73  0.3000E-43  0.1060E-27  0.5400E-20  0.1800E-15  0.4860E-14  0.1360E-13  0.2190E-13  0.3390E-13  0.4560E-13  0.5250E-13  0.5210E-13  0.4970E-13
  0.1000E+16  0.1000E-73  0.1000E-73  0.2990E-43  0.1060E-27  0.5400E-20  0.1800E-15  0.4860E-14  0.1360E-13  0.2190E-13  0.3390E-13  0.4560E-13  0.5250E-13  0.5210E-13  0.4970E-13
  0.1000E+17  0.1000E-73  0.1000E-73  0.2990E-43  0.1060E-27  0.5400E-20  0.1800E-15  0.4860E-14  0.1360E-13  0.2190E-13  0.3390E-13  0.4560E-13  0.5250E-13  0.5210E-13  0.4970E-13
WAVELENGTH(A)= 
     2.487
 7 14 t 
excit   
    82.000    123.000    205.000    410.000    820.000   2050.000   4100.000   6150.000   8200.000  12300.000  20500.000  41000.000  82000.000 123000.000 
  0.1000E+11  0.1000E-73  0.1000E-73  0.1000E-73  0.2670E-29  0.6150E-21  0.5020E-16  0.1800E-14  0.5450E-14  0.9110E-14  0.1440E-13  0.1900E-13  0.2030E-13  0.1790E-13  0.1580E-13
  0.1000E+12  0.1000E-73  0.1000E-73  0.1000E-73  0.2670E-29  0.6150E-21  0.5020E-16  0.1800E-14  0.5450E-14  0.9110E-14  0.1440E-13  0.1900E-13  0.2030E-13  0.1790E-13  0.1580E-13
  0.1000E+13  0.1000E-73  0.1000E-73  0.1000E-73  0.2670E-29  0.6150E-21  0.5020E-16  0.1800E-14  0.5450E-14  0.9110E-14  0.1440E-13  0.1900E-13  0.2030E-13  0.1790E-13  0.1580E-13
  0.1000E+14  0.1000E-73  0.1000E-73  0.1000E-73  0.2670E-29  0.6150E-21  0.5020E-16  0.1800E-14  0.5450E-14  0.9110E-14  0.1440E-13  0.1900E-13  0.2030E-13  0.1790E-13  0.1580E-13
  0.1000E+15  0.1000E-73  0.1000E-73  0.1000E-73  0.2670E-29  0.6150E-21  0.5020E-16  0.1800E-14  0.5450E-14  0.9110E-14  0.1440E-13  0.1900E-13  0.2030E-13  0.1790E-13  0.1580E-13
  0.1000E+16  0.1000E-73  0.1000E-73  0.1000E-73  0.2670E-29  0.6150E-21  0.5020E-16  0.1800E-14  0.5450E-14  0.9110E-14  0.1440E-13  0.1900E-13  0.2030E-13  0.1790E-13  0.1580E-13
  0.1000E+17  0.1000E-73  0.1000E-73  0.3460E-46  0.2670E-29  0.6150E-21  0.5020E-16  0.1800E-14  0.5450E-14  0.9110E-14  0.1440E-13  0.1900E-13  0.2030E-13  0.1790E-13  0.1580E-13
WAVELENGTH(A)= 
     2.557
 7 14 t 
excit   
    82.000    123.000    205.000    410.000    820.000   2050.000   4100.000   6150.000   8200.000  12300.000  20500.000  41000.000  82000.000 123000.000 
  0.1000E+11  0.1000E-73  0.1000E-73  0.1000E-73  0.6030E-29  0.2880E-21  0.1010E-16  0.2830E-15  0.8020E-15  0.1300E-14  0.2030E-14  0.2720E-14  0.3140E-14  0.3090E-14  0.2960E-14
  0.1000E+12  0.1000E-73  0.1000E-73  0.1000E-73  0.6030E-29  0.2880E-21  0.1010E-16  0.2830E-15  0.8020E-15  0.1300E-14  0.2030E-14  0.2720E-14  0.3140E-14  0.3090E-14  0.2960E-14
  0.1000E+13  0.1000E-73  0.1000E-73  0.1000E-73  0.6030E-29  0.2880E-21  0.1010E-16  0.2830E-15  0.8020E-15  0.1300E-14  0.2030E-14  0.2720E-14  0.3140E-14  0.3090E-14  0.2960E-14
  0.1000E+14  0.1000E-73  0.1000E-73  0.1000E-73  0.6030E-29  0.2880E-21  0.1010E-16  0.2830E-15  0.8020E-15  0.1300E-14  0.2030E-14  0.2720E-14  0.3140E-14  0.3090E-14  0.2960E-14
  0.1000E+15  0.1000E-73  0.1000E-73  0.2120E-44  0.6030E-29  0.2880E-21  0.1010E-16  0.2830E-15  0.8020E-15  0.1300E-14  0.2030E-14  0.2720E-14  0.3140E-14  0.3090E-14  0.2960E-14
  0.1000E+16  0.1000E-73  0.1000E-73  0.2280E-44  0.6030E-29  0.2880E-21  0.1010E-16  0.2830E-15  0.8020E-15  0.1300E-14  0.2030E-14  0.2720E-14  0.3140E-14  0.3090E-14  0.2960E-14
  0.1000E+17  0.1000E-73  0.1000E-73  0.2280E-44  0.6030E-29  0.2880E-21  0.1010E-16  0.2830E-15  0.8020E-15  0.1300E-14  0.2030E-14  0.2720E-14  0.3140E-14  0.3090E-14  0.2960E-14
WAVELENGTH(A)= 
     2.621
 7 14 t 
excit   
    82.000    123.000    205.000    410.000    820.000   2050.000   4100.000   6150.000   8200.000  12300.000  20500.000  41000.000  82000.000 123000.000 
  0.1000E+11  0.1000E-73  0.1000E-73  0.1000E-73  0.6650E-28  0.3460E-20  0.1150E-15  0.3100E-14  0.8580E-14  0.1380E-13  0.2100E-13  0.2760E-13  0.2990E-13  0.2720E-13  0.2460E-13
  0.1000E+12  0.1000E-73  0.1000E-73  0.1000E-73  0.6650E-28  0.3460E-20  0.1150E-15  0.3100E-14  0.8580E-14  0.1380E-13  0.2100E-13  0.2760E-13  0.2990E-13  0.2720E-13  0.2460E-13
  0.1000E+13  0.1000E-73  0.1000E-73  0.1000E-73  0.6650E-28  0.3460E-20  0.1150E-15  0.3100E-14  0.8580E-14  0.1380E-13  0.2100E-13  0.2760E-13  0.2990E-13  0.2720E-13  0.2460E-13
  0.1000E+14  0.1000E-73  0.1000E-73  0.1510E-43  0.6650E-28  0.3460E-20  0.1150E-15  0.3100E-14  0.8580E-14  0.1380E-13  0.2100E-13  0.2760E-13  0.2990E-13  0.2720E-13  0.2460E-13
  0.1000E+15  0.1000E-73  0.1000E-73  0.1820E-43  0.6650E-28  0.3460E-20  0.1150E-15  0.3100E-14  0.8580E-14  0.1380E-13  0.2100E-13  0.2760E-13  0.2990E-13  0.2720E-13  0.2460E-13
  0.1000E+16  0.1000E-73  0.1000E-73  0.1770E-43  0.6650E-28  0.3460E-20  0.1150E-15  0.3100E-14  0.8580E-14  0.1380E-13  0.2100E-13  0.2760E-13  0.2990E-13  0.2720E-13  0.2460E-13
  0.1000E+17  0.1000E-73  0.1000E-73  0.1770E-43  0.6650E-28  0.3460E-20  0.1150E-15  0.3100E-14  0.8580E-14  0.1380E-13  0.2100E-13  0.2760E-13  0.2990E-13  0.2720E-13  0.2460E-13
WAVELENGTH(A)= 
     2.668
 7 14 t 
excit   
    82.000    123.000    205.000    410.000    820.000   2050.000   4100.000   6150.000   8200.000  12300.000  20500.000  41000.000  82000.000 123000.000 
  0.1000E+11  0.1000E-73  0.1000E-73  0.1000E-73  0.1250E-28  0.6040E-21  0.1970E-16  0.5260E-15  0.1450E-14  0.2320E-14  0.3510E-14  0.4530E-14  0.4780E-14  0.4240E-14  0.3790E-14
  0.1000E+12  0.1000E-73  0.1000E-73  0.1000E-73  0.1250E-28  0.6040E-21  0.1970E-16  0.5260E-15  0.1450E-14  0.2320E-14  0.3510E-14  0.4530E-14  0.4780E-14  0.4240E-14  0.3790E-14
  0.1000E+13  0.1000E-73  0.1000E-73  0.1000E-73  0.1250E-28  0.6040E-21  0.1970E-16  0.5260E-15  0.1450E-14  0.2320E-14  0.3510E-14  0.4530E-14  0.4780E-14  0.4240E-14  0.3790E-14
  0.1000E+14  0.1000E-73  0.1000E-73  0.4370E-44  0.1250E-28  0.6040E-21  0.1970E-16  0.5260E-15  0.1450E-14  0.2320E-14  0.3510E-14  0.4530E-14  0.4780E-14  0.4240E-14  0.3790E-14
  0.1000E+15  0.1000E-73  0.1000E-73  0.4020E-44  0.1250E-28  0.6040E-21  0.1970E-16  0.5260E-15  0.1450E-14  0.2320E-14  0.3510E-14  0.4530E-14  0.4780E-14  0.4240E-14  0.3790E-14
  0.1000E+16  0.1000E-73  0.1000E-73  0.4030E-44  0.1250E-28  0.6040E-21  0.1970E-16  0.5260E-15  0.1450E-14  0.2320E-14  0.3510E-14  0.4530E-14  0.4780E-14  0.4240E-14  0.3790E-14
  0.1000E+17  0.1000E-73  0.1000E-73  0.4030E-44  0.1250E-28  0.6040E-21  0.1970E-16  0.5260E-15  0.1450E-14  0.2320E-14  0.3510E-14  0.4530E-14  0.4780E-14  0.4240E-14  0.3790E-14
WAVELENGTH(A)= 
     2.670
 7 14 t 
excit   
    82.000    123.000    205.000    410.000    820.000   2050.000   4100.000   6150.000   8200.000  12300.000  20500.000  41000.000  82000.000 123000.000 
  0.1000E+11  0.1000E-73  0.1000E-73  0.1000E-73  0.5780E-30  0.1250E-21  0.9920E-17  0.3600E-15  0.1110E-14  0.1910E-14  0.3180E-14  0.4630E-14  0.5940E-14  0.6530E-14  0.6600E-14
  0.1000E+12  0.1000E-73  0.1000E-73  0.1000E-73  0.5780E-30  0.1250E-21  0.9920E-17  0.3600E-15  0.1110E-14  0.1910E-14  0.3180E-14  0.4630E-14  0.5940E-14  0.6530E-14  0.6600E-14
  0.1000E+13  0.1000E-73  0.1000E-73  0.1000E-73  0.5780E-30  0.1250E-21  0.9920E-17  0.3600E-15  0.1110E-14  0.1910E-14  0.3180E-14  0.4630E-14  0.5940E-14  0.6530E-14  0.6600E-14
  0.1000E+14  0.1000E-73  0.1000E-73  0.1000E-73  0.5780E-30  0.1250E-21  0.9920E-17  0.3600E-15  0.1110E-14  0.1910E-14  0.3180E-14  0.4630E-14  0.5940E-14  0.6530E-14  0.6600E-14
  0.1000E+15  0.1000E-73  0.1000E-73  0.1000E-73  0.5780E-30  0.1250E-21  0.9920E-17  0.3600E-15  0.1110E-14  0.1910E-14  0.3180E-14  0.4630E-14  0.5940E-14  0.6530E-14  0.6600E-14
  0.1000E+16  0.1000E-73  0.1000E-73  0.8700E-47  0.5780E-30  0.1250E-21  0.9920E-17  0.3600E-15  0.1110E-14  0.1910E-14  0.3180E-14  0.4630E-14  0.5940E-14  0.6530E-14  0.6600E-14
  0.1000E+17  0.1000E-73  0.1000E-73  0.8700E-47  0.5780E-30  0.1250E-21  0.9920E-17  0.3600E-15  0.1110E-14  0.1910E-14  0.3180E-14  0.4630E-14  0.5940E-14  0.6530E-14  0.6600E-14
WAVELENGTH(A)= 
     3.292
 7 14 t 
excit   
    82.000    123.000    205.000    410.000    820.000   2050.000   4100.000   6150.000   8200.000  12300.000  20500.000  41000.000  82000.000 123000.000 
  0.1000E+11  0.1000E-73  0.1000E-73  0.1630E-39  0.1170E-25  0.8460E-19  0.9190E-15  0.1740E-13  0.4330E-13  0.6560E-13  0.9460E-13  0.1180E-12  0.1220E-12  0.1090E-12  0.9760E-13
  0.1000E+12  0.1000E-73  0.1000E-73  0.1650E-39  0.1170E-25  0.8460E-19  0.9190E-15  0.1740E-13  0.4330E-13  0.6560E-13  0.9460E-13  0.1180E-12  0.1220E-12  0.1090E-12  0.9760E-13
  0.1000E+13  0.1000E-73  0.1000E-73  0.1650E-39  0.1170E-25  0.8460E-19  0.9190E-15  0.1740E-13  0.4330E-13  0.6560E-13  0.9460E-13  0.1180E-12  0.1220E-12  0.1090E-12  0.9760E-13
  0.1000E+14  0.1000E-73  0.1000E-73  0.1650E-39  0.1170E-25  0.8460E-19  0.9190E-15  0.1740E-13  0.4330E-13  0.6560E-13  0.9460E-13  0.1180E-12  0.1220E-12  0.1090E-12  0.9760E-13
  0.1000E+15  0.1000E-73  0.1000E-73  0.1650E-39  0.1170E-25  0.8460E-19  0.9190E-15  0.1740E-13  0.4330E-13  0.6560E-13  0.9460E-13  0.1180E-12  0.1220E-12  0.1090E-12  0.9760E-13
  0.1000E+16  0.1000E-73  0.1000E-73  0.1650E-39  0.1170E-25  0.8460E-19  0.9190E-15  0.1740E-13  0.4330E-13  0.6560E-13  0.9460E-13  0.1180E-12  0.1220E-12  0.1090E-12  0.9760E-13
  0.1000E+17  0.1000E-73  0.1000E-73  0.1650E-39  0.1170E-25  0.8460E-19  0.9190E-15  0.1740E-13  0.4330E-13  0.6560E-13  0.9460E-13  0.1180E-12  0.1220E-12  0.1090E-12  0.9760E-13
WAVELENGTH(A)= 
     3.545
 7 14 t 
excit   
    82.000    123.000    205.000    410.000    820.000   2050.000   4100.000   6150.000   8200.000  12300.000  20500.000  41000.000  82000.000 123000.000 
  0.1000E+11  0.1000E-73  0.1000E-73  0.1140E-39  0.1080E-25  0.8880E-19  0.1000E-14  0.1900E-13  0.4740E-13  0.7250E-13  0.1070E-12  0.1380E-12  0.1570E-12  0.1550E-12  0.1480E-12
  0.1000E+12  0.1000E-73  0.1000E-73  0.1140E-39  0.1080E-25  0.8880E-19  0.1000E-14  0.1900E-13  0.4740E-13  0.7250E-13  0.1070E-12  0.1380E-12  0.1570E-12  0.1550E-12  0.1480E-12
  0.1000E+13  0.1000E-73  0.1000E-73  0.1150E-39  0.1080E-25  0.8880E-19  0.1000E-14  0.1900E-13  0.4740E-13  0.7250E-13  0.1070E-12  0.1380E-12  0.1570E-12  0.1550E-12  0.1480E-12
  0.1000E+14  0.1000E-73  0.1000E-73  0.1150E-39  0.1080E-25  0.8880E-19  0.1000E-14  0.1900E-13  0.4740E-13  0.7250E-13  0.1070E-12  0.1380E-12  0.1570E-12  0.1550E-12  0.1480E-12
  0.1000E+15  0.1000E-73  0.1000E-73  0.1150E-39  0.1080E-25  0.8880E-19  0.1000E-14  0.1900E-13  0.4740E-13  0.7250E-13  0.1070E-12  0.1380E-12  0.1570E-12  0.1550E-12  0.1480E-12
  0.1000E+16  0.1000E-73  0.1000E-73  0.1150E-39  0.1080E-25  0.8880E-19  0.1000E-14  0.1900E-13  0.4740E-13  0.7250E-13  0.1070E-12  0.1380E-12  0.1570E-12  0.1550E-12  0.1480E-12
  0.1000E+17  0.1000E-73  0.1000E-73  0.1150E-39  0.1080E-25  0.8880E-19  0.1000E-14  0.1900E-13  0.4740E-13  0.7250E-13  0.1070E-12  0.1380E-12  0.1570E-12  0.1550E-12  0.1480E-12
WAVELENGTH(A)= 
     3.547
 7 14 t 
excit   
    82.000    123.000    205.000    410.000    820.000   2050.000   4100.000   6150.000   8200.000  12300.000  20500.000  41000.000  82000.000 123000.000 
  0.1000E+11  0.1000E-73  0.1000E-73  0.1000E-73  0.2930E-27  0.1100E-19  0.3020E-15  0.7540E-14  0.2040E-13  0.3210E-13  0.4800E-13  0.6070E-13  0.6300E-13  0.5500E-13  0.4850E-13
  0.1000E+12  0.1000E-73  0.1000E-73  0.1000E-73  0.2930E-27  0.1100E-19  0.3020E-15  0.7540E-14  0.2040E-13  0.3210E-13  0.4800E-13  0.6070E-13  0.6300E-13  0.5500E-13  0.4850E-13
  0.1000E+13  0.1000E-73  0.1000E-73  0.2280E-42  0.2930E-27  0.1100E-19  0.3020E-15  0.7540E-14  0.2040E-13  0.3210E-13  0.4800E-13  0.6070E-13  0.6300E-13  0.5500E-13  0.4850E-13
  0.1000E+14  0.1000E-73  0.1000E-73  0.1600E-42  0.2930E-27  0.1100E-19  0.3020E-15  0.7540E-14  0.2040E-13  0.3210E-13  0.4800E-13  0.6070E-13  0.6300E-13  0.5500E-13  0.4850E-13
  0.1000E+15  0.1000E-73  0.1000E-73  0.1480E-42  0.2930E-27  0.1100E-19  0.3020E-15  0.7540E-14  0.2040E-13  0.3210E-13  0.4800E-13  0.6070E-13  0.6300E-13  0.5500E-13  0.4850E-13
  0.1000E+16  0.1000E-73  0.1000E-73  0.1490E-42  0.2930E-27  0.1100E-19  0.3020E-15  0.7540E-14  0.2040E-13  0.3210E-13  0.4800E-13  0.6070E-13  0.6300E-13  0.5500E-13  0.4850E-13
  0.1000E+17  0.1000E-73  0.1000E-73  0.1490E-42  0.2930E-27  0.1100E-19  0.3020E-15  0.7540E-14  0.2040E-13  0.3210E-13  0.4800E-13  0.6070E-13  0.6300E-13  0.5500E-13  0.4850E-13
WAVELENGTH(A)= 
     3.799
 7 14 t 
excit   
    82.000    123.000    205.000    410.000    820.000   2050.000   4100.000   6150.000   8200.000  12300.000  20500.000  41000.000  82000.000 123000.000 
  0.1000E+11  0.1000E-73  0.1000E-73  0.4570E-40  0.6890E-26  0.5980E-19  0.6850E-15  0.1290E-13  0.3190E-13  0.4830E-13  0.6990E-13  0.8780E-13  0.9300E-13  0.8370E-13  0.7510E-13
  0.1000E+12  0.1000E-73  0.1000E-73  0.6400E-40  0.6890E-26  0.5980E-19  0.6850E-15  0.1290E-13  0.3190E-13  0.4830E-13  0.6990E-13  0.8780E-13  0.9300E-13  0.8370E-13  0.7510E-13
  0.1000E+13  0.1000E-73  0.1000E-73  0.6530E-40  0.6890E-26  0.5980E-19  0.6850E-15  0.1290E-13  0.3190E-13  0.4830E-13  0.6990E-13  0.8780E-13  0.9300E-13  0.8370E-13  0.7510E-13
  0.1000E+14  0.1000E-73  0.1000E-73  0.6540E-40  0.6890E-26  0.5980E-19  0.6850E-15  0.1290E-13  0.3190E-13  0.4830E-13  0.6990E-13  0.8780E-13  0.9300E-13  0.8370E-13  0.7510E-13
  0.1000E+15  0.1000E-73  0.1000E-73  0.6540E-40  0.6890E-26  0.5980E-19  0.6850E-15  0.1290E-13  0.3190E-13  0.4830E-13  0.6990E-13  0.8780E-13  0.9300E-13  0.8370E-13  0.7510E-13
  0.1000E+16  0.1000E-73  0.1000E-73  0.6540E-40  0.6890E-26  0.5980E-19  0.6850E-15  0.1290E-13  0.3190E-13  0.4830E-13  0.6990E-13  0.8780E-13  0.9300E-13  0.8370E-13  0.7510E-13
  0.1000E+17  0.1000E-73  0.1000E-73  0.6540E-40  0.6890E-26  0.5980E-19  0.6850E-15  0.1290E-13  0.3190E-13  0.4830E-13  0.6990E-13  0.8780E-13  0.9300E-13  0.8370E-13  0.7510E-13
WAVELENGTH(A)= 
     3.848
 7 14 t 
excit   
    82.000    123.000    205.000    410.000    820.000   2050.000   4100.000   6150.000   8200.000  12300.000  20500.000  41000.000  82000.000 123000.000 
  0.1000E+11  0.1000E-73  0.1000E-73  0.2280E-40  0.1030E-26  0.6670E-20  0.8130E-16  0.1730E-14  0.4510E-14  0.7050E-14  0.1060E-13  0.1380E-13  0.1540E-13  0.1490E-13  0.1410E-13
  0.1000E+12  0.1000E-73  0.1000E-73  0.2170E-40  0.1030E-26  0.6670E-20  0.8130E-16  0.1730E-14  0.4510E-14  0.7050E-14  0.1060E-13  0.1380E-13  0.1540E-13  0.1490E-13  0.1410E-13
  0.1000E+13  0.1000E-73  0.1000E-73  0.2110E-40  0.1030E-26  0.6670E-20  0.8130E-16  0.1730E-14  0.4510E-14  0.7050E-14  0.1060E-13  0.1380E-13  0.1540E-13  0.1490E-13  0.1410E-13
  0.1000E+14  0.1000E-73  0.1000E-73  0.2120E-40  0.1030E-26  0.6670E-20  0.8130E-16  0.1730E-14  0.4510E-14  0.7050E-14  0.1060E-13  0.1380E-13  0.1540E-13  0.1490E-13  0.1410E-13
  0.1000E+15  0.1000E-73  0.1000E-73  0.2120E-40  0.1030E-26  0.6670E-20  0.8130E-16  0.1730E-14  0.4510E-14  0.7050E-14  0.1060E-13  0.1380E-13  0.1540E-13  0.1490E-13  0.1410E-13
  0.1000E+16  0.1000E-73  0.1000E-73  0.2120E-40  0.1030E-26  0.6670E-20  0.8130E-16  0.1730E-14  0.4510E-14  0.7050E-14  0.1060E-13  0.1380E-13  0.1540E-13  0.1490E-13  0.1410E-13
  0.1000E+17  0.1000E-73  0.1000E-73  0.2120E-40  0.1030E-26  0.6670E-20  0.8130E-16  0.1730E-14  0.4510E-14  0.7050E-14  0.1060E-13  0.1380E-13  0.1540E-13  0.1490E-13  0.1410E-13
WAVELENGTH(A)= 
     4.001
 7 14 t 
excit   
    82.000    123.000    205.000    410.000    820.000   2050.000   4100.000   6150.000   8200.000  12300.000  20500.000  41000.000  82000.000 123000.000 
  0.1000E+11  0.1000E-73  0.1000E-73  0.3730E-40  0.2670E-26  0.1930E-19  0.2100E-15  0.3980E-14  0.9880E-14  0.1500E-13  0.2160E-13  0.2690E-13  0.2790E-13  0.2490E-13  0.2230E-13
  0.1000E+12  0.1000E-73  0.1000E-73  0.3770E-40  0.2670E-26  0.1930E-19  0.2100E-15  0.3980E-14  0.9880E-14  0.1500E-13  0.2160E-13  0.2690E-13  0.2790E-13  0.2490E-13  0.2230E-13
  0.1000E+13  0.1000E-73  0.1000E-73  0.3770E-40  0.2670E-26  0.1930E-19  0.2100E-15  0.3980E-14  0.9880E-14  0.1500E-13  0.2160E-13  0.2690E-13  0.2790E-13  0.2490E-13  0.2230E-13
  0.1000E+14  0.1000E-73  0.1000E-73  0.3770E-40  0.2670E-26  0.1930E-19  0.2100E-15  0.3980E-14  0.9880E-14  0.1500E-13  0.2160E-13  0.2690E-13  0.2790E-13  0.2490E-13  0.2230E-13
  0.1000E+15  0.1000E-73  0.1000E-73  0.3770E-40  0.2670E-26  0.1930E-19  0.2100E-15  0.3980E-14  0.9880E-14  0.1500E-13  0.2160E-13  0.2690E-13  0.2790E-13  0.2490E-13  0.2230E-13
  0.1000E+16  0.1000E-73  0.1000E-73  0.3770E-40  0.2670E-26  0.1930E-19  0.2100E-15  0.3980E-14  0.9880E-14  0.1500E-13  0.2160E-13  0.2690E-13  0.2790E-13  0.2490E-13  0.2230E-13
  0.1000E+17  0.1000E-73  0.1000E-73  0.3770E-40  0.2670E-26  0.1930E-19  0.2100E-15  0.3980E-14  0.9880E-14  0.1500E-13  0.2160E-13  0.2690E-13  0.2790E-13  0.2490E-13  0.2230E-13
WAVELENGTH(A)= 
     4.003
 7 14 t 
excit   
    82.000    123.000    205.000    410.000    820.000   2050.000   4100.000   6150.000   8200.000  12300.000  20500.000  41000.000  82000.000 123000.000 
  0.1000E+11  0.1000E-73  0.1000E-73  0.1000E-73  0.7720E-28  0.2540E-20  0.6640E-16  0.1690E-14  0.4670E-14  0.7580E-14  0.1200E-13  0.1680E-13  0.2110E-13  0.2290E-13  0.2310E-13
  0.1000E+12  0.1000E-73  0.1000E-73  0.1000E-73  0.7720E-28  0.2540E-20  0.6640E-16  0.1690E-14  0.4670E-14  0.7580E-14  0.1200E-13  0.1680E-13  0.2110E-13  0.2290E-13  0.2310E-13
  0.1000E+13  0.1000E-73  0.1000E-73  0.6180E-43  0.7720E-28  0.2540E-20  0.6640E-16  0.1690E-14  0.4670E-14  0.7580E-14  0.1200E-13  0.1680E-13  0.2110E-13  0.2290E-13  0.2310E-13
  0.1000E+14  0.1000E-73  0.1000E-73  0.5150E-43  0.7720E-28  0.2540E-20  0.6640E-16  0.1690E-14  0.4670E-14  0.7580E-14  0.1200E-13  0.1680E-13  0.2110E-13  0.2290E-13  0.2310E-13
  0.1000E+15  0.1000E-73  0.1000E-73  0.5210E-43  0.7720E-28  0.2540E-20  0.6640E-16  0.1690E-14  0.4670E-14  0.7580E-14  0.1200E-13  0.1680E-13  0.2110E-13  0.2290E-13  0.2310E-13
  0.1000E+16  0.1000E-73  0.1000E-73  0.5200E-43  0.7720E-28  0.2540E-20  0.6640E-16  0.1690E-14  0.4670E-14  0.7580E-14  0.1200E-13  0.1680E-13  0.2110E-13  0.2290E-13  0.2310E-13
  0.1000E+17  0.1000E-73  0.1000E-73  0.5200E-43  0.7720E-28  0.2540E-20  0.6640E-16  0.1690E-14  0.4670E-14  0.7580E-14  0.1200E-13  0.1680E-13  0.2110E-13  0.2290E-13  0.2310E-13
WAVELENGTH(A)= 
     4.273
 7 14 t 
excit   
    82.000    123.000    205.000    410.000    820.000   2050.000   4100.000   6150.000   8200.000  12300.000  20500.000  41000.000  82000.000 123000.000 
  0.1000E+11  0.1000E-73  0.1000E-73  0.1000E-73  0.5210E-30  0.1270E-21  0.1070E-16  0.3910E-15  0.1200E-14  0.2040E-14  0.3310E-14  0.4610E-14  0.5420E-14  0.5420E-14  0.5170E-14
  0.1000E+12  0.1000E-73  0.1000E-73  0.1000E-73  0.5210E-30  0.1270E-21  0.1070E-16  0.3910E-15  0.1200E-14  0.2040E-14  0.3310E-14  0.4610E-14  0.5420E-14  0.5420E-14  0.5170E-14
  0.1000E+13  0.1000E-73  0.1000E-73  0.1000E-73  0.5210E-30  0.1270E-21  0.1070E-16  0.3910E-15  0.1200E-14  0.2040E-14  0.3310E-14  0.4610E-14  0.5420E-14  0.5420E-14  0.5170E-14
  0.1000E+14  0.1000E-73  0.1000E-73  0.1000E-73  0.5210E-30  0.1270E-21  0.1070E-16  0.3910E-15  0.1200E-14  0.2040E-14  0.3310E-14  0.4610E-14  0.5420E-14  0.5420E-14  0.5170E-14
  0.1000E+15  0.1000E-73  0.1000E-73  0.1000E-73  0.5210E-30  0.1270E-21  0.1070E-16  0.3910E-15  0.1200E-14  0.2040E-14  0.3310E-14  0.4610E-14  0.5420E-14  0.5420E-14  0.5170E-14
  0.1000E+16  0.1000E-73  0.1000E-73  0.1000E-73  0.5210E-30  0.1270E-21  0.1070E-16  0.3910E-15  0.1200E-14  0.2040E-14  0.3310E-14  0.4610E-14  0.5420E-14  0.5420E-14  0.5170E-14
  0.1000E+17  0.1000E-73  0.1000E-73  0.6950E-47  0.5210E-30  0.1270E-21  0.1070E-16  0.3910E-15  0.1200E-14  0.2040E-14  0.3310E-14  0.4610E-14  0.5420E-14  0.5420E-14  0.5170E-14
WAVELENGTH(A)= 
     4.437
 7 14 t 
excit   
    82.000    123.000    205.000    410.000    820.000   2050.000   4100.000   6150.000   8200.000  12300.000  20500.000  41000.000  82000.000 123000.000 
  0.1000E+11  0.1000E-73  0.1000E-73  0.1000E-73  0.4520E-30  0.1110E-21  0.9380E-17  0.3420E-15  0.1050E-14  0.1770E-14  0.2840E-14  0.3850E-14  0.4290E-14  0.3930E-14  0.3540E-14
  0.1000E+12  0.1000E-73  0.1000E-73  0.1000E-73  0.4520E-30  0.1110E-21  0.9380E-17  0.3420E-15  0.1050E-14  0.1770E-14  0.2840E-14  0.3850E-14  0.4290E-14  0.3930E-14  0.3540E-14
  0.1000E+13  0.1000E-73  0.1000E-73  0.1000E-73  0.4520E-30  0.1110E-21  0.9380E-17  0.3420E-15  0.1050E-14  0.1770E-14  0.2840E-14  0.3850E-14  0.4290E-14  0.3930E-14  0.3540E-14
  0.1000E+14  0.1000E-73  0.1000E-73  0.1000E-73  0.4520E-30  0.1110E-21  0.9380E-17  0.3420E-15  0.1050E-14  0.1770E-14  0.2840E-14  0.3850E-14  0.4290E-14  0.3930E-14  0.3540E-14
  0.1000E+15  0.1000E-73  0.1000E-73  0.1000E-73  0.4520E-30  0.1110E-21  0.9380E-17  0.3420E-15  0.1050E-14  0.1770E-14  0.2840E-14  0.3850E-14  0.4290E-14  0.3930E-14  0.3540E-14
  0.1000E+16  0.1000E-73  0.1000E-73  0.1000E-73  0.4520E-30  0.1110E-21  0.9380E-17  0.3420E-15  0.1050E-14  0.1770E-14  0.2840E-14  0.3850E-14  0.4290E-14  0.3930E-14  0.3540E-14
  0.1000E+17  0.1000E-73  0.1000E-73  0.4850E-47  0.4520E-30  0.1110E-21  0.9380E-17  0.3420E-15  0.1050E-14  0.1770E-14  0.2840E-14  0.3850E-14  0.4290E-14  0.3930E-14  0.3540E-14
WAVELENGTH(A)= 
     4.881
 7 14 t 
excit   
    82.000    123.000    205.000    410.000    820.000   2050.000   4100.000   6150.000   8200.000  12300.000  20500.000  41000.000  82000.000 123000.000 
  0.1000E+11  0.1000E-73  0.1000E-73  0.1000E-73  0.1710E-29  0.2230E-21  0.1310E-16  0.4180E-15  0.1230E-14  0.2010E-14  0.3130E-14  0.4080E-14  0.4370E-14  0.3840E-14  0.3430E-14
  0.1000E+12  0.1000E-73  0.1000E-73  0.1000E-73  0.1710E-29  0.2230E-21  0.1310E-16  0.4180E-15  0.1230E-14  0.2010E-14  0.3130E-14  0.4080E-14  0.4370E-14  0.3840E-14  0.3430E-14
  0.1000E+13  0.1000E-73  0.1000E-73  0.1000E-73  0.1710E-29  0.2230E-21  0.1310E-16  0.4180E-15  0.1230E-14  0.2010E-14  0.3130E-14  0.4080E-14  0.4370E-14  0.3840E-14  0.3430E-14
  0.1000E+14  0.1000E-73  0.1000E-73  0.1000E-73  0.1710E-29  0.2230E-21  0.1310E-16  0.4180E-15  0.1230E-14  0.2010E-14  0.3130E-14  0.4080E-14  0.4370E-14  0.3840E-14  0.3430E-14
  0.1000E+15  0.1000E-73  0.1000E-73  0.1280E-45  0.1710E-29  0.2230E-21  0.1310E-16  0.4180E-15  0.1230E-14  0.2010E-14  0.3130E-14  0.4080E-14  0.4370E-14  0.3840E-14  0.3430E-14
  0.1000E+16  0.1000E-73  0.1000E-73  0.7680E-46  0.1710E-29  0.2230E-21  0.1310E-16  0.4180E-15  0.1230E-14  0.2010E-14  0.3130E-14  0.4080E-14  0.4370E-14  0.3840E-14  0.3430E-14
  0.1000E+17  0.1000E-73  0.1000E-73  0.7170E-46  0.1710E-29  0.2230E-21  0.1310E-16  0.4180E-15  0.1230E-14  0.2010E-14  0.3130E-14  0.4080E-14  0.4370E-14  0.3840E-14  0.3430E-14
WAVELENGTH(A)= 
     5.134
 7 14 t 
excit   
    82.000    123.000    205.000    410.000    820.000   2050.000   4100.000   6150.000   8200.000  12300.000  20500.000  41000.000  82000.000 123000.000 
  0.1000E+11  0.1000E-73  0.1000E-73  0.1000E-73  0.3010E-29  0.4070E-21  0.2420E-16  0.7920E-15  0.2350E-14  0.3900E-14  0.6230E-14  0.8560E-14  0.9970E-14  0.9910E-14  0.9470E-14
  0.1000E+12  0.1000E-73  0.1000E-73  0.1000E-73  0.3010E-29  0.4070E-21  0.2420E-16  0.7920E-15  0.2350E-14  0.3900E-14  0.6230E-14  0.8560E-14  0.9970E-14  0.9910E-14  0.9470E-14
  0.1000E+13  0.1000E-73  0.1000E-73  0.1000E-73  0.3010E-29  0.4070E-21  0.2420E-16  0.7920E-15  0.2350E-14  0.3900E-14  0.6230E-14  0.8560E-14  0.9970E-14  0.9910E-14  0.9470E-14
  0.1000E+14  0.1000E-73  0.1000E-73  0.1000E-73  0.3010E-29  0.4070E-21  0.2420E-16  0.7920E-15  0.2350E-14  0.3900E-14  0.6230E-14  0.8560E-14  0.9970E-14  0.9910E-14  0.9470E-14
  0.1000E+15  0.1000E-73  0.1000E-73  0.1000E-73  0.3010E-29  0.4070E-21  0.2420E-16  0.7920E-15  0.2350E-14  0.3900E-14  0.6230E-14  0.8560E-14  0.9970E-14  0.9910E-14  0.9470E-14
  0.1000E+16  0.1000E-73  0.1000E-73  0.1100E-45  0.3010E-29  0.4070E-21  0.2420E-16  0.7920E-15  0.2350E-14  0.3900E-14  0.6230E-14  0.8560E-14  0.9970E-14  0.9910E-14  0.9470E-14
  0.1000E+17  0.1000E-73  0.1000E-73  0.1180E-45  0.3010E-29  0.4070E-21  0.2420E-16  0.7920E-15  0.2350E-14  0.3900E-14  0.6230E-14  0.8560E-14  0.9970E-14  0.9910E-14  0.9470E-14
WAVELENGTH(A)= 
     5.136
 7 14 t 
excit   
    82.000    123.000    205.000    410.000    820.000   2050.000   4100.000   6150.000   8200.000  12300.000  20500.000  41000.000  82000.000 123000.000 
  0.1000E+11  0.1000E-73  0.1000E-73  0.1000E-73  0.7200E-31  0.4410E-22  0.6470E-17  0.2810E-15  0.9040E-15  0.1560E-14  0.2530E-14  0.3420E-14  0.3690E-14  0.3240E-14  0.2850E-14
  0.1000E+12  0.1000E-73  0.1000E-73  0.1000E-73  0.7200E-31  0.4410E-22  0.6470E-17  0.2810E-15  0.9040E-15  0.1560E-14  0.2530E-14  0.3420E-14  0.3690E-14  0.3240E-14  0.2850E-14
  0.1000E+13  0.1000E-73  0.1000E-73  0.1000E-73  0.7200E-31  0.4410E-22  0.6470E-17  0.2810E-15  0.9040E-15  0.1560E-14  0.2530E-14  0.3420E-14  0.3690E-14  0.3240E-14  0.2850E-14
  0.1000E+14  0.1000E-73  0.1000E-73  0.1000E-73  0.7200E-31  0.4410E-22  0.6470E-17  0.2810E-15  0.9040E-15  0.1560E-14  0.2530E-14  0.3420E-14  0.3690E-14  0.3240E-14  0.2850E-14
  0.1000E+15  0.1000E-73  0.1000E-73  0.1000E-73  0.7200E-31  0.4410E-22  0.6470E-17  0.2810E-15  0.9040E-15  0.1560E-14  0.2530E-14  0.3420E-14  0.3690E-14  0.3240E-14  0.2850E-14
  0.1000E+16  0.1000E-73  0.1000E-73  0.1000E-73  0.7200E-31  0.4410E-22  0.6470E-17  0.2810E-15  0.9040E-15  0.1560E-14  0.2530E-14  0.3420E-14  0.3690E-14  0.3240E-14  0.2850E-14
  0.1000E+17  0.1000E-73  0.1000E-73  0.1000E-73  0.7200E-31  0.4410E-22  0.6470E-17  0.2810E-15  0.9040E-15  0.1560E-14  0.2530E-14  0.3420E-14  0.3690E-14  0.3240E-14  0.2850E-14
WAVELENGTH(A)= 
     5.360
 7 14 t 
excit   
    82.000    123.000    205.000    410.000    820.000   2050.000   4100.000   6150.000   8200.000  12300.000  20500.000  41000.000  82000.000 123000.000 
  0.1000E+11  0.1000E-73  0.1000E-73  0.1000E-73  0.2630E-29  0.3590E-21  0.2150E-16  0.6960E-15  0.2060E-14  0.3400E-14  0.5360E-14  0.7180E-14  0.7940E-14  0.7230E-14  0.6540E-14
  0.1000E+12  0.1000E-73  0.1000E-73  0.1000E-73  0.2630E-29  0.3590E-21  0.2150E-16  0.6960E-15  0.2060E-14  0.3400E-14  0.5360E-14  0.7180E-14  0.7940E-14  0.7230E-14  0.6540E-14
  0.1000E+13  0.1000E-73  0.1000E-73  0.1000E-73  0.2630E-29  0.3590E-21  0.2150E-16  0.6960E-15  0.2060E-14  0.3400E-14  0.5360E-14  0.7180E-14  0.7940E-14  0.7230E-14  0.6540E-14
  0.1000E+14  0.1000E-73  0.1000E-73  0.1000E-73  0.2630E-29  0.3590E-21  0.2150E-16  0.6960E-15  0.2060E-14  0.3400E-14  0.5360E-14  0.7180E-14  0.7940E-14  0.7230E-14  0.6540E-14
  0.1000E+15  0.1000E-73  0.1000E-73  0.1000E-73  0.2630E-29  0.3590E-21  0.2150E-16  0.6960E-15  0.2060E-14  0.3400E-14  0.5360E-14  0.7180E-14  0.7940E-14  0.7230E-14  0.6540E-14
  0.1000E+16  0.1000E-73  0.1000E-73  0.8490E-46  0.2630E-29  0.3590E-21  0.2150E-16  0.6960E-15  0.2060E-14  0.3400E-14  0.5360E-14  0.7180E-14  0.7940E-14  0.7230E-14  0.6540E-14
  0.1000E+17  0.1000E-73  0.1000E-73  0.9770E-46  0.2630E-29  0.3590E-21  0.2150E-16  0.6960E-15  0.2060E-14  0.3400E-14  0.5360E-14  0.7180E-14  0.7940E-14  0.7230E-14  0.6540E-14
WAVELENGTH(A)= 
     5.476
 7 14 t 
excit   
    82.000    123.000    205.000    410.000    820.000   2050.000   4100.000   6150.000   8200.000  12300.000  20500.000  41000.000  82000.000 123000.000 
  0.1000E+11  0.1000E-73  0.1000E-73  0.1000E-73  0.3750E-31  0.2220E-22  0.3190E-17  0.1410E-15  0.4670E-15  0.8250E-15  0.1420E-14  0.2110E-14  0.2740E-14  0.3040E-14  0.3080E-14
  0.1000E+12  0.1000E-73  0.1000E-73  0.1000E-73  0.3750E-31  0.2220E-22  0.3190E-17  0.1410E-15  0.4670E-15  0.8250E-15  0.1420E-14  0.2110E-14  0.2740E-14  0.3040E-14  0.3080E-14
  0.1000E+13  0.1000E-73  0.1000E-73  0.1000E-73  0.3750E-31  0.2220E-22  0.3190E-17  0.1410E-15  0.4670E-15  0.8250E-15  0.1420E-14  0.2110E-14  0.2740E-14  0.3040E-14  0.3080E-14
  0.1000E+14  0.1000E-73  0.1000E-73  0.1000E-73  0.3750E-31  0.2220E-22  0.3190E-17  0.1410E-15  0.4670E-15  0.8250E-15  0.1420E-14  0.2110E-14  0.2740E-14  0.3040E-14  0.3080E-14
  0.1000E+15  0.1000E-73  0.1000E-73  0.1000E-73  0.3750E-31  0.2220E-22  0.3190E-17  0.1410E-15  0.4670E-15  0.8250E-15  0.1420E-14  0.2110E-14  0.2740E-14  0.3040E-14  0.3080E-14
  0.1000E+16  0.1000E-73  0.1000E-73  0.1000E-73  0.3750E-31  0.2220E-22  0.3190E-17  0.1410E-15  0.4670E-15  0.8250E-15  0.1420E-14  0.2110E-14  0.2740E-14  0.3040E-14  0.3080E-14
  0.1000E+17  0.1000E-73  0.1000E-73  0.1000E-73  0.3750E-31  0.2220E-22  0.3190E-17  0.1410E-15  0.4670E-15  0.8250E-15  0.1420E-14  0.2110E-14  0.2740E-14  0.3040E-14  0.3080E-14
WAVELENGTH(A)= 
     7.265
 7 14 t 
excit   
    82.000    123.000    205.000    410.000    820.000   2050.000   4100.000   6150.000   8200.000  12300.000  20500.000  41000.000  82000.000 123000.000 
  0.1000E+11  0.1000E-73  0.1000E-73  0.1000E-73  0.2830E-28  0.1370E-20  0.4460E-16  0.1190E-14  0.3280E-14  0.5240E-14  0.7940E-14  0.1020E-13  0.1080E-13  0.9600E-14  0.8570E-14
  0.1000E+12  0.1000E-73  0.1000E-73  0.1000E-73  0.2830E-28  0.1370E-20  0.4460E-16  0.1190E-14  0.3280E-14  0.5240E-14  0.7940E-14  0.1020E-13  0.1080E-13  0.9600E-14  0.8570E-14
  0.1000E+13  0.1000E-73  0.1000E-73  0.1000E-73  0.2830E-28  0.1370E-20  0.4460E-16  0.1190E-14  0.3280E-14  0.5240E-14  0.7940E-14  0.1020E-13  0.1080E-13  0.9600E-14  0.8570E-14
  0.1000E+14  0.1000E-73  0.1000E-73  0.9880E-44  0.2830E-28  0.1370E-20  0.4460E-16  0.1190E-14  0.3280E-14  0.5240E-14  0.7940E-14  0.1020E-13  0.1080E-13  0.9600E-14  0.8570E-14
  0.1000E+15  0.1000E-73  0.1000E-73  0.9090E-44  0.2830E-28  0.1370E-20  0.4460E-16  0.1190E-14  0.3280E-14  0.5240E-14  0.7940E-14  0.1020E-13  0.1080E-13  0.9600E-14  0.8570E-14
  0.1000E+16  0.1000E-73  0.1000E-73  0.9130E-44  0.2830E-28  0.1370E-20  0.4460E-16  0.1190E-14  0.3280E-14  0.5240E-14  0.7940E-14  0.1020E-13  0.1080E-13  0.9600E-14  0.8570E-14
  0.1000E+17  0.1000E-73  0.1000E-73  0.9120E-44  0.2830E-28  0.1370E-20  0.4460E-16  0.1190E-14  0.3280E-14  0.5240E-14  0.7940E-14  0.1020E-13  0.1080E-13  0.9600E-14  0.8570E-14
WAVELENGTH(A)= 
     7.718
 7 14 t 
excit   
    82.000    123.000    205.000    410.000    820.000   2050.000   4100.000   6150.000   8200.000  12300.000  20500.000  41000.000  82000.000 123000.000 
  0.1000E+11  0.1000E-73  0.1000E-73  0.1000E-73  0.4120E-28  0.2090E-20  0.6970E-16  0.1880E-14  0.5250E-14  0.8470E-14  0.1310E-13  0.1770E-13  0.2030E-13  0.2020E-13  0.1920E-13
  0.1000E+12  0.1000E-73  0.1000E-73  0.1000E-73  0.4120E-28  0.2090E-20  0.6970E-16  0.1880E-14  0.5250E-14  0.8470E-14  0.1310E-13  0.1770E-13  0.2030E-13  0.2020E-13  0.1920E-13
  0.1000E+13  0.1000E-73  0.1000E-73  0.1000E-73  0.4120E-28  0.2090E-20  0.6970E-16  0.1880E-14  0.5250E-14  0.8470E-14  0.1310E-13  0.1770E-13  0.2030E-13  0.2020E-13  0.1920E-13
  0.1000E+14  0.1000E-73  0.1000E-73  0.1340E-43  0.4120E-28  0.2090E-20  0.6970E-16  0.1880E-14  0.5250E-14  0.8470E-14  0.1310E-13  0.1770E-13  0.2030E-13  0.2020E-13  0.1920E-13
  0.1000E+15  0.1000E-73  0.1000E-73  0.1160E-43  0.4120E-28  0.2090E-20  0.6970E-16  0.1880E-14  0.5250E-14  0.8470E-14  0.1310E-13  0.1770E-13  0.2030E-13  0.2020E-13  0.1920E-13
  0.1000E+16  0.1000E-73  0.1000E-73  0.1160E-43  0.4120E-28  0.2090E-20  0.6970E-16  0.1880E-14  0.5250E-14  0.8470E-14  0.1310E-13  0.1770E-13  0.2030E-13  0.2020E-13  0.1920E-13
  0.1000E+17  0.1000E-73  0.1000E-73  0.1160E-43  0.4120E-28  0.2090E-20  0.6970E-16  0.1880E-14  0.5250E-14  0.8470E-14  0.1310E-13  0.1770E-13  0.2030E-13  0.2020E-13  0.1920E-13
WAVELENGTH(A)= 
     7.722
 7 14 t 
excit   
    82.000    123.000    205.000    410.000    820.000   2050.000   4100.000   6150.000   8200.000  12300.000  20500.000  41000.000  82000.000 123000.000 
  0.1000E+11  0.1000E-73  0.1000E-73  0.1000E-73  0.1030E-29  0.2380E-21  0.1950E-16  0.6980E-15  0.2110E-14  0.3530E-14  0.5570E-14  0.7360E-14  0.7860E-14  0.6930E-14  0.6130E-14
  0.1000E+12  0.1000E-73  0.1000E-73  0.1000E-73  0.1030E-29  0.2380E-21  0.1950E-16  0.6980E-15  0.2110E-14  0.3530E-14  0.5570E-14  0.7360E-14  0.7860E-14  0.6930E-14  0.6130E-14
  0.1000E+13  0.1000E-73  0.1000E-73  0.1000E-73  0.1030E-29  0.2380E-21  0.1950E-16  0.6980E-15  0.2110E-14  0.3530E-14  0.5570E-14  0.7360E-14  0.7860E-14  0.6930E-14  0.6130E-14
  0.1000E+14  0.1000E-73  0.1000E-73  0.1000E-73  0.1030E-29  0.2380E-21  0.1950E-16  0.6980E-15  0.2110E-14  0.3530E-14  0.5570E-14  0.7360E-14  0.7860E-14  0.6930E-14  0.6130E-14
  0.1000E+15  0.1000E-73  0.1000E-73  0.1000E-73  0.1030E-29  0.2380E-21  0.1950E-16  0.6980E-15  0.2110E-14  0.3530E-14  0.5570E-14  0.7360E-14  0.7860E-14  0.6930E-14  0.6130E-14
  0.1000E+16  0.1000E-73  0.1000E-73  0.1000E-73  0.1030E-29  0.2380E-21  0.1950E-16  0.6980E-15  0.2110E-14  0.3530E-14  0.5570E-14  0.7360E-14  0.7860E-14  0.6930E-14  0.6130E-14
  0.1000E+17  0.1000E-73  0.1000E-73  0.1340E-46  0.1030E-29  0.2380E-21  0.1950E-16  0.6980E-15  0.2110E-14  0.3530E-14  0.5570E-14  0.7360E-14  0.7860E-14  0.6930E-14  0.6130E-14
WAVELENGTH(A)= 
     8.184
 7 14 t 
excit   
    82.000    123.000    205.000    410.000    820.000   2050.000   4100.000   6150.000   8200.000  12300.000  20500.000  41000.000  82000.000 123000.000 
  0.1000E+11  0.1000E-73  0.1000E-73  0.1000E-73  0.3680E-28  0.1910E-20  0.6370E-16  0.1710E-14  0.4740E-14  0.7620E-14  0.1160E-13  0.1530E-13  0.1650E-13  0.1500E-13  0.1360E-13
  0.1000E+12  0.1000E-73  0.1000E-73  0.1000E-73  0.3680E-28  0.1910E-20  0.6370E-16  0.1710E-14  0.4740E-14  0.7620E-14  0.1160E-13  0.1530E-13  0.1650E-13  0.1500E-13  0.1360E-13
  0.1000E+13  0.1000E-73  0.1000E-73  0.1000E-73  0.3680E-28  0.1910E-20  0.6370E-16  0.1710E-14  0.4740E-14  0.7620E-14  0.1160E-13  0.1530E-13  0.1650E-13  0.1500E-13  0.1360E-13
  0.1000E+14  0.1000E-73  0.1000E-73  0.8370E-44  0.3680E-28  0.1910E-20  0.6370E-16  0.1710E-14  0.4740E-14  0.7620E-14  0.1160E-13  0.1530E-13  0.1650E-13  0.1500E-13  0.1360E-13
  0.1000E+15  0.1000E-73  0.1000E-73  0.1000E-43  0.3680E-28  0.1910E-20  0.6370E-16  0.1710E-14  0.4740E-14  0.7620E-14  0.1160E-13  0.1530E-13  0.1650E-13  0.1500E-13  0.1360E-13
  0.1000E+16  0.1000E-73  0.1000E-73  0.9790E-44  0.3680E-28  0.1910E-20  0.6370E-16  0.1710E-14  0.4740E-14  0.7620E-14  0.1160E-13  0.1530E-13  0.1650E-13  0.1500E-13  0.1360E-13
  0.1000E+17  0.1000E-73  0.1000E-73  0.9760E-44  0.3680E-28  0.1910E-20  0.6370E-16  0.1710E-14  0.4740E-14  0.7620E-14  0.1160E-13  0.1530E-13  0.1650E-13  0.1500E-13  0.1360E-13
WAVELENGTH(A)= 
     8.448
 7 14 t 
excit   
    82.000    123.000    205.000    410.000    820.000   2050.000   4100.000   6150.000   8200.000  12300.000  20500.000  41000.000  82000.000 123000.000 
  0.1000E+11  0.1000E-73  0.1000E-73  0.1000E-73  0.4240E-29  0.2030E-21  0.7110E-17  0.1990E-15  0.5640E-15  0.9160E-15  0.1430E-14  0.1920E-14  0.2210E-14  0.2180E-14  0.2080E-14
  0.1000E+12  0.1000E-73  0.1000E-73  0.1000E-73  0.4240E-29  0.2030E-21  0.7110E-17  0.1990E-15  0.5640E-15  0.9160E-15  0.1430E-14  0.1920E-14  0.2210E-14  0.2180E-14  0.2080E-14
  0.1000E+13  0.1000E-73  0.1000E-73  0.1000E-73  0.4240E-29  0.2030E-21  0.7110E-17  0.1990E-15  0.5640E-15  0.9160E-15  0.1430E-14  0.1920E-14  0.2210E-14  0.2180E-14  0.2080E-14
  0.1000E+14  0.1000E-73  0.1000E-73  0.1000E-73  0.4240E-29  0.2030E-21  0.7110E-17  0.1990E-15  0.5640E-15  0.9160E-15  0.1430E-14  0.1920E-14  0.2210E-14  0.2180E-14  0.2080E-14
  0.1000E+15  0.1000E-73  0.1000E-73  0.1490E-44  0.4240E-29  0.2030E-21  0.7110E-17  0.1990E-15  0.5640E-15  0.9160E-15  0.1430E-14  0.1920E-14  0.2210E-14  0.2180E-14  0.2080E-14
  0.1000E+16  0.1000E-73  0.1000E-73  0.1600E-44  0.4240E-29  0.2030E-21  0.7110E-17  0.1990E-15  0.5640E-15  0.9160E-15  0.1430E-14  0.1920E-14  0.2210E-14  0.2180E-14  0.2080E-14
  0.1000E+17  0.1000E-73  0.1000E-73  0.1600E-44  0.4240E-29  0.2030E-21  0.7110E-17  0.1990E-15  0.5640E-15  0.9160E-15  0.1430E-14  0.1920E-14  0.2210E-14  0.2180E-14  0.2080E-14
WAVELENGTH(A)= 
     8.661
 7 14 t 
excit   
    82.000    123.000    205.000    410.000    820.000   2050.000   4100.000   6150.000   8200.000  12300.000  20500.000  41000.000  82000.000 123000.000 
  0.1000E+11  0.1000E-73  0.1000E-73  0.1000E-73  0.1470E-28  0.7120E-21  0.2320E-16  0.6200E-15  0.1710E-14  0.2730E-14  0.4140E-14  0.5330E-14  0.5630E-14  0.5000E-14  0.4460E-14
  0.1000E+12  0.1000E-73  0.1000E-73  0.1000E-73  0.1470E-28  0.7120E-21  0.2320E-16  0.6200E-15  0.1710E-14  0.2730E-14  0.4140E-14  0.5330E-14  0.5630E-14  0.5000E-14  0.4460E-14
  0.1000E+13  0.1000E-73  0.1000E-73  0.1000E-73  0.1470E-28  0.7120E-21  0.2320E-16  0.6200E-15  0.1710E-14  0.2730E-14  0.4140E-14  0.5330E-14  0.5630E-14  0.5000E-14  0.4460E-14
  0.1000E+14  0.1000E-73  0.1000E-73  0.5140E-44  0.1470E-28  0.7120E-21  0.2320E-16  0.6200E-15  0.1710E-14  0.2730E-14  0.4140E-14  0.5330E-14  0.5630E-14  0.5000E-14  0.4460E-14
  0.1000E+15  0.1000E-73  0.1000E-73  0.4730E-44  0.1470E-28  0.7120E-21  0.2320E-16  0.6200E-15  0.1710E-14  0.2730E-14  0.4140E-14  0.5330E-14  0.5630E-14  0.5000E-14  0.4460E-14
  0.1000E+16  0.1000E-73  0.1000E-73  0.4750E-44  0.1470E-28  0.7120E-21  0.2320E-16  0.6200E-15  0.1710E-14  0.2730E-14  0.4140E-14  0.5330E-14  0.5630E-14  0.5000E-14  0.4460E-14
  0.1000E+17  0.1000E-73  0.1000E-73  0.4750E-44  0.1470E-28  0.7120E-21  0.2320E-16  0.6200E-15  0.1710E-14  0.2730E-14  0.4140E-14  0.5330E-14  0.5630E-14  0.5000E-14  0.4460E-14
WAVELENGTH(A)= 
     8.664
 7 14 t 
excit   
    82.000    123.000    205.000    410.000    820.000   2050.000   4100.000   6150.000   8200.000  12300.000  20500.000  41000.000  82000.000 123000.000 
  0.1000E+11  0.1000E-73  0.1000E-73  0.1000E-73  0.6830E-30  0.1470E-21  0.1170E-16  0.4250E-15  0.1310E-14  0.2260E-14  0.3760E-14  0.5470E-14  0.7020E-14  0.7710E-14  0.7790E-14
  0.1000E+12  0.1000E-73  0.1000E-73  0.1000E-73  0.6830E-30  0.1470E-21  0.1170E-16  0.4250E-15  0.1310E-14  0.2260E-14  0.3760E-14  0.5470E-14  0.7020E-14  0.7710E-14  0.7790E-14
  0.1000E+13  0.1000E-73  0.1000E-73  0.1000E-73  0.6830E-30  0.1470E-21  0.1170E-16  0.4250E-15  0.1310E-14  0.2260E-14  0.3760E-14  0.5470E-14  0.7020E-14  0.7710E-14  0.7790E-14
  0.1000E+14  0.1000E-73  0.1000E-73  0.1000E-73  0.6830E-30  0.1470E-21  0.1170E-16  0.4250E-15  0.1310E-14  0.2260E-14  0.3760E-14  0.5470E-14  0.7020E-14  0.7710E-14  0.7790E-14
  0.1000E+15  0.1000E-73  0.1000E-73  0.1000E-73  0.6830E-30  0.1470E-21  0.1170E-16  0.4250E-15  0.1310E-14  0.2260E-14  0.3760E-14  0.5470E-14  0.7020E-14  0.7710E-14  0.7790E-14
  0.1000E+16  0.1000E-73  0.1000E-73  0.1030E-46  0.6830E-30  0.1470E-21  0.1170E-16  0.4250E-15  0.1310E-14  0.2260E-14  0.3760E-14  0.5470E-14  0.7020E-14  0.7710E-14  0.7790E-14
  0.1000E+17  0.1000E-73  0.1000E-73  0.1030E-46  0.6830E-30  0.1470E-21  0.1170E-16  0.4250E-15  0.1310E-14  0.2260E-14  0.3760E-14  0.5470E-14  0.7020E-14  0.7710E-14  0.7790E-14
WAVELENGTH(A)= 
     9.156
 7 14 t 
excit   
    82.000    123.000    205.000    410.000    820.000   2050.000   4100.000   6150.000   8200.000  12300.000  20500.000  41000.000  82000.000 123000.000 
  0.1000E+11  0.1000E-73  0.1000E-73  0.1000E-73  0.2650E-30  0.6450E-22  0.5440E-17  0.1990E-15  0.6110E-15  0.1040E-14  0.1680E-14  0.2340E-14  0.2750E-14  0.2750E-14  0.2630E-14
  0.1000E+12  0.1000E-73  0.1000E-73  0.1000E-73  0.2650E-30  0.6450E-22  0.5440E-17  0.1990E-15  0.6110E-15  0.1040E-14  0.1680E-14  0.2340E-14  0.2750E-14  0.2750E-14  0.2630E-14
  0.1000E+13  0.1000E-73  0.1000E-73  0.1000E-73  0.2650E-30  0.6450E-22  0.5440E-17  0.1990E-15  0.6110E-15  0.1040E-14  0.1680E-14  0.2340E-14  0.2750E-14  0.2750E-14  0.2630E-14
  0.1000E+14  0.1000E-73  0.1000E-73  0.1000E-73  0.2650E-30  0.6450E-22  0.5440E-17  0.1990E-15  0.6110E-15  0.1040E-14  0.1680E-14  0.2340E-14  0.2750E-14  0.2750E-14  0.2630E-14
  0.1000E+15  0.1000E-73  0.1000E-73  0.1000E-73  0.2650E-30  0.6450E-22  0.5440E-17  0.1990E-15  0.6110E-15  0.1040E-14  0.1680E-14  0.2340E-14  0.2750E-14  0.2750E-14  0.2630E-14
  0.1000E+16  0.1000E-73  0.1000E-73  0.1000E-73  0.2650E-30  0.6450E-22  0.5440E-17  0.1990E-15  0.6110E-15  0.1040E-14  0.1680E-14  0.2340E-14  0.2750E-14  0.2750E-14  0.2630E-14
  0.1000E+17  0.1000E-73  0.1000E-73  0.3530E-47  0.2650E-30  0.6450E-22  0.5440E-17  0.1990E-15  0.6110E-15  0.1040E-14  0.1680E-14  0.2340E-14  0.2750E-14  0.2750E-14  0.2630E-14
WAVELENGTH(A)= 
     9.506
 7 14 t 
excit   
    82.000    123.000    205.000    410.000    820.000   2050.000   4100.000   6150.000   8200.000  12300.000  20500.000  41000.000  82000.000 123000.000 
  0.1000E+11  0.1000E-73  0.1000E-73  0.1000E-73  0.2610E-30  0.6410E-22  0.5420E-17  0.1980E-15  0.6060E-15  0.1020E-14  0.1640E-14  0.2230E-14  0.2480E-14  0.2270E-14  0.2050E-14
  0.1000E+12  0.1000E-73  0.1000E-73  0.1000E-73  0.2610E-30  0.6410E-22  0.5420E-17  0.1980E-15  0.6060E-15  0.1020E-14  0.1640E-14  0.2230E-14  0.2480E-14  0.2270E-14  0.2050E-14
  0.1000E+13  0.1000E-73  0.1000E-73  0.1000E-73  0.2610E-30  0.6410E-22  0.5420E-17  0.1980E-15  0.6060E-15  0.1020E-14  0.1640E-14  0.2230E-14  0.2480E-14  0.2270E-14  0.2050E-14
  0.1000E+14  0.1000E-73  0.1000E-73  0.1000E-73  0.2610E-30  0.6410E-22  0.5420E-17  0.1980E-15  0.6060E-15  0.1020E-14  0.1640E-14  0.2230E-14  0.2480E-14  0.2270E-14  0.2050E-14
  0.1000E+15  0.1000E-73  0.1000E-73  0.1000E-73  0.2610E-30  0.6410E-22  0.5420E-17  0.1980E-15  0.6060E-15  0.1020E-14  0.1640E-14  0.2230E-14  0.2480E-14  0.2270E-14  0.2050E-14
  0.1000E+16  0.1000E-73  0.1000E-73  0.1000E-73  0.2610E-30  0.6410E-22  0.5420E-17  0.1980E-15  0.6060E-15  0.1020E-14  0.1640E-14  0.2230E-14  0.2480E-14  0.2270E-14  0.2050E-14
  0.1000E+17  0.1000E-73  0.1000E-73  0.2800E-47  0.2610E-30  0.6410E-22  0.5420E-17  0.1980E-15  0.6060E-15  0.1020E-14  0.1640E-14  0.2230E-14  0.2480E-14  0.2270E-14  0.2050E-14
WAVELENGTH(A)= 
     9.587
 7 14 t 
excit   
    82.000    123.000    205.000    410.000    820.000   2050.000   4100.000   6150.000   8200.000  12300.000  20500.000  41000.000  82000.000 123000.000 
  0.1000E+11  0.3410E-16  0.5340E-14  0.2780E-12  0.4670E-11  0.1640E-10  0.2880E-10  0.3060E-10  0.2980E-10  0.2870E-10  0.2670E-10  0.2380E-10  0.1970E-10  0.1590E-10  0.1380E-10
  0.1000E+12  0.3410E-16  0.5340E-14  0.2780E-12  0.4670E-11  0.1640E-10  0.2880E-10  0.3060E-10  0.2980E-10  0.2870E-10  0.2670E-10  0.2380E-10  0.1970E-10  0.1590E-10  0.1380E-10
  0.1000E+13  0.3410E-16  0.5340E-14  0.2780E-12  0.4670E-11  0.1640E-10  0.2880E-10  0.3060E-10  0.2980E-10  0.2870E-10  0.2670E-10  0.2380E-10  0.1970E-10  0.1590E-10  0.1380E-10
  0.1000E+14  0.3410E-16  0.5340E-14  0.2780E-12  0.4670E-11  0.1640E-10  0.2880E-10  0.3060E-10  0.2980E-10  0.2870E-10  0.2670E-10  0.2380E-10  0.1970E-10  0.1590E-10  0.1380E-10
  0.1000E+15  0.3410E-16  0.5340E-14  0.2780E-12  0.4670E-11  0.1640E-10  0.2880E-10  0.3060E-10  0.2980E-10  0.2870E-10  0.2670E-10  0.2380E-10  0.1970E-10  0.1590E-10  0.1380E-10
  0.1000E+16  0.3410E-16  0.5340E-14  0.2780E-12  0.4670E-11  0.1640E-10  0.2880E-10  0.3060E-10  0.2980E-10  0.2870E-10  0.2670E-10  0.2380E-10  0.1970E-10  0.1590E-10  0.1380E-10
  0.1000E+17  0.3410E-16  0.5340E-14  0.2780E-12  0.4670E-11  0.1640E-10  0.2880E-10  0.3060E-10  0.2980E-10  0.2870E-10  0.2670E-10  0.2380E-10  0.1970E-10  0.1590E-10  0.1380E-10
WAVELENGTH(A)= 
    14.294
 7 14 t 
excit   
    82.000    123.000    205.000    410.000    820.000   2050.000   4100.000   6150.000   8200.000  12300.000  20500.000  41000.000  82000.000 123000.000 
  0.1000E+11  0.1000E-73  0.1000E-73  0.1000E-73  0.1410E-29  0.1900E-21  0.1130E-16  0.3700E-15  0.1100E-14  0.1820E-14  0.2910E-14  0.4000E-14  0.4660E-14  0.4630E-14  0.4420E-14
  0.1000E+12  0.1000E-73  0.1000E-73  0.1000E-73  0.1410E-29  0.1900E-21  0.1130E-16  0.3700E-15  0.1100E-14  0.1820E-14  0.2910E-14  0.4000E-14  0.4660E-14  0.4630E-14  0.4420E-14
  0.1000E+13  0.1000E-73  0.1000E-73  0.1000E-73  0.1410E-29  0.1900E-21  0.1130E-16  0.3700E-15  0.1100E-14  0.1820E-14  0.2910E-14  0.4000E-14  0.4660E-14  0.4630E-14  0.4420E-14
  0.1000E+14  0.1000E-73  0.1000E-73  0.1000E-73  0.1410E-29  0.1900E-21  0.1130E-16  0.3700E-15  0.1100E-14  0.1820E-14  0.2910E-14  0.4000E-14  0.4660E-14  0.4630E-14  0.4420E-14
  0.1000E+15  0.1000E-73  0.1000E-73  0.1000E-73  0.1410E-29  0.1900E-21  0.1130E-16  0.3700E-15  0.1100E-14  0.1820E-14  0.2910E-14  0.4000E-14  0.4660E-14  0.4630E-14  0.4420E-14
  0.1000E+16  0.1000E-73  0.1000E-73  0.5130E-46  0.1410E-29  0.1900E-21  0.1130E-16  0.3700E-15  0.1100E-14  0.1820E-14  0.2910E-14  0.4000E-14  0.4660E-14  0.4630E-14  0.4420E-14
  0.1000E+17  0.1000E-73  0.1000E-73  0.5520E-46  0.1410E-29  0.1900E-21  0.1130E-16  0.3700E-15  0.1100E-14  0.1820E-14  0.2910E-14  0.4000E-14  0.4660E-14  0.4630E-14  0.4420E-14
WAVELENGTH(A)= 
    15.069
 7 14 t 
excit   
    82.000    123.000    205.000    410.000    820.000   2050.000   4100.000   6150.000   8200.000  12300.000  20500.000  41000.000  82000.000 123000.000 
  0.1000E+11  0.1000E-73  0.1000E-73  0.1000E-73  0.1410E-29  0.1930E-21  0.1160E-16  0.3740E-15  0.1110E-14  0.1830E-14  0.2890E-14  0.3860E-14  0.4270E-14  0.3890E-14  0.3520E-14
  0.1000E+12  0.1000E-73  0.1000E-73  0.1000E-73  0.1410E-29  0.1930E-21  0.1160E-16  0.3740E-15  0.1110E-14  0.1830E-14  0.2890E-14  0.3860E-14  0.4270E-14  0.3890E-14  0.3520E-14
  0.1000E+13  0.1000E-73  0.1000E-73  0.1000E-73  0.1410E-29  0.1930E-21  0.1160E-16  0.3740E-15  0.1110E-14  0.1830E-14  0.2890E-14  0.3860E-14  0.4270E-14  0.3890E-14  0.3520E-14
  0.1000E+14  0.1000E-73  0.1000E-73  0.1000E-73  0.1410E-29  0.1930E-21  0.1160E-16  0.3740E-15  0.1110E-14  0.1830E-14  0.2890E-14  0.3860E-14  0.4270E-14  0.3890E-14  0.3520E-14
  0.1000E+15  0.1000E-73  0.1000E-73  0.1000E-73  0.1410E-29  0.1930E-21  0.1160E-16  0.3740E-15  0.1110E-14  0.1830E-14  0.2890E-14  0.3860E-14  0.4270E-14  0.3890E-14  0.3520E-14
  0.1000E+16  0.1000E-73  0.1000E-73  0.4570E-46  0.1410E-29  0.1930E-21  0.1160E-16  0.3740E-15  0.1110E-14  0.1830E-14  0.2890E-14  0.3860E-14  0.4270E-14  0.3890E-14  0.3520E-14
  0.1000E+17  0.1000E-73  0.1000E-73  0.5250E-46  0.1410E-29  0.1930E-21  0.1160E-16  0.3740E-15  0.1110E-14  0.1830E-14  0.2890E-14  0.3860E-14  0.4270E-14  0.3890E-14  0.3520E-14
WAVELENGTH(A)= 
    16.004
 7 14 t 
excit   
    82.000    123.000    205.000    410.000    820.000   2050.000   4100.000   6150.000   8200.000  12300.000  20500.000  41000.000  82000.000 123000.000 
  0.1000E+11  0.1000E-73  0.1000E-73  0.1000E-73  0.3710E-31  0.2200E-22  0.3150E-17  0.1400E-15  0.4620E-15  0.8160E-15  0.1400E-14  0.2090E-14  0.2710E-14  0.3000E-14  0.3040E-14
  0.1000E+12  0.1000E-73  0.1000E-73  0.1000E-73  0.3710E-31  0.2200E-22  0.3150E-17  0.1400E-15  0.4620E-15  0.8160E-15  0.1400E-14  0.2090E-14  0.2710E-14  0.3000E-14  0.3040E-14
  0.1000E+13  0.1000E-73  0.1000E-73  0.1000E-73  0.3710E-31  0.2200E-22  0.3150E-17  0.1400E-15  0.4620E-15  0.8160E-15  0.1400E-14  0.2090E-14  0.2710E-14  0.3000E-14  0.3040E-14
  0.1000E+14  0.1000E-73  0.1000E-73  0.1000E-73  0.3710E-31  0.2200E-22  0.3150E-17  0.1400E-15  0.4620E-15  0.8160E-15  0.1400E-14  0.2090E-14  0.2710E-14  0.3000E-14  0.3040E-14
  0.1000E+15  0.1000E-73  0.1000E-73  0.1000E-73  0.3710E-31  0.2200E-22  0.3150E-17  0.1400E-15  0.4620E-15  0.8160E-15  0.1400E-14  0.2090E-14  0.2710E-14  0.3000E-14  0.3040E-14
  0.1000E+16  0.1000E-73  0.1000E-73  0.1000E-73  0.3710E-31  0.2200E-22  0.3150E-17  0.1400E-15  0.4620E-15  0.8160E-15  0.1400E-14  0.2090E-14  0.2710E-14  0.3000E-14  0.3040E-14
  0.1000E+17  0.1000E-73  0.1000E-73  0.1000E-73  0.3710E-31  0.2200E-22  0.3150E-17  0.1400E-15  0.4620E-15  0.8160E-15  0.1400E-14  0.2090E-14  0.2710E-14  0.3000E-14  0.3040E-14
WAVELENGTH(A)= 
    32.224
 7 14 t 
excit   
    82.000    123.000    205.000    410.000    820.000   2050.000   4100.000   6150.000   8200.000  12300.000  20500.000  41000.000  82000.000 123000.000 
  0.1000E+11  0.1000E-73  0.1000E-73  0.2590E-32  0.4810E-22  0.5530E-17  0.4930E-14  0.4210E-13  0.8130E-13  0.1100E-12  0.1420E-12  0.1620E-12  0.1600E-12  0.1400E-12  0.1260E-12
  0.1000E+12  0.1000E-73  0.1000E-73  0.2590E-32  0.4810E-22  0.5530E-17  0.4930E-14  0.4210E-13  0.8130E-13  0.1100E-12  0.1420E-12  0.1620E-12  0.1600E-12  0.1400E-12  0.1260E-12
  0.1000E+13  0.1000E-73  0.1000E-73  0.2590E-32  0.4810E-22  0.5530E-17  0.4930E-14  0.4210E-13  0.8130E-13  0.1100E-12  0.1420E-12  0.1620E-12  0.1600E-12  0.1400E-12  0.1260E-12
  0.1000E+14  0.1000E-73  0.8380E-46  0.2590E-32  0.4810E-22  0.5530E-17  0.4930E-14  0.4210E-13  0.8130E-13  0.1100E-12  0.1420E-12  0.1620E-12  0.1600E-12  0.1400E-12  0.1260E-12
  0.1000E+15  0.1000E-73  0.4190E-46  0.2590E-32  0.4810E-22  0.5530E-17  0.4930E-14  0.4210E-13  0.8130E-13  0.1100E-12  0.1420E-12  0.1620E-12  0.1600E-12  0.1400E-12  0.1260E-12
  0.1000E+16  0.1000E-73  0.4270E-46  0.2590E-32  0.4810E-22  0.5530E-17  0.4930E-14  0.4210E-13  0.8130E-13  0.1100E-12  0.1420E-12  0.1620E-12  0.1600E-12  0.1400E-12  0.1260E-12
  0.1000E+17  0.1000E-73  0.4260E-46  0.2590E-32  0.4810E-22  0.5530E-17  0.4930E-14  0.4210E-13  0.8130E-13  0.1100E-12  0.1420E-12  0.1620E-12  0.1600E-12  0.1400E-12  0.1260E-12
