 50  7 14
WAVELENGTH(A)= 
     5.814
 7 14 t 
excit   
    31.900     47.800     79.700    159.000    319.000    797.000   1590.000   2390.000   3190.000   4780.000   7970.000  15900.000  31900.000  47800.000 
  0.1000E+11  0.1000E-73  0.2600E-30  0.2550E-22  0.1180E-16  0.4150E-14  0.9070E-13  0.2160E-12  0.2810E-12  0.3180E-12  0.3640E-12  0.4120E-12  0.4670E-12  0.5170E-12  0.5440E-12
  0.1000E+12  0.1790E-40  0.2610E-30  0.2540E-22  0.1140E-16  0.3820E-14  0.7810E-13  0.1750E-12  0.2180E-12  0.2380E-12  0.2580E-12  0.2700E-12  0.2720E-12  0.2640E-12  0.2550E-12
  0.1000E+13  0.2060E-40  0.2700E-30  0.2610E-22  0.1160E-16  0.3860E-14  0.7810E-13  0.1730E-12  0.2140E-12  0.2330E-12  0.2500E-12  0.2580E-12  0.2540E-12  0.2380E-12  0.2250E-12
  0.1000E+14  0.3190E-40  0.3640E-30  0.3220E-22  0.1390E-16  0.4570E-14  0.9120E-13  0.1990E-12  0.2430E-12  0.2620E-12  0.2780E-12  0.2830E-12  0.2730E-12  0.2510E-12  0.2350E-12
  0.1000E+15  0.1280E-39  0.1120E-29  0.7850E-22  0.3060E-16  0.1000E-13  0.1950E-12  0.4090E-12  0.4870E-12  0.5140E-12  0.5280E-12  0.5130E-12  0.4620E-12  0.3960E-12  0.3550E-12
  0.1000E+16  0.4890E-39  0.3380E-29  0.1850E-21  0.6700E-16  0.2290E-13  0.4700E-12  0.1040E-11  0.1270E-11  0.1370E-11  0.1450E-11  0.1450E-11  0.1340E-11  0.1160E-11  0.1040E-11
  0.1000E+17  0.7050E-39  0.4330E-29  0.2140E-21  0.7630E-16  0.2670E-13  0.5720E-12  0.1310E-11  0.1650E-11  0.1820E-11  0.1980E-11  0.2080E-11  0.2070E-11  0.1940E-11  0.1830E-11
WAVELENGTH(A)= 
     5.817
 7 14 t 
excit   
    31.900     47.800     79.700    159.000    319.000    797.000   1590.000   2390.000   3190.000   4780.000   7970.000  15900.000  31900.000  47800.000 
  0.1000E+11  0.1000E-73  0.2390E-30  0.2320E-22  0.1060E-16  0.3710E-14  0.8040E-13  0.1930E-12  0.2490E-12  0.2830E-12  0.3240E-12  0.3660E-12  0.4160E-12  0.4600E-12  0.4840E-12
  0.1000E+12  0.1630E-40  0.2390E-30  0.2310E-22  0.1020E-16  0.3420E-14  0.6920E-13  0.1560E-12  0.1930E-12  0.2110E-12  0.2300E-12  0.2400E-12  0.2420E-12  0.2340E-12  0.2270E-12
  0.1000E+13  0.1900E-40  0.2460E-30  0.2350E-22  0.1030E-16  0.3440E-14  0.6900E-13  0.1540E-12  0.1890E-12  0.2060E-12  0.2220E-12  0.2290E-12  0.2260E-12  0.2110E-12  0.2000E-12
  0.1000E+14  0.2740E-40  0.3170E-30  0.2810E-22  0.1190E-16  0.3950E-14  0.7820E-13  0.1720E-12  0.2090E-12  0.2270E-12  0.2420E-12  0.2460E-12  0.2390E-12  0.2200E-12  0.2060E-12
  0.1000E+15  0.1000E-39  0.8860E-30  0.6200E-22  0.2390E-16  0.7840E-14  0.1520E-12  0.3220E-12  0.3830E-12  0.4070E-12  0.4200E-12  0.4110E-12  0.3740E-12  0.3240E-12  0.2930E-12
  0.1000E+16  0.3750E-39  0.2590E-29  0.1400E-21  0.5010E-16  0.1700E-13  0.3480E-12  0.7730E-12  0.9430E-12  0.1020E-11  0.1080E-11  0.1080E-11  0.1000E-11  0.8710E-12  0.7810E-12
  0.1000E+17  0.5360E-39  0.3270E-29  0.1600E-21  0.5620E-16  0.1970E-13  0.4160E-12  0.9610E-12  0.1200E-11  0.1330E-11  0.1450E-11  0.1520E-11  0.1520E-11  0.1430E-11  0.1340E-11
WAVELENGTH(A)= 
     5.819
 7 14 t 
excit   
    31.900     47.800     79.700    159.000    319.000    797.000   1590.000   2390.000   3190.000   4780.000   7970.000  15900.000  31900.000  47800.000 
  0.1000E+11  0.4830E-38  0.1840E-28  0.6800E-21  0.1570E-15  0.3950E-13  0.7200E-12  0.1650E-11  0.2120E-11  0.2410E-11  0.2760E-11  0.3150E-11  0.3620E-11  0.4060E-11  0.4270E-11
  0.1000E+12  0.4820E-38  0.1840E-28  0.6750E-21  0.1510E-15  0.3630E-13  0.6190E-12  0.1330E-11  0.1640E-11  0.1800E-11  0.1950E-11  0.2060E-11  0.2110E-11  0.2070E-11  0.2000E-11
  0.1000E+13  0.4820E-38  0.1840E-28  0.6740E-21  0.1500E-15  0.3590E-13  0.6080E-12  0.1300E-11  0.1590E-11  0.1740E-11  0.1870E-11  0.1950E-11  0.1950E-11  0.1850E-11  0.1760E-11
  0.1000E+14  0.4800E-38  0.1820E-28  0.6630E-21  0.1480E-15  0.3570E-13  0.6050E-12  0.1290E-11  0.1580E-11  0.1730E-11  0.1860E-11  0.1940E-11  0.1930E-11  0.1830E-11  0.1730E-11
  0.1000E+15  0.4630E-38  0.1680E-28  0.5880E-21  0.1340E-15  0.3380E-13  0.5890E-12  0.1270E-11  0.1550E-11  0.1700E-11  0.1840E-11  0.1920E-11  0.1910E-11  0.1820E-11  0.1720E-11
  0.1000E+16  0.3970E-38  0.1270E-28  0.4110E-21  0.1040E-15  0.2930E-13  0.5440E-12  0.1190E-11  0.1470E-11  0.1620E-11  0.1750E-11  0.1830E-11  0.1840E-11  0.1760E-11  0.1660E-11
  0.1000E+17  0.3550E-38  0.1070E-28  0.3430E-21  0.9140E-16  0.2730E-13  0.5210E-12  0.1150E-11  0.1420E-11  0.1560E-11  0.1690E-11  0.1770E-11  0.1770E-11  0.1680E-11  0.1590E-11
WAVELENGTH(A)= 
     5.822
 7 14 t 
excit   
    31.900     47.800     79.700    159.000    319.000    797.000   1590.000   2390.000   3190.000   4780.000   7970.000  15900.000  31900.000  47800.000 
  0.1000E+11  0.1030E-37  0.3870E-28  0.1420E-20  0.3240E-15  0.8140E-13  0.1480E-11  0.3380E-11  0.4360E-11  0.4970E-11  0.5680E-11  0.6480E-11  0.7450E-11  0.8300E-11  0.8790E-11
  0.1000E+12  0.1020E-37  0.3870E-28  0.1410E-20  0.3110E-15  0.7480E-13  0.1270E-11  0.2730E-11  0.3370E-11  0.3710E-11  0.4020E-11  0.4250E-11  0.4340E-11  0.4230E-11  0.4120E-11
  0.1000E+13  0.1020E-37  0.3870E-28  0.1400E-20  0.3100E-15  0.7400E-13  0.1250E-11  0.2660E-11  0.3260E-11  0.3580E-11  0.3840E-11  0.4010E-11  0.4010E-11  0.3790E-11  0.3610E-11
  0.1000E+14  0.1020E-37  0.3830E-28  0.1380E-20  0.3060E-15  0.7350E-13  0.1240E-11  0.2650E-11  0.3250E-11  0.3560E-11  0.3820E-11  0.3990E-11  0.3970E-11  0.3750E-11  0.3560E-11
  0.1000E+15  0.9820E-38  0.3540E-28  0.1220E-20  0.2770E-15  0.6970E-13  0.1210E-11  0.2600E-11  0.3200E-11  0.3510E-11  0.3770E-11  0.3940E-11  0.3940E-11  0.3720E-11  0.3540E-11
  0.1000E+16  0.8430E-38  0.2670E-28  0.8570E-21  0.2140E-15  0.6040E-13  0.1120E-11  0.2450E-11  0.3030E-11  0.3340E-11  0.3600E-11  0.3780E-11  0.3790E-11  0.3590E-11  0.3430E-11
  0.1000E+17  0.7540E-38  0.2240E-28  0.7140E-21  0.1890E-15  0.5620E-13  0.1070E-11  0.2360E-11  0.2920E-11  0.3220E-11  0.3480E-11  0.3640E-11  0.3650E-11  0.3450E-11  0.3280E-11
WAVELENGTH(A)= 
     5.832
 7 14 t 
excit   
    31.900     47.800     79.700    159.000    319.000    797.000   1590.000   2390.000   3190.000   4780.000   7970.000  15900.000  31900.000  47800.000 
  0.1000E+11  0.1030E-38  0.3740E-29  0.1330E-21  0.2970E-16  0.7370E-14  0.1330E-12  0.3030E-12  0.3910E-12  0.4440E-12  0.5100E-12  0.5810E-12  0.6650E-12  0.7430E-12  0.7860E-12
  0.1000E+12  0.1030E-38  0.3740E-29  0.1320E-21  0.2850E-16  0.6770E-14  0.1140E-12  0.2450E-12  0.3020E-12  0.3310E-12  0.3610E-12  0.3810E-12  0.3880E-12  0.3780E-12  0.3690E-12
  0.1000E+13  0.1030E-38  0.3740E-29  0.1320E-21  0.2840E-16  0.6710E-14  0.1120E-12  0.2390E-12  0.2930E-12  0.3190E-12  0.3450E-12  0.3600E-12  0.3580E-12  0.3390E-12  0.3230E-12
  0.1000E+14  0.1030E-38  0.3700E-29  0.1300E-21  0.2800E-16  0.6660E-14  0.1120E-12  0.2370E-12  0.2910E-12  0.3180E-12  0.3430E-12  0.3570E-12  0.3550E-12  0.3350E-12  0.3180E-12
  0.1000E+15  0.9880E-39  0.3420E-29  0.1150E-21  0.2540E-16  0.6310E-14  0.1090E-12  0.2330E-12  0.2870E-12  0.3130E-12  0.3390E-12  0.3540E-12  0.3520E-12  0.3330E-12  0.3160E-12
  0.1000E+16  0.8490E-39  0.2580E-29  0.8040E-22  0.1960E-16  0.5470E-14  0.1010E-12  0.2200E-12  0.2720E-12  0.2980E-12  0.3240E-12  0.3390E-12  0.3390E-12  0.3210E-12  0.3060E-12
  0.1000E+17  0.7590E-39  0.2170E-29  0.6700E-22  0.1730E-16  0.5090E-14  0.9640E-13  0.2120E-12  0.2620E-12  0.2880E-12  0.3120E-12  0.3270E-12  0.3260E-12  0.3090E-12  0.2930E-12
WAVELENGTH(A)= 
     6.007
 7 14 t 
excit   
    31.900     47.800     79.700    159.000    319.000    797.000   1590.000   2390.000   3190.000   4780.000   7970.000  15900.000  31900.000  47800.000 
  0.1000E+11  0.4100E-37  0.7790E-28  0.1650E-20  0.2500E-15  0.5110E-13  0.8220E-12  0.1800E-11  0.2290E-11  0.2580E-11  0.2940E-11  0.3330E-11  0.3800E-11  0.4210E-11  0.4450E-11
  0.1000E+12  0.4100E-37  0.7790E-28  0.1630E-20  0.2400E-15  0.4690E-13  0.7060E-12  0.1450E-11  0.1770E-11  0.1930E-11  0.2080E-11  0.2180E-11  0.2210E-11  0.2150E-11  0.2090E-11
  0.1000E+13  0.4090E-37  0.7780E-28  0.1630E-20  0.2380E-15  0.4650E-13  0.6940E-12  0.1420E-11  0.1720E-11  0.1860E-11  0.1990E-11  0.2060E-11  0.2040E-11  0.1930E-11  0.1830E-11
  0.1000E+14  0.4080E-37  0.7710E-28  0.1610E-20  0.2350E-15  0.4610E-13  0.6910E-12  0.1410E-11  0.1710E-11  0.1850E-11  0.1980E-11  0.2050E-11  0.2030E-11  0.1900E-11  0.1800E-11
  0.1000E+15  0.3930E-37  0.7120E-28  0.1420E-20  0.2130E-15  0.4370E-13  0.6720E-12  0.1380E-11  0.1680E-11  0.1820E-11  0.1950E-11  0.2020E-11  0.2010E-11  0.1890E-11  0.1790E-11
  0.1000E+16  0.3370E-37  0.5370E-28  0.9960E-21  0.1650E-15  0.3790E-13  0.6210E-12  0.1300E-11  0.1590E-11  0.1730E-11  0.1870E-11  0.1940E-11  0.1930E-11  0.1820E-11  0.1730E-11
  0.1000E+17  0.3020E-37  0.4510E-28  0.8290E-21  0.1460E-15  0.3530E-13  0.5950E-12  0.1260E-11  0.1540E-11  0.1670E-11  0.1800E-11  0.1870E-11  0.1860E-11  0.1750E-11  0.1660E-11
WAVELENGTH(A)= 
     7.331
 7 14 t 
excit   
    31.900     47.800     79.700    159.000    319.000    797.000   1590.000   2390.000   3190.000   4780.000   7970.000  15900.000  31900.000  47800.000 
  0.1000E+11  0.4970E-33  0.1990E-25  0.2260E-19  0.5740E-15  0.5930E-13  0.6630E-12  0.1260E-11  0.1490E-11  0.1590E-11  0.1680E-11  0.1720E-11  0.1720E-11  0.1700E-11  0.1680E-11
  0.1000E+12  0.4970E-33  0.1990E-25  0.2240E-19  0.5510E-15  0.5450E-13  0.5700E-12  0.1010E-11  0.1150E-11  0.1190E-11  0.1190E-11  0.1130E-11  0.1000E-11  0.8650E-12  0.7870E-12
  0.1000E+13  0.4970E-33  0.1980E-25  0.2240E-19  0.5480E-15  0.5400E-13  0.5600E-12  0.9890E-12  0.1110E-11  0.1150E-11  0.1140E-11  0.1070E-11  0.9280E-12  0.7750E-12  0.6900E-12
  0.1000E+14  0.4950E-33  0.1970E-25  0.2200E-19  0.5410E-15  0.5360E-13  0.5580E-12  0.9850E-12  0.1110E-11  0.1140E-11  0.1130E-11  0.1060E-11  0.9200E-12  0.7660E-12  0.6800E-12
  0.1000E+15  0.4770E-33  0.1820E-25  0.1960E-19  0.4940E-15  0.5120E-13  0.5470E-12  0.9740E-12  0.1100E-11  0.1130E-11  0.1120E-11  0.1050E-11  0.9150E-12  0.7630E-12  0.6770E-12
  0.1000E+16  0.4100E-33  0.1370E-25  0.1380E-19  0.3880E-15  0.4530E-13  0.5180E-12  0.9390E-12  0.1070E-11  0.1100E-11  0.1100E-11  0.1030E-11  0.8970E-12  0.7490E-12  0.6660E-12
  0.1000E+17  0.3670E-33  0.1150E-25  0.1150E-19  0.3450E-15  0.4260E-13  0.5000E-12  0.9160E-12  0.1040E-11  0.1080E-11  0.1070E-11  0.1010E-11  0.8780E-12  0.7320E-12  0.6500E-12
WAVELENGTH(A)= 
     7.370
 7 14 t 
excit   
    31.900     47.800     79.700    159.000    319.000    797.000   1590.000   2390.000   3190.000   4780.000   7970.000  15900.000  31900.000  47800.000 
  0.1000E+11  0.3240E-36  0.1780E-27  0.1380E-20  0.9950E-16  0.1390E-13  0.1730E-12  0.3330E-12  0.3910E-12  0.4130E-12  0.4260E-12  0.4200E-12  0.3900E-12  0.3530E-12  0.3310E-12
  0.1000E+12  0.3240E-36  0.1780E-27  0.1370E-20  0.9560E-16  0.1280E-13  0.1490E-12  0.2690E-12  0.3020E-12  0.3080E-12  0.3010E-12  0.2750E-12  0.2270E-12  0.1800E-12  0.1550E-12
  0.1000E+13  0.3240E-36  0.1770E-27  0.1370E-20  0.9500E-16  0.1260E-13  0.1460E-12  0.2620E-12  0.2930E-12  0.2970E-12  0.2880E-12  0.2600E-12  0.2100E-12  0.1610E-12  0.1360E-12
  0.1000E+14  0.3230E-36  0.1760E-27  0.1350E-20  0.9380E-16  0.1250E-13  0.1460E-12  0.2610E-12  0.2910E-12  0.2960E-12  0.2870E-12  0.2580E-12  0.2080E-12  0.1590E-12  0.1340E-12
  0.1000E+15  0.3110E-36  0.1620E-27  0.1200E-20  0.8510E-16  0.1190E-13  0.1420E-12  0.2560E-12  0.2870E-12  0.2920E-12  0.2830E-12  0.2560E-12  0.2060E-12  0.1580E-12  0.1330E-12
  0.1000E+16  0.2670E-36  0.1230E-27  0.8380E-21  0.6580E-16  0.1030E-13  0.1310E-12  0.2410E-12  0.2720E-12  0.2770E-12  0.2700E-12  0.2450E-12  0.1980E-12  0.1530E-12  0.1290E-12
  0.1000E+17  0.2390E-36  0.1030E-27  0.6980E-21  0.5800E-16  0.9600E-14  0.1250E-12  0.2320E-12  0.2620E-12  0.2680E-12  0.2610E-12  0.2360E-12  0.1910E-12  0.1470E-12  0.1240E-12
WAVELENGTH(A)= 
    12.486
 7 14 t 
excit   
    31.900     47.800     79.700    159.000    319.000    797.000   1590.000   2390.000   3190.000   4780.000   7970.000  15900.000  31900.000  47800.000 
  0.1000E+11  0.1140E-23  0.2990E-19  0.8260E-16  0.1660E-13  0.1410E-12  0.4020E-12  0.5490E-12  0.6220E-12  0.6720E-12  0.7500E-12  0.8460E-12  0.9840E-12  0.1120E-11  0.1190E-11
  0.1000E+12  0.1140E-23  0.2990E-19  0.8200E-16  0.1590E-13  0.1300E-12  0.3460E-12  0.4430E-12  0.4800E-12  0.5020E-12  0.5300E-12  0.5550E-12  0.5730E-12  0.5710E-12  0.5600E-12
  0.1000E+13  0.1140E-23  0.2990E-19  0.8190E-16  0.1580E-13  0.1290E-12  0.3400E-12  0.4320E-12  0.4660E-12  0.4840E-12  0.5080E-12  0.5240E-12  0.5300E-12  0.5120E-12  0.4910E-12
  0.1000E+14  0.1140E-23  0.2970E-19  0.8080E-16  0.1560E-13  0.1280E-12  0.3390E-12  0.4300E-12  0.4640E-12  0.4820E-12  0.5050E-12  0.5210E-12  0.5250E-12  0.5060E-12  0.4840E-12
  0.1000E+15  0.1130E-23  0.2810E-19  0.7290E-16  0.1440E-13  0.1230E-12  0.3350E-12  0.4280E-12  0.4620E-12  0.4810E-12  0.5040E-12  0.5200E-12  0.5250E-12  0.5050E-12  0.4830E-12
  0.1000E+16  0.1080E-23  0.2310E-19  0.5460E-16  0.1170E-13  0.1120E-12  0.3230E-12  0.4210E-12  0.4570E-12  0.4760E-12  0.5000E-12  0.5170E-12  0.5220E-12  0.5030E-12  0.4800E-12
  0.1000E+17  0.1050E-23  0.2060E-19  0.4720E-16  0.1060E-13  0.1060E-12  0.3150E-12  0.4140E-12  0.4510E-12  0.4700E-12  0.4950E-12  0.5120E-12  0.5170E-12  0.4980E-12  0.4760E-12
WAVELENGTH(A)= 
    15.034
 7 14 t 
excit   
    31.900     47.800     79.700    159.000    319.000    797.000   1590.000   2390.000   3190.000   4780.000   7970.000  15900.000  31900.000  47800.000 
  0.1000E+11  0.1130E-21  0.5140E-18  0.3500E-15  0.2350E-13  0.1100E-12  0.2180E-12  0.2720E-12  0.3020E-12  0.3240E-12  0.3560E-12  0.3970E-12  0.4520E-12  0.5020E-12  0.5280E-12
  0.1000E+12  0.1130E-21  0.5140E-18  0.3480E-15  0.2260E-13  0.1010E-12  0.1870E-12  0.2200E-12  0.2330E-12  0.2410E-12  0.2520E-12  0.2600E-12  0.2630E-12  0.2560E-12  0.2470E-12
  0.1000E+13  0.1130E-21  0.5150E-18  0.3480E-15  0.2260E-13  0.1000E-12  0.1850E-12  0.2150E-12  0.2270E-12  0.2330E-12  0.2420E-12  0.2460E-12  0.2430E-12  0.2290E-12  0.2170E-12
  0.1000E+14  0.1160E-21  0.5240E-18  0.3510E-15  0.2280E-13  0.1020E-12  0.1880E-12  0.2180E-12  0.2290E-12  0.2360E-12  0.2430E-12  0.2470E-12  0.2430E-12  0.2280E-12  0.2150E-12
  0.1000E+15  0.1440E-21  0.6030E-18  0.3780E-15  0.2490E-13  0.1160E-12  0.2160E-12  0.2480E-12  0.2580E-12  0.2640E-12  0.2690E-12  0.2700E-12  0.2610E-12  0.2410E-12  0.2260E-12
  0.1000E+16  0.2470E-21  0.8370E-18  0.4380E-15  0.2930E-13  0.1480E-12  0.2900E-12  0.3370E-12  0.3520E-12  0.3590E-12  0.3640E-12  0.3620E-12  0.3440E-12  0.3100E-12  0.2860E-12
  0.1000E+17  0.3130E-21  0.9460E-18  0.4540E-15  0.3040E-13  0.1580E-12  0.3190E-12  0.3780E-12  0.3990E-12  0.4100E-12  0.4220E-12  0.4250E-12  0.4130E-12  0.3820E-12  0.3570E-12
WAVELENGTH(A)= 
    15.248
 7 14 t 
excit   
    31.900     47.800     79.700    159.000    319.000    797.000   1590.000   2390.000   3190.000   4780.000   7970.000  15900.000  31900.000  47800.000 
  0.1000E+11  0.3210E-24  0.1980E-19  0.1080E-15  0.3340E-13  0.3130E-12  0.8150E-12  0.9820E-12  0.1020E-11  0.1030E-11  0.1020E-11  0.9870E-12  0.9270E-12  0.8560E-12  0.8130E-12
  0.1000E+12  0.3210E-24  0.1980E-19  0.1070E-15  0.3200E-13  0.2870E-12  0.7000E-12  0.7920E-12  0.7890E-12  0.7660E-12  0.7220E-12  0.6470E-12  0.5400E-12  0.4360E-12  0.3810E-12
  0.1000E+13  0.3210E-24  0.1980E-19  0.1070E-15  0.3190E-13  0.2850E-12  0.6880E-12  0.7720E-12  0.7650E-12  0.7390E-12  0.6910E-12  0.6120E-12  0.4990E-12  0.3910E-12  0.3340E-12
  0.1000E+14  0.3200E-24  0.1960E-19  0.1060E-15  0.3150E-13  0.2830E-12  0.6860E-12  0.7700E-12  0.7620E-12  0.7360E-12  0.6870E-12  0.6080E-12  0.4950E-12  0.3870E-12  0.3300E-12
  0.1000E+15  0.3140E-24  0.1840E-19  0.9470E-16  0.2890E-13  0.2710E-12  0.6740E-12  0.7620E-12  0.7560E-12  0.7310E-12  0.6830E-12  0.6050E-12  0.4930E-12  0.3850E-12  0.3280E-12
  0.1000E+16  0.2910E-24  0.1480E-19  0.6950E-16  0.2310E-13  0.2420E-12  0.6410E-12  0.7380E-12  0.7360E-12  0.7130E-12  0.6690E-12  0.5940E-12  0.4850E-12  0.3800E-12  0.3240E-12
  0.1000E+17  0.2750E-24  0.1290E-19  0.5940E-16  0.2070E-13  0.2280E-12  0.6210E-12  0.7210E-12  0.7210E-12  0.6990E-12  0.6560E-12  0.5830E-12  0.4760E-12  0.3720E-12  0.3180E-12
WAVELENGTH(A)= 
    16.964
 7 14 t 
excit   
    31.900     47.800     79.700    159.000    319.000    797.000   1590.000   2390.000   3190.000   4780.000   7970.000  15900.000  31900.000  47800.000 
  0.1000E+11  0.1950E-21  0.8870E-18  0.6050E-15  0.4070E-13  0.1900E-12  0.3760E-12  0.4700E-12  0.5210E-12  0.5590E-12  0.6150E-12  0.6850E-12  0.7800E-12  0.8660E-12  0.9110E-12
  0.1000E+12  0.1950E-21  0.8870E-18  0.6000E-15  0.3910E-13  0.1750E-12  0.3230E-12  0.3790E-12  0.4030E-12  0.4170E-12  0.4350E-12  0.4490E-12  0.4540E-12  0.4410E-12  0.4270E-12
  0.1000E+13  0.1960E-21  0.8890E-18  0.6010E-15  0.3890E-13  0.1730E-12  0.3190E-12  0.3700E-12  0.3910E-12  0.4030E-12  0.4170E-12  0.4250E-12  0.4200E-12  0.3960E-12  0.3750E-12
  0.1000E+14  0.2010E-21  0.9050E-18  0.6070E-15  0.3940E-13  0.1760E-12  0.3240E-12  0.3760E-12  0.3960E-12  0.4070E-12  0.4200E-12  0.4270E-12  0.4200E-12  0.3940E-12  0.3710E-12
  0.1000E+15  0.2490E-21  0.1040E-17  0.6530E-15  0.4300E-13  0.2000E-12  0.3720E-12  0.4280E-12  0.4460E-12  0.4550E-12  0.4650E-12  0.4660E-12  0.4510E-12  0.4160E-12  0.3900E-12
  0.1000E+16  0.4270E-21  0.1450E-17  0.7560E-15  0.5060E-13  0.2560E-12  0.5000E-12  0.5820E-12  0.6080E-12  0.6190E-12  0.6290E-12  0.6250E-12  0.5930E-12  0.5360E-12  0.4940E-12
  0.1000E+17  0.5410E-21  0.1630E-17  0.7840E-15  0.5240E-13  0.2740E-12  0.5510E-12  0.6530E-12  0.6900E-12  0.7090E-12  0.7280E-12  0.7340E-12  0.7140E-12  0.6600E-12  0.6170E-12
WAVELENGTH(A)= 
    20.136
 7 14 t 
excit   
    31.900     47.800     79.700    159.000    319.000    797.000   1590.000   2390.000   3190.000   4780.000   7970.000  15900.000  31900.000  47800.000 
  0.1000E+11  0.3110E-21  0.2440E-17  0.2540E-14  0.2280E-12  0.1140E-11  0.2010E-11  0.2080E-11  0.2020E-11  0.1950E-11  0.1850E-11  0.1710E-11  0.1540E-11  0.1380E-11  0.1300E-11
  0.1000E+12  0.3110E-21  0.2440E-17  0.2530E-14  0.2190E-12  0.1050E-11  0.1720E-11  0.1680E-11  0.1560E-11  0.1460E-11  0.1310E-11  0.1120E-11  0.8960E-12  0.7030E-12  0.6100E-12
  0.1000E+13  0.3110E-21  0.2440E-17  0.2520E-14  0.2170E-12  0.1040E-11  0.1690E-11  0.1640E-11  0.1510E-11  0.1400E-11  0.1250E-11  0.1060E-11  0.8280E-12  0.6300E-12  0.5350E-12
  0.1000E+14  0.3100E-21  0.2420E-17  0.2480E-14  0.2150E-12  0.1030E-11  0.1690E-11  0.1630E-11  0.1500E-11  0.1400E-11  0.1250E-11  0.1050E-11  0.8210E-12  0.6230E-12  0.5270E-12
  0.1000E+15  0.3010E-21  0.2250E-17  0.2210E-14  0.1960E-12  0.9830E-12  0.1650E-11  0.1610E-11  0.1490E-11  0.1380E-11  0.1240E-11  0.1050E-11  0.8170E-12  0.6200E-12  0.5250E-12
  0.1000E+16  0.2670E-21  0.1750E-17  0.1580E-14  0.1540E-12  0.8660E-12  0.1550E-11  0.1540E-11  0.1430E-11  0.1340E-11  0.1200E-11  0.1020E-11  0.7980E-12  0.6080E-12  0.5160E-12
  0.1000E+17  0.2460E-21  0.1500E-17  0.1340E-14  0.1370E-12  0.8110E-12  0.1500E-11  0.1500E-11  0.1400E-11  0.1310E-11  0.1170E-11  0.9960E-12  0.7790E-12  0.5930E-12  0.5030E-12
WAVELENGTH(A)= 
    34.506
 7 14 t 
excit   
    31.900     47.800     79.700    159.000    319.000    797.000   1590.000   2390.000   3190.000   4780.000   7970.000  15900.000  31900.000  47800.000 
  0.1000E+11  0.1360E-17  0.3960E-15  0.2960E-13  0.3670E-12  0.6770E-12  0.6350E-12  0.5150E-12  0.4530E-12  0.4130E-12  0.3650E-12  0.3150E-12  0.2640E-12  0.2270E-12  0.2090E-12
  0.1000E+12  0.1360E-17  0.3960E-15  0.2940E-13  0.3520E-12  0.6220E-12  0.5460E-12  0.4150E-12  0.3490E-12  0.3080E-12  0.2580E-12  0.2070E-12  0.1540E-12  0.1160E-12  0.9830E-13
  0.1000E+13  0.1360E-17  0.3960E-15  0.2940E-13  0.3500E-12  0.6160E-12  0.5370E-12  0.4050E-12  0.3390E-12  0.2970E-12  0.2470E-12  0.1960E-12  0.1420E-12  0.1040E-12  0.8620E-13
  0.1000E+14  0.1370E-17  0.3950E-15  0.2910E-13  0.3480E-12  0.6150E-12  0.5370E-12  0.4050E-12  0.3390E-12  0.2970E-12  0.2470E-12  0.1950E-12  0.1410E-12  0.1030E-12  0.8500E-13
  0.1000E+15  0.1420E-17  0.3900E-15  0.2730E-13  0.3320E-12  0.6110E-12  0.5450E-12  0.4130E-12  0.3450E-12  0.3020E-12  0.2510E-12  0.1980E-12  0.1430E-12  0.1040E-12  0.8590E-13
  0.1000E+16  0.1680E-17  0.3820E-15  0.2320E-13  0.2980E-12  0.6040E-12  0.5700E-12  0.4390E-12  0.3680E-12  0.3230E-12  0.2690E-12  0.2120E-12  0.1530E-12  0.1110E-12  0.9130E-13
  0.1000E+17  0.2140E-17  0.4180E-15  0.2300E-13  0.2940E-12  0.6140E-12  0.5920E-12  0.4600E-12  0.3880E-12  0.3420E-12  0.2850E-12  0.2260E-12  0.1650E-12  0.1200E-12  0.9930E-13
WAVELENGTH(A)= 
    45.559
 7 14 t 
excit   
    31.900     47.800     79.700    159.000    319.000    797.000   1590.000   2390.000   3190.000   4780.000   7970.000  15900.000  31900.000  47800.000 
  0.1000E+11  0.2960E-14  0.1420E-12  0.2500E-11  0.1040E-10  0.1150E-10  0.8610E-11  0.6860E-11  0.6130E-11  0.5710E-11  0.5240E-11  0.4760E-11  0.4300E-11  0.3960E-11  0.3810E-11
  0.1000E+12  0.2980E-14  0.1420E-12  0.2490E-11  0.9970E-11  0.1060E-10  0.7410E-11  0.5540E-11  0.4740E-11  0.4270E-11  0.3710E-11  0.3120E-11  0.2500E-11  0.2020E-11  0.1790E-11
  0.1000E+13  0.3130E-14  0.1470E-12  0.2540E-11  0.1010E-10  0.1070E-10  0.7390E-11  0.5470E-11  0.4650E-11  0.4160E-11  0.3590E-11  0.2980E-11  0.2330E-11  0.1820E-11  0.1580E-11
  0.1000E+14  0.4610E-14  0.1910E-12  0.3060E-11  0.1180E-10  0.1240E-10  0.8440E-11  0.6160E-11  0.5190E-11  0.4600E-11  0.3930E-11  0.3220E-11  0.2480E-11  0.1900E-11  0.1630E-11
  0.1000E+15  0.1730E-13  0.5470E-12  0.6920E-11  0.2420E-10  0.2520E-10  0.1680E-10  0.1180E-10  0.9710E-11  0.8440E-11  0.6970E-11  0.5470E-11  0.3950E-11  0.2840E-11  0.2350E-11
  0.1000E+16  0.6530E-13  0.1620E-11  0.1590E-10  0.5160E-10  0.5580E-10  0.3920E-10  0.2890E-10  0.2440E-10  0.2160E-10  0.1830E-10  0.1470E-10  0.1080E-10  0.7810E-11  0.6400E-11
  0.1000E+17  0.9680E-13  0.2110E-11  0.1870E-10  0.5950E-10  0.6610E-10  0.4830E-10  0.3690E-10  0.3190E-10  0.2890E-10  0.2520E-10  0.2120E-10  0.1670E-10  0.1300E-10  0.1120E-10
WAVELENGTH(A)= 
    46.154
 7 14 t 
excit   
    31.900     47.800     79.700    159.000    319.000    797.000   1590.000   2390.000   3190.000   4780.000   7970.000  15900.000  31900.000  47800.000 
  0.1000E+11  0.1900E-16  0.2130E-14  0.7400E-13  0.5160E-12  0.7160E-12  0.5670E-12  0.4350E-12  0.3760E-12  0.3400E-12  0.2980E-12  0.2560E-12  0.2130E-12  0.1820E-12  0.1680E-12
  0.1000E+12  0.1900E-16  0.2130E-14  0.7350E-13  0.4960E-12  0.6580E-12  0.4880E-12  0.3510E-12  0.2910E-12  0.2540E-12  0.2110E-12  0.1680E-12  0.1240E-12  0.9290E-13  0.7880E-13
  0.1000E+13  0.1930E-16  0.2150E-14  0.7420E-13  0.4990E-12  0.6590E-12  0.4840E-12  0.3460E-12  0.2840E-12  0.2470E-12  0.2030E-12  0.1600E-12  0.1150E-12  0.8350E-13  0.6930E-13
  0.1000E+14  0.2200E-16  0.2400E-14  0.8130E-13  0.5460E-12  0.7240E-12  0.5280E-12  0.3730E-12  0.3040E-12  0.2630E-12  0.2150E-12  0.1670E-12  0.1190E-12  0.8530E-13  0.7020E-13
  0.1000E+15  0.4500E-16  0.4410E-14  0.1340E-12  0.8920E-12  0.1220E-11  0.8810E-12  0.6010E-12  0.4760E-12  0.4030E-12  0.3190E-12  0.2380E-12  0.1610E-12  0.1100E-12  0.8790E-13
  0.1000E+16  0.1320E-15  0.1040E-13  0.2550E-12  0.1640E-11  0.2380E-11  0.1820E-11  0.1280E-11  0.1030E-11  0.8800E-12  0.7040E-12  0.5280E-12  0.3560E-12  0.2380E-12  0.1880E-12
  0.1000E+17  0.1880E-15  0.1330E-13  0.2990E-12  0.1890E-11  0.2820E-11  0.2220E-11  0.1610E-11  0.1320E-11  0.1150E-11  0.9430E-12  0.7350E-12  0.5250E-12  0.3740E-12  0.3070E-12
WAVELENGTH(A)= 
    46.484
 7 14 t 
excit   
    31.900     47.800     79.700    159.000    319.000    797.000   1590.000   2390.000   3190.000   4780.000   7970.000  15900.000  31900.000  47800.000 
  0.1000E+11  0.2700E-16  0.3050E-14  0.1070E-12  0.7500E-12  0.1040E-11  0.8160E-12  0.6230E-12  0.5350E-12  0.4820E-12  0.4210E-12  0.3590E-12  0.2960E-12  0.2510E-12  0.2300E-12
  0.1000E+12  0.2700E-16  0.3050E-14  0.1060E-12  0.7200E-12  0.9540E-12  0.7010E-12  0.5030E-12  0.4130E-12  0.3600E-12  0.2980E-12  0.2350E-12  0.1730E-12  0.1280E-12  0.1080E-12
  0.1000E+13  0.2720E-16  0.3060E-14  0.1060E-12  0.7200E-12  0.9490E-12  0.6920E-12  0.4920E-12  0.4020E-12  0.3480E-12  0.2860E-12  0.2230E-12  0.1600E-12  0.1150E-12  0.9460E-13
  0.1000E+14  0.2890E-16  0.3200E-14  0.1100E-12  0.7430E-12  0.9830E-12  0.7160E-12  0.5070E-12  0.4120E-12  0.3570E-12  0.2910E-12  0.2260E-12  0.1610E-12  0.1150E-12  0.9440E-13
  0.1000E+15  0.4360E-16  0.4370E-14  0.1360E-12  0.9130E-12  0.1250E-11  0.9110E-12  0.6350E-12  0.5090E-12  0.4360E-12  0.3510E-12  0.2670E-12  0.1860E-12  0.1290E-12  0.1050E-12
  0.1000E+16  0.9880E-16  0.7840E-14  0.1970E-12  0.1280E-11  0.1860E-11  0.1430E-11  0.1020E-11  0.8230E-12  0.7070E-12  0.5710E-12  0.4350E-12  0.3000E-12  0.2050E-12  0.1640E-12
  0.1000E+17  0.1330E-15  0.9370E-14  0.2140E-12  0.1380E-11  0.2060E-11  0.1630E-11  0.1190E-11  0.9770E-12  0.8510E-12  0.7010E-12  0.5490E-12  0.3950E-12  0.2840E-12  0.2340E-12
WAVELENGTH(A)= 
    46.975
 7 14 t 
excit   
    31.900     47.800     79.700    159.000    319.000    797.000   1590.000   2390.000   3190.000   4780.000   7970.000  15900.000  31900.000  47800.000 
  0.1000E+11  0.3880E-36  0.2360E-27  0.2000E-20  0.1530E-15  0.2210E-13  0.2800E-12  0.5430E-12  0.6390E-12  0.6790E-12  0.6990E-12  0.6890E-12  0.6410E-12  0.5820E-12  0.5460E-12
  0.1000E+12  0.3880E-36  0.2360E-27  0.1990E-20  0.1470E-15  0.2030E-13  0.2410E-12  0.4380E-12  0.4930E-12  0.5060E-12  0.4940E-12  0.4510E-12  0.3730E-12  0.2960E-12  0.2560E-12
  0.1000E+13  0.3870E-36  0.2360E-27  0.1990E-20  0.1460E-15  0.2010E-13  0.2370E-12  0.4270E-12  0.4780E-12  0.4890E-12  0.4730E-12  0.4270E-12  0.3450E-12  0.2660E-12  0.2240E-12
  0.1000E+14  0.3860E-36  0.2340E-27  0.1960E-20  0.1440E-15  0.1990E-13  0.2350E-12  0.4250E-12  0.4760E-12  0.4860E-12  0.4700E-12  0.4240E-12  0.3420E-12  0.2620E-12  0.2210E-12
  0.1000E+15  0.3720E-36  0.2160E-27  0.1730E-20  0.1310E-15  0.1890E-13  0.2290E-12  0.4170E-12  0.4680E-12  0.4790E-12  0.4640E-12  0.4190E-12  0.3390E-12  0.2610E-12  0.2200E-12
  0.1000E+16  0.3190E-36  0.1630E-27  0.1210E-20  0.1010E-15  0.1640E-13  0.2120E-12  0.3930E-12  0.4440E-12  0.4560E-12  0.4430E-12  0.4020E-12  0.3260E-12  0.2520E-12  0.2130E-12
  0.1000E+17  0.2860E-36  0.1370E-27  0.1010E-20  0.8930E-16  0.1530E-13  0.2030E-12  0.3790E-12  0.4290E-12  0.4400E-12  0.4280E-12  0.3870E-12  0.3140E-12  0.2420E-12  0.2040E-12
WAVELENGTH(A)= 
    47.020
 7 14 t 
excit   
    31.900     47.800     79.700    159.000    319.000    797.000   1590.000   2390.000   3190.000   4780.000   7970.000  15900.000  31900.000  47800.000 
  0.1000E+11  0.7080E-15  0.3090E-13  0.5000E-12  0.1930E-11  0.2060E-11  0.1510E-11  0.1210E-11  0.1090E-11  0.1020E-11  0.9460E-12  0.8720E-12  0.7990E-12  0.7470E-12  0.7250E-12
  0.1000E+12  0.7120E-15  0.3100E-13  0.4970E-12  0.1860E-11  0.1890E-11  0.1300E-11  0.9760E-12  0.8420E-12  0.7640E-12  0.6700E-12  0.5720E-12  0.4660E-12  0.3810E-12  0.3400E-12
  0.1000E+13  0.7460E-15  0.3190E-13  0.5070E-12  0.1880E-11  0.1910E-11  0.1300E-11  0.9640E-12  0.8260E-12  0.7450E-12  0.6470E-12  0.5450E-12  0.4330E-12  0.3430E-12  0.3000E-12
  0.1000E+14  0.1080E-14  0.4100E-13  0.6050E-12  0.2180E-11  0.2190E-11  0.1470E-11  0.1080E-11  0.9160E-12  0.8200E-12  0.7060E-12  0.5870E-12  0.4590E-12  0.3580E-12  0.3090E-12
  0.1000E+15  0.3980E-14  0.1150E-12  0.1340E-11  0.4370E-11  0.4360E-11  0.2850E-11  0.2030E-11  0.1680E-11  0.1470E-11  0.1230E-11  0.9810E-12  0.7210E-12  0.5270E-12  0.4400E-12
  0.1000E+16  0.1490E-13  0.3360E-12  0.3020E-11  0.9150E-11  0.9480E-11  0.6550E-11  0.4870E-11  0.4140E-11  0.3700E-11  0.3160E-11  0.2590E-11  0.1940E-11  0.1420E-11  0.1180E-11
  0.1000E+17  0.2130E-13  0.4250E-12  0.3460E-11  0.1030E-10  0.1090E-10  0.7860E-11  0.6060E-11  0.5300E-11  0.4830E-11  0.4260E-11  0.3650E-11  0.2930E-11  0.2330E-11  0.2030E-11
WAVELENGTH(A)= 
    47.114
 7 14 t 
excit   
    31.900     47.800     79.700    159.000    319.000    797.000   1590.000   2390.000   3190.000   4780.000   7970.000  15900.000  31900.000  47800.000 
  0.1000E+11  0.1770E-14  0.7670E-13  0.1240E-11  0.4860E-11  0.5260E-11  0.3890E-11  0.3120E-11  0.2810E-11  0.2630E-11  0.2430E-11  0.2220E-11  0.2040E-11  0.1890E-11  0.1840E-11
  0.1000E+12  0.1780E-14  0.7700E-13  0.1230E-11  0.4680E-11  0.4840E-11  0.3350E-11  0.2520E-11  0.2170E-11  0.1960E-11  0.1720E-11  0.1460E-11  0.1190E-11  0.9650E-12  0.8630E-12
  0.1000E+13  0.1880E-14  0.7960E-13  0.1260E-11  0.4750E-11  0.4880E-11  0.3350E-11  0.2500E-11  0.2130E-11  0.1920E-11  0.1660E-11  0.1390E-11  0.1110E-11  0.8710E-12  0.7600E-12
  0.1000E+14  0.2840E-14  0.1060E-12  0.1540E-11  0.5590E-11  0.5690E-11  0.3840E-11  0.2820E-11  0.2390E-11  0.2130E-11  0.1830E-11  0.1510E-11  0.1180E-11  0.9130E-12  0.7890E-12
  0.1000E+15  0.1110E-13  0.3150E-12  0.3620E-11  0.1180E-10  0.1180E-10  0.7770E-11  0.5510E-11  0.4550E-11  0.3980E-11  0.3310E-11  0.2620E-11  0.1920E-11  0.1390E-11  0.1160E-11
  0.1000E+16  0.4210E-13  0.9420E-12  0.8410E-11  0.2550E-10  0.2650E-10  0.1830E-10  0.1360E-10  0.1150E-10  0.1030E-10  0.8780E-11  0.7150E-11  0.5360E-11  0.3910E-11  0.3230E-11
  0.1000E+17  0.6090E-13  0.1210E-11  0.9750E-11  0.2900E-10  0.3090E-10  0.2220E-10  0.1710E-10  0.1490E-10  0.1360E-10  0.1200E-10  0.1020E-10  0.8220E-11  0.6500E-11  0.5650E-11
WAVELENGTH(A)= 
    47.188
 7 14 t 
excit   
    31.900     47.800     79.700    159.000    319.000    797.000   1590.000   2390.000   3190.000   4780.000   7970.000  15900.000  31900.000  47800.000 
  0.1000E+11  0.2490E-11  0.3130E-10  0.1900E-09  0.3680E-09  0.2820E-09  0.1730E-09  0.1340E-09  0.1190E-09  0.1120E-09  0.1040E-09  0.9650E-10  0.8960E-10  0.8480E-10  0.8290E-10
  0.1000E+12  0.2490E-11  0.3120E-10  0.1890E-09  0.3530E-09  0.2590E-09  0.1490E-09  0.1080E-09  0.9190E-10  0.8380E-10  0.7340E-10  0.6320E-10  0.5220E-10  0.4320E-10  0.3890E-10
  0.1000E+13  0.2480E-11  0.3120E-10  0.1880E-09  0.3510E-09  0.2560E-09  0.1460E-09  0.1050E-09  0.8910E-10  0.8080E-10  0.7030E-10  0.5980E-10  0.4830E-10  0.3880E-10  0.3410E-10
  0.1000E+14  0.2470E-11  0.3090E-10  0.1850E-09  0.3470E-09  0.2550E-09  0.1460E-09  0.1050E-09  0.8870E-10  0.8040E-10  0.6990E-10  0.5940E-10  0.4780E-10  0.3830E-10  0.3360E-10
  0.1000E+15  0.2390E-11  0.2860E-10  0.1640E-09  0.3150E-09  0.2420E-09  0.1420E-09  0.1030E-09  0.8750E-10  0.7940E-10  0.6910E-10  0.5880E-10  0.4750E-10  0.3800E-10  0.3340E-10
  0.1000E+16  0.2070E-11  0.2170E-10  0.1160E-09  0.2450E-09  0.2110E-09  0.1320E-09  0.9770E-10  0.8350E-10  0.7610E-10  0.6640E-10  0.5670E-10  0.4590E-10  0.3690E-10  0.3240E-10
  0.1000E+17  0.1860E-11  0.1830E-10  0.9680E-10  0.2170E-09  0.1970E-09  0.1270E-09  0.9450E-10  0.8100E-10  0.7380E-10  0.6440E-10  0.5490E-10  0.4440E-10  0.3560E-10  0.3130E-10
WAVELENGTH(A)= 
    47.344
 7 14 t 
excit   
    31.900     47.800     79.700    159.000    319.000    797.000   1590.000   2390.000   3190.000   4780.000   7970.000  15900.000  31900.000  47800.000 
  0.1000E+11  0.8830E-15  0.3780E-13  0.6050E-12  0.2360E-11  0.2550E-11  0.1890E-11  0.1520E-11  0.1360E-11  0.1270E-11  0.1180E-11  0.1080E-11  0.9820E-12  0.9200E-12  0.8890E-12
  0.1000E+12  0.8930E-15  0.3810E-13  0.6030E-12  0.2280E-11  0.2350E-11  0.1630E-11  0.1230E-11  0.1050E-11  0.9530E-12  0.8340E-12  0.7090E-12  0.5730E-12  0.4700E-12  0.4170E-12
  0.1000E+13  0.9960E-15  0.4090E-13  0.6340E-12  0.2360E-11  0.2420E-11  0.1660E-11  0.1230E-11  0.1050E-11  0.9440E-12  0.8170E-12  0.6840E-12  0.5390E-12  0.4270E-12  0.3700E-12
  0.1000E+14  0.2000E-14  0.6800E-13  0.9320E-12  0.3280E-11  0.3300E-11  0.2190E-11  0.1580E-11  0.1320E-11  0.1170E-11  0.9960E-12  0.8140E-12  0.6200E-12  0.4760E-12  0.4060E-12
  0.1000E+15  0.1060E-13  0.2870E-12  0.3150E-11  0.1000E-10  0.9900E-11  0.6380E-11  0.4440E-11  0.3620E-11  0.3120E-11  0.2550E-11  0.1980E-11  0.1390E-11  0.9760E-12  0.7890E-12
  0.1000E+16  0.4300E-13  0.9400E-12  0.8230E-11  0.2470E-10  0.2550E-10  0.1760E-10  0.1300E-10  0.1100E-10  0.9750E-11  0.8280E-11  0.6730E-11  0.4970E-11  0.3600E-11  0.2940E-11
  0.1000E+17  0.6320E-13  0.1240E-11  0.9860E-11  0.2910E-10  0.3090E-10  0.2210E-10  0.1700E-10  0.1480E-10  0.1340E-10  0.1180E-10  0.1000E-10  0.8010E-11  0.6330E-11  0.5480E-11
WAVELENGTH(A)= 
    47.361
 7 14 t 
excit   
    31.900     47.800     79.700    159.000    319.000    797.000   1590.000   2390.000   3190.000   4780.000   7970.000  15900.000  31900.000  47800.000 
  0.1000E+11  0.2560E-17  0.7450E-15  0.5570E-13  0.6890E-12  0.1270E-11  0.1190E-11  0.9680E-12  0.8510E-12  0.7760E-12  0.6860E-12  0.5930E-12  0.4960E-12  0.4260E-12  0.3940E-12
  0.1000E+12  0.2560E-17  0.7450E-15  0.5530E-13  0.6620E-12  0.1170E-11  0.1030E-11  0.7800E-12  0.6570E-12  0.5790E-12  0.4850E-12  0.3890E-12  0.2890E-12  0.2170E-12  0.1850E-12
  0.1000E+13  0.2560E-17  0.7440E-15  0.5520E-13  0.6590E-12  0.1160E-11  0.1010E-11  0.7610E-12  0.6370E-12  0.5580E-12  0.4650E-12  0.3680E-12  0.2670E-12  0.1950E-12  0.1620E-12
  0.1000E+14  0.2570E-17  0.7430E-15  0.5470E-13  0.6540E-12  0.1160E-11  0.1010E-11  0.7610E-12  0.6370E-12  0.5580E-12  0.4630E-12  0.3660E-12  0.2660E-12  0.1930E-12  0.1600E-12
  0.1000E+15  0.2680E-17  0.7330E-15  0.5120E-13  0.6240E-12  0.1150E-11  0.1020E-11  0.7760E-12  0.6490E-12  0.5680E-12  0.4720E-12  0.3720E-12  0.2690E-12  0.1950E-12  0.1610E-12
  0.1000E+16  0.3150E-17  0.7180E-15  0.4370E-13  0.5600E-12  0.1140E-11  0.1070E-11  0.8240E-12  0.6920E-12  0.6080E-12  0.5050E-12  0.3990E-12  0.2880E-12  0.2080E-12  0.1720E-12
  0.1000E+17  0.4030E-17  0.7860E-15  0.4320E-13  0.5520E-12  0.1150E-11  0.1110E-11  0.8650E-12  0.7290E-12  0.6420E-12  0.5360E-12  0.4250E-12  0.3100E-12  0.2250E-12  0.1870E-12
WAVELENGTH(A)= 
    47.600
 7 14 t 
excit   
    31.900     47.800     79.700    159.000    319.000    797.000   1590.000   2390.000   3190.000   4780.000   7970.000  15900.000  31900.000  47800.000 
  0.1000E+11  0.3050E-17  0.8880E-15  0.6640E-13  0.8220E-12  0.1520E-11  0.1420E-11  0.1150E-11  0.1010E-11  0.9250E-12  0.8180E-12  0.7070E-12  0.5920E-12  0.5080E-12  0.4690E-12
  0.1000E+12  0.3050E-17  0.8880E-15  0.6590E-13  0.7890E-12  0.1390E-11  0.1220E-11  0.9310E-12  0.7830E-12  0.6900E-12  0.5790E-12  0.4630E-12  0.3450E-12  0.2590E-12  0.2200E-12
  0.1000E+13  0.3050E-17  0.8880E-15  0.6580E-13  0.7850E-12  0.1380E-11  0.1200E-11  0.9080E-12  0.7600E-12  0.6660E-12  0.5540E-12  0.4380E-12  0.3190E-12  0.2320E-12  0.1930E-12
  0.1000E+14  0.3070E-17  0.8860E-15  0.6520E-13  0.7800E-12  0.1380E-11  0.1200E-11  0.9080E-12  0.7590E-12  0.6650E-12  0.5530E-12  0.4360E-12  0.3170E-12  0.2300E-12  0.1910E-12
  0.1000E+15  0.3190E-17  0.8750E-15  0.6110E-13  0.7440E-12  0.1370E-11  0.1220E-11  0.9250E-12  0.7740E-12  0.6780E-12  0.5630E-12  0.4440E-12  0.3210E-12  0.2320E-12  0.1920E-12
  0.1000E+16  0.3760E-17  0.8560E-15  0.5210E-13  0.6680E-12  0.1350E-11  0.1280E-11  0.9830E-12  0.8250E-12  0.7250E-12  0.6020E-12  0.4750E-12  0.3430E-12  0.2480E-12  0.2050E-12
  0.1000E+17  0.4800E-17  0.9380E-15  0.5150E-13  0.6580E-12  0.1380E-11  0.1330E-11  0.1030E-11  0.8700E-12  0.7660E-12  0.6390E-12  0.5070E-12  0.3690E-12  0.2680E-12  0.2220E-12
WAVELENGTH(A)= 
    47.800
 7 14 t 
excit   
    31.900     47.800     79.700    159.000    319.000    797.000   1590.000   2390.000   3190.000   4780.000   7970.000  15900.000  31900.000  47800.000 
  0.1000E+11  0.6260E-16  0.5460E-14  0.1550E-12  0.9300E-12  0.1200E-11  0.9030E-12  0.6820E-12  0.5850E-12  0.5280E-12  0.4610E-12  0.3950E-12  0.3310E-12  0.2840E-12  0.2610E-12
  0.1000E+12  0.6260E-16  0.5450E-14  0.1540E-12  0.8930E-12  0.1100E-11  0.7760E-12  0.5500E-12  0.4520E-12  0.3940E-12  0.3260E-12  0.2590E-12  0.1930E-12  0.1450E-12  0.1230E-12
  0.1000E+13  0.6280E-16  0.5460E-14  0.1540E-12  0.8900E-12  0.1090E-11  0.7640E-12  0.5380E-12  0.4390E-12  0.3810E-12  0.3130E-12  0.2450E-12  0.1780E-12  0.1300E-12  0.1080E-12
  0.1000E+14  0.6440E-16  0.5550E-14  0.1550E-12  0.8970E-12  0.1100E-11  0.7740E-12  0.5440E-12  0.4430E-12  0.3840E-12  0.3150E-12  0.2460E-12  0.1780E-12  0.1290E-12  0.1070E-12
  0.1000E+15  0.7810E-16  0.6260E-14  0.1630E-12  0.9510E-12  0.1210E-11  0.8650E-12  0.6040E-12  0.4890E-12  0.4220E-12  0.3430E-12  0.2660E-12  0.1900E-12  0.1360E-12  0.1120E-12
  0.1000E+16  0.1300E-15  0.8350E-14  0.1810E-12  0.1070E-11  0.1470E-11  0.1100E-11  0.7850E-12  0.6390E-12  0.5520E-12  0.4500E-12  0.3470E-12  0.2470E-12  0.1750E-12  0.1420E-12
  0.1000E+17  0.1630E-15  0.9300E-14  0.1850E-12  0.1090E-11  0.1550E-11  0.1200E-11  0.8660E-12  0.7140E-12  0.6220E-12  0.5140E-12  0.4040E-12  0.2950E-12  0.2150E-12  0.1790E-12
WAVELENGTH(A)= 
    47.918
 7 14 t 
excit   
    31.900     47.800     79.700    159.000    319.000    797.000   1590.000   2390.000   3190.000   4780.000   7970.000  15900.000  31900.000  47800.000 
  0.1000E+11  0.2510E-15  0.1090E-13  0.1760E-12  0.6890E-12  0.7460E-12  0.5520E-12  0.4430E-12  0.3980E-12  0.3730E-12  0.3440E-12  0.3150E-12  0.2890E-12  0.2680E-12  0.2610E-12
  0.1000E+12  0.2520E-15  0.1090E-13  0.1750E-12  0.6630E-12  0.6870E-12  0.4750E-12  0.3580E-12  0.3070E-12  0.2780E-12  0.2430E-12  0.2070E-12  0.1680E-12  0.1370E-12  0.1220E-12
  0.1000E+13  0.2660E-15  0.1130E-13  0.1790E-12  0.6730E-12  0.6920E-12  0.4740E-12  0.3540E-12  0.3020E-12  0.2720E-12  0.2360E-12  0.1970E-12  0.1570E-12  0.1230E-12  0.1080E-12
  0.1000E+14  0.4020E-15  0.1500E-13  0.2180E-12  0.7920E-12  0.8070E-12  0.5440E-12  0.4000E-12  0.3380E-12  0.3020E-12  0.2590E-12  0.2140E-12  0.1670E-12  0.1290E-12  0.1120E-12
  0.1000E+15  0.1570E-14  0.4470E-13  0.5130E-12  0.1680E-11  0.1680E-11  0.1100E-11  0.7820E-12  0.6450E-12  0.5640E-12  0.4690E-12  0.3710E-12  0.2720E-12  0.1970E-12  0.1640E-12
  0.1000E+16  0.5960E-14  0.1340E-12  0.1190E-11  0.3610E-11  0.3750E-11  0.2590E-11  0.1930E-11  0.1640E-11  0.1460E-11  0.1240E-11  0.1010E-11  0.7600E-12  0.5540E-12  0.4580E-12
  0.1000E+17  0.8630E-14  0.1710E-12  0.1380E-11  0.4110E-11  0.4380E-11  0.3150E-11  0.2430E-11  0.2120E-11  0.1930E-11  0.1700E-11  0.1450E-11  0.1160E-11  0.9210E-12  0.8010E-12
WAVELENGTH(A)= 
    48.074
 7 14 t 
excit   
    31.900     47.800     79.700    159.000    319.000    797.000   1590.000   2390.000   3190.000   4780.000   7970.000  15900.000  31900.000  47800.000 
  0.1000E+11  0.3960E-16  0.3370E-14  0.9390E-13  0.5550E-12  0.7070E-12  0.5360E-12  0.4070E-12  0.3510E-12  0.3180E-12  0.2800E-12  0.2420E-12  0.2040E-12  0.1770E-12  0.1650E-12
  0.1000E+12  0.3960E-16  0.3370E-14  0.9320E-13  0.5330E-12  0.6500E-12  0.4610E-12  0.3280E-12  0.2710E-12  0.2370E-12  0.1980E-12  0.1580E-12  0.1190E-12  0.9030E-13  0.7730E-13
  0.1000E+13  0.3960E-16  0.3370E-14  0.9310E-13  0.5300E-12  0.6430E-12  0.4530E-12  0.3200E-12  0.2630E-12  0.2290E-12  0.1890E-12  0.1500E-12  0.1100E-12  0.8100E-13  0.6780E-13
  0.1000E+14  0.3960E-16  0.3350E-14  0.9190E-13  0.5240E-12  0.6400E-12  0.4520E-12  0.3200E-12  0.2630E-12  0.2290E-12  0.1890E-12  0.1490E-12  0.1090E-12  0.8030E-13  0.6710E-13
  0.1000E+15  0.3940E-16  0.3180E-14  0.8340E-13  0.4870E-12  0.6220E-12  0.4520E-12  0.3240E-12  0.2670E-12  0.2330E-12  0.1930E-12  0.1530E-12  0.1120E-12  0.8270E-13  0.6910E-13
  0.1000E+16  0.3900E-16  0.2690E-14  0.6370E-13  0.4030E-12  0.5760E-12  0.4530E-12  0.3360E-12  0.2820E-12  0.2490E-12  0.2100E-12  0.1690E-12  0.1270E-12  0.9580E-13  0.8080E-13
  0.1000E+17  0.4120E-16  0.2550E-14  0.5730E-13  0.3730E-12  0.5590E-12  0.4550E-12  0.3430E-12  0.2910E-12  0.2590E-12  0.2210E-12  0.1820E-12  0.1410E-12  0.1100E-12  0.9500E-13
WAVELENGTH(A)= 
    48.157
 7 14 t 
excit   
    31.900     47.800     79.700    159.000    319.000    797.000   1590.000   2390.000   3190.000   4780.000   7970.000  15900.000  31900.000  47800.000 
  0.1000E+11  0.1200E-14  0.5140E-13  0.8210E-12  0.3210E-11  0.3460E-11  0.2560E-11  0.2060E-11  0.1850E-11  0.1730E-11  0.1600E-11  0.1460E-11  0.1330E-11  0.1250E-11  0.1210E-11
  0.1000E+12  0.1210E-14  0.5170E-13  0.8190E-12  0.3090E-11  0.3190E-11  0.2210E-11  0.1660E-11  0.1430E-11  0.1290E-11  0.1130E-11  0.9620E-12  0.7780E-12  0.6380E-12  0.5670E-12
  0.1000E+13  0.1350E-14  0.5550E-13  0.8600E-12  0.3210E-11  0.3290E-11  0.2250E-11  0.1670E-11  0.1430E-11  0.1280E-11  0.1110E-11  0.9280E-12  0.7310E-12  0.5790E-12  0.5020E-12
  0.1000E+14  0.2720E-14  0.9240E-13  0.1260E-11  0.4450E-11  0.4470E-11  0.2970E-11  0.2150E-11  0.1800E-11  0.1590E-11  0.1350E-11  0.1100E-11  0.8420E-12  0.6470E-12  0.5520E-12
  0.1000E+15  0.1440E-13  0.3900E-12  0.4280E-11  0.1360E-10  0.1340E-10  0.8660E-11  0.6030E-11  0.4910E-11  0.4240E-11  0.3460E-11  0.2690E-11  0.1890E-11  0.1320E-11  0.1070E-11
  0.1000E+16  0.5830E-13  0.1280E-11  0.1120E-10  0.3350E-10  0.3470E-10  0.2390E-10  0.1760E-10  0.1490E-10  0.1320E-10  0.1120E-10  0.9140E-11  0.6750E-11  0.4890E-11  0.4000E-11
  0.1000E+17  0.8580E-13  0.1680E-11  0.1340E-10  0.3950E-10  0.4190E-10  0.3000E-10  0.2300E-10  0.2000E-10  0.1820E-10  0.1600E-10  0.1360E-10  0.1090E-10  0.8600E-11  0.7440E-11
WAVELENGTH(A)= 
    58.092
 7 14 t 
excit   
    31.900     47.800     79.700    159.000    319.000    797.000   1590.000   2390.000   3190.000   4780.000   7970.000  15900.000  31900.000  47800.000 
  0.1000E+11  0.2760E-14  0.7140E-13  0.7860E-12  0.2530E-11  0.2660E-11  0.1960E-11  0.1540E-11  0.1360E-11  0.1250E-11  0.1130E-11  0.1020E-11  0.8970E-12  0.8120E-12  0.7740E-12
  0.1000E+12  0.2790E-14  0.7190E-13  0.7840E-12  0.2440E-11  0.2450E-11  0.1690E-11  0.1240E-11  0.1050E-11  0.9380E-12  0.8040E-12  0.6670E-12  0.5230E-12  0.4140E-12  0.3630E-12
  0.1000E+13  0.3110E-14  0.7720E-13  0.8230E-12  0.2520E-11  0.2510E-11  0.1700E-11  0.1240E-11  0.1040E-11  0.9220E-12  0.7820E-12  0.6400E-12  0.4900E-12  0.3750E-12  0.3220E-12
  0.1000E+14  0.6290E-14  0.1290E-12  0.1200E-11  0.3400E-11  0.3240E-11  0.2110E-11  0.1500E-11  0.1240E-11  0.1080E-11  0.9070E-12  0.7280E-12  0.5440E-12  0.4080E-12  0.3450E-12
  0.1000E+15  0.3360E-13  0.5480E-12  0.4050E-11  0.9870E-11  0.8770E-11  0.5320E-11  0.3590E-11  0.2880E-11  0.2470E-11  0.2000E-11  0.1530E-11  0.1070E-11  0.7420E-12  0.6000E-12
  0.1000E+16  0.1400E-12  0.1830E-11  0.1070E-10  0.2430E-10  0.2210E-10  0.1400E-10  0.9940E-11  0.8240E-11  0.7250E-11  0.6050E-11  0.4840E-11  0.3510E-11  0.2510E-11  0.2040E-11
  0.1000E+17  0.2200E-12  0.2550E-11  0.1340E-10  0.2960E-10  0.2740E-10  0.1800E-10  0.1320E-10  0.1120E-10  0.1010E-10  0.8700E-11  0.7280E-11  0.5680E-11  0.4430E-11  0.3800E-11
WAVELENGTH(A)= 
    59.319
 7 14 t 
excit   
    31.900     47.800     79.700    159.000    319.000    797.000   1590.000   2390.000   3190.000   4780.000   7970.000  15900.000  31900.000  47800.000 
  0.1000E+11  0.3910E-14  0.1010E-12  0.1110E-11  0.3590E-11  0.3770E-11  0.2780E-11  0.2180E-11  0.1920E-11  0.1780E-11  0.1610E-11  0.1440E-11  0.1270E-11  0.1150E-11  0.1100E-11
  0.1000E+12  0.3950E-14  0.1020E-12  0.1110E-11  0.3460E-11  0.3480E-11  0.2400E-11  0.1760E-11  0.1490E-11  0.1330E-11  0.1140E-11  0.9450E-12  0.7410E-12  0.5870E-12  0.5150E-12
  0.1000E+13  0.4410E-14  0.1090E-12  0.1170E-11  0.3580E-11  0.3550E-11  0.2410E-11  0.1760E-11  0.1470E-11  0.1310E-11  0.1110E-11  0.9060E-12  0.6940E-12  0.5320E-12  0.4550E-12
  0.1000E+14  0.8910E-14  0.1830E-12  0.1710E-11  0.4820E-11  0.4590E-11  0.2990E-11  0.2120E-11  0.1750E-11  0.1540E-11  0.1280E-11  0.1030E-11  0.7710E-12  0.5770E-12  0.4880E-12
  0.1000E+15  0.4760E-13  0.7770E-12  0.5740E-11  0.1400E-10  0.1240E-10  0.7530E-11  0.5090E-11  0.4080E-11  0.3500E-11  0.2830E-11  0.2170E-11  0.1510E-11  0.1050E-11  0.8500E-12
  0.1000E+16  0.1980E-12  0.2600E-11  0.1520E-10  0.3440E-10  0.3130E-10  0.1980E-10  0.1410E-10  0.1170E-10  0.1030E-10  0.8580E-11  0.6860E-11  0.4970E-11  0.3560E-11  0.2890E-11
  0.1000E+17  0.3120E-12  0.3620E-11  0.1900E-10  0.4190E-10  0.3890E-10  0.2550E-10  0.1870E-10  0.1590E-10  0.1430E-10  0.1230E-10  0.1030E-10  0.8050E-11  0.6270E-11  0.5390E-11
WAVELENGTH(A)= 
    59.339
 7 14 t 
excit   
    31.900     47.800     79.700    159.000    319.000    797.000   1590.000   2390.000   3190.000   4780.000   7970.000  15900.000  31900.000  47800.000 
  0.1000E+11  0.1210E-13  0.2570E-12  0.2410E-11  0.6540E-11  0.5990E-11  0.4040E-11  0.3130E-11  0.2780E-11  0.2590E-11  0.2380E-11  0.2170E-11  0.1970E-11  0.1830E-11  0.1770E-11
  0.1000E+12  0.1210E-13  0.2570E-12  0.2400E-11  0.6290E-11  0.5510E-11  0.3470E-11  0.2530E-11  0.2150E-11  0.1930E-11  0.1680E-11  0.1420E-11  0.1150E-11  0.9340E-12  0.8300E-12
  0.1000E+13  0.1240E-13  0.2620E-12  0.2430E-11  0.6330E-11  0.5520E-11  0.3450E-11  0.2490E-11  0.2100E-11  0.1880E-11  0.1620E-11  0.1350E-11  0.1070E-11  0.8400E-12  0.7300E-12
  0.1000E+14  0.1540E-13  0.3080E-12  0.2740E-11  0.7030E-11  0.6110E-11  0.3780E-11  0.2700E-11  0.2260E-11  0.2010E-11  0.1720E-11  0.1420E-11  0.1110E-11  0.8610E-12  0.7430E-12
  0.1000E+15  0.4180E-13  0.6840E-12  0.5080E-11  0.1220E-10  0.1070E-10  0.6460E-11  0.4460E-11  0.3640E-11  0.3180E-11  0.2630E-11  0.2090E-11  0.1540E-11  0.1140E-11  0.9540E-12
  0.1000E+16  0.1530E-12  0.1930E-11  0.1100E-10  0.2430E-10  0.2200E-10  0.1390E-10  0.9900E-11  0.8240E-11  0.7260E-11  0.6100E-11  0.4900E-11  0.3620E-11  0.2630E-11  0.2170E-11
  0.1000E+17  0.2510E-12  0.2710E-11  0.1350E-10  0.2890E-10  0.2660E-10  0.1740E-10  0.1280E-10  0.1090E-10  0.9760E-11  0.8420E-11  0.7030E-11  0.5510E-11  0.4280E-11  0.3680E-11
WAVELENGTH(A)= 
    59.695
 7 14 t 
excit   
    31.900     47.800     79.700    159.000    319.000    797.000   1590.000   2390.000   3190.000   4780.000   7970.000  15900.000  31900.000  47800.000 
  0.1000E+11  0.4270E-16  0.2580E-14  0.1050E-12  0.1020E-11  0.1740E-11  0.1580E-11  0.1280E-11  0.1120E-11  0.1020E-11  0.9060E-12  0.7850E-12  0.6600E-12  0.5690E-12  0.5280E-12
  0.1000E+12  0.1470E-15  0.4280E-14  0.1170E-12  0.1010E-11  0.1620E-11  0.1370E-11  0.1040E-11  0.8720E-12  0.7690E-12  0.6450E-12  0.5180E-12  0.3870E-12  0.2920E-12  0.2490E-12
  0.1000E+13  0.1180E-14  0.2130E-13  0.2450E-12  0.1310E-11  0.1860E-11  0.1490E-11  0.1100E-11  0.9140E-12  0.7990E-12  0.6610E-12  0.5210E-12  0.3770E-12  0.2740E-12  0.2270E-12
  0.1000E+14  0.1140E-13  0.1880E-12  0.1490E-11  0.4240E-11  0.4320E-11  0.2870E-11  0.1970E-11  0.1580E-11  0.1350E-11  0.1080E-11  0.8240E-12  0.5670E-12  0.3910E-12  0.3140E-12
  0.1000E+15  0.9880E-13  0.1530E-11  0.1070E-10  0.2570E-10  0.2290E-10  0.1370E-10  0.9010E-11  0.7080E-11  0.5990E-11  0.4710E-11  0.3490E-11  0.2300E-11  0.1490E-11  0.1150E-11
  0.1000E+16  0.4320E-12  0.5580E-11  0.3210E-10  0.7320E-10  0.6740E-10  0.4280E-10  0.3030E-10  0.2500E-10  0.2190E-10  0.1820E-10  0.1440E-10  0.1030E-10  0.7270E-11  0.5850E-11
  0.1000E+17  0.6970E-12  0.8030E-11  0.4190E-10  0.9280E-10  0.8690E-10  0.5700E-10  0.4180E-10  0.3540E-10  0.3170E-10  0.2720E-10  0.2270E-10  0.1770E-10  0.1360E-10  0.1170E-10
WAVELENGTH(A)= 
    60.620
 7 14 t 
excit   
    31.900     47.800     79.700    159.000    319.000    797.000   1590.000   2390.000   3190.000   4780.000   7970.000  15900.000  31900.000  47800.000 
  0.1000E+11  0.1690E-14  0.3580E-13  0.3360E-12  0.9120E-12  0.8350E-12  0.5630E-12  0.4370E-12  0.3880E-12  0.3610E-12  0.3310E-12  0.3020E-12  0.2750E-12  0.2550E-12  0.2470E-12
  0.1000E+12  0.1690E-14  0.3590E-13  0.3340E-12  0.8770E-12  0.7680E-12  0.4840E-12  0.3530E-12  0.3000E-12  0.2700E-12  0.2350E-12  0.1980E-12  0.1600E-12  0.1300E-12  0.1160E-12
  0.1000E+13  0.1730E-14  0.3650E-13  0.3390E-12  0.8830E-12  0.7700E-12  0.4810E-12  0.3470E-12  0.2930E-12  0.2620E-12  0.2260E-12  0.1880E-12  0.1490E-12  0.1170E-12  0.1020E-12
  0.1000E+14  0.2150E-14  0.4290E-13  0.3820E-12  0.9800E-12  0.8520E-12  0.5270E-12  0.3760E-12  0.3150E-12  0.2810E-12  0.2400E-12  0.1980E-12  0.1540E-12  0.1200E-12  0.1040E-12
  0.1000E+15  0.5830E-14  0.9540E-13  0.7090E-12  0.1710E-11  0.1490E-11  0.9010E-12  0.6210E-12  0.5080E-12  0.4430E-12  0.3670E-12  0.2920E-12  0.2150E-12  0.1590E-12  0.1330E-12
  0.1000E+16  0.2140E-13  0.2690E-12  0.1530E-11  0.3390E-11  0.3060E-11  0.1940E-11  0.1380E-11  0.1150E-11  0.1010E-11  0.8500E-12  0.6830E-12  0.5040E-12  0.3670E-12  0.3020E-12
  0.1000E+17  0.3490E-13  0.3780E-12  0.1880E-11  0.4040E-11  0.3710E-11  0.2430E-11  0.1780E-11  0.1520E-11  0.1360E-11  0.1170E-11  0.9810E-12  0.7680E-12  0.5970E-12  0.5130E-12
WAVELENGTH(A)= 
    60.782
 7 14 t 
excit   
    31.900     47.800     79.700    159.000    319.000    797.000   1590.000   2390.000   3190.000   4780.000   7970.000  15900.000  31900.000  47800.000 
  0.1000E+11  0.6200E-11  0.4250E-10  0.1630E-09  0.2360E-09  0.1610E-09  0.9100E-10  0.6680E-10  0.5820E-10  0.5360E-10  0.4860E-10  0.4400E-10  0.3960E-10  0.3660E-10  0.3520E-10
  0.1000E+12  0.6200E-11  0.4250E-10  0.1620E-09  0.2260E-09  0.1480E-09  0.7820E-10  0.5380E-10  0.4490E-10  0.4000E-10  0.3440E-10  0.2880E-10  0.2300E-10  0.1860E-10  0.1650E-10
  0.1000E+13  0.6210E-11  0.4250E-10  0.1620E-09  0.2250E-09  0.1460E-09  0.7690E-10  0.5250E-10  0.4360E-10  0.3860E-10  0.3290E-10  0.2730E-10  0.2130E-10  0.1670E-10  0.1450E-10
  0.1000E+14  0.6250E-11  0.4250E-10  0.1610E-09  0.2240E-09  0.1460E-09  0.7710E-10  0.5260E-10  0.4360E-10  0.3860E-10  0.3290E-10  0.2720E-10  0.2120E-10  0.1650E-10  0.1430E-10
  0.1000E+15  0.6600E-11  0.4250E-10  0.1520E-09  0.2170E-09  0.1480E-09  0.7970E-10  0.5450E-10  0.4510E-10  0.3990E-10  0.3390E-10  0.2790E-10  0.2160E-10  0.1680E-10  0.1450E-10
  0.1000E+16  0.7920E-11  0.4250E-10  0.1330E-09  0.2000E-09  0.1510E-09  0.8650E-10  0.6010E-10  0.4980E-10  0.4410E-10  0.3740E-10  0.3070E-10  0.2360E-10  0.1820E-10  0.1560E-10
  0.1000E+17  0.8760E-11  0.4230E-10  0.1240E-09  0.1910E-09  0.1500E-09  0.8870E-10  0.6240E-10  0.5210E-10  0.4620E-10  0.3940E-10  0.3250E-10  0.2520E-10  0.1960E-10  0.1690E-10
WAVELENGTH(A)= 
    61.535
 7 14 t 
excit   
    31.900     47.800     79.700    159.000    319.000    797.000   1590.000   2390.000   3190.000   4780.000   7970.000  15900.000  31900.000  47800.000 
  0.1000E+11  0.2280E-14  0.5210E-13  0.5100E-12  0.1420E-11  0.1310E-11  0.8820E-12  0.6730E-12  0.5920E-12  0.5450E-12  0.4960E-12  0.4450E-12  0.3980E-12  0.3630E-12  0.3490E-12
  0.1000E+12  0.2290E-14  0.5230E-13  0.5080E-12  0.1360E-11  0.1210E-11  0.7590E-12  0.5440E-12  0.4570E-12  0.4070E-12  0.3510E-12  0.2920E-12  0.2320E-12  0.1850E-12  0.1640E-12
  0.1000E+13  0.2400E-14  0.5380E-13  0.5180E-12  0.1380E-11  0.1220E-11  0.7580E-12  0.5370E-12  0.4490E-12  0.3980E-12  0.3400E-12  0.2780E-12  0.2160E-12  0.1670E-12  0.1440E-12
  0.1000E+14  0.3490E-14  0.6930E-13  0.6190E-12  0.1610E-11  0.1410E-11  0.8670E-12  0.6060E-12  0.5010E-12  0.4400E-12  0.3720E-12  0.3010E-12  0.2290E-12  0.1740E-12  0.1490E-12
  0.1000E+15  0.1280E-13  0.1940E-12  0.1380E-11  0.3270E-11  0.2870E-11  0.1730E-11  0.1170E-11  0.9440E-12  0.8120E-12  0.6640E-12  0.5140E-12  0.3660E-12  0.2610E-12  0.2150E-12
  0.1000E+16  0.4780E-13  0.5680E-12  0.3120E-11  0.6910E-11  0.6340E-11  0.4050E-11  0.2870E-11  0.2380E-11  0.2080E-11  0.1740E-11  0.1380E-11  0.1000E-11  0.7160E-12  0.5850E-12
  0.1000E+17  0.6840E-13  0.7190E-12  0.3570E-11  0.7800E-11  0.7370E-11  0.4910E-11  0.3600E-11  0.3060E-11  0.2740E-11  0.2370E-11  0.1960E-11  0.1530E-11  0.1180E-11  0.1010E-11
WAVELENGTH(A)= 
    65.157
 7 14 t 
excit   
    31.900     47.800     79.700    159.000    319.000    797.000   1590.000   2390.000   3190.000   4780.000   7970.000  15900.000  31900.000  47800.000 
  0.1000E+11  0.4280E-15  0.1790E-13  0.2820E-12  0.1100E-11  0.1130E-11  0.7440E-12  0.5400E-12  0.4540E-12  0.4070E-12  0.3520E-12  0.2990E-12  0.2470E-12  0.2120E-12  0.1950E-12
  0.1000E+12  0.4280E-15  0.1790E-13  0.2800E-12  0.1050E-11  0.1040E-11  0.6390E-12  0.4360E-12  0.3510E-12  0.3040E-12  0.2490E-12  0.1960E-12  0.1440E-12  0.1080E-12  0.9150E-13
  0.1000E+13  0.4280E-15  0.1790E-13  0.2800E-12  0.1050E-11  0.1030E-11  0.6280E-12  0.4250E-12  0.3400E-12  0.2930E-12  0.2380E-12  0.1850E-12  0.1330E-12  0.9680E-13  0.8020E-13
  0.1000E+14  0.4260E-15  0.1770E-13  0.2750E-12  0.1030E-11  0.1020E-11  0.6250E-12  0.4230E-12  0.3390E-12  0.2910E-12  0.2370E-12  0.1840E-12  0.1320E-12  0.9560E-13  0.7900E-13
  0.1000E+15  0.4110E-15  0.1640E-13  0.2440E-12  0.9370E-12  0.9650E-12  0.6080E-12  0.4150E-12  0.3330E-12  0.2870E-12  0.2340E-12  0.1820E-12  0.1310E-12  0.9490E-13  0.7850E-13
  0.1000E+16  0.3530E-15  0.1240E-13  0.1710E-12  0.7240E-12  0.8370E-12  0.5630E-12  0.3910E-12  0.3160E-12  0.2730E-12  0.2240E-12  0.1750E-12  0.1260E-12  0.9180E-13  0.7610E-13
  0.1000E+17  0.3160E-15  0.1040E-13  0.1430E-12  0.6390E-12  0.7790E-12  0.5390E-12  0.3770E-12  0.3050E-12  0.2640E-12  0.2160E-12  0.1680E-12  0.1210E-12  0.8810E-13  0.7300E-13
WAVELENGTH(A)= 
    69.883
 7 14 t 
excit   
    31.900     47.800     79.700    159.000    319.000    797.000   1590.000   2390.000   3190.000   4780.000   7970.000  15900.000  31900.000  47800.000 
  0.1000E+11  0.1820E-16  0.8450E-15  0.2480E-13  0.1900E-12  0.3750E-12  0.4890E-12  0.4900E-12  0.4750E-12  0.4610E-12  0.4400E-12  0.4120E-12  0.3760E-12  0.3430E-12  0.3250E-12
  0.1000E+12  0.1050E-15  0.1890E-14  0.3110E-13  0.1970E-12  0.3570E-12  0.4270E-12  0.3990E-12  0.3700E-12  0.3460E-12  0.3130E-12  0.2720E-12  0.2200E-12  0.1750E-12  0.1530E-12
  0.1000E+13  0.9700E-15  0.1240E-13  0.9590E-13  0.3380E-12  0.4730E-12  0.4890E-12  0.4330E-12  0.3920E-12  0.3620E-12  0.3210E-12  0.2720E-12  0.2120E-12  0.1630E-12  0.1380E-12
  0.1000E+14  0.9470E-14  0.1150E-12  0.7220E-12  0.1700E-11  0.1630E-11  0.1160E-11  0.8580E-12  0.7160E-12  0.6290E-12  0.5240E-12  0.4150E-12  0.3000E-12  0.2150E-12  0.1770E-12
  0.1000E+15  0.8230E-13  0.9390E-12  0.5380E-11  0.1170E-10  0.1040E-10  0.6420E-11  0.4300E-11  0.3400E-11  0.2870E-11  0.2270E-11  0.1680E-11  0.1100E-11  0.7150E-12  0.5530E-12
  0.1000E+16  0.3600E-12  0.3420E-11  0.1620E-10  0.3370E-10  0.3130E-10  0.2060E-10  0.1470E-10  0.1210E-10  0.1060E-10  0.8730E-11  0.6820E-11  0.4820E-11  0.3340E-11  0.2670E-11
  0.1000E+17  0.5790E-12  0.4910E-11  0.2100E-10  0.4260E-10  0.4030E-10  0.2740E-10  0.2020E-10  0.1710E-10  0.1530E-10  0.1300E-10  0.1070E-10  0.8190E-11  0.6220E-11  0.5280E-11
WAVELENGTH(A)= 
    69.985
 7 14 t 
excit   
    31.900     47.800     79.700    159.000    319.000    797.000   1590.000   2390.000   3190.000   4780.000   7970.000  15900.000  31900.000  47800.000 
  0.1000E+11  0.4000E-14  0.7210E-13  0.6150E-12  0.1720E-11  0.1720E-11  0.1260E-11  0.1010E-11  0.8910E-12  0.8260E-12  0.7490E-12  0.6700E-12  0.5910E-12  0.5310E-12  0.5040E-12
  0.1000E+12  0.4020E-14  0.7230E-13  0.6130E-12  0.1650E-11  0.1580E-11  0.1090E-11  0.8130E-12  0.6890E-12  0.6170E-12  0.5300E-12  0.4400E-12  0.3440E-12  0.2710E-12  0.2370E-12
  0.1000E+13  0.4260E-14  0.7510E-13  0.6280E-12  0.1680E-11  0.1600E-11  0.1090E-11  0.8050E-12  0.6770E-12  0.6030E-12  0.5130E-12  0.4190E-12  0.3210E-12  0.2440E-12  0.2090E-12
  0.1000E+14  0.6660E-14  0.1020E-12  0.7820E-12  0.2010E-11  0.1890E-11  0.1260E-11  0.9150E-12  0.7610E-12  0.6720E-12  0.5650E-12  0.4550E-12  0.3420E-12  0.2560E-12  0.2160E-12
  0.1000E+15  0.2720E-13  0.3200E-12  0.1930E-11  0.4480E-11  0.4120E-11  0.2640E-11  0.1830E-11  0.1470E-11  0.1270E-11  0.1030E-11  0.7910E-12  0.5550E-12  0.3880E-12  0.3150E-12
  0.1000E+16  0.1070E-12  0.9870E-12  0.4640E-11  0.9980E-11  0.9500E-11  0.6370E-11  0.4590E-11  0.3800E-11  0.3320E-11  0.2760E-11  0.2170E-11  0.1550E-11  0.1090E-11  0.8760E-12
  0.1000E+17  0.1740E-12  0.1400E-11  0.5820E-11  0.1200E-10  0.1160E-10  0.8030E-11  0.5990E-11  0.5070E-11  0.4530E-11  0.3870E-11  0.3180E-11  0.2430E-11  0.1840E-11  0.1560E-11
WAVELENGTH(A)= 
    71.108
 7 14 t 
excit   
    31.900     47.800     79.700    159.000    319.000    797.000   1590.000   2390.000   3190.000   4780.000   7970.000  15900.000  31900.000  47800.000 
  0.1000E+11  0.9780E-14  0.4090E-12  0.6450E-11  0.2500E-10  0.2580E-10  0.1700E-10  0.1230E-10  0.1040E-10  0.9300E-11  0.8040E-11  0.6830E-11  0.5650E-11  0.4840E-11  0.4460E-11
  0.1000E+12  0.9780E-14  0.4090E-12  0.6400E-11  0.2400E-10  0.2370E-10  0.1460E-10  0.9960E-11  0.8020E-11  0.6940E-11  0.5690E-11  0.4480E-11  0.3290E-11  0.2470E-11  0.2090E-11
  0.1000E+13  0.9770E-14  0.4080E-12  0.6390E-11  0.2390E-10  0.2340E-10  0.1430E-10  0.9710E-11  0.7770E-11  0.6690E-11  0.5440E-11  0.4230E-11  0.3040E-11  0.2210E-11  0.1830E-11
  0.1000E+14  0.9730E-14  0.4050E-12  0.6290E-11  0.2360E-10  0.2320E-10  0.1430E-10  0.9660E-11  0.7730E-11  0.6660E-11  0.5410E-11  0.4200E-11  0.3020E-11  0.2180E-11  0.1810E-11
  0.1000E+15  0.9380E-14  0.3740E-12  0.5570E-11  0.2140E-10  0.2200E-10  0.1390E-10  0.9480E-11  0.7610E-11  0.6560E-11  0.5350E-11  0.4160E-11  0.2990E-11  0.2170E-11  0.1790E-11
  0.1000E+16  0.8060E-14  0.2820E-12  0.3910E-11  0.1650E-10  0.1910E-10  0.1290E-10  0.8940E-11  0.7220E-11  0.6250E-11  0.5110E-11  0.3990E-11  0.2880E-11  0.2100E-11  0.1740E-11
  0.1000E+17  0.7220E-14  0.2370E-12  0.3260E-11  0.1460E-10  0.1780E-10  0.1230E-10  0.8620E-11  0.6970E-11  0.6030E-11  0.4930E-11  0.3850E-11  0.2770E-11  0.2010E-11  0.1670E-11
WAVELENGTH(A)= 
    71.127
 7 14 t 
excit   
    31.900     47.800     79.700    159.000    319.000    797.000   1590.000   2390.000   3190.000   4780.000   7970.000  15900.000  31900.000  47800.000 
  0.1000E+11  0.2650E-15  0.1270E-13  0.2240E-12  0.9280E-12  0.1030E-11  0.7700E-12  0.6140E-12  0.5490E-12  0.5110E-12  0.4690E-12  0.4260E-12  0.3850E-12  0.3540E-12  0.3410E-12
  0.1000E+12  0.2660E-15  0.1270E-13  0.2230E-12  0.8930E-12  0.9490E-12  0.6630E-12  0.4960E-12  0.4240E-12  0.3820E-12  0.3320E-12  0.2800E-12  0.2240E-12  0.1810E-12  0.1600E-12
  0.1000E+13  0.2800E-15  0.1310E-13  0.2280E-12  0.9040E-12  0.9560E-12  0.6610E-12  0.4900E-12  0.4170E-12  0.3730E-12  0.3210E-12  0.2670E-12  0.2090E-12  0.1630E-12  0.1410E-12
  0.1000E+14  0.4120E-15  0.1710E-13  0.2740E-12  0.1050E-11  0.1110E-11  0.7550E-12  0.5510E-12  0.4640E-12  0.4120E-12  0.3520E-12  0.2880E-12  0.2220E-12  0.1700E-12  0.1460E-12
  0.1000E+15  0.1550E-14  0.4900E-13  0.6200E-12  0.2170E-11  0.2250E-11  0.1500E-11  0.1060E-11  0.8690E-12  0.7550E-12  0.6240E-12  0.4900E-12  0.3540E-12  0.2540E-12  0.2100E-12
  0.1000E+16  0.5850E-14  0.1450E-12  0.1420E-11  0.4620E-11  0.4990E-11  0.3510E-11  0.2590E-11  0.2180E-11  0.1930E-11  0.1630E-11  0.1320E-11  0.9700E-12  0.6990E-12  0.5730E-12
  0.1000E+17  0.8670E-14  0.1890E-12  0.1670E-11  0.5320E-11  0.5910E-11  0.4320E-11  0.3310E-11  0.2860E-11  0.2580E-11  0.2250E-11  0.1900E-11  0.1500E-11  0.1170E-11  0.1000E-11
WAVELENGTH(A)= 
    71.522
 7 14 t 
excit   
    31.900     47.800     79.700    159.000    319.000    797.000   1590.000   2390.000   3190.000   4780.000   7970.000  15900.000  31900.000  47800.000 
  0.1000E+11  0.7880E-14  0.9910E-13  0.6020E-12  0.1170E-11  0.8930E-12  0.5490E-12  0.4240E-12  0.3770E-12  0.3560E-12  0.3290E-12  0.3060E-12  0.2840E-12  0.2690E-12  0.2630E-12
  0.1000E+12  0.7870E-14  0.9900E-13  0.5980E-12  0.1120E-11  0.8200E-12  0.4710E-12  0.3420E-12  0.2910E-12  0.2650E-12  0.2330E-12  0.2000E-12  0.1650E-12  0.1370E-12  0.1230E-12
  0.1000E+13  0.7870E-14  0.9890E-13  0.5960E-12  0.1110E-11  0.8120E-12  0.4630E-12  0.3330E-12  0.2820E-12  0.2560E-12  0.2230E-12  0.1890E-12  0.1530E-12  0.1230E-12  0.1080E-12
  0.1000E+14  0.7840E-14  0.9800E-13  0.5870E-12  0.1100E-11  0.8060E-12  0.4610E-12  0.3320E-12  0.2810E-12  0.2550E-12  0.2210E-12  0.1880E-12  0.1520E-12  0.1210E-12  0.1060E-12
  0.1000E+15  0.7570E-14  0.9070E-13  0.5210E-12  0.1000E-11  0.7660E-12  0.4500E-12  0.3260E-12  0.2770E-12  0.2520E-12  0.2190E-12  0.1860E-12  0.1500E-12  0.1210E-12  0.1060E-12
  0.1000E+16  0.6540E-14  0.6880E-13  0.3670E-12  0.7760E-12  0.6690E-12  0.4190E-12  0.3100E-12  0.2650E-12  0.2410E-12  0.2110E-12  0.1800E-12  0.1450E-12  0.1170E-12  0.1030E-12
  0.1000E+17  0.5890E-14  0.5810E-13  0.3070E-12  0.6870E-12  0.6240E-12  0.4020E-12  0.3000E-12  0.2570E-12  0.2340E-12  0.2040E-12  0.1740E-12  0.1410E-12  0.1130E-12  0.9900E-13
WAVELENGTH(A)= 
    78.581
 7 14 t 
excit   
    31.900     47.800     79.700    159.000    319.000    797.000   1590.000   2390.000   3190.000   4780.000   7970.000  15900.000  31900.000  47800.000 
  0.1000E+11  0.8640E-14  0.2570E-12  0.3100E-11  0.9780E-11  0.9130E-11  0.5750E-11  0.4110E-11  0.3470E-11  0.3120E-11  0.2730E-11  0.2360E-11  0.2010E-11  0.1770E-11  0.1670E-11
  0.1000E+12  0.8640E-14  0.2570E-12  0.3080E-11  0.9390E-11  0.8390E-11  0.4940E-11  0.3320E-11  0.2680E-11  0.2330E-11  0.1930E-11  0.1550E-11  0.1170E-11  0.9050E-12  0.7850E-12
  0.1000E+13  0.8640E-14  0.2570E-12  0.3070E-11  0.9340E-11  0.8300E-11  0.4860E-11  0.3240E-11  0.2600E-11  0.2250E-11  0.1850E-11  0.1460E-11  0.1080E-11  0.8110E-12  0.6880E-12
  0.1000E+14  0.8600E-14  0.2550E-12  0.3030E-11  0.9220E-11  0.8240E-11  0.4830E-11  0.3220E-11  0.2590E-11  0.2240E-11  0.1840E-11  0.1450E-11  0.1070E-11  0.8010E-12  0.6780E-12
  0.1000E+15  0.8310E-14  0.2360E-12  0.2680E-11  0.8380E-11  0.7830E-11  0.4710E-11  0.3170E-11  0.2550E-11  0.2210E-11  0.1820E-11  0.1440E-11  0.1070E-11  0.7970E-12  0.6750E-12
  0.1000E+16  0.7210E-14  0.1790E-12  0.1890E-11  0.6510E-11  0.6820E-11  0.4380E-11  0.3000E-11  0.2430E-11  0.2120E-11  0.1750E-11  0.1390E-11  0.1030E-11  0.7770E-12  0.6600E-12
  0.1000E+17  0.6520E-14  0.1520E-12  0.1580E-11  0.5760E-11  0.6360E-11  0.4200E-11  0.2900E-11  0.2360E-11  0.2050E-11  0.1700E-11  0.1350E-11  0.1000E-11  0.7540E-12  0.6400E-12
WAVELENGTH(A)= 
    82.185
 7 14 t 
excit   
    31.900     47.800     79.700    159.000    319.000    797.000   1590.000   2390.000   3190.000   4780.000   7970.000  15900.000  31900.000  47800.000 
  0.1000E+11  0.4970E-15  0.7520E-14  0.6730E-13  0.2680E-12  0.3970E-12  0.4560E-12  0.4510E-12  0.4390E-12  0.4280E-12  0.4130E-12  0.3930E-12  0.3700E-12  0.3490E-12  0.3390E-12
  0.1000E+12  0.5300E-15  0.7820E-14  0.6840E-13  0.2600E-12  0.3670E-12  0.3930E-12  0.3640E-12  0.3400E-12  0.3200E-12  0.2930E-12  0.2580E-12  0.2160E-12  0.1780E-12  0.1590E-12
  0.1000E+13  0.8640E-15  0.1090E-13  0.8380E-13  0.2890E-12  0.3890E-12  0.4010E-12  0.3640E-12  0.3360E-12  0.3140E-12  0.2840E-12  0.2470E-12  0.2010E-12  0.1610E-12  0.1400E-12
  0.1000E+14  0.4150E-14  0.4080E-13  0.2330E-12  0.5800E-12  0.6290E-12  0.5380E-12  0.4510E-12  0.4010E-12  0.3680E-12  0.3240E-12  0.2750E-12  0.2180E-12  0.1700E-12  0.1460E-12
  0.1000E+15  0.3220E-13  0.2820E-12  0.1340E-11  0.2710E-11  0.2440E-11  0.1620E-11  0.1150E-11  0.9480E-12  0.8250E-12  0.6770E-12  0.5300E-12  0.3790E-12  0.2710E-12  0.2220E-12
  0.1000E+16  0.1380E-12  0.1000E-11  0.3880E-11  0.7360E-11  0.6740E-11  0.4500E-11  0.3260E-11  0.2710E-11  0.2380E-11  0.1980E-11  0.1570E-11  0.1130E-11  0.7990E-12  0.6460E-12
  0.1000E+17  0.2080E-12  0.1360E-11  0.4810E-11  0.8930E-11  0.8330E-11  0.5730E-11  0.4290E-11  0.3640E-11  0.3260E-11  0.2790E-11  0.2300E-11  0.1770E-11  0.1360E-11  0.1150E-11
WAVELENGTH(A)= 
   108.198
 7 14 t 
excit   
    31.900     47.800     79.700    159.000    319.000    797.000   1590.000   2390.000   3190.000   4780.000   7970.000  15900.000  31900.000  47800.000 
  0.1000E+11  0.1810E-12  0.1240E-11  0.4770E-11  0.6890E-11  0.4700E-11  0.2660E-11  0.1950E-11  0.1700E-11  0.1570E-11  0.1420E-11  0.1290E-11  0.1160E-11  0.1070E-11  0.1030E-11
  0.1000E+12  0.1810E-12  0.1240E-11  0.4740E-11  0.6620E-11  0.4310E-11  0.2290E-11  0.1570E-11  0.1310E-11  0.1170E-11  0.1010E-11  0.8430E-12  0.6740E-12  0.5450E-12  0.4830E-12
  0.1000E+13  0.1810E-12  0.1240E-11  0.4730E-11  0.6590E-11  0.4280E-11  0.2250E-11  0.1540E-11  0.1270E-11  0.1130E-11  0.9630E-12  0.7970E-12  0.6230E-12  0.4890E-12  0.4240E-12
  0.1000E+14  0.1830E-12  0.1240E-11  0.4700E-11  0.6560E-11  0.4280E-11  0.2250E-11  0.1540E-11  0.1280E-11  0.1130E-11  0.9620E-12  0.7950E-12  0.6190E-12  0.4840E-12  0.4180E-12
  0.1000E+15  0.1930E-12  0.1240E-11  0.4460E-11  0.6340E-11  0.4320E-11  0.2330E-11  0.1590E-11  0.1320E-11  0.1170E-11  0.9900E-12  0.8150E-12  0.6320E-12  0.4910E-12  0.4230E-12
  0.1000E+16  0.2310E-12  0.1240E-11  0.3890E-11  0.5840E-11  0.4420E-11  0.2530E-11  0.1760E-11  0.1460E-11  0.1290E-11  0.1090E-11  0.8970E-12  0.6900E-12  0.5320E-12  0.4560E-12
  0.1000E+17  0.2560E-12  0.1240E-11  0.3630E-11  0.5580E-11  0.4400E-11  0.2590E-11  0.1820E-11  0.1520E-11  0.1350E-11  0.1150E-11  0.9510E-12  0.7380E-12  0.5740E-12  0.4940E-12
WAVELENGTH(A)= 
   112.535
 7 14 t 
excit   
    31.900     47.800     79.700    159.000    319.000    797.000   1590.000   2390.000   3190.000   4780.000   7970.000  15900.000  31900.000  47800.000 
  0.1000E+11  0.7140E-12  0.4900E-11  0.1880E-10  0.2720E-10  0.1850E-10  0.1050E-10  0.7690E-11  0.6700E-11  0.6180E-11  0.5600E-11  0.5070E-11  0.4560E-11  0.4210E-11  0.4060E-11
  0.1000E+12  0.7140E-12  0.4900E-11  0.1870E-10  0.2610E-10  0.1700E-10  0.9010E-11  0.6200E-11  0.5180E-11  0.4610E-11  0.3960E-11  0.3320E-11  0.2660E-11  0.2150E-11  0.1900E-11
  0.1000E+13  0.7150E-12  0.4900E-11  0.1860E-10  0.2600E-10  0.1680E-10  0.8860E-11  0.6050E-11  0.5020E-11  0.4450E-11  0.3790E-11  0.3140E-11  0.2450E-11  0.1930E-11  0.1670E-11
  0.1000E+14  0.7200E-12  0.4900E-11  0.1850E-10  0.2580E-10  0.1690E-10  0.8880E-11  0.6060E-11  0.5030E-11  0.4450E-11  0.3790E-11  0.3130E-11  0.2440E-11  0.1910E-11  0.1650E-11
  0.1000E+15  0.7600E-12  0.4900E-11  0.1760E-10  0.2500E-10  0.1700E-10  0.9180E-11  0.6280E-11  0.5200E-11  0.4590E-11  0.3900E-11  0.3210E-11  0.2490E-11  0.1940E-11  0.1670E-11
  0.1000E+16  0.9120E-12  0.4890E-11  0.1530E-10  0.2300E-10  0.1740E-10  0.9970E-11  0.6920E-11  0.5740E-11  0.5080E-11  0.4310E-11  0.3530E-11  0.2720E-11  0.2100E-11  0.1800E-11
  0.1000E+17  0.1010E-11  0.4870E-11  0.1430E-10  0.2200E-10  0.1730E-10  0.1020E-10  0.7180E-11  0.6000E-11  0.5320E-11  0.4540E-11  0.3750E-11  0.2910E-11  0.2260E-11  0.1950E-11
WAVELENGTH(A)= 
   125.659
 7 14 t 
excit   
    31.900     47.800     79.700    159.000    319.000    797.000   1590.000   2390.000   3190.000   4780.000   7970.000  15900.000  31900.000  47800.000 
  0.1000E+11  0.1150E-12  0.1020E-11  0.5650E-11  0.1240E-10  0.1070E-10  0.6710E-11  0.4870E-11  0.4150E-11  0.3750E-11  0.3300E-11  0.2870E-11  0.2460E-11  0.2180E-11  0.2060E-11
  0.1000E+12  0.1160E-12  0.1030E-11  0.5630E-11  0.1190E-10  0.9820E-11  0.5770E-11  0.3930E-11  0.3210E-11  0.2800E-11  0.2340E-11  0.1880E-11  0.1440E-11  0.1110E-11  0.9660E-12
  0.1000E+13  0.1260E-12  0.1080E-11  0.5760E-11  0.1200E-10  0.9830E-11  0.5720E-11  0.3860E-11  0.3130E-11  0.2720E-11  0.2250E-11  0.1790E-11  0.1330E-11  0.1000E-11  0.8500E-12
  0.1000E+14  0.2250E-12  0.1560E-11  0.7110E-11  0.1360E-10  0.1080E-10  0.6180E-11  0.4130E-11  0.3330E-11  0.2880E-11  0.2370E-11  0.1870E-11  0.1380E-11  0.1020E-11  0.8620E-12
  0.1000E+15  0.1070E-11  0.5450E-11  0.1720E-10  0.2500E-10  0.1820E-10  0.9860E-11  0.6380E-11  0.5040E-11  0.4290E-11  0.3450E-11  0.2640E-11  0.1860E-11  0.1330E-11  0.1090E-11
  0.1000E+16  0.4230E-11  0.1700E-10  0.4020E-10  0.4990E-10  0.3560E-10  0.1970E-10  0.1310E-10  0.1060E-10  0.9110E-11  0.7440E-11  0.5800E-11  0.4130E-11  0.2920E-11  0.2380E-11
  0.1000E+17  0.6180E-11  0.2220E-10  0.4730E-10  0.5680E-10  0.4110E-10  0.2340E-10  0.1610E-10  0.1330E-10  0.1170E-10  0.9800E-11  0.7950E-11  0.6030E-11  0.4580E-11  0.3880E-11
WAVELENGTH(A)= 
   126.735
 7 14 t 
excit   
    31.900     47.800     79.700    159.000    319.000    797.000   1590.000   2390.000   3190.000   4780.000   7970.000  15900.000  31900.000  47800.000 
  0.1000E+11  0.1790E-13  0.1470E-12  0.7340E-12  0.1500E-11  0.1320E-11  0.9060E-12  0.7110E-12  0.6330E-12  0.5890E-12  0.5400E-12  0.4910E-12  0.4440E-12  0.4110E-12  0.3970E-12
  0.1000E+12  0.1820E-13  0.1490E-12  0.7340E-12  0.1450E-11  0.1220E-11  0.7810E-12  0.5750E-12  0.4900E-12  0.4410E-12  0.3830E-12  0.3220E-12  0.2590E-12  0.2100E-12  0.1860E-12
  0.1000E+13  0.2100E-13  0.1630E-12  0.7830E-12  0.1520E-11  0.1260E-11  0.7940E-12  0.5770E-12  0.4880E-12  0.4360E-12  0.3740E-12  0.3100E-12  0.2430E-12  0.1900E-12  0.1650E-12
  0.1000E+14  0.4860E-13  0.3080E-12  0.1260E-11  0.2210E-11  0.1750E-11  0.1050E-11  0.7350E-12  0.6090E-12  0.5350E-12  0.4500E-12  0.3650E-12  0.2760E-12  0.2100E-12  0.1790E-12
  0.1000E+15  0.2850E-12  0.1480E-11  0.4840E-11  0.7350E-11  0.5480E-11  0.3070E-11  0.2030E-11  0.1620E-11  0.1380E-11  0.1110E-11  0.8530E-12  0.5930E-12  0.4130E-12  0.3340E-12
  0.1000E+16  0.1140E-11  0.4770E-11  0.1230E-10  0.1710E-10  0.1290E-10  0.7650E-11  0.5400E-11  0.4500E-11  0.3980E-11  0.3350E-11  0.2700E-11  0.1990E-11  0.1440E-11  0.1180E-11
  0.1000E+17  0.1110E-11  0.3930E-11  0.8180E-11  0.9630E-11  0.6980E-11  0.4320E-11  0.3350E-11  0.2990E-11  0.2790E-11  0.2550E-11  0.2310E-11  0.2000E-11  0.1720E-11  0.1560E-11
WAVELENGTH(A)= 
   131.547
 7 14 t 
excit   
    31.900     47.800     79.700    159.000    319.000    797.000   1590.000   2390.000   3190.000   4780.000   7970.000  15900.000  31900.000  47800.000 
  0.1000E+11  0.8940E-13  0.7920E-12  0.4380E-11  0.9600E-11  0.8270E-11  0.5200E-11  0.3770E-11  0.3210E-11  0.2910E-11  0.2560E-11  0.2220E-11  0.1910E-11  0.1690E-11  0.1600E-11
  0.1000E+12  0.9020E-13  0.7950E-12  0.4360E-11  0.9230E-11  0.7610E-11  0.4470E-11  0.3050E-11  0.2480E-11  0.2170E-11  0.1810E-11  0.1460E-11  0.1110E-11  0.8620E-12  0.7480E-12
  0.1000E+13  0.9800E-13  0.8330E-12  0.4460E-11  0.9320E-11  0.7620E-11  0.4430E-11  0.2990E-11  0.2420E-11  0.2110E-11  0.1740E-11  0.1390E-11  0.1030E-11  0.7760E-12  0.6580E-12
  0.1000E+14  0.1740E-12  0.1210E-11  0.5510E-11  0.1050E-10  0.8360E-11  0.4790E-11  0.3200E-11  0.2580E-11  0.2230E-11  0.1830E-11  0.1450E-11  0.1070E-11  0.7930E-12  0.6680E-12
  0.1000E+15  0.8270E-12  0.4220E-11  0.1330E-10  0.1940E-10  0.1410E-10  0.7640E-11  0.4940E-11  0.3900E-11  0.3320E-11  0.2670E-11  0.2050E-11  0.1440E-11  0.1030E-11  0.8440E-12
  0.1000E+16  0.3280E-11  0.1320E-10  0.3120E-10  0.3860E-10  0.2750E-10  0.1520E-10  0.1020E-10  0.8180E-11  0.7050E-11  0.5760E-11  0.4490E-11  0.3200E-11  0.2270E-11  0.1840E-11
  0.1000E+17  0.4790E-11  0.1720E-10  0.3660E-10  0.4400E-10  0.3190E-10  0.1820E-10  0.1250E-10  0.1030E-10  0.9040E-11  0.7590E-11  0.6160E-11  0.4670E-11  0.3540E-11  0.3010E-11
WAVELENGTH(A)= 
   132.168
 7 14 t 
excit   
    31.900     47.800     79.700    159.000    319.000    797.000   1590.000   2390.000   3190.000   4780.000   7970.000  15900.000  31900.000  47800.000 
  0.1000E+11  0.3910E-10  0.8880E-10  0.1500E-09  0.1320E-09  0.7720E-10  0.4160E-10  0.3000E-10  0.2580E-10  0.2360E-10  0.2120E-10  0.1900E-10  0.1680E-10  0.1540E-10  0.1470E-10
  0.1000E+12  0.3910E-10  0.8870E-10  0.1490E-09  0.1270E-09  0.7090E-10  0.3570E-10  0.2420E-10  0.2000E-10  0.1760E-10  0.1500E-10  0.1240E-10  0.9790E-11  0.7830E-11  0.6900E-11
  0.1000E+13  0.3910E-10  0.8850E-10  0.1490E-09  0.1260E-09  0.7000E-10  0.3500E-10  0.2350E-10  0.1930E-10  0.1700E-10  0.1430E-10  0.1170E-10  0.9040E-11  0.7010E-11  0.6040E-11
  0.1000E+14  0.3850E-10  0.8660E-10  0.1440E-09  0.1220E-09  0.6790E-10  0.3410E-10  0.2300E-10  0.1890E-10  0.1660E-10  0.1410E-10  0.1150E-10  0.8870E-11  0.6870E-11  0.5920E-11
  0.1000E+15  0.3340E-10  0.7130E-10  0.1110E-09  0.9220E-10  0.5260E-10  0.2730E-10  0.1890E-10  0.1590E-10  0.1410E-10  0.1220E-10  0.1020E-10  0.8020E-11  0.6340E-11  0.5510E-11
  0.1000E+16  0.1440E-10  0.2570E-10  0.3300E-10  0.2660E-10  0.1610E-10  0.9130E-11  0.6880E-11  0.6080E-11  0.5660E-11  0.5170E-11  0.4670E-11  0.4110E-11  0.3600E-11  0.3310E-11
  0.1000E+17  0.2160E-11  0.3480E-11  0.4090E-11  0.3260E-11  0.2020E-11  0.1190E-11  0.9310E-12  0.8470E-12  0.8070E-12  0.7640E-12  0.7280E-12  0.6960E-12  0.6730E-12  0.6600E-12
WAVELENGTH(A)= 
   132.728
 7 14 t 
excit   
    31.900     47.800     79.700    159.000    319.000    797.000   1590.000   2390.000   3190.000   4780.000   7970.000  15900.000  31900.000  47800.000 
  0.1000E+11  0.1770E-13  0.1460E-12  0.7270E-12  0.1490E-11  0.1310E-11  0.8970E-12  0.7040E-12  0.6270E-12  0.5840E-12  0.5350E-12  0.4860E-12  0.4400E-12  0.4070E-12  0.3930E-12
  0.1000E+12  0.1800E-13  0.1470E-12  0.7270E-12  0.1440E-11  0.1210E-11  0.7740E-12  0.5700E-12  0.4860E-12  0.4370E-12  0.3790E-12  0.3190E-12  0.2570E-12  0.2080E-12  0.1850E-12
  0.1000E+13  0.2080E-13  0.1620E-12  0.7760E-12  0.1500E-11  0.1250E-11  0.7870E-12  0.5720E-12  0.4830E-12  0.4320E-12  0.3710E-12  0.3080E-12  0.2410E-12  0.1890E-12  0.1640E-12
  0.1000E+14  0.4820E-13  0.3050E-12  0.1250E-11  0.2190E-11  0.1740E-11  0.1040E-11  0.7290E-12  0.6030E-12  0.5300E-12  0.4460E-12  0.3610E-12  0.2740E-12  0.2080E-12  0.1780E-12
  0.1000E+15  0.2830E-12  0.1460E-11  0.4800E-11  0.7280E-11  0.5430E-11  0.3040E-11  0.2010E-11  0.1600E-11  0.1370E-11  0.1100E-11  0.8450E-12  0.5880E-12  0.4090E-12  0.3310E-12
  0.1000E+16  0.1130E-11  0.4720E-11  0.1220E-10  0.1690E-10  0.1280E-10  0.7580E-11  0.5350E-11  0.4460E-11  0.3940E-11  0.3320E-11  0.2680E-11  0.1970E-11  0.1430E-11  0.1170E-11
  0.1000E+17  0.1100E-11  0.3890E-11  0.8100E-11  0.9540E-11  0.6910E-11  0.4280E-11  0.3320E-11  0.2960E-11  0.2770E-11  0.2530E-11  0.2290E-11  0.1990E-11  0.1700E-11  0.1540E-11
