 50  7 14
WAVELENGTH(A)= 
    20.833
 7 14 t 
excit   
     3.380      5.070      8.440     16.900     33.800     84.400    169.000    253.000    338.000    507.000    844.000   1690.000   3380.000   5070.000 
  0.1000E+11  0.1000E-73  0.1000E-73  0.5560E-40  0.7990E-25  0.2680E-17  0.7550E-13  0.1950E-11  0.5360E-11  0.8560E-11  0.1300E-10  0.1710E-10  0.1920E-10  0.1910E-10  0.1860E-10
  0.1000E+12  0.1000E-73  0.1000E-73  0.5550E-40  0.7990E-25  0.2680E-17  0.7550E-13  0.1950E-11  0.5360E-11  0.8560E-11  0.1300E-10  0.1710E-10  0.1920E-10  0.1910E-10  0.1860E-10
  0.1000E+13  0.1000E-73  0.1000E-73  0.5550E-40  0.7990E-25  0.2680E-17  0.7550E-13  0.1950E-11  0.5360E-11  0.8560E-11  0.1300E-10  0.1710E-10  0.1920E-10  0.1910E-10  0.1860E-10
  0.1000E+14  0.1000E-73  0.1000E-73  0.5560E-40  0.7990E-25  0.2680E-17  0.7550E-13  0.1950E-11  0.5360E-11  0.8560E-11  0.1300E-10  0.1710E-10  0.1920E-10  0.1910E-10  0.1860E-10
  0.1000E+15  0.1000E-73  0.1000E-73  0.5560E-40  0.8000E-25  0.2680E-17  0.7550E-13  0.1950E-11  0.5360E-11  0.8560E-11  0.1300E-10  0.1710E-10  0.1920E-10  0.1910E-10  0.1860E-10
  0.1000E+16  0.1000E-73  0.1000E-73  0.5640E-40  0.8080E-25  0.2700E-17  0.7570E-13  0.1950E-11  0.5370E-11  0.8560E-11  0.1300E-10  0.1710E-10  0.1920E-10  0.1910E-10  0.1860E-10
  0.1000E+17  0.1000E-73  0.1000E-73  0.6420E-40  0.8840E-25  0.2850E-17  0.7730E-13  0.1970E-11  0.5400E-11  0.8600E-11  0.1310E-10  0.1710E-10  0.1920E-10  0.1900E-10  0.1850E-10
WAVELENGTH(A)= 
    24.537
 7 14 t 
excit   
     3.380      5.070      8.440     16.900     33.800     84.400    169.000    253.000    338.000    507.000    844.000   1690.000   3380.000   5070.000 
  0.1000E+11  0.1000E-73  0.1000E-73  0.1130E-35  0.7890E-23  0.1760E-16  0.8880E-13  0.1260E-11  0.2820E-11  0.4060E-11  0.5580E-11  0.6760E-11  0.7320E-11  0.7300E-11  0.7170E-11
  0.1000E+12  0.1000E-73  0.1000E-73  0.1130E-35  0.7890E-23  0.1760E-16  0.8880E-13  0.1260E-11  0.2820E-11  0.4060E-11  0.5580E-11  0.6760E-11  0.7320E-11  0.7300E-11  0.7170E-11
  0.1000E+13  0.1000E-73  0.1000E-73  0.1130E-35  0.7890E-23  0.1760E-16  0.8880E-13  0.1260E-11  0.2820E-11  0.4060E-11  0.5580E-11  0.6760E-11  0.7320E-11  0.7300E-11  0.7170E-11
  0.1000E+14  0.1000E-73  0.1000E-73  0.1130E-35  0.7890E-23  0.1760E-16  0.8880E-13  0.1260E-11  0.2820E-11  0.4060E-11  0.5580E-11  0.6760E-11  0.7320E-11  0.7300E-11  0.7170E-11
  0.1000E+15  0.1000E-73  0.1000E-73  0.1130E-35  0.7890E-23  0.1750E-16  0.8880E-13  0.1260E-11  0.2820E-11  0.4060E-11  0.5580E-11  0.6760E-11  0.7320E-11  0.7300E-11  0.7170E-11
  0.1000E+16  0.1000E-73  0.1000E-73  0.1130E-35  0.7890E-23  0.1750E-16  0.8850E-13  0.1260E-11  0.2810E-11  0.4050E-11  0.5570E-11  0.6750E-11  0.7310E-11  0.7290E-11  0.7160E-11
  0.1000E+17  0.1000E-73  0.1000E-73  0.1130E-35  0.7840E-23  0.1720E-16  0.8630E-13  0.1220E-11  0.2740E-11  0.3950E-11  0.5430E-11  0.6600E-11  0.7170E-11  0.7170E-11  0.7060E-11
WAVELENGTH(A)= 
    30.456
 7 14 t 
excit   
     3.380      5.070      8.440     16.900     33.800     84.400    169.000    253.000    338.000    507.000    844.000   1690.000   3380.000   5070.000 
  0.1000E+11  0.1000E-73  0.1000E-73  0.4600E-39  0.1090E-24  0.1410E-17  0.2030E-13  0.4090E-12  0.1020E-11  0.1550E-11  0.2240E-11  0.2760E-11  0.2820E-11  0.2470E-11  0.2180E-11
  0.1000E+12  0.1000E-73  0.1000E-73  0.4600E-39  0.1090E-24  0.1410E-17  0.2030E-13  0.4090E-12  0.1020E-11  0.1550E-11  0.2240E-11  0.2760E-11  0.2820E-11  0.2470E-11  0.2180E-11
  0.1000E+13  0.1000E-73  0.1000E-73  0.4600E-39  0.1090E-24  0.1410E-17  0.2030E-13  0.4090E-12  0.1020E-11  0.1550E-11  0.2240E-11  0.2760E-11  0.2820E-11  0.2470E-11  0.2180E-11
  0.1000E+14  0.1000E-73  0.1000E-73  0.4600E-39  0.1090E-24  0.1410E-17  0.2030E-13  0.4090E-12  0.1020E-11  0.1550E-11  0.2240E-11  0.2760E-11  0.2820E-11  0.2470E-11  0.2180E-11
  0.1000E+15  0.1000E-73  0.1000E-73  0.4600E-39  0.1090E-24  0.1410E-17  0.2030E-13  0.4090E-12  0.1020E-11  0.1550E-11  0.2240E-11  0.2760E-11  0.2820E-11  0.2460E-11  0.2180E-11
  0.1000E+16  0.1000E-73  0.1000E-73  0.4600E-39  0.1090E-24  0.1410E-17  0.2030E-13  0.4080E-12  0.1020E-11  0.1550E-11  0.2230E-11  0.2750E-11  0.2820E-11  0.2460E-11  0.2180E-11
  0.1000E+17  0.1000E-73  0.1000E-73  0.4640E-39  0.1090E-24  0.1390E-17  0.1980E-13  0.3980E-12  0.9950E-12  0.1510E-11  0.2180E-11  0.2700E-11  0.2770E-11  0.2430E-11  0.2150E-11
WAVELENGTH(A)= 
    33.965
 7 14 t 
excit   
     3.380      5.070      8.440     16.900     33.800     84.400    169.000    253.000    338.000    507.000    844.000   1690.000   3380.000   5070.000 
  0.1000E+11  0.1000E-73  0.2170E-41  0.5550E-29  0.1040E-19  0.4310E-15  0.2250E-12  0.1570E-11  0.2800E-11  0.3630E-11  0.4500E-11  0.5040E-11  0.4980E-11  0.4490E-11  0.4130E-11
  0.1000E+12  0.1000E-73  0.2170E-41  0.5550E-29  0.1040E-19  0.4310E-15  0.2250E-12  0.1570E-11  0.2800E-11  0.3630E-11  0.4500E-11  0.5040E-11  0.4980E-11  0.4490E-11  0.4130E-11
  0.1000E+13  0.1000E-73  0.2170E-41  0.5550E-29  0.1040E-19  0.4310E-15  0.2250E-12  0.1570E-11  0.2800E-11  0.3630E-11  0.4500E-11  0.5040E-11  0.4980E-11  0.4490E-11  0.4130E-11
  0.1000E+14  0.1000E-73  0.2170E-41  0.5550E-29  0.1040E-19  0.4310E-15  0.2250E-12  0.1570E-11  0.2800E-11  0.3630E-11  0.4500E-11  0.5040E-11  0.4980E-11  0.4490E-11  0.4130E-11
  0.1000E+15  0.1000E-73  0.2170E-41  0.5550E-29  0.1040E-19  0.4310E-15  0.2250E-12  0.1570E-11  0.2800E-11  0.3630E-11  0.4500E-11  0.5030E-11  0.4980E-11  0.4490E-11  0.4130E-11
  0.1000E+16  0.1000E-73  0.2180E-41  0.5560E-29  0.1040E-19  0.4310E-15  0.2250E-12  0.1570E-11  0.2800E-11  0.3620E-11  0.4490E-11  0.5030E-11  0.4980E-11  0.4490E-11  0.4120E-11
  0.1000E+17  0.1000E-73  0.2250E-41  0.5700E-29  0.1050E-19  0.4290E-15  0.2210E-12  0.1530E-11  0.2740E-11  0.3550E-11  0.4400E-11  0.4940E-11  0.4900E-11  0.4430E-11  0.4080E-11
WAVELENGTH(A)= 
    50.783
 7 14 t 
excit   
     3.380      5.070      8.440     16.900     33.800     84.400    169.000    253.000    338.000    507.000    844.000   1690.000   3380.000   5070.000 
  0.1000E+11  0.1970E-39  0.4670E-29  0.8550E-21  0.1210E-14  0.1510E-11  0.1210E-09  0.5110E-09  0.7980E-09  0.9780E-09  0.1170E-08  0.1290E-08  0.1280E-08  0.1170E-08  0.1080E-08
  0.1000E+12  0.1970E-39  0.4670E-29  0.8550E-21  0.1210E-14  0.1510E-11  0.1210E-09  0.5110E-09  0.7980E-09  0.9780E-09  0.1170E-08  0.1290E-08  0.1280E-08  0.1170E-08  0.1080E-08
  0.1000E+13  0.1970E-39  0.4670E-29  0.8550E-21  0.1210E-14  0.1510E-11  0.1210E-09  0.5110E-09  0.7980E-09  0.9780E-09  0.1170E-08  0.1290E-08  0.1280E-08  0.1170E-08  0.1080E-08
  0.1000E+14  0.1970E-39  0.4670E-29  0.8550E-21  0.1210E-14  0.1510E-11  0.1210E-09  0.5110E-09  0.7980E-09  0.9780E-09  0.1170E-08  0.1290E-08  0.1280E-08  0.1170E-08  0.1080E-08
  0.1000E+15  0.1970E-39  0.4670E-29  0.8550E-21  0.1210E-14  0.1510E-11  0.1210E-09  0.5110E-09  0.7980E-09  0.9780E-09  0.1170E-08  0.1290E-08  0.1280E-08  0.1170E-08  0.1080E-08
  0.1000E+16  0.1970E-39  0.4670E-29  0.8550E-21  0.1210E-14  0.1510E-11  0.1210E-09  0.5090E-09  0.7960E-09  0.9750E-09  0.1160E-08  0.1280E-08  0.1280E-08  0.1170E-08  0.1080E-08
  0.1000E+17  0.1970E-39  0.4670E-29  0.8550E-21  0.1200E-14  0.1480E-11  0.1180E-09  0.4950E-09  0.7740E-09  0.9500E-09  0.1140E-08  0.1250E-08  0.1260E-08  0.1150E-08  0.1070E-08
WAVELENGTH(A)= 
    52.059
 7 14 t 
excit   
     3.380      5.070      8.440     16.900     33.800     84.400    169.000    253.000    338.000    507.000    844.000   1690.000   3380.000   5070.000 
  0.1000E+11  0.6310E-41  0.8680E-31  0.1050E-22  0.1080E-16  0.9270E-14  0.4190E-12  0.1230E-11  0.1630E-11  0.1800E-11  0.1890E-11  0.1820E-11  0.1590E-11  0.1330E-11  0.1180E-11
  0.1000E+12  0.6310E-41  0.8680E-31  0.1050E-22  0.1080E-16  0.9270E-14  0.4190E-12  0.1230E-11  0.1630E-11  0.1800E-11  0.1890E-11  0.1820E-11  0.1590E-11  0.1330E-11  0.1180E-11
  0.1000E+13  0.6310E-41  0.8680E-31  0.1050E-22  0.1080E-16  0.9270E-14  0.4190E-12  0.1230E-11  0.1630E-11  0.1800E-11  0.1890E-11  0.1820E-11  0.1590E-11  0.1330E-11  0.1180E-11
  0.1000E+14  0.6320E-41  0.8680E-31  0.1050E-22  0.1080E-16  0.9270E-14  0.4190E-12  0.1230E-11  0.1630E-11  0.1800E-11  0.1890E-11  0.1820E-11  0.1590E-11  0.1330E-11  0.1180E-11
  0.1000E+15  0.6330E-41  0.8700E-31  0.1050E-22  0.1080E-16  0.9280E-14  0.4190E-12  0.1230E-11  0.1630E-11  0.1800E-11  0.1890E-11  0.1820E-11  0.1590E-11  0.1330E-11  0.1180E-11
  0.1000E+16  0.6490E-41  0.8870E-31  0.1070E-22  0.1090E-16  0.9360E-14  0.4220E-12  0.1240E-11  0.1640E-11  0.1810E-11  0.1900E-11  0.1830E-11  0.1590E-11  0.1330E-11  0.1180E-11
  0.1000E+17  0.7940E-41  0.1050E-30  0.1230E-22  0.1210E-16  0.1010E-13  0.4430E-12  0.1290E-11  0.1700E-11  0.1870E-11  0.1960E-11  0.1880E-11  0.1630E-11  0.1350E-11  0.1190E-11
WAVELENGTH(A)= 
    55.601
 7 14 t 
excit   
     3.380      5.070      8.440     16.900     33.800     84.400    169.000    253.000    338.000    507.000    844.000   1690.000   3380.000   5070.000 
  0.1000E+11  0.1750E-36  0.5170E-27  0.1770E-19  0.6810E-14  0.3580E-11  0.1250E-09  0.3630E-09  0.4950E-09  0.5660E-09  0.6320E-09  0.6620E-09  0.6420E-09  0.5810E-09  0.5370E-09
  0.1000E+12  0.1750E-36  0.5170E-27  0.1770E-19  0.6810E-14  0.3580E-11  0.1250E-09  0.3630E-09  0.4950E-09  0.5660E-09  0.6320E-09  0.6620E-09  0.6420E-09  0.5810E-09  0.5370E-09
  0.1000E+13  0.1750E-36  0.5170E-27  0.1770E-19  0.6810E-14  0.3580E-11  0.1250E-09  0.3630E-09  0.4950E-09  0.5660E-09  0.6320E-09  0.6620E-09  0.6420E-09  0.5810E-09  0.5370E-09
  0.1000E+14  0.1750E-36  0.5170E-27  0.1770E-19  0.6810E-14  0.3580E-11  0.1250E-09  0.3630E-09  0.4950E-09  0.5660E-09  0.6320E-09  0.6620E-09  0.6420E-09  0.5810E-09  0.5370E-09
  0.1000E+15  0.1750E-36  0.5170E-27  0.1770E-19  0.6810E-14  0.3580E-11  0.1250E-09  0.3630E-09  0.4950E-09  0.5660E-09  0.6320E-09  0.6620E-09  0.6420E-09  0.5810E-09  0.5370E-09
  0.1000E+16  0.1750E-36  0.5170E-27  0.1770E-19  0.6810E-14  0.3570E-11  0.1250E-09  0.3620E-09  0.4930E-09  0.5640E-09  0.6300E-09  0.6600E-09  0.6410E-09  0.5800E-09  0.5360E-09
  0.1000E+17  0.1750E-36  0.5170E-27  0.1770E-19  0.6760E-14  0.3510E-11  0.1220E-09  0.3520E-09  0.4800E-09  0.5500E-09  0.6150E-09  0.6460E-09  0.6290E-09  0.5710E-09  0.5290E-09
WAVELENGTH(A)= 
    59.186
 7 14 t 
excit   
     3.380      5.070      8.440     16.900     33.800     84.400    169.000    253.000    338.000    507.000    844.000   1690.000   3380.000   5070.000 
  0.1000E+11  0.7410E-37  0.5910E-28  0.7480E-21  0.1480E-15  0.5870E-13  0.1700E-11  0.4350E-11  0.5490E-11  0.5920E-11  0.6080E-11  0.5740E-11  0.4910E-11  0.4010E-11  0.3530E-11
  0.1000E+12  0.7410E-37  0.5910E-28  0.7480E-21  0.1480E-15  0.5870E-13  0.1700E-11  0.4350E-11  0.5490E-11  0.5920E-11  0.6080E-11  0.5740E-11  0.4910E-11  0.4010E-11  0.3530E-11
  0.1000E+13  0.7410E-37  0.5910E-28  0.7480E-21  0.1480E-15  0.5870E-13  0.1700E-11  0.4350E-11  0.5490E-11  0.5920E-11  0.6080E-11  0.5740E-11  0.4910E-11  0.4010E-11  0.3530E-11
  0.1000E+14  0.7410E-37  0.5910E-28  0.7480E-21  0.1480E-15  0.5870E-13  0.1700E-11  0.4350E-11  0.5490E-11  0.5920E-11  0.6080E-11  0.5740E-11  0.4910E-11  0.4010E-11  0.3530E-11
  0.1000E+15  0.7430E-37  0.5920E-28  0.7490E-21  0.1480E-15  0.5870E-13  0.1700E-11  0.4350E-11  0.5490E-11  0.5920E-11  0.6080E-11  0.5740E-11  0.4910E-11  0.4010E-11  0.3530E-11
  0.1000E+16  0.7580E-37  0.6020E-28  0.7580E-21  0.1490E-15  0.5890E-13  0.1700E-11  0.4360E-11  0.5500E-11  0.5920E-11  0.6080E-11  0.5740E-11  0.4910E-11  0.4010E-11  0.3530E-11
  0.1000E+17  0.9080E-37  0.6990E-28  0.8520E-21  0.1610E-15  0.6150E-13  0.1730E-11  0.4400E-11  0.5530E-11  0.5960E-11  0.6110E-11  0.5760E-11  0.4920E-11  0.4010E-11  0.3530E-11
WAVELENGTH(A)= 
    60.211
 7 14 t 
excit   
     3.380      5.070      8.440     16.900     33.800     84.400    169.000    253.000    338.000    507.000    844.000   1690.000   3380.000   5070.000 
  0.1000E+11  0.1230E-41  0.3610E-31  0.7780E-23  0.1190E-16  0.1230E-13  0.6200E-12  0.1890E-11  0.2510E-11  0.2780E-11  0.2910E-11  0.2760E-11  0.2280E-11  0.1750E-11  0.1480E-11
  0.1000E+12  0.1230E-41  0.3610E-31  0.7780E-23  0.1190E-16  0.1230E-13  0.6200E-12  0.1890E-11  0.2510E-11  0.2780E-11  0.2910E-11  0.2760E-11  0.2280E-11  0.1750E-11  0.1480E-11
  0.1000E+13  0.1230E-41  0.3610E-31  0.7780E-23  0.1190E-16  0.1230E-13  0.6200E-12  0.1890E-11  0.2510E-11  0.2780E-11  0.2910E-11  0.2760E-11  0.2280E-11  0.1750E-11  0.1480E-11
  0.1000E+14  0.1230E-41  0.3610E-31  0.7780E-23  0.1190E-16  0.1230E-13  0.6200E-12  0.1890E-11  0.2510E-11  0.2780E-11  0.2910E-11  0.2760E-11  0.2280E-11  0.1750E-11  0.1480E-11
  0.1000E+15  0.1220E-41  0.3600E-31  0.7780E-23  0.1190E-16  0.1230E-13  0.6190E-12  0.1890E-11  0.2510E-11  0.2780E-11  0.2910E-11  0.2750E-11  0.2280E-11  0.1750E-11  0.1480E-11
  0.1000E+16  0.1210E-41  0.3580E-31  0.7730E-23  0.1180E-16  0.1220E-13  0.6150E-12  0.1870E-11  0.2490E-11  0.2760E-11  0.2890E-11  0.2740E-11  0.2270E-11  0.1750E-11  0.1470E-11
  0.1000E+17  0.1180E-41  0.3460E-31  0.7480E-23  0.1140E-16  0.1170E-13  0.5800E-12  0.1770E-11  0.2360E-11  0.2610E-11  0.2750E-11  0.2620E-11  0.2190E-11  0.1700E-11  0.1440E-11
WAVELENGTH(A)= 
    61.999
 7 14 t 
excit   
     3.380      5.070      8.440     16.900     33.800     84.400    169.000    253.000    338.000    507.000    844.000   1690.000   3380.000   5070.000 
  0.1000E+11  0.1000E-73  0.1000E-73  0.4130E-31  0.7700E-20  0.2840E-14  0.5040E-11  0.5160E-10  0.1030E-09  0.1420E-09  0.1870E-09  0.2170E-09  0.2170E-09  0.1890E-09  0.1700E-09
  0.1000E+12  0.1000E-73  0.1000E-73  0.4130E-31  0.7700E-20  0.2840E-14  0.5040E-11  0.5160E-10  0.1030E-09  0.1420E-09  0.1870E-09  0.2170E-09  0.2170E-09  0.1890E-09  0.1700E-09
  0.1000E+13  0.1000E-73  0.1000E-73  0.4130E-31  0.7700E-20  0.2840E-14  0.5040E-11  0.5160E-10  0.1030E-09  0.1420E-09  0.1870E-09  0.2170E-09  0.2170E-09  0.1890E-09  0.1700E-09
  0.1000E+14  0.1000E-73  0.1000E-73  0.4130E-31  0.7700E-20  0.2840E-14  0.5040E-11  0.5160E-10  0.1030E-09  0.1420E-09  0.1870E-09  0.2170E-09  0.2170E-09  0.1890E-09  0.1700E-09
  0.1000E+15  0.1000E-73  0.3670E-46  0.4130E-31  0.7700E-20  0.2840E-14  0.5030E-11  0.5150E-10  0.1030E-09  0.1420E-09  0.1870E-09  0.2170E-09  0.2160E-09  0.1890E-09  0.1700E-09
  0.1000E+16  0.1000E-73  0.3120E-46  0.4130E-31  0.7700E-20  0.2830E-14  0.5020E-11  0.5140E-10  0.1030E-09  0.1420E-09  0.1860E-09  0.2160E-09  0.2160E-09  0.1890E-09  0.1690E-09
  0.1000E+17  0.1000E-73  0.3180E-46  0.4130E-31  0.7650E-20  0.2790E-14  0.4900E-11  0.5000E-10  0.1000E-09  0.1380E-09  0.1820E-09  0.2110E-09  0.2120E-09  0.1860E-09  0.1670E-09
WAVELENGTH(A)= 
    62.047
 7 14 t 
excit   
     3.380      5.070      8.440     16.900     33.800     84.400    169.000    253.000    338.000    507.000    844.000   1690.000   3380.000   5070.000 
  0.1000E+11  0.1000E-73  0.1000E-73  0.8670E-39  0.2050E-24  0.2650E-17  0.3830E-13  0.7700E-12  0.1930E-11  0.2930E-11  0.4220E-11  0.5200E-11  0.5320E-11  0.4650E-11  0.4110E-11
  0.1000E+12  0.1000E-73  0.1000E-73  0.8670E-39  0.2050E-24  0.2650E-17  0.3830E-13  0.7700E-12  0.1930E-11  0.2930E-11  0.4220E-11  0.5200E-11  0.5320E-11  0.4650E-11  0.4110E-11
  0.1000E+13  0.1000E-73  0.1000E-73  0.8670E-39  0.2050E-24  0.2650E-17  0.3830E-13  0.7700E-12  0.1930E-11  0.2930E-11  0.4220E-11  0.5200E-11  0.5320E-11  0.4650E-11  0.4110E-11
  0.1000E+14  0.1000E-73  0.1000E-73  0.8670E-39  0.2050E-24  0.2650E-17  0.3830E-13  0.7700E-12  0.1930E-11  0.2930E-11  0.4210E-11  0.5200E-11  0.5320E-11  0.4650E-11  0.4110E-11
  0.1000E+15  0.1000E-73  0.1000E-73  0.8670E-39  0.2050E-24  0.2650E-17  0.3830E-13  0.7700E-12  0.1930E-11  0.2930E-11  0.4210E-11  0.5200E-11  0.5320E-11  0.4650E-11  0.4110E-11
  0.1000E+16  0.1000E-73  0.1000E-73  0.8670E-39  0.2050E-24  0.2650E-17  0.3820E-13  0.7680E-12  0.1920E-11  0.2920E-11  0.4200E-11  0.5190E-11  0.5310E-11  0.4640E-11  0.4110E-11
  0.1000E+17  0.1000E-73  0.1000E-73  0.8740E-39  0.2050E-24  0.2620E-17  0.3730E-13  0.7490E-12  0.1880E-11  0.2850E-11  0.4110E-11  0.5080E-11  0.5220E-11  0.4580E-11  0.4060E-11
WAVELENGTH(A)= 
    62.352
 7 14 t 
excit   
     3.380      5.070      8.440     16.900     33.800     84.400    169.000    253.000    338.000    507.000    844.000   1690.000   3380.000   5070.000 
  0.1000E+11  0.1000E-73  0.1000E-73  0.1170E-30  0.5840E-20  0.1090E-14  0.1260E-11  0.1090E-10  0.2080E-10  0.2750E-10  0.3470E-10  0.3850E-10  0.3630E-10  0.3020E-10  0.2620E-10
  0.1000E+12  0.1000E-73  0.1000E-73  0.1170E-30  0.5840E-20  0.1090E-14  0.1260E-11  0.1090E-10  0.2080E-10  0.2750E-10  0.3470E-10  0.3850E-10  0.3630E-10  0.3020E-10  0.2620E-10
  0.1000E+13  0.1000E-73  0.1000E-73  0.1170E-30  0.5840E-20  0.1090E-14  0.1260E-11  0.1090E-10  0.2080E-10  0.2750E-10  0.3470E-10  0.3850E-10  0.3630E-10  0.3020E-10  0.2620E-10
  0.1000E+14  0.1000E-73  0.5470E-45  0.1170E-30  0.5840E-20  0.1090E-14  0.1260E-11  0.1090E-10  0.2080E-10  0.2750E-10  0.3470E-10  0.3850E-10  0.3630E-10  0.3020E-10  0.2620E-10
  0.1000E+15  0.1000E-73  0.5280E-45  0.1170E-30  0.5830E-20  0.1090E-14  0.1260E-11  0.1090E-10  0.2070E-10  0.2750E-10  0.3470E-10  0.3850E-10  0.3630E-10  0.3020E-10  0.2620E-10
  0.1000E+16  0.1000E-73  0.5210E-45  0.1170E-30  0.5830E-20  0.1090E-14  0.1250E-11  0.1090E-10  0.2070E-10  0.2750E-10  0.3460E-10  0.3840E-10  0.3620E-10  0.3020E-10  0.2620E-10
  0.1000E+17  0.1000E-73  0.5200E-45  0.1170E-30  0.5790E-20  0.1070E-14  0.1220E-11  0.1060E-10  0.2010E-10  0.2670E-10  0.3370E-10  0.3760E-10  0.3560E-10  0.2970E-10  0.2580E-10
WAVELENGTH(A)= 
    64.506
 7 14 t 
excit   
     3.380      5.070      8.440     16.900     33.800     84.400    169.000    253.000    338.000    507.000    844.000   1690.000   3380.000   5070.000 
  0.1000E+11  0.2780E-39  0.2120E-29  0.1570E-21  0.1070E-15  0.7470E-13  0.3010E-11  0.8670E-11  0.1150E-10  0.1290E-10  0.1360E-10  0.1320E-10  0.1130E-10  0.9030E-11  0.7710E-11
  0.1000E+12  0.2780E-39  0.2120E-29  0.1570E-21  0.1070E-15  0.7470E-13  0.3010E-11  0.8670E-11  0.1150E-10  0.1290E-10  0.1360E-10  0.1320E-10  0.1130E-10  0.9030E-11  0.7710E-11
  0.1000E+13  0.2780E-39  0.2120E-29  0.1570E-21  0.1070E-15  0.7470E-13  0.3010E-11  0.8670E-11  0.1150E-10  0.1290E-10  0.1360E-10  0.1320E-10  0.1130E-10  0.9030E-11  0.7710E-11
  0.1000E+14  0.2780E-39  0.2120E-29  0.1570E-21  0.1070E-15  0.7470E-13  0.3010E-11  0.8670E-11  0.1150E-10  0.1290E-10  0.1360E-10  0.1320E-10  0.1130E-10  0.9030E-11  0.7710E-11
  0.1000E+15  0.2780E-39  0.2120E-29  0.1570E-21  0.1070E-15  0.7470E-13  0.3010E-11  0.8670E-11  0.1150E-10  0.1280E-10  0.1360E-10  0.1320E-10  0.1130E-10  0.9030E-11  0.7710E-11
  0.1000E+16  0.2790E-39  0.2130E-29  0.1570E-21  0.1070E-15  0.7470E-13  0.3010E-11  0.8650E-11  0.1150E-10  0.1280E-10  0.1360E-10  0.1320E-10  0.1130E-10  0.9030E-11  0.7710E-11
  0.1000E+17  0.2910E-39  0.2200E-29  0.1610E-21  0.1080E-15  0.7470E-13  0.2970E-11  0.8510E-11  0.1130E-10  0.1260E-10  0.1340E-10  0.1300E-10  0.1120E-10  0.8960E-11  0.7670E-11
WAVELENGTH(A)= 
    67.875
 7 14 t 
excit   
     3.380      5.070      8.440     16.900     33.800     84.400    169.000    253.000    338.000    507.000    844.000   1690.000   3380.000   5070.000 
  0.1000E+11  0.1230E-38  0.3660E-29  0.1280E-21  0.5120E-16  0.2780E-13  0.9500E-12  0.2560E-11  0.3270E-11  0.3540E-11  0.3620E-11  0.3380E-11  0.2780E-11  0.2150E-11  0.1820E-11
  0.1000E+12  0.1230E-38  0.3660E-29  0.1280E-21  0.5120E-16  0.2780E-13  0.9500E-12  0.2560E-11  0.3270E-11  0.3540E-11  0.3620E-11  0.3380E-11  0.2780E-11  0.2150E-11  0.1820E-11
  0.1000E+13  0.1230E-38  0.3660E-29  0.1280E-21  0.5120E-16  0.2780E-13  0.9500E-12  0.2560E-11  0.3270E-11  0.3540E-11  0.3620E-11  0.3380E-11  0.2780E-11  0.2150E-11  0.1820E-11
  0.1000E+14  0.1230E-38  0.3660E-29  0.1280E-21  0.5120E-16  0.2780E-13  0.9500E-12  0.2560E-11  0.3270E-11  0.3540E-11  0.3620E-11  0.3380E-11  0.2780E-11  0.2150E-11  0.1820E-11
  0.1000E+15  0.1230E-38  0.3660E-29  0.1280E-21  0.5120E-16  0.2780E-13  0.9500E-12  0.2560E-11  0.3270E-11  0.3540E-11  0.3620E-11  0.3380E-11  0.2780E-11  0.2150E-11  0.1820E-11
  0.1000E+16  0.1240E-38  0.3680E-29  0.1290E-21  0.5140E-16  0.2780E-13  0.9490E-12  0.2560E-11  0.3260E-11  0.3530E-11  0.3610E-11  0.3370E-11  0.2780E-11  0.2140E-11  0.1820E-11
  0.1000E+17  0.1330E-38  0.3910E-29  0.1350E-21  0.5280E-16  0.2800E-13  0.9420E-12  0.2530E-11  0.3220E-11  0.3490E-11  0.3570E-11  0.3330E-11  0.2750E-11  0.2130E-11  0.1810E-11
WAVELENGTH(A)= 
    68.074
 7 14 t 
excit   
     3.380      5.070      8.440     16.900     33.800     84.400    169.000    253.000    338.000    507.000    844.000   1690.000   3380.000   5070.000 
  0.1000E+11  0.1000E-73  0.4570E-44  0.2360E-30  0.4370E-20  0.5020E-15  0.4300E-12  0.3440E-11  0.6420E-11  0.8510E-11  0.1080E-10  0.1230E-10  0.1220E-10  0.1070E-10  0.9500E-11
  0.1000E+12  0.1000E-73  0.3880E-44  0.2360E-30  0.4370E-20  0.5020E-15  0.4300E-12  0.3440E-11  0.6420E-11  0.8510E-11  0.1080E-10  0.1230E-10  0.1220E-10  0.1070E-10  0.9500E-11
  0.1000E+13  0.1000E-73  0.3930E-44  0.2360E-30  0.4370E-20  0.5020E-15  0.4300E-12  0.3440E-11  0.6420E-11  0.8510E-11  0.1080E-10  0.1230E-10  0.1220E-10  0.1070E-10  0.9500E-11
  0.1000E+14  0.1000E-73  0.3930E-44  0.2360E-30  0.4370E-20  0.5020E-15  0.4300E-12  0.3440E-11  0.6420E-11  0.8510E-11  0.1080E-10  0.1230E-10  0.1220E-10  0.1070E-10  0.9500E-11
  0.1000E+15  0.1000E-73  0.3930E-44  0.2360E-30  0.4370E-20  0.5020E-15  0.4300E-12  0.3440E-11  0.6410E-11  0.8500E-11  0.1080E-10  0.1230E-10  0.1220E-10  0.1070E-10  0.9500E-11
  0.1000E+16  0.1000E-73  0.3930E-44  0.2360E-30  0.4370E-20  0.5010E-15  0.4290E-12  0.3430E-11  0.6400E-11  0.8480E-11  0.1080E-10  0.1230E-10  0.1220E-10  0.1070E-10  0.9490E-11
  0.1000E+17  0.1000E-73  0.3940E-44  0.2360E-30  0.4350E-20  0.4930E-15  0.4180E-12  0.3340E-11  0.6230E-11  0.8270E-11  0.1050E-10  0.1200E-10  0.1200E-10  0.1050E-10  0.9370E-11
WAVELENGTH(A)= 
    77.684
 7 14 t 
excit   
     3.380      5.070      8.440     16.900     33.800     84.400    169.000    253.000    338.000    507.000    844.000   1690.000   3380.000   5070.000 
  0.1000E+11  0.1350E-34  0.4120E-26  0.2320E-19  0.2310E-14  0.6200E-12  0.1410E-10  0.3400E-10  0.4250E-10  0.4590E-10  0.4730E-10  0.4500E-10  0.3800E-10  0.3000E-10  0.2560E-10
  0.1000E+12  0.1350E-34  0.4120E-26  0.2320E-19  0.2310E-14  0.6200E-12  0.1410E-10  0.3400E-10  0.4250E-10  0.4590E-10  0.4730E-10  0.4500E-10  0.3800E-10  0.3000E-10  0.2560E-10
  0.1000E+13  0.1350E-34  0.4120E-26  0.2320E-19  0.2310E-14  0.6200E-12  0.1410E-10  0.3400E-10  0.4250E-10  0.4590E-10  0.4730E-10  0.4500E-10  0.3800E-10  0.3000E-10  0.2560E-10
  0.1000E+14  0.1350E-34  0.4120E-26  0.2320E-19  0.2310E-14  0.6200E-12  0.1410E-10  0.3400E-10  0.4250E-10  0.4590E-10  0.4730E-10  0.4500E-10  0.3800E-10  0.3000E-10  0.2560E-10
  0.1000E+15  0.1350E-34  0.4130E-26  0.2320E-19  0.2310E-14  0.6200E-12  0.1410E-10  0.3400E-10  0.4250E-10  0.4590E-10  0.4730E-10  0.4500E-10  0.3800E-10  0.3000E-10  0.2560E-10
  0.1000E+16  0.1350E-34  0.4140E-26  0.2320E-19  0.2310E-14  0.6200E-12  0.1410E-10  0.3390E-10  0.4240E-10  0.4580E-10  0.4720E-10  0.4500E-10  0.3800E-10  0.2990E-10  0.2560E-10
  0.1000E+17  0.1400E-34  0.4250E-26  0.2370E-19  0.2330E-14  0.6180E-12  0.1390E-10  0.3330E-10  0.4170E-10  0.4510E-10  0.4660E-10  0.4440E-10  0.3770E-10  0.2980E-10  0.2550E-10
WAVELENGTH(A)= 
    78.913
 7 14 t 
excit   
     3.380      5.070      8.440     16.900     33.800     84.400    169.000    253.000    338.000    507.000    844.000   1690.000   3380.000   5070.000 
  0.1000E+11  0.1570E-29  0.6960E-23  0.1340E-17  0.1140E-13  0.9830E-12  0.1200E-10  0.2350E-10  0.2710E-10  0.2810E-10  0.2750E-10  0.2510E-10  0.2070E-10  0.1640E-10  0.1420E-10
  0.1000E+12  0.1570E-29  0.6960E-23  0.1340E-17  0.1140E-13  0.9830E-12  0.1200E-10  0.2350E-10  0.2710E-10  0.2810E-10  0.2750E-10  0.2510E-10  0.2070E-10  0.1640E-10  0.1420E-10
  0.1000E+13  0.1570E-29  0.6960E-23  0.1340E-17  0.1140E-13  0.9830E-12  0.1200E-10  0.2350E-10  0.2710E-10  0.2810E-10  0.2750E-10  0.2510E-10  0.2070E-10  0.1640E-10  0.1420E-10
  0.1000E+14  0.1570E-29  0.6960E-23  0.1340E-17  0.1140E-13  0.9830E-12  0.1200E-10  0.2350E-10  0.2710E-10  0.2810E-10  0.2750E-10  0.2510E-10  0.2070E-10  0.1640E-10  0.1420E-10
  0.1000E+15  0.1570E-29  0.6970E-23  0.1340E-17  0.1150E-13  0.9830E-12  0.1200E-10  0.2350E-10  0.2710E-10  0.2810E-10  0.2750E-10  0.2510E-10  0.2070E-10  0.1640E-10  0.1420E-10
  0.1000E+16  0.1610E-29  0.7090E-23  0.1360E-17  0.1160E-13  0.9880E-12  0.1210E-10  0.2360E-10  0.2720E-10  0.2810E-10  0.2760E-10  0.2510E-10  0.2070E-10  0.1640E-10  0.1420E-10
  0.1000E+17  0.1940E-29  0.8300E-23  0.1540E-17  0.1260E-13  0.1040E-11  0.1230E-10  0.2390E-10  0.2750E-10  0.2830E-10  0.2780E-10  0.2530E-10  0.2080E-10  0.1650E-10  0.1430E-10
WAVELENGTH(A)= 
    89.298
 7 14 t 
excit   
     3.380      5.070      8.440     16.900     33.800     84.400    169.000    253.000    338.000    507.000    844.000   1690.000   3380.000   5070.000 
  0.1000E+11  0.2800E-40  0.3850E-30  0.4670E-22  0.4770E-16  0.4110E-13  0.1860E-11  0.5460E-11  0.7220E-11  0.7990E-11  0.8390E-11  0.8090E-11  0.7050E-11  0.5890E-11  0.5240E-11
  0.1000E+12  0.2800E-40  0.3850E-30  0.4670E-22  0.4770E-16  0.4110E-13  0.1860E-11  0.5460E-11  0.7220E-11  0.7990E-11  0.8390E-11  0.8090E-11  0.7050E-11  0.5890E-11  0.5240E-11
  0.1000E+13  0.2800E-40  0.3850E-30  0.4670E-22  0.4770E-16  0.4110E-13  0.1860E-11  0.5460E-11  0.7220E-11  0.7990E-11  0.8390E-11  0.8090E-11  0.7050E-11  0.5890E-11  0.5240E-11
  0.1000E+14  0.2800E-40  0.3850E-30  0.4670E-22  0.4770E-16  0.4110E-13  0.1860E-11  0.5460E-11  0.7220E-11  0.7990E-11  0.8390E-11  0.8090E-11  0.7050E-11  0.5890E-11  0.5240E-11
  0.1000E+15  0.2810E-40  0.3860E-30  0.4680E-22  0.4780E-16  0.4120E-13  0.1860E-11  0.5460E-11  0.7220E-11  0.7990E-11  0.8390E-11  0.8090E-11  0.7050E-11  0.5890E-11  0.5240E-11
  0.1000E+16  0.2880E-40  0.3930E-30  0.4750E-22  0.4830E-16  0.4150E-13  0.1870E-11  0.5490E-11  0.7250E-11  0.8020E-11  0.8430E-11  0.8120E-11  0.7070E-11  0.5900E-11  0.5240E-11
  0.1000E+17  0.3520E-40  0.4660E-30  0.5450E-22  0.5350E-16  0.4460E-13  0.1960E-11  0.5710E-11  0.7520E-11  0.8300E-11  0.8690E-11  0.8340E-11  0.7210E-11  0.5980E-11  0.5300E-11
WAVELENGTH(A)= 
   112.547
 7 14 t 
excit   
     3.380      5.070      8.440     16.900     33.800     84.400    169.000    253.000    338.000    507.000    844.000   1690.000   3380.000   5070.000 
  0.1000E+11  0.3980E-36  0.3170E-27  0.4020E-20  0.7960E-15  0.3150E-12  0.9130E-11  0.2340E-10  0.2950E-10  0.3180E-10  0.3260E-10  0.3080E-10  0.2640E-10  0.2150E-10  0.1900E-10
  0.1000E+12  0.3980E-36  0.3170E-27  0.4020E-20  0.7960E-15  0.3150E-12  0.9130E-11  0.2340E-10  0.2950E-10  0.3180E-10  0.3260E-10  0.3080E-10  0.2640E-10  0.2150E-10  0.1900E-10
  0.1000E+13  0.3980E-36  0.3170E-27  0.4020E-20  0.7960E-15  0.3150E-12  0.9130E-11  0.2340E-10  0.2950E-10  0.3180E-10  0.3260E-10  0.3080E-10  0.2640E-10  0.2150E-10  0.1900E-10
  0.1000E+14  0.3980E-36  0.3170E-27  0.4020E-20  0.7960E-15  0.3150E-12  0.9130E-11  0.2340E-10  0.2950E-10  0.3180E-10  0.3260E-10  0.3080E-10  0.2640E-10  0.2150E-10  0.1900E-10
  0.1000E+15  0.3990E-36  0.3180E-27  0.4020E-20  0.7960E-15  0.3150E-12  0.9130E-11  0.2340E-10  0.2950E-10  0.3180E-10  0.3260E-10  0.3080E-10  0.2640E-10  0.2150E-10  0.1900E-10
  0.1000E+16  0.4070E-36  0.3230E-27  0.4070E-20  0.8030E-15  0.3170E-12  0.9150E-11  0.2340E-10  0.2950E-10  0.3180E-10  0.3270E-10  0.3080E-10  0.2640E-10  0.2150E-10  0.1900E-10
  0.1000E+17  0.4880E-36  0.3750E-27  0.4570E-20  0.8650E-15  0.3310E-12  0.9320E-11  0.2360E-10  0.2970E-10  0.3200E-10  0.3280E-10  0.3100E-10  0.2640E-10  0.2150E-10  0.1890E-10
WAVELENGTH(A)= 
   124.823
 7 14 t 
excit   
     3.380      5.070      8.440     16.900     33.800     84.400    169.000    253.000    338.000    507.000    844.000   1690.000   3380.000   5070.000 
  0.1000E+11  0.3900E-41  0.5360E-31  0.6510E-23  0.6650E-17  0.5730E-14  0.2590E-12  0.7610E-12  0.1010E-11  0.1110E-11  0.1170E-11  0.1130E-11  0.9820E-12  0.8220E-12  0.7300E-12
  0.1000E+12  0.3900E-41  0.5360E-31  0.6510E-23  0.6650E-17  0.5730E-14  0.2590E-12  0.7610E-12  0.1010E-11  0.1110E-11  0.1170E-11  0.1130E-11  0.9820E-12  0.8220E-12  0.7300E-12
  0.1000E+13  0.3900E-41  0.5360E-31  0.6510E-23  0.6650E-17  0.5730E-14  0.2590E-12  0.7610E-12  0.1010E-11  0.1110E-11  0.1170E-11  0.1130E-11  0.9820E-12  0.8220E-12  0.7300E-12
  0.1000E+14  0.3900E-41  0.5370E-31  0.6510E-23  0.6650E-17  0.5730E-14  0.2590E-12  0.7610E-12  0.1010E-11  0.1110E-11  0.1170E-11  0.1130E-11  0.9820E-12  0.8220E-12  0.7300E-12
  0.1000E+15  0.3910E-41  0.5380E-31  0.6520E-23  0.6660E-17  0.5740E-14  0.2590E-12  0.7610E-12  0.1010E-11  0.1110E-11  0.1170E-11  0.1130E-11  0.9830E-12  0.8220E-12  0.7300E-12
  0.1000E+16  0.4010E-41  0.5490E-31  0.6630E-23  0.6740E-17  0.5790E-14  0.2610E-12  0.7650E-12  0.1010E-11  0.1120E-11  0.1170E-11  0.1130E-11  0.9850E-12  0.8230E-12  0.7310E-12
  0.1000E+17  0.4910E-41  0.6500E-31  0.7600E-23  0.7460E-17  0.6220E-14  0.2740E-12  0.7960E-12  0.1050E-11  0.1160E-11  0.1210E-11  0.1160E-11  0.1010E-11  0.8340E-12  0.7380E-12
WAVELENGTH(A)= 
   125.968
 7 14 t 
excit   
     3.380      5.070      8.440     16.900     33.800     84.400    169.000    253.000    338.000    507.000    844.000   1690.000   3380.000   5070.000 
  0.1000E+11  0.7830E-26  0.5710E-20  0.2550E-15  0.6840E-12  0.3060E-10  0.2410E-09  0.4150E-09  0.4650E-09  0.4750E-09  0.4660E-09  0.4250E-09  0.3470E-09  0.2700E-09  0.2290E-09
  0.1000E+12  0.7830E-26  0.5710E-20  0.2550E-15  0.6840E-12  0.3060E-10  0.2410E-09  0.4150E-09  0.4650E-09  0.4750E-09  0.4660E-09  0.4250E-09  0.3470E-09  0.2700E-09  0.2290E-09
  0.1000E+13  0.7830E-26  0.5710E-20  0.2550E-15  0.6840E-12  0.3060E-10  0.2410E-09  0.4150E-09  0.4650E-09  0.4750E-09  0.4660E-09  0.4250E-09  0.3470E-09  0.2700E-09  0.2290E-09
  0.1000E+14  0.7830E-26  0.5710E-20  0.2560E-15  0.6840E-12  0.3060E-10  0.2410E-09  0.4150E-09  0.4650E-09  0.4750E-09  0.4660E-09  0.4250E-09  0.3470E-09  0.2700E-09  0.2290E-09
  0.1000E+15  0.7840E-26  0.5710E-20  0.2560E-15  0.6840E-12  0.3060E-10  0.2410E-09  0.4150E-09  0.4650E-09  0.4750E-09  0.4660E-09  0.4250E-09  0.3470E-09  0.2700E-09  0.2290E-09
  0.1000E+16  0.7870E-26  0.5730E-20  0.2560E-15  0.6850E-12  0.3060E-10  0.2410E-09  0.4140E-09  0.4640E-09  0.4750E-09  0.4660E-09  0.4250E-09  0.3470E-09  0.2700E-09  0.2290E-09
  0.1000E+17  0.8180E-26  0.5910E-20  0.2630E-15  0.6940E-12  0.3050E-10  0.2380E-09  0.4080E-09  0.4580E-09  0.4690E-09  0.4610E-09  0.4220E-09  0.3460E-09  0.2700E-09  0.2300E-09
WAVELENGTH(A)= 
   140.001
 7 14 t 
excit   
     3.380      5.070      8.440     16.900     33.800     84.400    169.000    253.000    338.000    507.000    844.000   1690.000   3380.000   5070.000 
  0.1000E+11  0.1550E-41  0.4570E-31  0.9860E-23  0.1500E-16  0.1560E-13  0.7850E-12  0.2390E-11  0.3180E-11  0.3520E-11  0.3680E-11  0.3490E-11  0.2890E-11  0.2220E-11  0.1870E-11
  0.1000E+12  0.1550E-41  0.4570E-31  0.9860E-23  0.1500E-16  0.1560E-13  0.7850E-12  0.2390E-11  0.3180E-11  0.3520E-11  0.3680E-11  0.3490E-11  0.2890E-11  0.2220E-11  0.1870E-11
  0.1000E+13  0.1550E-41  0.4570E-31  0.9860E-23  0.1500E-16  0.1560E-13  0.7850E-12  0.2390E-11  0.3180E-11  0.3520E-11  0.3680E-11  0.3490E-11  0.2890E-11  0.2220E-11  0.1870E-11
  0.1000E+14  0.1550E-41  0.4560E-31  0.9850E-23  0.1500E-16  0.1560E-13  0.7850E-12  0.2390E-11  0.3180E-11  0.3520E-11  0.3680E-11  0.3490E-11  0.2890E-11  0.2220E-11  0.1870E-11
  0.1000E+15  0.1550E-41  0.4560E-31  0.9850E-23  0.1500E-16  0.1560E-13  0.7840E-12  0.2390E-11  0.3180E-11  0.3520E-11  0.3680E-11  0.3490E-11  0.2880E-11  0.2220E-11  0.1870E-11
  0.1000E+16  0.1540E-41  0.4530E-31  0.9790E-23  0.1490E-16  0.1550E-13  0.7780E-12  0.2370E-11  0.3160E-11  0.3500E-11  0.3660E-11  0.3470E-11  0.2870E-11  0.2210E-11  0.1870E-11
  0.1000E+17  0.1490E-41  0.4380E-31  0.9480E-23  0.1440E-16  0.1480E-13  0.7340E-12  0.2240E-11  0.2980E-11  0.3310E-11  0.3480E-11  0.3310E-11  0.2770E-11  0.2150E-11  0.1820E-11
WAVELENGTH(A)= 
   148.558
 7 14 t 
excit   
     3.380      5.070      8.440     16.900     33.800     84.400    169.000    253.000    338.000    507.000    844.000   1690.000   3380.000   5070.000 
  0.1000E+11  0.1000E-73  0.1000E-73  0.7520E-37  0.5240E-24  0.1170E-17  0.5900E-14  0.8380E-13  0.1870E-12  0.2700E-12  0.3710E-12  0.4490E-12  0.4860E-12  0.4850E-12  0.4760E-12
  0.1000E+12  0.1000E-73  0.1000E-73  0.7520E-37  0.5240E-24  0.1170E-17  0.5900E-14  0.8380E-13  0.1870E-12  0.2700E-12  0.3710E-12  0.4490E-12  0.4860E-12  0.4850E-12  0.4760E-12
  0.1000E+13  0.1000E-73  0.1000E-73  0.7520E-37  0.5240E-24  0.1170E-17  0.5900E-14  0.8380E-13  0.1870E-12  0.2700E-12  0.3710E-12  0.4490E-12  0.4860E-12  0.4850E-12  0.4760E-12
  0.1000E+14  0.1000E-73  0.1000E-73  0.7520E-37  0.5240E-24  0.1170E-17  0.5900E-14  0.8380E-13  0.1870E-12  0.2700E-12  0.3710E-12  0.4490E-12  0.4860E-12  0.4850E-12  0.4760E-12
  0.1000E+15  0.1000E-73  0.1000E-73  0.7520E-37  0.5240E-24  0.1170E-17  0.5890E-14  0.8380E-13  0.1870E-12  0.2700E-12  0.3710E-12  0.4490E-12  0.4860E-12  0.4850E-12  0.4760E-12
  0.1000E+16  0.1000E-73  0.1000E-73  0.7520E-37  0.5240E-24  0.1160E-17  0.5880E-14  0.8360E-13  0.1870E-12  0.2690E-12  0.3700E-12  0.4480E-12  0.4850E-12  0.4840E-12  0.4750E-12
  0.1000E+17  0.1000E-73  0.1000E-73  0.7520E-37  0.5200E-24  0.1140E-17  0.5730E-14  0.8130E-13  0.1820E-12  0.2620E-12  0.3610E-12  0.4380E-12  0.4760E-12  0.4760E-12  0.4690E-12
WAVELENGTH(A)= 
   150.218
 7 14 t 
excit   
     3.380      5.070      8.440     16.900     33.800     84.400    169.000    253.000    338.000    507.000    844.000   1690.000   3380.000   5070.000 
  0.1000E+11  0.1000E-73  0.1060E-35  0.2450E-25  0.1250E-17  0.7670E-14  0.1190E-11  0.5510E-11  0.8580E-11  0.1030E-10  0.1190E-10  0.1250E-10  0.1140E-10  0.9530E-11  0.8340E-11
  0.1000E+12  0.1000E-73  0.1060E-35  0.2450E-25  0.1250E-17  0.7670E-14  0.1190E-11  0.5510E-11  0.8580E-11  0.1030E-10  0.1190E-10  0.1250E-10  0.1140E-10  0.9530E-11  0.8340E-11
  0.1000E+13  0.1000E-73  0.1060E-35  0.2450E-25  0.1250E-17  0.7670E-14  0.1190E-11  0.5510E-11  0.8580E-11  0.1030E-10  0.1190E-10  0.1250E-10  0.1140E-10  0.9530E-11  0.8340E-11
  0.1000E+14  0.1000E-73  0.1060E-35  0.2450E-25  0.1250E-17  0.7670E-14  0.1190E-11  0.5510E-11  0.8580E-11  0.1030E-10  0.1190E-10  0.1250E-10  0.1140E-10  0.9530E-11  0.8340E-11
  0.1000E+15  0.1000E-48  0.1060E-35  0.2450E-25  0.1250E-17  0.7670E-14  0.1190E-11  0.5510E-11  0.8570E-11  0.1030E-10  0.1190E-10  0.1250E-10  0.1140E-10  0.9530E-11  0.8340E-11
  0.1000E+16  0.1040E-48  0.1060E-35  0.2450E-25  0.1250E-17  0.7660E-14  0.1190E-11  0.5490E-11  0.8550E-11  0.1030E-10  0.1190E-10  0.1250E-10  0.1140E-10  0.9510E-11  0.8330E-11
  0.1000E+17  0.1040E-48  0.1060E-35  0.2450E-25  0.1240E-17  0.7540E-14  0.1160E-11  0.5360E-11  0.8350E-11  0.1010E-10  0.1170E-10  0.1220E-10  0.1120E-10  0.9390E-11  0.8240E-11
WAVELENGTH(A)= 
   164.219
 7 14 t 
excit   
     3.380      5.070      8.440     16.900     33.800     84.400    169.000    253.000    338.000    507.000    844.000   1690.000   3380.000   5070.000 
  0.1000E+11  0.1510E-39  0.1150E-29  0.8540E-22  0.5810E-16  0.4060E-13  0.1640E-11  0.4720E-11  0.6260E-11  0.6990E-11  0.7410E-11  0.7190E-11  0.6180E-11  0.4920E-11  0.4200E-11
  0.1000E+12  0.1510E-39  0.1150E-29  0.8540E-22  0.5810E-16  0.4060E-13  0.1640E-11  0.4720E-11  0.6260E-11  0.6990E-11  0.7410E-11  0.7190E-11  0.6180E-11  0.4920E-11  0.4200E-11
  0.1000E+13  0.1510E-39  0.1150E-29  0.8540E-22  0.5810E-16  0.4060E-13  0.1640E-11  0.4720E-11  0.6260E-11  0.6990E-11  0.7410E-11  0.7190E-11  0.6180E-11  0.4920E-11  0.4200E-11
  0.1000E+14  0.1510E-39  0.1150E-29  0.8540E-22  0.5810E-16  0.4060E-13  0.1640E-11  0.4720E-11  0.6260E-11  0.6990E-11  0.7410E-11  0.7190E-11  0.6180E-11  0.4920E-11  0.4200E-11
  0.1000E+15  0.1510E-39  0.1150E-29  0.8540E-22  0.5810E-16  0.4060E-13  0.1640E-11  0.4720E-11  0.6260E-11  0.6990E-11  0.7410E-11  0.7190E-11  0.6180E-11  0.4920E-11  0.4200E-11
  0.1000E+16  0.1520E-39  0.1160E-29  0.8560E-22  0.5820E-16  0.4060E-13  0.1640E-11  0.4710E-11  0.6250E-11  0.6980E-11  0.7390E-11  0.7180E-11  0.6170E-11  0.4910E-11  0.4200E-11
  0.1000E+17  0.1580E-39  0.1200E-29  0.8770E-22  0.5900E-16  0.4070E-13  0.1620E-11  0.4630E-11  0.6140E-11  0.6860E-11  0.7270E-11  0.7070E-11  0.6100E-11  0.4880E-11  0.4170E-11
WAVELENGTH(A)= 
   175.497
 7 14 t 
excit   
     3.380      5.070      8.440     16.900     33.800     84.400    169.000    253.000    338.000    507.000    844.000   1690.000   3380.000   5070.000 
  0.1000E+11  0.3110E-37  0.2480E-28  0.3140E-21  0.6210E-16  0.2460E-13  0.7130E-12  0.1820E-11  0.2300E-11  0.2480E-11  0.2550E-11  0.2410E-11  0.2060E-11  0.1680E-11  0.1480E-11
  0.1000E+12  0.3110E-37  0.2480E-28  0.3140E-21  0.6210E-16  0.2460E-13  0.7130E-12  0.1820E-11  0.2300E-11  0.2480E-11  0.2550E-11  0.2410E-11  0.2060E-11  0.1680E-11  0.1480E-11
  0.1000E+13  0.3110E-37  0.2480E-28  0.3140E-21  0.6210E-16  0.2460E-13  0.7130E-12  0.1820E-11  0.2300E-11  0.2480E-11  0.2550E-11  0.2410E-11  0.2060E-11  0.1680E-11  0.1480E-11
  0.1000E+14  0.3110E-37  0.2480E-28  0.3140E-21  0.6210E-16  0.2460E-13  0.7130E-12  0.1820E-11  0.2300E-11  0.2480E-11  0.2550E-11  0.2410E-11  0.2060E-11  0.1680E-11  0.1480E-11
  0.1000E+15  0.3110E-37  0.2480E-28  0.3140E-21  0.6210E-16  0.2460E-13  0.7130E-12  0.1830E-11  0.2300E-11  0.2480E-11  0.2550E-11  0.2410E-11  0.2060E-11  0.1680E-11  0.1480E-11
  0.1000E+16  0.3180E-37  0.2520E-28  0.3180E-21  0.6260E-16  0.2470E-13  0.7140E-12  0.1830E-11  0.2300E-11  0.2480E-11  0.2550E-11  0.2410E-11  0.2060E-11  0.1680E-11  0.1480E-11
  0.1000E+17  0.3810E-37  0.2930E-28  0.3570E-21  0.6750E-16  0.2580E-13  0.7270E-12  0.1840E-11  0.2320E-11  0.2500E-11  0.2560E-11  0.2420E-11  0.2060E-11  0.1680E-11  0.1480E-11
WAVELENGTH(A)= 
   187.972
 7 14 t 
excit   
     3.380      5.070      8.440     16.900     33.800     84.400    169.000    253.000    338.000    507.000    844.000   1690.000   3380.000   5070.000 
  0.1000E+11  0.2190E-39  0.6530E-30  0.2290E-22  0.9140E-17  0.4950E-14  0.1690E-12  0.4570E-12  0.5830E-12  0.6310E-12  0.6450E-12  0.6030E-12  0.4960E-12  0.3830E-12  0.3250E-12
  0.1000E+12  0.2190E-39  0.6530E-30  0.2290E-22  0.9140E-17  0.4950E-14  0.1690E-12  0.4570E-12  0.5830E-12  0.6310E-12  0.6450E-12  0.6030E-12  0.4960E-12  0.3830E-12  0.3250E-12
  0.1000E+13  0.2190E-39  0.6530E-30  0.2290E-22  0.9140E-17  0.4950E-14  0.1690E-12  0.4570E-12  0.5830E-12  0.6310E-12  0.6450E-12  0.6030E-12  0.4960E-12  0.3830E-12  0.3250E-12
  0.1000E+14  0.2190E-39  0.6530E-30  0.2290E-22  0.9140E-17  0.4950E-14  0.1690E-12  0.4570E-12  0.5830E-12  0.6310E-12  0.6450E-12  0.6030E-12  0.4960E-12  0.3830E-12  0.3250E-12
  0.1000E+15  0.2190E-39  0.6530E-30  0.2290E-22  0.9150E-17  0.4950E-14  0.1690E-12  0.4570E-12  0.5830E-12  0.6310E-12  0.6450E-12  0.6030E-12  0.4960E-12  0.3830E-12  0.3250E-12
  0.1000E+16  0.2210E-39  0.6570E-30  0.2300E-22  0.9170E-17  0.4960E-14  0.1690E-12  0.4560E-12  0.5820E-12  0.6300E-12  0.6450E-12  0.6020E-12  0.4960E-12  0.3830E-12  0.3240E-12
  0.1000E+17  0.2380E-39  0.6980E-30  0.2410E-22  0.9420E-17  0.5000E-14  0.1680E-12  0.4510E-12  0.5750E-12  0.6220E-12  0.6370E-12  0.5950E-12  0.4910E-12  0.3800E-12  0.3220E-12
WAVELENGTH(A)= 
   189.843
 7 14 t 
excit   
     3.380      5.070      8.440     16.900     33.800     84.400    169.000    253.000    338.000    507.000    844.000   1690.000   3380.000   5070.000 
  0.1000E+11  0.3200E-38  0.9540E-29  0.3340E-21  0.1340E-15  0.7240E-13  0.2480E-11  0.6680E-11  0.8520E-11  0.9220E-11  0.9430E-11  0.8810E-11  0.7250E-11  0.5600E-11  0.4740E-11
  0.1000E+12  0.3200E-38  0.9540E-29  0.3340E-21  0.1340E-15  0.7240E-13  0.2480E-11  0.6680E-11  0.8520E-11  0.9220E-11  0.9430E-11  0.8810E-11  0.7250E-11  0.5600E-11  0.4740E-11
  0.1000E+13  0.3200E-38  0.9540E-29  0.3340E-21  0.1340E-15  0.7240E-13  0.2480E-11  0.6680E-11  0.8520E-11  0.9220E-11  0.9430E-11  0.8810E-11  0.7250E-11  0.5600E-11  0.4740E-11
  0.1000E+14  0.3200E-38  0.9540E-29  0.3340E-21  0.1340E-15  0.7240E-13  0.2480E-11  0.6680E-11  0.8520E-11  0.9220E-11  0.9430E-11  0.8810E-11  0.7250E-11  0.5600E-11  0.4740E-11
  0.1000E+15  0.3200E-38  0.9550E-29  0.3340E-21  0.1340E-15  0.7240E-13  0.2480E-11  0.6680E-11  0.8520E-11  0.9220E-11  0.9430E-11  0.8800E-11  0.7250E-11  0.5600E-11  0.4740E-11
  0.1000E+16  0.3230E-38  0.9600E-29  0.3360E-21  0.1340E-15  0.7240E-13  0.2470E-11  0.6670E-11  0.8510E-11  0.9210E-11  0.9420E-11  0.8790E-11  0.7250E-11  0.5590E-11  0.4740E-11
  0.1000E+17  0.3470E-38  0.1020E-28  0.3510E-21  0.1380E-15  0.7310E-13  0.2460E-11  0.6590E-11  0.8400E-11  0.9090E-11  0.9300E-11  0.8700E-11  0.7180E-11  0.5550E-11  0.4710E-11
WAVELENGTH(A)= 
   201.988
 7 14 t 
excit   
     3.380      5.070      8.440     16.900     33.800     84.400    169.000    253.000    338.000    507.000    844.000   1690.000   3380.000   5070.000 
  0.1000E+11  0.1000E-73  0.5140E-34  0.1190E-23  0.6060E-16  0.3720E-12  0.5780E-10  0.2670E-09  0.4160E-09  0.5020E-09  0.5800E-09  0.6060E-09  0.5550E-09  0.4620E-09  0.4050E-09
  0.1000E+12  0.1000E-73  0.5140E-34  0.1190E-23  0.6060E-16  0.3720E-12  0.5780E-10  0.2670E-09  0.4160E-09  0.5020E-09  0.5800E-09  0.6060E-09  0.5550E-09  0.4620E-09  0.4050E-09
  0.1000E+13  0.1000E-73  0.5140E-34  0.1190E-23  0.6060E-16  0.3720E-12  0.5780E-10  0.2670E-09  0.4160E-09  0.5020E-09  0.5800E-09  0.6060E-09  0.5550E-09  0.4620E-09  0.4050E-09
  0.1000E+14  0.1000E-73  0.5140E-34  0.1190E-23  0.6060E-16  0.3720E-12  0.5780E-10  0.2670E-09  0.4160E-09  0.5020E-09  0.5800E-09  0.6060E-09  0.5550E-09  0.4620E-09  0.4050E-09
  0.1000E+15  0.4880E-47  0.5140E-34  0.1190E-23  0.6060E-16  0.3720E-12  0.5780E-10  0.2670E-09  0.4160E-09  0.5020E-09  0.5800E-09  0.6060E-09  0.5550E-09  0.4620E-09  0.4050E-09
  0.1000E+16  0.5040E-47  0.5150E-34  0.1190E-23  0.6060E-16  0.3720E-12  0.5770E-10  0.2670E-09  0.4150E-09  0.5010E-09  0.5780E-09  0.6050E-09  0.5540E-09  0.4620E-09  0.4040E-09
  0.1000E+17  0.5070E-47  0.5160E-34  0.1190E-23  0.6030E-16  0.3660E-12  0.5630E-10  0.2600E-09  0.4050E-09  0.4890E-09  0.5660E-09  0.5930E-09  0.5450E-09  0.4560E-09  0.4000E-09
WAVELENGTH(A)= 
   202.490
 7 14 t 
excit   
     3.380      5.070      8.440     16.900     33.800     84.400    169.000    253.000    338.000    507.000    844.000   1690.000   3380.000   5070.000 
  0.1000E+11  0.1000E-73  0.1000E-73  0.1610E-43  0.9270E-27  0.1800E-18  0.1320E-13  0.4590E-12  0.1380E-11  0.2300E-11  0.3660E-11  0.4920E-11  0.5460E-11  0.5030E-11  0.4560E-11
  0.1000E+12  0.1000E-73  0.1000E-73  0.1770E-43  0.9270E-27  0.1800E-18  0.1320E-13  0.4590E-12  0.1380E-11  0.2300E-11  0.3660E-11  0.4920E-11  0.5460E-11  0.5030E-11  0.4560E-11
  0.1000E+13  0.1000E-73  0.1000E-73  0.1740E-43  0.9270E-27  0.1800E-18  0.1320E-13  0.4590E-12  0.1380E-11  0.2300E-11  0.3660E-11  0.4920E-11  0.5460E-11  0.5030E-11  0.4560E-11
  0.1000E+14  0.1000E-73  0.1000E-73  0.1740E-43  0.9270E-27  0.1800E-18  0.1320E-13  0.4590E-12  0.1380E-11  0.2300E-11  0.3660E-11  0.4920E-11  0.5460E-11  0.5030E-11  0.4560E-11
  0.1000E+15  0.1000E-73  0.1000E-73  0.1740E-43  0.9270E-27  0.1800E-18  0.1320E-13  0.4590E-12  0.1380E-11  0.2300E-11  0.3660E-11  0.4920E-11  0.5450E-11  0.5030E-11  0.4560E-11
  0.1000E+16  0.1000E-73  0.1000E-73  0.1740E-43  0.9260E-27  0.1800E-18  0.1320E-13  0.4580E-12  0.1380E-11  0.2300E-11  0.3660E-11  0.4910E-11  0.5440E-11  0.5020E-11  0.4560E-11
  0.1000E+17  0.1000E-73  0.1000E-73  0.1740E-43  0.9240E-27  0.1770E-18  0.1290E-13  0.4460E-12  0.1340E-11  0.2240E-11  0.3570E-11  0.4810E-11  0.5350E-11  0.4950E-11  0.4500E-11
WAVELENGTH(A)= 
   202.675
 7 14 t 
excit   
     3.380      5.070      8.440     16.900     33.800     84.400    169.000    253.000    338.000    507.000    844.000   1690.000   3380.000   5070.000 
  0.1000E+11  0.1000E-73  0.1000E-73  0.3530E-35  0.2460E-22  0.5470E-16  0.2770E-12  0.3930E-11  0.8800E-11  0.1270E-10  0.1740E-10  0.2110E-10  0.2280E-10  0.2270E-10  0.2240E-10
  0.1000E+12  0.1000E-73  0.1000E-73  0.3530E-35  0.2460E-22  0.5470E-16  0.2770E-12  0.3930E-11  0.8800E-11  0.1270E-10  0.1740E-10  0.2110E-10  0.2280E-10  0.2270E-10  0.2240E-10
  0.1000E+13  0.1000E-73  0.1000E-73  0.3530E-35  0.2460E-22  0.5470E-16  0.2770E-12  0.3930E-11  0.8800E-11  0.1270E-10  0.1740E-10  0.2110E-10  0.2280E-10  0.2270E-10  0.2240E-10
  0.1000E+14  0.1000E-73  0.1000E-73  0.3530E-35  0.2460E-22  0.5470E-16  0.2770E-12  0.3930E-11  0.8800E-11  0.1270E-10  0.1740E-10  0.2110E-10  0.2280E-10  0.2270E-10  0.2240E-10
  0.1000E+15  0.1000E-73  0.1000E-73  0.3530E-35  0.2460E-22  0.5470E-16  0.2770E-12  0.3930E-11  0.8800E-11  0.1270E-10  0.1740E-10  0.2110E-10  0.2280E-10  0.2270E-10  0.2230E-10
  0.1000E+16  0.1000E-73  0.1000E-73  0.3530E-35  0.2460E-22  0.5460E-16  0.2760E-12  0.3920E-11  0.8770E-11  0.1260E-10  0.1740E-10  0.2100E-10  0.2280E-10  0.2270E-10  0.2230E-10
  0.1000E+17  0.1000E-73  0.1000E-73  0.3530E-35  0.2440E-22  0.5370E-16  0.2690E-12  0.3810E-11  0.8540E-11  0.1230E-10  0.1690E-10  0.2060E-10  0.2240E-10  0.2240E-10  0.2200E-10
WAVELENGTH(A)= 
   208.166
 7 14 t 
excit   
     3.380      5.070      8.440     16.900     33.800     84.400    169.000    253.000    338.000    507.000    844.000   1690.000   3380.000   5070.000 
  0.1000E+11  0.1000E-73  0.1000E-73  0.9790E-40  0.2320E-25  0.3000E-18  0.4330E-14  0.8700E-13  0.2180E-12  0.3310E-12  0.4760E-12  0.5870E-12  0.6010E-12  0.5250E-12  0.4650E-12
  0.1000E+12  0.1000E-73  0.1000E-73  0.9790E-40  0.2320E-25  0.3000E-18  0.4330E-14  0.8700E-13  0.2180E-12  0.3310E-12  0.4760E-12  0.5870E-12  0.6010E-12  0.5250E-12  0.4650E-12
  0.1000E+13  0.1000E-73  0.1000E-73  0.9790E-40  0.2320E-25  0.3000E-18  0.4330E-14  0.8700E-13  0.2180E-12  0.3310E-12  0.4760E-12  0.5870E-12  0.6010E-12  0.5250E-12  0.4650E-12
  0.1000E+14  0.1000E-73  0.1000E-73  0.9790E-40  0.2320E-25  0.3000E-18  0.4330E-14  0.8700E-13  0.2180E-12  0.3310E-12  0.4760E-12  0.5870E-12  0.6010E-12  0.5250E-12  0.4650E-12
  0.1000E+15  0.1000E-73  0.1000E-73  0.9790E-40  0.2320E-25  0.3000E-18  0.4320E-14  0.8700E-13  0.2180E-12  0.3310E-12  0.4760E-12  0.5870E-12  0.6010E-12  0.5250E-12  0.4650E-12
  0.1000E+16  0.1000E-73  0.1000E-73  0.9800E-40  0.2320E-25  0.2990E-18  0.4310E-14  0.8680E-13  0.2170E-12  0.3300E-12  0.4750E-12  0.5860E-12  0.6000E-12  0.5240E-12  0.4640E-12
  0.1000E+17  0.1000E-73  0.1000E-73  0.9870E-40  0.2320E-25  0.2960E-18  0.4220E-14  0.8470E-13  0.2120E-12  0.3220E-12  0.4640E-12  0.5740E-12  0.5900E-12  0.5170E-12  0.4590E-12
WAVELENGTH(A)= 
   208.356
 7 14 t 
excit   
     3.380      5.070      8.440     16.900     33.800     84.400    169.000    253.000    338.000    507.000    844.000   1690.000   3380.000   5070.000 
  0.1000E+11  0.1000E-73  0.4720E-40  0.1210E-27  0.2250E-18  0.9390E-14  0.4900E-11  0.3420E-10  0.6100E-10  0.7900E-10  0.9800E-10  0.1100E-09  0.1080E-09  0.9780E-10  0.8990E-10
  0.1000E+12  0.1000E-73  0.4720E-40  0.1210E-27  0.2250E-18  0.9390E-14  0.4900E-11  0.3420E-10  0.6100E-10  0.7900E-10  0.9800E-10  0.1100E-09  0.1080E-09  0.9780E-10  0.8990E-10
  0.1000E+13  0.1000E-73  0.4720E-40  0.1210E-27  0.2250E-18  0.9390E-14  0.4900E-11  0.3420E-10  0.6100E-10  0.7900E-10  0.9800E-10  0.1100E-09  0.1080E-09  0.9780E-10  0.8990E-10
  0.1000E+14  0.1000E-73  0.4720E-40  0.1210E-27  0.2250E-18  0.9390E-14  0.4900E-11  0.3420E-10  0.6100E-10  0.7900E-10  0.9800E-10  0.1100E-09  0.1080E-09  0.9780E-10  0.8990E-10
  0.1000E+15  0.1000E-73  0.4720E-40  0.1210E-27  0.2250E-18  0.9380E-14  0.4900E-11  0.3420E-10  0.6100E-10  0.7900E-10  0.9800E-10  0.1100E-09  0.1080E-09  0.9780E-10  0.8990E-10
  0.1000E+16  0.1000E-73  0.4740E-40  0.1210E-27  0.2260E-18  0.9380E-14  0.4890E-11  0.3410E-10  0.6090E-10  0.7880E-10  0.9780E-10  0.1090E-09  0.1080E-09  0.9760E-10  0.8980E-10
  0.1000E+17  0.1000E-73  0.4890E-40  0.1240E-27  0.2280E-18  0.9330E-14  0.4800E-11  0.3340E-10  0.5960E-10  0.7720E-10  0.9590E-10  0.1070E-09  0.1070E-09  0.9640E-10  0.8880E-10
WAVELENGTH(A)= 
   210.464
 7 14 t 
excit   
     3.380      5.070      8.440     16.900     33.800     84.400    169.000    253.000    338.000    507.000    844.000   1690.000   3380.000   5070.000 
  0.1000E+11  0.5610E-20  0.8270E-16  0.1630E-12  0.4130E-10  0.5680E-09  0.2260E-08  0.3060E-08  0.3170E-08  0.3110E-08  0.2870E-08  0.2490E-08  0.1940E-08  0.1460E-08  0.1220E-08
  0.1000E+12  0.5610E-20  0.8270E-16  0.1630E-12  0.4130E-10  0.5680E-09  0.2260E-08  0.3060E-08  0.3170E-08  0.3110E-08  0.2870E-08  0.2490E-08  0.1940E-08  0.1460E-08  0.1220E-08
  0.1000E+13  0.5610E-20  0.8270E-16  0.1630E-12  0.4130E-10  0.5680E-09  0.2260E-08  0.3060E-08  0.3170E-08  0.3110E-08  0.2870E-08  0.2490E-08  0.1940E-08  0.1460E-08  0.1220E-08
  0.1000E+14  0.5610E-20  0.8270E-16  0.1630E-12  0.4140E-10  0.5680E-09  0.2260E-08  0.3060E-08  0.3170E-08  0.3110E-08  0.2870E-08  0.2490E-08  0.1940E-08  0.1460E-08  0.1220E-08
  0.1000E+15  0.5630E-20  0.8290E-16  0.1630E-12  0.4140E-10  0.5680E-09  0.2260E-08  0.3070E-08  0.3170E-08  0.3110E-08  0.2870E-08  0.2490E-08  0.1950E-08  0.1460E-08  0.1220E-08
  0.1000E+16  0.5780E-20  0.8480E-16  0.1660E-12  0.4190E-10  0.5730E-09  0.2280E-08  0.3080E-08  0.3190E-08  0.3120E-08  0.2890E-08  0.2500E-08  0.1960E-08  0.1470E-08  0.1230E-08
  0.1000E+17  0.7310E-20  0.1030E-15  0.1950E-12  0.4710E-10  0.6230E-09  0.2410E-08  0.3250E-08  0.3350E-08  0.3280E-08  0.3040E-08  0.2630E-08  0.2050E-08  0.1540E-08  0.1290E-08
WAVELENGTH(A)= 
   212.135
 7 14 t 
excit   
     3.380      5.070      8.440     16.900     33.800     84.400    169.000    253.000    338.000    507.000    844.000   1690.000   3380.000   5070.000 
  0.1000E+11  0.2020E-32  0.1080E-24  0.1520E-18  0.5600E-14  0.9940E-12  0.1910E-10  0.4380E-10  0.5350E-10  0.5700E-10  0.5760E-10  0.5340E-10  0.4380E-10  0.3380E-10  0.2870E-10
  0.1000E+12  0.2100E-32  0.1090E-24  0.1520E-18  0.5600E-14  0.9940E-12  0.1910E-10  0.4380E-10  0.5350E-10  0.5700E-10  0.5760E-10  0.5340E-10  0.4380E-10  0.3380E-10  0.2870E-10
  0.1000E+13  0.2890E-32  0.1120E-24  0.1530E-18  0.5610E-14  0.9940E-12  0.1910E-10  0.4380E-10  0.5350E-10  0.5700E-10  0.5760E-10  0.5340E-10  0.4380E-10  0.3380E-10  0.2870E-10
  0.1000E+14  0.1090E-31  0.1430E-24  0.1580E-18  0.5640E-14  0.9960E-12  0.1910E-10  0.4380E-10  0.5350E-10  0.5700E-10  0.5760E-10  0.5340E-10  0.4380E-10  0.3390E-10  0.2870E-10
  0.1000E+15  0.9060E-31  0.4510E-24  0.2060E-18  0.5920E-14  0.1010E-11  0.1930E-10  0.4400E-10  0.5380E-10  0.5720E-10  0.5780E-10  0.5350E-10  0.4390E-10  0.3390E-10  0.2880E-10
  0.1000E+16  0.8890E-30  0.3540E-23  0.6880E-18  0.8800E-14  0.1180E-11  0.2060E-10  0.4620E-10  0.5600E-10  0.5940E-10  0.5970E-10  0.5500E-10  0.4490E-10  0.3460E-10  0.2920E-10
  0.1000E+17  0.8990E-29  0.3470E-22  0.5550E-17  0.3760E-13  0.2860E-11  0.3420E-10  0.6720E-10  0.7780E-10  0.8050E-10  0.7840E-10  0.6990E-10  0.5490E-10  0.4080E-10  0.3390E-10
WAVELENGTH(A)= 
   214.522
 7 14 t 
excit   
     3.380      5.070      8.440     16.900     33.800     84.400    169.000    253.000    338.000    507.000    844.000   1690.000   3380.000   5070.000 
  0.1000E+11  0.1520E-28  0.6740E-22  0.1300E-16  0.1110E-12  0.9530E-11  0.1170E-09  0.2280E-09  0.2630E-09  0.2720E-09  0.2670E-09  0.2430E-09  0.2000E-09  0.1590E-09  0.1380E-09
  0.1000E+12  0.1520E-28  0.6740E-22  0.1300E-16  0.1110E-12  0.9530E-11  0.1170E-09  0.2280E-09  0.2630E-09  0.2720E-09  0.2670E-09  0.2430E-09  0.2000E-09  0.1590E-09  0.1380E-09
  0.1000E+13  0.1520E-28  0.6740E-22  0.1300E-16  0.1110E-12  0.9530E-11  0.1170E-09  0.2280E-09  0.2630E-09  0.2720E-09  0.2670E-09  0.2430E-09  0.2000E-09  0.1590E-09  0.1380E-09
  0.1000E+14  0.1520E-28  0.6750E-22  0.1300E-16  0.1110E-12  0.9530E-11  0.1170E-09  0.2280E-09  0.2630E-09  0.2720E-09  0.2670E-09  0.2430E-09  0.2000E-09  0.1590E-09  0.1380E-09
  0.1000E+15  0.1520E-28  0.6760E-22  0.1300E-16  0.1110E-12  0.9530E-11  0.1170E-09  0.2280E-09  0.2630E-09  0.2720E-09  0.2670E-09  0.2430E-09  0.2000E-09  0.1590E-09  0.1380E-09
  0.1000E+16  0.1560E-28  0.6880E-22  0.1320E-16  0.1120E-12  0.9580E-11  0.1170E-09  0.2280E-09  0.2630E-09  0.2720E-09  0.2670E-09  0.2430E-09  0.2000E-09  0.1590E-09  0.1380E-09
  0.1000E+17  0.1880E-28  0.8050E-22  0.1500E-16  0.1220E-12  0.1010E-10  0.1200E-09  0.2310E-09  0.2660E-09  0.2750E-09  0.2690E-09  0.2450E-09  0.2010E-09  0.1600E-09  0.1390E-09
WAVELENGTH(A)= 
   222.613
 7 14 t 
excit   
     3.380      5.070      8.440     16.900     33.800     84.400    169.000    253.000    338.000    507.000    844.000   1690.000   3380.000   5070.000 
  0.1000E+11  0.1870E-40  0.2560E-30  0.3110E-22  0.3180E-16  0.2740E-13  0.1240E-11  0.3640E-11  0.4810E-11  0.5320E-11  0.5590E-11  0.5390E-11  0.4700E-11  0.3930E-11  0.3490E-11
  0.1000E+12  0.1870E-40  0.2560E-30  0.3110E-22  0.3180E-16  0.2740E-13  0.1240E-11  0.3640E-11  0.4810E-11  0.5320E-11  0.5590E-11  0.5390E-11  0.4700E-11  0.3930E-11  0.3490E-11
  0.1000E+13  0.1870E-40  0.2560E-30  0.3110E-22  0.3180E-16  0.2740E-13  0.1240E-11  0.3640E-11  0.4810E-11  0.5320E-11  0.5590E-11  0.5390E-11  0.4700E-11  0.3930E-11  0.3490E-11
  0.1000E+14  0.1870E-40  0.2560E-30  0.3110E-22  0.3180E-16  0.2740E-13  0.1240E-11  0.3640E-11  0.4810E-11  0.5320E-11  0.5590E-11  0.5390E-11  0.4700E-11  0.3930E-11  0.3490E-11
  0.1000E+15  0.1870E-40  0.2570E-30  0.3120E-22  0.3180E-16  0.2740E-13  0.1240E-11  0.3640E-11  0.4810E-11  0.5320E-11  0.5590E-11  0.5390E-11  0.4700E-11  0.3930E-11  0.3490E-11
  0.1000E+16  0.1920E-40  0.2620E-30  0.3170E-22  0.3220E-16  0.2770E-13  0.1250E-11  0.3660E-11  0.4830E-11  0.5350E-11  0.5610E-11  0.5410E-11  0.4710E-11  0.3930E-11  0.3490E-11
  0.1000E+17  0.2340E-40  0.3110E-30  0.3640E-22  0.3560E-16  0.2970E-13  0.1310E-11  0.3810E-11  0.5010E-11  0.5530E-11  0.5790E-11  0.5560E-11  0.4810E-11  0.3990E-11  0.3530E-11
WAVELENGTH(A)= 
   289.034
 7 14 t 
excit   
     3.380      5.070      8.440     16.900     33.800     84.400    169.000    253.000    338.000    507.000    844.000   1690.000   3380.000   5070.000 
  0.1000E+11  0.8310E-35  0.2540E-26  0.1430E-19  0.1420E-14  0.3820E-12  0.8700E-11  0.2090E-10  0.2610E-10  0.2830E-10  0.2910E-10  0.2770E-10  0.2340E-10  0.1840E-10  0.1580E-10
  0.1000E+12  0.8310E-35  0.2540E-26  0.1430E-19  0.1420E-14  0.3820E-12  0.8700E-11  0.2090E-10  0.2610E-10  0.2830E-10  0.2910E-10  0.2770E-10  0.2340E-10  0.1840E-10  0.1580E-10
  0.1000E+13  0.8310E-35  0.2540E-26  0.1430E-19  0.1420E-14  0.3820E-12  0.8700E-11  0.2090E-10  0.2610E-10  0.2830E-10  0.2910E-10  0.2770E-10  0.2340E-10  0.1840E-10  0.1580E-10
  0.1000E+14  0.8310E-35  0.2540E-26  0.1430E-19  0.1420E-14  0.3820E-12  0.8700E-11  0.2090E-10  0.2610E-10  0.2830E-10  0.2910E-10  0.2770E-10  0.2340E-10  0.1840E-10  0.1580E-10
  0.1000E+15  0.8310E-35  0.2540E-26  0.1430E-19  0.1420E-14  0.3820E-12  0.8690E-11  0.2090E-10  0.2610E-10  0.2820E-10  0.2910E-10  0.2770E-10  0.2340E-10  0.1840E-10  0.1580E-10
  0.1000E+16  0.8340E-35  0.2550E-26  0.1430E-19  0.1420E-14  0.3820E-12  0.8680E-11  0.2090E-10  0.2610E-10  0.2820E-10  0.2910E-10  0.2770E-10  0.2340E-10  0.1840E-10  0.1570E-10
  0.1000E+17  0.8630E-35  0.2620E-26  0.1460E-19  0.1440E-14  0.3800E-12  0.8560E-11  0.2050E-10  0.2570E-10  0.2780E-10  0.2870E-10  0.2730E-10  0.2320E-10  0.1830E-10  0.1570E-10
WAVELENGTH(A)= 
   306.824
 7 14 t 
excit   
     3.380      5.070      8.440     16.900     33.800     84.400    169.000    253.000    338.000    507.000    844.000   1690.000   3380.000   5070.000 
  0.1000E+11  0.1320E-11  0.5850E-10  0.1110E-08  0.8850E-08  0.2230E-07  0.3430E-07  0.3630E-07  0.3530E-07  0.3430E-07  0.3200E-07  0.2870E-07  0.2410E-07  0.1970E-07  0.1740E-07
  0.1000E+12  0.1320E-11  0.5850E-10  0.1110E-08  0.8850E-08  0.2230E-07  0.3430E-07  0.3630E-07  0.3530E-07  0.3430E-07  0.3200E-07  0.2870E-07  0.2410E-07  0.1970E-07  0.1740E-07
  0.1000E+13  0.1320E-11  0.5850E-10  0.1110E-08  0.8850E-08  0.2230E-07  0.3430E-07  0.3630E-07  0.3530E-07  0.3430E-07  0.3200E-07  0.2870E-07  0.2410E-07  0.1970E-07  0.1740E-07
  0.1000E+14  0.1320E-11  0.5850E-10  0.1110E-08  0.8850E-08  0.2230E-07  0.3430E-07  0.3630E-07  0.3530E-07  0.3430E-07  0.3200E-07  0.2870E-07  0.2410E-07  0.1970E-07  0.1740E-07
  0.1000E+15  0.1320E-11  0.5850E-10  0.1110E-08  0.8850E-08  0.2230E-07  0.3430E-07  0.3630E-07  0.3520E-07  0.3430E-07  0.3200E-07  0.2870E-07  0.2410E-07  0.1970E-07  0.1740E-07
  0.1000E+16  0.1320E-11  0.5840E-10  0.1110E-08  0.8840E-08  0.2220E-07  0.3420E-07  0.3620E-07  0.3510E-07  0.3420E-07  0.3190E-07  0.2860E-07  0.2400E-07  0.1960E-07  0.1730E-07
  0.1000E+17  0.1310E-11  0.5780E-10  0.1100E-08  0.8720E-08  0.2170E-07  0.3320E-07  0.3510E-07  0.3410E-07  0.3320E-07  0.3110E-07  0.2790E-07  0.2360E-07  0.1930E-07  0.1710E-07
WAVELENGTH(A)= 
   309.271
 7 14 t 
excit   
     3.380      5.070      8.440     16.900     33.800     84.400    169.000    253.000    338.000    507.000    844.000   1690.000   3380.000   5070.000 
  0.1000E+11  0.1000E-73  0.2090E-43  0.1080E-29  0.2000E-19  0.2300E-14  0.1970E-11  0.1570E-10  0.2940E-10  0.3890E-10  0.4950E-10  0.5650E-10  0.5600E-10  0.4890E-10  0.4350E-10
  0.1000E+12  0.1000E-73  0.1780E-43  0.1080E-29  0.2000E-19  0.2300E-14  0.1970E-11  0.1570E-10  0.2940E-10  0.3890E-10  0.4950E-10  0.5650E-10  0.5600E-10  0.4890E-10  0.4350E-10
  0.1000E+13  0.1000E-73  0.1800E-43  0.1080E-29  0.2000E-19  0.2300E-14  0.1970E-11  0.1570E-10  0.2940E-10  0.3890E-10  0.4950E-10  0.5650E-10  0.5600E-10  0.4890E-10  0.4350E-10
  0.1000E+14  0.1000E-73  0.1800E-43  0.1080E-29  0.2000E-19  0.2300E-14  0.1970E-11  0.1570E-10  0.2940E-10  0.3890E-10  0.4950E-10  0.5650E-10  0.5600E-10  0.4890E-10  0.4350E-10
  0.1000E+15  0.1000E-73  0.1800E-43  0.1080E-29  0.2000E-19  0.2300E-14  0.1970E-11  0.1570E-10  0.2940E-10  0.3890E-10  0.4950E-10  0.5640E-10  0.5600E-10  0.4890E-10  0.4350E-10
  0.1000E+16  0.1000E-73  0.1800E-43  0.1080E-29  0.2000E-19  0.2290E-14  0.1960E-11  0.1570E-10  0.2930E-10  0.3880E-10  0.4930E-10  0.5630E-10  0.5590E-10  0.4880E-10  0.4340E-10
  0.1000E+17  0.1000E-73  0.1800E-43  0.1080E-29  0.1990E-19  0.2260E-14  0.1910E-11  0.1530E-10  0.2850E-10  0.3780E-10  0.4820E-10  0.5510E-10  0.5490E-10  0.4810E-10  0.4290E-10
WAVELENGTH(A)= 
   458.961
 7 14 t 
excit   
     3.380      5.070      8.440     16.900     33.800     84.400    169.000    253.000    338.000    507.000    844.000   1690.000   3380.000   5070.000 
  0.1000E+11  0.3330E-36  0.2660E-27  0.3360E-20  0.6660E-15  0.2640E-12  0.7650E-11  0.1960E-10  0.2470E-10  0.2660E-10  0.2730E-10  0.2580E-10  0.2210E-10  0.1800E-10  0.1590E-10
  0.1000E+12  0.3330E-36  0.2660E-27  0.3360E-20  0.6660E-15  0.2640E-12  0.7650E-11  0.1960E-10  0.2470E-10  0.2660E-10  0.2730E-10  0.2580E-10  0.2210E-10  0.1800E-10  0.1590E-10
  0.1000E+13  0.3330E-36  0.2660E-27  0.3360E-20  0.6660E-15  0.2640E-12  0.7650E-11  0.1960E-10  0.2470E-10  0.2660E-10  0.2730E-10  0.2580E-10  0.2210E-10  0.1800E-10  0.1590E-10
  0.1000E+14  0.3330E-36  0.2660E-27  0.3360E-20  0.6660E-15  0.2640E-12  0.7650E-11  0.1960E-10  0.2470E-10  0.2660E-10  0.2730E-10  0.2580E-10  0.2210E-10  0.1800E-10  0.1590E-10
  0.1000E+15  0.3340E-36  0.2660E-27  0.3370E-20  0.6670E-15  0.2640E-12  0.7650E-11  0.1960E-10  0.2470E-10  0.2660E-10  0.2730E-10  0.2580E-10  0.2210E-10  0.1800E-10  0.1590E-10
  0.1000E+16  0.3410E-36  0.2710E-27  0.3410E-20  0.6720E-15  0.2650E-12  0.7660E-11  0.1960E-10  0.2470E-10  0.2660E-10  0.2730E-10  0.2580E-10  0.2210E-10  0.1800E-10  0.1590E-10
  0.1000E+17  0.4080E-36  0.3140E-27  0.3830E-20  0.7250E-15  0.2770E-12  0.7800E-11  0.1980E-10  0.2490E-10  0.2680E-10  0.2750E-10  0.2590E-10  0.2210E-10  0.1800E-10  0.1590E-10
WAVELENGTH(A)= 
   489.035
 7 14 t 
excit   
     3.380      5.070      8.440     16.900     33.800     84.400    169.000    253.000    338.000    507.000    844.000   1690.000   3380.000   5070.000 
  0.1000E+11  0.5140E-32  0.2770E-24  0.3890E-18  0.1400E-13  0.2320E-11  0.4050E-10  0.8780E-10  0.1040E-09  0.1090E-09  0.1080E-09  0.9800E-10  0.7880E-10  0.6030E-10  0.5100E-10
  0.1000E+12  0.5140E-32  0.2770E-24  0.3890E-18  0.1400E-13  0.2320E-11  0.4050E-10  0.8780E-10  0.1040E-09  0.1090E-09  0.1080E-09  0.9800E-10  0.7880E-10  0.6030E-10  0.5100E-10
  0.1000E+13  0.5140E-32  0.2770E-24  0.3890E-18  0.1400E-13  0.2320E-11  0.4050E-10  0.8780E-10  0.1040E-09  0.1090E-09  0.1080E-09  0.9800E-10  0.7880E-10  0.6030E-10  0.5100E-10
  0.1000E+14  0.5140E-32  0.2770E-24  0.3890E-18  0.1400E-13  0.2320E-11  0.4050E-10  0.8780E-10  0.1040E-09  0.1090E-09  0.1080E-09  0.9800E-10  0.7880E-10  0.6030E-10  0.5100E-10
  0.1000E+15  0.5150E-32  0.2780E-24  0.3900E-18  0.1400E-13  0.2320E-11  0.4050E-10  0.8780E-10  0.1040E-09  0.1090E-09  0.1080E-09  0.9800E-10  0.7880E-10  0.6030E-10  0.5100E-10
  0.1000E+16  0.5220E-32  0.2810E-24  0.3930E-18  0.1410E-13  0.2330E-11  0.4060E-10  0.8790E-10  0.1040E-09  0.1090E-09  0.1080E-09  0.9800E-10  0.7880E-10  0.6030E-10  0.5100E-10
  0.1000E+17  0.5970E-32  0.3140E-24  0.4290E-18  0.1490E-13  0.2410E-11  0.4110E-10  0.8840E-10  0.1050E-09  0.1100E-09  0.1080E-09  0.9830E-10  0.7890E-10  0.6040E-10  0.5100E-10
WAVELENGTH(A)= 
   501.910
 7 14 t 
excit   
     3.380      5.070      8.440     16.900     33.800     84.400    169.000    253.000    338.000    507.000    844.000   1690.000   3380.000   5070.000 
  0.1000E+11  0.2010E-32  0.1080E-24  0.1520E-18  0.5460E-14  0.9070E-12  0.1580E-10  0.3430E-10  0.4080E-10  0.4270E-10  0.4220E-10  0.3830E-10  0.3080E-10  0.2350E-10  0.1990E-10
  0.1000E+12  0.2010E-32  0.1080E-24  0.1520E-18  0.5460E-14  0.9070E-12  0.1580E-10  0.3430E-10  0.4080E-10  0.4270E-10  0.4220E-10  0.3830E-10  0.3080E-10  0.2350E-10  0.1990E-10
  0.1000E+13  0.2010E-32  0.1080E-24  0.1520E-18  0.5460E-14  0.9070E-12  0.1580E-10  0.3430E-10  0.4080E-10  0.4270E-10  0.4220E-10  0.3830E-10  0.3080E-10  0.2350E-10  0.1990E-10
  0.1000E+14  0.2010E-32  0.1080E-24  0.1520E-18  0.5460E-14  0.9070E-12  0.1580E-10  0.3430E-10  0.4080E-10  0.4270E-10  0.4220E-10  0.3830E-10  0.3080E-10  0.2350E-10  0.1990E-10
  0.1000E+15  0.2010E-32  0.1090E-24  0.1520E-18  0.5460E-14  0.9070E-12  0.1580E-10  0.3430E-10  0.4080E-10  0.4270E-10  0.4220E-10  0.3830E-10  0.3080E-10  0.2350E-10  0.1990E-10
  0.1000E+16  0.2040E-32  0.1100E-24  0.1540E-18  0.5490E-14  0.9100E-12  0.1590E-10  0.3430E-10  0.4080E-10  0.4270E-10  0.4220E-10  0.3830E-10  0.3080E-10  0.2360E-10  0.1990E-10
  0.1000E+17  0.2330E-32  0.1230E-24  0.1680E-18  0.5820E-14  0.9410E-12  0.1610E-10  0.3460E-10  0.4100E-10  0.4290E-10  0.4230E-10  0.3840E-10  0.3080E-10  0.2360E-10  0.1990E-10
WAVELENGTH(A)= 
   535.977
 7 14 t 
excit   
     3.380      5.070      8.440     16.900     33.800     84.400    169.000    253.000    338.000    507.000    844.000   1690.000   3380.000   5070.000 
  0.1000E+11  0.1200E-39  0.9160E-30  0.6770E-22  0.4610E-16  0.3220E-13  0.1300E-11  0.3740E-11  0.4970E-11  0.5550E-11  0.5880E-11  0.5700E-11  0.4900E-11  0.3900E-11  0.3330E-11
  0.1000E+12  0.1200E-39  0.9160E-30  0.6770E-22  0.4610E-16  0.3220E-13  0.1300E-11  0.3740E-11  0.4970E-11  0.5550E-11  0.5880E-11  0.5700E-11  0.4900E-11  0.3900E-11  0.3330E-11
  0.1000E+13  0.1200E-39  0.9160E-30  0.6770E-22  0.4610E-16  0.3220E-13  0.1300E-11  0.3740E-11  0.4970E-11  0.5550E-11  0.5880E-11  0.5700E-11  0.4900E-11  0.3900E-11  0.3330E-11
  0.1000E+14  0.1200E-39  0.9160E-30  0.6770E-22  0.4610E-16  0.3220E-13  0.1300E-11  0.3740E-11  0.4970E-11  0.5550E-11  0.5880E-11  0.5700E-11  0.4900E-11  0.3900E-11  0.3330E-11
  0.1000E+15  0.1200E-39  0.9160E-30  0.6770E-22  0.4610E-16  0.3220E-13  0.1300E-11  0.3740E-11  0.4960E-11  0.5550E-11  0.5880E-11  0.5700E-11  0.4900E-11  0.3900E-11  0.3330E-11
  0.1000E+16  0.1210E-39  0.9190E-30  0.6790E-22  0.4620E-16  0.3220E-13  0.1300E-11  0.3740E-11  0.4950E-11  0.5540E-11  0.5870E-11  0.5690E-11  0.4890E-11  0.3900E-11  0.3330E-11
  0.1000E+17  0.1260E-39  0.9500E-30  0.6960E-22  0.4680E-16  0.3230E-13  0.1280E-11  0.3670E-11  0.4870E-11  0.5440E-11  0.5770E-11  0.5610E-11  0.4840E-11  0.3870E-11  0.3310E-11
WAVELENGTH(A)= 
   678.228
 7 14 t 
excit   
     3.380      5.070      8.440     16.900     33.800     84.400    169.000    253.000    338.000    507.000    844.000   1690.000   3380.000   5070.000 
  0.1000E+11  0.1800E-29  0.7980E-23  0.1540E-17  0.1310E-13  0.1130E-11  0.1380E-10  0.2700E-10  0.3110E-10  0.3220E-10  0.3160E-10  0.2880E-10  0.2370E-10  0.1880E-10  0.1630E-10
  0.1000E+12  0.1800E-29  0.7980E-23  0.1540E-17  0.1310E-13  0.1130E-11  0.1380E-10  0.2700E-10  0.3110E-10  0.3220E-10  0.3160E-10  0.2880E-10  0.2370E-10  0.1880E-10  0.1630E-10
  0.1000E+13  0.1800E-29  0.7980E-23  0.1540E-17  0.1310E-13  0.1130E-11  0.1380E-10  0.2700E-10  0.3110E-10  0.3220E-10  0.3160E-10  0.2880E-10  0.2370E-10  0.1880E-10  0.1630E-10
  0.1000E+14  0.1800E-29  0.7980E-23  0.1540E-17  0.1310E-13  0.1130E-11  0.1380E-10  0.2700E-10  0.3110E-10  0.3220E-10  0.3160E-10  0.2880E-10  0.2370E-10  0.1880E-10  0.1630E-10
  0.1000E+15  0.1800E-29  0.8000E-23  0.1540E-17  0.1310E-13  0.1130E-11  0.1380E-10  0.2700E-10  0.3110E-10  0.3220E-10  0.3160E-10  0.2880E-10  0.2370E-10  0.1880E-10  0.1630E-10
  0.1000E+16  0.1840E-29  0.8140E-23  0.1560E-17  0.1330E-13  0.1130E-11  0.1390E-10  0.2700E-10  0.3120E-10  0.3220E-10  0.3160E-10  0.2880E-10  0.2370E-10  0.1880E-10  0.1630E-10
  0.1000E+17  0.2220E-29  0.9520E-23  0.1770E-17  0.1440E-13  0.1190E-11  0.1420E-10  0.2740E-10  0.3150E-10  0.3250E-10  0.3190E-10  0.2900E-10  0.2380E-10  0.1890E-10  0.1640E-10
WAVELENGTH(A)= 
   821.702
 7 14 t 
excit   
     3.380      5.070      8.440     16.900     33.800     84.400    169.000    253.000    338.000    507.000    844.000   1690.000   3380.000   5070.000 
  0.1000E+11  0.1830E-40  0.2520E-30  0.3060E-22  0.3120E-16  0.2690E-13  0.1220E-11  0.3570E-11  0.4730E-11  0.5230E-11  0.5490E-11  0.5290E-11  0.4610E-11  0.3860E-11  0.3430E-11
  0.1000E+12  0.1830E-40  0.2520E-30  0.3060E-22  0.3120E-16  0.2690E-13  0.1220E-11  0.3570E-11  0.4730E-11  0.5230E-11  0.5490E-11  0.5290E-11  0.4610E-11  0.3860E-11  0.3430E-11
  0.1000E+13  0.1830E-40  0.2520E-30  0.3060E-22  0.3120E-16  0.2690E-13  0.1220E-11  0.3570E-11  0.4730E-11  0.5230E-11  0.5490E-11  0.5290E-11  0.4610E-11  0.3860E-11  0.3430E-11
  0.1000E+14  0.1830E-40  0.2520E-30  0.3060E-22  0.3130E-16  0.2690E-13  0.1220E-11  0.3570E-11  0.4730E-11  0.5230E-11  0.5490E-11  0.5300E-11  0.4610E-11  0.3860E-11  0.3430E-11
  0.1000E+15  0.1840E-40  0.2520E-30  0.3060E-22  0.3130E-16  0.2690E-13  0.1220E-11  0.3570E-11  0.4730E-11  0.5230E-11  0.5500E-11  0.5300E-11  0.4620E-11  0.3860E-11  0.3430E-11
  0.1000E+16  0.1880E-40  0.2580E-30  0.3110E-22  0.3170E-16  0.2720E-13  0.1220E-11  0.3590E-11  0.4750E-11  0.5250E-11  0.5520E-11  0.5310E-11  0.4630E-11  0.3870E-11  0.3430E-11
  0.1000E+17  0.2300E-40  0.3050E-30  0.3570E-22  0.3500E-16  0.2920E-13  0.1290E-11  0.3740E-11  0.4920E-11  0.5440E-11  0.5690E-11  0.5460E-11  0.4720E-11  0.3920E-11  0.3470E-11
WAVELENGTH(A)= 
   912.180
 7 14 t 
excit   
     3.380      5.070      8.440     16.900     33.800     84.400    169.000    253.000    338.000    507.000    844.000   1690.000   3380.000   5070.000 
  0.1000E+11  0.8040E-38  0.2400E-28  0.8400E-21  0.3360E-15  0.1820E-12  0.6220E-11  0.1680E-10  0.2140E-10  0.2320E-10  0.2370E-10  0.2210E-10  0.1820E-10  0.1410E-10  0.1190E-10
  0.1000E+12  0.8040E-38  0.2400E-28  0.8400E-21  0.3360E-15  0.1820E-12  0.6220E-11  0.1680E-10  0.2140E-10  0.2320E-10  0.2370E-10  0.2210E-10  0.1820E-10  0.1410E-10  0.1190E-10
  0.1000E+13  0.8040E-38  0.2400E-28  0.8400E-21  0.3360E-15  0.1820E-12  0.6220E-11  0.1680E-10  0.2140E-10  0.2320E-10  0.2370E-10  0.2210E-10  0.1820E-10  0.1410E-10  0.1190E-10
  0.1000E+14  0.8040E-38  0.2400E-28  0.8400E-21  0.3360E-15  0.1820E-12  0.6220E-11  0.1680E-10  0.2140E-10  0.2320E-10  0.2370E-10  0.2210E-10  0.1820E-10  0.1410E-10  0.1190E-10
  0.1000E+15  0.8050E-38  0.2400E-28  0.8400E-21  0.3360E-15  0.1820E-12  0.6220E-11  0.1680E-10  0.2140E-10  0.2320E-10  0.2370E-10  0.2210E-10  0.1820E-10  0.1410E-10  0.1190E-10
  0.1000E+16  0.8110E-38  0.2410E-28  0.8440E-21  0.3370E-15  0.1820E-12  0.6220E-11  0.1680E-10  0.2140E-10  0.2320E-10  0.2370E-10  0.2210E-10  0.1820E-10  0.1410E-10  0.1190E-10
  0.1000E+17  0.8730E-38  0.2560E-28  0.8830E-21  0.3460E-15  0.1840E-12  0.6180E-11  0.1660E-10  0.2110E-10  0.2290E-10  0.2340E-10  0.2190E-10  0.1800E-10  0.1400E-10  0.1180E-10
WAVELENGTH(A)= 
  1309.100
 7 14 t 
excit   
     3.380      5.070      8.440     16.900     33.800     84.400    169.000    253.000    338.000    507.000    844.000   1690.000   3380.000   5070.000 
  0.1000E+11  0.3620E-37  0.2890E-28  0.3660E-21  0.7240E-16  0.2870E-13  0.8310E-12  0.2130E-11  0.2690E-11  0.2890E-11  0.2970E-11  0.2810E-11  0.2400E-11  0.1960E-11  0.1730E-11
  0.1000E+12  0.3620E-37  0.2890E-28  0.3660E-21  0.7240E-16  0.2870E-13  0.8310E-12  0.2130E-11  0.2690E-11  0.2890E-11  0.2970E-11  0.2810E-11  0.2400E-11  0.1960E-11  0.1730E-11
  0.1000E+13  0.3620E-37  0.2890E-28  0.3660E-21  0.7240E-16  0.2870E-13  0.8310E-12  0.2130E-11  0.2690E-11  0.2890E-11  0.2970E-11  0.2810E-11  0.2400E-11  0.1960E-11  0.1730E-11
  0.1000E+14  0.3620E-37  0.2890E-28  0.3660E-21  0.7240E-16  0.2870E-13  0.8320E-12  0.2130E-11  0.2690E-11  0.2890E-11  0.2970E-11  0.2810E-11  0.2400E-11  0.1960E-11  0.1730E-11
  0.1000E+15  0.3630E-37  0.2890E-28  0.3660E-21  0.7250E-16  0.2870E-13  0.8320E-12  0.2130E-11  0.2690E-11  0.2890E-11  0.2970E-11  0.2810E-11  0.2400E-11  0.1960E-11  0.1730E-11
  0.1000E+16  0.3710E-37  0.2940E-28  0.3710E-21  0.7310E-16  0.2880E-13  0.8330E-12  0.2130E-11  0.2690E-11  0.2900E-11  0.2970E-11  0.2810E-11  0.2400E-11  0.1960E-11  0.1730E-11
  0.1000E+17  0.4440E-37  0.3420E-28  0.4170E-21  0.7880E-16  0.3010E-13  0.8480E-12  0.2150E-11  0.2710E-11  0.2910E-11  0.2990E-11  0.2820E-11  0.2410E-11  0.1960E-11  0.1730E-11
WAVELENGTH(A)= 
  1519.030
 7 14 t 
excit   
     3.380      5.070      8.440     16.900     33.800     84.400    169.000    253.000    338.000    507.000    844.000   1690.000   3380.000   5070.000 
  0.1000E+11  0.2850E-41  0.8380E-31  0.1810E-22  0.2760E-16  0.2870E-13  0.1440E-11  0.4390E-11  0.5840E-11  0.6470E-11  0.6760E-11  0.6410E-11  0.5300E-11  0.4080E-11  0.3430E-11
  0.1000E+12  0.2850E-41  0.8380E-31  0.1810E-22  0.2760E-16  0.2870E-13  0.1440E-11  0.4390E-11  0.5840E-11  0.6470E-11  0.6760E-11  0.6410E-11  0.5300E-11  0.4080E-11  0.3430E-11
  0.1000E+13  0.2850E-41  0.8380E-31  0.1810E-22  0.2760E-16  0.2870E-13  0.1440E-11  0.4390E-11  0.5840E-11  0.6470E-11  0.6760E-11  0.6410E-11  0.5300E-11  0.4080E-11  0.3430E-11
  0.1000E+14  0.2850E-41  0.8380E-31  0.1810E-22  0.2760E-16  0.2870E-13  0.1440E-11  0.4390E-11  0.5840E-11  0.6460E-11  0.6760E-11  0.6400E-11  0.5300E-11  0.4080E-11  0.3430E-11
  0.1000E+15  0.2850E-41  0.8370E-31  0.1810E-22  0.2760E-16  0.2860E-13  0.1440E-11  0.4390E-11  0.5840E-11  0.6460E-11  0.6760E-11  0.6400E-11  0.5300E-11  0.4080E-11  0.3430E-11
  0.1000E+16  0.2820E-41  0.8320E-31  0.1800E-22  0.2740E-16  0.2850E-13  0.1430E-11  0.4360E-11  0.5800E-11  0.6420E-11  0.6720E-11  0.6370E-11  0.5270E-11  0.4070E-11  0.3430E-11
  0.1000E+17  0.2730E-41  0.8050E-31  0.1740E-22  0.2640E-16  0.2710E-13  0.1350E-11  0.4110E-11  0.5480E-11  0.6080E-11  0.6380E-11  0.6080E-11  0.5080E-11  0.3960E-11  0.3350E-11
WAVELENGTH(A)= 
  2234.600
 7 14 t 
excit   
     3.380      5.070      8.440     16.900     33.800     84.400    169.000    253.000    338.000    507.000    844.000   1690.000   3380.000   5070.000 
  0.1000E+11  0.1860E-41  0.2560E-31  0.3110E-23  0.3180E-17  0.2740E-14  0.1240E-12  0.3630E-12  0.4800E-12  0.5320E-12  0.5590E-12  0.5380E-12  0.4690E-12  0.3920E-12  0.3490E-12
  0.1000E+12  0.1860E-41  0.2560E-31  0.3110E-23  0.3180E-17  0.2740E-14  0.1240E-12  0.3630E-12  0.4800E-12  0.5320E-12  0.5590E-12  0.5380E-12  0.4690E-12  0.3920E-12  0.3490E-12
  0.1000E+13  0.1860E-41  0.2560E-31  0.3110E-23  0.3180E-17  0.2740E-14  0.1240E-12  0.3630E-12  0.4800E-12  0.5320E-12  0.5590E-12  0.5380E-12  0.4690E-12  0.3920E-12  0.3490E-12
  0.1000E+14  0.1860E-41  0.2560E-31  0.3110E-23  0.3180E-17  0.2740E-14  0.1240E-12  0.3630E-12  0.4800E-12  0.5320E-12  0.5590E-12  0.5380E-12  0.4690E-12  0.3920E-12  0.3490E-12
  0.1000E+15  0.1870E-41  0.2570E-31  0.3110E-23  0.3180E-17  0.2740E-14  0.1240E-12  0.3630E-12  0.4810E-12  0.5320E-12  0.5590E-12  0.5390E-12  0.4690E-12  0.3920E-12  0.3490E-12
  0.1000E+16  0.1910E-41  0.2620E-31  0.3160E-23  0.3220E-17  0.2760E-14  0.1240E-12  0.3650E-12  0.4830E-12  0.5340E-12  0.5610E-12  0.5400E-12  0.4700E-12  0.3930E-12  0.3490E-12
  0.1000E+17  0.2340E-41  0.3110E-31  0.3630E-23  0.3560E-17  0.2970E-14  0.1310E-12  0.3800E-12  0.5010E-12  0.5530E-12  0.5790E-12  0.5550E-12  0.4800E-12  0.3980E-12  0.3530E-12
