 50  7 14
WAVELENGTH(A)= 
   119.347
 7 14 t 
excit   
     0.844      1.270      2.110      4.220      8.440     21.100     42.200     63.300     84.400    127.000    211.000    422.000    844.000   1270.000 
  0.1000E+11  0.1000E-73  0.7580E-44  0.1040E-29  0.3650E-19  0.5800E-14  0.5840E-11  0.3870E-10  0.5770E-10  0.6490E-10  0.6740E-10  0.6340E-10  0.5390E-10  0.4410E-10  0.3890E-10
  0.1000E+12  0.1000E-73  0.7580E-44  0.1040E-29  0.3650E-19  0.5800E-14  0.5780E-11  0.3730E-10  0.5490E-10  0.6140E-10  0.6340E-10  0.5930E-10  0.4990E-10  0.4020E-10  0.3510E-10
  0.1000E+13  0.1000E-73  0.7590E-44  0.1040E-29  0.3650E-19  0.5800E-14  0.5700E-11  0.3580E-10  0.5230E-10  0.5840E-10  0.6030E-10  0.5650E-10  0.4760E-10  0.3840E-10  0.3340E-10
  0.1000E+14  0.1000E-73  0.7530E-44  0.1040E-29  0.3630E-19  0.5770E-14  0.5650E-11  0.3530E-10  0.5140E-10  0.5740E-10  0.5930E-10  0.5560E-10  0.4690E-10  0.3780E-10  0.3290E-10
  0.1000E+15  0.1000E-73  0.7050E-44  0.9770E-30  0.3430E-19  0.5500E-14  0.5420E-11  0.3390E-10  0.4950E-10  0.5540E-10  0.5740E-10  0.5410E-10  0.4580E-10  0.3710E-10  0.3240E-10
  0.1000E+16  0.1000E-73  0.4700E-44  0.6710E-30  0.2420E-19  0.3970E-14  0.4030E-11  0.2530E-10  0.3740E-10  0.4240E-10  0.4500E-10  0.4370E-10  0.3850E-10  0.3220E-10  0.2860E-10
  0.1000E+17  0.1000E-73  0.1990E-44  0.2760E-30  0.9510E-20  0.1530E-14  0.1520E-11  0.9230E-11  0.1380E-10  0.1610E-10  0.1780E-10  0.1830E-10  0.1750E-10  0.1600E-10  0.1490E-10
WAVELENGTH(A)= 
   128.888
 7 14 t 
excit   
     0.844      1.270      2.110      4.220      8.440     21.100     42.200     63.300     84.400    127.000    211.000    422.000    844.000   1270.000 
  0.1000E+11  0.1000E-73  0.1210E-40  0.1470E-27  0.8460E-18  0.5560E-13  0.3340E-10  0.1890E-09  0.2670E-09  0.2950E-09  0.3000E-09  0.2790E-09  0.2370E-09  0.1960E-09  0.1750E-09
  0.1000E+12  0.1000E-73  0.1210E-40  0.1470E-27  0.8460E-18  0.5560E-13  0.3300E-10  0.1820E-09  0.2540E-09  0.2790E-09  0.2820E-09  0.2610E-09  0.2200E-09  0.1790E-09  0.1580E-09
  0.1000E+13  0.1000E-73  0.1210E-40  0.1470E-27  0.8460E-18  0.5560E-13  0.3260E-10  0.1750E-09  0.2420E-09  0.2650E-09  0.2690E-09  0.2490E-09  0.2090E-09  0.1710E-09  0.1500E-09
  0.1000E+14  0.1000E-73  0.1210E-40  0.1470E-27  0.8460E-18  0.5560E-13  0.3240E-10  0.1730E-09  0.2390E-09  0.2610E-09  0.2650E-09  0.2450E-09  0.2060E-09  0.1680E-09  0.1480E-09
  0.1000E+15  0.1000E-73  0.1200E-40  0.1470E-27  0.8430E-18  0.5530E-13  0.3220E-10  0.1700E-09  0.2360E-09  0.2580E-09  0.2610E-09  0.2420E-09  0.2040E-09  0.1670E-09  0.1470E-09
  0.1000E+16  0.1000E-73  0.1170E-40  0.1420E-27  0.8130E-18  0.5310E-13  0.3050E-10  0.1560E-09  0.2150E-09  0.2350E-09  0.2390E-09  0.2240E-09  0.1910E-09  0.1580E-09  0.1400E-09
  0.1000E+17  0.1000E-73  0.8760E-41  0.1080E-27  0.6150E-18  0.3960E-13  0.2180E-10  0.1050E-09  0.1440E-09  0.1600E-09  0.1670E-09  0.1620E-09  0.1450E-09  0.1240E-09  0.1130E-09
WAVELENGTH(A)= 
   147.486
 7 14 t 
excit   
     0.844      1.270      2.110      4.220      8.440     21.100     42.200     63.300     84.400    127.000    211.000    422.000    844.000   1270.000 
  0.1000E+11  0.1000E-73  0.2410E-37  0.6560E-26  0.2370E-17  0.4260E-13  0.1320E-10  0.6500E-10  0.9100E-10  0.1010E-09  0.1050E-09  0.1020E-09  0.9360E-10  0.8420E-10  0.7860E-10
  0.1000E+12  0.1000E-73  0.2410E-37  0.6560E-26  0.2370E-17  0.4260E-13  0.1310E-10  0.6290E-10  0.8700E-10  0.9550E-10  0.9880E-10  0.9570E-10  0.8690E-10  0.7690E-10  0.7100E-10
  0.1000E+13  0.1000E-73  0.2410E-37  0.6560E-26  0.2370E-17  0.4260E-13  0.1300E-10  0.6060E-10  0.8310E-10  0.9110E-10  0.9420E-10  0.9140E-10  0.8300E-10  0.7350E-10  0.6780E-10
  0.1000E+14  0.1000E-73  0.2420E-37  0.6560E-26  0.2370E-17  0.4270E-13  0.1290E-10  0.5990E-10  0.8200E-10  0.8980E-10  0.9290E-10  0.9010E-10  0.8190E-10  0.7250E-10  0.6680E-10
  0.1000E+15  0.1000E-73  0.2430E-37  0.6590E-26  0.2380E-17  0.4280E-13  0.1290E-10  0.5950E-10  0.8120E-10  0.8890E-10  0.9200E-10  0.8930E-10  0.8120E-10  0.7190E-10  0.6630E-10
  0.1000E+16  0.1000E-73  0.2520E-37  0.6840E-26  0.2470E-17  0.4430E-13  0.1300E-10  0.5760E-10  0.7760E-10  0.8460E-10  0.8740E-10  0.8500E-10  0.7760E-10  0.6910E-10  0.6390E-10
  0.1000E+17  0.1000E-73  0.3500E-37  0.9020E-26  0.3140E-17  0.5400E-13  0.1440E-10  0.5670E-10  0.7390E-10  0.7970E-10  0.8170E-10  0.7910E-10  0.7180E-10  0.6360E-10  0.5870E-10
WAVELENGTH(A)= 
   149.571
 7 14 t 
excit   
     0.844      1.270      2.110      4.220      8.440     21.100     42.200     63.300     84.400    127.000    211.000    422.000    844.000   1270.000 
  0.1000E+11  0.1000E-73  0.2190E-36  0.3980E-25  0.9680E-17  0.1340E-12  0.3360E-10  0.1460E-09  0.1910E-09  0.2020E-09  0.1990E-09  0.1810E-09  0.1520E-09  0.1260E-09  0.1130E-09
  0.1000E+12  0.1000E-73  0.2190E-36  0.3980E-25  0.9680E-17  0.1340E-12  0.3340E-10  0.1410E-09  0.1830E-09  0.1930E-09  0.1890E-09  0.1710E-09  0.1420E-09  0.1160E-09  0.1030E-09
  0.1000E+13  0.1000E-73  0.2190E-36  0.3980E-25  0.9680E-17  0.1340E-12  0.3310E-10  0.1370E-09  0.1760E-09  0.1850E-09  0.1810E-09  0.1640E-09  0.1370E-09  0.1120E-09  0.9870E-10
  0.1000E+14  0.1000E-73  0.2190E-36  0.3980E-25  0.9680E-17  0.1340E-12  0.3290E-10  0.1350E-09  0.1740E-09  0.1830E-09  0.1790E-09  0.1620E-09  0.1360E-09  0.1110E-09  0.9750E-10
  0.1000E+15  0.1000E-73  0.2190E-36  0.3970E-25  0.9670E-17  0.1340E-12  0.3300E-10  0.1350E-09  0.1730E-09  0.1820E-09  0.1790E-09  0.1620E-09  0.1350E-09  0.1110E-09  0.9740E-10
  0.1000E+16  0.1000E-73  0.2170E-36  0.3930E-25  0.9530E-17  0.1330E-12  0.3300E-10  0.1340E-09  0.1720E-09  0.1810E-09  0.1780E-09  0.1620E-09  0.1360E-09  0.1110E-09  0.9790E-10
  0.1000E+17  0.1600E-50  0.2300E-36  0.3900E-25  0.8930E-17  0.1230E-12  0.3120E-10  0.1220E-09  0.1560E-09  0.1660E-09  0.1660E-09  0.1550E-09  0.1320E-09  0.1090E-09  0.9640E-10
WAVELENGTH(A)= 
   151.559
 7 14 t 
excit   
     0.844      1.270      2.110      4.220      8.440     21.100     42.200     63.300     84.400    127.000    211.000    422.000    844.000   1270.000 
  0.1000E+11  0.1000E-73  0.2940E-35  0.3770E-24  0.7050E-16  0.8390E-12  0.1860E-09  0.7680E-09  0.9880E-09  0.1040E-08  0.1020E-08  0.9260E-09  0.7860E-09  0.6600E-09  0.5920E-09
  0.1000E+12  0.1000E-73  0.2940E-35  0.3770E-24  0.7050E-16  0.8390E-12  0.1850E-09  0.7400E-09  0.9400E-09  0.9820E-09  0.9560E-09  0.8660E-09  0.7280E-09  0.6020E-09  0.5330E-09
  0.1000E+13  0.1000E-73  0.2940E-35  0.3770E-24  0.7050E-16  0.8390E-12  0.1820E-09  0.7110E-09  0.8960E-09  0.9340E-09  0.9100E-09  0.8250E-09  0.6940E-09  0.5740E-09  0.5080E-09
  0.1000E+14  0.1000E-73  0.2940E-35  0.3770E-24  0.7050E-16  0.8390E-12  0.1810E-09  0.7030E-09  0.8840E-09  0.9210E-09  0.8970E-09  0.8140E-09  0.6840E-09  0.5660E-09  0.5010E-09
  0.1000E+15  0.1000E-73  0.2950E-35  0.3780E-24  0.7050E-16  0.8390E-12  0.1810E-09  0.6960E-09  0.8740E-09  0.9100E-09  0.8860E-09  0.8050E-09  0.6780E-09  0.5610E-09  0.4970E-09
  0.1000E+16  0.4920E-49  0.2970E-35  0.3800E-24  0.7080E-16  0.8390E-12  0.1770E-09  0.6580E-09  0.8160E-09  0.8480E-09  0.8270E-09  0.7550E-09  0.6420E-09  0.5370E-09  0.4780E-09
  0.1000E+17  0.3440E-49  0.3140E-35  0.3970E-24  0.7270E-16  0.8420E-12  0.1640E-09  0.5550E-09  0.6750E-09  0.7010E-09  0.6900E-09  0.6380E-09  0.5530E-09  0.4700E-09  0.4220E-09
WAVELENGTH(A)= 
   208.043
 7 14 t 
excit   
     0.844      1.270      2.110      4.220      8.440     21.100     42.200     63.300     84.400    127.000    211.000    422.000    844.000   1270.000 
  0.1000E+11  0.2550E-38  0.3430E-28  0.3990E-20  0.3960E-14  0.3680E-11  0.2080E-09  0.6030E-09  0.7160E-09  0.7350E-09  0.7180E-09  0.6790E-09  0.6240E-09  0.5750E-09  0.5460E-09
  0.1000E+12  0.2550E-38  0.3430E-28  0.3990E-20  0.3960E-14  0.3720E-11  0.2180E-09  0.6370E-09  0.7540E-09  0.7700E-09  0.7460E-09  0.6940E-09  0.6220E-09  0.5560E-09  0.5170E-09
  0.1000E+13  0.2550E-38  0.3430E-28  0.3990E-20  0.3970E-14  0.3840E-11  0.2380E-09  0.6910E-09  0.8130E-09  0.8290E-09  0.8000E-09  0.7400E-09  0.6560E-09  0.5790E-09  0.5350E-09
  0.1000E+14  0.2550E-38  0.3430E-28  0.3990E-20  0.3980E-14  0.3910E-11  0.2460E-09  0.7090E-09  0.8310E-09  0.8460E-09  0.8160E-09  0.7530E-09  0.6670E-09  0.5870E-09  0.5420E-09
  0.1000E+15  0.2570E-38  0.3450E-28  0.4010E-20  0.4000E-14  0.3940E-11  0.2490E-09  0.7180E-09  0.8420E-09  0.8570E-09  0.8260E-09  0.7620E-09  0.6730E-09  0.5910E-09  0.5450E-09
  0.1000E+16  0.2770E-38  0.3660E-28  0.4180E-20  0.4100E-14  0.4030E-11  0.2640E-09  0.7630E-09  0.8940E-09  0.9090E-09  0.8760E-09  0.8040E-09  0.7030E-09  0.6110E-09  0.5600E-09
  0.1000E+17  0.4620E-38  0.5620E-28  0.5740E-20  0.4940E-14  0.4620E-11  0.3060E-09  0.8240E-09  0.9440E-09  0.9560E-09  0.9190E-09  0.8420E-09  0.7330E-09  0.6320E-09  0.5770E-09
WAVELENGTH(A)= 
   213.211
 7 14 t 
excit   
     0.844      1.270      2.110      4.220      8.440     21.100     42.200     63.300     84.400    127.000    211.000    422.000    844.000   1270.000 
  0.1000E+11  0.6620E-36  0.5040E-26  0.3690E-18  0.2510E-12  0.1760E-09  0.7040E-08  0.1680E-07  0.1840E-07  0.1810E-07  0.1690E-07  0.1530E-07  0.1350E-07  0.1210E-07  0.1130E-07
  0.1000E+12  0.6620E-36  0.5040E-26  0.3690E-18  0.2510E-12  0.1760E-09  0.6970E-08  0.1620E-07  0.1750E-07  0.1710E-07  0.1590E-07  0.1430E-07  0.1250E-07  0.1100E-07  0.1020E-07
  0.1000E+13  0.6620E-36  0.5040E-26  0.3690E-18  0.2510E-12  0.1760E-09  0.6880E-08  0.1560E-07  0.1670E-07  0.1630E-07  0.1520E-07  0.1360E-07  0.1200E-07  0.1050E-07  0.9690E-08
  0.1000E+14  0.6620E-36  0.5040E-26  0.3690E-18  0.2510E-12  0.1760E-09  0.6850E-08  0.1540E-07  0.1650E-07  0.1610E-07  0.1500E-07  0.1340E-07  0.1180E-07  0.1040E-07  0.9550E-08
  0.1000E+15  0.6620E-36  0.5040E-26  0.3690E-18  0.2510E-12  0.1760E-09  0.6830E-08  0.1530E-07  0.1630E-07  0.1590E-07  0.1480E-07  0.1330E-07  0.1170E-07  0.1030E-07  0.9480E-08
  0.1000E+16  0.6620E-36  0.5040E-26  0.3690E-18  0.2510E-12  0.1760E-09  0.6730E-08  0.1450E-07  0.1530E-07  0.1490E-07  0.1390E-07  0.1250E-07  0.1110E-07  0.9850E-08  0.9120E-08
  0.1000E+17  0.6590E-36  0.5030E-26  0.3680E-18  0.2500E-12  0.1750E-09  0.6330E-08  0.1250E-07  0.1300E-07  0.1260E-07  0.1180E-07  0.1080E-07  0.9760E-08  0.8760E-08  0.8180E-08
WAVELENGTH(A)= 
   223.619
 7 14 t 
excit   
     0.844      1.270      2.110      4.220      8.440     21.100     42.200     63.300     84.400    127.000    211.000    422.000    844.000   1270.000 
  0.1000E+11  0.7240E-36  0.1890E-26  0.5900E-19  0.2180E-13  0.1230E-10  0.5080E-09  0.1300E-08  0.1480E-08  0.1480E-08  0.1410E-08  0.1300E-08  0.1170E-08  0.1060E-08  0.9930E-09
  0.1000E+12  0.7240E-36  0.1890E-26  0.5900E-19  0.2180E-13  0.1240E-10  0.5080E-09  0.1270E-08  0.1420E-08  0.1420E-08  0.1350E-08  0.1230E-08  0.1100E-08  0.9720E-09  0.9020E-09
  0.1000E+13  0.7240E-36  0.1890E-26  0.5900E-19  0.2180E-13  0.1240E-10  0.5040E-09  0.1230E-08  0.1370E-08  0.1360E-08  0.1290E-08  0.1180E-08  0.1050E-08  0.9330E-09  0.8650E-09
  0.1000E+14  0.7240E-36  0.1890E-26  0.5900E-19  0.2180E-13  0.1240E-10  0.5020E-09  0.1210E-08  0.1350E-08  0.1340E-08  0.1270E-08  0.1170E-08  0.1040E-08  0.9200E-09  0.8530E-09
  0.1000E+15  0.7250E-36  0.1890E-26  0.5910E-19  0.2180E-13  0.1240E-10  0.5010E-09  0.1210E-08  0.1340E-08  0.1330E-08  0.1260E-08  0.1160E-08  0.1030E-08  0.9140E-09  0.8470E-09
  0.1000E+16  0.7320E-36  0.1910E-26  0.5940E-19  0.2180E-13  0.1240E-10  0.4960E-09  0.1160E-08  0.1270E-08  0.1260E-08  0.1200E-08  0.1100E-08  0.9900E-09  0.8840E-09  0.8220E-09
  0.1000E+17  0.8040E-36  0.2050E-26  0.6230E-19  0.2240E-13  0.1250E-10  0.4750E-09  0.1020E-08  0.1100E-08  0.1090E-08  0.1040E-08  0.9710E-09  0.8820E-09  0.7960E-09  0.7450E-09
WAVELENGTH(A)= 
   232.083
 7 14 t 
excit   
     0.844      1.270      2.110      4.220      8.440     21.100     42.200     63.300     84.400    127.000    211.000    422.000    844.000   1270.000 
  0.1000E+11  0.1000E-73  0.1840E-40  0.1040E-27  0.3370E-18  0.1650E-13  0.8440E-11  0.4530E-10  0.6330E-10  0.6890E-10  0.6930E-10  0.6360E-10  0.5240E-10  0.4170E-10  0.3620E-10
  0.1000E+12  0.1000E-73  0.1840E-40  0.1040E-27  0.3370E-18  0.1650E-13  0.8360E-11  0.4370E-10  0.6030E-10  0.6540E-10  0.6540E-10  0.5960E-10  0.4870E-10  0.3810E-10  0.3270E-10
  0.1000E+13  0.1000E-73  0.1840E-40  0.1040E-27  0.3370E-18  0.1650E-13  0.8260E-11  0.4210E-10  0.5760E-10  0.6230E-10  0.6240E-10  0.5700E-10  0.4650E-10  0.3640E-10  0.3130E-10
  0.1000E+14  0.1000E-73  0.1830E-40  0.1040E-27  0.3370E-18  0.1650E-13  0.8220E-11  0.4160E-10  0.5690E-10  0.6150E-10  0.6150E-10  0.5620E-10  0.4590E-10  0.3600E-10  0.3080E-10
  0.1000E+15  0.1000E-73  0.1820E-40  0.1030E-27  0.3340E-18  0.1630E-13  0.8120E-11  0.4090E-10  0.5590E-10  0.6040E-10  0.6060E-10  0.5540E-10  0.4540E-10  0.3560E-10  0.3060E-10
  0.1000E+16  0.1000E-73  0.1680E-40  0.9610E-28  0.3090E-18  0.1490E-13  0.7320E-11  0.3590E-10  0.4890E-10  0.5300E-10  0.5360E-10  0.4980E-10  0.4160E-10  0.3320E-10  0.2880E-10
  0.1000E+17  0.1000E-73  0.1160E-40  0.6590E-28  0.2020E-18  0.9200E-14  0.4160E-11  0.1900E-10  0.2580E-10  0.2830E-10  0.2940E-10  0.2850E-10  0.2540E-10  0.2170E-10  0.1950E-10
WAVELENGTH(A)= 
   258.598
 7 14 t 
excit   
     0.844      1.270      2.110      4.220      8.440     21.100     42.200     63.300     84.400    127.000    211.000    422.000    844.000   1270.000 
  0.1000E+11  0.1000E-73  0.1040E-40  0.8720E-28  0.3700E-18  0.2030E-13  0.1090E-10  0.5880E-10  0.8230E-10  0.8930E-10  0.9020E-10  0.8220E-10  0.6810E-10  0.5400E-10  0.4660E-10
  0.1000E+12  0.1000E-73  0.1040E-40  0.8720E-28  0.3700E-18  0.2030E-13  0.1080E-10  0.5680E-10  0.7850E-10  0.8470E-10  0.8510E-10  0.7720E-10  0.6330E-10  0.4950E-10  0.4220E-10
  0.1000E+13  0.1000E-73  0.1040E-40  0.8720E-28  0.3700E-18  0.2030E-13  0.1070E-10  0.5450E-10  0.7480E-10  0.8050E-10  0.8090E-10  0.7340E-10  0.6030E-10  0.4710E-10  0.4020E-10
  0.1000E+14  0.1000E-73  0.1040E-40  0.8720E-28  0.3710E-18  0.2030E-13  0.1060E-10  0.5390E-10  0.7380E-10  0.7940E-10  0.7980E-10  0.7240E-10  0.5940E-10  0.4640E-10  0.3960E-10
  0.1000E+15  0.1000E-73  0.1040E-40  0.8740E-28  0.3720E-18  0.2040E-13  0.1070E-10  0.5380E-10  0.7340E-10  0.7900E-10  0.7930E-10  0.7200E-10  0.5920E-10  0.4630E-10  0.3940E-10
  0.1000E+16  0.1000E-73  0.1060E-40  0.8900E-28  0.3790E-18  0.2090E-13  0.1080E-10  0.5300E-10  0.7160E-10  0.7690E-10  0.7730E-10  0.7050E-10  0.5820E-10  0.4570E-10  0.3910E-10
  0.1000E+17  0.1000E-73  0.1040E-40  0.8820E-28  0.3720E-18  0.2040E-13  0.1020E-10  0.4710E-10  0.6340E-10  0.6870E-10  0.7020E-10  0.6570E-10  0.5580E-10  0.4490E-10  0.3890E-10
WAVELENGTH(A)= 
   263.248
 7 14 t 
excit   
     0.844      1.270      2.110      4.220      8.440     21.100     42.200     63.300     84.400    127.000    211.000    422.000    844.000   1270.000 
  0.1000E+11  0.7750E-31  0.7510E-23  0.1670E-16  0.8330E-12  0.1620E-09  0.3460E-08  0.7530E-08  0.8170E-08  0.7970E-08  0.7330E-08  0.6430E-08  0.5340E-08  0.4460E-08  0.4010E-08
  0.1000E+12  0.7750E-31  0.7510E-23  0.1670E-16  0.8330E-12  0.1620E-09  0.3440E-08  0.7310E-08  0.7840E-08  0.7610E-08  0.6970E-08  0.6070E-08  0.5000E-08  0.4110E-08  0.3650E-08
  0.1000E+13  0.7750E-31  0.7510E-23  0.1670E-16  0.8330E-12  0.1620E-09  0.3400E-08  0.7060E-08  0.7530E-08  0.7300E-08  0.6680E-08  0.5840E-08  0.4820E-08  0.3960E-08  0.3520E-08
  0.1000E+14  0.7750E-31  0.7510E-23  0.1670E-16  0.8330E-12  0.1620E-09  0.3390E-08  0.6980E-08  0.7420E-08  0.7200E-08  0.6590E-08  0.5760E-08  0.4750E-08  0.3910E-08  0.3470E-08
  0.1000E+15  0.7750E-31  0.7510E-23  0.1670E-16  0.8330E-12  0.1620E-09  0.3380E-08  0.6940E-08  0.7370E-08  0.7140E-08  0.6550E-08  0.5730E-08  0.4730E-08  0.3890E-08  0.3460E-08
  0.1000E+16  0.7750E-31  0.7510E-23  0.1670E-16  0.8320E-12  0.1620E-09  0.3350E-08  0.6700E-08  0.7080E-08  0.6870E-08  0.6320E-08  0.5570E-08  0.4630E-08  0.3830E-08  0.3410E-08
  0.1000E+17  0.7740E-31  0.7490E-23  0.1670E-16  0.8290E-12  0.1610E-09  0.3180E-08  0.5950E-08  0.6230E-08  0.6070E-08  0.5650E-08  0.5060E-08  0.4290E-08  0.3600E-08  0.3220E-08
WAVELENGTH(A)= 
   265.611
 7 14 t 
excit   
     0.844      1.270      2.110      4.220      8.440     21.100     42.200     63.300     84.400    127.000    211.000    422.000    844.000   1270.000 
  0.1000E+11  0.1000E-73  0.3810E-40  0.2160E-27  0.7000E-18  0.3430E-13  0.1750E-10  0.9400E-10  0.1310E-09  0.1430E-09  0.1440E-09  0.1320E-09  0.1090E-09  0.8650E-10  0.7510E-10
  0.1000E+12  0.1000E-73  0.3810E-40  0.2160E-27  0.7000E-18  0.3430E-13  0.1740E-10  0.9070E-10  0.1250E-09  0.1360E-09  0.1360E-09  0.1240E-09  0.1010E-09  0.7910E-10  0.6790E-10
  0.1000E+13  0.1000E-73  0.3810E-40  0.2160E-27  0.7000E-18  0.3430E-13  0.1720E-10  0.8740E-10  0.1200E-09  0.1290E-09  0.1300E-09  0.1180E-09  0.9670E-10  0.7570E-10  0.6490E-10
  0.1000E+14  0.1000E-73  0.3810E-40  0.2160E-27  0.6990E-18  0.3430E-13  0.1710E-10  0.8630E-10  0.1180E-09  0.1280E-09  0.1280E-09  0.1170E-09  0.9540E-10  0.7470E-10  0.6400E-10
  0.1000E+15  0.1000E-73  0.3780E-40  0.2140E-27  0.6930E-18  0.3390E-13  0.1690E-10  0.8490E-10  0.1160E-09  0.1260E-09  0.1260E-09  0.1150E-09  0.9430E-10  0.7400E-10  0.6350E-10
  0.1000E+16  0.1000E-73  0.3500E-40  0.2000E-27  0.6410E-18  0.3100E-13  0.1520E-10  0.7460E-10  0.1020E-09  0.1100E-09  0.1110E-09  0.1030E-09  0.8640E-10  0.6900E-10  0.5970E-10
  0.1000E+17  0.1000E-73  0.2410E-40  0.1370E-27  0.4200E-18  0.1910E-13  0.8630E-11  0.3940E-10  0.5350E-10  0.5880E-10  0.6110E-10  0.5920E-10  0.5280E-10  0.4510E-10  0.4060E-10
WAVELENGTH(A)= 
   268.233
 7 14 t 
excit   
     0.844      1.270      2.110      4.220      8.440     21.100     42.200     63.300     84.400    127.000    211.000    422.000    844.000   1270.000 
  0.1000E+11  0.1000E-73  0.7990E-39  0.1240E-26  0.1480E-17  0.4320E-13  0.1580E-10  0.7590E-10  0.1020E-09  0.1090E-09  0.1070E-09  0.9550E-10  0.7680E-10  0.5980E-10  0.5120E-10
  0.1000E+12  0.1000E-73  0.7990E-39  0.1240E-26  0.1480E-17  0.4320E-13  0.1570E-10  0.7320E-10  0.9700E-10  0.1030E-09  0.1000E-09  0.8940E-10  0.7110E-10  0.5460E-10  0.4620E-10
  0.1000E+13  0.1000E-73  0.7990E-39  0.1240E-26  0.1480E-17  0.4320E-13  0.1550E-10  0.7040E-10  0.9260E-10  0.9800E-10  0.9580E-10  0.8530E-10  0.6800E-10  0.5220E-10  0.4420E-10
  0.1000E+14  0.1000E-73  0.7990E-39  0.1240E-26  0.1480E-17  0.4320E-13  0.1540E-10  0.6960E-10  0.9140E-10  0.9670E-10  0.9450E-10  0.8420E-10  0.6710E-10  0.5150E-10  0.4360E-10
  0.1000E+15  0.1000E-73  0.7970E-39  0.1240E-26  0.1470E-17  0.4310E-13  0.1540E-10  0.6930E-10  0.9080E-10  0.9600E-10  0.9380E-10  0.8370E-10  0.6680E-10  0.5130E-10  0.4340E-10
  0.1000E+16  0.1000E-73  0.7800E-39  0.1210E-26  0.1450E-17  0.4270E-13  0.1520E-10  0.6650E-10  0.8640E-10  0.9130E-10  0.8950E-10  0.8040E-10  0.6470E-10  0.5010E-10  0.4260E-10
  0.1000E+17  0.1000E-73  0.6460E-39  0.1030E-26  0.1250E-17  0.3720E-13  0.1270E-10  0.5190E-10  0.6690E-10  0.7120E-10  0.7110E-10  0.6550E-10  0.5460E-10  0.4360E-10  0.3760E-10
WAVELENGTH(A)= 
   269.935
 7 14 t 
excit   
     0.844      1.270      2.110      4.220      8.440     21.100     42.200     63.300     84.400    127.000    211.000    422.000    844.000   1270.000 
  0.1000E+11  0.1000E-73  0.6850E-38  0.3610E-26  0.1910E-17  0.3750E-13  0.1100E-10  0.5010E-10  0.6680E-10  0.7090E-10  0.6960E-10  0.6270E-10  0.5060E-10  0.3980E-10  0.3420E-10
  0.1000E+12  0.1000E-73  0.6850E-38  0.3610E-26  0.1910E-17  0.3750E-13  0.1100E-10  0.4850E-10  0.6390E-10  0.6750E-10  0.6590E-10  0.5900E-10  0.4720E-10  0.3660E-10  0.3100E-10
  0.1000E+13  0.1000E-73  0.6850E-38  0.3610E-26  0.1910E-17  0.3750E-13  0.1090E-10  0.4700E-10  0.6140E-10  0.6480E-10  0.6340E-10  0.5690E-10  0.4560E-10  0.3540E-10  0.3000E-10
  0.1000E+14  0.1000E-73  0.6850E-38  0.3610E-26  0.1910E-17  0.3760E-13  0.1090E-10  0.4670E-10  0.6100E-10  0.6440E-10  0.6290E-10  0.5650E-10  0.4540E-10  0.3520E-10  0.2990E-10
  0.1000E+15  0.1000E-73  0.6860E-38  0.3610E-26  0.1910E-17  0.3770E-13  0.1090E-10  0.4690E-10  0.6130E-10  0.6470E-10  0.6330E-10  0.5690E-10  0.4570E-10  0.3550E-10  0.3010E-10
  0.1000E+16  0.1000E-73  0.6910E-38  0.3630E-26  0.1920E-17  0.3810E-13  0.1130E-10  0.4790E-10  0.6240E-10  0.6610E-10  0.6510E-10  0.5910E-10  0.4780E-10  0.3730E-10  0.3170E-10
  0.1000E+17  0.1000E-73  0.7610E-38  0.3870E-26  0.2000E-17  0.3970E-13  0.1170E-10  0.4750E-10  0.6180E-10  0.6600E-10  0.6610E-10  0.6130E-10  0.5110E-10  0.4080E-10  0.3510E-10
WAVELENGTH(A)= 
   280.434
 7 14 t 
excit   
     0.844      1.270      2.110      4.220      8.440     21.100     42.200     63.300     84.400    127.000    211.000    422.000    844.000   1270.000 
  0.1000E+11  0.1000E-73  0.4320E-43  0.3640E-29  0.8740E-19  0.1160E-13  0.1070E-10  0.7000E-10  0.1050E-09  0.1180E-09  0.1220E-09  0.1150E-09  0.9710E-10  0.7830E-10  0.6780E-10
  0.1000E+12  0.1000E-73  0.4320E-43  0.3640E-29  0.8740E-19  0.1160E-13  0.1060E-10  0.6740E-10  0.9960E-10  0.1110E-09  0.1150E-09  0.1080E-09  0.8990E-10  0.7140E-10  0.6110E-10
  0.1000E+13  0.1000E-73  0.4320E-43  0.3640E-29  0.8740E-19  0.1150E-13  0.1050E-10  0.6470E-10  0.9480E-10  0.1060E-09  0.1090E-09  0.1030E-09  0.8560E-10  0.6800E-10  0.5820E-10
  0.1000E+14  0.1000E-73  0.4300E-43  0.3630E-29  0.8700E-19  0.1150E-13  0.1030E-10  0.6330E-10  0.9270E-10  0.1030E-09  0.1070E-09  0.1000E-09  0.8390E-10  0.6670E-10  0.5710E-10
  0.1000E+15  0.1000E-73  0.4140E-43  0.3510E-29  0.8350E-19  0.1070E-13  0.9420E-11  0.5720E-10  0.8370E-10  0.9350E-10  0.9720E-10  0.9230E-10  0.7800E-10  0.6280E-10  0.5410E-10
  0.1000E+16  0.1000E-73  0.3020E-43  0.2680E-29  0.5980E-19  0.6580E-14  0.5010E-11  0.2890E-10  0.4220E-10  0.4770E-10  0.5100E-10  0.5060E-10  0.4590E-10  0.3980E-10  0.3570E-10
  0.1000E+17  0.1000E-73  0.8260E-44  0.8010E-30  0.1600E-19  0.1390E-14  0.8730E-12  0.4530E-11  0.6540E-11  0.7470E-11  0.8220E-11  0.8600E-11  0.8520E-11  0.8170E-11  0.7830E-11
WAVELENGTH(A)= 
   290.478
 7 14 t 
excit   
     0.844      1.270      2.110      4.220      8.440     21.100     42.200     63.300     84.400    127.000    211.000    422.000    844.000   1270.000 
  0.1000E+11  0.1000E-73  0.6180E-39  0.9840E-27  0.1220E-17  0.3660E-13  0.1380E-10  0.6630E-10  0.8930E-10  0.9520E-10  0.9390E-10  0.8510E-10  0.6930E-10  0.5510E-10  0.4750E-10
  0.1000E+12  0.1000E-73  0.6180E-39  0.9840E-27  0.1220E-17  0.3660E-13  0.1370E-10  0.6390E-10  0.8490E-10  0.9000E-10  0.8830E-10  0.7960E-10  0.6420E-10  0.5020E-10  0.4280E-10
  0.1000E+13  0.1000E-73  0.6180E-39  0.9840E-27  0.1210E-17  0.3660E-13  0.1350E-10  0.6130E-10  0.8100E-10  0.8560E-10  0.8400E-10  0.7580E-10  0.6120E-10  0.4790E-10  0.4080E-10
  0.1000E+14  0.1000E-73  0.6170E-39  0.9830E-27  0.1210E-17  0.3660E-13  0.1340E-10  0.6060E-10  0.7980E-10  0.8440E-10  0.8280E-10  0.7470E-10  0.6030E-10  0.4720E-10  0.4020E-10
  0.1000E+15  0.1000E-73  0.6080E-39  0.9710E-27  0.1200E-17  0.3620E-13  0.1330E-10  0.5950E-10  0.7820E-10  0.8270E-10  0.8120E-10  0.7340E-10  0.5940E-10  0.4660E-10  0.3970E-10
  0.1000E+16  0.1000E-73  0.5370E-39  0.8700E-27  0.1080E-17  0.3260E-13  0.1180E-10  0.5150E-10  0.6730E-10  0.7130E-10  0.7050E-10  0.6450E-10  0.5320E-10  0.4250E-10  0.3660E-10
  0.1000E+17  0.1000E-73  0.2740E-39  0.4630E-27  0.5840E-18  0.1750E-13  0.6020E-11  0.2470E-10  0.3230E-10  0.3480E-10  0.3560E-10  0.3420E-10  0.3030E-10  0.2600E-10  0.2330E-10
WAVELENGTH(A)= 
   291.002
 7 14 t 
excit   
     0.844      1.270      2.110      4.220      8.440     21.100     42.200     63.300     84.400    127.000    211.000    422.000    844.000   1270.000 
  0.1000E+11  0.1000E-73  0.3720E-38  0.5760E-26  0.6870E-17  0.2010E-12  0.7370E-10  0.3530E-09  0.4740E-09  0.5050E-09  0.4960E-09  0.4440E-09  0.3570E-09  0.2780E-09  0.2380E-09
  0.1000E+12  0.1000E-73  0.3720E-38  0.5760E-26  0.6870E-17  0.2010E-12  0.7300E-10  0.3410E-09  0.4510E-09  0.4780E-09  0.4670E-09  0.4160E-09  0.3310E-09  0.2540E-09  0.2150E-09
  0.1000E+13  0.1000E-73  0.3720E-38  0.5760E-26  0.6870E-17  0.2010E-12  0.7210E-10  0.3280E-09  0.4310E-09  0.4560E-09  0.4450E-09  0.3970E-09  0.3160E-09  0.2430E-09  0.2060E-09
  0.1000E+14  0.1000E-73  0.3720E-38  0.5760E-26  0.6870E-17  0.2010E-12  0.7180E-10  0.3240E-09  0.4250E-09  0.4500E-09  0.4400E-09  0.3920E-09  0.3120E-09  0.2400E-09  0.2030E-09
  0.1000E+15  0.1000E-73  0.3710E-38  0.5750E-26  0.6860E-17  0.2010E-12  0.7170E-10  0.3220E-09  0.4220E-09  0.4460E-09  0.4370E-09  0.3890E-09  0.3110E-09  0.2390E-09  0.2020E-09
  0.1000E+16  0.1000E-73  0.3630E-38  0.5640E-26  0.6750E-17  0.1990E-12  0.7080E-10  0.3090E-09  0.4020E-09  0.4250E-09  0.4160E-09  0.3740E-09  0.3010E-09  0.2330E-09  0.1980E-09
  0.1000E+17  0.1000E-73  0.3000E-38  0.4780E-26  0.5830E-17  0.1730E-12  0.5930E-10  0.2410E-09  0.3110E-09  0.3310E-09  0.3310E-09  0.3050E-09  0.2540E-09  0.2030E-09  0.1750E-09
WAVELENGTH(A)= 
   307.239
 7 14 t 
excit   
     0.844      1.270      2.110      4.220      8.440     21.100     42.200     63.300     84.400    127.000    211.000    422.000    844.000   1270.000 
  0.1000E+11  0.6830E-30  0.4620E-23  0.1230E-17  0.1280E-13  0.2740E-11  0.2920E-09  0.1170E-08  0.1520E-08  0.1610E-08  0.1580E-08  0.1440E-08  0.1200E-08  0.9710E-09  0.8550E-09
  0.1000E+12  0.6830E-30  0.4620E-23  0.1230E-17  0.1270E-13  0.2550E-11  0.2570E-09  0.9980E-09  0.1280E-08  0.1340E-08  0.1320E-08  0.1190E-08  0.9870E-09  0.7950E-09  0.6940E-09
  0.1000E+13  0.6830E-30  0.4620E-23  0.1230E-17  0.1270E-13  0.2310E-11  0.2160E-09  0.8230E-09  0.1050E-08  0.1100E-08  0.1080E-08  0.9790E-09  0.8100E-09  0.6500E-09  0.5660E-09
  0.1000E+14  0.6830E-30  0.4620E-23  0.1230E-17  0.1260E-13  0.2210E-11  0.2050E-09  0.7860E-09  0.1000E-08  0.1060E-08  0.1040E-08  0.9380E-09  0.7740E-09  0.6180E-09  0.5360E-09
  0.1000E+15  0.6830E-30  0.4620E-23  0.1230E-17  0.1260E-13  0.2180E-11  0.2000E-09  0.7520E-09  0.9540E-09  0.1000E-08  0.9810E-09  0.8900E-09  0.7380E-09  0.5920E-09  0.5160E-09
  0.1000E+16  0.6810E-30  0.4610E-23  0.1220E-17  0.1230E-13  0.2030E-11  0.1610E-09  0.5360E-09  0.6510E-09  0.6730E-09  0.6540E-09  0.5980E-09  0.5100E-09  0.4260E-09  0.3800E-09
  0.1000E+17  0.6670E-30  0.4480E-23  0.1130E-17  0.1020E-13  0.1320E-11  0.5930E-10  0.1450E-09  0.1620E-09  0.1640E-09  0.1570E-09  0.1460E-09  0.1310E-09  0.1170E-09  0.1100E-09
WAVELENGTH(A)= 
   315.418
 7 14 t 
excit   
     0.844      1.270      2.110      4.220      8.440     21.100     42.200     63.300     84.400    127.000    211.000    422.000    844.000   1270.000 
  0.1000E+11  0.1000E-73  0.1340E-35  0.8750E-25  0.9680E-17  0.8620E-13  0.1560E-10  0.5900E-10  0.7340E-10  0.7560E-10  0.7200E-10  0.6330E-10  0.5080E-10  0.3980E-10  0.3430E-10
  0.1000E+12  0.1000E-73  0.1340E-35  0.8750E-25  0.9680E-17  0.8630E-13  0.1550E-10  0.5710E-10  0.7020E-10  0.7190E-10  0.6810E-10  0.5960E-10  0.4740E-10  0.3670E-10  0.3120E-10
  0.1000E+13  0.1000E-73  0.1340E-35  0.8750E-25  0.9680E-17  0.8630E-13  0.1530E-10  0.5480E-10  0.6690E-10  0.6840E-10  0.6480E-10  0.5670E-10  0.4520E-10  0.3500E-10  0.2970E-10
  0.1000E+14  0.1000E-73  0.1340E-35  0.8750E-25  0.9680E-17  0.8630E-13  0.1520E-10  0.5420E-10  0.6600E-10  0.6740E-10  0.6390E-10  0.5600E-10  0.4460E-10  0.3450E-10  0.2930E-10
  0.1000E+15  0.3840E-49  0.1340E-35  0.8760E-25  0.9690E-17  0.8630E-13  0.1520E-10  0.5390E-10  0.6550E-10  0.6690E-10  0.6340E-10  0.5560E-10  0.4440E-10  0.3430E-10  0.2920E-10
  0.1000E+16  0.3840E-49  0.1360E-35  0.8830E-25  0.9750E-17  0.8690E-13  0.1520E-10  0.5240E-10  0.6320E-10  0.6450E-10  0.6140E-10  0.5420E-10  0.4360E-10  0.3400E-10  0.2900E-10
  0.1000E+17  0.4110E-49  0.1500E-35  0.9520E-25  0.1030E-16  0.9090E-13  0.1520E-10  0.4890E-10  0.5830E-10  0.5970E-10  0.5750E-10  0.5150E-10  0.4230E-10  0.3350E-10  0.2880E-10
WAVELENGTH(A)= 
   316.386
 7 14 t 
excit   
     0.844      1.270      2.110      4.220      8.440     21.100     42.200     63.300     84.400    127.000    211.000    422.000    844.000   1270.000 
  0.1000E+11  0.1000E-73  0.1850E-37  0.9710E-26  0.5150E-17  0.1010E-12  0.2970E-10  0.1350E-09  0.1800E-09  0.1910E-09  0.1870E-09  0.1690E-09  0.1360E-09  0.1070E-09  0.9210E-10
  0.1000E+12  0.1000E-73  0.1850E-37  0.9710E-26  0.5150E-17  0.1010E-12  0.2950E-10  0.1310E-09  0.1720E-09  0.1820E-09  0.1770E-09  0.1590E-09  0.1270E-09  0.9850E-10  0.8360E-10
  0.1000E+13  0.1000E-73  0.1850E-37  0.9710E-26  0.5150E-17  0.1010E-12  0.2930E-10  0.1260E-09  0.1650E-09  0.1750E-09  0.1710E-09  0.1530E-09  0.1230E-09  0.9520E-10  0.8090E-10
  0.1000E+14  0.1000E-73  0.1850E-37  0.9720E-26  0.5150E-17  0.1010E-12  0.2930E-10  0.1260E-09  0.1640E-09  0.1730E-09  0.1690E-09  0.1520E-09  0.1220E-09  0.9480E-10  0.8050E-10
  0.1000E+15  0.1000E-73  0.1850E-37  0.9720E-26  0.5160E-17  0.1010E-12  0.2950E-10  0.1260E-09  0.1650E-09  0.1740E-09  0.1700E-09  0.1530E-09  0.1230E-09  0.9550E-10  0.8110E-10
  0.1000E+16  0.1000E-73  0.1860E-37  0.9770E-26  0.5180E-17  0.1030E-12  0.3030E-10  0.1290E-09  0.1680E-09  0.1780E-09  0.1750E-09  0.1590E-09  0.1290E-09  0.1000E-09  0.8530E-10
  0.1000E+17  0.1000E-73  0.2050E-37  0.1040E-25  0.5390E-17  0.1070E-12  0.3150E-10  0.1280E-09  0.1660E-09  0.1780E-09  0.1780E-09  0.1650E-09  0.1380E-09  0.1100E-09  0.9440E-10
WAVELENGTH(A)= 
   326.200
 7 14 t 
excit   
     0.844      1.270      2.110      4.220      8.440     21.100     42.200     63.300     84.400    127.000    211.000    422.000    844.000   1270.000 
  0.1000E+11  0.1000E-73  0.3220E-40  0.6390E-29  0.1440E-19  0.2910E-14  0.4840E-11  0.3940E-10  0.6260E-10  0.7240E-10  0.7700E-10  0.7280E-10  0.5970E-10  0.4500E-10  0.3720E-10
  0.1000E+12  0.1000E-73  0.3810E-40  0.9880E-29  0.1160E-18  0.2340E-13  0.3270E-10  0.2370E-09  0.3640E-09  0.4160E-09  0.4400E-09  0.4210E-09  0.3550E-09  0.2760E-09  0.2320E-09
  0.1000E+13  0.1000E-73  0.2200E-39  0.3890E-28  0.4950E-18  0.7800E-13  0.7780E-10  0.4830E-09  0.7120E-09  0.8050E-09  0.8540E-09  0.8350E-09  0.7420E-09  0.6230E-09  0.5510E-09
  0.1000E+14  0.1000E-73  0.3110E-38  0.2830E-27  0.7540E-18  0.9900E-13  0.8730E-10  0.5230E-09  0.7650E-09  0.8620E-09  0.9150E-09  0.8990E-09  0.8080E-09  0.6890E-09  0.6180E-09
  0.1000E+15  0.1000E-73  0.3310E-37  0.2690E-26  0.1040E-17  0.1040E-12  0.8970E-10  0.5360E-09  0.7840E-09  0.8840E-09  0.9380E-09  0.9210E-09  0.8270E-09  0.7050E-09  0.6320E-09
  0.1000E+16  0.1000E-73  0.3340E-36  0.2670E-25  0.3490E-17  0.1310E-12  0.1060E-09  0.6190E-09  0.8980E-09  0.1010E-08  0.1070E-08  0.1050E-08  0.9430E-09  0.7980E-09  0.7110E-09
  0.1000E+17  0.6020E-49  0.3370E-35  0.2640E-24  0.2660E-16  0.3560E-12  0.1820E-09  0.9110E-09  0.1260E-08  0.1400E-08  0.1470E-08  0.1430E-08  0.1270E-08  0.1070E-08  0.9520E-09
WAVELENGTH(A)= 
   327.311
 7 14 t 
excit   
     0.844      1.270      2.110      4.220      8.440     21.100     42.200     63.300     84.400    127.000    211.000    422.000    844.000   1270.000 
  0.1000E+11  0.1000E-73  0.4910E-36  0.2050E-25  0.1710E-17  0.2040E-13  0.9730E-11  0.5430E-10  0.7720E-10  0.8500E-10  0.8710E-10  0.8190E-10  0.6990E-10  0.5720E-10  0.5030E-10
  0.1000E+12  0.1000E-73  0.4910E-36  0.2050E-25  0.1740E-17  0.2340E-13  0.1130E-10  0.6020E-10  0.8420E-10  0.9220E-10  0.9400E-10  0.8820E-10  0.7520E-10  0.6140E-10  0.5380E-10
  0.1000E+13  0.1000E-73  0.4920E-36  0.2060E-25  0.1760E-17  0.2510E-13  0.1210E-10  0.6320E-10  0.8810E-10  0.9650E-10  0.9870E-10  0.9290E-10  0.7950E-10  0.6500E-10  0.5700E-10
  0.1000E+14  0.1000E-73  0.5090E-36  0.2110E-25  0.1830E-17  0.2750E-13  0.1320E-10  0.6850E-10  0.9540E-10  0.1050E-09  0.1070E-09  0.1010E-09  0.8650E-10  0.7080E-10  0.6200E-10
  0.1000E+15  0.1000E-73  0.6800E-36  0.2660E-25  0.2170E-17  0.3160E-13  0.1610E-10  0.8840E-10  0.1250E-09  0.1390E-09  0.1430E-09  0.1350E-09  0.1140E-09  0.9150E-10  0.7900E-10
  0.1000E+16  0.1310E-48  0.2380E-35  0.8090E-25  0.5380E-17  0.6450E-13  0.3770E-10  0.2200E-09  0.3170E-09  0.3510E-09  0.3660E-09  0.3460E-09  0.2910E-09  0.2290E-09  0.1950E-09
  0.1000E+17  0.1120E-47  0.1910E-34  0.5940E-24  0.3280E-16  0.2860E-12  0.1110E-09  0.5140E-09  0.6920E-09  0.7520E-09  0.7750E-09  0.7400E-09  0.6420E-09  0.5280E-09  0.4610E-09
WAVELENGTH(A)= 
   330.600
 7 14 t 
excit   
     0.844      1.270      2.110      4.220      8.440     21.100     42.200     63.300     84.400    127.000    211.000    422.000    844.000   1270.000 
  0.1000E+11  0.1000E-73  0.3570E-35  0.2320E-24  0.2570E-16  0.2290E-12  0.4140E-10  0.1570E-09  0.1950E-09  0.2010E-09  0.1910E-09  0.1680E-09  0.1350E-09  0.1060E-09  0.9110E-10
  0.1000E+12  0.1000E-73  0.3570E-35  0.2320E-24  0.2570E-16  0.2290E-12  0.4110E-10  0.1520E-09  0.1870E-09  0.1910E-09  0.1810E-09  0.1580E-09  0.1260E-09  0.9740E-10  0.8290E-10
  0.1000E+13  0.1000E-73  0.3570E-35  0.2320E-24  0.2570E-16  0.2290E-12  0.4060E-10  0.1460E-09  0.1780E-09  0.1820E-09  0.1720E-09  0.1510E-09  0.1200E-09  0.9290E-10  0.7900E-10
  0.1000E+14  0.1000E-73  0.3570E-35  0.2320E-24  0.2570E-16  0.2290E-12  0.4040E-10  0.1440E-09  0.1750E-09  0.1790E-09  0.1700E-09  0.1490E-09  0.1180E-09  0.9150E-10  0.7790E-10
  0.1000E+15  0.1020E-48  0.3570E-35  0.2330E-24  0.2570E-16  0.2290E-12  0.4040E-10  0.1430E-09  0.1740E-09  0.1780E-09  0.1690E-09  0.1480E-09  0.1180E-09  0.9120E-10  0.7760E-10
  0.1000E+16  0.1020E-48  0.3610E-35  0.2350E-24  0.2590E-16  0.2310E-12  0.4030E-10  0.1390E-09  0.1680E-09  0.1710E-09  0.1630E-09  0.1440E-09  0.1160E-09  0.9030E-10  0.7710E-10
  0.1000E+17  0.1090E-48  0.3970E-35  0.2530E-24  0.2740E-16  0.2420E-12  0.4040E-10  0.1300E-09  0.1550E-09  0.1590E-09  0.1530E-09  0.1370E-09  0.1120E-09  0.8900E-10  0.7660E-10
WAVELENGTH(A)= 
   333.122
 7 14 t 
excit   
     0.844      1.270      2.110      4.220      8.440     21.100     42.200     63.300     84.400    127.000    211.000    422.000    844.000   1270.000 
  0.1000E+11  0.1000E-73  0.1380E-40  0.4210E-29  0.6930E-19  0.1650E-13  0.1890E-10  0.1180E-09  0.1720E-09  0.1920E-09  0.2000E-09  0.1910E-09  0.1660E-09  0.1380E-09  0.1220E-09
  0.1000E+12  0.1000E-73  0.3680E-40  0.8240E-29  0.1210E-18  0.2360E-13  0.2270E-10  0.1320E-09  0.1880E-09  0.2080E-09  0.2150E-09  0.2050E-09  0.1790E-09  0.1490E-09  0.1320E-09
  0.1000E+13  0.1000E-73  0.2740E-39  0.2130E-28  0.1490E-18  0.2490E-13  0.2270E-10  0.1280E-09  0.1800E-09  0.2000E-09  0.2080E-09  0.1990E-09  0.1740E-09  0.1460E-09  0.1300E-09
  0.1000E+14  0.1000E-73  0.3060E-38  0.1380E-27  0.1670E-18  0.2480E-13  0.2230E-10  0.1250E-09  0.1770E-09  0.1960E-09  0.2040E-09  0.1950E-09  0.1710E-09  0.1440E-09  0.1280E-09
  0.1000E+15  0.1000E-73  0.3130E-37  0.1290E-26  0.2460E-18  0.2550E-13  0.2270E-10  0.1280E-09  0.1820E-09  0.2020E-09  0.2100E-09  0.2010E-09  0.1760E-09  0.1470E-09  0.1310E-09
  0.1000E+16  0.1000E-73  0.3160E-36  0.1290E-25  0.1030E-17  0.3340E-13  0.2750E-10  0.1550E-09  0.2200E-09  0.2450E-09  0.2560E-09  0.2470E-09  0.2170E-09  0.1800E-09  0.1580E-09
  0.1000E+17  0.1270E-48  0.3220E-35  0.1310E-24  0.8660E-17  0.9880E-13  0.4760E-10  0.2290E-09  0.3120E-09  0.3430E-09  0.3570E-09  0.3450E-09  0.3050E-09  0.2570E-09  0.2280E-09
WAVELENGTH(A)= 
   339.685
 7 14 t 
excit   
     0.844      1.270      2.110      4.220      8.440     21.100     42.200     63.300     84.400    127.000    211.000    422.000    844.000   1270.000 
  0.1000E+11  0.1000E-73  0.1400E-34  0.3740E-24  0.2150E-16  0.1380E-12  0.2110E-10  0.7670E-10  0.9510E-10  0.9830E-10  0.9470E-10  0.8450E-10  0.6930E-10  0.5540E-10  0.4820E-10
  0.1000E+12  0.1000E-73  0.1400E-34  0.3740E-24  0.2150E-16  0.1390E-12  0.2130E-10  0.7710E-10  0.9520E-10  0.9830E-10  0.9460E-10  0.8410E-10  0.6820E-10  0.5350E-10  0.4580E-10
  0.1000E+13  0.1000E-73  0.1400E-34  0.3740E-24  0.2160E-16  0.1410E-12  0.2300E-10  0.8500E-10  0.1060E-09  0.1110E-09  0.1070E-09  0.9620E-10  0.7820E-10  0.6110E-10  0.5210E-10
  0.1000E+14  0.9700E-48  0.1400E-34  0.3750E-24  0.2160E-16  0.1470E-12  0.2540E-10  0.9530E-10  0.1200E-09  0.1250E-09  0.1230E-09  0.1110E-09  0.9110E-10  0.7210E-10  0.6190E-10
  0.1000E+15  0.1160E-47  0.1400E-34  0.3760E-24  0.2170E-16  0.1490E-12  0.2610E-10  0.9840E-10  0.1240E-09  0.1300E-09  0.1280E-09  0.1160E-09  0.9560E-10  0.7600E-10  0.6550E-10
  0.1000E+16  0.1220E-47  0.1470E-34  0.3880E-24  0.2210E-16  0.1520E-12  0.2750E-10  0.1050E-09  0.1330E-09  0.1410E-09  0.1390E-09  0.1280E-09  0.1060E-09  0.8460E-10  0.7290E-10
  0.1000E+17  0.1930E-47  0.2130E-34  0.5050E-24  0.2570E-16  0.1720E-12  0.3270E-10  0.1220E-09  0.1550E-09  0.1650E-09  0.1650E-09  0.1540E-09  0.1310E-09  0.1060E-09  0.9210E-10
WAVELENGTH(A)= 
   380.735
 7 14 t 
excit   
     0.844      1.270      2.110      4.220      8.440     21.100     42.200     63.300     84.400    127.000    211.000    422.000    844.000   1270.000 
  0.1000E+11  0.1000E-73  0.1060E-34  0.6900E-24  0.7630E-16  0.6790E-12  0.1230E-09  0.4650E-09  0.5790E-09  0.5960E-09  0.5680E-09  0.4990E-09  0.4010E-09  0.3140E-09  0.2700E-09
  0.1000E+12  0.1000E-73  0.1060E-34  0.6900E-24  0.7630E-16  0.6800E-12  0.1220E-09  0.4500E-09  0.5530E-09  0.5670E-09  0.5370E-09  0.4700E-09  0.3740E-09  0.2890E-09  0.2460E-09
  0.1000E+13  0.1000E-73  0.1060E-34  0.6900E-24  0.7630E-16  0.6800E-12  0.1200E-09  0.4320E-09  0.5270E-09  0.5390E-09  0.5110E-09  0.4470E-09  0.3560E-09  0.2760E-09  0.2350E-09
  0.1000E+14  0.1000E-73  0.1060E-34  0.6900E-24  0.7630E-16  0.6800E-12  0.1200E-09  0.4270E-09  0.5200E-09  0.5310E-09  0.5040E-09  0.4410E-09  0.3510E-09  0.2720E-09  0.2310E-09
  0.1000E+15  0.3030E-48  0.1060E-34  0.6900E-24  0.7640E-16  0.6810E-12  0.1200E-09  0.4250E-09  0.5160E-09  0.5280E-09  0.5000E-09  0.4390E-09  0.3500E-09  0.2710E-09  0.2300E-09
  0.1000E+16  0.3030E-48  0.1070E-34  0.6960E-24  0.7690E-16  0.6850E-12  0.1200E-09  0.4130E-09  0.4980E-09  0.5090E-09  0.4840E-09  0.4270E-09  0.3440E-09  0.2680E-09  0.2290E-09
  0.1000E+17  0.3240E-48  0.1180E-34  0.7500E-24  0.8130E-16  0.7170E-12  0.1200E-09  0.3850E-09  0.4600E-09  0.4710E-09  0.4530E-09  0.4060E-09  0.3330E-09  0.2640E-09  0.2270E-09
WAVELENGTH(A)= 
   392.943
 7 14 t 
excit   
     0.844      1.270      2.110      4.220      8.440     21.100     42.200     63.300     84.400    127.000    211.000    422.000    844.000   1270.000 
  0.1000E+11  0.1000E-73  0.2830E-38  0.4390E-26  0.5240E-17  0.1530E-12  0.5620E-10  0.2690E-09  0.3610E-09  0.3850E-09  0.3780E-09  0.3380E-09  0.2720E-09  0.2120E-09  0.1820E-09
  0.1000E+12  0.1000E-73  0.2830E-38  0.4390E-26  0.5240E-17  0.1530E-12  0.5560E-10  0.2590E-09  0.3440E-09  0.3640E-09  0.3560E-09  0.3170E-09  0.2520E-09  0.1930E-09  0.1640E-09
  0.1000E+13  0.1000E-73  0.2830E-38  0.4390E-26  0.5240E-17  0.1530E-12  0.5490E-10  0.2500E-09  0.3280E-09  0.3470E-09  0.3390E-09  0.3030E-09  0.2410E-09  0.1850E-09  0.1570E-09
  0.1000E+14  0.1000E-73  0.2830E-38  0.4390E-26  0.5240E-17  0.1530E-12  0.5470E-10  0.2470E-09  0.3240E-09  0.3430E-09  0.3350E-09  0.2990E-09  0.2380E-09  0.1830E-09  0.1550E-09
  0.1000E+15  0.1000E-73  0.2830E-38  0.4380E-26  0.5230E-17  0.1530E-12  0.5470E-10  0.2460E-09  0.3220E-09  0.3400E-09  0.3330E-09  0.2970E-09  0.2370E-09  0.1820E-09  0.1540E-09
  0.1000E+16  0.1000E-73  0.2760E-38  0.4300E-26  0.5150E-17  0.1510E-12  0.5390E-10  0.2360E-09  0.3060E-09  0.3230E-09  0.3170E-09  0.2850E-09  0.2290E-09  0.1770E-09  0.1510E-09
  0.1000E+17  0.1000E-73  0.2290E-38  0.3640E-26  0.4440E-17  0.1320E-12  0.4520E-10  0.1840E-09  0.2370E-09  0.2520E-09  0.2520E-09  0.2320E-09  0.1930E-09  0.1540E-09  0.1330E-09
WAVELENGTH(A)= 
   399.265
 7 14 t 
excit   
     0.844      1.270      2.110      4.220      8.440     21.100     42.200     63.300     84.400    127.000    211.000    422.000    844.000   1270.000 
  0.1000E+11  0.1250E-44  0.1610E-32  0.7720E-23  0.1240E-15  0.4440E-12  0.5160E-10  0.1770E-09  0.2160E-09  0.2210E-09  0.2090E-09  0.1840E-09  0.1500E-09  0.1200E-09  0.1050E-09
  0.1000E+12  0.1120E-44  0.1610E-32  0.7720E-23  0.1240E-15  0.4440E-12  0.5120E-10  0.1710E-09  0.2060E-09  0.2100E-09  0.1980E-09  0.1730E-09  0.1390E-09  0.1100E-09  0.9490E-10
  0.1000E+13  0.1130E-44  0.1610E-32  0.7720E-23  0.1240E-15  0.4440E-12  0.5060E-10  0.1650E-09  0.1970E-09  0.2000E-09  0.1890E-09  0.1660E-09  0.1340E-09  0.1050E-09  0.9100E-10
  0.1000E+14  0.1130E-44  0.1610E-32  0.7720E-23  0.1240E-15  0.4440E-12  0.5040E-10  0.1630E-09  0.1950E-09  0.1980E-09  0.1870E-09  0.1640E-09  0.1320E-09  0.1040E-09  0.8990E-10
  0.1000E+15  0.1130E-44  0.1610E-32  0.7730E-23  0.1240E-15  0.4440E-12  0.5050E-10  0.1630E-09  0.1950E-09  0.1980E-09  0.1870E-09  0.1640E-09  0.1330E-09  0.1050E-09  0.9020E-10
  0.1000E+16  0.1150E-44  0.1630E-32  0.7810E-23  0.1250E-15  0.4470E-12  0.5100E-10  0.1640E-09  0.1960E-09  0.1990E-09  0.1900E-09  0.1690E-09  0.1370E-09  0.1080E-09  0.9350E-10
  0.1000E+17  0.1380E-44  0.1890E-32  0.8710E-23  0.1330E-15  0.4660E-12  0.5210E-10  0.1590E-09  0.1890E-09  0.1940E-09  0.1880E-09  0.1710E-09  0.1430E-09  0.1150E-09  0.1010E-09
WAVELENGTH(A)= 
   508.182
 7 14 t 
excit   
     0.844      1.270      2.110      4.220      8.440     21.100     42.200     63.300     84.400    127.000    211.000    422.000    844.000   1270.000 
  0.1000E+11  0.1000E-73  0.2260E-36  0.2300E-25  0.5020E-17  0.8910E-13  0.3130E-10  0.1500E-09  0.2030E-09  0.2180E-09  0.2180E-09  0.2000E-09  0.1690E-09  0.1380E-09  0.1220E-09
  0.1000E+12  0.1000E-73  0.5790E-36  0.2370E-25  0.5360E-17  0.9970E-13  0.3330E-10  0.1520E-09  0.2010E-09  0.2150E-09  0.2130E-09  0.1950E-09  0.1640E-09  0.1330E-09  0.1170E-09
  0.1000E+13  0.2040E-46  0.3990E-35  0.2660E-25  0.5430E-17  0.9830E-13  0.3190E-10  0.1410E-09  0.1860E-09  0.1990E-09  0.1970E-09  0.1810E-09  0.1520E-09  0.1240E-09  0.1090E-09
  0.1000E+14  0.2420E-45  0.4020E-34  0.5410E-25  0.5510E-17  0.9670E-13  0.3120E-10  0.1380E-09  0.1820E-09  0.1940E-09  0.1930E-09  0.1770E-09  0.1490E-09  0.1210E-09  0.1060E-09
  0.1000E+15  0.2450E-44  0.4030E-33  0.3280E-24  0.6450E-17  0.9810E-13  0.3140E-10  0.1380E-09  0.1820E-09  0.1940E-09  0.1930E-09  0.1780E-09  0.1490E-09  0.1220E-09  0.1070E-09
  0.1000E+16  0.2400E-43  0.3950E-32  0.3010E-23  0.1570E-16  0.1150E-12  0.3350E-10  0.1440E-09  0.1890E-09  0.2020E-09  0.2020E-09  0.1870E-09  0.1580E-09  0.1290E-09  0.1130E-09
  0.1000E+17  0.1930E-42  0.3280E-31  0.2540E-22  0.9420E-16  0.2450E-12  0.4230E-10  0.1550E-09  0.1960E-09  0.2080E-09  0.2090E-09  0.1960E-09  0.1700E-09  0.1420E-09  0.1250E-09
WAVELENGTH(A)= 
   510.022
 7 14 t 
excit   
     0.844      1.270      2.110      4.220      8.440     21.100     42.200     63.300     84.400    127.000    211.000    422.000    844.000   1270.000 
  0.1000E+11  0.2860E-44  0.3680E-32  0.1770E-22  0.2830E-15  0.1020E-11  0.1180E-09  0.4060E-09  0.4940E-09  0.5050E-09  0.4790E-09  0.4220E-09  0.3430E-09  0.2740E-09  0.2400E-09
  0.1000E+12  0.2570E-44  0.3680E-32  0.1770E-22  0.2830E-15  0.1020E-11  0.1170E-09  0.3920E-09  0.4720E-09  0.4800E-09  0.4530E-09  0.3970E-09  0.3190E-09  0.2520E-09  0.2170E-09
  0.1000E+13  0.2580E-44  0.3680E-32  0.1770E-22  0.2830E-15  0.1020E-11  0.1160E-09  0.3780E-09  0.4520E-09  0.4590E-09  0.4330E-09  0.3800E-09  0.3060E-09  0.2410E-09  0.2080E-09
  0.1000E+14  0.2580E-44  0.3680E-32  0.1770E-22  0.2830E-15  0.1020E-11  0.1150E-09  0.3740E-09  0.4470E-09  0.4530E-09  0.4280E-09  0.3760E-09  0.3030E-09  0.2380E-09  0.2060E-09
  0.1000E+15  0.2580E-44  0.3680E-32  0.1770E-22  0.2830E-15  0.1020E-11  0.1160E-09  0.3740E-09  0.4460E-09  0.4530E-09  0.4280E-09  0.3770E-09  0.3040E-09  0.2390E-09  0.2060E-09
  0.1000E+16  0.2630E-44  0.3740E-32  0.1790E-22  0.2850E-15  0.1020E-11  0.1170E-09  0.3750E-09  0.4480E-09  0.4570E-09  0.4350E-09  0.3860E-09  0.3140E-09  0.2480E-09  0.2140E-09
  0.1000E+17  0.3160E-44  0.4330E-32  0.1990E-22  0.3040E-15  0.1070E-11  0.1190E-09  0.3630E-09  0.4330E-09  0.4450E-09  0.4310E-09  0.3920E-09  0.3270E-09  0.2640E-09  0.2300E-09
WAVELENGTH(A)= 
   515.756
 7 14 t 
excit   
     0.844      1.270      2.110      4.220      8.440     21.100     42.200     63.300     84.400    127.000    211.000    422.000    844.000   1270.000 
  0.1000E+11  0.1000E-73  0.1340E-34  0.3600E-24  0.2070E-16  0.1330E-12  0.2020E-10  0.7370E-10  0.9130E-10  0.9440E-10  0.9100E-10  0.8120E-10  0.6660E-10  0.5330E-10  0.4630E-10
  0.1000E+12  0.1000E-73  0.1340E-34  0.3600E-24  0.2070E-16  0.1330E-12  0.2050E-10  0.7410E-10  0.9150E-10  0.9440E-10  0.9090E-10  0.8080E-10  0.6550E-10  0.5140E-10  0.4400E-10
  0.1000E+13  0.1000E-73  0.1340E-34  0.3600E-24  0.2070E-16  0.1360E-12  0.2210E-10  0.8170E-10  0.1020E-09  0.1060E-09  0.1030E-09  0.9250E-10  0.7520E-10  0.5870E-10  0.5010E-10
  0.1000E+14  0.9320E-48  0.1340E-34  0.3600E-24  0.2080E-16  0.1410E-12  0.2440E-10  0.9150E-10  0.1150E-09  0.1200E-09  0.1180E-09  0.1070E-09  0.8760E-10  0.6930E-10  0.5950E-10
  0.1000E+15  0.1120E-47  0.1350E-34  0.3610E-24  0.2090E-16  0.1430E-12  0.2510E-10  0.9460E-10  0.1190E-09  0.1250E-09  0.1230E-09  0.1110E-09  0.9190E-10  0.7310E-10  0.6290E-10
  0.1000E+16  0.1170E-47  0.1410E-34  0.3730E-24  0.2130E-16  0.1460E-12  0.2650E-10  0.1010E-09  0.1280E-09  0.1350E-09  0.1340E-09  0.1230E-09  0.1020E-09  0.8130E-10  0.7000E-10
  0.1000E+17  0.1850E-47  0.2050E-34  0.4860E-24  0.2470E-16  0.1660E-12  0.3150E-10  0.1170E-09  0.1490E-09  0.1580E-09  0.1590E-09  0.1480E-09  0.1260E-09  0.1020E-09  0.8850E-10
WAVELENGTH(A)= 
   517.706
 7 14 t 
excit   
     0.844      1.270      2.110      4.220      8.440     21.100     42.200     63.300     84.400    127.000    211.000    422.000    844.000   1270.000 
  0.1000E+11  0.6820E-43  0.2030E-31  0.2780E-22  0.1750E-15  0.4490E-12  0.5970E-10  0.2420E-09  0.3160E-09  0.3350E-09  0.3300E-09  0.3000E-09  0.2500E-09  0.2030E-09  0.1790E-09
  0.1000E+12  0.6830E-43  0.2030E-31  0.2780E-22  0.1760E-15  0.4810E-12  0.7740E-10  0.3370E-09  0.4470E-09  0.4770E-09  0.4730E-09  0.4290E-09  0.3500E-09  0.2740E-09  0.2350E-09
  0.1000E+13  0.6840E-43  0.2030E-31  0.2780E-22  0.1780E-15  0.5600E-12  0.1040E-09  0.4500E-09  0.5940E-09  0.6360E-09  0.6350E-09  0.5840E-09  0.4880E-09  0.3920E-09  0.3410E-09
  0.1000E+14  0.6870E-43  0.2040E-31  0.2790E-22  0.1800E-15  0.5890E-12  0.1100E-09  0.4670E-09  0.6140E-09  0.6570E-09  0.6560E-09  0.6050E-09  0.5090E-09  0.4130E-09  0.3620E-09
  0.1000E+15  0.7220E-43  0.2120E-31  0.2870E-22  0.1840E-15  0.5990E-12  0.1120E-09  0.4750E-09  0.6250E-09  0.6690E-09  0.6680E-09  0.6170E-09  0.5190E-09  0.4210E-09  0.3680E-09
  0.1000E+16  0.1070E-42  0.2930E-31  0.3680E-22  0.2180E-15  0.6700E-12  0.1260E-09  0.5310E-09  0.6960E-09  0.7450E-09  0.7470E-09  0.6910E-09  0.5810E-09  0.4690E-09  0.4090E-09
  0.1000E+17  0.4110E-42  0.1010E-30  0.1090E-21  0.5040E-15  0.1210E-11  0.1840E-09  0.6730E-09  0.8510E-09  0.9040E-09  0.9050E-09  0.8440E-09  0.7200E-09  0.5880E-09  0.5150E-09
WAVELENGTH(A)= 
   523.834
 7 14 t 
excit   
     0.844      1.270      2.110      4.220      8.440     21.100     42.200     63.300     84.400    127.000    211.000    422.000    844.000   1270.000 
  0.1000E+11  0.1000E-73  0.4790E-36  0.1430E-25  0.3510E-17  0.5490E-13  0.1650E-10  0.7820E-10  0.1060E-09  0.1140E-09  0.1140E-09  0.1050E-09  0.8880E-10  0.7360E-10  0.6560E-10
  0.1000E+12  0.1000E-73  0.3990E-35  0.1560E-25  0.3540E-17  0.5560E-13  0.1660E-10  0.7650E-10  0.1020E-09  0.1090E-09  0.1090E-09  0.9970E-10  0.8360E-10  0.6820E-10  0.6000E-10
  0.1000E+13  0.6110E-45  0.3910E-34  0.2850E-25  0.3580E-17  0.5580E-13  0.1650E-10  0.7430E-10  0.9860E-10  0.1050E-09  0.1050E-09  0.9630E-10  0.8080E-10  0.6590E-10  0.5800E-10
  0.1000E+14  0.6190E-44  0.3910E-33  0.1570E-24  0.3840E-17  0.5630E-13  0.1660E-10  0.7450E-10  0.9890E-10  0.1060E-09  0.1050E-09  0.9660E-10  0.8100E-10  0.6600E-10  0.5800E-10
  0.1000E+15  0.6190E-43  0.3910E-32  0.1440E-23  0.6460E-17  0.6120E-13  0.1810E-10  0.8250E-10  0.1100E-09  0.1180E-09  0.1180E-09  0.1080E-09  0.8990E-10  0.7230E-10  0.6310E-10
  0.1000E+16  0.6090E-42  0.3850E-31  0.1410E-22  0.3180E-16  0.1070E-12  0.2990E-10  0.1380E-09  0.1840E-09  0.1980E-09  0.1980E-09  0.1810E-09  0.1490E-09  0.1170E-09  0.9960E-10
  0.1000E+17  0.5320E-41  0.3390E-30  0.1210E-21  0.2310E-15  0.3920E-12  0.6410E-10  0.2340E-09  0.2940E-09  0.3110E-09  0.3100E-09  0.2890E-09  0.2450E-09  0.1990E-09  0.1740E-09
WAVELENGTH(A)= 
   576.369
 7 14 t 
excit   
     0.844      1.270      2.110      4.220      8.440     21.100     42.200     63.300     84.400    127.000    211.000    422.000    844.000   1270.000 
  0.1000E+11  0.1000E-73  0.1390E-35  0.9070E-25  0.1000E-16  0.8930E-13  0.1610E-10  0.6120E-10  0.7610E-10  0.7840E-10  0.7460E-10  0.6560E-10  0.5270E-10  0.4130E-10  0.3550E-10
  0.1000E+12  0.1000E-73  0.1390E-35  0.9070E-25  0.1000E-16  0.8940E-13  0.1610E-10  0.5920E-10  0.7280E-10  0.7450E-10  0.7060E-10  0.6180E-10  0.4910E-10  0.3800E-10  0.3240E-10
  0.1000E+13  0.1000E-73  0.1390E-35  0.9070E-25  0.1000E-16  0.8940E-13  0.1580E-10  0.5680E-10  0.6930E-10  0.7090E-10  0.6710E-10  0.5880E-10  0.4680E-10  0.3620E-10  0.3080E-10
  0.1000E+14  0.1000E-73  0.1390E-35  0.9070E-25  0.1000E-16  0.8940E-13  0.1580E-10  0.5620E-10  0.6840E-10  0.6990E-10  0.6620E-10  0.5800E-10  0.4620E-10  0.3570E-10  0.3040E-10
  0.1000E+15  0.3980E-49  0.1390E-35  0.9080E-25  0.1000E-16  0.8950E-13  0.1570E-10  0.5590E-10  0.6790E-10  0.6940E-10  0.6580E-10  0.5770E-10  0.4600E-10  0.3560E-10  0.3030E-10
  0.1000E+16  0.3980E-49  0.1410E-35  0.9160E-25  0.1010E-16  0.9000E-13  0.1570E-10  0.5430E-10  0.6550E-10  0.6690E-10  0.6360E-10  0.5620E-10  0.4520E-10  0.3520E-10  0.3010E-10
  0.1000E+17  0.4260E-49  0.1550E-35  0.9870E-25  0.1070E-16  0.9430E-13  0.1580E-10  0.5070E-10  0.6050E-10  0.6190E-10  0.5960E-10  0.5340E-10  0.4380E-10  0.3470E-10  0.2990E-10
WAVELENGTH(A)= 
   582.886
 7 14 t 
excit   
     0.844      1.270      2.110      4.220      8.440     21.100     42.200     63.300     84.400    127.000    211.000    422.000    844.000   1270.000 
  0.1000E+11  0.1300E-42  0.5560E-31  0.1020E-21  0.7840E-15  0.1870E-11  0.1560E-09  0.4660E-09  0.5350E-09  0.5300E-09  0.4860E-09  0.4160E-09  0.3270E-09  0.2540E-09  0.2190E-09
  0.1000E+12  0.1290E-42  0.5560E-31  0.1020E-21  0.7840E-15  0.1870E-11  0.1550E-09  0.4490E-09  0.5090E-09  0.5010E-09  0.4580E-09  0.3890E-09  0.3020E-09  0.2320E-09  0.1970E-09
  0.1000E+13  0.1290E-42  0.5560E-31  0.1020E-21  0.7840E-15  0.1870E-11  0.1530E-09  0.4310E-09  0.4850E-09  0.4770E-09  0.4350E-09  0.3700E-09  0.2880E-09  0.2210E-09  0.1880E-09
  0.1000E+14  0.1290E-42  0.5560E-31  0.1020E-21  0.7840E-15  0.1870E-11  0.1520E-09  0.4260E-09  0.4790E-09  0.4700E-09  0.4290E-09  0.3650E-09  0.2840E-09  0.2180E-09  0.1850E-09
  0.1000E+15  0.1290E-42  0.5540E-31  0.1020E-21  0.7820E-15  0.1870E-11  0.1510E-09  0.4220E-09  0.4730E-09  0.4650E-09  0.4240E-09  0.3610E-09  0.2810E-09  0.2160E-09  0.1840E-09
  0.1000E+16  0.1250E-42  0.5390E-31  0.9970E-22  0.7690E-15  0.1840E-11  0.1470E-09  0.3950E-09  0.4390E-09  0.4300E-09  0.3930E-09  0.3370E-09  0.2650E-09  0.2060E-09  0.1760E-09
  0.1000E+17  0.9550E-43  0.4290E-31  0.8250E-22  0.6590E-15  0.1590E-11  0.1210E-09  0.3000E-09  0.3280E-09  0.3230E-09  0.3000E-09  0.2630E-09  0.2140E-09  0.1700E-09  0.1480E-09
WAVELENGTH(A)= 
   801.796
 7 14 t 
excit   
     0.844      1.270      2.110      4.220      8.440     21.100     42.200     63.300     84.400    127.000    211.000    422.000    844.000   1270.000 
  0.1000E+11  0.1000E-73  0.1270E-36  0.2310E-25  0.5630E-17  0.7800E-13  0.1950E-10  0.8460E-10  0.1110E-09  0.1170E-09  0.1160E-09  0.1050E-09  0.8860E-10  0.7340E-10  0.6560E-10
  0.1000E+12  0.1000E-73  0.1270E-36  0.2310E-25  0.5630E-17  0.7800E-13  0.1940E-10  0.8210E-10  0.1060E-09  0.1120E-09  0.1100E-09  0.9930E-10  0.8280E-10  0.6760E-10  0.5960E-10
  0.1000E+13  0.1000E-73  0.1270E-36  0.2310E-25  0.5630E-17  0.7800E-13  0.1920E-10  0.7940E-10  0.1020E-09  0.1080E-09  0.1050E-09  0.9550E-10  0.7970E-10  0.6510E-10  0.5740E-10
  0.1000E+14  0.1000E-73  0.1270E-36  0.2310E-25  0.5630E-17  0.7810E-13  0.1920E-10  0.7860E-10  0.1010E-09  0.1060E-09  0.1040E-09  0.9440E-10  0.7880E-10  0.6440E-10  0.5670E-10
  0.1000E+15  0.1000E-73  0.1270E-36  0.2310E-25  0.5620E-17  0.7800E-13  0.1920E-10  0.7850E-10  0.1010E-09  0.1060E-09  0.1040E-09  0.9430E-10  0.7880E-10  0.6430E-10  0.5670E-10
  0.1000E+16  0.1000E-73  0.1260E-36  0.2290E-25  0.5550E-17  0.7720E-13  0.1920E-10  0.7780E-10  0.9990E-10  0.1050E-09  0.1040E-09  0.9440E-10  0.7910E-10  0.6460E-10  0.5690E-10
  0.1000E+17  0.9290E-51  0.1340E-36  0.2270E-25  0.5190E-17  0.7180E-13  0.1810E-10  0.7080E-10  0.9090E-10  0.9660E-10  0.9670E-10  0.8990E-10  0.7680E-10  0.6340E-10  0.5610E-10
WAVELENGTH(A)= 
   813.074
 7 14 t 
excit   
     0.844      1.270      2.110      4.220      8.440     21.100     42.200     63.300     84.400    127.000    211.000    422.000    844.000   1270.000 
  0.1000E+11  0.1000E-73  0.2690E-36  0.3450E-25  0.6450E-17  0.7680E-13  0.1700E-10  0.7030E-10  0.9040E-10  0.9490E-10  0.9290E-10  0.8470E-10  0.7190E-10  0.6040E-10  0.5410E-10
  0.1000E+12  0.1000E-73  0.2690E-36  0.3450E-25  0.6450E-17  0.7680E-13  0.1690E-10  0.6770E-10  0.8600E-10  0.8980E-10  0.8750E-10  0.7920E-10  0.6660E-10  0.5510E-10  0.4880E-10
  0.1000E+13  0.1000E-73  0.2690E-36  0.3450E-25  0.6450E-17  0.7680E-13  0.1660E-10  0.6500E-10  0.8190E-10  0.8540E-10  0.8320E-10  0.7540E-10  0.6350E-10  0.5250E-10  0.4650E-10
  0.1000E+14  0.1000E-73  0.2690E-36  0.3450E-25  0.6450E-17  0.7680E-13  0.1660E-10  0.6430E-10  0.8080E-10  0.8420E-10  0.8200E-10  0.7440E-10  0.6260E-10  0.5180E-10  0.4580E-10
  0.1000E+15  0.1000E-73  0.2690E-36  0.3450E-25  0.6450E-17  0.7670E-13  0.1650E-10  0.6370E-10  0.7990E-10  0.8320E-10  0.8110E-10  0.7360E-10  0.6200E-10  0.5130E-10  0.4550E-10
  0.1000E+16  0.4500E-50  0.2720E-36  0.3480E-25  0.6480E-17  0.7670E-13  0.1620E-10  0.6020E-10  0.7460E-10  0.7760E-10  0.7570E-10  0.6910E-10  0.5870E-10  0.4910E-10  0.4370E-10
  0.1000E+17  0.3150E-50  0.2870E-36  0.3630E-25  0.6650E-17  0.7700E-13  0.1500E-10  0.5070E-10  0.6170E-10  0.6410E-10  0.6310E-10  0.5840E-10  0.5060E-10  0.4300E-10  0.3860E-10
WAVELENGTH(A)= 
   873.744
 7 14 t 
excit   
     0.844      1.270      2.110      4.220      8.440     21.100     42.200     63.300     84.400    127.000    211.000    422.000    844.000   1270.000 
  0.1000E+11  0.1000E-73  0.4650E-40  0.6770E-28  0.1390E-18  0.9260E-14  0.7420E-11  0.4440E-10  0.6310E-10  0.6860E-10  0.6840E-10  0.6130E-10  0.4880E-10  0.3720E-10  0.3140E-10
  0.1000E+12  0.1000E-73  0.5010E-40  0.6830E-28  0.1470E-18  0.1040E-13  0.8020E-11  0.4550E-10  0.6340E-10  0.6840E-10  0.6780E-10  0.6040E-10  0.4790E-10  0.3630E-10  0.3050E-10
  0.1000E+13  0.1000E-73  0.8490E-40  0.7100E-28  0.1490E-18  0.1040E-13  0.7700E-11  0.4260E-10  0.5900E-10  0.6360E-10  0.6320E-10  0.5660E-10  0.4510E-10  0.3430E-10  0.2890E-10
  0.1000E+14  0.1000E-73  0.4520E-39  0.9730E-28  0.1520E-18  0.1020E-13  0.7550E-11  0.4170E-10  0.5770E-10  0.6220E-10  0.6190E-10  0.5540E-10  0.4410E-10  0.3360E-10  0.2820E-10
  0.1000E+15  0.1000E-73  0.4120E-38  0.3580E-27  0.1800E-18  0.1050E-13  0.7620E-11  0.4200E-10  0.5810E-10  0.6270E-10  0.6240E-10  0.5590E-10  0.4460E-10  0.3390E-10  0.2850E-10
  0.1000E+16  0.1000E-73  0.3870E-37  0.2830E-26  0.4500E-18  0.1310E-13  0.8380E-11  0.4510E-10  0.6230E-10  0.6730E-10  0.6730E-10  0.6080E-10  0.4870E-10  0.3700E-10  0.3110E-10
  0.1000E+17  0.5980E-50  0.2860E-36  0.2040E-25  0.2340E-17  0.2960E-13  0.1120E-10  0.5180E-10  0.6950E-10  0.7510E-10  0.7600E-10  0.7040E-10  0.5840E-10  0.4570E-10  0.3890E-10
WAVELENGTH(A)= 
   897.747
 7 14 t 
excit   
     0.844      1.270      2.110      4.220      8.440     21.100     42.200     63.300     84.400    127.000    211.000    422.000    844.000   1270.000 
  0.1000E+11  0.1000E-73  0.1000E-73  0.2270E-34  0.1900E-21  0.4650E-15  0.2410E-11  0.2730E-10  0.4830E-10  0.5890E-10  0.6570E-10  0.6430E-10  0.5450E-10  0.4300E-10  0.3680E-10
  0.1000E+12  0.1000E-73  0.1000E-73  0.2270E-34  0.1900E-21  0.4650E-15  0.2380E-11  0.2630E-10  0.4600E-10  0.5570E-10  0.6180E-10  0.6010E-10  0.5040E-10  0.3920E-10  0.3320E-10
  0.1000E+13  0.1000E-73  0.1000E-73  0.2270E-34  0.1900E-21  0.4650E-15  0.2350E-11  0.2530E-10  0.4380E-10  0.5300E-10  0.5880E-10  0.5730E-10  0.4810E-10  0.3730E-10  0.3160E-10
  0.1000E+14  0.1000E-73  0.1000E-73  0.2290E-34  0.1910E-21  0.4670E-15  0.2350E-11  0.2500E-10  0.4330E-10  0.5240E-10  0.5810E-10  0.5650E-10  0.4750E-10  0.3680E-10  0.3120E-10
  0.1000E+15  0.1000E-73  0.1000E-73  0.2440E-34  0.1990E-21  0.4810E-15  0.2390E-11  0.2520E-10  0.4350E-10  0.5250E-10  0.5810E-10  0.5650E-10  0.4740E-10  0.3680E-10  0.3110E-10
  0.1000E+16  0.1000E-73  0.1000E-73  0.3640E-34  0.2630E-21  0.5700E-15  0.2600E-11  0.2590E-10  0.4370E-10  0.5240E-10  0.5770E-10  0.5610E-10  0.4710E-10  0.3660E-10  0.3100E-10
  0.1000E+17  0.1000E-73  0.8690E-51  0.8390E-34  0.4630E-21  0.7520E-15  0.2790E-11  0.2450E-10  0.4030E-10  0.4810E-10  0.5330E-10  0.5240E-10  0.4480E-10  0.3530E-10  0.3000E-10
WAVELENGTH(A)= 
   922.679
 7 14 t 
excit   
     0.844      1.270      2.110      4.220      8.440     21.100     42.200     63.300     84.400    127.000    211.000    422.000    844.000   1270.000 
  0.1000E+11  0.1000E-73  0.2950E-36  0.3780E-25  0.7070E-17  0.8420E-13  0.1870E-10  0.7700E-10  0.9910E-10  0.1040E-09  0.1020E-09  0.9290E-10  0.7880E-10  0.6620E-10  0.5940E-10
  0.1000E+12  0.1000E-73  0.2950E-36  0.3780E-25  0.7070E-17  0.8420E-13  0.1850E-10  0.7430E-10  0.9430E-10  0.9850E-10  0.9590E-10  0.8690E-10  0.7300E-10  0.6040E-10  0.5350E-10
  0.1000E+13  0.1000E-73  0.2950E-36  0.3780E-25  0.7070E-17  0.8420E-13  0.1830E-10  0.7130E-10  0.8990E-10  0.9370E-10  0.9120E-10  0.8270E-10  0.6960E-10  0.5760E-10  0.5100E-10
  0.1000E+14  0.1000E-73  0.2950E-36  0.3780E-25  0.7070E-17  0.8420E-13  0.1820E-10  0.7050E-10  0.8860E-10  0.9240E-10  0.8990E-10  0.8160E-10  0.6860E-10  0.5680E-10  0.5020E-10
  0.1000E+15  0.1000E-73  0.2950E-36  0.3790E-25  0.7070E-17  0.8420E-13  0.1810E-10  0.6980E-10  0.8760E-10  0.9130E-10  0.8890E-10  0.8070E-10  0.6800E-10  0.5630E-10  0.4990E-10
  0.1000E+16  0.4930E-50  0.2980E-36  0.3810E-25  0.7100E-17  0.8410E-13  0.1780E-10  0.6600E-10  0.8180E-10  0.8500E-10  0.8300E-10  0.7570E-10  0.6440E-10  0.5380E-10  0.4790E-10
  0.1000E+17  0.3450E-50  0.3150E-36  0.3980E-25  0.7290E-17  0.8440E-13  0.1640E-10  0.5560E-10  0.6770E-10  0.7030E-10  0.6920E-10  0.6400E-10  0.5550E-10  0.4710E-10  0.4230E-10
WAVELENGTH(A)= 
   959.325
 7 14 t 
excit   
     0.844      1.270      2.110      4.220      8.440     21.100     42.200     63.300     84.400    127.000    211.000    422.000    844.000   1270.000 
  0.1000E+11  0.8760E-43  0.3750E-31  0.6900E-22  0.5290E-15  0.1260E-11  0.1060E-09  0.3150E-09  0.3620E-09  0.3580E-09  0.3290E-09  0.2810E-09  0.2210E-09  0.1720E-09  0.1480E-09
  0.1000E+12  0.8740E-43  0.3750E-31  0.6900E-22  0.5290E-15  0.1260E-11  0.1050E-09  0.3030E-09  0.3440E-09  0.3390E-09  0.3090E-09  0.2630E-09  0.2040E-09  0.1570E-09  0.1330E-09
  0.1000E+13  0.8740E-43  0.3750E-31  0.6900E-22  0.5290E-15  0.1260E-11  0.1030E-09  0.2910E-09  0.3280E-09  0.3220E-09  0.2940E-09  0.2500E-09  0.1950E-09  0.1490E-09  0.1270E-09
  0.1000E+14  0.8740E-43  0.3750E-31  0.6900E-22  0.5290E-15  0.1260E-11  0.1030E-09  0.2880E-09  0.3230E-09  0.3180E-09  0.2900E-09  0.2470E-09  0.1920E-09  0.1470E-09  0.1250E-09
  0.1000E+15  0.8710E-43  0.3740E-31  0.6880E-22  0.5280E-15  0.1260E-11  0.1020E-09  0.2850E-09  0.3200E-09  0.3140E-09  0.2860E-09  0.2440E-09  0.1900E-09  0.1460E-09  0.1240E-09
  0.1000E+16  0.8420E-43  0.3640E-31  0.6730E-22  0.5190E-15  0.1240E-11  0.9930E-10  0.2670E-09  0.2960E-09  0.2910E-09  0.2660E-09  0.2280E-09  0.1790E-09  0.1390E-09  0.1190E-09
  0.1000E+17  0.6450E-43  0.2900E-31  0.5570E-22  0.4450E-15  0.1080E-11  0.8160E-10  0.2020E-09  0.2220E-09  0.2180E-09  0.2030E-09  0.1780E-09  0.1440E-09  0.1150E-09  0.1000E-09
WAVELENGTH(A)= 
  1049.650
 7 14 t 
excit   
     0.844      1.270      2.110      4.220      8.440     21.100     42.200     63.300     84.400    127.000    211.000    422.000    844.000   1270.000 
  0.1000E+11  0.9370E-45  0.1210E-32  0.5790E-23  0.9280E-16  0.3330E-12  0.3880E-10  0.1330E-09  0.1620E-09  0.1660E-09  0.1570E-09  0.1380E-09  0.1120E-09  0.8990E-10  0.7860E-10
  0.1000E+12  0.8440E-45  0.1210E-32  0.5790E-23  0.9280E-16  0.3330E-12  0.3850E-10  0.1290E-09  0.1550E-09  0.1570E-09  0.1490E-09  0.1300E-09  0.1050E-09  0.8250E-10  0.7120E-10
  0.1000E+13  0.8470E-45  0.1210E-32  0.5790E-23  0.9280E-16  0.3330E-12  0.3800E-10  0.1240E-09  0.1480E-09  0.1500E-09  0.1420E-09  0.1250E-09  0.1000E-09  0.7910E-10  0.6830E-10
  0.1000E+14  0.8460E-45  0.1210E-32  0.5790E-23  0.9280E-16  0.3340E-12  0.3790E-10  0.1230E-09  0.1460E-09  0.1490E-09  0.1400E-09  0.1230E-09  0.9930E-10  0.7820E-10  0.6750E-10
  0.1000E+15  0.8470E-45  0.1210E-32  0.5800E-23  0.9290E-16  0.3340E-12  0.3790E-10  0.1230E-09  0.1460E-09  0.1490E-09  0.1400E-09  0.1230E-09  0.9960E-10  0.7850E-10  0.6770E-10
  0.1000E+16  0.8630E-45  0.1230E-32  0.5870E-23  0.9350E-16  0.3360E-12  0.3830E-10  0.1230E-09  0.1470E-09  0.1500E-09  0.1430E-09  0.1270E-09  0.1030E-09  0.8130E-10  0.7020E-10
  0.1000E+17  0.1040E-44  0.1420E-32  0.6540E-23  0.9980E-16  0.3500E-12  0.3910E-10  0.1190E-09  0.1420E-09  0.1460E-09  0.1410E-09  0.1280E-09  0.1070E-09  0.8660E-10  0.7550E-10
WAVELENGTH(A)= 
  1079.450
 7 14 t 
excit   
     0.844      1.270      2.110      4.220      8.440     21.100     42.200     63.300     84.400    127.000    211.000    422.000    844.000   1270.000 
  0.1000E+11  0.1000E-73  0.2620E-36  0.4750E-25  0.1160E-16  0.1600E-12  0.4010E-10  0.1740E-09  0.2280E-09  0.2410E-09  0.2370E-09  0.2160E-09  0.1820E-09  0.1510E-09  0.1350E-09
  0.1000E+12  0.1000E-73  0.2620E-36  0.4750E-25  0.1160E-16  0.1600E-12  0.3990E-10  0.1690E-09  0.2190E-09  0.2300E-09  0.2250E-09  0.2040E-09  0.1700E-09  0.1390E-09  0.1220E-09
  0.1000E+13  0.1000E-73  0.2620E-36  0.4750E-25  0.1160E-16  0.1600E-12  0.3950E-10  0.1630E-09  0.2100E-09  0.2210E-09  0.2160E-09  0.1960E-09  0.1640E-09  0.1340E-09  0.1180E-09
  0.1000E+14  0.1000E-73  0.2620E-36  0.4750E-25  0.1160E-16  0.1600E-12  0.3940E-10  0.1610E-09  0.2080E-09  0.2180E-09  0.2140E-09  0.1940E-09  0.1620E-09  0.1320E-09  0.1170E-09
  0.1000E+15  0.1000E-73  0.2610E-36  0.4750E-25  0.1150E-16  0.1600E-12  0.3940E-10  0.1610E-09  0.2070E-09  0.2180E-09  0.2140E-09  0.1940E-09  0.1620E-09  0.1320E-09  0.1160E-09
  0.1000E+16  0.1000E-73  0.2590E-36  0.4690E-25  0.1140E-16  0.1580E-12  0.3940E-10  0.1600E-09  0.2050E-09  0.2160E-09  0.2130E-09  0.1940E-09  0.1630E-09  0.1330E-09  0.1170E-09
  0.1000E+17  0.1910E-50  0.2740E-36  0.4650E-25  0.1070E-16  0.1480E-12  0.3730E-10  0.1460E-09  0.1870E-09  0.1980E-09  0.1990E-09  0.1850E-09  0.1580E-09  0.1300E-09  0.1150E-09
WAVELENGTH(A)= 
  1115.700
 7 14 t 
excit   
     0.844      1.270      2.110      4.220      8.440     21.100     42.200     63.300     84.400    127.000    211.000    422.000    844.000   1270.000 
  0.1000E+11  0.1000E-73  0.7830E-37  0.7950E-26  0.1740E-17  0.3080E-13  0.1080E-10  0.5190E-10  0.7020E-10  0.7550E-10  0.7540E-10  0.6930E-10  0.5840E-10  0.4780E-10  0.4220E-10
  0.1000E+12  0.1000E-73  0.2000E-36  0.8190E-26  0.1860E-17  0.3450E-13  0.1150E-10  0.5250E-10  0.6970E-10  0.7430E-10  0.7380E-10  0.6760E-10  0.5660E-10  0.4610E-10  0.4040E-10
  0.1000E+13  0.7060E-47  0.1380E-35  0.9200E-26  0.1880E-17  0.3400E-13  0.1100E-10  0.4890E-10  0.6450E-10  0.6870E-10  0.6830E-10  0.6270E-10  0.5270E-10  0.4300E-10  0.3770E-10
  0.1000E+14  0.8370E-46  0.1390E-34  0.1870E-25  0.1910E-17  0.3350E-13  0.1080E-10  0.4780E-10  0.6300E-10  0.6710E-10  0.6670E-10  0.6120E-10  0.5140E-10  0.4190E-10  0.3670E-10
  0.1000E+15  0.8490E-45  0.1400E-33  0.1140E-24  0.2230E-17  0.3400E-13  0.1090E-10  0.4790E-10  0.6310E-10  0.6730E-10  0.6690E-10  0.6150E-10  0.5170E-10  0.4210E-10  0.3690E-10
  0.1000E+16  0.8290E-44  0.1370E-32  0.1040E-23  0.5440E-17  0.3970E-13  0.1160E-10  0.5000E-10  0.6550E-10  0.6990E-10  0.6980E-10  0.6460E-10  0.5460E-10  0.4450E-10  0.3900E-10
  0.1000E+17  0.6690E-43  0.1140E-31  0.8810E-23  0.3260E-16  0.8480E-13  0.1460E-10  0.5360E-10  0.6780E-10  0.7190E-10  0.7220E-10  0.6790E-10  0.5880E-10  0.4900E-10  0.4340E-10
WAVELENGTH(A)= 
  1328.370
 7 14 t 
excit   
     0.844      1.270      2.110      4.220      8.440     21.100     42.200     63.300     84.400    127.000    211.000    422.000    844.000   1270.000 
  0.1000E+11  0.4940E-43  0.6310E-34  0.2420E-24  0.1370E-16  0.9140E-13  0.1530E-10  0.5930E-10  0.7560E-10  0.7920E-10  0.7730E-10  0.6950E-10  0.5710E-10  0.4550E-10  0.3950E-10
  0.1000E+12  0.6060E-42  0.5760E-33  0.2560E-24  0.1390E-16  0.9300E-13  0.1570E-10  0.6130E-10  0.7820E-10  0.8210E-10  0.8030E-10  0.7210E-10  0.5870E-10  0.4600E-10  0.3940E-10
  0.1000E+13  0.9950E-41  0.8210E-32  0.3480E-24  0.1270E-16  0.7900E-13  0.1170E-10  0.4170E-10  0.5200E-10  0.5440E-10  0.5360E-10  0.4940E-10  0.4240E-10  0.3540E-10  0.3140E-10
  0.1000E+14  0.4950E-40  0.4110E-31  0.5590E-24  0.4600E-17  0.2360E-13  0.2720E-11  0.8560E-11  0.1040E-10  0.1080E-10  0.1060E-10  0.1000E-10  0.9080E-11  0.8190E-11  0.7680E-11
  0.1000E+15  0.6860E-40  0.5820E-31  0.6540E-24  0.6780E-18  0.2940E-14  0.3150E-12  0.9700E-12  0.1170E-11  0.1210E-11  0.1200E-11  0.1140E-11  0.1040E-11  0.9550E-12  0.9070E-12
  0.1000E+16  0.7110E-40  0.6050E-31  0.6650E-24  0.1440E-18  0.3320E-15  0.3540E-13  0.1100E-12  0.1330E-12  0.1390E-12  0.1380E-12  0.1320E-12  0.1210E-12  0.1110E-12  0.1050E-12
  0.1000E+17  0.7010E-40  0.5950E-31  0.6410E-24  0.8380E-19  0.5840E-16  0.5270E-14  0.1560E-13  0.1870E-13  0.1950E-13  0.1950E-13  0.1860E-13  0.1710E-13  0.1560E-13  0.1470E-13
WAVELENGTH(A)= 
  1554.730
 7 14 t 
excit   
     0.844      1.270      2.110      4.220      8.440     21.100     42.200     63.300     84.400    127.000    211.000    422.000    844.000   1270.000 
  0.1000E+11  0.1000E-73  0.5680E-39  0.9050E-27  0.1120E-17  0.3370E-13  0.1270E-10  0.6090E-10  0.8210E-10  0.8750E-10  0.8630E-10  0.7830E-10  0.6370E-10  0.5070E-10  0.4370E-10
  0.1000E+12  0.1000E-73  0.5680E-39  0.9050E-27  0.1120E-17  0.3370E-13  0.1260E-10  0.5870E-10  0.7810E-10  0.8280E-10  0.8120E-10  0.7320E-10  0.5900E-10  0.4620E-10  0.3930E-10
  0.1000E+13  0.1000E-73  0.5680E-39  0.9050E-27  0.1120E-17  0.3370E-13  0.1240E-10  0.5640E-10  0.7440E-10  0.7870E-10  0.7730E-10  0.6970E-10  0.5620E-10  0.4400E-10  0.3750E-10
  0.1000E+14  0.1000E-73  0.5670E-39  0.9040E-27  0.1120E-17  0.3360E-13  0.1240E-10  0.5570E-10  0.7340E-10  0.7760E-10  0.7610E-10  0.6870E-10  0.5540E-10  0.4340E-10  0.3690E-10
  0.1000E+15  0.1000E-73  0.5590E-39  0.8930E-27  0.1100E-17  0.3330E-13  0.1220E-10  0.5470E-10  0.7190E-10  0.7600E-10  0.7470E-10  0.6750E-10  0.5460E-10  0.4280E-10  0.3650E-10
  0.1000E+16  0.1000E-73  0.4940E-39  0.8000E-27  0.9960E-18  0.3000E-13  0.1090E-10  0.4740E-10  0.6190E-10  0.6550E-10  0.6480E-10  0.5930E-10  0.4890E-10  0.3910E-10  0.3360E-10
  0.1000E+17  0.1000E-73  0.2520E-39  0.4260E-27  0.5370E-18  0.1610E-13  0.5540E-11  0.2270E-10  0.2970E-10  0.3200E-10  0.3270E-10  0.3140E-10  0.2790E-10  0.2390E-10  0.2140E-10
WAVELENGTH(A)= 
  1582.530
 7 14 t 
excit   
     0.844      1.270      2.110      4.220      8.440     21.100     42.200     63.300     84.400    127.000    211.000    422.000    844.000   1270.000 
  0.1000E+11  0.1560E-43  0.4650E-32  0.6370E-23  0.4010E-16  0.1030E-12  0.1370E-10  0.5550E-10  0.7250E-10  0.7680E-10  0.7570E-10  0.6880E-10  0.5730E-10  0.4660E-10  0.4100E-10
  0.1000E+12  0.1570E-43  0.4650E-32  0.6370E-23  0.4030E-16  0.1100E-12  0.1770E-10  0.7720E-10  0.1020E-09  0.1090E-09  0.1080E-09  0.9830E-10  0.8020E-10  0.6290E-10  0.5390E-10
  0.1000E+13  0.1570E-43  0.4650E-32  0.6370E-23  0.4090E-16  0.1280E-12  0.2400E-10  0.1030E-09  0.1360E-09  0.1460E-09  0.1460E-09  0.1340E-09  0.1120E-09  0.8990E-10  0.7820E-10
  0.1000E+14  0.1580E-43  0.4670E-32  0.6390E-23  0.4140E-16  0.1350E-12  0.2520E-10  0.1070E-09  0.1410E-09  0.1510E-09  0.1500E-09  0.1390E-09  0.1170E-09  0.9480E-10  0.8300E-10
  0.1000E+15  0.1660E-43  0.4860E-32  0.6580E-23  0.4220E-16  0.1370E-12  0.2560E-10  0.1090E-09  0.1430E-09  0.1530E-09  0.1530E-09  0.1410E-09  0.1190E-09  0.9650E-10  0.8440E-10
  0.1000E+16  0.2450E-43  0.6720E-32  0.8450E-23  0.5000E-16  0.1540E-12  0.2890E-10  0.1220E-09  0.1600E-09  0.1710E-09  0.1710E-09  0.1590E-09  0.1330E-09  0.1080E-09  0.9370E-10
  0.1000E+17  0.9420E-43  0.2320E-31  0.2490E-22  0.1160E-15  0.2760E-12  0.4210E-10  0.1540E-09  0.1950E-09  0.2070E-09  0.2070E-09  0.1940E-09  0.1650E-09  0.1350E-09  0.1180E-09
WAVELENGTH(A)= 
  3965.110
 7 14 t 
excit   
     0.844      1.270      2.110      4.220      8.440     21.100     42.200     63.300     84.400    127.000    211.000    422.000    844.000   1270.000 
  0.1000E+11  0.3240E-37  0.2390E-29  0.2780E-22  0.1660E-15  0.5620E-12  0.9070E-10  0.3760E-09  0.4910E-09  0.5200E-09  0.5130E-09  0.4660E-09  0.3890E-09  0.3160E-09  0.2780E-09
  0.1000E+12  0.1500E-36  0.5300E-29  0.2960E-22  0.1540E-15  0.4800E-12  0.6480E-10  0.2380E-09  0.2990E-09  0.3130E-09  0.3070E-09  0.2820E-09  0.2420E-09  0.2030E-09  0.1830E-09
  0.1000E+13  0.7600E-36  0.1780E-28  0.2520E-22  0.6660E-16  0.1610E-12  0.1540E-10  0.4850E-10  0.5850E-10  0.6050E-10  0.5950E-10  0.5590E-10  0.5060E-10  0.4590E-10  0.4340E-10
  0.1000E+14  0.1360E-35  0.2950E-28  0.2100E-22  0.1000E-16  0.2020E-13  0.1720E-11  0.5210E-11  0.6240E-11  0.6440E-11  0.6330E-11  0.5980E-11  0.5470E-11  0.5050E-11  0.4830E-11
  0.1000E+15  0.1470E-35  0.3180E-28  0.2020E-22  0.1360E-17  0.2100E-14  0.1760E-12  0.5320E-12  0.6370E-12  0.6580E-12  0.6470E-12  0.6120E-12  0.5590E-12  0.5150E-12  0.4930E-12
  0.1000E+16  0.1480E-35  0.3190E-28  0.2000E-22  0.4490E-18  0.2620E-15  0.2050E-13  0.6100E-13  0.7250E-13  0.7470E-13  0.7360E-13  0.6950E-13  0.6350E-13  0.5810E-13  0.5530E-13
  0.1000E+17  0.1450E-35  0.3120E-28  0.1900E-22  0.3210E-18  0.6520E-16  0.3330E-14  0.8500E-14  0.9710E-14  0.9880E-14  0.9660E-14  0.9120E-14  0.8330E-14  0.7650E-14  0.7280E-14
WAVELENGTH(A)= 
  6868.130
 7 14 t 
excit   
     0.844      1.270      2.110      4.220      8.440     21.100     42.200     63.300     84.400    127.000    211.000    422.000    844.000   1270.000 
  0.1000E+11  0.1760E-37  0.1130E-29  0.7270E-23  0.4340E-16  0.1740E-12  0.2030E-10  0.6510E-10  0.7810E-10  0.8000E-10  0.7740E-10  0.7130E-10  0.6330E-10  0.5680E-10  0.5360E-10
  0.1000E+12  0.2690E-37  0.6290E-30  0.1800E-23  0.7300E-17  0.2400E-13  0.2340E-11  0.6880E-11  0.8030E-11  0.8150E-11  0.7830E-11  0.7200E-11  0.6420E-11  0.5800E-11  0.5490E-11
  0.1000E+13  0.3910E-37  0.5370E-30  0.4240E-24  0.7770E-18  0.2300E-14  0.2150E-12  0.6160E-12  0.7150E-12  0.7240E-12  0.6970E-12  0.6430E-12  0.5750E-12  0.5210E-12  0.4940E-12
  0.1000E+14  0.4790E-37  0.5980E-30  0.2570E-24  0.7920E-19  0.2200E-15  0.2070E-13  0.5930E-13  0.6890E-13  0.6980E-13  0.6720E-13  0.6200E-13  0.5540E-13  0.5000E-13  0.4730E-13
  0.1000E+15  0.4960E-37  0.6120E-30  0.2390E-24  0.1050E-19  0.2210E-16  0.2080E-14  0.5980E-14  0.6960E-14  0.7060E-14  0.6810E-14  0.6290E-14  0.5620E-14  0.5060E-14  0.4790E-14
  0.1000E+16  0.4970E-37  0.6120E-30  0.2360E-24  0.3630E-20  0.2570E-17  0.2300E-15  0.6600E-15  0.7700E-15  0.7840E-15  0.7620E-15  0.7100E-15  0.6370E-15  0.5750E-15  0.5420E-15
  0.1000E+17  0.4870E-37  0.5980E-30  0.2260E-24  0.2760E-20  0.5550E-18  0.3220E-16  0.8220E-16  0.9340E-16  0.9470E-16  0.9250E-16  0.8730E-16  0.8000E-16  0.7340E-16  0.7000E-16
WAVELENGTH(A)= 
  9380.860
 7 14 t 
excit   
     0.844      1.270      2.110      4.220      8.440     21.100     42.200     63.300     84.400    127.000    211.000    422.000    844.000   1270.000 
  0.1000E+11  0.1040E-37  0.7720E-30  0.8980E-23  0.5350E-16  0.1810E-12  0.2930E-10  0.1210E-09  0.1580E-09  0.1680E-09  0.1650E-09  0.1500E-09  0.1250E-09  0.1020E-09  0.8960E-10
  0.1000E+12  0.4850E-37  0.1710E-29  0.9550E-23  0.4980E-16  0.1550E-12  0.2090E-10  0.7690E-10  0.9660E-10  0.1010E-09  0.9910E-10  0.9110E-10  0.7800E-10  0.6560E-10  0.5890E-10
  0.1000E+13  0.2450E-36  0.5750E-29  0.8110E-23  0.2150E-16  0.5180E-13  0.4980E-11  0.1560E-10  0.1890E-10  0.1950E-10  0.1920E-10  0.1800E-10  0.1630E-10  0.1480E-10  0.1400E-10
  0.1000E+14  0.4380E-36  0.9530E-29  0.6770E-23  0.3240E-17  0.6500E-14  0.5540E-12  0.1680E-11  0.2010E-11  0.2080E-11  0.2040E-11  0.1930E-11  0.1770E-11  0.1630E-11  0.1560E-11
  0.1000E+15  0.4750E-36  0.1020E-28  0.6530E-23  0.4400E-18  0.6770E-15  0.5680E-13  0.1720E-12  0.2060E-12  0.2120E-12  0.2090E-12  0.1970E-12  0.1800E-12  0.1660E-12  0.1590E-12
  0.1000E+16  0.4780E-36  0.1030E-28  0.6470E-23  0.1450E-18  0.8440E-16  0.6620E-14  0.1970E-13  0.2340E-13  0.2410E-13  0.2370E-13  0.2240E-13  0.2050E-13  0.1870E-13  0.1780E-13
  0.1000E+17  0.4680E-36  0.1010E-28  0.6130E-23  0.1030E-18  0.2100E-16  0.1070E-14  0.2740E-14  0.3130E-14  0.3190E-14  0.3110E-14  0.2940E-14  0.2690E-14  0.2470E-14  0.2350E-14
