 50  7 14
WAVELENGTH(A)= 
     1.091
 7 14 t 
excit   
    84.400    127.000    211.000    422.000    844.000   2110.000   4220.000   6330.000   8440.000  12700.000  21100.000  42200.000  84400.000 127000.000 
  0.1000E+11  0.1000E-73  0.1000E-73  0.7010E-35  0.2450E-23  0.1230E-17  0.2620E-14  0.2950E-13  0.6310E-13  0.9070E-13  0.1290E-12  0.1690E-12  0.2080E-12  0.2280E-12  0.2300E-12
  0.1000E+12  0.1000E-73  0.1000E-73  0.7010E-35  0.2450E-23  0.1230E-17  0.2620E-14  0.2950E-13  0.6310E-13  0.9070E-13  0.1290E-12  0.1690E-12  0.2080E-12  0.2280E-12  0.2300E-12
  0.1000E+13  0.1000E-73  0.1000E-73  0.7010E-35  0.2450E-23  0.1230E-17  0.2620E-14  0.2950E-13  0.6310E-13  0.9070E-13  0.1290E-12  0.1690E-12  0.2080E-12  0.2280E-12  0.2300E-12
  0.1000E+14  0.1000E-73  0.1000E-73  0.7010E-35  0.2450E-23  0.1230E-17  0.2620E-14  0.2950E-13  0.6310E-13  0.9070E-13  0.1290E-12  0.1690E-12  0.2080E-12  0.2280E-12  0.2300E-12
  0.1000E+15  0.1000E-73  0.1000E-73  0.7010E-35  0.2450E-23  0.1230E-17  0.2620E-14  0.2950E-13  0.6310E-13  0.9070E-13  0.1290E-12  0.1690E-12  0.2080E-12  0.2280E-12  0.2300E-12
  0.1000E+16  0.1000E-73  0.1000E-73  0.7010E-35  0.2450E-23  0.1230E-17  0.2620E-14  0.2950E-13  0.6310E-13  0.9070E-13  0.1290E-12  0.1690E-12  0.2080E-12  0.2280E-12  0.2300E-12
  0.1000E+17  0.1000E-73  0.1000E-73  0.7010E-35  0.2450E-23  0.1230E-17  0.2620E-14  0.2950E-13  0.6310E-13  0.9070E-13  0.1290E-12  0.1690E-12  0.2080E-12  0.2280E-12  0.2300E-12
WAVELENGTH(A)= 
     1.091
 7 14 t 
excit   
    84.400    127.000    211.000    422.000    844.000   2110.000   4220.000   6330.000   8440.000  12700.000  21100.000  42200.000  84400.000 127000.000 
  0.1000E+11  0.1000E-73  0.1000E-73  0.9770E-35  0.3420E-23  0.1720E-17  0.3660E-14  0.4120E-13  0.8770E-13  0.1270E-12  0.1810E-12  0.2370E-12  0.2900E-12  0.3180E-12  0.3240E-12
  0.1000E+12  0.1000E-73  0.1000E-73  0.9770E-35  0.3420E-23  0.1720E-17  0.3660E-14  0.4120E-13  0.8770E-13  0.1270E-12  0.1810E-12  0.2370E-12  0.2900E-12  0.3180E-12  0.3240E-12
  0.1000E+13  0.1000E-73  0.1000E-73  0.9770E-35  0.3420E-23  0.1720E-17  0.3660E-14  0.4120E-13  0.8770E-13  0.1270E-12  0.1810E-12  0.2370E-12  0.2900E-12  0.3180E-12  0.3240E-12
  0.1000E+14  0.1000E-73  0.1000E-73  0.9770E-35  0.3420E-23  0.1720E-17  0.3660E-14  0.4120E-13  0.8770E-13  0.1270E-12  0.1810E-12  0.2370E-12  0.2900E-12  0.3180E-12  0.3240E-12
  0.1000E+15  0.1000E-73  0.1000E-73  0.9770E-35  0.3420E-23  0.1720E-17  0.3660E-14  0.4120E-13  0.8770E-13  0.1270E-12  0.1810E-12  0.2370E-12  0.2900E-12  0.3180E-12  0.3240E-12
  0.1000E+16  0.1000E-73  0.1000E-73  0.9770E-35  0.3420E-23  0.1720E-17  0.3660E-14  0.4120E-13  0.8770E-13  0.1270E-12  0.1810E-12  0.2370E-12  0.2900E-12  0.3180E-12  0.3240E-12
  0.1000E+17  0.1000E-73  0.1000E-73  0.9770E-35  0.3420E-23  0.1720E-17  0.3660E-14  0.4120E-13  0.8770E-13  0.1270E-12  0.1810E-12  0.2370E-12  0.2900E-12  0.3180E-12  0.3240E-12
WAVELENGTH(A)= 
     1.094
 7 14 t 
excit   
    84.400    127.000    211.000    422.000    844.000   2110.000   4220.000   6330.000   8440.000  12700.000  21100.000  42200.000  84400.000 127000.000 
  0.1000E+11  0.1000E-73  0.1000E-73  0.4660E-35  0.1490E-23  0.7180E-18  0.1500E-14  0.1700E-13  0.3640E-13  0.5230E-13  0.7440E-13  0.9740E-13  0.1180E-12  0.1290E-12  0.1300E-12
  0.1000E+12  0.1000E-73  0.1000E-73  0.4660E-35  0.1490E-23  0.7180E-18  0.1500E-14  0.1700E-13  0.3640E-13  0.5230E-13  0.7440E-13  0.9740E-13  0.1180E-12  0.1290E-12  0.1300E-12
  0.1000E+13  0.1000E-73  0.1000E-73  0.4660E-35  0.1490E-23  0.7180E-18  0.1500E-14  0.1700E-13  0.3640E-13  0.5230E-13  0.7440E-13  0.9740E-13  0.1180E-12  0.1290E-12  0.1300E-12
  0.1000E+14  0.1000E-73  0.1000E-73  0.4660E-35  0.1490E-23  0.7180E-18  0.1500E-14  0.1700E-13  0.3640E-13  0.5230E-13  0.7440E-13  0.9740E-13  0.1180E-12  0.1290E-12  0.1300E-12
  0.1000E+15  0.1000E-73  0.1000E-73  0.4660E-35  0.1490E-23  0.7180E-18  0.1500E-14  0.1700E-13  0.3640E-13  0.5230E-13  0.7440E-13  0.9740E-13  0.1180E-12  0.1290E-12  0.1300E-12
  0.1000E+16  0.1000E-73  0.1000E-73  0.4660E-35  0.1490E-23  0.7180E-18  0.1500E-14  0.1700E-13  0.3640E-13  0.5230E-13  0.7440E-13  0.9740E-13  0.1180E-12  0.1290E-12  0.1300E-12
  0.1000E+17  0.1000E-73  0.1000E-73  0.4660E-35  0.1490E-23  0.7180E-18  0.1500E-14  0.1700E-13  0.3640E-13  0.5230E-13  0.7440E-13  0.9740E-13  0.1180E-12  0.1290E-12  0.1300E-12
WAVELENGTH(A)= 
     1.107
 7 14 t 
excit   
    84.400    127.000    211.000    422.000    844.000   2110.000   4220.000   6330.000   8440.000  12700.000  21100.000  42200.000  84400.000 127000.000 
  0.1000E+11  0.1000E-73  0.1000E-73  0.1360E-33  0.3200E-22  0.1320E-16  0.2450E-13  0.2590E-12  0.5360E-12  0.7530E-12  0.1030E-11  0.1270E-11  0.1440E-11  0.1440E-11  0.1400E-11
  0.1000E+12  0.1000E-73  0.1000E-73  0.1360E-33  0.3200E-22  0.1320E-16  0.2450E-13  0.2590E-12  0.5360E-12  0.7530E-12  0.1030E-11  0.1270E-11  0.1440E-11  0.1440E-11  0.1400E-11
  0.1000E+13  0.1000E-73  0.1000E-73  0.1360E-33  0.3200E-22  0.1320E-16  0.2450E-13  0.2590E-12  0.5360E-12  0.7530E-12  0.1030E-11  0.1270E-11  0.1440E-11  0.1440E-11  0.1400E-11
  0.1000E+14  0.1000E-73  0.1000E-73  0.1360E-33  0.3200E-22  0.1320E-16  0.2450E-13  0.2590E-12  0.5360E-12  0.7530E-12  0.1030E-11  0.1270E-11  0.1440E-11  0.1440E-11  0.1400E-11
  0.1000E+15  0.1000E-73  0.1000E-73  0.1360E-33  0.3200E-22  0.1320E-16  0.2450E-13  0.2590E-12  0.5360E-12  0.7530E-12  0.1030E-11  0.1270E-11  0.1440E-11  0.1440E-11  0.1400E-11
  0.1000E+16  0.1000E-73  0.1000E-73  0.1360E-33  0.3200E-22  0.1320E-16  0.2450E-13  0.2590E-12  0.5360E-12  0.7530E-12  0.1030E-11  0.1270E-11  0.1440E-11  0.1440E-11  0.1400E-11
  0.1000E+17  0.1000E-73  0.1000E-73  0.1360E-33  0.3200E-22  0.1320E-16  0.2450E-13  0.2590E-12  0.5360E-12  0.7530E-12  0.1030E-11  0.1270E-11  0.1440E-11  0.1440E-11  0.1400E-11
WAVELENGTH(A)= 
     1.112
 7 14 t 
excit   
    84.400    127.000    211.000    422.000    844.000   2110.000   4220.000   6330.000   8440.000  12700.000  21100.000  42200.000  84400.000 127000.000 
  0.1000E+11  0.1000E-73  0.1000E-73  0.5070E-35  0.2010E-23  0.1070E-17  0.2280E-14  0.2450E-13  0.4990E-13  0.6850E-13  0.8940E-13  0.1020E-12  0.9910E-13  0.8380E-13  0.7340E-13
  0.1000E+12  0.1000E-73  0.1000E-73  0.5070E-35  0.2010E-23  0.1070E-17  0.2280E-14  0.2450E-13  0.4990E-13  0.6850E-13  0.8940E-13  0.1020E-12  0.9910E-13  0.8380E-13  0.7340E-13
  0.1000E+13  0.1000E-73  0.1000E-73  0.5070E-35  0.2010E-23  0.1070E-17  0.2280E-14  0.2450E-13  0.4990E-13  0.6850E-13  0.8940E-13  0.1020E-12  0.9910E-13  0.8380E-13  0.7340E-13
  0.1000E+14  0.1000E-73  0.1000E-73  0.5070E-35  0.2010E-23  0.1070E-17  0.2280E-14  0.2450E-13  0.4990E-13  0.6850E-13  0.8940E-13  0.1020E-12  0.9910E-13  0.8380E-13  0.7340E-13
  0.1000E+15  0.1000E-73  0.1000E-73  0.5070E-35  0.2010E-23  0.1070E-17  0.2280E-14  0.2450E-13  0.4990E-13  0.6850E-13  0.8940E-13  0.1020E-12  0.9910E-13  0.8380E-13  0.7340E-13
  0.1000E+16  0.1000E-73  0.1000E-73  0.5070E-35  0.2010E-23  0.1070E-17  0.2280E-14  0.2450E-13  0.4990E-13  0.6850E-13  0.8940E-13  0.1020E-12  0.9910E-13  0.8380E-13  0.7340E-13
  0.1000E+17  0.1000E-73  0.1000E-73  0.5070E-35  0.2010E-23  0.1070E-17  0.2280E-14  0.2450E-13  0.4990E-13  0.6850E-13  0.8940E-13  0.1020E-12  0.9910E-13  0.8380E-13  0.7340E-13
WAVELENGTH(A)= 
     1.112
 7 14 t 
excit   
    84.400    127.000    211.000    422.000    844.000   2110.000   4220.000   6330.000   8440.000  12700.000  21100.000  42200.000  84400.000 127000.000 
  0.1000E+11  0.1000E-73  0.1000E-73  0.3970E-35  0.8280E-24  0.3180E-18  0.5850E-15  0.6330E-14  0.1320E-13  0.1860E-13  0.2510E-13  0.2990E-13  0.3050E-13  0.2730E-13  0.2470E-13
  0.1000E+12  0.1000E-73  0.1000E-73  0.3970E-35  0.8280E-24  0.3180E-18  0.5850E-15  0.6330E-14  0.1320E-13  0.1860E-13  0.2510E-13  0.2990E-13  0.3050E-13  0.2730E-13  0.2470E-13
  0.1000E+13  0.1000E-73  0.1000E-73  0.3970E-35  0.8280E-24  0.3180E-18  0.5850E-15  0.6330E-14  0.1320E-13  0.1860E-13  0.2510E-13  0.2990E-13  0.3050E-13  0.2730E-13  0.2470E-13
  0.1000E+14  0.1000E-73  0.1000E-73  0.3970E-35  0.8280E-24  0.3180E-18  0.5850E-15  0.6330E-14  0.1320E-13  0.1860E-13  0.2510E-13  0.2990E-13  0.3050E-13  0.2730E-13  0.2470E-13
  0.1000E+15  0.1000E-73  0.1000E-73  0.3970E-35  0.8280E-24  0.3180E-18  0.5850E-15  0.6330E-14  0.1320E-13  0.1860E-13  0.2510E-13  0.2990E-13  0.3050E-13  0.2730E-13  0.2470E-13
  0.1000E+16  0.1000E-73  0.1000E-73  0.3970E-35  0.8280E-24  0.3180E-18  0.5850E-15  0.6330E-14  0.1320E-13  0.1860E-13  0.2510E-13  0.2990E-13  0.3050E-13  0.2730E-13  0.2470E-13
  0.1000E+17  0.1000E-73  0.1000E-73  0.3970E-35  0.8280E-24  0.3180E-18  0.5850E-15  0.6330E-14  0.1320E-13  0.1860E-13  0.2510E-13  0.2990E-13  0.3050E-13  0.2730E-13  0.2470E-13
WAVELENGTH(A)= 
     1.117
 7 14 t 
excit   
    84.400    127.000    211.000    422.000    844.000   2110.000   4220.000   6330.000   8440.000  12700.000  21100.000  42200.000  84400.000 127000.000 
  0.1000E+11  0.1000E-73  0.1000E-73  0.1640E-35  0.5770E-24  0.2880E-18  0.5960E-15  0.6330E-14  0.1290E-13  0.1770E-13  0.2310E-13  0.2640E-13  0.2570E-13  0.2190E-13  0.1920E-13
  0.1000E+12  0.1000E-73  0.1000E-73  0.1640E-35  0.5770E-24  0.2880E-18  0.5960E-15  0.6330E-14  0.1290E-13  0.1770E-13  0.2310E-13  0.2640E-13  0.2570E-13  0.2190E-13  0.1920E-13
  0.1000E+13  0.1000E-73  0.1000E-73  0.1640E-35  0.5770E-24  0.2880E-18  0.5960E-15  0.6330E-14  0.1290E-13  0.1770E-13  0.2310E-13  0.2640E-13  0.2570E-13  0.2190E-13  0.1920E-13
  0.1000E+14  0.1000E-73  0.1000E-73  0.1640E-35  0.5770E-24  0.2880E-18  0.5960E-15  0.6330E-14  0.1290E-13  0.1770E-13  0.2310E-13  0.2640E-13  0.2570E-13  0.2190E-13  0.1920E-13
  0.1000E+15  0.1000E-73  0.1000E-73  0.1640E-35  0.5770E-24  0.2880E-18  0.5960E-15  0.6330E-14  0.1290E-13  0.1770E-13  0.2310E-13  0.2640E-13  0.2570E-13  0.2190E-13  0.1920E-13
  0.1000E+16  0.1000E-73  0.1000E-73  0.1640E-35  0.5770E-24  0.2880E-18  0.5960E-15  0.6330E-14  0.1290E-13  0.1770E-13  0.2310E-13  0.2640E-13  0.2570E-13  0.2190E-13  0.1920E-13
  0.1000E+17  0.1000E-73  0.1000E-73  0.1640E-35  0.5770E-24  0.2880E-18  0.5960E-15  0.6330E-14  0.1290E-13  0.1770E-13  0.2310E-13  0.2640E-13  0.2570E-13  0.2190E-13  0.1920E-13
WAVELENGTH(A)= 
     1.133
 7 14 t 
excit   
    84.400    127.000    211.000    422.000    844.000   2110.000   4220.000   6330.000   8440.000  12700.000  21100.000  42200.000  84400.000 127000.000 
  0.1000E+11  0.1000E-73  0.1000E-73  0.1370E-34  0.1770E-23  0.5360E-18  0.8420E-15  0.8500E-14  0.1760E-13  0.2490E-13  0.3480E-13  0.4520E-13  0.5490E-13  0.5980E-13  0.6050E-13
  0.1000E+12  0.1000E-73  0.1000E-73  0.1370E-34  0.1770E-23  0.5360E-18  0.8420E-15  0.8500E-14  0.1760E-13  0.2490E-13  0.3480E-13  0.4520E-13  0.5490E-13  0.5980E-13  0.6050E-13
  0.1000E+13  0.1000E-73  0.1000E-73  0.1370E-34  0.1770E-23  0.5360E-18  0.8420E-15  0.8500E-14  0.1760E-13  0.2490E-13  0.3480E-13  0.4520E-13  0.5490E-13  0.5980E-13  0.6050E-13
  0.1000E+14  0.1000E-73  0.1000E-73  0.1370E-34  0.1770E-23  0.5360E-18  0.8420E-15  0.8500E-14  0.1760E-13  0.2490E-13  0.3480E-13  0.4520E-13  0.5490E-13  0.5980E-13  0.6050E-13
  0.1000E+15  0.1000E-73  0.1000E-73  0.1370E-34  0.1770E-23  0.5360E-18  0.8420E-15  0.8500E-14  0.1760E-13  0.2490E-13  0.3480E-13  0.4520E-13  0.5490E-13  0.5980E-13  0.6050E-13
  0.1000E+16  0.1000E-73  0.1000E-73  0.1370E-34  0.1770E-23  0.5360E-18  0.8420E-15  0.8500E-14  0.1760E-13  0.2490E-13  0.3480E-13  0.4520E-13  0.5490E-13  0.5980E-13  0.6050E-13
  0.1000E+17  0.1000E-73  0.1000E-73  0.1370E-34  0.1770E-23  0.5360E-18  0.8420E-15  0.8500E-14  0.1760E-13  0.2490E-13  0.3480E-13  0.4520E-13  0.5490E-13  0.5980E-13  0.6050E-13
WAVELENGTH(A)= 
     1.135
 7 14 t 
excit   
    84.400    127.000    211.000    422.000    844.000   2110.000   4220.000   6330.000   8440.000  12700.000  21100.000  42200.000  84400.000 127000.000 
  0.1000E+11  0.1000E-73  0.1000E-73  0.6650E-34  0.8050E-23  0.2380E-17  0.3730E-14  0.3860E-13  0.8050E-13  0.1140E-12  0.1600E-12  0.2060E-12  0.2470E-12  0.2650E-12  0.2650E-12
  0.1000E+12  0.1000E-73  0.1000E-73  0.6650E-34  0.8050E-23  0.2380E-17  0.3730E-14  0.3860E-13  0.8050E-13  0.1140E-12  0.1600E-12  0.2060E-12  0.2470E-12  0.2650E-12  0.2650E-12
  0.1000E+13  0.1000E-73  0.1000E-73  0.6650E-34  0.8050E-23  0.2380E-17  0.3730E-14  0.3860E-13  0.8050E-13  0.1140E-12  0.1600E-12  0.2060E-12  0.2470E-12  0.2650E-12  0.2650E-12
  0.1000E+14  0.1000E-73  0.1000E-73  0.6650E-34  0.8050E-23  0.2380E-17  0.3730E-14  0.3860E-13  0.8050E-13  0.1140E-12  0.1600E-12  0.2060E-12  0.2470E-12  0.2650E-12  0.2650E-12
  0.1000E+15  0.1000E-73  0.1000E-73  0.6650E-34  0.8050E-23  0.2380E-17  0.3730E-14  0.3860E-13  0.8050E-13  0.1140E-12  0.1600E-12  0.2060E-12  0.2470E-12  0.2650E-12  0.2650E-12
  0.1000E+16  0.1000E-73  0.1000E-73  0.6650E-34  0.8050E-23  0.2380E-17  0.3730E-14  0.3860E-13  0.8050E-13  0.1140E-12  0.1600E-12  0.2060E-12  0.2470E-12  0.2650E-12  0.2650E-12
  0.1000E+17  0.1000E-73  0.1000E-73  0.6650E-34  0.8050E-23  0.2380E-17  0.3730E-14  0.3860E-13  0.8050E-13  0.1140E-12  0.1600E-12  0.2060E-12  0.2470E-12  0.2650E-12  0.2650E-12
WAVELENGTH(A)= 
     1.139
 7 14 t 
excit   
    84.400    127.000    211.000    422.000    844.000   2110.000   4220.000   6330.000   8440.000  12700.000  21100.000  42200.000  84400.000 127000.000 
  0.1000E+11  0.1000E-73  0.1000E-73  0.1680E-34  0.1890E-23  0.5360E-18  0.8220E-15  0.8450E-14  0.1760E-13  0.2520E-13  0.3510E-13  0.4530E-13  0.5430E-13  0.5800E-13  0.5820E-13
  0.1000E+12  0.1000E-73  0.1000E-73  0.1680E-34  0.1890E-23  0.5360E-18  0.8220E-15  0.8450E-14  0.1760E-13  0.2520E-13  0.3510E-13  0.4530E-13  0.5430E-13  0.5800E-13  0.5820E-13
  0.1000E+13  0.1000E-73  0.1000E-73  0.1680E-34  0.1890E-23  0.5360E-18  0.8220E-15  0.8450E-14  0.1760E-13  0.2520E-13  0.3510E-13  0.4530E-13  0.5430E-13  0.5800E-13  0.5820E-13
  0.1000E+14  0.1000E-73  0.1000E-73  0.1680E-34  0.1890E-23  0.5360E-18  0.8220E-15  0.8450E-14  0.1760E-13  0.2520E-13  0.3510E-13  0.4530E-13  0.5430E-13  0.5800E-13  0.5820E-13
  0.1000E+15  0.1000E-73  0.1000E-73  0.1680E-34  0.1890E-23  0.5360E-18  0.8220E-15  0.8450E-14  0.1760E-13  0.2520E-13  0.3510E-13  0.4530E-13  0.5430E-13  0.5800E-13  0.5820E-13
  0.1000E+16  0.1000E-73  0.1000E-73  0.1680E-34  0.1890E-23  0.5360E-18  0.8220E-15  0.8450E-14  0.1760E-13  0.2520E-13  0.3510E-13  0.4530E-13  0.5430E-13  0.5800E-13  0.5820E-13
  0.1000E+17  0.1000E-73  0.1000E-73  0.1680E-34  0.1890E-23  0.5360E-18  0.8220E-15  0.8450E-14  0.1760E-13  0.2520E-13  0.3510E-13  0.4530E-13  0.5430E-13  0.5800E-13  0.5820E-13
WAVELENGTH(A)= 
     1.167
 7 14 t 
excit   
    84.400    127.000    211.000    422.000    844.000   2110.000   4220.000   6330.000   8440.000  12700.000  21100.000  42200.000  84400.000 127000.000 
  0.1000E+11  0.1000E-73  0.1000E-73  0.2770E-34  0.1800E-23  0.4120E-18  0.6900E-15  0.8840E-14  0.2040E-13  0.3020E-13  0.4330E-13  0.5480E-13  0.6000E-13  0.5750E-13  0.5410E-13
  0.1000E+12  0.1000E-73  0.1000E-73  0.2770E-34  0.1800E-23  0.4120E-18  0.6900E-15  0.8840E-14  0.2040E-13  0.3020E-13  0.4330E-13  0.5480E-13  0.6000E-13  0.5750E-13  0.5410E-13
  0.1000E+13  0.1000E-73  0.1000E-73  0.2770E-34  0.1800E-23  0.4120E-18  0.6900E-15  0.8840E-14  0.2040E-13  0.3020E-13  0.4330E-13  0.5480E-13  0.6000E-13  0.5750E-13  0.5410E-13
  0.1000E+14  0.1000E-73  0.1000E-73  0.2770E-34  0.1800E-23  0.4120E-18  0.6900E-15  0.8840E-14  0.2040E-13  0.3020E-13  0.4330E-13  0.5480E-13  0.6000E-13  0.5750E-13  0.5410E-13
  0.1000E+15  0.1000E-73  0.1000E-73  0.2770E-34  0.1800E-23  0.4120E-18  0.6900E-15  0.8840E-14  0.2040E-13  0.3020E-13  0.4330E-13  0.5480E-13  0.6000E-13  0.5750E-13  0.5410E-13
  0.1000E+16  0.1000E-73  0.1000E-73  0.2770E-34  0.1800E-23  0.4120E-18  0.6900E-15  0.8840E-14  0.2040E-13  0.3020E-13  0.4330E-13  0.5480E-13  0.6000E-13  0.5750E-13  0.5410E-13
  0.1000E+17  0.1000E-73  0.1000E-73  0.2770E-34  0.1800E-23  0.4120E-18  0.6900E-15  0.8840E-14  0.2040E-13  0.3020E-13  0.4330E-13  0.5480E-13  0.6000E-13  0.5750E-13  0.5410E-13
WAVELENGTH(A)= 
     1.187
 7 14 t 
excit   
    84.400    127.000    211.000    422.000    844.000   2110.000   4220.000   6330.000   8440.000  12700.000  21100.000  42200.000  84400.000 127000.000 
  0.1000E+11  0.1000E-73  0.1000E-73  0.3750E-34  0.2790E-23  0.6400E-18  0.8530E-15  0.8230E-14  0.1640E-13  0.2260E-13  0.2950E-13  0.3410E-13  0.3410E-13  0.2980E-13  0.2680E-13
  0.1000E+12  0.1000E-73  0.1000E-73  0.3750E-34  0.2790E-23  0.6400E-18  0.8530E-15  0.8230E-14  0.1640E-13  0.2260E-13  0.2950E-13  0.3410E-13  0.3410E-13  0.2980E-13  0.2680E-13
  0.1000E+13  0.1000E-73  0.1000E-73  0.3750E-34  0.2790E-23  0.6400E-18  0.8530E-15  0.8230E-14  0.1640E-13  0.2260E-13  0.2950E-13  0.3410E-13  0.3410E-13  0.2980E-13  0.2680E-13
  0.1000E+14  0.1000E-73  0.1000E-73  0.3750E-34  0.2790E-23  0.6400E-18  0.8530E-15  0.8230E-14  0.1640E-13  0.2260E-13  0.2950E-13  0.3410E-13  0.3410E-13  0.2980E-13  0.2680E-13
  0.1000E+15  0.1000E-73  0.1000E-73  0.3750E-34  0.2790E-23  0.6400E-18  0.8530E-15  0.8230E-14  0.1640E-13  0.2260E-13  0.2950E-13  0.3410E-13  0.3410E-13  0.2980E-13  0.2680E-13
  0.1000E+16  0.1000E-73  0.1000E-73  0.3750E-34  0.2790E-23  0.6400E-18  0.8530E-15  0.8230E-14  0.1640E-13  0.2260E-13  0.2950E-13  0.3410E-13  0.3410E-13  0.2980E-13  0.2680E-13
  0.1000E+17  0.1000E-73  0.1160E-48  0.3750E-34  0.2790E-23  0.6400E-18  0.8530E-15  0.8230E-14  0.1640E-13  0.2260E-13  0.2950E-13  0.3410E-13  0.3410E-13  0.2980E-13  0.2680E-13
WAVELENGTH(A)= 
     1.257
 7 14 t 
excit   
    84.400    127.000    211.000    422.000    844.000   2110.000   4220.000   6330.000   8440.000  12700.000  21100.000  42200.000  84400.000 127000.000 
  0.1000E+11  0.1000E-73  0.1000E-73  0.5090E-36  0.2660E-24  0.1620E-18  0.3750E-15  0.4130E-14  0.8480E-14  0.1170E-13  0.1530E-13  0.1760E-13  0.1710E-13  0.1440E-13  0.1260E-13
  0.1000E+12  0.1000E-73  0.1000E-73  0.5090E-36  0.2660E-24  0.1620E-18  0.3750E-15  0.4130E-14  0.8480E-14  0.1170E-13  0.1530E-13  0.1760E-13  0.1710E-13  0.1440E-13  0.1260E-13
  0.1000E+13  0.1000E-73  0.1000E-73  0.5090E-36  0.2660E-24  0.1620E-18  0.3750E-15  0.4130E-14  0.8480E-14  0.1170E-13  0.1530E-13  0.1760E-13  0.1710E-13  0.1440E-13  0.1260E-13
  0.1000E+14  0.1000E-73  0.1000E-73  0.5090E-36  0.2660E-24  0.1620E-18  0.3750E-15  0.4130E-14  0.8480E-14  0.1170E-13  0.1530E-13  0.1760E-13  0.1710E-13  0.1440E-13  0.1260E-13
  0.1000E+15  0.1000E-73  0.1000E-73  0.5090E-36  0.2660E-24  0.1620E-18  0.3750E-15  0.4130E-14  0.8480E-14  0.1170E-13  0.1530E-13  0.1760E-13  0.1710E-13  0.1440E-13  0.1260E-13
  0.1000E+16  0.1000E-73  0.1000E-73  0.5090E-36  0.2660E-24  0.1620E-18  0.3750E-15  0.4130E-14  0.8480E-14  0.1170E-13  0.1530E-13  0.1760E-13  0.1710E-13  0.1440E-13  0.1260E-13
  0.1000E+17  0.1000E-73  0.1000E-73  0.5090E-36  0.2660E-24  0.1620E-18  0.3750E-15  0.4130E-14  0.8480E-14  0.1170E-13  0.1530E-13  0.1760E-13  0.1710E-13  0.1440E-13  0.1260E-13
WAVELENGTH(A)= 
     1.258
 7 14 t 
excit   
    84.400    127.000    211.000    422.000    844.000   2110.000   4220.000   6330.000   8440.000  12700.000  21100.000  42200.000  84400.000 127000.000 
  0.1000E+11  0.1000E-73  0.1000E-73  0.1070E-35  0.5560E-24  0.3390E-18  0.7840E-15  0.8610E-14  0.1770E-13  0.2440E-13  0.3200E-13  0.3670E-13  0.3560E-13  0.3010E-13  0.2640E-13
  0.1000E+12  0.1000E-73  0.1000E-73  0.1070E-35  0.5560E-24  0.3390E-18  0.7840E-15  0.8610E-14  0.1770E-13  0.2440E-13  0.3200E-13  0.3670E-13  0.3560E-13  0.3010E-13  0.2640E-13
  0.1000E+13  0.1000E-73  0.1000E-73  0.1070E-35  0.5560E-24  0.3390E-18  0.7840E-15  0.8610E-14  0.1770E-13  0.2440E-13  0.3200E-13  0.3670E-13  0.3560E-13  0.3010E-13  0.2640E-13
  0.1000E+14  0.1000E-73  0.1000E-73  0.1070E-35  0.5560E-24  0.3390E-18  0.7840E-15  0.8610E-14  0.1770E-13  0.2440E-13  0.3200E-13  0.3670E-13  0.3560E-13  0.3010E-13  0.2640E-13
  0.1000E+15  0.1000E-73  0.1000E-73  0.1070E-35  0.5560E-24  0.3390E-18  0.7840E-15  0.8610E-14  0.1770E-13  0.2440E-13  0.3200E-13  0.3670E-13  0.3560E-13  0.3010E-13  0.2640E-13
  0.1000E+16  0.1000E-73  0.1000E-73  0.1070E-35  0.5560E-24  0.3390E-18  0.7840E-15  0.8610E-14  0.1770E-13  0.2440E-13  0.3200E-13  0.3670E-13  0.3560E-13  0.3010E-13  0.2640E-13
  0.1000E+17  0.1000E-73  0.1000E-73  0.1070E-35  0.5560E-24  0.3390E-18  0.7840E-15  0.8610E-14  0.1770E-13  0.2440E-13  0.3200E-13  0.3670E-13  0.3560E-13  0.3010E-13  0.2640E-13
WAVELENGTH(A)= 
     1.263
 7 14 t 
excit   
    84.400    127.000    211.000    422.000    844.000   2110.000   4220.000   6330.000   8440.000  12700.000  21100.000  42200.000  84400.000 127000.000 
  0.1000E+11  0.1000E-73  0.1000E-73  0.3600E-35  0.1700E-23  0.9890E-18  0.2220E-14  0.2430E-13  0.4980E-13  0.6880E-13  0.9010E-13  0.1030E-12  0.1010E-12  0.8560E-13  0.7510E-13
  0.1000E+12  0.1000E-73  0.1000E-73  0.3600E-35  0.1700E-23  0.9890E-18  0.2220E-14  0.2430E-13  0.4980E-13  0.6880E-13  0.9010E-13  0.1030E-12  0.1010E-12  0.8560E-13  0.7510E-13
  0.1000E+13  0.1000E-73  0.1000E-73  0.3600E-35  0.1700E-23  0.9890E-18  0.2220E-14  0.2430E-13  0.4980E-13  0.6880E-13  0.9010E-13  0.1030E-12  0.1010E-12  0.8560E-13  0.7510E-13
  0.1000E+14  0.1000E-73  0.1000E-73  0.3600E-35  0.1700E-23  0.9890E-18  0.2220E-14  0.2430E-13  0.4980E-13  0.6880E-13  0.9010E-13  0.1030E-12  0.1010E-12  0.8560E-13  0.7510E-13
  0.1000E+15  0.1000E-73  0.1000E-73  0.3600E-35  0.1700E-23  0.9890E-18  0.2220E-14  0.2430E-13  0.4980E-13  0.6880E-13  0.9010E-13  0.1030E-12  0.1010E-12  0.8560E-13  0.7510E-13
  0.1000E+16  0.1000E-73  0.1000E-73  0.3600E-35  0.1700E-23  0.9890E-18  0.2220E-14  0.2430E-13  0.4980E-13  0.6880E-13  0.9010E-13  0.1030E-12  0.1010E-12  0.8560E-13  0.7510E-13
  0.1000E+17  0.1000E-73  0.1000E-73  0.3600E-35  0.1700E-23  0.9890E-18  0.2220E-14  0.2430E-13  0.4980E-13  0.6880E-13  0.9010E-13  0.1030E-12  0.1010E-12  0.8560E-13  0.7510E-13
WAVELENGTH(A)= 
     1.264
 7 14 t 
excit   
    84.400    127.000    211.000    422.000    844.000   2110.000   4220.000   6330.000   8440.000  12700.000  21100.000  42200.000  84400.000 127000.000 
  0.1000E+11  0.1000E-73  0.1000E-73  0.1540E-35  0.8040E-24  0.4910E-18  0.1130E-14  0.1250E-13  0.2560E-13  0.3530E-13  0.4630E-13  0.5310E-13  0.5140E-13  0.4360E-13  0.3810E-13
  0.1000E+12  0.1000E-73  0.1000E-73  0.1540E-35  0.8040E-24  0.4910E-18  0.1130E-14  0.1250E-13  0.2560E-13  0.3530E-13  0.4630E-13  0.5310E-13  0.5140E-13  0.4360E-13  0.3810E-13
  0.1000E+13  0.1000E-73  0.1000E-73  0.1540E-35  0.8040E-24  0.4910E-18  0.1130E-14  0.1250E-13  0.2560E-13  0.3530E-13  0.4630E-13  0.5310E-13  0.5140E-13  0.4360E-13  0.3810E-13
  0.1000E+14  0.1000E-73  0.1000E-73  0.1540E-35  0.8040E-24  0.4910E-18  0.1130E-14  0.1250E-13  0.2560E-13  0.3530E-13  0.4630E-13  0.5310E-13  0.5140E-13  0.4360E-13  0.3810E-13
  0.1000E+15  0.1000E-73  0.1000E-73  0.1540E-35  0.8040E-24  0.4910E-18  0.1130E-14  0.1250E-13  0.2560E-13  0.3530E-13  0.4630E-13  0.5310E-13  0.5140E-13  0.4360E-13  0.3810E-13
  0.1000E+16  0.1000E-73  0.1000E-73  0.1540E-35  0.8040E-24  0.4910E-18  0.1130E-14  0.1250E-13  0.2560E-13  0.3530E-13  0.4630E-13  0.5310E-13  0.5140E-13  0.4360E-13  0.3810E-13
  0.1000E+17  0.1000E-73  0.1000E-73  0.1540E-35  0.8040E-24  0.4910E-18  0.1130E-14  0.1250E-13  0.2560E-13  0.3530E-13  0.4630E-13  0.5310E-13  0.5140E-13  0.4360E-13  0.3810E-13
WAVELENGTH(A)= 
     1.270
 7 14 t 
excit   
    84.400    127.000    211.000    422.000    844.000   2110.000   4220.000   6330.000   8440.000  12700.000  21100.000  42200.000  84400.000 127000.000 
  0.1000E+11  0.1000E-73  0.1000E-73  0.7330E-35  0.3840E-23  0.2340E-17  0.5410E-14  0.5950E-13  0.1220E-12  0.1690E-12  0.2200E-12  0.2530E-12  0.2460E-12  0.2080E-12  0.1820E-12
  0.1000E+12  0.1000E-73  0.1000E-73  0.7330E-35  0.3840E-23  0.2340E-17  0.5410E-14  0.5950E-13  0.1220E-12  0.1690E-12  0.2200E-12  0.2530E-12  0.2460E-12  0.2080E-12  0.1820E-12
  0.1000E+13  0.1000E-73  0.1000E-73  0.7330E-35  0.3840E-23  0.2340E-17  0.5410E-14  0.5950E-13  0.1220E-12  0.1690E-12  0.2200E-12  0.2530E-12  0.2460E-12  0.2080E-12  0.1820E-12
  0.1000E+14  0.1000E-73  0.1000E-73  0.7330E-35  0.3840E-23  0.2340E-17  0.5410E-14  0.5950E-13  0.1220E-12  0.1690E-12  0.2200E-12  0.2530E-12  0.2460E-12  0.2080E-12  0.1820E-12
  0.1000E+15  0.1000E-73  0.1000E-73  0.7330E-35  0.3840E-23  0.2340E-17  0.5410E-14  0.5950E-13  0.1220E-12  0.1690E-12  0.2200E-12  0.2530E-12  0.2460E-12  0.2080E-12  0.1820E-12
  0.1000E+16  0.1000E-73  0.1000E-73  0.7330E-35  0.3840E-23  0.2340E-17  0.5410E-14  0.5950E-13  0.1220E-12  0.1690E-12  0.2200E-12  0.2530E-12  0.2460E-12  0.2080E-12  0.1820E-12
  0.1000E+17  0.1000E-73  0.1000E-73  0.7330E-35  0.3840E-23  0.2340E-17  0.5410E-14  0.5950E-13  0.1220E-12  0.1690E-12  0.2200E-12  0.2530E-12  0.2460E-12  0.2080E-12  0.1820E-12
WAVELENGTH(A)= 
     1.271
 7 14 t 
excit   
    84.400    127.000    211.000    422.000    844.000   2110.000   4220.000   6330.000   8440.000  12700.000  21100.000  42200.000  84400.000 127000.000 
  0.1000E+11  0.1000E-73  0.1000E-73  0.1660E-35  0.8670E-24  0.5280E-18  0.1220E-14  0.1340E-13  0.2760E-13  0.3810E-13  0.4980E-13  0.5720E-13  0.5560E-13  0.4700E-13  0.4110E-13
  0.1000E+12  0.1000E-73  0.1000E-73  0.1660E-35  0.8670E-24  0.5280E-18  0.1220E-14  0.1340E-13  0.2760E-13  0.3810E-13  0.4980E-13  0.5720E-13  0.5560E-13  0.4700E-13  0.4110E-13
  0.1000E+13  0.1000E-73  0.1000E-73  0.1660E-35  0.8670E-24  0.5280E-18  0.1220E-14  0.1340E-13  0.2760E-13  0.3810E-13  0.4980E-13  0.5720E-13  0.5560E-13  0.4700E-13  0.4110E-13
  0.1000E+14  0.1000E-73  0.1000E-73  0.1660E-35  0.8670E-24  0.5280E-18  0.1220E-14  0.1340E-13  0.2760E-13  0.3810E-13  0.4980E-13  0.5720E-13  0.5560E-13  0.4700E-13  0.4110E-13
  0.1000E+15  0.1000E-73  0.1000E-73  0.1660E-35  0.8670E-24  0.5280E-18  0.1220E-14  0.1340E-13  0.2760E-13  0.3810E-13  0.4980E-13  0.5720E-13  0.5560E-13  0.4700E-13  0.4110E-13
  0.1000E+16  0.1000E-73  0.1000E-73  0.1660E-35  0.8670E-24  0.5280E-18  0.1220E-14  0.1340E-13  0.2760E-13  0.3810E-13  0.4980E-13  0.5720E-13  0.5560E-13  0.4700E-13  0.4110E-13
  0.1000E+17  0.1000E-73  0.1000E-73  0.1660E-35  0.8670E-24  0.5280E-18  0.1220E-14  0.1340E-13  0.2760E-13  0.3810E-13  0.4980E-13  0.5720E-13  0.5560E-13  0.4700E-13  0.4110E-13
WAVELENGTH(A)= 
     1.272
 7 14 t 
excit   
    84.400    127.000    211.000    422.000    844.000   2110.000   4220.000   6330.000   8440.000  12700.000  21100.000  42200.000  84400.000 127000.000 
  0.1000E+11  0.1000E-73  0.1000E-73  0.8900E-35  0.4640E-23  0.2830E-17  0.6550E-14  0.7190E-13  0.1480E-12  0.2040E-12  0.2670E-12  0.3070E-12  0.2970E-12  0.2510E-12  0.2200E-12
  0.1000E+12  0.1000E-73  0.1000E-73  0.8900E-35  0.4640E-23  0.2830E-17  0.6550E-14  0.7190E-13  0.1480E-12  0.2040E-12  0.2670E-12  0.3070E-12  0.2970E-12  0.2510E-12  0.2200E-12
  0.1000E+13  0.1000E-73  0.1000E-73  0.8900E-35  0.4640E-23  0.2830E-17  0.6550E-14  0.7190E-13  0.1480E-12  0.2040E-12  0.2670E-12  0.3070E-12  0.2970E-12  0.2510E-12  0.2200E-12
  0.1000E+14  0.1000E-73  0.1000E-73  0.8900E-35  0.4640E-23  0.2830E-17  0.6550E-14  0.7190E-13  0.1480E-12  0.2040E-12  0.2670E-12  0.3070E-12  0.2970E-12  0.2510E-12  0.2200E-12
  0.1000E+15  0.1000E-73  0.1000E-73  0.8900E-35  0.4640E-23  0.2830E-17  0.6550E-14  0.7190E-13  0.1480E-12  0.2040E-12  0.2670E-12  0.3070E-12  0.2970E-12  0.2510E-12  0.2200E-12
  0.1000E+16  0.1000E-73  0.1000E-73  0.8900E-35  0.4640E-23  0.2830E-17  0.6550E-14  0.7190E-13  0.1480E-12  0.2040E-12  0.2670E-12  0.3070E-12  0.2970E-12  0.2510E-12  0.2200E-12
  0.1000E+17  0.1000E-73  0.1000E-73  0.8900E-35  0.4640E-23  0.2830E-17  0.6550E-14  0.7190E-13  0.1480E-12  0.2040E-12  0.2670E-12  0.3070E-12  0.2970E-12  0.2510E-12  0.2200E-12
WAVELENGTH(A)= 
     1.275
 7 14 t 
excit   
    84.400    127.000    211.000    422.000    844.000   2110.000   4220.000   6330.000   8440.000  12700.000  21100.000  42200.000  84400.000 127000.000 
  0.1000E+11  0.1000E-73  0.1000E-73  0.9210E-36  0.3540E-24  0.1840E-18  0.3860E-15  0.4130E-14  0.8360E-14  0.1150E-13  0.1500E-13  0.1710E-13  0.1650E-13  0.1390E-13  0.1220E-13
  0.1000E+12  0.1000E-73  0.1000E-73  0.9210E-36  0.3540E-24  0.1840E-18  0.3860E-15  0.4130E-14  0.8360E-14  0.1150E-13  0.1500E-13  0.1710E-13  0.1650E-13  0.1390E-13  0.1220E-13
  0.1000E+13  0.1000E-73  0.1000E-73  0.9210E-36  0.3540E-24  0.1840E-18  0.3860E-15  0.4130E-14  0.8360E-14  0.1150E-13  0.1500E-13  0.1710E-13  0.1650E-13  0.1390E-13  0.1220E-13
  0.1000E+14  0.1000E-73  0.1000E-73  0.9210E-36  0.3540E-24  0.1840E-18  0.3860E-15  0.4130E-14  0.8360E-14  0.1150E-13  0.1500E-13  0.1710E-13  0.1650E-13  0.1390E-13  0.1220E-13
  0.1000E+15  0.1000E-73  0.1000E-73  0.9210E-36  0.3540E-24  0.1840E-18  0.3860E-15  0.4130E-14  0.8360E-14  0.1150E-13  0.1500E-13  0.1710E-13  0.1650E-13  0.1390E-13  0.1220E-13
  0.1000E+16  0.1000E-73  0.1000E-73  0.9210E-36  0.3540E-24  0.1840E-18  0.3860E-15  0.4130E-14  0.8360E-14  0.1150E-13  0.1500E-13  0.1710E-13  0.1650E-13  0.1390E-13  0.1220E-13
  0.1000E+17  0.1000E-73  0.1000E-73  0.9210E-36  0.3540E-24  0.1840E-18  0.3860E-15  0.4130E-14  0.8360E-14  0.1150E-13  0.1500E-13  0.1710E-13  0.1650E-13  0.1390E-13  0.1220E-13
WAVELENGTH(A)= 
     1.275
 7 14 t 
excit   
    84.400    127.000    211.000    422.000    844.000   2110.000   4220.000   6330.000   8440.000  12700.000  21100.000  42200.000  84400.000 127000.000 
  0.1000E+11  0.1000E-73  0.1000E-73  0.1800E-34  0.4260E-23  0.1750E-17  0.3260E-14  0.3440E-13  0.7130E-13  0.1000E-12  0.1370E-12  0.1700E-12  0.1910E-12  0.1920E-12  0.1860E-12
  0.1000E+12  0.1000E-73  0.1000E-73  0.1800E-34  0.4260E-23  0.1750E-17  0.3260E-14  0.3440E-13  0.7130E-13  0.1000E-12  0.1370E-12  0.1700E-12  0.1910E-12  0.1920E-12  0.1860E-12
  0.1000E+13  0.1000E-73  0.1000E-73  0.1800E-34  0.4260E-23  0.1750E-17  0.3260E-14  0.3440E-13  0.7130E-13  0.1000E-12  0.1370E-12  0.1700E-12  0.1910E-12  0.1920E-12  0.1860E-12
  0.1000E+14  0.1000E-73  0.1000E-73  0.1800E-34  0.4260E-23  0.1750E-17  0.3260E-14  0.3440E-13  0.7130E-13  0.1000E-12  0.1370E-12  0.1700E-12  0.1910E-12  0.1920E-12  0.1860E-12
  0.1000E+15  0.1000E-73  0.1000E-73  0.1800E-34  0.4260E-23  0.1750E-17  0.3260E-14  0.3440E-13  0.7130E-13  0.1000E-12  0.1370E-12  0.1700E-12  0.1910E-12  0.1920E-12  0.1860E-12
  0.1000E+16  0.1000E-73  0.1000E-73  0.1800E-34  0.4260E-23  0.1750E-17  0.3260E-14  0.3440E-13  0.7130E-13  0.1000E-12  0.1370E-12  0.1700E-12  0.1910E-12  0.1920E-12  0.1860E-12
  0.1000E+17  0.1000E-73  0.1000E-73  0.1800E-34  0.4260E-23  0.1750E-17  0.3260E-14  0.3440E-13  0.7130E-13  0.1000E-12  0.1370E-12  0.1700E-12  0.1910E-12  0.1920E-12  0.1860E-12
WAVELENGTH(A)= 
     1.277
 7 14 t 
excit   
    84.400    127.000    211.000    422.000    844.000   2110.000   4220.000   6330.000   8440.000  12700.000  21100.000  42200.000  84400.000 127000.000 
  0.1000E+11  0.1000E-73  0.1000E-73  0.4940E-36  0.2340E-24  0.1360E-18  0.3050E-15  0.3330E-14  0.6830E-14  0.9430E-14  0.1240E-13  0.1420E-13  0.1380E-13  0.1170E-13  0.1030E-13
  0.1000E+12  0.1000E-73  0.1000E-73  0.4940E-36  0.2340E-24  0.1360E-18  0.3050E-15  0.3330E-14  0.6830E-14  0.9430E-14  0.1240E-13  0.1420E-13  0.1380E-13  0.1170E-13  0.1030E-13
  0.1000E+13  0.1000E-73  0.1000E-73  0.4940E-36  0.2340E-24  0.1360E-18  0.3050E-15  0.3330E-14  0.6830E-14  0.9430E-14  0.1240E-13  0.1420E-13  0.1380E-13  0.1170E-13  0.1030E-13
  0.1000E+14  0.1000E-73  0.1000E-73  0.4940E-36  0.2340E-24  0.1360E-18  0.3050E-15  0.3330E-14  0.6830E-14  0.9430E-14  0.1240E-13  0.1420E-13  0.1380E-13  0.1170E-13  0.1030E-13
  0.1000E+15  0.1000E-73  0.1000E-73  0.4940E-36  0.2340E-24  0.1360E-18  0.3050E-15  0.3330E-14  0.6830E-14  0.9430E-14  0.1240E-13  0.1420E-13  0.1380E-13  0.1170E-13  0.1030E-13
  0.1000E+16  0.1000E-73  0.1000E-73  0.4940E-36  0.2340E-24  0.1360E-18  0.3050E-15  0.3330E-14  0.6830E-14  0.9430E-14  0.1240E-13  0.1420E-13  0.1380E-13  0.1170E-13  0.1030E-13
  0.1000E+17  0.1000E-73  0.1000E-73  0.4940E-36  0.2340E-24  0.1360E-18  0.3050E-15  0.3330E-14  0.6830E-14  0.9430E-14  0.1240E-13  0.1420E-13  0.1380E-13  0.1170E-13  0.1030E-13
WAVELENGTH(A)= 
     1.279
 7 14 t 
excit   
    84.400    127.000    211.000    422.000    844.000   2110.000   4220.000   6330.000   8440.000  12700.000  21100.000  42200.000  84400.000 127000.000 
  0.1000E+11  0.1000E-73  0.1000E-73  0.7870E-36  0.2770E-24  0.1380E-18  0.2860E-15  0.3040E-14  0.6180E-14  0.8490E-14  0.1110E-13  0.1270E-13  0.1230E-13  0.1050E-13  0.9230E-14
  0.1000E+12  0.1000E-73  0.1000E-73  0.7870E-36  0.2770E-24  0.1380E-18  0.2860E-15  0.3040E-14  0.6180E-14  0.8490E-14  0.1110E-13  0.1270E-13  0.1230E-13  0.1050E-13  0.9230E-14
  0.1000E+13  0.1000E-73  0.1000E-73  0.7870E-36  0.2770E-24  0.1380E-18  0.2860E-15  0.3040E-14  0.6180E-14  0.8490E-14  0.1110E-13  0.1270E-13  0.1230E-13  0.1050E-13  0.9230E-14
  0.1000E+14  0.1000E-73  0.1000E-73  0.7870E-36  0.2770E-24  0.1380E-18  0.2860E-15  0.3040E-14  0.6180E-14  0.8490E-14  0.1110E-13  0.1270E-13  0.1230E-13  0.1050E-13  0.9230E-14
  0.1000E+15  0.1000E-73  0.1000E-73  0.7870E-36  0.2770E-24  0.1380E-18  0.2860E-15  0.3040E-14  0.6180E-14  0.8490E-14  0.1110E-13  0.1270E-13  0.1230E-13  0.1050E-13  0.9230E-14
  0.1000E+16  0.1000E-73  0.1000E-73  0.7870E-36  0.2770E-24  0.1380E-18  0.2860E-15  0.3040E-14  0.6180E-14  0.8490E-14  0.1110E-13  0.1270E-13  0.1230E-13  0.1050E-13  0.9230E-14
  0.1000E+17  0.1000E-73  0.1000E-73  0.7870E-36  0.2770E-24  0.1380E-18  0.2860E-15  0.3040E-14  0.6180E-14  0.8490E-14  0.1110E-13  0.1270E-13  0.1230E-13  0.1050E-13  0.9230E-14
WAVELENGTH(A)= 
     1.281
 7 14 t 
excit   
    84.400    127.000    211.000    422.000    844.000   2110.000   4220.000   6330.000   8440.000  12700.000  21100.000  42200.000  84400.000 127000.000 
  0.1000E+11  0.1000E-73  0.1000E-73  0.1110E-34  0.4260E-23  0.2210E-17  0.4640E-14  0.4970E-13  0.1010E-12  0.1390E-12  0.1800E-12  0.2060E-12  0.1990E-12  0.1670E-12  0.1470E-12
  0.1000E+12  0.1000E-73  0.1000E-73  0.1110E-34  0.4260E-23  0.2210E-17  0.4640E-14  0.4970E-13  0.1010E-12  0.1390E-12  0.1800E-12  0.2060E-12  0.1990E-12  0.1670E-12  0.1470E-12
  0.1000E+13  0.1000E-73  0.1000E-73  0.1110E-34  0.4260E-23  0.2210E-17  0.4640E-14  0.4970E-13  0.1010E-12  0.1390E-12  0.1800E-12  0.2060E-12  0.1990E-12  0.1670E-12  0.1470E-12
  0.1000E+14  0.1000E-73  0.1000E-73  0.1110E-34  0.4260E-23  0.2210E-17  0.4640E-14  0.4970E-13  0.1010E-12  0.1390E-12  0.1800E-12  0.2060E-12  0.1990E-12  0.1670E-12  0.1470E-12
  0.1000E+15  0.1000E-73  0.1000E-73  0.1110E-34  0.4260E-23  0.2210E-17  0.4640E-14  0.4970E-13  0.1010E-12  0.1390E-12  0.1800E-12  0.2060E-12  0.1990E-12  0.1670E-12  0.1470E-12
  0.1000E+16  0.1000E-73  0.1000E-73  0.1110E-34  0.4260E-23  0.2210E-17  0.4640E-14  0.4970E-13  0.1010E-12  0.1390E-12  0.1800E-12  0.2060E-12  0.1990E-12  0.1670E-12  0.1470E-12
  0.1000E+17  0.1000E-73  0.1000E-73  0.1110E-34  0.4260E-23  0.2210E-17  0.4640E-14  0.4970E-13  0.1010E-12  0.1390E-12  0.1800E-12  0.2060E-12  0.1990E-12  0.1670E-12  0.1470E-12
WAVELENGTH(A)= 
     1.282
 7 14 t 
excit   
    84.400    127.000    211.000    422.000    844.000   2110.000   4220.000   6330.000   8440.000  12700.000  21100.000  42200.000  84400.000 127000.000 
  0.1000E+11  0.1000E-73  0.1000E-73  0.1850E-35  0.3850E-24  0.1480E-18  0.2720E-15  0.2950E-14  0.6160E-14  0.8660E-14  0.1170E-13  0.1390E-13  0.1420E-13  0.1270E-13  0.1150E-13
  0.1000E+12  0.1000E-73  0.1000E-73  0.1850E-35  0.3850E-24  0.1480E-18  0.2720E-15  0.2950E-14  0.6160E-14  0.8660E-14  0.1170E-13  0.1390E-13  0.1420E-13  0.1270E-13  0.1150E-13
  0.1000E+13  0.1000E-73  0.1000E-73  0.1850E-35  0.3850E-24  0.1480E-18  0.2720E-15  0.2950E-14  0.6160E-14  0.8660E-14  0.1170E-13  0.1390E-13  0.1420E-13  0.1270E-13  0.1150E-13
  0.1000E+14  0.1000E-73  0.1000E-73  0.1850E-35  0.3850E-24  0.1480E-18  0.2720E-15  0.2950E-14  0.6160E-14  0.8660E-14  0.1170E-13  0.1390E-13  0.1420E-13  0.1270E-13  0.1150E-13
  0.1000E+15  0.1000E-73  0.1000E-73  0.1850E-35  0.3850E-24  0.1480E-18  0.2720E-15  0.2950E-14  0.6160E-14  0.8660E-14  0.1170E-13  0.1390E-13  0.1420E-13  0.1270E-13  0.1150E-13
  0.1000E+16  0.1000E-73  0.1000E-73  0.1850E-35  0.3850E-24  0.1480E-18  0.2720E-15  0.2950E-14  0.6160E-14  0.8660E-14  0.1170E-13  0.1390E-13  0.1420E-13  0.1270E-13  0.1150E-13
  0.1000E+17  0.1000E-73  0.1000E-73  0.1850E-35  0.3850E-24  0.1480E-18  0.2720E-15  0.2950E-14  0.6160E-14  0.8660E-14  0.1170E-13  0.1390E-13  0.1420E-13  0.1270E-13  0.1150E-13
WAVELENGTH(A)= 
     1.294
 7 14 t 
excit   
    84.400    127.000    211.000    422.000    844.000   2110.000   4220.000   6330.000   8440.000  12700.000  21100.000  42200.000  84400.000 127000.000 
  0.1000E+11  0.1000E-73  0.1000E-73  0.6750E-36  0.2370E-24  0.1180E-18  0.2450E-15  0.2610E-14  0.5300E-14  0.7280E-14  0.9500E-14  0.1090E-13  0.1060E-13  0.9000E-14  0.7910E-14
  0.1000E+12  0.1000E-73  0.1000E-73  0.6750E-36  0.2370E-24  0.1180E-18  0.2450E-15  0.2610E-14  0.5300E-14  0.7280E-14  0.9500E-14  0.1090E-13  0.1060E-13  0.9000E-14  0.7910E-14
  0.1000E+13  0.1000E-73  0.1000E-73  0.6750E-36  0.2370E-24  0.1180E-18  0.2450E-15  0.2610E-14  0.5300E-14  0.7280E-14  0.9500E-14  0.1090E-13  0.1060E-13  0.9000E-14  0.7910E-14
  0.1000E+14  0.1000E-73  0.1000E-73  0.6750E-36  0.2370E-24  0.1180E-18  0.2450E-15  0.2610E-14  0.5300E-14  0.7280E-14  0.9500E-14  0.1090E-13  0.1060E-13  0.9000E-14  0.7910E-14
  0.1000E+15  0.1000E-73  0.1000E-73  0.6750E-36  0.2370E-24  0.1180E-18  0.2450E-15  0.2610E-14  0.5300E-14  0.7280E-14  0.9500E-14  0.1090E-13  0.1060E-13  0.9000E-14  0.7910E-14
  0.1000E+16  0.1000E-73  0.1000E-73  0.6750E-36  0.2370E-24  0.1180E-18  0.2450E-15  0.2610E-14  0.5300E-14  0.7280E-14  0.9500E-14  0.1090E-13  0.1060E-13  0.9000E-14  0.7910E-14
  0.1000E+17  0.1000E-73  0.1000E-73  0.6750E-36  0.2370E-24  0.1180E-18  0.2450E-15  0.2610E-14  0.5300E-14  0.7280E-14  0.9500E-14  0.1090E-13  0.1060E-13  0.9000E-14  0.7910E-14
WAVELENGTH(A)= 
     1.343
 7 14 t 
excit   
    84.400    127.000    211.000    422.000    844.000   2110.000   4220.000   6330.000   8440.000  12700.000  21100.000  42200.000  84400.000 127000.000 
  0.1000E+11  0.1000E-73  0.1000E-73  0.3200E-33  0.2370E-22  0.5450E-17  0.7270E-14  0.7010E-13  0.1400E-12  0.1920E-12  0.2510E-12  0.2910E-12  0.2900E-12  0.2540E-12  0.2280E-12
  0.1000E+12  0.1000E-73  0.1000E-73  0.3200E-33  0.2370E-22  0.5450E-17  0.7270E-14  0.7010E-13  0.1400E-12  0.1920E-12  0.2510E-12  0.2910E-12  0.2900E-12  0.2540E-12  0.2280E-12
  0.1000E+13  0.1000E-73  0.1000E-73  0.3200E-33  0.2370E-22  0.5450E-17  0.7270E-14  0.7010E-13  0.1400E-12  0.1920E-12  0.2510E-12  0.2910E-12  0.2900E-12  0.2540E-12  0.2280E-12
  0.1000E+14  0.1000E-73  0.1000E-73  0.3200E-33  0.2370E-22  0.5450E-17  0.7270E-14  0.7010E-13  0.1400E-12  0.1920E-12  0.2510E-12  0.2910E-12  0.2900E-12  0.2540E-12  0.2280E-12
  0.1000E+15  0.1000E-73  0.1000E-73  0.3200E-33  0.2370E-22  0.5450E-17  0.7270E-14  0.7010E-13  0.1400E-12  0.1920E-12  0.2510E-12  0.2910E-12  0.2900E-12  0.2540E-12  0.2280E-12
  0.1000E+16  0.1000E-73  0.1000E-73  0.3200E-33  0.2370E-22  0.5450E-17  0.7270E-14  0.7010E-13  0.1400E-12  0.1920E-12  0.2510E-12  0.2910E-12  0.2900E-12  0.2540E-12  0.2280E-12
  0.1000E+17  0.1000E-73  0.9920E-48  0.3200E-33  0.2370E-22  0.5450E-17  0.7270E-14  0.7010E-13  0.1400E-12  0.1920E-12  0.2510E-12  0.2910E-12  0.2900E-12  0.2540E-12  0.2280E-12
WAVELENGTH(A)= 
     1.356
 7 14 t 
excit   
    84.400    127.000    211.000    422.000    844.000   2110.000   4220.000   6330.000   8440.000  12700.000  21100.000  42200.000  84400.000 127000.000 
  0.1000E+11  0.1000E-73  0.1000E-73  0.3580E-34  0.2330E-23  0.5320E-18  0.8910E-15  0.1140E-13  0.2630E-13  0.3900E-13  0.5590E-13  0.7070E-13  0.7750E-13  0.7420E-13  0.6990E-13
  0.1000E+12  0.1000E-73  0.1000E-73  0.3580E-34  0.2330E-23  0.5320E-18  0.8910E-15  0.1140E-13  0.2630E-13  0.3900E-13  0.5590E-13  0.7070E-13  0.7750E-13  0.7420E-13  0.6990E-13
  0.1000E+13  0.1000E-73  0.1000E-73  0.3580E-34  0.2330E-23  0.5320E-18  0.8910E-15  0.1140E-13  0.2630E-13  0.3900E-13  0.5590E-13  0.7070E-13  0.7750E-13  0.7420E-13  0.6990E-13
  0.1000E+14  0.1000E-73  0.1000E-73  0.3580E-34  0.2330E-23  0.5320E-18  0.8910E-15  0.1140E-13  0.2630E-13  0.3900E-13  0.5590E-13  0.7070E-13  0.7750E-13  0.7420E-13  0.6990E-13
  0.1000E+15  0.1000E-73  0.1000E-73  0.3580E-34  0.2330E-23  0.5320E-18  0.8910E-15  0.1140E-13  0.2630E-13  0.3900E-13  0.5590E-13  0.7070E-13  0.7750E-13  0.7420E-13  0.6990E-13
  0.1000E+16  0.1000E-73  0.1000E-73  0.3580E-34  0.2330E-23  0.5320E-18  0.8910E-15  0.1140E-13  0.2630E-13  0.3900E-13  0.5590E-13  0.7070E-13  0.7750E-13  0.7420E-13  0.6990E-13
  0.1000E+17  0.1000E-73  0.1000E-73  0.3580E-34  0.2330E-23  0.5320E-18  0.8910E-15  0.1140E-13  0.2630E-13  0.3900E-13  0.5590E-13  0.7070E-13  0.7750E-13  0.7420E-13  0.6990E-13
WAVELENGTH(A)= 
     2.307
 7 14 t 
excit   
    84.400    127.000    211.000    422.000    844.000   2110.000   4220.000   6330.000   8440.000  12700.000  21100.000  42200.000  84400.000 127000.000 
  0.1000E+11  0.1000E-73  0.1000E-73  0.1000E-73  0.4160E-29  0.5600E-21  0.3350E-16  0.1100E-14  0.3260E-14  0.5430E-14  0.8700E-14  0.1200E-13  0.1410E-13  0.1420E-13  0.1360E-13
  0.1000E+12  0.1000E-73  0.1000E-73  0.1000E-73  0.4160E-29  0.5600E-21  0.3350E-16  0.1100E-14  0.3260E-14  0.5430E-14  0.8700E-14  0.1200E-13  0.1410E-13  0.1420E-13  0.1360E-13
  0.1000E+13  0.1000E-73  0.1000E-73  0.1000E-73  0.4160E-29  0.5600E-21  0.3350E-16  0.1100E-14  0.3260E-14  0.5430E-14  0.8700E-14  0.1200E-13  0.1410E-13  0.1420E-13  0.1360E-13
  0.1000E+14  0.1000E-73  0.1000E-73  0.1000E-73  0.4160E-29  0.5600E-21  0.3350E-16  0.1100E-14  0.3260E-14  0.5430E-14  0.8700E-14  0.1200E-13  0.1410E-13  0.1420E-13  0.1360E-13
  0.1000E+15  0.1000E-73  0.1000E-73  0.1000E-73  0.4160E-29  0.5600E-21  0.3350E-16  0.1100E-14  0.3260E-14  0.5430E-14  0.8700E-14  0.1200E-13  0.1410E-13  0.1420E-13  0.1360E-13
  0.1000E+16  0.1000E-73  0.1000E-73  0.2100E-45  0.4160E-29  0.5600E-21  0.3350E-16  0.1100E-14  0.3260E-14  0.5430E-14  0.8700E-14  0.1200E-13  0.1410E-13  0.1420E-13  0.1360E-13
  0.1000E+17  0.1000E-73  0.1000E-73  0.1680E-45  0.4160E-29  0.5600E-21  0.3350E-16  0.1100E-14  0.3260E-14  0.5430E-14  0.8700E-14  0.1200E-13  0.1410E-13  0.1420E-13  0.1360E-13
WAVELENGTH(A)= 
     2.313
 7 14 t 
excit   
    84.400    127.000    211.000    422.000    844.000   2110.000   4220.000   6330.000   8440.000  12700.000  21100.000  42200.000  84400.000 127000.000 
  0.1000E+11  0.1000E-73  0.1000E-73  0.1000E-73  0.4600E-29  0.5570E-21  0.3150E-16  0.1020E-14  0.2990E-14  0.4900E-14  0.7650E-14  0.1010E-13  0.1080E-13  0.9660E-14  0.8660E-14
  0.1000E+12  0.1000E-73  0.1000E-73  0.1000E-73  0.4600E-29  0.5570E-21  0.3150E-16  0.1020E-14  0.2990E-14  0.4900E-14  0.7650E-14  0.1010E-13  0.1080E-13  0.9660E-14  0.8660E-14
  0.1000E+13  0.1000E-73  0.1000E-73  0.1000E-73  0.4600E-29  0.5570E-21  0.3150E-16  0.1020E-14  0.2990E-14  0.4900E-14  0.7650E-14  0.1010E-13  0.1080E-13  0.9660E-14  0.8660E-14
  0.1000E+14  0.1000E-73  0.1000E-73  0.1000E-73  0.4600E-29  0.5570E-21  0.3150E-16  0.1020E-14  0.2990E-14  0.4900E-14  0.7650E-14  0.1010E-13  0.1080E-13  0.9660E-14  0.8660E-14
  0.1000E+15  0.1000E-73  0.1000E-73  0.1000E-73  0.4600E-29  0.5570E-21  0.3150E-16  0.1020E-14  0.2990E-14  0.4900E-14  0.7650E-14  0.1010E-13  0.1080E-13  0.9660E-14  0.8660E-14
  0.1000E+16  0.1000E-73  0.1000E-73  0.2100E-45  0.4600E-29  0.5570E-21  0.3150E-16  0.1020E-14  0.2990E-14  0.4900E-14  0.7650E-14  0.1010E-13  0.1080E-13  0.9660E-14  0.8660E-14
  0.1000E+17  0.1000E-73  0.1000E-73  0.2310E-45  0.4600E-29  0.5570E-21  0.3150E-16  0.1020E-14  0.2990E-14  0.4900E-14  0.7650E-14  0.1010E-13  0.1080E-13  0.9660E-14  0.8660E-14
WAVELENGTH(A)= 
     2.521
 7 14 t 
excit   
    84.400    127.000    211.000    422.000    844.000   2110.000   4220.000   6330.000   8440.000  12700.000  21100.000  42200.000  84400.000 127000.000 
  0.1000E+11  0.1000E-73  0.1000E-73  0.1000E-73  0.4090E-29  0.5700E-21  0.3440E-16  0.1120E-14  0.3300E-14  0.5480E-14  0.8700E-14  0.1170E-13  0.1300E-13  0.1200E-13  0.1090E-13
  0.1000E+12  0.1000E-73  0.1000E-73  0.1000E-73  0.4090E-29  0.5700E-21  0.3440E-16  0.1120E-14  0.3300E-14  0.5480E-14  0.8700E-14  0.1170E-13  0.1300E-13  0.1200E-13  0.1090E-13
  0.1000E+13  0.1000E-73  0.1000E-73  0.1000E-73  0.4090E-29  0.5700E-21  0.3440E-16  0.1120E-14  0.3300E-14  0.5480E-14  0.8700E-14  0.1170E-13  0.1300E-13  0.1200E-13  0.1090E-13
  0.1000E+14  0.1000E-73  0.1000E-73  0.1000E-73  0.4090E-29  0.5700E-21  0.3440E-16  0.1120E-14  0.3300E-14  0.5480E-14  0.8700E-14  0.1170E-13  0.1300E-13  0.1200E-13  0.1090E-13
  0.1000E+15  0.1000E-73  0.1000E-73  0.1000E-73  0.4090E-29  0.5700E-21  0.3440E-16  0.1120E-14  0.3300E-14  0.5480E-14  0.8700E-14  0.1170E-13  0.1300E-13  0.1200E-13  0.1090E-13
  0.1000E+16  0.1000E-73  0.1000E-73  0.1540E-45  0.4090E-29  0.5700E-21  0.3440E-16  0.1120E-14  0.3300E-14  0.5480E-14  0.8700E-14  0.1170E-13  0.1300E-13  0.1200E-13  0.1090E-13
  0.1000E+17  0.1000E-73  0.1000E-73  0.1540E-45  0.4090E-29  0.5700E-21  0.3440E-16  0.1120E-14  0.3300E-14  0.5480E-14  0.8700E-14  0.1170E-13  0.1300E-13  0.1200E-13  0.1090E-13
WAVELENGTH(A)= 
     3.181
 7 14 t 
excit   
    84.400    127.000    211.000    422.000    844.000   2110.000   4220.000   6330.000   8440.000  12700.000  21100.000  42200.000  84400.000 127000.000 
  0.1000E+11  0.1000E-73  0.1000E-73  0.1000E-73  0.1140E-27  0.2430E-20  0.4980E-16  0.1160E-14  0.3090E-14  0.4860E-14  0.7270E-14  0.9320E-14  0.9940E-14  0.8970E-14  0.8090E-14
  0.1000E+12  0.1000E-73  0.1000E-73  0.1000E-73  0.1140E-27  0.2430E-20  0.4980E-16  0.1160E-14  0.3090E-14  0.4860E-14  0.7270E-14  0.9320E-14  0.9940E-14  0.8970E-14  0.8090E-14
  0.1000E+13  0.1000E-73  0.1000E-73  0.2020E-42  0.1140E-27  0.2430E-20  0.4980E-16  0.1160E-14  0.3090E-14  0.4860E-14  0.7270E-14  0.9320E-14  0.9940E-14  0.8970E-14  0.8090E-14
  0.1000E+14  0.1000E-73  0.1000E-73  0.1820E-42  0.1140E-27  0.2430E-20  0.4980E-16  0.1160E-14  0.3090E-14  0.4860E-14  0.7270E-14  0.9320E-14  0.9940E-14  0.8970E-14  0.8090E-14
  0.1000E+15  0.1000E-73  0.1000E-73  0.1860E-42  0.1140E-27  0.2430E-20  0.4980E-16  0.1160E-14  0.3090E-14  0.4860E-14  0.7270E-14  0.9320E-14  0.9940E-14  0.8970E-14  0.8090E-14
  0.1000E+16  0.1000E-73  0.1000E-73  0.1850E-42  0.1140E-27  0.2430E-20  0.4980E-16  0.1160E-14  0.3090E-14  0.4860E-14  0.7270E-14  0.9320E-14  0.9940E-14  0.8970E-14  0.8090E-14
  0.1000E+17  0.1000E-73  0.1000E-73  0.1850E-42  0.1140E-27  0.2430E-20  0.4980E-16  0.1160E-14  0.3090E-14  0.4860E-14  0.7270E-14  0.9320E-14  0.9940E-14  0.8970E-14  0.8090E-14
WAVELENGTH(A)= 
     3.235
 7 14 t 
excit   
    84.400    127.000    211.000    422.000    844.000   2110.000   4220.000   6330.000   8440.000  12700.000  21100.000  42200.000  84400.000 127000.000 
  0.1000E+11  0.1000E-73  0.1000E-73  0.1000E-73  0.1810E-27  0.4970E-20  0.1120E-15  0.2620E-14  0.6880E-14  0.1070E-13  0.1580E-13  0.1970E-13  0.2020E-13  0.1740E-13  0.1510E-13
  0.1000E+12  0.1000E-73  0.1000E-73  0.1000E-73  0.1810E-27  0.4970E-20  0.1120E-15  0.2620E-14  0.6880E-14  0.1070E-13  0.1580E-13  0.1970E-13  0.2020E-13  0.1740E-13  0.1510E-13
  0.1000E+13  0.1000E-73  0.1000E-73  0.2450E-42  0.1810E-27  0.4970E-20  0.1120E-15  0.2620E-14  0.6880E-14  0.1070E-13  0.1580E-13  0.1970E-13  0.2020E-13  0.1740E-13  0.1510E-13
  0.1000E+14  0.1000E-73  0.1000E-73  0.1720E-42  0.1810E-27  0.4970E-20  0.1120E-15  0.2620E-14  0.6880E-14  0.1070E-13  0.1580E-13  0.1970E-13  0.2020E-13  0.1740E-13  0.1510E-13
  0.1000E+15  0.1000E-73  0.1000E-73  0.1720E-42  0.1810E-27  0.4970E-20  0.1120E-15  0.2620E-14  0.6880E-14  0.1070E-13  0.1580E-13  0.1970E-13  0.2020E-13  0.1740E-13  0.1510E-13
  0.1000E+16  0.1000E-73  0.1000E-73  0.1720E-42  0.1810E-27  0.4970E-20  0.1120E-15  0.2620E-14  0.6880E-14  0.1070E-13  0.1580E-13  0.1970E-13  0.2020E-13  0.1740E-13  0.1510E-13
  0.1000E+17  0.1000E-73  0.1000E-73  0.1720E-42  0.1810E-27  0.4970E-20  0.1120E-15  0.2620E-14  0.6880E-14  0.1070E-13  0.1580E-13  0.1970E-13  0.2020E-13  0.1740E-13  0.1510E-13
WAVELENGTH(A)= 
     3.239
 7 14 t 
excit   
    84.400    127.000    211.000    422.000    844.000   2110.000   4220.000   6330.000   8440.000  12700.000  21100.000  42200.000  84400.000 127000.000 
  0.1000E+11  0.1000E-73  0.1000E-73  0.1000E-73  0.4900E-27  0.1050E-19  0.2110E-15  0.4820E-14  0.1280E-13  0.2030E-13  0.3100E-13  0.4140E-13  0.4830E-13  0.4910E-13  0.4770E-13
  0.1000E+12  0.1000E-73  0.1000E-73  0.1000E-73  0.4900E-27  0.1050E-19  0.2110E-15  0.4820E-14  0.1280E-13  0.2030E-13  0.3100E-13  0.4140E-13  0.4830E-13  0.4910E-13  0.4770E-13
  0.1000E+13  0.1000E-73  0.1000E-73  0.6600E-42  0.4900E-27  0.1050E-19  0.2110E-15  0.4820E-14  0.1280E-13  0.2030E-13  0.3100E-13  0.4140E-13  0.4830E-13  0.4910E-13  0.4770E-13
  0.1000E+14  0.1000E-73  0.1000E-73  0.7700E-42  0.4900E-27  0.1050E-19  0.2110E-15  0.4820E-14  0.1280E-13  0.2030E-13  0.3100E-13  0.4140E-13  0.4830E-13  0.4910E-13  0.4770E-13
  0.1000E+15  0.1000E-73  0.1000E-73  0.7610E-42  0.4900E-27  0.1050E-19  0.2110E-15  0.4820E-14  0.1280E-13  0.2030E-13  0.3100E-13  0.4140E-13  0.4830E-13  0.4910E-13  0.4770E-13
  0.1000E+16  0.1000E-73  0.1000E-73  0.7610E-42  0.4900E-27  0.1050E-19  0.2110E-15  0.4820E-14  0.1280E-13  0.2030E-13  0.3100E-13  0.4140E-13  0.4830E-13  0.4910E-13  0.4770E-13
  0.1000E+17  0.1000E-73  0.1000E-73  0.7610E-42  0.4900E-27  0.1050E-19  0.2110E-15  0.4820E-14  0.1280E-13  0.2030E-13  0.3100E-13  0.4140E-13  0.4830E-13  0.4910E-13  0.4770E-13
WAVELENGTH(A)= 
     3.337
 7 14 t 
excit   
    84.400    127.000    211.000    422.000    844.000   2110.000   4220.000   6330.000   8440.000  12700.000  21100.000  42200.000  84400.000 127000.000 
  0.1000E+11  0.1000E-73  0.1000E-73  0.1000E-73  0.8180E-27  0.1400E-19  0.2510E-15  0.5610E-14  0.1470E-13  0.2290E-13  0.3380E-13  0.4280E-13  0.4500E-13  0.4020E-13  0.3600E-13
  0.1000E+12  0.1000E-73  0.1000E-73  0.1750E-41  0.8180E-27  0.1400E-19  0.2510E-15  0.5610E-14  0.1470E-13  0.2290E-13  0.3380E-13  0.4280E-13  0.4500E-13  0.4020E-13  0.3600E-13
  0.1000E+13  0.1000E-73  0.1000E-73  0.2010E-41  0.8180E-27  0.1400E-19  0.2510E-15  0.5610E-14  0.1470E-13  0.2290E-13  0.3380E-13  0.4280E-13  0.4500E-13  0.4020E-13  0.3600E-13
  0.1000E+14  0.1000E-73  0.1000E-73  0.2050E-41  0.8180E-27  0.1400E-19  0.2510E-15  0.5610E-14  0.1470E-13  0.2290E-13  0.3380E-13  0.4280E-13  0.4500E-13  0.4020E-13  0.3600E-13
  0.1000E+15  0.1000E-73  0.1000E-73  0.2050E-41  0.8180E-27  0.1400E-19  0.2510E-15  0.5610E-14  0.1470E-13  0.2290E-13  0.3380E-13  0.4280E-13  0.4500E-13  0.4020E-13  0.3600E-13
  0.1000E+16  0.1000E-73  0.1000E-73  0.2050E-41  0.8180E-27  0.1400E-19  0.2510E-15  0.5610E-14  0.1470E-13  0.2290E-13  0.3380E-13  0.4280E-13  0.4500E-13  0.4020E-13  0.3600E-13
  0.1000E+17  0.1000E-73  0.1000E-73  0.2050E-41  0.8180E-27  0.1400E-19  0.2510E-15  0.5610E-14  0.1470E-13  0.2290E-13  0.3380E-13  0.4280E-13  0.4500E-13  0.4020E-13  0.3600E-13
WAVELENGTH(A)= 
     3.607
 7 14 t 
excit   
    84.400    127.000    211.000    422.000    844.000   2110.000   4220.000   6330.000   8440.000  12700.000  21100.000  42200.000  84400.000 127000.000 
  0.1000E+11  0.1000E-73  0.1000E-73  0.1000E-73  0.7980E-28  0.2320E-20  0.5450E-16  0.1290E-14  0.3410E-14  0.5320E-14  0.7840E-14  0.9800E-14  0.1010E-13  0.8640E-14  0.7550E-14
  0.1000E+12  0.1000E-73  0.1000E-73  0.1000E-73  0.7980E-28  0.2320E-20  0.5450E-16  0.1290E-14  0.3410E-14  0.5320E-14  0.7840E-14  0.9800E-14  0.1010E-13  0.8640E-14  0.7550E-14
  0.1000E+13  0.1000E-73  0.1000E-73  0.1000E-73  0.7980E-28  0.2320E-20  0.5450E-16  0.1290E-14  0.3410E-14  0.5320E-14  0.7840E-14  0.9800E-14  0.1010E-13  0.8640E-14  0.7550E-14
  0.1000E+14  0.1000E-73  0.1000E-73  0.7400E-43  0.7980E-28  0.2320E-20  0.5450E-16  0.1290E-14  0.3410E-14  0.5320E-14  0.7840E-14  0.9800E-14  0.1010E-13  0.8640E-14  0.7550E-14
  0.1000E+15  0.1000E-73  0.1000E-73  0.6660E-43  0.7980E-28  0.2320E-20  0.5450E-16  0.1290E-14  0.3410E-14  0.5320E-14  0.7840E-14  0.9800E-14  0.1010E-13  0.8640E-14  0.7550E-14
  0.1000E+16  0.1000E-73  0.1000E-73  0.6660E-43  0.7980E-28  0.2320E-20  0.5450E-16  0.1290E-14  0.3410E-14  0.5320E-14  0.7840E-14  0.9800E-14  0.1010E-13  0.8640E-14  0.7550E-14
  0.1000E+17  0.1000E-73  0.1000E-73  0.6670E-43  0.7980E-28  0.2320E-20  0.5450E-16  0.1290E-14  0.3410E-14  0.5320E-14  0.7840E-14  0.9800E-14  0.1010E-13  0.8640E-14  0.7550E-14
WAVELENGTH(A)= 
     3.644
 7 14 t 
excit   
    84.400    127.000    211.000    422.000    844.000   2110.000   4220.000   6330.000   8440.000  12700.000  21100.000  42200.000  84400.000 127000.000 
  0.1000E+11  0.1000E-73  0.1000E-73  0.1000E-73  0.4190E-27  0.9670E-20  0.1990E-15  0.4550E-14  0.1200E-13  0.1880E-13  0.2820E-13  0.3630E-13  0.3950E-13  0.3610E-13  0.3270E-13
  0.1000E+12  0.1000E-73  0.1000E-73  0.1000E-73  0.4190E-27  0.9670E-20  0.1990E-15  0.4550E-14  0.1200E-13  0.1880E-13  0.2820E-13  0.3630E-13  0.3950E-13  0.3610E-13  0.3270E-13
  0.1000E+13  0.1000E-73  0.1000E-73  0.4720E-42  0.4190E-27  0.9670E-20  0.1990E-15  0.4550E-14  0.1200E-13  0.1880E-13  0.2820E-13  0.3630E-13  0.3950E-13  0.3610E-13  0.3270E-13
  0.1000E+14  0.1000E-73  0.1000E-73  0.5670E-42  0.4190E-27  0.9670E-20  0.1990E-15  0.4550E-14  0.1200E-13  0.1880E-13  0.2820E-13  0.3630E-13  0.3950E-13  0.3610E-13  0.3270E-13
  0.1000E+15  0.1000E-73  0.1000E-73  0.5620E-42  0.4190E-27  0.9670E-20  0.1990E-15  0.4550E-14  0.1200E-13  0.1880E-13  0.2820E-13  0.3630E-13  0.3950E-13  0.3610E-13  0.3270E-13
  0.1000E+16  0.1000E-73  0.1000E-73  0.5620E-42  0.4190E-27  0.9670E-20  0.1990E-15  0.4550E-14  0.1200E-13  0.1880E-13  0.2820E-13  0.3630E-13  0.3950E-13  0.3610E-13  0.3270E-13
  0.1000E+17  0.1000E-73  0.1000E-73  0.5620E-42  0.4190E-27  0.9670E-20  0.1990E-15  0.4550E-14  0.1200E-13  0.1880E-13  0.2820E-13  0.3630E-13  0.3950E-13  0.3610E-13  0.3270E-13
WAVELENGTH(A)= 
     3.951
 7 14 t 
excit   
    84.400    127.000    211.000    422.000    844.000   2110.000   4220.000   6330.000   8440.000  12700.000  21100.000  42200.000  84400.000 127000.000 
  0.1000E+11  0.1000E-73  0.1000E-73  0.1000E-73  0.1890E-27  0.3240E-20  0.5790E-16  0.1290E-14  0.3380E-14  0.5270E-14  0.7800E-14  0.9870E-14  0.1040E-13  0.9270E-14  0.8320E-14
  0.1000E+12  0.1000E-73  0.1000E-73  0.4040E-42  0.1890E-27  0.3240E-20  0.5790E-16  0.1290E-14  0.3380E-14  0.5270E-14  0.7800E-14  0.9870E-14  0.1040E-13  0.9270E-14  0.8320E-14
  0.1000E+13  0.1000E-73  0.1000E-73  0.4640E-42  0.1890E-27  0.3240E-20  0.5790E-16  0.1290E-14  0.3380E-14  0.5270E-14  0.7800E-14  0.9870E-14  0.1040E-13  0.9270E-14  0.8320E-14
  0.1000E+14  0.1000E-73  0.1000E-73  0.4720E-42  0.1890E-27  0.3240E-20  0.5790E-16  0.1290E-14  0.3380E-14  0.5270E-14  0.7800E-14  0.9870E-14  0.1040E-13  0.9270E-14  0.8320E-14
  0.1000E+15  0.1000E-73  0.1000E-73  0.4730E-42  0.1890E-27  0.3240E-20  0.5790E-16  0.1290E-14  0.3380E-14  0.5270E-14  0.7800E-14  0.9870E-14  0.1040E-13  0.9270E-14  0.8320E-14
  0.1000E+16  0.1000E-73  0.1000E-73  0.4730E-42  0.1890E-27  0.3240E-20  0.5790E-16  0.1290E-14  0.3380E-14  0.5270E-14  0.7800E-14  0.9870E-14  0.1040E-13  0.9270E-14  0.8320E-14
  0.1000E+17  0.1000E-73  0.1000E-73  0.4730E-42  0.1890E-27  0.3240E-20  0.5790E-16  0.1290E-14  0.3380E-14  0.5270E-14  0.7800E-14  0.9870E-14  0.1040E-13  0.9270E-14  0.8320E-14
WAVELENGTH(A)= 
     6.933
 7 14 t 
excit   
    84.400    127.000    211.000    422.000    844.000   2110.000   4220.000   6330.000   8440.000  12700.000  21100.000  42200.000  84400.000 127000.000 
  0.1000E+11  0.8990E-19  0.8560E-16  0.1890E-13  0.9290E-12  0.5580E-11  0.1330E-10  0.1560E-10  0.1560E-10  0.1530E-10  0.1440E-10  0.1290E-10  0.1080E-10  0.8780E-11  0.7700E-11
  0.1000E+12  0.8990E-19  0.8560E-16  0.1890E-13  0.9290E-12  0.5580E-11  0.1330E-10  0.1560E-10  0.1560E-10  0.1530E-10  0.1440E-10  0.1290E-10  0.1080E-10  0.8780E-11  0.7700E-11
  0.1000E+13  0.8990E-19  0.8560E-16  0.1890E-13  0.9290E-12  0.5580E-11  0.1330E-10  0.1560E-10  0.1560E-10  0.1530E-10  0.1440E-10  0.1290E-10  0.1080E-10  0.8780E-11  0.7700E-11
  0.1000E+14  0.8990E-19  0.8560E-16  0.1890E-13  0.9290E-12  0.5580E-11  0.1330E-10  0.1560E-10  0.1560E-10  0.1530E-10  0.1440E-10  0.1290E-10  0.1080E-10  0.8780E-11  0.7700E-11
  0.1000E+15  0.8990E-19  0.8560E-16  0.1890E-13  0.9290E-12  0.5580E-11  0.1330E-10  0.1560E-10  0.1560E-10  0.1530E-10  0.1440E-10  0.1290E-10  0.1080E-10  0.8780E-11  0.7700E-11
  0.1000E+16  0.8990E-19  0.8560E-16  0.1890E-13  0.9290E-12  0.5580E-11  0.1330E-10  0.1560E-10  0.1560E-10  0.1530E-10  0.1440E-10  0.1290E-10  0.1080E-10  0.8780E-11  0.7700E-11
  0.1000E+17  0.8990E-19  0.8560E-16  0.1890E-13  0.9290E-12  0.5580E-11  0.1330E-10  0.1560E-10  0.1560E-10  0.1530E-10  0.1440E-10  0.1290E-10  0.1080E-10  0.8780E-11  0.7700E-11
WAVELENGTH(A)= 
     6.963
 7 14 t 
excit   
    84.400    127.000    211.000    422.000    844.000   2110.000   4220.000   6330.000   8440.000  12700.000  21100.000  42200.000  84400.000 127000.000 
  0.1000E+11  0.5340E-19  0.4960E-16  0.1060E-13  0.5150E-12  0.3070E-11  0.7290E-11  0.8520E-11  0.8540E-11  0.8350E-11  0.7860E-11  0.7100E-11  0.5940E-11  0.4820E-11  0.4220E-11
  0.1000E+12  0.5340E-19  0.4960E-16  0.1060E-13  0.5150E-12  0.3070E-11  0.7290E-11  0.8520E-11  0.8540E-11  0.8350E-11  0.7860E-11  0.7100E-11  0.5940E-11  0.4820E-11  0.4220E-11
  0.1000E+13  0.5340E-19  0.4960E-16  0.1060E-13  0.5150E-12  0.3070E-11  0.7290E-11  0.8520E-11  0.8540E-11  0.8350E-11  0.7860E-11  0.7100E-11  0.5940E-11  0.4820E-11  0.4220E-11
  0.1000E+14  0.5340E-19  0.4960E-16  0.1060E-13  0.5150E-12  0.3070E-11  0.7290E-11  0.8520E-11  0.8540E-11  0.8350E-11  0.7860E-11  0.7100E-11  0.5940E-11  0.4820E-11  0.4220E-11
  0.1000E+15  0.5340E-19  0.4960E-16  0.1060E-13  0.5150E-12  0.3070E-11  0.7290E-11  0.8520E-11  0.8540E-11  0.8350E-11  0.7860E-11  0.7100E-11  0.5940E-11  0.4820E-11  0.4220E-11
  0.1000E+16  0.5340E-19  0.4960E-16  0.1060E-13  0.5150E-12  0.3070E-11  0.7290E-11  0.8520E-11  0.8540E-11  0.8350E-11  0.7860E-11  0.7100E-11  0.5940E-11  0.4820E-11  0.4220E-11
  0.1000E+17  0.5340E-19  0.4960E-16  0.1060E-13  0.5150E-12  0.3070E-11  0.7290E-11  0.8520E-11  0.8540E-11  0.8350E-11  0.7860E-11  0.7100E-11  0.5940E-11  0.4820E-11  0.4220E-11
WAVELENGTH(A)= 
     7.377
 7 14 t 
excit   
    84.400    127.000    211.000    422.000    844.000   2110.000   4220.000   6330.000   8440.000  12700.000  21100.000  42200.000  84400.000 127000.000 
  0.1000E+11  0.3110E-20  0.1940E-17  0.3030E-15  0.1160E-13  0.6130E-13  0.1400E-12  0.1980E-12  0.2420E-12  0.2730E-12  0.3040E-12  0.3160E-12  0.2910E-12  0.2440E-12  0.2140E-12
  0.1000E+12  0.3110E-20  0.1940E-17  0.3030E-15  0.1160E-13  0.6130E-13  0.1400E-12  0.1980E-12  0.2420E-12  0.2730E-12  0.3040E-12  0.3160E-12  0.2910E-12  0.2440E-12  0.2140E-12
  0.1000E+13  0.3110E-20  0.1940E-17  0.3030E-15  0.1160E-13  0.6130E-13  0.1400E-12  0.1980E-12  0.2420E-12  0.2730E-12  0.3040E-12  0.3160E-12  0.2910E-12  0.2440E-12  0.2140E-12
  0.1000E+14  0.3110E-20  0.1940E-17  0.3030E-15  0.1160E-13  0.6130E-13  0.1400E-12  0.1980E-12  0.2420E-12  0.2730E-12  0.3040E-12  0.3160E-12  0.2910E-12  0.2440E-12  0.2140E-12
  0.1000E+15  0.3110E-20  0.1940E-17  0.3030E-15  0.1160E-13  0.6130E-13  0.1400E-12  0.1980E-12  0.2420E-12  0.2730E-12  0.3040E-12  0.3160E-12  0.2910E-12  0.2440E-12  0.2140E-12
  0.1000E+16  0.3110E-20  0.1940E-17  0.3030E-15  0.1160E-13  0.6130E-13  0.1400E-12  0.1980E-12  0.2420E-12  0.2730E-12  0.3040E-12  0.3160E-12  0.2910E-12  0.2440E-12  0.2140E-12
  0.1000E+17  0.3110E-20  0.1940E-17  0.3030E-15  0.1160E-13  0.6130E-13  0.1400E-12  0.1980E-12  0.2420E-12  0.2730E-12  0.3040E-12  0.3160E-12  0.2910E-12  0.2440E-12  0.2140E-12
WAVELENGTH(A)= 
     8.225
 7 14 t 
excit   
    84.400    127.000    211.000    422.000    844.000   2110.000   4220.000   6330.000   8440.000  12700.000  21100.000  42200.000  84400.000 127000.000 
  0.1000E+11  0.8100E-22  0.7510E-19  0.1610E-16  0.7810E-15  0.4650E-14  0.1100E-13  0.1290E-13  0.1290E-13  0.1260E-13  0.1190E-13  0.1080E-13  0.9000E-14  0.7310E-14  0.6400E-14
  0.1000E+12  0.8100E-22  0.7510E-19  0.1610E-16  0.7810E-15  0.4650E-14  0.1100E-13  0.1290E-13  0.1290E-13  0.1260E-13  0.1190E-13  0.1080E-13  0.9000E-14  0.7310E-14  0.6400E-14
  0.1000E+13  0.8100E-22  0.7510E-19  0.1610E-16  0.7810E-15  0.4650E-14  0.1100E-13  0.1290E-13  0.1290E-13  0.1260E-13  0.1190E-13  0.1080E-13  0.9000E-14  0.7310E-14  0.6400E-14
  0.1000E+14  0.8100E-22  0.7510E-19  0.1610E-16  0.7810E-15  0.4650E-14  0.1100E-13  0.1290E-13  0.1290E-13  0.1260E-13  0.1190E-13  0.1080E-13  0.9000E-14  0.7310E-14  0.6400E-14
  0.1000E+15  0.8100E-22  0.7510E-19  0.1610E-16  0.7810E-15  0.4650E-14  0.1100E-13  0.1290E-13  0.1290E-13  0.1260E-13  0.1190E-13  0.1080E-13  0.9000E-14  0.7310E-14  0.6400E-14
  0.1000E+16  0.8100E-22  0.7510E-19  0.1610E-16  0.7810E-15  0.4650E-14  0.1100E-13  0.1290E-13  0.1290E-13  0.1260E-13  0.1190E-13  0.1080E-13  0.9000E-14  0.7310E-14  0.6400E-14
  0.1000E+17  0.8100E-22  0.7510E-19  0.1610E-16  0.7810E-15  0.4650E-14  0.1100E-13  0.1290E-13  0.1290E-13  0.1260E-13  0.1190E-13  0.1080E-13  0.9000E-14  0.7310E-14  0.6400E-14
WAVELENGTH(A)= 
     8.377
 7 14 t 
excit   
    84.400    127.000    211.000    422.000    844.000   2110.000   4220.000   6330.000   8440.000  12700.000  21100.000  42200.000  84400.000 127000.000 
  0.1000E+11  0.1020E-18  0.2910E-16  0.2460E-14  0.6060E-13  0.2600E-12  0.5420E-12  0.7680E-12  0.9480E-12  0.1080E-11  0.1210E-11  0.1280E-11  0.1220E-11  0.1070E-11  0.9680E-12
  0.1000E+12  0.1020E-18  0.2910E-16  0.2460E-14  0.6060E-13  0.2600E-12  0.5420E-12  0.7680E-12  0.9480E-12  0.1080E-11  0.1210E-11  0.1280E-11  0.1220E-11  0.1070E-11  0.9680E-12
  0.1000E+13  0.1020E-18  0.2910E-16  0.2460E-14  0.6060E-13  0.2600E-12  0.5420E-12  0.7680E-12  0.9480E-12  0.1080E-11  0.1210E-11  0.1280E-11  0.1220E-11  0.1070E-11  0.9680E-12
  0.1000E+14  0.1020E-18  0.2910E-16  0.2460E-14  0.6060E-13  0.2600E-12  0.5420E-12  0.7680E-12  0.9480E-12  0.1080E-11  0.1210E-11  0.1280E-11  0.1220E-11  0.1070E-11  0.9680E-12
  0.1000E+15  0.1020E-18  0.2910E-16  0.2460E-14  0.6060E-13  0.2600E-12  0.5420E-12  0.7680E-12  0.9480E-12  0.1080E-11  0.1210E-11  0.1280E-11  0.1220E-11  0.1070E-11  0.9680E-12
  0.1000E+16  0.1020E-18  0.2910E-16  0.2460E-14  0.6060E-13  0.2600E-12  0.5420E-12  0.7680E-12  0.9480E-12  0.1080E-11  0.1210E-11  0.1280E-11  0.1220E-11  0.1070E-11  0.9680E-12
  0.1000E+17  0.1020E-18  0.2910E-16  0.2460E-14  0.6060E-13  0.2600E-12  0.5420E-12  0.7680E-12  0.9480E-12  0.1080E-11  0.1210E-11  0.1280E-11  0.1220E-11  0.1070E-11  0.9680E-12
WAVELENGTH(A)= 
     8.811
 7 14 t 
excit   
    84.400    127.000    211.000    422.000    844.000   2110.000   4220.000   6330.000   8440.000  12700.000  21100.000  42200.000  84400.000 127000.000 
  0.1000E+11  0.4550E-21  0.2840E-18  0.4440E-16  0.1700E-14  0.8980E-14  0.2050E-13  0.2890E-13  0.3550E-13  0.4000E-13  0.4460E-13  0.4630E-13  0.4260E-13  0.3570E-13  0.3130E-13
  0.1000E+12  0.4550E-21  0.2840E-18  0.4440E-16  0.1700E-14  0.8980E-14  0.2050E-13  0.2890E-13  0.3550E-13  0.4000E-13  0.4460E-13  0.4630E-13  0.4260E-13  0.3570E-13  0.3130E-13
  0.1000E+13  0.4550E-21  0.2840E-18  0.4440E-16  0.1700E-14  0.8980E-14  0.2050E-13  0.2890E-13  0.3550E-13  0.4000E-13  0.4460E-13  0.4630E-13  0.4260E-13  0.3570E-13  0.3130E-13
  0.1000E+14  0.4550E-21  0.2840E-18  0.4440E-16  0.1700E-14  0.8980E-14  0.2050E-13  0.2890E-13  0.3550E-13  0.4000E-13  0.4460E-13  0.4630E-13  0.4260E-13  0.3570E-13  0.3130E-13
  0.1000E+15  0.4550E-21  0.2840E-18  0.4440E-16  0.1700E-14  0.8980E-14  0.2050E-13  0.2890E-13  0.3550E-13  0.4000E-13  0.4460E-13  0.4630E-13  0.4260E-13  0.3570E-13  0.3130E-13
  0.1000E+16  0.4550E-21  0.2840E-18  0.4440E-16  0.1700E-14  0.8980E-14  0.2050E-13  0.2890E-13  0.3550E-13  0.4000E-13  0.4460E-13  0.4630E-13  0.4260E-13  0.3570E-13  0.3130E-13
  0.1000E+17  0.4550E-21  0.2840E-18  0.4440E-16  0.1700E-14  0.8980E-14  0.2050E-13  0.2890E-13  0.3550E-13  0.4000E-13  0.4460E-13  0.4630E-13  0.4260E-13  0.3570E-13  0.3130E-13
WAVELENGTH(A)= 
    10.275
 7 14 t 
excit   
    84.400    127.000    211.000    422.000    844.000   2110.000   4220.000   6330.000   8440.000  12700.000  21100.000  42200.000  84400.000 127000.000 
  0.1000E+11  0.3360E-20  0.9550E-18  0.8080E-16  0.1990E-14  0.8530E-14  0.1780E-13  0.2520E-13  0.3110E-13  0.3550E-13  0.3980E-13  0.4220E-13  0.4020E-13  0.3520E-13  0.3180E-13
  0.1000E+12  0.3360E-20  0.9550E-18  0.8080E-16  0.1990E-14  0.8530E-14  0.1780E-13  0.2520E-13  0.3110E-13  0.3550E-13  0.3980E-13  0.4220E-13  0.4020E-13  0.3520E-13  0.3180E-13
  0.1000E+13  0.3360E-20  0.9550E-18  0.8080E-16  0.1990E-14  0.8530E-14  0.1780E-13  0.2520E-13  0.3110E-13  0.3550E-13  0.3980E-13  0.4220E-13  0.4020E-13  0.3520E-13  0.3180E-13
  0.1000E+14  0.3360E-20  0.9550E-18  0.8080E-16  0.1990E-14  0.8530E-14  0.1780E-13  0.2520E-13  0.3110E-13  0.3550E-13  0.3980E-13  0.4220E-13  0.4020E-13  0.3520E-13  0.3180E-13
  0.1000E+15  0.3360E-20  0.9550E-18  0.8080E-16  0.1990E-14  0.8530E-14  0.1780E-13  0.2520E-13  0.3110E-13  0.3550E-13  0.3980E-13  0.4220E-13  0.4020E-13  0.3520E-13  0.3180E-13
  0.1000E+16  0.3360E-20  0.9550E-18  0.8080E-16  0.1990E-14  0.8530E-14  0.1780E-13  0.2520E-13  0.3110E-13  0.3550E-13  0.3980E-13  0.4220E-13  0.4020E-13  0.3520E-13  0.3180E-13
  0.1000E+17  0.3360E-20  0.9550E-18  0.8080E-16  0.1990E-14  0.8530E-14  0.1780E-13  0.2520E-13  0.3110E-13  0.3550E-13  0.3980E-13  0.4220E-13  0.4020E-13  0.3520E-13  0.3180E-13
WAVELENGTH(A)= 
    23.674
 7 14 t 
excit   
    84.400    127.000    211.000    422.000    844.000   2110.000   4220.000   6330.000   8440.000  12700.000  21100.000  42200.000  84400.000 127000.000 
  0.1000E+11  0.1000E-73  0.1000E-73  0.1850E-35  0.3850E-24  0.1480E-18  0.2720E-15  0.2950E-14  0.6160E-14  0.8660E-14  0.1170E-13  0.1390E-13  0.1420E-13  0.1270E-13  0.1150E-13
  0.1000E+12  0.1000E-73  0.1000E-73  0.1850E-35  0.3850E-24  0.1480E-18  0.2720E-15  0.2950E-14  0.6160E-14  0.8660E-14  0.1170E-13  0.1390E-13  0.1420E-13  0.1270E-13  0.1150E-13
  0.1000E+13  0.1000E-73  0.1000E-73  0.1850E-35  0.3850E-24  0.1480E-18  0.2720E-15  0.2950E-14  0.6160E-14  0.8660E-14  0.1170E-13  0.1390E-13  0.1420E-13  0.1270E-13  0.1150E-13
  0.1000E+14  0.1000E-73  0.1000E-73  0.1850E-35  0.3850E-24  0.1480E-18  0.2720E-15  0.2950E-14  0.6160E-14  0.8660E-14  0.1170E-13  0.1390E-13  0.1420E-13  0.1270E-13  0.1150E-13
  0.1000E+15  0.1000E-73  0.1000E-73  0.1850E-35  0.3850E-24  0.1480E-18  0.2720E-15  0.2950E-14  0.6160E-14  0.8660E-14  0.1170E-13  0.1390E-13  0.1420E-13  0.1270E-13  0.1150E-13
  0.1000E+16  0.1000E-73  0.1000E-73  0.1850E-35  0.3850E-24  0.1480E-18  0.2720E-15  0.2950E-14  0.6160E-14  0.8660E-14  0.1170E-13  0.1390E-13  0.1420E-13  0.1270E-13  0.1150E-13
  0.1000E+17  0.1000E-73  0.1000E-73  0.1850E-35  0.3850E-24  0.1480E-18  0.2720E-15  0.2950E-14  0.6160E-14  0.8660E-14  0.1170E-13  0.1390E-13  0.1420E-13  0.1270E-13  0.1150E-13
WAVELENGTH(A)= 
    40.215
 7 14 t 
excit   
    84.400    127.000    211.000    422.000    844.000   2110.000   4220.000   6330.000   8440.000  12700.000  21100.000  42200.000  84400.000 127000.000 
  0.1000E+11  0.1510E-21  0.1440E-18  0.3180E-16  0.1570E-14  0.9400E-14  0.2250E-13  0.2630E-13  0.2630E-13  0.2570E-13  0.2430E-13  0.2180E-13  0.1820E-13  0.1480E-13  0.1300E-13
  0.1000E+12  0.1510E-21  0.1440E-18  0.3180E-16  0.1570E-14  0.9400E-14  0.2250E-13  0.2630E-13  0.2630E-13  0.2570E-13  0.2430E-13  0.2180E-13  0.1820E-13  0.1480E-13  0.1300E-13
  0.1000E+13  0.1510E-21  0.1440E-18  0.3180E-16  0.1570E-14  0.9400E-14  0.2250E-13  0.2630E-13  0.2630E-13  0.2570E-13  0.2430E-13  0.2180E-13  0.1820E-13  0.1480E-13  0.1300E-13
  0.1000E+14  0.1510E-21  0.1440E-18  0.3180E-16  0.1570E-14  0.9400E-14  0.2250E-13  0.2630E-13  0.2630E-13  0.2570E-13  0.2430E-13  0.2180E-13  0.1820E-13  0.1480E-13  0.1300E-13
  0.1000E+15  0.1510E-21  0.1440E-18  0.3180E-16  0.1570E-14  0.9400E-14  0.2250E-13  0.2630E-13  0.2630E-13  0.2570E-13  0.2430E-13  0.2180E-13  0.1820E-13  0.1480E-13  0.1300E-13
  0.1000E+16  0.1510E-21  0.1440E-18  0.3180E-16  0.1570E-14  0.9400E-14  0.2250E-13  0.2630E-13  0.2630E-13  0.2570E-13  0.2430E-13  0.2180E-13  0.1820E-13  0.1480E-13  0.1300E-13
  0.1000E+17  0.1510E-21  0.1440E-18  0.3180E-16  0.1570E-14  0.9400E-14  0.2250E-13  0.2630E-13  0.2630E-13  0.2570E-13  0.2430E-13  0.2180E-13  0.1820E-13  0.1480E-13  0.1300E-13
WAVELENGTH(A)= 
    41.230
 7 14 t 
excit   
    84.400    127.000    211.000    422.000    844.000   2110.000   4220.000   6330.000   8440.000  12700.000  21100.000  42200.000  84400.000 127000.000 
  0.1000E+11  0.1110E-21  0.1030E-18  0.2200E-16  0.1070E-14  0.6360E-14  0.1510E-13  0.1770E-13  0.1770E-13  0.1730E-13  0.1630E-13  0.1470E-13  0.1230E-13  0.1000E-13  0.8760E-14
  0.1000E+12  0.1110E-21  0.1030E-18  0.2200E-16  0.1070E-14  0.6360E-14  0.1510E-13  0.1770E-13  0.1770E-13  0.1730E-13  0.1630E-13  0.1470E-13  0.1230E-13  0.1000E-13  0.8760E-14
  0.1000E+13  0.1110E-21  0.1030E-18  0.2200E-16  0.1070E-14  0.6360E-14  0.1510E-13  0.1770E-13  0.1770E-13  0.1730E-13  0.1630E-13  0.1470E-13  0.1230E-13  0.1000E-13  0.8760E-14
  0.1000E+14  0.1110E-21  0.1030E-18  0.2200E-16  0.1070E-14  0.6360E-14  0.1510E-13  0.1770E-13  0.1770E-13  0.1730E-13  0.1630E-13  0.1470E-13  0.1230E-13  0.1000E-13  0.8760E-14
  0.1000E+15  0.1110E-21  0.1030E-18  0.2200E-16  0.1070E-14  0.6360E-14  0.1510E-13  0.1770E-13  0.1770E-13  0.1730E-13  0.1630E-13  0.1470E-13  0.1230E-13  0.1000E-13  0.8760E-14
  0.1000E+16  0.1110E-21  0.1030E-18  0.2200E-16  0.1070E-14  0.6360E-14  0.1510E-13  0.1770E-13  0.1770E-13  0.1730E-13  0.1630E-13  0.1470E-13  0.1230E-13  0.1000E-13  0.8760E-14
  0.1000E+17  0.1110E-21  0.1030E-18  0.2200E-16  0.1070E-14  0.6360E-14  0.1510E-13  0.1770E-13  0.1770E-13  0.1730E-13  0.1630E-13  0.1470E-13  0.1230E-13  0.1000E-13  0.8760E-14
WAVELENGTH(A)= 
    45.348
 7 14 t 
excit   
    84.400    127.000    211.000    422.000    844.000   2110.000   4220.000   6330.000   8440.000  12700.000  21100.000  42200.000  84400.000 127000.000 
  0.1000E+11  0.2550E-11  0.6210E-11  0.1180E-10  0.1700E-10  0.1830E-10  0.1640E-10  0.1390E-10  0.1240E-10  0.1140E-10  0.9970E-11  0.8390E-11  0.6570E-11  0.5060E-11  0.4320E-11
  0.1000E+12  0.2550E-11  0.6210E-11  0.1180E-10  0.1700E-10  0.1830E-10  0.1640E-10  0.1390E-10  0.1240E-10  0.1140E-10  0.9970E-11  0.8390E-11  0.6570E-11  0.5060E-11  0.4320E-11
  0.1000E+13  0.2550E-11  0.6210E-11  0.1180E-10  0.1700E-10  0.1830E-10  0.1640E-10  0.1390E-10  0.1240E-10  0.1140E-10  0.9970E-11  0.8390E-11  0.6570E-11  0.5060E-11  0.4320E-11
  0.1000E+14  0.2550E-11  0.6210E-11  0.1180E-10  0.1700E-10  0.1830E-10  0.1640E-10  0.1390E-10  0.1240E-10  0.1140E-10  0.9970E-11  0.8390E-11  0.6570E-11  0.5060E-11  0.4320E-11
  0.1000E+15  0.2550E-11  0.6210E-11  0.1180E-10  0.1700E-10  0.1830E-10  0.1640E-10  0.1390E-10  0.1240E-10  0.1140E-10  0.9970E-11  0.8390E-11  0.6570E-11  0.5060E-11  0.4320E-11
  0.1000E+16  0.2550E-11  0.6210E-11  0.1180E-10  0.1700E-10  0.1830E-10  0.1640E-10  0.1390E-10  0.1240E-10  0.1140E-10  0.9970E-11  0.8390E-11  0.6570E-11  0.5060E-11  0.4320E-11
  0.1000E+17  0.2550E-11  0.6210E-11  0.1180E-10  0.1700E-10  0.1830E-10  0.1640E-10  0.1390E-10  0.1240E-10  0.1140E-10  0.9970E-11  0.8390E-11  0.6570E-11  0.5060E-11  0.4320E-11
WAVELENGTH(A)= 
    50.074
 7 14 t 
excit   
    84.400    127.000    211.000    422.000    844.000   2110.000   4220.000   6330.000   8440.000  12700.000  21100.000  42200.000  84400.000 127000.000 
  0.1000E+11  0.4070E-26  0.3870E-23  0.8540E-21  0.4330E-19  0.3080E-17  0.6010E-14  0.6580E-13  0.1350E-12  0.1870E-12  0.2450E-12  0.2810E-12  0.2730E-12  0.2310E-12  0.2020E-12
  0.1000E+12  0.4070E-26  0.3880E-23  0.8540E-21  0.4330E-19  0.3080E-17  0.6010E-14  0.6580E-13  0.1350E-12  0.1870E-12  0.2450E-12  0.2810E-12  0.2730E-12  0.2310E-12  0.2020E-12
  0.1000E+13  0.4100E-26  0.3900E-23  0.8570E-21  0.4340E-19  0.3080E-17  0.6010E-14  0.6580E-13  0.1350E-12  0.1870E-12  0.2450E-12  0.2810E-12  0.2730E-12  0.2310E-12  0.2020E-12
  0.1000E+14  0.4450E-26  0.4120E-23  0.8890E-21  0.4450E-19  0.3080E-17  0.6010E-14  0.6580E-13  0.1350E-12  0.1870E-12  0.2450E-12  0.2810E-12  0.2730E-12  0.2310E-12  0.2020E-12
  0.1000E+15  0.7920E-26  0.6280E-23  0.1210E-20  0.5510E-19  0.3130E-17  0.6010E-14  0.6580E-13  0.1350E-12  0.1870E-12  0.2450E-12  0.2810E-12  0.2730E-12  0.2310E-12  0.2020E-12
  0.1000E+16  0.4260E-25  0.2800E-22  0.4410E-20  0.1620E-18  0.3600E-17  0.6010E-14  0.6580E-13  0.1350E-12  0.1870E-12  0.2450E-12  0.2810E-12  0.2730E-12  0.2310E-12  0.2020E-12
  0.1000E+17  0.3890E-24  0.2450E-21  0.3640E-19  0.1230E-17  0.8330E-17  0.6020E-14  0.6580E-13  0.1350E-12  0.1870E-12  0.2450E-12  0.2810E-12  0.2730E-12  0.2310E-12  0.2020E-12
