 45  7 14
WAVELENGTH(A)= 
    52.900
 7 14 t 
excit   
     2.910      4.370      7.280     14.600     29.100     72.800    146.000    218.000    291.000    437.000    728.000   1460.000   2910.000   4370.000 
  0.1000E+11  0.2290E-43  0.4920E-32  0.4120E-23  0.1550E-16  0.2510E-13  0.1690E-11  0.5910E-11  0.8530E-11  0.1000E-10  0.1140E-10  0.1240E-10  0.1250E-10  0.1170E-10  0.1100E-10
  0.1000E+12  0.5660E-43  0.8520E-32  0.5490E-23  0.1800E-16  0.2730E-13  0.1760E-11  0.6070E-11  0.8720E-11  0.1020E-10  0.1160E-10  0.1250E-10  0.1250E-10  0.1170E-10  0.1100E-10
  0.1000E+13  0.6730E-43  0.9220E-32  0.5700E-23  0.1830E-16  0.2760E-13  0.1770E-11  0.6090E-11  0.8750E-11  0.1020E-10  0.1170E-10  0.1250E-10  0.1260E-10  0.1170E-10  0.1100E-10
  0.1000E+14  0.6860E-43  0.9300E-32  0.5720E-23  0.1840E-16  0.2760E-13  0.1770E-11  0.6090E-11  0.8750E-11  0.1020E-10  0.1170E-10  0.1250E-10  0.1260E-10  0.1170E-10  0.1100E-10
  0.1000E+15  0.6880E-43  0.9310E-32  0.5720E-23  0.1840E-16  0.2760E-13  0.1770E-11  0.6090E-11  0.8750E-11  0.1020E-10  0.1170E-10  0.1250E-10  0.1260E-10  0.1170E-10  0.1100E-10
  0.1000E+16  0.6880E-43  0.9310E-32  0.5720E-23  0.1840E-16  0.2760E-13  0.1770E-11  0.6090E-11  0.8750E-11  0.1020E-10  0.1170E-10  0.1250E-10  0.1260E-10  0.1170E-10  0.1100E-10
  0.1000E+17  0.6880E-43  0.9310E-32  0.5720E-23  0.1840E-16  0.2760E-13  0.1770E-11  0.6080E-11  0.8730E-11  0.1020E-10  0.1160E-10  0.1250E-10  0.1250E-10  0.1170E-10  0.1090E-10
WAVELENGTH(A)= 
    55.670
 7 14 t 
excit   
     2.910      4.370      7.280     14.600     29.100     72.800    146.000    218.000    291.000    437.000    728.000   1460.000   2910.000   4370.000 
  0.1000E+11  0.9990E-42  0.2150E-30  0.1800E-21  0.6750E-15  0.1100E-11  0.7400E-10  0.2580E-09  0.3730E-09  0.4380E-09  0.5000E-09  0.5400E-09  0.5440E-09  0.5100E-09  0.4810E-09
  0.1000E+12  0.2470E-41  0.3720E-30  0.2400E-21  0.7870E-15  0.1190E-11  0.7690E-10  0.2650E-09  0.3810E-09  0.4460E-09  0.5080E-09  0.5470E-09  0.5480E-09  0.5100E-09  0.4790E-09
  0.1000E+13  0.2940E-41  0.4030E-30  0.2490E-21  0.8010E-15  0.1200E-11  0.7720E-10  0.2660E-09  0.3820E-09  0.4470E-09  0.5090E-09  0.5480E-09  0.5480E-09  0.5100E-09  0.4790E-09
  0.1000E+14  0.3000E-41  0.4060E-30  0.2500E-21  0.8030E-15  0.1200E-11  0.7730E-10  0.2660E-09  0.3820E-09  0.4480E-09  0.5090E-09  0.5480E-09  0.5480E-09  0.5100E-09  0.4790E-09
  0.1000E+15  0.3000E-41  0.4070E-30  0.2500E-21  0.8030E-15  0.1210E-11  0.7730E-10  0.2660E-09  0.3820E-09  0.4480E-09  0.5090E-09  0.5480E-09  0.5480E-09  0.5100E-09  0.4790E-09
  0.1000E+16  0.3000E-41  0.4070E-30  0.2500E-21  0.8030E-15  0.1200E-11  0.7730E-10  0.2660E-09  0.3820E-09  0.4470E-09  0.5090E-09  0.5480E-09  0.5480E-09  0.5100E-09  0.4790E-09
  0.1000E+17  0.3000E-41  0.4070E-30  0.2500E-21  0.8030E-15  0.1200E-11  0.7720E-10  0.2660E-09  0.3810E-09  0.4470E-09  0.5080E-09  0.5470E-09  0.5470E-09  0.5100E-09  0.4780E-09
WAVELENGTH(A)= 
    62.958
 7 14 t 
excit   
     2.910      4.370      7.280     14.600     29.100     72.800    146.000    218.000    291.000    437.000    728.000   1460.000   2910.000   4370.000 
  0.1000E+11  0.2450E-44  0.7360E-35  0.1990E-27  0.5650E-22  0.2540E-19  0.7930E-18  0.2110E-17  0.2710E-17  0.2970E-17  0.3110E-17  0.2980E-17  0.2520E-17  0.1970E-17  0.1670E-17
  0.1000E+12  0.6280E-44  0.1300E-34  0.2720E-27  0.6790E-22  0.2840E-19  0.8430E-18  0.2210E-17  0.2830E-17  0.3100E-17  0.3250E-17  0.3120E-17  0.2650E-17  0.2090E-17  0.1780E-17
  0.1000E+13  0.7480E-44  0.1410E-34  0.2830E-27  0.6930E-22  0.2880E-19  0.8480E-18  0.2220E-17  0.2850E-17  0.3120E-17  0.3260E-17  0.3140E-17  0.2670E-17  0.2100E-17  0.1800E-17
  0.1000E+14  0.7620E-44  0.1420E-34  0.2840E-27  0.6950E-22  0.2880E-19  0.8490E-18  0.2220E-17  0.2850E-17  0.3120E-17  0.3260E-17  0.3140E-17  0.2670E-17  0.2110E-17  0.1800E-17
  0.1000E+15  0.7620E-44  0.1420E-34  0.2830E-27  0.6940E-22  0.2880E-19  0.8480E-18  0.2220E-17  0.2850E-17  0.3120E-17  0.3260E-17  0.3140E-17  0.2670E-17  0.2100E-17  0.1800E-17
  0.1000E+16  0.7470E-44  0.1400E-34  0.2790E-27  0.6850E-22  0.2850E-19  0.8400E-18  0.2200E-17  0.2830E-17  0.3100E-17  0.3240E-17  0.3120E-17  0.2660E-17  0.2100E-17  0.1790E-17
  0.1000E+17  0.6280E-44  0.1200E-34  0.2460E-27  0.6150E-22  0.2590E-19  0.7740E-18  0.2050E-17  0.2650E-17  0.2920E-17  0.3070E-17  0.2980E-17  0.2560E-17  0.2040E-17  0.1750E-17
WAVELENGTH(A)= 
    66.922
 7 14 t 
excit   
     2.910      4.370      7.280     14.600     29.100     72.800    146.000    218.000    291.000    437.000    728.000   1460.000   2910.000   4370.000 
  0.1000E+11  0.6870E-41  0.2070E-31  0.5580E-24  0.1580E-18  0.7120E-16  0.2230E-14  0.5910E-14  0.7610E-14  0.8340E-14  0.8720E-14  0.8360E-14  0.7070E-14  0.5530E-14  0.4690E-14
  0.1000E+12  0.1760E-40  0.3650E-31  0.7640E-24  0.1910E-18  0.7980E-16  0.2370E-14  0.6200E-14  0.7950E-14  0.8710E-14  0.9110E-14  0.8760E-14  0.7440E-14  0.5870E-14  0.5010E-14
  0.1000E+13  0.2100E-40  0.3960E-31  0.7940E-24  0.1950E-18  0.8080E-16  0.2380E-14  0.6230E-14  0.7990E-14  0.8750E-14  0.9150E-14  0.8800E-14  0.7480E-14  0.5910E-14  0.5040E-14
  0.1000E+14  0.2140E-40  0.4000E-31  0.7970E-24  0.1950E-18  0.8090E-16  0.2380E-14  0.6230E-14  0.7990E-14  0.8760E-14  0.9160E-14  0.8800E-14  0.7490E-14  0.5910E-14  0.5040E-14
  0.1000E+15  0.2140E-40  0.3990E-31  0.7960E-24  0.1950E-18  0.8080E-16  0.2380E-14  0.6230E-14  0.7990E-14  0.8750E-14  0.9150E-14  0.8800E-14  0.7480E-14  0.5910E-14  0.5040E-14
  0.1000E+16  0.2100E-40  0.3920E-31  0.7840E-24  0.1920E-18  0.7990E-16  0.2360E-14  0.6180E-14  0.7930E-14  0.8690E-14  0.9100E-14  0.8760E-14  0.7460E-14  0.5890E-14  0.5030E-14
  0.1000E+17  0.1760E-40  0.3380E-31  0.6900E-24  0.1730E-18  0.7270E-16  0.2170E-14  0.5750E-14  0.7430E-14  0.8180E-14  0.8620E-14  0.8360E-14  0.7200E-14  0.5740E-14  0.4920E-14
WAVELENGTH(A)= 
    68.843
 7 14 t 
excit   
     2.910      4.370      7.280     14.600     29.100     72.800    146.000    218.000    291.000    437.000    728.000   1460.000   2910.000   4370.000 
  0.1000E+11  0.1180E-37  0.2030E-28  0.3580E-21  0.7470E-16  0.2940E-13  0.8850E-12  0.2470E-11  0.3380E-11  0.3930E-11  0.4540E-11  0.5040E-11  0.5290E-11  0.5120E-11  0.4870E-11
  0.1000E+12  0.3090E-37  0.3660E-28  0.5010E-21  0.9230E-16  0.3370E-13  0.9570E-12  0.2620E-11  0.3580E-11  0.4160E-11  0.4800E-11  0.5350E-11  0.5650E-11  0.5520E-11  0.5290E-11
  0.1000E+13  0.3680E-37  0.3970E-28  0.5220E-21  0.9460E-16  0.3420E-13  0.9650E-12  0.2640E-11  0.3600E-11  0.4190E-11  0.4830E-11  0.5390E-11  0.5690E-11  0.5560E-11  0.5330E-11
  0.1000E+14  0.3750E-37  0.4010E-28  0.5250E-21  0.9480E-16  0.3430E-13  0.9660E-12  0.2640E-11  0.3600E-11  0.4190E-11  0.4830E-11  0.5390E-11  0.5690E-11  0.5570E-11  0.5340E-11
  0.1000E+15  0.3770E-37  0.4020E-28  0.5260E-21  0.9520E-16  0.3440E-13  0.9690E-12  0.2650E-11  0.3610E-11  0.4200E-11  0.4840E-11  0.5400E-11  0.5690E-11  0.5570E-11  0.5340E-11
  0.1000E+16  0.3840E-37  0.4130E-28  0.5430E-21  0.9860E-16  0.3560E-13  0.9980E-12  0.2710E-11  0.3690E-11  0.4280E-11  0.4920E-11  0.5460E-11  0.5730E-11  0.5590E-11  0.5360E-11
  0.1000E+17  0.4430E-37  0.4990E-28  0.6820E-21  0.1270E-15  0.4580E-13  0.1250E-11  0.3310E-11  0.4380E-11  0.4990E-11  0.5580E-11  0.6010E-11  0.6100E-11  0.5810E-11  0.5510E-11
WAVELENGTH(A)= 
    72.043
 7 14 t 
excit   
     2.910      4.370      7.280     14.600     29.100     72.800    146.000    218.000    291.000    437.000    728.000   1460.000   2910.000   4370.000 
  0.1000E+11  0.1000E-73  0.9940E-25  0.3240E-18  0.3710E-13  0.1080E-10  0.2720E-09  0.7240E-09  0.9820E-09  0.1140E-08  0.1320E-08  0.1490E-08  0.1600E-08  0.1580E-08  0.1520E-08
  0.1000E+12  0.1000E-73  0.8370E-25  0.4540E-18  0.4610E-13  0.1250E-10  0.2950E-09  0.7710E-09  0.1040E-08  0.1210E-08  0.1400E-08  0.1580E-08  0.1710E-08  0.1710E-08  0.1650E-08
  0.1000E+13  0.8030E-26  0.7880E-25  0.4730E-18  0.4720E-13  0.1270E-10  0.2980E-09  0.7760E-09  0.1050E-08  0.1220E-08  0.1410E-08  0.1600E-08  0.1720E-08  0.1720E-08  0.1670E-08
  0.1000E+14  0.1000E-73  0.7050E-25  0.4750E-18  0.4730E-13  0.1270E-10  0.2980E-09  0.7770E-09  0.1050E-08  0.1220E-08  0.1410E-08  0.1600E-08  0.1720E-08  0.1720E-08  0.1670E-08
  0.1000E+15  0.1000E-73  0.7930E-25  0.4750E-18  0.4730E-13  0.1270E-10  0.2980E-09  0.7770E-09  0.1050E-08  0.1220E-08  0.1410E-08  0.1600E-08  0.1720E-08  0.1720E-08  0.1670E-08
  0.1000E+16  0.1000E-73  0.8170E-25  0.4760E-18  0.4730E-13  0.1270E-10  0.2980E-09  0.7770E-09  0.1050E-08  0.1220E-08  0.1410E-08  0.1600E-08  0.1720E-08  0.1720E-08  0.1670E-08
  0.1000E+17  0.1000E-73  0.6990E-25  0.4750E-18  0.4730E-13  0.1270E-10  0.2980E-09  0.7760E-09  0.1050E-08  0.1220E-08  0.1410E-08  0.1590E-08  0.1720E-08  0.1720E-08  0.1670E-08
WAVELENGTH(A)= 
    72.503
 7 14 t 
excit   
     2.910      4.370      7.280     14.600     29.100     72.800    146.000    218.000    291.000    437.000    728.000   1460.000   2910.000   4370.000 
  0.1000E+11  0.5410E-40  0.8360E-32  0.2120E-25  0.1010E-20  0.1890E-18  0.3500E-17  0.7860E-17  0.9610E-17  0.1030E-16  0.1050E-16  0.9900E-17  0.8330E-17  0.6540E-17  0.5580E-17
  0.1000E+12  0.1390E-39  0.1480E-31  0.2910E-25  0.1220E-20  0.2130E-18  0.3730E-17  0.8260E-17  0.1010E-16  0.1080E-16  0.1100E-16  0.1040E-16  0.8800E-17  0.6970E-17  0.5980E-17
  0.1000E+13  0.1660E-39  0.1610E-31  0.3020E-25  0.1250E-20  0.2150E-18  0.3760E-17  0.8300E-17  0.1010E-16  0.1080E-16  0.1100E-16  0.1050E-16  0.8850E-17  0.7010E-17  0.6020E-17
  0.1000E+14  0.1690E-39  0.1620E-31  0.3030E-25  0.1250E-20  0.2160E-18  0.3760E-17  0.8310E-17  0.1010E-16  0.1080E-16  0.1100E-16  0.1050E-16  0.8850E-17  0.7020E-17  0.6030E-17
  0.1000E+15  0.1690E-39  0.1620E-31  0.3030E-25  0.1250E-20  0.2160E-18  0.3760E-17  0.8310E-17  0.1010E-16  0.1080E-16  0.1100E-16  0.1050E-16  0.8850E-17  0.7020E-17  0.6030E-17
  0.1000E+16  0.1680E-39  0.1610E-31  0.3020E-25  0.1250E-20  0.2150E-18  0.3750E-17  0.8290E-17  0.1010E-16  0.1080E-16  0.1100E-16  0.1050E-16  0.8850E-17  0.7010E-17  0.6020E-17
  0.1000E+17  0.1590E-39  0.1540E-31  0.2910E-25  0.1210E-20  0.2100E-18  0.3680E-17  0.8160E-17  0.9970E-17  0.1070E-16  0.1090E-16  0.1030E-16  0.8780E-17  0.6980E-17  0.6000E-17
WAVELENGTH(A)= 
    76.147
 7 14 t 
excit   
     2.910      4.370      7.280     14.600     29.100     72.800    146.000    218.000    291.000    437.000    728.000   1460.000   2910.000   4370.000 
  0.1000E+11  0.1060E-32  0.7550E-25  0.1100E-18  0.3740E-14  0.5120E-12  0.6170E-11  0.1230E-10  0.1540E-10  0.1740E-10  0.2000E-10  0.2300E-10  0.2640E-10  0.2900E-10  0.3010E-10
  0.1000E+12  0.6600E-33  0.2960E-25  0.3020E-19  0.8380E-15  0.1180E-12  0.1650E-11  0.3490E-11  0.4420E-11  0.5010E-11  0.5690E-11  0.6350E-11  0.6890E-11  0.7080E-11  0.7020E-11
  0.1000E+13  0.5350E-33  0.2060E-25  0.1850E-19  0.4690E-15  0.7160E-13  0.1150E-11  0.2550E-11  0.3250E-11  0.3690E-11  0.4160E-11  0.4570E-11  0.4790E-11  0.4690E-11  0.4500E-11
  0.1000E+14  0.5200E-33  0.1960E-25  0.1730E-19  0.4310E-15  0.6690E-13  0.1100E-11  0.2450E-11  0.3130E-11  0.3550E-11  0.4000E-11  0.4390E-11  0.4580E-11  0.4450E-11  0.4240E-11
  0.1000E+15  0.5210E-33  0.1960E-25  0.1730E-19  0.4280E-15  0.6650E-13  0.1100E-11  0.2440E-11  0.3120E-11  0.3540E-11  0.3990E-11  0.4370E-11  0.4560E-11  0.4430E-11  0.4220E-11
  0.1000E+16  0.5460E-33  0.2030E-25  0.1780E-19  0.4370E-15  0.6740E-13  0.1110E-11  0.2460E-11  0.3140E-11  0.3560E-11  0.4010E-11  0.4390E-11  0.4570E-11  0.4440E-11  0.4220E-11
  0.1000E+17  0.8030E-33  0.2830E-25  0.2320E-19  0.5310E-15  0.7670E-13  0.1210E-11  0.2650E-11  0.3350E-11  0.3780E-11  0.4210E-11  0.4560E-11  0.4690E-11  0.4510E-11  0.4280E-11
WAVELENGTH(A)= 
    77.811
 7 14 t 
excit   
     2.910      4.370      7.280     14.600     29.100     72.800    146.000    218.000    291.000    437.000    728.000   1460.000   2910.000   4370.000 
  0.1000E+11  0.1130E-36  0.1740E-28  0.4410E-22  0.2110E-17  0.3930E-15  0.7280E-14  0.1640E-13  0.2000E-13  0.2140E-13  0.2180E-13  0.2060E-13  0.1730E-13  0.1360E-13  0.1160E-13
  0.1000E+12  0.2900E-36  0.3090E-28  0.6050E-22  0.2550E-17  0.4430E-15  0.7770E-14  0.1720E-13  0.2100E-13  0.2240E-13  0.2290E-13  0.2170E-13  0.1830E-13  0.1450E-13  0.1240E-13
  0.1000E+13  0.3450E-36  0.3350E-28  0.6290E-22  0.2600E-17  0.4480E-15  0.7820E-14  0.1730E-13  0.2110E-13  0.2260E-13  0.2300E-13  0.2180E-13  0.1840E-13  0.1460E-13  0.1250E-13
  0.1000E+14  0.3520E-36  0.3380E-28  0.6320E-22  0.2610E-17  0.4490E-15  0.7830E-14  0.1730E-13  0.2110E-13  0.2260E-13  0.2300E-13  0.2180E-13  0.1840E-13  0.1460E-13  0.1250E-13
  0.1000E+15  0.3520E-36  0.3380E-28  0.6320E-22  0.2610E-17  0.4490E-15  0.7830E-14  0.1730E-13  0.2110E-13  0.2260E-13  0.2300E-13  0.2180E-13  0.1840E-13  0.1460E-13  0.1260E-13
  0.1000E+16  0.3500E-36  0.3360E-28  0.6290E-22  0.2600E-17  0.4480E-15  0.7810E-14  0.1730E-13  0.2110E-13  0.2250E-13  0.2300E-13  0.2180E-13  0.1840E-13  0.1460E-13  0.1250E-13
  0.1000E+17  0.3310E-36  0.3210E-28  0.6050E-22  0.2520E-17  0.4370E-15  0.7670E-14  0.1700E-13  0.2080E-13  0.2220E-13  0.2270E-13  0.2150E-13  0.1830E-13  0.1450E-13  0.1250E-13
WAVELENGTH(A)= 
    82.421
 7 14 t 
excit   
     2.910      4.370      7.280     14.600     29.100     72.800    146.000    218.000    291.000    437.000    728.000   1460.000   2910.000   4370.000 
  0.1000E+11  0.1010E-32  0.5760E-25  0.6760E-19  0.1910E-14  0.2810E-12  0.4820E-11  0.1130E-10  0.1470E-10  0.1670E-10  0.1890E-10  0.2050E-10  0.2120E-10  0.2020E-10  0.1910E-10
  0.1000E+12  0.2620E-32  0.1040E-24  0.9470E-19  0.2360E-14  0.3230E-12  0.5210E-11  0.1200E-10  0.1560E-10  0.1770E-10  0.2000E-10  0.2180E-10  0.2270E-10  0.2170E-10  0.2070E-10
  0.1000E+13  0.3130E-32  0.1130E-24  0.9860E-19  0.2410E-14  0.3280E-12  0.5250E-11  0.1210E-10  0.1570E-10  0.1780E-10  0.2010E-10  0.2190E-10  0.2280E-10  0.2190E-10  0.2090E-10
  0.1000E+14  0.3190E-32  0.1140E-24  0.9900E-19  0.2420E-14  0.3280E-12  0.5250E-11  0.1210E-10  0.1570E-10  0.1780E-10  0.2010E-10  0.2190E-10  0.2280E-10  0.2190E-10  0.2090E-10
  0.1000E+15  0.3200E-32  0.1140E-24  0.9910E-19  0.2420E-14  0.3290E-12  0.5260E-11  0.1210E-10  0.1570E-10  0.1780E-10  0.2010E-10  0.2190E-10  0.2280E-10  0.2190E-10  0.2090E-10
  0.1000E+16  0.3210E-32  0.1140E-24  0.9970E-19  0.2440E-14  0.3310E-12  0.5290E-11  0.1220E-10  0.1580E-10  0.1790E-10  0.2020E-10  0.2200E-10  0.2290E-10  0.2190E-10  0.2090E-10
  0.1000E+17  0.3300E-32  0.1190E-24  0.1050E-18  0.2600E-14  0.3530E-12  0.5590E-11  0.1270E-10  0.1640E-10  0.1850E-10  0.2070E-10  0.2240E-10  0.2310E-10  0.2210E-10  0.2100E-10
WAVELENGTH(A)= 
    98.010
 7 14 t 
excit   
     2.910      4.370      7.280     14.600     29.100     72.800    146.000    218.000    291.000    437.000    728.000   1460.000   2910.000   4370.000 
  0.1000E+11  0.3410E-31  0.3350E-25  0.1510E-20  0.3670E-17  0.1500E-15  0.1050E-14  0.1700E-14  0.1880E-14  0.1920E-14  0.1890E-14  0.1770E-14  0.1530E-14  0.1290E-14  0.1160E-14
  0.1000E+12  0.7400E-31  0.4850E-25  0.1620E-20  0.3260E-17  0.1240E-15  0.8690E-15  0.1420E-14  0.1560E-14  0.1580E-14  0.1540E-14  0.1400E-14  0.1150E-14  0.9010E-15  0.7750E-15
  0.1000E+13  0.8640E-31  0.5140E-25  0.1630E-20  0.3200E-17  0.1210E-15  0.8490E-15  0.1390E-14  0.1530E-14  0.1550E-14  0.1500E-14  0.1360E-14  0.1110E-14  0.8590E-15  0.7320E-15
  0.1000E+14  0.8790E-31  0.5180E-25  0.1630E-20  0.3200E-17  0.1200E-15  0.8470E-15  0.1390E-14  0.1530E-14  0.1540E-14  0.1500E-14  0.1350E-14  0.1100E-14  0.8550E-15  0.7280E-15
  0.1000E+15  0.8810E-31  0.5180E-25  0.1640E-20  0.3200E-17  0.1200E-15  0.8470E-15  0.1390E-14  0.1530E-14  0.1540E-14  0.1500E-14  0.1350E-14  0.1100E-14  0.8550E-15  0.7280E-15
  0.1000E+16  0.8830E-31  0.5190E-25  0.1640E-20  0.3200E-17  0.1200E-15  0.8480E-15  0.1390E-14  0.1530E-14  0.1540E-14  0.1500E-14  0.1360E-14  0.1100E-14  0.8550E-15  0.7280E-15
  0.1000E+17  0.9050E-31  0.5300E-25  0.1660E-20  0.3240E-17  0.1210E-15  0.8540E-15  0.1400E-14  0.1540E-14  0.1560E-14  0.1510E-14  0.1360E-14  0.1110E-14  0.8610E-15  0.7330E-15
WAVELENGTH(A)= 
    98.012
 7 14 t 
excit   
     2.910      4.370      7.280     14.600     29.100     72.800    146.000    218.000    291.000    437.000    728.000   1460.000   2910.000   4370.000 
  0.1000E+11  0.1420E-37  0.4260E-28  0.1150E-20  0.3270E-15  0.1470E-12  0.4590E-11  0.1220E-10  0.1570E-10  0.1720E-10  0.1800E-10  0.1720E-10  0.1460E-10  0.1140E-10  0.9670E-11
  0.1000E+12  0.3640E-37  0.7530E-28  0.1570E-20  0.3930E-15  0.1650E-12  0.4880E-11  0.1280E-10  0.1640E-10  0.1800E-10  0.1880E-10  0.1810E-10  0.1530E-10  0.1210E-10  0.1030E-10
  0.1000E+13  0.4330E-37  0.8170E-28  0.1640E-20  0.4010E-15  0.1670E-12  0.4910E-11  0.1280E-10  0.1650E-10  0.1800E-10  0.1890E-10  0.1810E-10  0.1540E-10  0.1220E-10  0.1040E-10
  0.1000E+14  0.4410E-37  0.8240E-28  0.1640E-20  0.4020E-15  0.1670E-12  0.4910E-11  0.1280E-10  0.1650E-10  0.1810E-10  0.1890E-10  0.1820E-10  0.1540E-10  0.1220E-10  0.1040E-10
  0.1000E+15  0.4410E-37  0.8230E-28  0.1640E-20  0.4020E-15  0.1670E-12  0.4910E-11  0.1280E-10  0.1650E-10  0.1800E-10  0.1890E-10  0.1810E-10  0.1540E-10  0.1220E-10  0.1040E-10
  0.1000E+16  0.4320E-37  0.8090E-28  0.1620E-20  0.3970E-15  0.1650E-12  0.4860E-11  0.1270E-10  0.1630E-10  0.1790E-10  0.1880E-10  0.1810E-10  0.1540E-10  0.1210E-10  0.1040E-10
  0.1000E+17  0.3640E-37  0.6960E-28  0.1420E-20  0.3560E-15  0.1500E-12  0.4480E-11  0.1190E-10  0.1530E-10  0.1690E-10  0.1780E-10  0.1720E-10  0.1480E-10  0.1180E-10  0.1010E-10
WAVELENGTH(A)= 
   100.766
 7 14 t 
excit   
     2.910      4.370      7.280     14.600     29.100     72.800    146.000    218.000    291.000    437.000    728.000   1460.000   2910.000   4370.000 
  0.1000E+11  0.3380E-32  0.2160E-26  0.6720E-22  0.1200E-18  0.4300E-17  0.3050E-16  0.5040E-16  0.5600E-16  0.5720E-16  0.5600E-16  0.5130E-16  0.4180E-16  0.3260E-16  0.2770E-16
  0.1000E+12  0.8740E-32  0.3850E-26  0.9290E-22  0.1460E-18  0.4880E-17  0.3270E-16  0.5330E-16  0.5900E-16  0.6020E-16  0.5890E-16  0.5410E-16  0.4430E-16  0.3490E-16  0.2990E-16
  0.1000E+13  0.1040E-31  0.4180E-26  0.9660E-22  0.1490E-18  0.4950E-17  0.3290E-16  0.5360E-16  0.5930E-16  0.6050E-16  0.5930E-16  0.5440E-16  0.4460E-16  0.3510E-16  0.3010E-16
  0.1000E+14  0.1060E-31  0.4210E-26  0.9700E-22  0.1490E-18  0.4960E-17  0.3290E-16  0.5360E-16  0.5930E-16  0.6050E-16  0.5930E-16  0.5450E-16  0.4470E-16  0.3520E-16  0.3010E-16
  0.1000E+15  0.1060E-31  0.4220E-26  0.9710E-22  0.1490E-18  0.4960E-17  0.3290E-16  0.5360E-16  0.5930E-16  0.6060E-16  0.5930E-16  0.5450E-16  0.4470E-16  0.3520E-16  0.3010E-16
  0.1000E+16  0.1060E-31  0.4210E-26  0.9700E-22  0.1490E-18  0.4960E-17  0.3290E-16  0.5360E-16  0.5930E-16  0.6060E-16  0.5930E-16  0.5450E-16  0.4470E-16  0.3520E-16  0.3010E-16
  0.1000E+17  0.1060E-31  0.4190E-26  0.9650E-22  0.1490E-18  0.4950E-17  0.3290E-16  0.5360E-16  0.5940E-16  0.6060E-16  0.5940E-16  0.5450E-16  0.4480E-16  0.3520E-16  0.3020E-16
WAVELENGTH(A)= 
   102.186
 7 14 t 
excit   
     2.910      4.370      7.280     14.600     29.100     72.800    146.000    218.000    291.000    437.000    728.000   1460.000   2910.000   4370.000 
  0.1000E+11  0.3360E-46  0.5780E-37  0.1020E-29  0.2130E-24  0.8350E-22  0.2520E-20  0.7020E-20  0.9620E-20  0.1120E-19  0.1290E-19  0.1430E-19  0.1500E-19  0.1460E-19  0.1390E-19
  0.1000E+12  0.8780E-46  0.1040E-36  0.1430E-29  0.2630E-24  0.9600E-22  0.2720E-20  0.7460E-20  0.1020E-19  0.1180E-19  0.1370E-19  0.1520E-19  0.1610E-19  0.1570E-19  0.1500E-19
  0.1000E+13  0.1050E-45  0.1130E-36  0.1490E-29  0.2690E-24  0.9740E-22  0.2740E-20  0.7500E-20  0.1020E-19  0.1190E-19  0.1370E-19  0.1530E-19  0.1620E-19  0.1580E-19  0.1520E-19
  0.1000E+14  0.1070E-45  0.1140E-36  0.1490E-29  0.2700E-24  0.9760E-22  0.2750E-20  0.7510E-20  0.1030E-19  0.1190E-19  0.1380E-19  0.1530E-19  0.1620E-19  0.1580E-19  0.1520E-19
  0.1000E+15  0.1070E-45  0.1150E-36  0.1500E-29  0.2710E-24  0.9800E-22  0.2760E-20  0.7530E-20  0.1030E-19  0.1190E-19  0.1380E-19  0.1540E-19  0.1620E-19  0.1580E-19  0.1520E-19
  0.1000E+16  0.1090E-45  0.1180E-36  0.1550E-29  0.2800E-24  0.1010E-21  0.2840E-20  0.7720E-20  0.1050E-19  0.1220E-19  0.1400E-19  0.1550E-19  0.1630E-19  0.1590E-19  0.1520E-19
  0.1000E+17  0.1260E-45  0.1420E-36  0.1940E-29  0.3600E-24  0.1300E-21  0.3570E-20  0.9410E-20  0.1250E-19  0.1420E-19  0.1590E-19  0.1710E-19  0.1740E-19  0.1650E-19  0.1570E-19
WAVELENGTH(A)= 
   107.966
 7 14 t 
excit   
     2.910      4.370      7.280     14.600     29.100     72.800    146.000    218.000    291.000    437.000    728.000   1460.000   2910.000   4370.000 
  0.1000E+11  0.5160E-29  0.5070E-23  0.2280E-18  0.5550E-15  0.2270E-13  0.1590E-12  0.2580E-12  0.2850E-12  0.2910E-12  0.2870E-12  0.2670E-12  0.2310E-12  0.1950E-12  0.1760E-12
  0.1000E+12  0.1120E-28  0.7340E-23  0.2450E-18  0.4930E-15  0.1870E-13  0.1310E-12  0.2150E-12  0.2370E-12  0.2400E-12  0.2330E-12  0.2120E-12  0.1740E-12  0.1360E-12  0.1170E-12
  0.1000E+13  0.1310E-28  0.7780E-23  0.2470E-18  0.4850E-15  0.1820E-13  0.1280E-12  0.2100E-12  0.2310E-12  0.2340E-12  0.2270E-12  0.2060E-12  0.1670E-12  0.1300E-12  0.1110E-12
  0.1000E+14  0.1330E-28  0.7830E-23  0.2470E-18  0.4840E-15  0.1820E-13  0.1280E-12  0.2100E-12  0.2310E-12  0.2340E-12  0.2260E-12  0.2050E-12  0.1670E-12  0.1290E-12  0.1100E-12
  0.1000E+15  0.1330E-28  0.7840E-23  0.2470E-18  0.4840E-15  0.1820E-13  0.1280E-12  0.2100E-12  0.2310E-12  0.2340E-12  0.2260E-12  0.2050E-12  0.1670E-12  0.1290E-12  0.1100E-12
  0.1000E+16  0.1340E-28  0.7860E-23  0.2480E-18  0.4840E-15  0.1820E-13  0.1280E-12  0.2100E-12  0.2310E-12  0.2340E-12  0.2270E-12  0.2050E-12  0.1670E-12  0.1290E-12  0.1100E-12
  0.1000E+17  0.1370E-28  0.8020E-23  0.2520E-18  0.4900E-15  0.1840E-13  0.1290E-12  0.2110E-12  0.2330E-12  0.2350E-12  0.2280E-12  0.2070E-12  0.1680E-12  0.1300E-12  0.1110E-12
WAVELENGTH(A)= 
   111.320
 7 14 t 
excit   
     2.910      4.370      7.280     14.600     29.100     72.800    146.000    218.000    291.000    437.000    728.000   1460.000   2910.000   4370.000 
  0.1000E+11  0.4920E-29  0.3140E-23  0.9770E-19  0.1740E-15  0.6250E-14  0.4430E-13  0.7340E-13  0.8150E-13  0.8320E-13  0.8140E-13  0.7460E-13  0.6080E-13  0.4740E-13  0.4030E-13
  0.1000E+12  0.1270E-28  0.5590E-23  0.1350E-18  0.2120E-15  0.7100E-14  0.4750E-13  0.7750E-13  0.8580E-13  0.8760E-13  0.8570E-13  0.7870E-13  0.6450E-13  0.5070E-13  0.4340E-13
  0.1000E+13  0.1520E-28  0.6080E-23  0.1410E-18  0.2170E-15  0.7200E-14  0.4790E-13  0.7790E-13  0.8630E-13  0.8800E-13  0.8620E-13  0.7920E-13  0.6490E-13  0.5110E-13  0.4380E-13
  0.1000E+14  0.1540E-28  0.6130E-23  0.1410E-18  0.2170E-15  0.7210E-14  0.4790E-13  0.7800E-13  0.8630E-13  0.8810E-13  0.8630E-13  0.7920E-13  0.6500E-13  0.5110E-13  0.4380E-13
  0.1000E+15  0.1550E-28  0.6130E-23  0.1410E-18  0.2170E-15  0.7210E-14  0.4790E-13  0.7800E-13  0.8630E-13  0.8810E-13  0.8630E-13  0.7920E-13  0.6500E-13  0.5110E-13  0.4380E-13
  0.1000E+16  0.1550E-28  0.6130E-23  0.1410E-18  0.2170E-15  0.7210E-14  0.4790E-13  0.7800E-13  0.8630E-13  0.8810E-13  0.8630E-13  0.7920E-13  0.6500E-13  0.5120E-13  0.4380E-13
  0.1000E+17  0.1540E-28  0.6090E-23  0.1400E-18  0.2170E-15  0.7190E-14  0.4790E-13  0.7800E-13  0.8640E-13  0.8820E-13  0.8640E-13  0.7940E-13  0.6510E-13  0.5130E-13  0.4390E-13
WAVELENGTH(A)= 
   123.278
 7 14 t 
excit   
     2.910      4.370      7.280     14.600     29.100     72.800    146.000    218.000    291.000    437.000    728.000   1460.000   2910.000   4370.000 
  0.1000E+11  0.2680E-33  0.4140E-25  0.1050E-18  0.5010E-14  0.9340E-12  0.1730E-10  0.3890E-10  0.4760E-10  0.5090E-10  0.5190E-10  0.4900E-10  0.4120E-10  0.3240E-10  0.2760E-10
  0.1000E+12  0.6900E-33  0.7340E-25  0.1440E-18  0.6060E-14  0.1050E-11  0.1850E-10  0.4090E-10  0.4990E-10  0.5340E-10  0.5440E-10  0.5150E-10  0.4360E-10  0.3450E-10  0.2960E-10
  0.1000E+13  0.8210E-33  0.7960E-25  0.1500E-18  0.6190E-14  0.1070E-11  0.1860E-10  0.4110E-10  0.5010E-10  0.5360E-10  0.5470E-10  0.5180E-10  0.4380E-10  0.3470E-10  0.2980E-10
  0.1000E+14  0.8370E-33  0.8030E-25  0.1500E-18  0.6210E-14  0.1070E-11  0.1860E-10  0.4110E-10  0.5010E-10  0.5370E-10  0.5470E-10  0.5180E-10  0.4380E-10  0.3480E-10  0.2980E-10
  0.1000E+15  0.8380E-33  0.8040E-25  0.1500E-18  0.6210E-14  0.1070E-11  0.1860E-10  0.4110E-10  0.5010E-10  0.5370E-10  0.5470E-10  0.5180E-10  0.4380E-10  0.3480E-10  0.2980E-10
  0.1000E+16  0.8330E-33  0.8000E-25  0.1500E-18  0.6190E-14  0.1070E-11  0.1860E-10  0.4110E-10  0.5010E-10  0.5360E-10  0.5460E-10  0.5180E-10  0.4380E-10  0.3470E-10  0.2980E-10
  0.1000E+17  0.7880E-33  0.7630E-25  0.1440E-18  0.6000E-14  0.1040E-11  0.1820E-10  0.4040E-10  0.4930E-10  0.5290E-10  0.5400E-10  0.5120E-10  0.4350E-10  0.3450E-10  0.2970E-10
WAVELENGTH(A)= 
   132.123
 7 14 t 
excit   
     2.910      4.370      7.280     14.600     29.100     72.800    146.000    218.000    291.000    437.000    728.000   1460.000   2910.000   4370.000 
  0.1000E+11  0.2660E-23  0.2300E-18  0.1480E-14  0.8520E-12  0.1870E-10  0.1100E-09  0.1930E-09  0.2330E-09  0.2560E-09  0.2820E-09  0.3010E-09  0.3050E-09  0.2890E-09  0.2730E-09
  0.1000E+12  0.6950E-23  0.4140E-18  0.2070E-14  0.1060E-11  0.2160E-10  0.1190E-09  0.2050E-09  0.2470E-09  0.2710E-09  0.2980E-09  0.3200E-09  0.3260E-09  0.3110E-09  0.2960E-09
  0.1000E+13  0.8290E-23  0.4500E-18  0.2160E-14  0.1080E-11  0.2190E-10  0.1200E-09  0.2060E-09  0.2480E-09  0.2730E-09  0.3000E-09  0.3220E-09  0.3280E-09  0.3140E-09  0.2990E-09
  0.1000E+14  0.8450E-23  0.4540E-18  0.2170E-14  0.1080E-11  0.2190E-10  0.1200E-09  0.2070E-09  0.2480E-09  0.2730E-09  0.3000E-09  0.3220E-09  0.3280E-09  0.3140E-09  0.2990E-09
  0.1000E+15  0.8460E-23  0.4550E-18  0.2170E-14  0.1080E-11  0.2190E-10  0.1200E-09  0.2070E-09  0.2480E-09  0.2730E-09  0.3000E-09  0.3220E-09  0.3280E-09  0.3140E-09  0.2990E-09
  0.1000E+16  0.8480E-23  0.4550E-18  0.2170E-14  0.1090E-11  0.2200E-10  0.1200E-09  0.2070E-09  0.2480E-09  0.2730E-09  0.3000E-09  0.3220E-09  0.3280E-09  0.3140E-09  0.2990E-09
  0.1000E+17  0.8570E-23  0.4590E-18  0.2190E-14  0.1090E-11  0.2210E-10  0.1210E-09  0.2070E-09  0.2490E-09  0.2730E-09  0.3000E-09  0.3220E-09  0.3280E-09  0.3140E-09  0.2990E-09
WAVELENGTH(A)= 
   134.195
 7 14 t 
excit   
     2.910      4.370      7.280     14.600     29.100     72.800    146.000    218.000    291.000    437.000    728.000   1460.000   2910.000   4370.000 
  0.1000E+11  0.2940E-35  0.2090E-27  0.3040E-21  0.1030E-16  0.1420E-14  0.1710E-13  0.3390E-13  0.4260E-13  0.4820E-13  0.5540E-13  0.6370E-13  0.7310E-13  0.8030E-13  0.8320E-13
  0.1000E+12  0.1830E-35  0.8180E-28  0.8350E-22  0.2320E-17  0.3260E-15  0.4560E-14  0.9650E-14  0.1220E-13  0.1390E-13  0.1570E-13  0.1760E-13  0.1910E-13  0.1960E-13  0.1940E-13
  0.1000E+13  0.1480E-35  0.5690E-28  0.5130E-22  0.1300E-17  0.1980E-15  0.3190E-14  0.7040E-14  0.8980E-14  0.1020E-13  0.1150E-13  0.1260E-13  0.1330E-13  0.1300E-13  0.1240E-13
  0.1000E+14  0.1440E-35  0.5420E-28  0.4790E-22  0.1190E-17  0.1850E-15  0.3050E-14  0.6780E-14  0.8660E-14  0.9830E-14  0.1110E-13  0.1210E-13  0.1270E-13  0.1230E-13  0.1170E-13
  0.1000E+15  0.1440E-35  0.5410E-28  0.4770E-22  0.1180E-17  0.1840E-15  0.3040E-14  0.6760E-14  0.8630E-14  0.9800E-14  0.1100E-13  0.1210E-13  0.1260E-13  0.1230E-13  0.1170E-13
  0.1000E+16  0.1510E-35  0.5630E-28  0.4920E-22  0.1210E-17  0.1860E-15  0.3070E-14  0.6810E-14  0.8690E-14  0.9850E-14  0.1110E-13  0.1210E-13  0.1260E-13  0.1230E-13  0.1170E-13
  0.1000E+17  0.2220E-35  0.7820E-28  0.6420E-22  0.1470E-17  0.2120E-15  0.3360E-14  0.7340E-14  0.9280E-14  0.1040E-13  0.1160E-13  0.1260E-13  0.1300E-13  0.1250E-13  0.1180E-13
WAVELENGTH(A)= 
   135.265
 7 14 t 
excit   
     2.910      4.370      7.280     14.600     29.100     72.800    146.000    218.000    291.000    437.000    728.000   1460.000   2910.000   4370.000 
  0.1000E+11  0.1310E-40  0.7540E-33  0.8840E-27  0.2490E-22  0.3680E-20  0.6300E-19  0.1480E-18  0.1930E-18  0.2190E-18  0.2470E-18  0.2680E-18  0.2770E-18  0.2640E-18  0.2500E-18
  0.1000E+12  0.3430E-40  0.1360E-32  0.1240E-26  0.3080E-22  0.4220E-20  0.6810E-19  0.1570E-18  0.2040E-18  0.2310E-18  0.2610E-18  0.2850E-18  0.2960E-18  0.2840E-18  0.2710E-18
  0.1000E+13  0.4090E-40  0.1480E-32  0.1290E-26  0.3160E-22  0.4290E-20  0.6860E-19  0.1580E-18  0.2050E-18  0.2330E-18  0.2630E-18  0.2870E-18  0.2980E-18  0.2860E-18  0.2730E-18
  0.1000E+14  0.4170E-40  0.1490E-32  0.1300E-26  0.3170E-22  0.4290E-20  0.6870E-19  0.1580E-18  0.2050E-18  0.2330E-18  0.2630E-18  0.2870E-18  0.2990E-18  0.2870E-18  0.2740E-18
  0.1000E+15  0.4180E-40  0.1490E-32  0.1300E-26  0.3170E-22  0.4300E-20  0.6870E-19  0.1590E-18  0.2050E-18  0.2330E-18  0.2630E-18  0.2870E-18  0.2990E-18  0.2870E-18  0.2740E-18
  0.1000E+16  0.4190E-40  0.1500E-32  0.1300E-26  0.3190E-22  0.4330E-20  0.6920E-19  0.1590E-18  0.2060E-18  0.2340E-18  0.2640E-18  0.2870E-18  0.2990E-18  0.2870E-18  0.2740E-18
  0.1000E+17  0.4320E-40  0.1560E-32  0.1370E-26  0.3400E-22  0.4610E-20  0.7310E-19  0.1670E-18  0.2140E-18  0.2420E-18  0.2710E-18  0.2930E-18  0.3020E-18  0.2890E-18  0.2750E-18
WAVELENGTH(A)= 
   135.611
 7 14 t 
excit   
     2.910      4.370      7.280     14.600     29.100     72.800    146.000    218.000    291.000    437.000    728.000   1460.000   2910.000   4370.000 
  0.1000E+11  0.1650E-38  0.4970E-29  0.1340E-21  0.3810E-16  0.1710E-13  0.5350E-12  0.1420E-11  0.1830E-11  0.2010E-11  0.2100E-11  0.2010E-11  0.1700E-11  0.1330E-11  0.1130E-11
  0.1000E+12  0.4240E-38  0.8780E-29  0.1840E-21  0.4580E-16  0.1920E-13  0.5690E-12  0.1490E-11  0.1910E-11  0.2100E-11  0.2190E-11  0.2110E-11  0.1790E-11  0.1410E-11  0.1200E-11
  0.1000E+13  0.5050E-38  0.9530E-29  0.1910E-21  0.4680E-16  0.1940E-13  0.5730E-12  0.1500E-11  0.1920E-11  0.2110E-11  0.2200E-11  0.2120E-11  0.1800E-11  0.1420E-11  0.1210E-11
  0.1000E+14  0.5140E-38  0.9610E-29  0.1920E-21  0.4690E-16  0.1950E-13  0.5730E-12  0.1500E-11  0.1920E-11  0.2110E-11  0.2200E-11  0.2120E-11  0.1800E-11  0.1420E-11  0.1210E-11
  0.1000E+15  0.5140E-38  0.9600E-29  0.1910E-21  0.4690E-16  0.1940E-13  0.5730E-12  0.1500E-11  0.1920E-11  0.2100E-11  0.2200E-11  0.2120E-11  0.1800E-11  0.1420E-11  0.1210E-11
  0.1000E+16  0.5040E-38  0.9430E-29  0.1890E-21  0.4630E-16  0.1920E-13  0.5670E-12  0.1490E-11  0.1910E-11  0.2090E-11  0.2190E-11  0.2110E-11  0.1790E-11  0.1420E-11  0.1210E-11
  0.1000E+17  0.4240E-38  0.8130E-29  0.1660E-21  0.4150E-16  0.1750E-13  0.5230E-12  0.1380E-11  0.1790E-11  0.1970E-11  0.2070E-11  0.2010E-11  0.1730E-11  0.1380E-11  0.1180E-11
WAVELENGTH(A)= 
   143.735
 7 14 t 
excit   
     2.910      4.370      7.280     14.600     29.100     72.800    146.000    218.000    291.000    437.000    728.000   1460.000   2910.000   4370.000 
  0.1000E+11  0.1000E-73  0.4130E-69  0.7280E-62  0.1520E-56  0.5970E-54  0.1800E-52  0.5010E-52  0.6870E-52  0.7990E-52  0.9220E-52  0.1020E-51  0.1070E-51  0.1040E-51  0.9900E-52
  0.1000E+12  0.1000E-73  0.7430E-69  0.1020E-61  0.1880E-56  0.6860E-54  0.1940E-52  0.5330E-52  0.7280E-52  0.8460E-52  0.9760E-52  0.1090E-51  0.1150E-51  0.1120E-51  0.1070E-51
  0.1000E+13  0.1000E-73  0.8080E-69  0.1060E-61  0.1920E-56  0.6960E-54  0.1960E-52  0.5360E-52  0.7320E-52  0.8510E-52  0.9820E-52  0.1090E-51  0.1160E-51  0.1130E-51  0.1080E-51
  0.1000E+14  0.1000E-73  0.8150E-69  0.1070E-61  0.1930E-56  0.6970E-54  0.1960E-52  0.5370E-52  0.7330E-52  0.8510E-52  0.9820E-52  0.1100E-51  0.1160E-51  0.1130E-51  0.1080E-51
  0.1000E+15  0.1000E-73  0.8180E-69  0.1070E-61  0.1940E-56  0.7000E-54  0.1970E-52  0.5380E-52  0.7340E-52  0.8530E-52  0.9840E-52  0.1100E-51  0.1160E-51  0.1130E-51  0.1090E-51
  0.1000E+16  0.1000E-73  0.8390E-69  0.1100E-61  0.2000E-56  0.7240E-54  0.2030E-52  0.5520E-52  0.7500E-52  0.8690E-52  0.9990E-52  0.1110E-51  0.1170E-51  0.1140E-51  0.1090E-51
  0.1000E+17  0.1000E-73  0.1010E-68  0.1390E-61  0.2570E-56  0.9320E-54  0.2550E-52  0.6720E-52  0.8910E-52  0.1010E-51  0.1130E-51  0.1220E-51  0.1240E-51  0.1180E-51  0.1120E-51
WAVELENGTH(A)= 
   167.796
 7 14 t 
excit   
     2.910      4.370      7.280     14.600     29.100     72.800    146.000    218.000    291.000    437.000    728.000   1460.000   2910.000   4370.000 
  0.1000E+11  0.1610E-41  0.4860E-32  0.1310E-24  0.3730E-19  0.1670E-16  0.5230E-15  0.1390E-14  0.1790E-14  0.1960E-14  0.2050E-14  0.1970E-14  0.1660E-14  0.1300E-14  0.1100E-14
  0.1000E+12  0.4150E-41  0.8580E-32  0.1800E-24  0.4480E-19  0.1880E-16  0.5560E-15  0.1460E-14  0.1870E-14  0.2050E-14  0.2140E-14  0.2060E-14  0.1750E-14  0.1380E-14  0.1180E-14
  0.1000E+13  0.4930E-41  0.9310E-32  0.1870E-24  0.4580E-19  0.1900E-16  0.5600E-15  0.1460E-14  0.1880E-14  0.2060E-14  0.2150E-14  0.2070E-14  0.1760E-14  0.1390E-14  0.1180E-14
  0.1000E+14  0.5030E-41  0.9390E-32  0.1870E-24  0.4580E-19  0.1900E-16  0.5600E-15  0.1460E-14  0.1880E-14  0.2060E-14  0.2150E-14  0.2070E-14  0.1760E-14  0.1390E-14  0.1190E-14
  0.1000E+15  0.5030E-41  0.9380E-32  0.1870E-24  0.4580E-19  0.1900E-16  0.5600E-15  0.1460E-14  0.1880E-14  0.2060E-14  0.2150E-14  0.2070E-14  0.1760E-14  0.1390E-14  0.1190E-14
  0.1000E+16  0.4930E-41  0.9220E-32  0.1840E-24  0.4520E-19  0.1880E-16  0.5540E-15  0.1450E-14  0.1860E-14  0.2040E-14  0.2140E-14  0.2060E-14  0.1750E-14  0.1390E-14  0.1180E-14
  0.1000E+17  0.4150E-41  0.7940E-32  0.1620E-24  0.4060E-19  0.1710E-16  0.5110E-15  0.1350E-14  0.1750E-14  0.1920E-14  0.2030E-14  0.1970E-14  0.1690E-14  0.1350E-14  0.1160E-14
WAVELENGTH(A)= 
   176.033
 7 14 t 
excit   
     2.910      4.370      7.280     14.600     29.100     72.800    146.000    218.000    291.000    437.000    728.000   1460.000   2910.000   4370.000 
  0.1000E+11  0.3180E-18  0.5010E-15  0.1270E-12  0.6300E-11  0.3940E-10  0.1060E-09  0.1370E-09  0.1440E-09  0.1460E-09  0.1430E-09  0.1360E-09  0.1210E-09  0.1040E-09  0.9400E-10
  0.1000E+12  0.7990E-18  0.8600E-15  0.1680E-12  0.7240E-11  0.4220E-10  0.1080E-09  0.1380E-09  0.1440E-09  0.1460E-09  0.1430E-09  0.1360E-09  0.1210E-09  0.1030E-09  0.9300E-10
  0.1000E+13  0.9480E-18  0.9300E-15  0.1740E-12  0.7360E-11  0.4250E-10  0.1080E-09  0.1380E-09  0.1440E-09  0.1460E-09  0.1430E-09  0.1360E-09  0.1210E-09  0.1030E-09  0.9290E-10
  0.1000E+14  0.9660E-18  0.9380E-15  0.1750E-12  0.7380E-11  0.4250E-10  0.1080E-09  0.1380E-09  0.1440E-09  0.1460E-09  0.1430E-09  0.1360E-09  0.1210E-09  0.1030E-09  0.9290E-10
  0.1000E+15  0.9680E-18  0.9390E-15  0.1750E-12  0.7380E-11  0.4250E-10  0.1080E-09  0.1380E-09  0.1440E-09  0.1460E-09  0.1430E-09  0.1360E-09  0.1210E-09  0.1030E-09  0.9290E-10
  0.1000E+16  0.9680E-18  0.9390E-15  0.1750E-12  0.7380E-11  0.4250E-10  0.1080E-09  0.1380E-09  0.1440E-09  0.1460E-09  0.1430E-09  0.1360E-09  0.1210E-09  0.1030E-09  0.9290E-10
  0.1000E+17  0.9650E-18  0.9360E-15  0.1740E-12  0.7370E-11  0.4240E-10  0.1080E-09  0.1380E-09  0.1440E-09  0.1460E-09  0.1430E-09  0.1350E-09  0.1200E-09  0.1030E-09  0.9270E-10
WAVELENGTH(A)= 
   176.039
 7 14 t 
excit   
     2.910      4.370      7.280     14.600     29.100     72.800    146.000    218.000    291.000    437.000    728.000   1460.000   2910.000   4370.000 
  0.1000E+11  0.2010E-42  0.6060E-33  0.1640E-25  0.4640E-20  0.2090E-17  0.6520E-16  0.1730E-15  0.2230E-15  0.2440E-15  0.2550E-15  0.2450E-15  0.2070E-15  0.1620E-15  0.1370E-15
  0.1000E+12  0.5170E-42  0.1070E-32  0.2240E-25  0.5580E-20  0.2340E-17  0.6930E-16  0.1820E-15  0.2330E-15  0.2550E-15  0.2670E-15  0.2570E-15  0.2180E-15  0.1720E-15  0.1470E-15
  0.1000E+13  0.6150E-42  0.1160E-32  0.2320E-25  0.5700E-20  0.2370E-17  0.6980E-16  0.1820E-15  0.2340E-15  0.2560E-15  0.2680E-15  0.2580E-15  0.2190E-15  0.1730E-15  0.1480E-15
  0.1000E+14  0.6270E-42  0.1170E-32  0.2330E-25  0.5710E-20  0.2370E-17  0.6980E-16  0.1820E-15  0.2340E-15  0.2570E-15  0.2680E-15  0.2580E-15  0.2190E-15  0.1730E-15  0.1480E-15
  0.1000E+15  0.6260E-42  0.1170E-32  0.2330E-25  0.5710E-20  0.2370E-17  0.6970E-16  0.1820E-15  0.2340E-15  0.2560E-15  0.2680E-15  0.2580E-15  0.2190E-15  0.1730E-15  0.1480E-15
  0.1000E+16  0.6140E-42  0.1150E-32  0.2300E-25  0.5640E-20  0.2340E-17  0.6910E-16  0.1810E-15  0.2320E-15  0.2550E-15  0.2670E-15  0.2570E-15  0.2180E-15  0.1730E-15  0.1470E-15
  0.1000E+17  0.5170E-42  0.9900E-33  0.2020E-25  0.5060E-20  0.2130E-17  0.6370E-16  0.1680E-15  0.2180E-15  0.2400E-15  0.2530E-15  0.2450E-15  0.2110E-15  0.1680E-15  0.1440E-15
WAVELENGTH(A)= 
   180.413
 7 14 t 
excit   
     2.910      4.370      7.280     14.600     29.100     72.800    146.000    218.000    291.000    437.000    728.000   1460.000   2910.000   4370.000 
  0.1000E+11  0.5840E-38  0.1000E-28  0.1770E-21  0.3690E-16  0.1450E-13  0.4370E-12  0.1220E-11  0.1670E-11  0.1940E-11  0.2240E-11  0.2490E-11  0.2610E-11  0.2530E-11  0.2410E-11
  0.1000E+12  0.1520E-37  0.1810E-28  0.2480E-21  0.4560E-16  0.1670E-13  0.4720E-12  0.1290E-11  0.1770E-11  0.2060E-11  0.2370E-11  0.2640E-11  0.2790E-11  0.2720E-11  0.2610E-11
  0.1000E+13  0.1820E-37  0.1960E-28  0.2580E-21  0.4670E-16  0.1690E-13  0.4760E-12  0.1300E-11  0.1780E-11  0.2070E-11  0.2390E-11  0.2660E-11  0.2810E-11  0.2750E-11  0.2630E-11
  0.1000E+14  0.1850E-37  0.1980E-28  0.2590E-21  0.4680E-16  0.1690E-13  0.4770E-12  0.1300E-11  0.1780E-11  0.2070E-11  0.2390E-11  0.2660E-11  0.2810E-11  0.2750E-11  0.2640E-11
  0.1000E+15  0.1860E-37  0.1990E-28  0.2600E-21  0.4700E-16  0.1700E-13  0.4780E-12  0.1310E-11  0.1780E-11  0.2070E-11  0.2390E-11  0.2670E-11  0.2810E-11  0.2750E-11  0.2640E-11
  0.1000E+16  0.1900E-37  0.2040E-28  0.2680E-21  0.4870E-16  0.1760E-13  0.4930E-12  0.1340E-11  0.1820E-11  0.2110E-11  0.2430E-11  0.2690E-11  0.2830E-11  0.2760E-11  0.2650E-11
  0.1000E+17  0.2190E-37  0.2470E-28  0.3370E-21  0.6260E-16  0.2260E-13  0.6200E-12  0.1630E-11  0.2170E-11  0.2460E-11  0.2760E-11  0.2970E-11  0.3010E-11  0.2870E-11  0.2720E-11
WAVELENGTH(A)= 
   189.287
 7 14 t 
excit   
     2.910      4.370      7.280     14.600     29.100     72.800    146.000    218.000    291.000    437.000    728.000   1460.000   2910.000   4370.000 
  0.1000E+11  0.1670E-34  0.2590E-26  0.6540E-20  0.3130E-15  0.5830E-13  0.1080E-11  0.2430E-11  0.2970E-11  0.3180E-11  0.3240E-11  0.3060E-11  0.2570E-11  0.2020E-11  0.1730E-11
  0.1000E+12  0.4310E-34  0.4580E-26  0.8990E-20  0.3780E-15  0.6570E-13  0.1150E-11  0.2550E-11  0.3110E-11  0.3330E-11  0.3400E-11  0.3220E-11  0.2720E-11  0.2150E-11  0.1850E-11
  0.1000E+13  0.5130E-34  0.4970E-26  0.9340E-20  0.3870E-15  0.6660E-13  0.1160E-11  0.2570E-11  0.3130E-11  0.3350E-11  0.3410E-11  0.3230E-11  0.2740E-11  0.2170E-11  0.1860E-11
  0.1000E+14  0.5230E-34  0.5020E-26  0.9380E-20  0.3870E-15  0.6670E-13  0.1160E-11  0.2570E-11  0.3130E-11  0.3350E-11  0.3420E-11  0.3240E-11  0.2740E-11  0.2170E-11  0.1860E-11
  0.1000E+15  0.5230E-34  0.5020E-26  0.9380E-20  0.3870E-15  0.6670E-13  0.1160E-11  0.2570E-11  0.3130E-11  0.3350E-11  0.3420E-11  0.3230E-11  0.2740E-11  0.2170E-11  0.1860E-11
  0.1000E+16  0.5200E-34  0.4990E-26  0.9340E-20  0.3860E-15  0.6650E-13  0.1160E-11  0.2560E-11  0.3130E-11  0.3350E-11  0.3410E-11  0.3230E-11  0.2740E-11  0.2170E-11  0.1860E-11
  0.1000E+17  0.4920E-34  0.4760E-26  0.8990E-20  0.3750E-15  0.6490E-13  0.1140E-11  0.2520E-11  0.3080E-11  0.3300E-11  0.3370E-11  0.3200E-11  0.2710E-11  0.2160E-11  0.1850E-11
WAVELENGTH(A)= 
   210.976
 7 14 t 
excit   
     2.910      4.370      7.280     14.600     29.100     72.800    146.000    218.000    291.000    437.000    728.000   1460.000   2910.000   4370.000 
  0.1000E+11  0.1980E-16  0.3110E-13  0.7920E-11  0.3920E-09  0.2450E-08  0.6610E-08  0.8540E-08  0.8950E-08  0.9080E-08  0.8930E-08  0.8470E-08  0.7550E-08  0.6490E-08  0.5850E-08
  0.1000E+12  0.4970E-16  0.5350E-13  0.1050E-10  0.4510E-09  0.2620E-08  0.6720E-08  0.8580E-08  0.8970E-08  0.9090E-08  0.8910E-08  0.8450E-08  0.7500E-08  0.6430E-08  0.5790E-08
  0.1000E+13  0.5900E-16  0.5790E-13  0.1080E-10  0.4580E-09  0.2640E-08  0.6740E-08  0.8590E-08  0.8970E-08  0.9090E-08  0.8910E-08  0.8440E-08  0.7500E-08  0.6430E-08  0.5780E-08
  0.1000E+14  0.6010E-16  0.5830E-13  0.1090E-10  0.4590E-09  0.2640E-08  0.6740E-08  0.8590E-08  0.8970E-08  0.9090E-08  0.8910E-08  0.8440E-08  0.7500E-08  0.6430E-08  0.5780E-08
  0.1000E+15  0.6020E-16  0.5840E-13  0.1090E-10  0.4590E-09  0.2640E-08  0.6740E-08  0.8590E-08  0.8970E-08  0.9090E-08  0.8910E-08  0.8440E-08  0.7500E-08  0.6430E-08  0.5780E-08
  0.1000E+16  0.6020E-16  0.5840E-13  0.1090E-10  0.4590E-09  0.2640E-08  0.6740E-08  0.8590E-08  0.8970E-08  0.9080E-08  0.8910E-08  0.8440E-08  0.7500E-08  0.6430E-08  0.5780E-08
  0.1000E+17  0.6000E-16  0.5820E-13  0.1080E-10  0.4580E-09  0.2640E-08  0.6730E-08  0.8570E-08  0.8950E-08  0.9060E-08  0.8890E-08  0.8420E-08  0.7480E-08  0.6420E-08  0.5770E-08
WAVELENGTH(A)= 
   219.102
 7 14 t 
excit   
     2.910      4.370      7.280     14.600     29.100     72.800    146.000    218.000    291.000    437.000    728.000   1460.000   2910.000   4370.000 
  0.1000E+11  0.1130E-73  0.6500E-66  0.7620E-60  0.2150E-55  0.3170E-53  0.5430E-52  0.1280E-51  0.1660E-51  0.1890E-51  0.2130E-51  0.2310E-51  0.2390E-51  0.2270E-51  0.2150E-51
  0.1000E+12  0.2960E-73  0.1170E-65  0.1070E-59  0.2660E-55  0.3640E-53  0.5870E-52  0.1360E-51  0.1760E-51  0.1990E-51  0.2250E-51  0.2460E-51  0.2550E-51  0.2450E-51  0.2340E-51
  0.1000E+13  0.3530E-73  0.1270E-65  0.1110E-59  0.2720E-55  0.3700E-53  0.5920E-52  0.1370E-51  0.1770E-51  0.2010E-51  0.2260E-51  0.2470E-51  0.2570E-51  0.2470E-51  0.2360E-51
  0.1000E+14  0.3600E-73  0.1280E-65  0.1120E-59  0.2730E-55  0.3700E-53  0.5920E-52  0.1370E-51  0.1770E-51  0.2010E-51  0.2270E-51  0.2470E-51  0.2570E-51  0.2470E-51  0.2360E-51
  0.1000E+15  0.3600E-73  0.1290E-65  0.1120E-59  0.2730E-55  0.3710E-53  0.5930E-52  0.1370E-51  0.1770E-51  0.2010E-51  0.2270E-51  0.2470E-51  0.2570E-51  0.2470E-51  0.2360E-51
  0.1000E+16  0.3620E-73  0.1290E-65  0.1120E-59  0.2750E-55  0.3730E-53  0.5960E-52  0.1370E-51  0.1780E-51  0.2020E-51  0.2270E-51  0.2480E-51  0.2580E-51  0.2470E-51  0.2360E-51
  0.1000E+17  0.3720E-73  0.1340E-65  0.1190E-59  0.2930E-55  0.3980E-53  0.6300E-52  0.1440E-51  0.1850E-51  0.2080E-51  0.2330E-51  0.2530E-51  0.2610E-51  0.2490E-51  0.2370E-51
WAVELENGTH(A)= 
   221.128
 7 14 t 
excit   
     2.910      4.370      7.280     14.600     29.100     72.800    146.000    218.000    291.000    437.000    728.000   1460.000   2910.000   4370.000 
  0.1000E+11  0.1690E-25  0.1660E-19  0.7460E-15  0.1810E-11  0.7420E-10  0.5190E-09  0.8430E-09  0.9310E-09  0.9500E-09  0.9360E-09  0.8740E-09  0.7560E-09  0.6380E-09  0.5760E-09
  0.1000E+12  0.3660E-25  0.2400E-19  0.8000E-15  0.1610E-11  0.6110E-10  0.4300E-09  0.7020E-09  0.7730E-09  0.7830E-09  0.7600E-09  0.6910E-09  0.5670E-09  0.4460E-09  0.3830E-09
  0.1000E+13  0.4270E-25  0.2540E-19  0.8070E-15  0.1580E-11  0.5960E-10  0.4200E-09  0.6870E-09  0.7560E-09  0.7650E-09  0.7420E-09  0.6720E-09  0.5470E-09  0.4250E-09  0.3620E-09
  0.1000E+14  0.4350E-25  0.2560E-19  0.8080E-15  0.1580E-11  0.5940E-10  0.4190E-09  0.6850E-09  0.7540E-09  0.7630E-09  0.7400E-09  0.6700E-09  0.5450E-09  0.4230E-09  0.3600E-09
  0.1000E+15  0.4360E-25  0.2560E-19  0.8080E-15  0.1580E-11  0.5940E-10  0.4190E-09  0.6850E-09  0.7540E-09  0.7630E-09  0.7400E-09  0.6700E-09  0.5450E-09  0.4230E-09  0.3600E-09
  0.1000E+16  0.4370E-25  0.2570E-19  0.8100E-15  0.1580E-11  0.5950E-10  0.4190E-09  0.6860E-09  0.7550E-09  0.7640E-09  0.7400E-09  0.6700E-09  0.5450E-09  0.4230E-09  0.3600E-09
  0.1000E+17  0.4470E-25  0.2620E-19  0.8230E-15  0.1600E-11  0.6000E-10  0.4220E-09  0.6910E-09  0.7600E-09  0.7690E-09  0.7450E-09  0.6750E-09  0.5490E-09  0.4260E-09  0.3620E-09
WAVELENGTH(A)= 
   235.671
 7 14 t 
excit   
     2.910      4.370      7.280     14.600     29.100     72.800    146.000    218.000    291.000    437.000    728.000   1460.000   2910.000   4370.000 
  0.1000E+11  0.1740E-25  0.1110E-19  0.3450E-15  0.6150E-12  0.2210E-10  0.1570E-09  0.2590E-09  0.2880E-09  0.2940E-09  0.2880E-09  0.2640E-09  0.2150E-09  0.1670E-09  0.1420E-09
  0.1000E+12  0.4490E-25  0.1980E-19  0.4770E-15  0.7490E-12  0.2510E-10  0.1680E-09  0.2740E-09  0.3030E-09  0.3090E-09  0.3030E-09  0.2780E-09  0.2280E-09  0.1790E-09  0.1530E-09
  0.1000E+13  0.5350E-25  0.2150E-19  0.4970E-15  0.7660E-12  0.2550E-10  0.1690E-09  0.2750E-09  0.3050E-09  0.3110E-09  0.3050E-09  0.2800E-09  0.2290E-09  0.1810E-09  0.1550E-09
  0.1000E+14  0.5460E-25  0.2170E-19  0.4990E-15  0.7680E-12  0.2550E-10  0.1690E-09  0.2760E-09  0.3050E-09  0.3110E-09  0.3050E-09  0.2800E-09  0.2300E-09  0.1810E-09  0.1550E-09
  0.1000E+15  0.5470E-25  0.2170E-19  0.4990E-15  0.7680E-12  0.2550E-10  0.1690E-09  0.2760E-09  0.3050E-09  0.3110E-09  0.3050E-09  0.2800E-09  0.2300E-09  0.1810E-09  0.1550E-09
  0.1000E+16  0.5460E-25  0.2170E-19  0.4990E-15  0.7680E-12  0.2550E-10  0.1690E-09  0.2760E-09  0.3050E-09  0.3110E-09  0.3050E-09  0.2800E-09  0.2300E-09  0.1810E-09  0.1550E-09
  0.1000E+17  0.5420E-25  0.2150E-19  0.4960E-15  0.7650E-12  0.2540E-10  0.1690E-09  0.2760E-09  0.3050E-09  0.3110E-09  0.3050E-09  0.2800E-09  0.2300E-09  0.1810E-09  0.1550E-09
WAVELENGTH(A)= 
   258.494
 7 14 t 
excit   
     2.910      4.370      7.280     14.600     29.100     72.800    146.000    218.000    291.000    437.000    728.000   1460.000   2910.000   4370.000 
  0.1000E+11  0.2440E-37  0.3780E-29  0.9560E-23  0.4570E-18  0.8520E-16  0.1580E-14  0.3550E-14  0.4340E-14  0.4650E-14  0.4740E-14  0.4470E-14  0.3760E-14  0.2950E-14  0.2520E-14
  0.1000E+12  0.6290E-37  0.6690E-29  0.1310E-22  0.5530E-18  0.9600E-16  0.1690E-14  0.3730E-14  0.4550E-14  0.4870E-14  0.4960E-14  0.4700E-14  0.3970E-14  0.3150E-14  0.2700E-14
  0.1000E+13  0.7490E-37  0.7260E-29  0.1360E-22  0.5650E-18  0.9730E-16  0.1700E-14  0.3750E-14  0.4570E-14  0.4890E-14  0.4990E-14  0.4720E-14  0.4000E-14  0.3170E-14  0.2720E-14
  0.1000E+14  0.7630E-37  0.7330E-29  0.1370E-22  0.5660E-18  0.9740E-16  0.1700E-14  0.3750E-14  0.4570E-14  0.4890E-14  0.4990E-14  0.4730E-14  0.4000E-14  0.3170E-14  0.2720E-14
  0.1000E+15  0.7640E-37  0.7330E-29  0.1370E-22  0.5660E-18  0.9740E-16  0.1700E-14  0.3750E-14  0.4570E-14  0.4890E-14  0.4990E-14  0.4730E-14  0.4000E-14  0.3170E-14  0.2720E-14
  0.1000E+16  0.7600E-37  0.7290E-29  0.1360E-22  0.5640E-18  0.9720E-16  0.1690E-14  0.3750E-14  0.4570E-14  0.4890E-14  0.4980E-14  0.4720E-14  0.4000E-14  0.3170E-14  0.2720E-14
  0.1000E+17  0.7190E-37  0.6960E-29  0.1310E-22  0.5480E-18  0.9490E-16  0.1660E-14  0.3690E-14  0.4500E-14  0.4820E-14  0.4930E-14  0.4670E-14  0.3970E-14  0.3150E-14  0.2710E-14
WAVELENGTH(A)= 
   278.590
 7 14 t 
excit   
     2.910      4.370      7.280     14.600     29.100     72.800    146.000    218.000    291.000    437.000    728.000   1460.000   2910.000   4370.000 
  0.1000E+11  0.3270E-38  0.5050E-30  0.1280E-23  0.6120E-19  0.1140E-16  0.2110E-15  0.4750E-15  0.5800E-15  0.6210E-15  0.6330E-15  0.5980E-15  0.5030E-15  0.3950E-15  0.3370E-15
  0.1000E+12  0.8410E-38  0.8950E-30  0.1750E-23  0.7390E-19  0.1280E-16  0.2250E-15  0.4990E-15  0.6080E-15  0.6510E-15  0.6640E-15  0.6280E-15  0.5310E-15  0.4210E-15  0.3610E-15
  0.1000E+13  0.1000E-37  0.9710E-30  0.1820E-23  0.7550E-19  0.1300E-16  0.2270E-15  0.5010E-15  0.6110E-15  0.6540E-15  0.6670E-15  0.6320E-15  0.5340E-15  0.4240E-15  0.3640E-15
  0.1000E+14  0.1020E-37  0.9800E-30  0.1830E-23  0.7570E-19  0.1300E-16  0.2270E-15  0.5020E-15  0.6120E-15  0.6540E-15  0.6670E-15  0.6320E-15  0.5350E-15  0.4240E-15  0.3640E-15
  0.1000E+15  0.1020E-37  0.9800E-30  0.1830E-23  0.7570E-19  0.1300E-16  0.2270E-15  0.5020E-15  0.6110E-15  0.6540E-15  0.6670E-15  0.6320E-15  0.5350E-15  0.4240E-15  0.3640E-15
  0.1000E+16  0.1020E-37  0.9750E-30  0.1820E-23  0.7540E-19  0.1300E-16  0.2270E-15  0.5010E-15  0.6110E-15  0.6530E-15  0.6660E-15  0.6310E-15  0.5340E-15  0.4240E-15  0.3640E-15
  0.1000E+17  0.9610E-38  0.9300E-30  0.1760E-23  0.7320E-19  0.1270E-16  0.2220E-15  0.4930E-15  0.6020E-15  0.6450E-15  0.6590E-15  0.6250E-15  0.5300E-15  0.4210E-15  0.3620E-15
WAVELENGTH(A)= 
   317.493
 7 14 t 
excit   
     2.910      4.370      7.280     14.600     29.100     72.800    146.000    218.000    291.000    437.000    728.000   1460.000   2910.000   4370.000 
  0.1000E+11  0.5630E-33  0.3230E-25  0.3790E-19  0.1070E-14  0.1570E-12  0.2700E-11  0.6350E-11  0.8250E-11  0.9370E-11  0.1060E-10  0.1150E-10  0.1190E-10  0.1130E-10  0.1070E-10
  0.1000E+12  0.1470E-32  0.5820E-25  0.5300E-19  0.1320E-14  0.1810E-12  0.2920E-11  0.6740E-11  0.8740E-11  0.9910E-11  0.1120E-10  0.1220E-10  0.1270E-10  0.1220E-10  0.1160E-10
  0.1000E+13  0.1750E-32  0.6320E-25  0.5530E-19  0.1350E-14  0.1840E-12  0.2940E-11  0.6790E-11  0.8790E-11  0.9970E-11  0.1130E-10  0.1230E-10  0.1280E-10  0.1230E-10  0.1170E-10
  0.1000E+14  0.1790E-32  0.6380E-25  0.5550E-19  0.1360E-14  0.1840E-12  0.2940E-11  0.6790E-11  0.8800E-11  0.9980E-11  0.1130E-10  0.1230E-10  0.1280E-10  0.1230E-10  0.1170E-10
  0.1000E+15  0.1790E-32  0.6390E-25  0.5550E-19  0.1360E-14  0.1840E-12  0.2950E-11  0.6790E-11  0.8800E-11  0.9980E-11  0.1130E-10  0.1230E-10  0.1280E-10  0.1230E-10  0.1170E-10
  0.1000E+16  0.1800E-32  0.6410E-25  0.5590E-19  0.1370E-14  0.1850E-12  0.2960E-11  0.6830E-11  0.8840E-11  0.1000E-10  0.1130E-10  0.1230E-10  0.1280E-10  0.1230E-10  0.1170E-10
  0.1000E+17  0.1850E-32  0.6670E-25  0.5890E-19  0.1460E-14  0.1980E-12  0.3130E-11  0.7140E-11  0.9180E-11  0.1040E-10  0.1160E-10  0.1260E-10  0.1300E-10  0.1240E-10  0.1180E-10
WAVELENGTH(A)= 
   341.350
 7 14 t 
excit   
     2.910      4.370      7.280     14.600     29.100     72.800    146.000    218.000    291.000    437.000    728.000   1460.000   2910.000   4370.000 
  0.1000E+11  0.6220E-32  0.4420E-24  0.6440E-18  0.2190E-13  0.3000E-11  0.3620E-10  0.7190E-10  0.9020E-10  0.1020E-09  0.1170E-09  0.1350E-09  0.1550E-09  0.1700E-09  0.1760E-09
  0.1000E+12  0.3870E-32  0.1730E-24  0.1770E-18  0.4910E-14  0.6900E-12  0.9650E-11  0.2040E-10  0.2590E-10  0.2940E-10  0.3330E-10  0.3720E-10  0.4040E-10  0.4150E-10  0.4120E-10
  0.1000E+13  0.3130E-32  0.1200E-24  0.1090E-18  0.2750E-14  0.4200E-12  0.6750E-11  0.1490E-10  0.1900E-10  0.2160E-10  0.2440E-10  0.2680E-10  0.2810E-10  0.2750E-10  0.2630E-10
  0.1000E+14  0.3050E-32  0.1150E-24  0.1020E-18  0.2530E-14  0.3920E-12  0.6460E-11  0.1440E-10  0.1830E-10  0.2080E-10  0.2340E-10  0.2570E-10  0.2680E-10  0.2610E-10  0.2490E-10
  0.1000E+15  0.3050E-32  0.1150E-24  0.1010E-18  0.2510E-14  0.3900E-12  0.6430E-11  0.1430E-10  0.1830E-10  0.2080E-10  0.2340E-10  0.2560E-10  0.2670E-10  0.2600E-10  0.2470E-10
  0.1000E+16  0.3200E-32  0.1190E-24  0.1040E-18  0.2560E-14  0.3950E-12  0.6490E-11  0.1440E-10  0.1840E-10  0.2090E-10  0.2350E-10  0.2570E-10  0.2680E-10  0.2600E-10  0.2470E-10
  0.1000E+17  0.4700E-32  0.1660E-24  0.1360E-18  0.3110E-14  0.4490E-12  0.7110E-11  0.1560E-10  0.1970E-10  0.2210E-10  0.2460E-10  0.2670E-10  0.2750E-10  0.2640E-10  0.2510E-10
WAVELENGTH(A)= 
   353.506
 7 14 t 
excit   
     2.910      4.370      7.280     14.600     29.100     72.800    146.000    218.000    291.000    437.000    728.000   1460.000   2910.000   4370.000 
  0.1000E+11  0.8220E-29  0.7090E-24  0.4560E-20  0.2630E-17  0.5780E-16  0.3400E-15  0.5950E-15  0.7180E-15  0.7910E-15  0.8700E-15  0.9310E-15  0.9410E-15  0.8910E-15  0.8420E-15
  0.1000E+12  0.2150E-28  0.1280E-23  0.6390E-20  0.3260E-17  0.6660E-16  0.3680E-15  0.6330E-15  0.7610E-15  0.8380E-15  0.9210E-15  0.9890E-15  0.1010E-14  0.9620E-15  0.9150E-15
  0.1000E+13  0.2560E-28  0.1390E-23  0.6660E-20  0.3340E-17  0.6760E-16  0.3710E-15  0.6380E-15  0.7660E-15  0.8430E-15  0.9270E-15  0.9950E-15  0.1010E-14  0.9690E-15  0.9230E-15
  0.1000E+14  0.2610E-28  0.1400E-23  0.6690E-20  0.3350E-17  0.6770E-16  0.3720E-15  0.6380E-15  0.7660E-15  0.8430E-15  0.9270E-15  0.9950E-15  0.1010E-14  0.9700E-15  0.9240E-15
  0.1000E+15  0.2610E-28  0.1400E-23  0.6690E-20  0.3350E-17  0.6780E-16  0.3720E-15  0.6380E-15  0.7660E-15  0.8430E-15  0.9280E-15  0.9950E-15  0.1010E-14  0.9700E-15  0.9240E-15
  0.1000E+16  0.2620E-28  0.1410E-23  0.6700E-20  0.3350E-17  0.6780E-16  0.3720E-15  0.6380E-15  0.7660E-15  0.8430E-15  0.9280E-15  0.9950E-15  0.1010E-14  0.9700E-15  0.9240E-15
  0.1000E+17  0.2640E-28  0.1420E-23  0.6760E-20  0.3380E-17  0.6830E-16  0.3740E-15  0.6400E-15  0.7680E-15  0.8440E-15  0.9280E-15  0.9950E-15  0.1010E-14  0.9690E-15  0.9220E-15
WAVELENGTH(A)= 
   355.880
 7 14 t 
excit   
     2.910      4.370      7.280     14.600     29.100     72.800    146.000    218.000    291.000    437.000    728.000   1460.000   2910.000   4370.000 
  0.1000E+11  0.4430E-39  0.1330E-29  0.3600E-22  0.1020E-16  0.4600E-14  0.1440E-12  0.3820E-12  0.4910E-12  0.5390E-12  0.5630E-12  0.5400E-12  0.4560E-12  0.3570E-12  0.3030E-12
  0.1000E+12  0.1140E-38  0.2360E-29  0.4930E-22  0.1230E-16  0.5150E-14  0.1530E-12  0.4000E-12  0.5130E-12  0.5630E-12  0.5880E-12  0.5650E-12  0.4800E-12  0.3790E-12  0.3230E-12
  0.1000E+13  0.1350E-38  0.2560E-29  0.5120E-22  0.1260E-16  0.5220E-14  0.1540E-12  0.4020E-12  0.5160E-12  0.5650E-12  0.5910E-12  0.5680E-12  0.4830E-12  0.3810E-12  0.3250E-12
  0.1000E+14  0.1380E-38  0.2580E-29  0.5140E-22  0.1260E-16  0.5220E-14  0.1540E-12  0.4020E-12  0.5160E-12  0.5650E-12  0.5910E-12  0.5680E-12  0.4830E-12  0.3820E-12  0.3260E-12
  0.1000E+15  0.1380E-38  0.2580E-29  0.5140E-22  0.1260E-16  0.5220E-14  0.1540E-12  0.4020E-12  0.5160E-12  0.5650E-12  0.5910E-12  0.5680E-12  0.4830E-12  0.3810E-12  0.3260E-12
  0.1000E+16  0.1350E-38  0.2530E-29  0.5060E-22  0.1240E-16  0.5160E-14  0.1520E-12  0.3990E-12  0.5120E-12  0.5610E-12  0.5870E-12  0.5650E-12  0.4810E-12  0.3800E-12  0.3250E-12
  0.1000E+17  0.1140E-38  0.2180E-29  0.4450E-22  0.1110E-16  0.4690E-14  0.1400E-12  0.3710E-12  0.4800E-12  0.5280E-12  0.5570E-12  0.5400E-12  0.4650E-12  0.3700E-12  0.3180E-12
WAVELENGTH(A)= 
   417.859
 7 14 t 
excit   
     2.910      4.370      7.280     14.600     29.100     72.800    146.000    218.000    291.000    437.000    728.000   1460.000   2910.000   4370.000 
  0.1000E+11  0.1000E-73  0.4130E-69  0.7280E-62  0.1520E-56  0.5970E-54  0.1800E-52  0.5010E-52  0.6870E-52  0.7990E-52  0.9220E-52  0.1020E-51  0.1070E-51  0.1040E-51  0.9900E-52
  0.1000E+12  0.1000E-73  0.7430E-69  0.1020E-61  0.1880E-56  0.6860E-54  0.1940E-52  0.5330E-52  0.7280E-52  0.8460E-52  0.9760E-52  0.1090E-51  0.1150E-51  0.1120E-51  0.1070E-51
  0.1000E+13  0.1000E-73  0.8080E-69  0.1060E-61  0.1920E-56  0.6960E-54  0.1960E-52  0.5360E-52  0.7320E-52  0.8510E-52  0.9820E-52  0.1090E-51  0.1160E-51  0.1130E-51  0.1080E-51
  0.1000E+14  0.1000E-73  0.8150E-69  0.1070E-61  0.1930E-56  0.6970E-54  0.1960E-52  0.5370E-52  0.7330E-52  0.8510E-52  0.9820E-52  0.1100E-51  0.1160E-51  0.1130E-51  0.1080E-51
  0.1000E+15  0.1000E-73  0.8180E-69  0.1070E-61  0.1940E-56  0.7000E-54  0.1970E-52  0.5380E-52  0.7340E-52  0.8530E-52  0.9840E-52  0.1100E-51  0.1160E-51  0.1130E-51  0.1090E-51
  0.1000E+16  0.1000E-73  0.8390E-69  0.1100E-61  0.2000E-56  0.7240E-54  0.2030E-52  0.5520E-52  0.7500E-52  0.8690E-52  0.9990E-52  0.1110E-51  0.1170E-51  0.1140E-51  0.1090E-51
  0.1000E+17  0.1000E-73  0.1010E-68  0.1390E-61  0.2570E-56  0.9320E-54  0.2550E-52  0.6720E-52  0.8910E-52  0.1010E-51  0.1130E-51  0.1220E-51  0.1240E-51  0.1180E-51  0.1120E-51
WAVELENGTH(A)= 
   478.230
 7 14 t 
excit   
     2.910      4.370      7.280     14.600     29.100     72.800    146.000    218.000    291.000    437.000    728.000   1460.000   2910.000   4370.000 
  0.1000E+11  0.5650E-42  0.1700E-32  0.4590E-25  0.1300E-19  0.5860E-17  0.1830E-15  0.4860E-15  0.6260E-15  0.6860E-15  0.7170E-15  0.6880E-15  0.5820E-15  0.4550E-15  0.3860E-15
  0.1000E+12  0.1450E-41  0.3000E-32  0.6280E-25  0.1570E-19  0.6570E-17  0.1950E-15  0.5100E-15  0.6540E-15  0.7170E-15  0.7500E-15  0.7210E-15  0.6120E-15  0.4830E-15  0.4120E-15
  0.1000E+13  0.1730E-41  0.3260E-32  0.6530E-25  0.1600E-19  0.6650E-17  0.1960E-15  0.5120E-15  0.6570E-15  0.7200E-15  0.7530E-15  0.7240E-15  0.6160E-15  0.4860E-15  0.4150E-15
  0.1000E+14  0.1760E-41  0.3290E-32  0.6550E-25  0.1600E-19  0.6660E-17  0.1960E-15  0.5130E-15  0.6580E-15  0.7210E-15  0.7530E-15  0.7240E-15  0.6160E-15  0.4860E-15  0.4150E-15
  0.1000E+15  0.1760E-41  0.3280E-32  0.6550E-25  0.1600E-19  0.6650E-17  0.1960E-15  0.5120E-15  0.6570E-15  0.7200E-15  0.7530E-15  0.7240E-15  0.6160E-15  0.4860E-15  0.4150E-15
  0.1000E+16  0.1720E-41  0.3230E-32  0.6450E-25  0.1580E-19  0.6580E-17  0.1940E-15  0.5080E-15  0.6530E-15  0.7150E-15  0.7490E-15  0.7210E-15  0.6130E-15  0.4850E-15  0.4140E-15
  0.1000E+17  0.1450E-41  0.2780E-32  0.5680E-25  0.1420E-19  0.5980E-17  0.1790E-15  0.4730E-15  0.6110E-15  0.6730E-15  0.7090E-15  0.6880E-15  0.5920E-15  0.4720E-15  0.4050E-15
WAVELENGTH(A)= 
   597.278
 7 14 t 
excit   
     2.910      4.370      7.280     14.600     29.100     72.800    146.000    218.000    291.000    437.000    728.000   1460.000   2910.000   4370.000 
  0.1000E+11  0.4570E-38  0.7840E-29  0.1380E-21  0.2890E-16  0.1130E-13  0.3420E-12  0.9520E-12  0.1310E-11  0.1520E-11  0.1750E-11  0.1950E-11  0.2040E-11  0.1980E-11  0.1880E-11
  0.1000E+12  0.1190E-37  0.1410E-28  0.1940E-21  0.3570E-16  0.1300E-13  0.3690E-12  0.1010E-11  0.1380E-11  0.1610E-11  0.1850E-11  0.2070E-11  0.2180E-11  0.2130E-11  0.2040E-11
  0.1000E+13  0.1420E-37  0.1530E-28  0.2020E-21  0.3650E-16  0.1320E-13  0.3720E-12  0.1020E-11  0.1390E-11  0.1620E-11  0.1870E-11  0.2080E-11  0.2200E-11  0.2150E-11  0.2060E-11
  0.1000E+14  0.1450E-37  0.1550E-28  0.2030E-21  0.3660E-16  0.1320E-13  0.3730E-12  0.1020E-11  0.1390E-11  0.1620E-11  0.1870E-11  0.2080E-11  0.2200E-11  0.2150E-11  0.2060E-11
  0.1000E+15  0.1450E-37  0.1550E-28  0.2030E-21  0.3680E-16  0.1330E-13  0.3740E-12  0.1020E-11  0.1400E-11  0.1620E-11  0.1870E-11  0.2080E-11  0.2200E-11  0.2150E-11  0.2060E-11
  0.1000E+16  0.1480E-37  0.1590E-28  0.2100E-21  0.3810E-16  0.1380E-13  0.3860E-12  0.1050E-11  0.1430E-11  0.1650E-11  0.1900E-11  0.2110E-11  0.2210E-11  0.2160E-11  0.2070E-11
  0.1000E+17  0.1710E-37  0.1930E-28  0.2640E-21  0.4890E-16  0.1770E-13  0.4840E-12  0.1280E-11  0.1690E-11  0.1930E-11  0.2160E-11  0.2320E-11  0.2360E-11  0.2240E-11  0.2130E-11
WAVELENGTH(A)= 
   707.012
 7 14 t 
excit   
     2.910      4.370      7.280     14.600     29.100     72.800    146.000    218.000    291.000    437.000    728.000   1460.000   2910.000   4370.000 
  0.1000E+11  0.2310E-26  0.1470E-20  0.4580E-16  0.8160E-13  0.2930E-11  0.2080E-10  0.3440E-10  0.3820E-10  0.3900E-10  0.3820E-10  0.3500E-10  0.2850E-10  0.2220E-10  0.1890E-10
  0.1000E+12  0.5960E-26  0.2620E-20  0.6340E-16  0.9940E-13  0.3330E-11  0.2230E-10  0.3630E-10  0.4020E-10  0.4110E-10  0.4020E-10  0.3690E-10  0.3020E-10  0.2380E-10  0.2040E-10
  0.1000E+13  0.7100E-26  0.2850E-20  0.6590E-16  0.1020E-12  0.3380E-11  0.2250E-10  0.3650E-10  0.4050E-10  0.4130E-10  0.4040E-10  0.3710E-10  0.3040E-10  0.2400E-10  0.2050E-10
  0.1000E+14  0.7240E-26  0.2870E-20  0.6620E-16  0.1020E-12  0.3380E-11  0.2250E-10  0.3660E-10  0.4050E-10  0.4130E-10  0.4040E-10  0.3710E-10  0.3050E-10  0.2400E-10  0.2050E-10
  0.1000E+15  0.7260E-26  0.2880E-20  0.6620E-16  0.1020E-12  0.3380E-11  0.2250E-10  0.3660E-10  0.4050E-10  0.4130E-10  0.4040E-10  0.3710E-10  0.3050E-10  0.2400E-10  0.2050E-10
  0.1000E+16  0.7250E-26  0.2870E-20  0.6620E-16  0.1020E-12  0.3380E-11  0.2250E-10  0.3660E-10  0.4050E-10  0.4130E-10  0.4050E-10  0.3720E-10  0.3050E-10  0.2400E-10  0.2060E-10
  0.1000E+17  0.7200E-26  0.2860E-20  0.6580E-16  0.1020E-12  0.3370E-11  0.2240E-10  0.3660E-10  0.4050E-10  0.4130E-10  0.4050E-10  0.3720E-10  0.3050E-10  0.2400E-10  0.2060E-10
WAVELENGTH(A)= 
  1062.830
 7 14 t 
excit   
     2.910      4.370      7.280     14.600     29.100     72.800    146.000    218.000    291.000    437.000    728.000   1460.000   2910.000   4370.000 
  0.1000E+11  0.1410E-09  0.3190E-09  0.4760E-09  0.5640E-09  0.6160E-09  0.6630E-09  0.6780E-09  0.6810E-09  0.6820E-09  0.6820E-09  0.6800E-09  0.6760E-09  0.6690E-09  0.6640E-09
  0.1000E+12  0.3670E-10  0.5750E-10  0.6670E-10  0.7010E-10  0.7110E-10  0.7190E-10  0.7220E-10  0.7230E-10  0.7230E-10  0.7240E-10  0.7240E-10  0.7230E-10  0.7230E-10  0.7220E-10
  0.1000E+13  0.4380E-11  0.6250E-11  0.6950E-11  0.7180E-11  0.7230E-11  0.7260E-11  0.7270E-11  0.7280E-11  0.7280E-11  0.7280E-11  0.7280E-11  0.7280E-11  0.7290E-11  0.7290E-11
  0.1000E+14  0.4470E-12  0.6310E-12  0.6980E-12  0.7200E-12  0.7240E-12  0.7260E-12  0.7280E-12  0.7280E-12  0.7280E-12  0.7280E-12  0.7290E-12  0.7290E-12  0.7290E-12  0.7290E-12
  0.1000E+15  0.4470E-13  0.6310E-13  0.6990E-13  0.7200E-13  0.7240E-13  0.7260E-13  0.7280E-13  0.7280E-13  0.7280E-13  0.7280E-13  0.7290E-13  0.7290E-13  0.7290E-13  0.7290E-13
  0.1000E+16  0.4480E-14  0.6310E-14  0.6990E-14  0.7200E-14  0.7240E-14  0.7260E-14  0.7270E-14  0.7280E-14  0.7280E-14  0.7280E-14  0.7290E-14  0.7290E-14  0.7290E-14  0.7290E-14
  0.1000E+17  0.4480E-15  0.6310E-15  0.6990E-15  0.7200E-15  0.7240E-15  0.7260E-15  0.7270E-15  0.7270E-15  0.7270E-15  0.7270E-15  0.7270E-15  0.7280E-15  0.7280E-15  0.7280E-15
WAVELENGTH(A)= 
  1391.040
 7 14 t 
excit   
     2.910      4.370      7.280     14.600     29.100     72.800    146.000    218.000    291.000    437.000    728.000   1460.000   2910.000   4370.000 
  0.1000E+11  0.2610E-34  0.4040E-26  0.1020E-19  0.4890E-15  0.9120E-13  0.1690E-11  0.3800E-11  0.4640E-11  0.4970E-11  0.5070E-11  0.4780E-11  0.4020E-11  0.3160E-11  0.2700E-11
  0.1000E+12  0.6730E-34  0.7160E-26  0.1400E-19  0.5910E-15  0.1030E-12  0.1800E-11  0.3990E-11  0.4870E-11  0.5210E-11  0.5310E-11  0.5030E-11  0.4250E-11  0.3370E-11  0.2890E-11
  0.1000E+13  0.8010E-34  0.7770E-26  0.1460E-19  0.6040E-15  0.1040E-12  0.1810E-11  0.4010E-11  0.4890E-11  0.5230E-11  0.5340E-11  0.5050E-11  0.4270E-11  0.3390E-11  0.2910E-11
  0.1000E+14  0.8170E-34  0.7840E-26  0.1470E-19  0.6050E-15  0.1040E-12  0.1820E-11  0.4010E-11  0.4890E-11  0.5230E-11  0.5340E-11  0.5050E-11  0.4280E-11  0.3390E-11  0.2910E-11
  0.1000E+15  0.8180E-34  0.7840E-26  0.1470E-19  0.6050E-15  0.1040E-12  0.1820E-11  0.4010E-11  0.4890E-11  0.5230E-11  0.5340E-11  0.5050E-11  0.4280E-11  0.3390E-11  0.2910E-11
  0.1000E+16  0.8130E-34  0.7800E-26  0.1460E-19  0.6040E-15  0.1040E-12  0.1810E-11  0.4010E-11  0.4880E-11  0.5230E-11  0.5330E-11  0.5050E-11  0.4270E-11  0.3390E-11  0.2910E-11
  0.1000E+17  0.7690E-34  0.7440E-26  0.1400E-19  0.5860E-15  0.1010E-12  0.1780E-11  0.3940E-11  0.4810E-11  0.5160E-11  0.5270E-11  0.5000E-11  0.4240E-11  0.3370E-11  0.2900E-11
WAVELENGTH(A)= 
  2399.340
 7 14 t 
excit   
     2.910      4.370      7.280     14.600     29.100     72.800    146.000    218.000    291.000    437.000    728.000   1460.000   2910.000   4370.000 
  0.1000E+11  0.9940E-39  0.2990E-29  0.8080E-22  0.2290E-16  0.1030E-13  0.3220E-12  0.8550E-12  0.1100E-11  0.1210E-11  0.1260E-11  0.1210E-11  0.1020E-11  0.8000E-12  0.6780E-12
  0.1000E+12  0.2550E-38  0.5280E-29  0.1100E-21  0.2760E-16  0.1150E-13  0.3420E-12  0.8960E-12  0.1150E-11  0.1260E-11  0.1320E-11  0.1270E-11  0.1080E-11  0.8490E-12  0.7240E-12
  0.1000E+13  0.3040E-38  0.5730E-29  0.1150E-21  0.2820E-16  0.1170E-13  0.3440E-12  0.9010E-12  0.1160E-11  0.1270E-11  0.1320E-11  0.1270E-11  0.1080E-11  0.8540E-12  0.7290E-12
  0.1000E+14  0.3090E-38  0.5780E-29  0.1150E-21  0.2820E-16  0.1170E-13  0.3450E-12  0.9010E-12  0.1160E-11  0.1270E-11  0.1320E-11  0.1270E-11  0.1080E-11  0.8550E-12  0.7300E-12
  0.1000E+15  0.3090E-38  0.5770E-29  0.1150E-21  0.2820E-16  0.1170E-13  0.3440E-12  0.9010E-12  0.1160E-11  0.1270E-11  0.1320E-11  0.1270E-11  0.1080E-11  0.8550E-12  0.7300E-12
  0.1000E+16  0.3030E-38  0.5670E-29  0.1130E-21  0.2780E-16  0.1160E-13  0.3410E-12  0.8930E-12  0.1150E-11  0.1260E-11  0.1320E-11  0.1270E-11  0.1080E-11  0.8520E-12  0.7280E-12
  0.1000E+17  0.2550E-38  0.4890E-29  0.9980E-22  0.2500E-16  0.1050E-13  0.3140E-12  0.8320E-12  0.1070E-11  0.1180E-11  0.1250E-11  0.1210E-11  0.1040E-11  0.8300E-12  0.7120E-12
WAVELENGTH(A)= 
  3583.430
 7 14 t 
excit   
     2.910      4.370      7.280     14.600     29.100     72.800    146.000    218.000    291.000    437.000    728.000   1460.000   2910.000   4370.000 
  0.1000E+11  0.5560E-36  0.5460E-30  0.2460E-25  0.5980E-22  0.2440E-20  0.1710E-19  0.2780E-19  0.3070E-19  0.3130E-19  0.3090E-19  0.2880E-19  0.2490E-19  0.2100E-19  0.1900E-19
  0.1000E+12  0.1210E-35  0.7900E-30  0.2630E-25  0.5300E-22  0.2010E-20  0.1420E-19  0.2310E-19  0.2550E-19  0.2580E-19  0.2510E-19  0.2280E-19  0.1870E-19  0.1470E-19  0.1260E-19
  0.1000E+13  0.1410E-35  0.8380E-30  0.2660E-25  0.5220E-22  0.1960E-20  0.1380E-19  0.2260E-19  0.2490E-19  0.2520E-19  0.2440E-19  0.2210E-19  0.1800E-19  0.1400E-19  0.1190E-19
  0.1000E+14  0.1430E-35  0.8430E-30  0.2660E-25  0.5210E-22  0.1960E-20  0.1380E-19  0.2260E-19  0.2490E-19  0.2520E-19  0.2440E-19  0.2210E-19  0.1800E-19  0.1390E-19  0.1190E-19
  0.1000E+15  0.1440E-35  0.8440E-30  0.2660E-25  0.5210E-22  0.1960E-20  0.1380E-19  0.2260E-19  0.2490E-19  0.2520E-19  0.2440E-19  0.2210E-19  0.1800E-19  0.1390E-19  0.1190E-19
  0.1000E+16  0.1440E-35  0.8460E-30  0.2670E-25  0.5220E-22  0.1960E-20  0.1380E-19  0.2260E-19  0.2490E-19  0.2520E-19  0.2440E-19  0.2210E-19  0.1800E-19  0.1390E-19  0.1190E-19
  0.1000E+17  0.1470E-35  0.8630E-30  0.2710E-25  0.5280E-22  0.1980E-20  0.1390E-19  0.2280E-19  0.2500E-19  0.2530E-19  0.2460E-19  0.2220E-19  0.1810E-19  0.1400E-19  0.1190E-19
