 50  7 14
WAVELENGTH(A)= 
    49.029
 7 14 t 
excit   
     3.380      5.070      8.440     16.900     33.800     84.400    169.000    253.000    338.000    507.000    844.000   1690.000   3380.000   5070.000 
  0.1000E+11  0.1700E-41  0.9480E-31  0.3410E-22  0.7620E-16  0.1100E-12  0.9360E-11  0.3870E-10  0.5960E-10  0.7260E-10  0.8660E-10  0.9630E-10  0.9920E-10  0.9400E-10  0.8900E-10
  0.1000E+12  0.1670E-41  0.9330E-31  0.3210E-22  0.6200E-16  0.8680E-13  0.7500E-11  0.3110E-10  0.4800E-10  0.5830E-10  0.6920E-10  0.7640E-10  0.7780E-10  0.7300E-10  0.6870E-10
  0.1000E+13  0.1550E-41  0.8400E-31  0.2630E-22  0.5350E-16  0.8030E-13  0.7130E-11  0.2970E-10  0.4580E-10  0.5550E-10  0.6580E-10  0.7230E-10  0.7310E-10  0.6790E-10  0.6340E-10
  0.1000E+14  0.1310E-41  0.6960E-31  0.2360E-22  0.5220E-16  0.7950E-13  0.7070E-11  0.2950E-10  0.4540E-10  0.5510E-10  0.6520E-10  0.7170E-10  0.7240E-10  0.6710E-10  0.6270E-10
  0.1000E+15  0.1230E-41  0.6570E-31  0.2320E-22  0.5200E-16  0.7940E-13  0.7060E-11  0.2940E-10  0.4530E-10  0.5500E-10  0.6510E-10  0.7150E-10  0.7220E-10  0.6700E-10  0.6250E-10
  0.1000E+16  0.1220E-41  0.6540E-31  0.2320E-22  0.5200E-16  0.7920E-13  0.7030E-11  0.2930E-10  0.4510E-10  0.5470E-10  0.6470E-10  0.7120E-10  0.7190E-10  0.6680E-10  0.6230E-10
  0.1000E+17  0.1240E-41  0.6610E-31  0.2330E-22  0.5160E-16  0.7710E-13  0.6720E-11  0.2780E-10  0.4280E-10  0.5210E-10  0.6180E-10  0.6830E-10  0.6940E-10  0.6490E-10  0.6080E-10
WAVELENGTH(A)= 
    49.643
 7 14 t 
excit   
     3.380      5.070      8.440     16.900     33.800     84.400    169.000    253.000    338.000    507.000    844.000   1690.000   3380.000   5070.000 
  0.1000E+11  0.4830E-41  0.2000E-30  0.5660E-22  0.1010E-15  0.1130E-12  0.6490E-11  0.2300E-10  0.3430E-10  0.4150E-10  0.4990E-10  0.5770E-10  0.6360E-10  0.6490E-10  0.6380E-10
  0.1000E+12  0.4800E-41  0.1970E-30  0.5330E-22  0.8270E-16  0.8930E-13  0.5250E-11  0.1880E-10  0.2800E-10  0.3370E-10  0.4030E-10  0.4630E-10  0.5040E-10  0.5090E-10  0.4980E-10
  0.1000E+13  0.4460E-41  0.1770E-30  0.4380E-22  0.7170E-16  0.8290E-13  0.5000E-11  0.1790E-10  0.2670E-10  0.3210E-10  0.3840E-10  0.4390E-10  0.4750E-10  0.4750E-10  0.4610E-10
  0.1000E+14  0.3780E-41  0.1480E-30  0.3940E-22  0.7000E-16  0.8210E-13  0.4970E-11  0.1780E-10  0.2650E-10  0.3190E-10  0.3810E-10  0.4360E-10  0.4700E-10  0.4700E-10  0.4550E-10
  0.1000E+15  0.3560E-41  0.1400E-30  0.3880E-22  0.6980E-16  0.8200E-13  0.4960E-11  0.1780E-10  0.2650E-10  0.3180E-10  0.3800E-10  0.4350E-10  0.4690E-10  0.4680E-10  0.4540E-10
  0.1000E+16  0.3530E-41  0.1390E-30  0.3880E-22  0.6970E-16  0.8170E-13  0.4930E-11  0.1770E-10  0.2630E-10  0.3170E-10  0.3780E-10  0.4330E-10  0.4670E-10  0.4670E-10  0.4530E-10
  0.1000E+17  0.3570E-41  0.1400E-30  0.3880E-22  0.6880E-16  0.7930E-13  0.4700E-11  0.1680E-10  0.2500E-10  0.3000E-10  0.3600E-10  0.4140E-10  0.4500E-10  0.4530E-10  0.4410E-10
WAVELENGTH(A)= 
    50.765
 7 14 t 
excit   
     3.380      5.070      8.440     16.900     33.800     84.400    169.000    253.000    338.000    507.000    844.000   1690.000   3380.000   5070.000 
  0.1000E+11  0.1670E-40  0.3990E-30  0.7280E-22  0.9490E-16  0.9220E-13  0.5300E-11  0.1930E-10  0.2890E-10  0.3490E-10  0.4170E-10  0.4730E-10  0.5070E-10  0.5030E-10  0.4880E-10
  0.1000E+12  0.1650E-40  0.3930E-30  0.6850E-22  0.7730E-16  0.7300E-13  0.4300E-11  0.1580E-10  0.2360E-10  0.2850E-10  0.3390E-10  0.3810E-10  0.4040E-10  0.3960E-10  0.3810E-10
  0.1000E+13  0.1530E-40  0.3540E-30  0.5620E-22  0.6680E-16  0.6770E-13  0.4100E-11  0.1510E-10  0.2260E-10  0.2720E-10  0.3230E-10  0.3620E-10  0.3810E-10  0.3700E-10  0.3540E-10
  0.1000E+14  0.1300E-40  0.2940E-30  0.5050E-22  0.6520E-16  0.6710E-13  0.4070E-11  0.1500E-10  0.2240E-10  0.2700E-10  0.3210E-10  0.3590E-10  0.3770E-10  0.3660E-10  0.3500E-10
  0.1000E+15  0.1220E-40  0.2780E-30  0.4970E-22  0.6510E-16  0.6700E-13  0.4060E-11  0.1500E-10  0.2240E-10  0.2700E-10  0.3200E-10  0.3590E-10  0.3760E-10  0.3650E-10  0.3490E-10
  0.1000E+16  0.1210E-40  0.2770E-30  0.4960E-22  0.6500E-16  0.6680E-13  0.4040E-11  0.1490E-10  0.2230E-10  0.2680E-10  0.3190E-10  0.3570E-10  0.3750E-10  0.3640E-10  0.3480E-10
  0.1000E+17  0.1230E-40  0.2800E-30  0.5000E-22  0.6450E-16  0.6510E-13  0.3860E-11  0.1410E-10  0.2110E-10  0.2550E-10  0.3040E-10  0.3420E-10  0.3610E-10  0.3530E-10  0.3390E-10
WAVELENGTH(A)= 
    52.383
 7 14 t 
excit   
     3.380      5.070      8.440     16.900     33.800     84.400    169.000    253.000    338.000    507.000    844.000   1690.000   3380.000   5070.000 
  0.1000E+11  0.2680E-39  0.3050E-29  0.3050E-21  0.2530E-15  0.1870E-12  0.8150E-11  0.2620E-10  0.3800E-10  0.4530E-10  0.5410E-10  0.6200E-10  0.6830E-10  0.6960E-10  0.6840E-10
  0.1000E+12  0.2650E-39  0.3000E-29  0.2870E-21  0.2060E-15  0.1470E-12  0.6520E-11  0.2110E-10  0.3050E-10  0.3630E-10  0.4320E-10  0.4910E-10  0.5350E-10  0.5400E-10  0.5270E-10
  0.1000E+13  0.2470E-39  0.2700E-29  0.2350E-21  0.1780E-15  0.1360E-12  0.6200E-11  0.2010E-10  0.2910E-10  0.3460E-10  0.4100E-10  0.4650E-10  0.5020E-10  0.5020E-10  0.4860E-10
  0.1000E+14  0.2080E-39  0.2240E-29  0.2110E-21  0.1730E-15  0.1350E-12  0.6150E-11  0.2000E-10  0.2890E-10  0.3430E-10  0.4070E-10  0.4610E-10  0.4970E-10  0.4960E-10  0.4810E-10
  0.1000E+15  0.1950E-39  0.2110E-29  0.2080E-21  0.1730E-15  0.1340E-12  0.6140E-11  0.1990E-10  0.2880E-10  0.3420E-10  0.4060E-10  0.4600E-10  0.4960E-10  0.4950E-10  0.4790E-10
  0.1000E+16  0.1930E-39  0.2100E-29  0.2070E-21  0.1720E-15  0.1340E-12  0.6110E-11  0.1980E-10  0.2870E-10  0.3410E-10  0.4040E-10  0.4580E-10  0.4940E-10  0.4940E-10  0.4780E-10
  0.1000E+17  0.1970E-39  0.2130E-29  0.2080E-21  0.1710E-15  0.1310E-12  0.5860E-11  0.1900E-10  0.2740E-10  0.3260E-10  0.3870E-10  0.4410E-10  0.4780E-10  0.4800E-10  0.4670E-10
WAVELENGTH(A)= 
    54.170
 7 14 t 
excit   
     3.380      5.070      8.440     16.900     33.800     84.400    169.000    253.000    338.000    507.000    844.000   1690.000   3380.000   5070.000 
  0.1000E+11  0.3530E-40  0.2940E-30  0.7410E-22  0.2760E-15  0.4090E-12  0.2320E-10  0.7470E-10  0.1040E-09  0.1180E-09  0.1300E-09  0.1320E-09  0.1200E-09  0.9850E-10  0.8510E-10
  0.1000E+12  0.3390E-39  0.2800E-29  0.6030E-21  0.1130E-14  0.9650E-12  0.4190E-10  0.1280E-09  0.1780E-09  0.2040E-09  0.2290E-09  0.2410E-09  0.2330E-09  0.2090E-09  0.1910E-09
  0.1000E+13  0.2500E-38  0.1870E-28  0.2100E-20  0.1630E-14  0.1120E-11  0.4560E-10  0.1380E-09  0.1910E-09  0.2200E-09  0.2480E-09  0.2620E-09  0.2570E-09  0.2350E-09  0.2180E-09
  0.1000E+14  0.6930E-38  0.4320E-28  0.2800E-20  0.1710E-14  0.1130E-11  0.4590E-10  0.1390E-09  0.1920E-09  0.2210E-09  0.2490E-09  0.2640E-09  0.2590E-09  0.2370E-09  0.2200E-09
  0.1000E+15  0.8420E-38  0.4970E-28  0.2900E-20  0.1720E-14  0.1130E-11  0.4590E-10  0.1390E-09  0.1920E-09  0.2210E-09  0.2490E-09  0.2640E-09  0.2590E-09  0.2370E-09  0.2200E-09
  0.1000E+16  0.8600E-38  0.5050E-28  0.2910E-20  0.1720E-14  0.1130E-11  0.4560E-10  0.1380E-09  0.1910E-09  0.2190E-09  0.2470E-09  0.2620E-09  0.2580E-09  0.2360E-09  0.2200E-09
  0.1000E+17  0.8630E-38  0.5070E-28  0.2910E-20  0.1700E-14  0.1100E-11  0.4360E-10  0.1310E-09  0.1820E-09  0.2090E-09  0.2360E-09  0.2510E-09  0.2490E-09  0.2300E-09  0.2140E-09
WAVELENGTH(A)= 
    56.497
 7 14 t 
excit   
     3.380      5.070      8.440     16.900     33.800     84.400    169.000    253.000    338.000    507.000    844.000   1690.000   3380.000   5070.000 
  0.1000E+11  0.5350E-36  0.1110E-26  0.2870E-19  0.8520E-14  0.3720E-11  0.1130E-09  0.3080E-09  0.4140E-09  0.4680E-09  0.5210E-09  0.5510E-09  0.5430E-09  0.5040E-09  0.4730E-09
  0.1000E+12  0.5310E-36  0.1090E-26  0.2710E-19  0.7050E-14  0.3000E-11  0.9240E-10  0.2540E-09  0.3400E-09  0.3840E-09  0.4260E-09  0.4470E-09  0.4360E-09  0.4010E-09  0.3750E-09
  0.1000E+13  0.4980E-36  0.9970E-27  0.2270E-19  0.6180E-14  0.2800E-11  0.8830E-10  0.2430E-09  0.3260E-09  0.3680E-09  0.4070E-09  0.4260E-09  0.4130E-09  0.3760E-09  0.3490E-09
  0.1000E+14  0.4310E-36  0.8460E-27  0.2060E-19  0.6050E-14  0.2770E-11  0.8770E-10  0.2410E-09  0.3240E-09  0.3650E-09  0.4040E-09  0.4220E-09  0.4090E-09  0.3720E-09  0.3450E-09
  0.1000E+15  0.4080E-36  0.8060E-27  0.2030E-19  0.6040E-14  0.2770E-11  0.8750E-10  0.2410E-09  0.3230E-09  0.3640E-09  0.4030E-09  0.4210E-09  0.4080E-09  0.3710E-09  0.3440E-09
  0.1000E+16  0.4050E-36  0.8010E-27  0.2030E-19  0.6030E-14  0.2760E-11  0.8710E-10  0.2400E-09  0.3210E-09  0.3620E-09  0.4010E-09  0.4190E-09  0.4060E-09  0.3700E-09  0.3430E-09
  0.1000E+17  0.4060E-36  0.8010E-27  0.2020E-19  0.5940E-14  0.2670E-11  0.8280E-10  0.2270E-09  0.3040E-09  0.3430E-09  0.3810E-09  0.4000E-09  0.3910E-09  0.3590E-09  0.3340E-09
WAVELENGTH(A)= 
   137.480
 7 14 t 
excit   
     3.380      5.070      8.440     16.900     33.800     84.400    169.000    253.000    338.000    507.000    844.000   1690.000   3380.000   5070.000 
  0.1000E+11  0.7560E-27  0.6490E-21  0.3290E-16  0.9180E-13  0.3860E-11  0.2870E-10  0.4820E-10  0.5400E-10  0.5560E-10  0.5490E-10  0.5090E-10  0.4270E-10  0.3380E-10  0.2930E-10
  0.1000E+12  0.7480E-27  0.6390E-21  0.3090E-16  0.7460E-13  0.3040E-11  0.2290E-10  0.3870E-10  0.4340E-10  0.4450E-10  0.4370E-10  0.4020E-10  0.3340E-10  0.2620E-10  0.2260E-10
  0.1000E+13  0.6950E-27  0.5750E-21  0.2530E-16  0.6440E-13  0.2820E-11  0.2180E-10  0.3690E-10  0.4140E-10  0.4240E-10  0.4150E-10  0.3810E-10  0.3130E-10  0.2440E-10  0.2080E-10
  0.1000E+14  0.5860E-27  0.4760E-21  0.2270E-16  0.6280E-13  0.2790E-11  0.2160E-10  0.3660E-10  0.4100E-10  0.4200E-10  0.4120E-10  0.3770E-10  0.3100E-10  0.2410E-10  0.2050E-10
  0.1000E+15  0.5490E-27  0.4500E-21  0.2240E-16  0.6270E-13  0.2780E-11  0.2160E-10  0.3660E-10  0.4100E-10  0.4190E-10  0.4110E-10  0.3770E-10  0.3100E-10  0.2400E-10  0.2050E-10
  0.1000E+16  0.5450E-27  0.4470E-21  0.2230E-16  0.6260E-13  0.2780E-11  0.2150E-10  0.3640E-10  0.4070E-10  0.4170E-10  0.4090E-10  0.3750E-10  0.3080E-10  0.2400E-10  0.2040E-10
  0.1000E+17  0.5510E-27  0.4510E-21  0.2240E-16  0.6190E-13  0.2700E-11  0.2050E-10  0.3460E-10  0.3870E-10  0.3970E-10  0.3910E-10  0.3600E-10  0.2990E-10  0.2340E-10  0.2000E-10
WAVELENGTH(A)= 
   154.557
 7 14 t 
excit   
     3.380      5.070      8.440     16.900     33.800     84.400    169.000    253.000    338.000    507.000    844.000   1690.000   3380.000   5070.000 
  0.1000E+11  0.4620E-22  0.1040E-17  0.2860E-14  0.9250E-12  0.1520E-10  0.7040E-10  0.1000E-09  0.1050E-09  0.1040E-09  0.9880E-10  0.8760E-10  0.7040E-10  0.5440E-10  0.4620E-10
  0.1000E+12  0.4580E-22  0.1030E-17  0.2690E-14  0.7660E-12  0.1270E-10  0.6160E-10  0.8900E-10  0.9380E-10  0.9300E-10  0.8790E-10  0.7790E-10  0.6240E-10  0.4800E-10  0.4080E-10
  0.1000E+13  0.4280E-22  0.9290E-18  0.2230E-14  0.6720E-12  0.1200E-10  0.5980E-10  0.8680E-10  0.9150E-10  0.9070E-10  0.8580E-10  0.7590E-10  0.6060E-10  0.4650E-10  0.3940E-10
  0.1000E+14  0.3660E-22  0.7790E-18  0.2020E-14  0.6580E-12  0.1190E-10  0.5950E-10  0.8640E-10  0.9110E-10  0.9030E-10  0.8530E-10  0.7550E-10  0.6030E-10  0.4620E-10  0.3910E-10
  0.1000E+15  0.3450E-22  0.7410E-18  0.1990E-14  0.6570E-12  0.1190E-10  0.5950E-10  0.8630E-10  0.9100E-10  0.9020E-10  0.8520E-10  0.7540E-10  0.6020E-10  0.4620E-10  0.3910E-10
  0.1000E+16  0.3500E-22  0.7480E-18  0.2010E-14  0.6610E-12  0.1200E-10  0.5950E-10  0.8620E-10  0.9090E-10  0.9010E-10  0.8520E-10  0.7530E-10  0.6020E-10  0.4620E-10  0.3910E-10
  0.1000E+17  0.4250E-22  0.8710E-18  0.2230E-14  0.7030E-12  0.1230E-10  0.5970E-10  0.8580E-10  0.9030E-10  0.8960E-10  0.8470E-10  0.7510E-10  0.6030E-10  0.4630E-10  0.3930E-10
WAVELENGTH(A)= 
   215.469
 7 14 t 
excit   
     3.380      5.070      8.440     16.900     33.800     84.400    169.000    253.000    338.000    507.000    844.000   1690.000   3380.000   5070.000 
  0.1000E+11  0.9620E-22  0.1890E-17  0.4630E-14  0.1330E-11  0.1800E-10  0.6650E-10  0.8800E-10  0.8990E-10  0.8760E-10  0.8190E-10  0.7150E-10  0.5680E-10  0.4360E-10  0.3700E-10
  0.1000E+12  0.9530E-22  0.1860E-17  0.4360E-14  0.1080E-11  0.1410E-10  0.5320E-10  0.7070E-10  0.7220E-10  0.7010E-10  0.6520E-10  0.5650E-10  0.4440E-10  0.3370E-10  0.2850E-10
  0.1000E+13  0.8850E-22  0.1670E-17  0.3570E-14  0.9360E-12  0.1310E-10  0.5060E-10  0.6740E-10  0.6880E-10  0.6670E-10  0.6190E-10  0.5350E-10  0.4160E-10  0.3130E-10  0.2630E-10
  0.1000E+14  0.7460E-22  0.1380E-17  0.3200E-14  0.9130E-12  0.1300E-10  0.5020E-10  0.6690E-10  0.6830E-10  0.6620E-10  0.6150E-10  0.5300E-10  0.4130E-10  0.3100E-10  0.2600E-10
  0.1000E+15  0.7000E-22  0.1310E-17  0.3150E-14  0.9110E-12  0.1290E-10  0.5010E-10  0.6690E-10  0.6820E-10  0.6610E-10  0.6140E-10  0.5300E-10  0.4120E-10  0.3090E-10  0.2590E-10
  0.1000E+16  0.6970E-22  0.1300E-17  0.3150E-14  0.9120E-12  0.1290E-10  0.5000E-10  0.6670E-10  0.6800E-10  0.6600E-10  0.6120E-10  0.5290E-10  0.4110E-10  0.3090E-10  0.2590E-10
  0.1000E+17  0.7330E-22  0.1360E-17  0.3240E-14  0.9200E-12  0.1280E-10  0.4910E-10  0.6520E-10  0.6660E-10  0.6470E-10  0.6020E-10  0.5220E-10  0.4080E-10  0.3080E-10  0.2580E-10
WAVELENGTH(A)= 
   219.088
 7 14 t 
excit   
     3.380      5.070      8.440     16.900     33.800     84.400    169.000    253.000    338.000    507.000    844.000   1690.000   3380.000   5070.000 
  0.1000E+11  0.1640E-21  0.2920E-17  0.6660E-14  0.1810E-11  0.2400E-10  0.9020E-10  0.1200E-09  0.1240E-09  0.1210E-09  0.1130E-09  0.9940E-10  0.7930E-10  0.6110E-10  0.5210E-10
  0.1000E+12  0.1620E-21  0.2870E-17  0.6260E-14  0.1470E-11  0.1890E-10  0.7210E-10  0.9660E-10  0.9930E-10  0.9690E-10  0.9030E-10  0.7860E-10  0.6200E-10  0.4730E-10  0.4010E-10
  0.1000E+13  0.1510E-21  0.2590E-17  0.5120E-14  0.1270E-11  0.1750E-10  0.6850E-10  0.9210E-10  0.9470E-10  0.9220E-10  0.8570E-10  0.7430E-10  0.5820E-10  0.4400E-10  0.3700E-10
  0.1000E+14  0.1270E-21  0.2140E-17  0.4600E-14  0.1240E-11  0.1730E-10  0.6800E-10  0.9150E-10  0.9400E-10  0.9150E-10  0.8510E-10  0.7370E-10  0.5770E-10  0.4350E-10  0.3660E-10
  0.1000E+15  0.1190E-21  0.2030E-17  0.4530E-14  0.1240E-11  0.1730E-10  0.6820E-10  0.9170E-10  0.9420E-10  0.9180E-10  0.8530E-10  0.7390E-10  0.5770E-10  0.4350E-10  0.3660E-10
  0.1000E+16  0.1210E-21  0.2060E-17  0.4590E-14  0.1250E-11  0.1770E-10  0.7030E-10  0.9490E-10  0.9760E-10  0.9510E-10  0.8830E-10  0.7640E-10  0.5950E-10  0.4470E-10  0.3750E-10
  0.1000E+17  0.1570E-21  0.2540E-17  0.5390E-14  0.1430E-11  0.2070E-10  0.8790E-10  0.1210E-09  0.1260E-09  0.1230E-09  0.1140E-09  0.9760E-10  0.7500E-10  0.5510E-10  0.4560E-10
WAVELENGTH(A)= 
   232.916
 7 14 t 
excit   
     3.380      5.070      8.440     16.900     33.800     84.400    169.000    253.000    338.000    507.000    844.000   1690.000   3380.000   5070.000 
  0.1000E+11  0.8300E-22  0.1790E-17  0.4770E-14  0.1440E-11  0.2000E-10  0.7590E-10  0.1010E-09  0.1040E-09  0.1020E-09  0.9490E-10  0.8320E-10  0.6590E-10  0.5080E-10  0.4290E-10
  0.1000E+12  0.8220E-22  0.1760E-17  0.4480E-14  0.1170E-11  0.1570E-10  0.6070E-10  0.8110E-10  0.8320E-10  0.8160E-10  0.7570E-10  0.6590E-10  0.5160E-10  0.3940E-10  0.3310E-10
  0.1000E+13  0.7640E-22  0.1580E-17  0.3670E-14  0.1010E-11  0.1460E-10  0.5770E-10  0.7730E-10  0.7930E-10  0.7770E-10  0.7190E-10  0.6240E-10  0.4840E-10  0.3660E-10  0.3050E-10
  0.1000E+14  0.6440E-22  0.1310E-17  0.3290E-14  0.9860E-12  0.1440E-10  0.5730E-10  0.7670E-10  0.7860E-10  0.7700E-10  0.7130E-10  0.6180E-10  0.4800E-10  0.3620E-10  0.3020E-10
  0.1000E+15  0.6040E-22  0.1240E-17  0.3240E-14  0.9840E-12  0.1440E-10  0.5720E-10  0.7660E-10  0.7850E-10  0.7690E-10  0.7120E-10  0.6170E-10  0.4790E-10  0.3610E-10  0.3010E-10
  0.1000E+16  0.6010E-22  0.1230E-17  0.3240E-14  0.9830E-12  0.1440E-10  0.5690E-10  0.7620E-10  0.7810E-10  0.7650E-10  0.7080E-10  0.6140E-10  0.4770E-10  0.3600E-10  0.3000E-10
  0.1000E+17  0.6190E-22  0.1260E-17  0.3290E-14  0.9830E-12  0.1410E-10  0.5480E-10  0.7290E-10  0.7470E-10  0.7330E-10  0.6810E-10  0.5930E-10  0.4640E-10  0.3520E-10  0.2950E-10
WAVELENGTH(A)= 
   233.820
 7 14 t 
excit   
     3.380      5.070      8.440     16.900     33.800     84.400    169.000    253.000    338.000    507.000    844.000   1690.000   3380.000   5070.000 
  0.1000E+11  0.7460E-22  0.1630E-17  0.4410E-14  0.1400E-11  0.2050E-10  0.8070E-10  0.1090E-09  0.1110E-09  0.1090E-09  0.1010E-09  0.8760E-10  0.6880E-10  0.5210E-10  0.4370E-10
  0.1000E+12  0.7460E-22  0.1630E-17  0.4330E-14  0.1300E-11  0.1880E-10  0.7410E-10  0.1000E-09  0.1020E-09  0.9980E-10  0.9220E-10  0.7990E-10  0.6240E-10  0.4700E-10  0.3930E-10
  0.1000E+13  0.7460E-22  0.1600E-17  0.4090E-14  0.1240E-11  0.1830E-10  0.7280E-10  0.9820E-10  0.1000E-09  0.9800E-10  0.9040E-10  0.7820E-10  0.6090E-10  0.4570E-10  0.3820E-10
  0.1000E+14  0.7470E-22  0.1550E-17  0.3980E-14  0.1230E-11  0.1820E-10  0.7250E-10  0.9780E-10  0.9990E-10  0.9750E-10  0.9000E-10  0.7780E-10  0.6060E-10  0.4550E-10  0.3790E-10
  0.1000E+15  0.7480E-22  0.1540E-17  0.3970E-14  0.1230E-11  0.1820E-10  0.7240E-10  0.9760E-10  0.9970E-10  0.9730E-10  0.8980E-10  0.7770E-10  0.6050E-10  0.4540E-10  0.3790E-10
  0.1000E+16  0.7510E-22  0.1540E-17  0.3980E-14  0.1230E-11  0.1820E-10  0.7210E-10  0.9720E-10  0.9930E-10  0.9690E-10  0.8940E-10  0.7740E-10  0.6030E-10  0.4530E-10  0.3780E-10
  0.1000E+17  0.7780E-22  0.1590E-17  0.4060E-14  0.1230E-11  0.1790E-10  0.6960E-10  0.9330E-10  0.9530E-10  0.9310E-10  0.8620E-10  0.7490E-10  0.5880E-10  0.4440E-10  0.3720E-10
WAVELENGTH(A)= 
   234.058
 7 14 t 
excit   
     3.380      5.070      8.440     16.900     33.800     84.400    169.000    253.000    338.000    507.000    844.000   1690.000   3380.000   5070.000 
  0.1000E+11  0.8630E-24  0.2310E-19  0.1230E-15  0.1700E-12  0.5640E-11  0.3290E-10  0.4800E-10  0.4970E-10  0.4850E-10  0.4420E-10  0.3690E-10  0.2670E-10  0.1820E-10  0.1430E-10
  0.1000E+12  0.2510E-23  0.7550E-19  0.6360E-15  0.6380E-12  0.1290E-10  0.5830E-10  0.8100E-10  0.8380E-10  0.8220E-10  0.7630E-10  0.6590E-10  0.5080E-10  0.3730E-10  0.3080E-10
  0.1000E+13  0.1430E-22  0.4080E-18  0.2090E-14  0.9150E-12  0.1490E-10  0.6320E-10  0.8710E-10  0.9000E-10  0.8840E-10  0.8230E-10  0.7160E-10  0.5590E-10  0.4190E-10  0.3500E-10
  0.1000E+14  0.3830E-22  0.9220E-18  0.2770E-14  0.9580E-12  0.1510E-10  0.6370E-10  0.8750E-10  0.9050E-10  0.8880E-10  0.8280E-10  0.7200E-10  0.5630E-10  0.4230E-10  0.3540E-10
  0.1000E+15  0.4650E-22  0.1060E-17  0.2860E-14  0.9620E-12  0.1510E-10  0.6370E-10  0.8750E-10  0.9040E-10  0.8880E-10  0.8270E-10  0.7200E-10  0.5630E-10  0.4230E-10  0.3540E-10
  0.1000E+16  0.4760E-22  0.1080E-17  0.2880E-14  0.9630E-12  0.1510E-10  0.6340E-10  0.8710E-10  0.9000E-10  0.8840E-10  0.8240E-10  0.7170E-10  0.5620E-10  0.4220E-10  0.3540E-10
  0.1000E+17  0.4950E-22  0.1110E-17  0.2950E-14  0.9680E-12  0.1490E-10  0.6140E-10  0.8390E-10  0.8670E-10  0.8520E-10  0.7960E-10  0.6960E-10  0.5480E-10  0.4150E-10  0.3480E-10
WAVELENGTH(A)= 
   234.773
 7 14 t 
excit   
     3.380      5.070      8.440     16.900     33.800     84.400    169.000    253.000    338.000    507.000    844.000   1690.000   3380.000   5070.000 
  0.1000E+11  0.1410E-21  0.2900E-17  0.7440E-14  0.2210E-11  0.3020E-10  0.1130E-09  0.1500E-09  0.1540E-09  0.1500E-09  0.1400E-09  0.1230E-09  0.9740E-10  0.7480E-10  0.6370E-10
  0.1000E+12  0.1390E-21  0.2860E-17  0.7000E-14  0.1800E-11  0.2380E-10  0.9110E-10  0.1210E-09  0.1240E-09  0.1210E-09  0.1120E-09  0.9750E-10  0.7660E-10  0.5830E-10  0.4940E-10
  0.1000E+13  0.1300E-21  0.2580E-17  0.5750E-14  0.1550E-11  0.2210E-10  0.8660E-10  0.1160E-09  0.1180E-09  0.1150E-09  0.1070E-09  0.9240E-10  0.7200E-10  0.5420E-10  0.4560E-10
  0.1000E+14  0.1100E-21  0.2140E-17  0.5170E-14  0.1520E-11  0.2190E-10  0.8600E-10  0.1150E-09  0.1170E-09  0.1140E-09  0.1060E-09  0.9160E-10  0.7130E-10  0.5370E-10  0.4510E-10
  0.1000E+15  0.1030E-21  0.2030E-17  0.5090E-14  0.1510E-11  0.2180E-10  0.8590E-10  0.1140E-09  0.1170E-09  0.1140E-09  0.1060E-09  0.9140E-10  0.7120E-10  0.5350E-10  0.4500E-10
  0.1000E+16  0.1030E-21  0.2020E-17  0.5090E-14  0.1510E-11  0.2180E-10  0.8550E-10  0.1140E-09  0.1170E-09  0.1140E-09  0.1050E-09  0.9110E-10  0.7100E-10  0.5340E-10  0.4490E-10
  0.1000E+17  0.1070E-21  0.2080E-17  0.5200E-14  0.1520E-11  0.2150E-10  0.8270E-10  0.1100E-09  0.1120E-09  0.1090E-09  0.1020E-09  0.8840E-10  0.6930E-10  0.5250E-10  0.4430E-10
WAVELENGTH(A)= 
   234.775
 7 14 t 
excit   
     3.380      5.070      8.440     16.900     33.800     84.400    169.000    253.000    338.000    507.000    844.000   1690.000   3380.000   5070.000 
  0.1000E+11  0.4540E-15  0.6850E-13  0.3560E-11  0.7120E-10  0.3200E-09  0.6900E-09  0.8010E-09  0.8050E-09  0.7850E-09  0.7380E-09  0.6630E-09  0.5480E-09  0.4370E-09  0.3780E-09
  0.1000E+12  0.4910E-15  0.7520E-13  0.4620E-11  0.1160E-09  0.4750E-09  0.9310E-09  0.1060E-08  0.1060E-08  0.1040E-08  0.9860E-09  0.8980E-09  0.7610E-09  0.6250E-09  0.5500E-09
  0.1000E+13  0.7510E-15  0.1180E-12  0.7640E-11  0.1420E-09  0.5170E-09  0.9780E-09  0.1110E-08  0.1110E-08  0.1090E-08  0.1030E-08  0.9440E-09  0.8060E-09  0.6700E-09  0.5950E-09
  0.1000E+14  0.1280E-14  0.1840E-12  0.9040E-11  0.1460E-09  0.5210E-09  0.9810E-09  0.1110E-08  0.1110E-08  0.1090E-08  0.1030E-08  0.9460E-09  0.8090E-09  0.6730E-09  0.5980E-09
  0.1000E+15  0.1460E-14  0.2010E-12  0.9230E-11  0.1470E-09  0.5220E-09  0.9800E-09  0.1110E-08  0.1110E-08  0.1090E-08  0.1030E-08  0.9450E-09  0.8090E-09  0.6730E-09  0.5980E-09
  0.1000E+16  0.1480E-14  0.2030E-12  0.9250E-11  0.1470E-09  0.5200E-09  0.9750E-09  0.1100E-08  0.1100E-08  0.1080E-08  0.1030E-08  0.9410E-09  0.8050E-09  0.6700E-09  0.5960E-09
  0.1000E+17  0.1480E-14  0.2030E-12  0.9210E-11  0.1440E-09  0.5040E-09  0.9290E-09  0.1040E-08  0.1050E-08  0.1030E-08  0.9780E-09  0.9000E-09  0.7760E-09  0.6500E-09  0.5800E-09
WAVELENGTH(A)= 
   238.433
 7 14 t 
excit   
     3.380      5.070      8.440     16.900     33.800     84.400    169.000    253.000    338.000    507.000    844.000   1690.000   3380.000   5070.000 
  0.1000E+11  0.8110E-16  0.1460E-13  0.1240E-11  0.7320E-10  0.5570E-09  0.1480E-08  0.1800E-08  0.1820E-08  0.1770E-08  0.1650E-08  0.1450E-08  0.1150E-08  0.8640E-09  0.7170E-09
  0.1000E+12  0.1840E-15  0.3680E-13  0.5280E-11  0.2630E-09  0.1250E-08  0.2620E-08  0.3030E-08  0.3050E-08  0.3000E-08  0.2840E-08  0.2580E-08  0.2180E-08  0.1770E-08  0.1550E-08
  0.1000E+13  0.9160E-15  0.1780E-12  0.1680E-10  0.3750E-09  0.1440E-08  0.2840E-08  0.3250E-08  0.3280E-08  0.3230E-08  0.3060E-08  0.2810E-08  0.2400E-08  0.1990E-08  0.1760E-08
  0.1000E+14  0.2410E-14  0.3960E-12  0.2210E-10  0.3920E-09  0.1470E-08  0.2860E-08  0.3270E-08  0.3290E-08  0.3240E-08  0.3080E-08  0.2820E-08  0.2420E-08  0.2010E-08  0.1780E-08
  0.1000E+15  0.2910E-14  0.4540E-12  0.2280E-10  0.3940E-09  0.1470E-08  0.2860E-08  0.3270E-08  0.3290E-08  0.3240E-08  0.3070E-08  0.2820E-08  0.2420E-08  0.2010E-08  0.1780E-08
  0.1000E+16  0.2980E-14  0.4610E-12  0.2290E-10  0.3930E-09  0.1460E-08  0.2840E-08  0.3250E-08  0.3270E-08  0.3220E-08  0.3060E-08  0.2810E-08  0.2410E-08  0.2000E-08  0.1780E-08
  0.1000E+17  0.2970E-14  0.4600E-12  0.2280E-10  0.3880E-09  0.1420E-08  0.2710E-08  0.3080E-08  0.3100E-08  0.3060E-08  0.2910E-08  0.2690E-08  0.2320E-08  0.1940E-08  0.1730E-08
WAVELENGTH(A)= 
   238.910
 7 14 t 
excit   
     3.380      5.070      8.440     16.900     33.800     84.400    169.000    253.000    338.000    507.000    844.000   1690.000   3380.000   5070.000 
  0.1000E+11  0.4100E-21  0.8030E-17  0.1970E-13  0.5690E-11  0.7660E-10  0.2830E-09  0.3750E-09  0.3830E-09  0.3730E-09  0.3490E-09  0.3050E-09  0.2420E-09  0.1860E-09  0.1580E-09
  0.1000E+12  0.4060E-21  0.7910E-17  0.1860E-13  0.4620E-11  0.6020E-10  0.2270E-09  0.3010E-09  0.3070E-09  0.2990E-09  0.2780E-09  0.2410E-09  0.1890E-09  0.1440E-09  0.1210E-09
  0.1000E+13  0.3770E-21  0.7120E-17  0.1520E-13  0.3990E-11  0.5580E-10  0.2150E-09  0.2870E-09  0.2930E-09  0.2840E-09  0.2640E-09  0.2280E-09  0.1770E-09  0.1330E-09  0.1120E-09
  0.1000E+14  0.3180E-21  0.5900E-17  0.1360E-13  0.3890E-11  0.5520E-10  0.2140E-09  0.2850E-09  0.2910E-09  0.2820E-09  0.2620E-09  0.2260E-09  0.1760E-09  0.1320E-09  0.1110E-09
  0.1000E+15  0.2980E-21  0.5570E-17  0.1340E-13  0.3880E-11  0.5510E-10  0.2140E-09  0.2850E-09  0.2900E-09  0.2820E-09  0.2610E-09  0.2260E-09  0.1750E-09  0.1320E-09  0.1100E-09
  0.1000E+16  0.2970E-21  0.5560E-17  0.1340E-13  0.3880E-11  0.5510E-10  0.2130E-09  0.2840E-09  0.2900E-09  0.2810E-09  0.2610E-09  0.2250E-09  0.1750E-09  0.1320E-09  0.1100E-09
  0.1000E+17  0.3120E-21  0.5790E-17  0.1380E-13  0.3920E-11  0.5470E-10  0.2090E-09  0.2780E-09  0.2840E-09  0.2750E-09  0.2560E-09  0.2220E-09  0.1740E-09  0.1310E-09  0.1100E-09
WAVELENGTH(A)= 
   239.461
 7 14 t 
excit   
     3.380      5.070      8.440     16.900     33.800     84.400    169.000    253.000    338.000    507.000    844.000   1690.000   3380.000   5070.000 
  0.1000E+11  0.7230E-14  0.9800E-12  0.4540E-10  0.6890E-09  0.2300E-08  0.4080E-08  0.4540E-08  0.4510E-08  0.4430E-08  0.4220E-08  0.3880E-08  0.3360E-08  0.2820E-08  0.2530E-08
  0.1000E+12  0.7210E-14  0.9740E-12  0.4410E-10  0.6190E-09  0.2030E-08  0.3630E-08  0.4050E-08  0.4020E-08  0.3940E-08  0.3740E-08  0.3430E-08  0.2950E-08  0.2460E-08  0.2190E-08
  0.1000E+13  0.7080E-14  0.9350E-12  0.4030E-10  0.5780E-09  0.1950E-08  0.3540E-08  0.3950E-08  0.3920E-08  0.3850E-08  0.3640E-08  0.3330E-08  0.2850E-08  0.2370E-08  0.2110E-08
  0.1000E+14  0.6820E-14  0.8760E-12  0.3850E-10  0.5710E-09  0.1940E-08  0.3530E-08  0.3930E-08  0.3900E-08  0.3830E-08  0.3620E-08  0.3310E-08  0.2840E-08  0.2350E-08  0.2090E-08
  0.1000E+15  0.6730E-14  0.8610E-12  0.3830E-10  0.5710E-09  0.1940E-08  0.3520E-08  0.3920E-08  0.3900E-08  0.3820E-08  0.3620E-08  0.3310E-08  0.2830E-08  0.2350E-08  0.2090E-08
  0.1000E+16  0.6720E-14  0.8580E-12  0.3820E-10  0.5690E-09  0.1940E-08  0.3500E-08  0.3900E-08  0.3870E-08  0.3800E-08  0.3600E-08  0.3290E-08  0.2820E-08  0.2340E-08  0.2080E-08
  0.1000E+17  0.6690E-14  0.8550E-12  0.3800E-10  0.5600E-09  0.1870E-08  0.3330E-08  0.3690E-08  0.3660E-08  0.3600E-08  0.3420E-08  0.3140E-08  0.2710E-08  0.2270E-08  0.2020E-08
WAVELENGTH(A)= 
   239.574
 7 14 t 
excit   
     3.380      5.070      8.440     16.900     33.800     84.400    169.000    253.000    338.000    507.000    844.000   1690.000   3380.000   5070.000 
  0.1000E+11  0.4560E-22  0.1130E-17  0.3470E-14  0.1450E-11  0.2850E-10  0.1350E-09  0.1890E-09  0.1950E-09  0.1900E-09  0.1750E-09  0.1480E-09  0.1120E-09  0.7990E-10  0.6490E-10
  0.1000E+12  0.4920E-22  0.1240E-17  0.4530E-14  0.2380E-11  0.4250E-10  0.1840E-09  0.2520E-09  0.2590E-09  0.2530E-09  0.2350E-09  0.2030E-09  0.1560E-09  0.1160E-09  0.9560E-10
  0.1000E+13  0.7540E-22  0.1950E-17  0.7520E-14  0.2920E-11  0.4640E-10  0.1940E-09  0.2630E-09  0.2700E-09  0.2650E-09  0.2460E-09  0.2130E-09  0.1660E-09  0.1240E-09  0.1030E-09
  0.1000E+14  0.1290E-21  0.3040E-17  0.8910E-14  0.3010E-11  0.4680E-10  0.1940E-09  0.2640E-09  0.2710E-09  0.2650E-09  0.2470E-09  0.2140E-09  0.1670E-09  0.1250E-09  0.1040E-09
  0.1000E+15  0.1470E-21  0.3330E-17  0.9100E-14  0.3020E-11  0.4680E-10  0.1940E-09  0.2640E-09  0.2700E-09  0.2650E-09  0.2470E-09  0.2140E-09  0.1670E-09  0.1250E-09  0.1040E-09
  0.1000E+16  0.1500E-21  0.3380E-17  0.9140E-14  0.3020E-11  0.4670E-10  0.1940E-09  0.2630E-09  0.2690E-09  0.2640E-09  0.2460E-09  0.2130E-09  0.1660E-09  0.1250E-09  0.1040E-09
  0.1000E+17  0.1560E-21  0.3480E-17  0.9350E-14  0.3030E-11  0.4610E-10  0.1880E-09  0.2530E-09  0.2600E-09  0.2550E-09  0.2380E-09  0.2070E-09  0.1620E-09  0.1220E-09  0.1020E-09
WAVELENGTH(A)= 
   240.445
 7 14 t 
excit   
     3.380      5.070      8.440     16.900     33.800     84.400    169.000    253.000    338.000    507.000    844.000   1690.000   3380.000   5070.000 
  0.1000E+11  0.1640E-21  0.3600E-17  0.9700E-14  0.3090E-11  0.4520E-10  0.1780E-09  0.2400E-09  0.2450E-09  0.2400E-09  0.2220E-09  0.1930E-09  0.1520E-09  0.1150E-09  0.9620E-10
  0.1000E+12  0.1640E-21  0.3590E-17  0.9520E-14  0.2860E-11  0.4130E-10  0.1630E-09  0.2200E-09  0.2250E-09  0.2200E-09  0.2030E-09  0.1760E-09  0.1370E-09  0.1030E-09  0.8660E-10
  0.1000E+13  0.1640E-21  0.3520E-17  0.9010E-14  0.2730E-11  0.4020E-10  0.1600E-09  0.2160E-09  0.2210E-09  0.2160E-09  0.1990E-09  0.1720E-09  0.1340E-09  0.1010E-09  0.8400E-10
  0.1000E+14  0.1640E-21  0.3420E-17  0.8770E-14  0.2710E-11  0.4010E-10  0.1600E-09  0.2150E-09  0.2200E-09  0.2150E-09  0.1980E-09  0.1710E-09  0.1330E-09  0.1000E-09  0.8350E-10
  0.1000E+15  0.1650E-21  0.3390E-17  0.8730E-14  0.2710E-11  0.4010E-10  0.1590E-09  0.2150E-09  0.2190E-09  0.2140E-09  0.1980E-09  0.1710E-09  0.1330E-09  0.9990E-10  0.8340E-10
  0.1000E+16  0.1650E-21  0.3400E-17  0.8750E-14  0.2710E-11  0.4000E-10  0.1590E-09  0.2140E-09  0.2180E-09  0.2130E-09  0.1970E-09  0.1700E-09  0.1330E-09  0.9970E-10  0.8320E-10
  0.1000E+17  0.1710E-21  0.3500E-17  0.8930E-14  0.2720E-11  0.3930E-10  0.1530E-09  0.2050E-09  0.2100E-09  0.2050E-09  0.1900E-09  0.1650E-09  0.1290E-09  0.9780E-10  0.8180E-10
WAVELENGTH(A)= 
   240.573
 7 14 t 
excit   
     3.380      5.070      8.440     16.900     33.800     84.400    169.000    253.000    338.000    507.000    844.000   1690.000   3380.000   5070.000 
  0.1000E+11  0.1140E-23  0.3360E-19  0.1960E-15  0.2860E-12  0.9790E-11  0.5790E-10  0.8510E-10  0.8770E-10  0.8560E-10  0.7800E-10  0.6530E-10  0.4720E-10  0.3200E-10  0.2500E-10
  0.1000E+12  0.3340E-23  0.1110E-18  0.1020E-14  0.1080E-11  0.2240E-10  0.1030E-09  0.1440E-09  0.1480E-09  0.1450E-09  0.1350E-09  0.1170E-09  0.8970E-10  0.6580E-10  0.5400E-10
  0.1000E+13  0.1910E-22  0.6060E-18  0.3350E-14  0.1550E-11  0.2590E-10  0.1120E-09  0.1550E-09  0.1590E-09  0.1560E-09  0.1460E-09  0.1270E-09  0.9880E-10  0.7380E-10  0.6150E-10
  0.1000E+14  0.5130E-22  0.1370E-17  0.4430E-14  0.1620E-11  0.2630E-10  0.1130E-09  0.1560E-09  0.1600E-09  0.1570E-09  0.1460E-09  0.1280E-09  0.9960E-10  0.7460E-10  0.6220E-10
  0.1000E+15  0.6210E-22  0.1570E-17  0.4580E-14  0.1630E-11  0.2630E-10  0.1130E-09  0.1560E-09  0.1600E-09  0.1570E-09  0.1460E-09  0.1280E-09  0.9960E-10  0.7460E-10  0.6220E-10
  0.1000E+16  0.6370E-22  0.1600E-17  0.4610E-14  0.1630E-11  0.2630E-10  0.1120E-09  0.1550E-09  0.1590E-09  0.1560E-09  0.1460E-09  0.1270E-09  0.9930E-10  0.7440E-10  0.6200E-10
  0.1000E+17  0.6590E-22  0.1650E-17  0.4710E-14  0.1630E-11  0.2580E-10  0.1080E-09  0.1490E-09  0.1530E-09  0.1500E-09  0.1410E-09  0.1230E-09  0.9670E-10  0.7290E-10  0.6100E-10
WAVELENGTH(A)= 
   241.327
 7 14 t 
excit   
     3.380      5.070      8.440     16.900     33.800     84.400    169.000    253.000    338.000    507.000    844.000   1690.000   3380.000   5070.000 
  0.1000E+11  0.1630E-21  0.3500E-17  0.9340E-14  0.2820E-11  0.3920E-10  0.1490E-09  0.1980E-09  0.2030E-09  0.2000E-09  0.1860E-09  0.1630E-09  0.1290E-09  0.9960E-10  0.8410E-10
  0.1000E+12  0.1610E-21  0.3450E-17  0.8780E-14  0.2300E-11  0.3090E-10  0.1190E-09  0.1590E-09  0.1630E-09  0.1600E-09  0.1480E-09  0.1290E-09  0.1010E-09  0.7720E-10  0.6490E-10
  0.1000E+13  0.1500E-21  0.3100E-17  0.7190E-14  0.1980E-11  0.2860E-10  0.1130E-09  0.1520E-09  0.1550E-09  0.1520E-09  0.1410E-09  0.1220E-09  0.9500E-10  0.7170E-10  0.5990E-10
  0.1000E+14  0.1260E-21  0.2570E-17  0.6450E-14  0.1930E-11  0.2830E-10  0.1120E-09  0.1500E-09  0.1540E-09  0.1510E-09  0.1400E-09  0.1210E-09  0.9400E-10  0.7090E-10  0.5920E-10
  0.1000E+15  0.1180E-21  0.2430E-17  0.6350E-14  0.1930E-11  0.2830E-10  0.1120E-09  0.1500E-09  0.1540E-09  0.1510E-09  0.1400E-09  0.1210E-09  0.9380E-10  0.7080E-10  0.5900E-10
  0.1000E+16  0.1180E-21  0.2420E-17  0.6350E-14  0.1930E-11  0.2820E-10  0.1120E-09  0.1490E-09  0.1530E-09  0.1500E-09  0.1390E-09  0.1200E-09  0.9350E-10  0.7060E-10  0.5890E-10
  0.1000E+17  0.1210E-21  0.2480E-17  0.6450E-14  0.1930E-11  0.2760E-10  0.1070E-09  0.1430E-09  0.1470E-09  0.1440E-09  0.1330E-09  0.1160E-09  0.9090E-10  0.6910E-10  0.5780E-10
WAVELENGTH(A)= 
   242.509
 7 14 t 
excit   
     3.380      5.070      8.440     16.900     33.800     84.400    169.000    253.000    338.000    507.000    844.000   1690.000   3380.000   5070.000 
  0.1000E+11  0.3710E-24  0.1170E-19  0.1100E-15  0.2190E-12  0.7780E-11  0.4620E-10  0.6780E-10  0.7030E-10  0.6880E-10  0.6250E-10  0.5210E-10  0.3750E-10  0.2550E-10  0.1990E-10
  0.1000E+12  0.2420E-23  0.8030E-19  0.8140E-15  0.8840E-12  0.1830E-10  0.8340E-10  0.1160E-09  0.1200E-09  0.1180E-09  0.1090E-09  0.9450E-10  0.7250E-10  0.5350E-10  0.4400E-10
  0.1000E+13  0.1700E-22  0.5160E-18  0.2810E-14  0.1280E-11  0.2110E-10  0.9060E-10  0.1250E-09  0.1290E-09  0.1270E-09  0.1180E-09  0.1030E-09  0.8000E-10  0.6010E-10  0.5020E-10
  0.1000E+14  0.4680E-22  0.1190E-17  0.3740E-14  0.1340E-11  0.2140E-10  0.9120E-10  0.1260E-09  0.1300E-09  0.1280E-09  0.1190E-09  0.1030E-09  0.8060E-10  0.6070E-10  0.5080E-10
  0.1000E+15  0.5680E-22  0.1370E-17  0.3870E-14  0.1340E-11  0.2150E-10  0.9120E-10  0.1260E-09  0.1300E-09  0.1280E-09  0.1190E-09  0.1030E-09  0.8060E-10  0.6070E-10  0.5080E-10
  0.1000E+16  0.5820E-22  0.1390E-17  0.3890E-14  0.1350E-11  0.2140E-10  0.9090E-10  0.1250E-09  0.1290E-09  0.1270E-09  0.1180E-09  0.1030E-09  0.8040E-10  0.6060E-10  0.5070E-10
  0.1000E+17  0.6010E-22  0.1430E-17  0.3960E-14  0.1350E-11  0.2100E-10  0.8770E-10  0.1200E-09  0.1240E-09  0.1220E-09  0.1140E-09  0.9960E-10  0.7820E-10  0.5930E-10  0.4980E-10
WAVELENGTH(A)= 
   243.321
 7 14 t 
excit   
     3.380      5.070      8.440     16.900     33.800     84.400    169.000    253.000    338.000    507.000    844.000   1690.000   3380.000   5070.000 
  0.1000E+11  0.5740E-22  0.1180E-17  0.3040E-14  0.9000E-12  0.1230E-10  0.4630E-10  0.6120E-10  0.6270E-10  0.6130E-10  0.5710E-10  0.5010E-10  0.3980E-10  0.3050E-10  0.2600E-10
  0.1000E+12  0.5690E-22  0.1170E-17  0.2860E-14  0.7330E-12  0.9730E-11  0.3720E-10  0.4940E-10  0.5060E-10  0.4930E-10  0.4570E-10  0.3980E-10  0.3130E-10  0.2380E-10  0.2020E-10
  0.1000E+13  0.5290E-22  0.1050E-17  0.2350E-14  0.6340E-12  0.9020E-11  0.3540E-10  0.4720E-10  0.4820E-10  0.4700E-10  0.4350E-10  0.3770E-10  0.2940E-10  0.2210E-10  0.1860E-10
  0.1000E+14  0.4480E-22  0.8740E-18  0.2110E-14  0.6190E-12  0.8930E-11  0.3510E-10  0.4680E-10  0.4790E-10  0.4660E-10  0.4310E-10  0.3740E-10  0.2910E-10  0.2190E-10  0.1840E-10
  0.1000E+15  0.4200E-22  0.8270E-18  0.2080E-14  0.6180E-12  0.8920E-11  0.3500E-10  0.4670E-10  0.4780E-10  0.4650E-10  0.4310E-10  0.3730E-10  0.2910E-10  0.2190E-10  0.1840E-10
  0.1000E+16  0.4190E-22  0.8240E-18  0.2080E-14  0.6180E-12  0.8900E-11  0.3490E-10  0.4650E-10  0.4760E-10  0.4630E-10  0.4290E-10  0.3720E-10  0.2900E-10  0.2180E-10  0.1830E-10
  0.1000E+17  0.4360E-22  0.8510E-18  0.2120E-14  0.6200E-12  0.8770E-11  0.3380E-10  0.4470E-10  0.4580E-10  0.4460E-10  0.4140E-10  0.3610E-10  0.2830E-10  0.2140E-10  0.1810E-10
WAVELENGTH(A)= 
   244.917
 7 14 t 
excit   
     3.380      5.070      8.440     16.900     33.800     84.400    169.000    253.000    338.000    507.000    844.000   1690.000   3380.000   5070.000 
  0.1000E+11  0.1410E-14  0.2130E-12  0.1100E-10  0.2210E-09  0.9920E-09  0.2140E-08  0.2490E-08  0.2500E-08  0.2440E-08  0.2290E-08  0.2060E-08  0.1700E-08  0.1360E-08  0.1170E-08
  0.1000E+12  0.1520E-14  0.2340E-12  0.1430E-10  0.3600E-09  0.1470E-08  0.2890E-08  0.3290E-08  0.3300E-08  0.3230E-08  0.3060E-08  0.2790E-08  0.2360E-08  0.1940E-08  0.1710E-08
  0.1000E+13  0.2330E-14  0.3660E-12  0.2370E-10  0.4420E-09  0.1600E-08  0.3040E-08  0.3430E-08  0.3440E-08  0.3370E-08  0.3200E-08  0.2930E-08  0.2500E-08  0.2080E-08  0.1850E-08
  0.1000E+14  0.3980E-14  0.5700E-12  0.2810E-10  0.4540E-09  0.1620E-08  0.3050E-08  0.3440E-08  0.3450E-08  0.3380E-08  0.3210E-08  0.2940E-08  0.2510E-08  0.2090E-08  0.1860E-08
  0.1000E+15  0.4530E-14  0.6240E-12  0.2870E-10  0.4560E-09  0.1620E-08  0.3040E-08  0.3440E-08  0.3450E-08  0.3370E-08  0.3200E-08  0.2940E-08  0.2510E-08  0.2090E-08  0.1860E-08
  0.1000E+16  0.4600E-14  0.6300E-12  0.2870E-10  0.4550E-09  0.1610E-08  0.3030E-08  0.3420E-08  0.3430E-08  0.3350E-08  0.3190E-08  0.2920E-08  0.2500E-08  0.2080E-08  0.1850E-08
  0.1000E+17  0.4590E-14  0.6290E-12  0.2860E-10  0.4480E-09  0.1560E-08  0.2880E-08  0.3240E-08  0.3250E-08  0.3180E-08  0.3030E-08  0.2790E-08  0.2410E-08  0.2020E-08  0.1800E-08
WAVELENGTH(A)= 
   246.281
 7 14 t 
excit   
     3.380      5.070      8.440     16.900     33.800     84.400    169.000    253.000    338.000    507.000    844.000   1690.000   3380.000   5070.000 
  0.1000E+11  0.4830E-22  0.1040E-17  0.2770E-14  0.8390E-12  0.1160E-10  0.4420E-10  0.5870E-10  0.6020E-10  0.5930E-10  0.5520E-10  0.4840E-10  0.3840E-10  0.2950E-10  0.2500E-10
  0.1000E+12  0.4780E-22  0.1020E-17  0.2610E-14  0.6810E-12  0.9160E-11  0.3530E-10  0.4720E-10  0.4840E-10  0.4750E-10  0.4400E-10  0.3830E-10  0.3000E-10  0.2290E-10  0.1930E-10
  0.1000E+13  0.4440E-22  0.9210E-18  0.2130E-14  0.5880E-12  0.8480E-11  0.3360E-10  0.4500E-10  0.4610E-10  0.4520E-10  0.4180E-10  0.3630E-10  0.2820E-10  0.2130E-10  0.1780E-10
  0.1000E+14  0.3750E-22  0.7630E-18  0.1910E-14  0.5740E-12  0.8400E-11  0.3330E-10  0.4460E-10  0.4580E-10  0.4480E-10  0.4150E-10  0.3600E-10  0.2790E-10  0.2110E-10  0.1760E-10
  0.1000E+15  0.3510E-22  0.7210E-18  0.1880E-14  0.5720E-12  0.8390E-11  0.3330E-10  0.4460E-10  0.4570E-10  0.4470E-10  0.4140E-10  0.3590E-10  0.2790E-10  0.2100E-10  0.1750E-10
  0.1000E+16  0.3500E-22  0.7180E-18  0.1880E-14  0.5720E-12  0.8370E-11  0.3310E-10  0.4430E-10  0.4550E-10  0.4450E-10  0.4120E-10  0.3570E-10  0.2780E-10  0.2090E-10  0.1750E-10
  0.1000E+17  0.3600E-22  0.7350E-18  0.1910E-14  0.5720E-12  0.8210E-11  0.3190E-10  0.4240E-10  0.4350E-10  0.4270E-10  0.3960E-10  0.3450E-10  0.2700E-10  0.2050E-10  0.1720E-10
WAVELENGTH(A)= 
   246.415
 7 14 t 
excit   
     3.380      5.070      8.440     16.900     33.800     84.400    169.000    253.000    338.000    507.000    844.000   1690.000   3380.000   5070.000 
  0.1000E+11  0.2270E-13  0.2660E-11  0.1100E-09  0.1480E-08  0.4530E-08  0.7540E-08  0.8200E-08  0.8140E-08  0.7940E-08  0.7590E-08  0.7020E-08  0.6110E-08  0.5210E-08  0.4690E-08
  0.1000E+12  0.2250E-13  0.2620E-11  0.1030E-09  0.1200E-08  0.3570E-08  0.6050E-08  0.6610E-08  0.6560E-08  0.6370E-08  0.6070E-08  0.5570E-08  0.4790E-08  0.4040E-08  0.3620E-08
  0.1000E+13  0.2090E-13  0.2360E-11  0.8430E-10  0.1040E-08  0.3300E-08  0.5750E-08  0.6310E-08  0.6260E-08  0.6070E-08  0.5770E-08  0.5270E-08  0.4500E-08  0.3760E-08  0.3340E-08
  0.1000E+14  0.1760E-13  0.1950E-11  0.7560E-10  0.1010E-08  0.3270E-08  0.5710E-08  0.6260E-08  0.6210E-08  0.6030E-08  0.5720E-08  0.5230E-08  0.4460E-08  0.3720E-08  0.3300E-08
  0.1000E+15  0.1650E-13  0.1840E-11  0.7440E-10  0.1010E-08  0.3260E-08  0.5700E-08  0.6250E-08  0.6190E-08  0.6010E-08  0.5710E-08  0.5220E-08  0.4450E-08  0.3710E-08  0.3290E-08
  0.1000E+16  0.1640E-13  0.1830E-11  0.7420E-10  0.1010E-08  0.3250E-08  0.5670E-08  0.6210E-08  0.6160E-08  0.5980E-08  0.5680E-08  0.5190E-08  0.4430E-08  0.3690E-08  0.3280E-08
  0.1000E+17  0.1630E-13  0.1820E-11  0.7370E-10  0.9900E-09  0.3150E-08  0.5390E-08  0.5880E-08  0.5830E-08  0.5670E-08  0.5400E-08  0.4960E-08  0.4260E-08  0.3580E-08  0.3200E-08
WAVELENGTH(A)= 
   248.361
 7 14 t 
excit   
     3.380      5.070      8.440     16.900     33.800     84.400    169.000    253.000    338.000    507.000    844.000   1690.000   3380.000   5070.000 
  0.1000E+11  0.1390E-13  0.1560E-11  0.6240E-10  0.8280E-09  0.2510E-08  0.4150E-08  0.4510E-08  0.4480E-08  0.4390E-08  0.4190E-08  0.3870E-08  0.3360E-08  0.2870E-08  0.2580E-08
  0.1000E+12  0.1370E-13  0.1540E-11  0.5870E-10  0.6780E-09  0.1990E-08  0.3350E-08  0.3660E-08  0.3620E-08  0.3550E-08  0.3370E-08  0.3090E-08  0.2650E-08  0.2240E-08  0.2000E-08
  0.1000E+13  0.1280E-13  0.1390E-11  0.4840E-10  0.5880E-09  0.1850E-08  0.3190E-08  0.3490E-08  0.3460E-08  0.3380E-08  0.3210E-08  0.2930E-08  0.2500E-08  0.2090E-08  0.1850E-08
  0.1000E+14  0.1090E-13  0.1160E-11  0.4370E-10  0.5740E-09  0.1830E-08  0.3170E-08  0.3470E-08  0.3430E-08  0.3360E-08  0.3180E-08  0.2900E-08  0.2470E-08  0.2070E-08  0.1830E-08
  0.1000E+15  0.1020E-13  0.1100E-11  0.4300E-10  0.5730E-09  0.1830E-08  0.3160E-08  0.3460E-08  0.3430E-08  0.3350E-08  0.3170E-08  0.2900E-08  0.2470E-08  0.2060E-08  0.1830E-08
  0.1000E+16  0.1020E-13  0.1090E-11  0.4290E-10  0.5720E-09  0.1820E-08  0.3140E-08  0.3440E-08  0.3410E-08  0.3330E-08  0.3160E-08  0.2880E-08  0.2460E-08  0.2050E-08  0.1820E-08
  0.1000E+17  0.1010E-13  0.1090E-11  0.4260E-10  0.5620E-09  0.1760E-08  0.2990E-08  0.3250E-08  0.3220E-08  0.3150E-08  0.3000E-08  0.2750E-08  0.2370E-08  0.1990E-08  0.1770E-08
WAVELENGTH(A)= 
   250.022
 7 14 t 
excit   
     3.380      5.070      8.440     16.900     33.800     84.400    169.000    253.000    338.000    507.000    844.000   1690.000   3380.000   5070.000 
  0.1000E+11  0.1820E-14  0.2460E-12  0.1140E-10  0.1730E-09  0.5780E-09  0.1030E-08  0.1140E-08  0.1130E-08  0.1110E-08  0.1060E-08  0.9750E-09  0.8450E-09  0.7090E-09  0.6360E-09
  0.1000E+12  0.1810E-14  0.2450E-12  0.1110E-10  0.1560E-09  0.5100E-09  0.9140E-09  0.1020E-08  0.1010E-08  0.9920E-09  0.9410E-09  0.8620E-09  0.7410E-09  0.6180E-09  0.5520E-09
  0.1000E+13  0.1780E-14  0.2350E-12  0.1010E-10  0.1450E-09  0.4910E-09  0.8910E-09  0.9940E-09  0.9860E-09  0.9670E-09  0.9160E-09  0.8380E-09  0.7180E-09  0.5950E-09  0.5300E-09
  0.1000E+14  0.1710E-14  0.2200E-12  0.9680E-11  0.1440E-09  0.4890E-09  0.8870E-09  0.9890E-09  0.9810E-09  0.9620E-09  0.9110E-09  0.8330E-09  0.7130E-09  0.5910E-09  0.5260E-09
  0.1000E+15  0.1690E-14  0.2160E-12  0.9620E-11  0.1430E-09  0.4890E-09  0.8850E-09  0.9870E-09  0.9800E-09  0.9600E-09  0.9100E-09  0.8310E-09  0.7120E-09  0.5900E-09  0.5250E-09
  0.1000E+16  0.1690E-14  0.2160E-12  0.9610E-11  0.1430E-09  0.4870E-09  0.8800E-09  0.9810E-09  0.9740E-09  0.9540E-09  0.9040E-09  0.8270E-09  0.7090E-09  0.5880E-09  0.5230E-09
  0.1000E+17  0.1680E-14  0.2150E-12  0.9550E-11  0.1410E-09  0.4710E-09  0.8370E-09  0.9280E-09  0.9210E-09  0.9040E-09  0.8600E-09  0.7900E-09  0.6820E-09  0.5700E-09  0.5090E-09
WAVELENGTH(A)= 
   250.090
 7 14 t 
excit   
     3.380      5.070      8.440     16.900     33.800     84.400    169.000    253.000    338.000    507.000    844.000   1690.000   3380.000   5070.000 
  0.1000E+11  0.1650E-16  0.2870E-14  0.5130E-12  0.4800E-10  0.3740E-09  0.9760E-09  0.1170E-08  0.1180E-08  0.1150E-08  0.1070E-08  0.9320E-09  0.7330E-09  0.5460E-09  0.4520E-09
  0.1000E+12  0.1590E-15  0.2720E-13  0.4170E-11  0.1970E-09  0.8820E-09  0.1760E-08  0.2010E-08  0.2010E-08  0.1980E-08  0.1870E-08  0.1700E-08  0.1430E-08  0.1160E-08  0.1010E-08
  0.1000E+13  0.1170E-14  0.1820E-12  0.1460E-10  0.2850E-09  0.1020E-08  0.1920E-08  0.2170E-08  0.2170E-08  0.2130E-08  0.2030E-08  0.1850E-08  0.1580E-08  0.1310E-08  0.1160E-08
  0.1000E+14  0.3250E-14  0.4210E-12  0.1940E-10  0.2980E-09  0.1040E-08  0.1930E-08  0.2180E-08  0.2180E-08  0.2140E-08  0.2040E-08  0.1860E-08  0.1590E-08  0.1320E-08  0.1170E-08
  0.1000E+15  0.3950E-14  0.4840E-12  0.2000E-10  0.2990E-09  0.1040E-08  0.1930E-08  0.2180E-08  0.2180E-08  0.2140E-08  0.2030E-08  0.1860E-08  0.1590E-08  0.1320E-08  0.1170E-08
  0.1000E+16  0.4030E-14  0.4920E-12  0.2010E-10  0.2990E-09  0.1030E-08  0.1920E-08  0.2160E-08  0.2160E-08  0.2120E-08  0.2020E-08  0.1850E-08  0.1580E-08  0.1310E-08  0.1170E-08
  0.1000E+17  0.4020E-14  0.4910E-12  0.2000E-10  0.2950E-09  0.1000E-08  0.1830E-08  0.2050E-08  0.2050E-08  0.2020E-08  0.1930E-08  0.1770E-08  0.1530E-08  0.1280E-08  0.1140E-08
WAVELENGTH(A)= 
   259.740
 7 14 t 
excit   
     3.380      5.070      8.440     16.900     33.800     84.400    169.000    253.000    338.000    507.000    844.000   1690.000   3380.000   5070.000 
  0.1000E+11  0.2100E-15  0.2370E-13  0.9470E-12  0.1260E-10  0.3810E-10  0.6310E-10  0.6850E-10  0.6790E-10  0.6670E-10  0.6360E-10  0.5870E-10  0.5110E-10  0.4350E-10  0.3910E-10
  0.1000E+12  0.2080E-15  0.2340E-13  0.8920E-12  0.1030E-10  0.3020E-10  0.5090E-10  0.5550E-10  0.5500E-10  0.5380E-10  0.5110E-10  0.4690E-10  0.4030E-10  0.3400E-10  0.3040E-10
  0.1000E+13  0.1940E-15  0.2110E-13  0.7350E-12  0.8930E-11  0.2800E-10  0.4840E-10  0.5300E-10  0.5250E-10  0.5140E-10  0.4870E-10  0.4440E-10  0.3790E-10  0.3170E-10  0.2810E-10
  0.1000E+14  0.1650E-15  0.1760E-13  0.6630E-12  0.8720E-11  0.2780E-10  0.4810E-10  0.5260E-10  0.5210E-10  0.5100E-10  0.4830E-10  0.4410E-10  0.3760E-10  0.3140E-10  0.2780E-10
  0.1000E+15  0.1550E-15  0.1670E-13  0.6530E-12  0.8700E-11  0.2770E-10  0.4800E-10  0.5250E-10  0.5200E-10  0.5090E-10  0.4820E-10  0.4400E-10  0.3750E-10  0.3130E-10  0.2770E-10
  0.1000E+16  0.1540E-15  0.1660E-13  0.6510E-12  0.8680E-11  0.2760E-10  0.4770E-10  0.5220E-10  0.5170E-10  0.5060E-10  0.4790E-10  0.4370E-10  0.3730E-10  0.3120E-10  0.2760E-10
  0.1000E+17  0.1530E-15  0.1650E-13  0.6460E-12  0.8530E-11  0.2670E-10  0.4540E-10  0.4940E-10  0.4890E-10  0.4790E-10  0.4550E-10  0.4180E-10  0.3590E-10  0.3020E-10  0.2690E-10
WAVELENGTH(A)= 
   262.303
 7 14 t 
excit   
     3.380      5.070      8.440     16.900     33.800     84.400    169.000    253.000    338.000    507.000    844.000   1690.000   3380.000   5070.000 
  0.1000E+11  0.1180E-19  0.1030E-16  0.2760E-14  0.9870E-12  0.2560E-10  0.1120E-09  0.1420E-09  0.1410E-09  0.1360E-09  0.1240E-09  0.1060E-09  0.8200E-10  0.6140E-10  0.5140E-10
  0.1000E+12  0.1170E-19  0.1020E-16  0.2700E-14  0.9970E-12  0.2600E-10  0.1130E-09  0.1430E-09  0.1430E-09  0.1380E-09  0.1260E-09  0.1080E-09  0.8350E-10  0.6270E-10  0.5250E-10
  0.1000E+13  0.1120E-19  0.9610E-17  0.2540E-14  0.1000E-11  0.2600E-10  0.1130E-09  0.1440E-09  0.1430E-09  0.1380E-09  0.1260E-09  0.1080E-09  0.8380E-10  0.6290E-10  0.5280E-10
  0.1000E+14  0.1040E-19  0.8800E-17  0.2480E-14  0.1000E-11  0.2610E-10  0.1130E-09  0.1430E-09  0.1430E-09  0.1380E-09  0.1260E-09  0.1080E-09  0.8370E-10  0.6280E-10  0.5270E-10
  0.1000E+15  0.1250E-19  0.9990E-17  0.2650E-14  0.1010E-11  0.2610E-10  0.1130E-09  0.1430E-09  0.1430E-09  0.1380E-09  0.1260E-09  0.1080E-09  0.8360E-10  0.6280E-10  0.5270E-10
  0.1000E+16  0.3670E-19  0.2450E-16  0.4480E-14  0.1060E-11  0.2630E-10  0.1130E-09  0.1430E-09  0.1430E-09  0.1380E-09  0.1260E-09  0.1080E-09  0.8360E-10  0.6280E-10  0.5270E-10
  0.1000E+17  0.2730E-18  0.1690E-15  0.2310E-13  0.1620E-11  0.2870E-10  0.1160E-09  0.1440E-09  0.1430E-09  0.1380E-09  0.1260E-09  0.1080E-09  0.8390E-10  0.6310E-10  0.5300E-10
WAVELENGTH(A)= 
   272.584
 7 14 t 
excit   
     3.380      5.070      8.440     16.900     33.800     84.400    169.000    253.000    338.000    507.000    844.000   1690.000   3380.000   5070.000 
  0.1000E+11  0.2330E-15  0.1700E-13  0.4800E-12  0.5540E-11  0.2210E-10  0.5580E-10  0.7020E-10  0.7170E-10  0.7030E-10  0.6610E-10  0.5880E-10  0.4790E-10  0.3790E-10  0.3280E-10
  0.1000E+12  0.2310E-15  0.1680E-13  0.4540E-12  0.4640E-11  0.1840E-10  0.4840E-10  0.6190E-10  0.6350E-10  0.6240E-10  0.5870E-10  0.5210E-10  0.4220E-10  0.3320E-10  0.2860E-10
  0.1000E+13  0.2180E-15  0.1530E-13  0.3820E-12  0.4110E-11  0.1740E-10  0.4710E-10  0.6050E-10  0.6210E-10  0.6100E-10  0.5740E-10  0.5080E-10  0.4100E-10  0.3210E-10  0.2750E-10
  0.1000E+14  0.1900E-15  0.1310E-13  0.3480E-12  0.4030E-11  0.1740E-10  0.4710E-10  0.6040E-10  0.6200E-10  0.6090E-10  0.5730E-10  0.5070E-10  0.4090E-10  0.3200E-10  0.2740E-10
  0.1000E+15  0.1810E-15  0.1250E-13  0.3450E-12  0.4030E-11  0.1740E-10  0.4700E-10  0.6040E-10  0.6190E-10  0.6080E-10  0.5720E-10  0.5060E-10  0.4080E-10  0.3190E-10  0.2740E-10
  0.1000E+16  0.1880E-15  0.1290E-13  0.3540E-12  0.4090E-11  0.1740E-10  0.4650E-10  0.5950E-10  0.6100E-10  0.5990E-10  0.5640E-10  0.5000E-10  0.4040E-10  0.3170E-10  0.2720E-10
  0.1000E+17  0.2550E-15  0.1670E-13  0.4310E-12  0.4590E-11  0.1750E-10  0.4220E-10  0.5230E-10  0.5340E-10  0.5250E-10  0.4960E-10  0.4450E-10  0.3660E-10  0.2920E-10  0.2530E-10
WAVELENGTH(A)= 
   277.560
 7 14 t 
excit   
     3.380      5.070      8.440     16.900     33.800     84.400    169.000    253.000    338.000    507.000    844.000   1690.000   3380.000   5070.000 
  0.1000E+11  0.6490E-15  0.4360E-13  0.1160E-11  0.1460E-10  0.7780E-10  0.2420E-09  0.3210E-09  0.3320E-09  0.3270E-09  0.3090E-09  0.2750E-09  0.2230E-09  0.1750E-09  0.1500E-09
  0.1000E+12  0.6420E-15  0.4290E-13  0.1090E-11  0.1200E-10  0.6290E-10  0.2000E-09  0.2670E-09  0.2760E-09  0.2710E-09  0.2550E-09  0.2260E-09  0.1810E-09  0.1410E-09  0.1200E-09
  0.1000E+13  0.5970E-15  0.3860E-13  0.8960E-12  0.1040E-10  0.5880E-10  0.1920E-09  0.2570E-09  0.2650E-09  0.2610E-09  0.2450E-09  0.2150E-09  0.1720E-09  0.1320E-09  0.1120E-09
  0.1000E+14  0.5030E-15  0.3200E-13  0.8040E-12  0.1020E-10  0.5830E-10  0.1910E-09  0.2550E-09  0.2640E-09  0.2590E-09  0.2430E-09  0.2140E-09  0.1710E-09  0.1310E-09  0.1110E-09
  0.1000E+15  0.4730E-15  0.3030E-13  0.7930E-12  0.1020E-10  0.5820E-10  0.1900E-09  0.2540E-09  0.2630E-09  0.2580E-09  0.2420E-09  0.2130E-09  0.1700E-09  0.1310E-09  0.1110E-09
  0.1000E+16  0.4850E-15  0.3090E-13  0.8050E-12  0.1020E-10  0.5780E-10  0.1870E-09  0.2490E-09  0.2580E-09  0.2530E-09  0.2380E-09  0.2100E-09  0.1680E-09  0.1290E-09  0.1100E-09
  0.1000E+17  0.6140E-15  0.3750E-13  0.9270E-12  0.1080E-10  0.5430E-10  0.1610E-09  0.2090E-09  0.2160E-09  0.2130E-09  0.2010E-09  0.1800E-09  0.1470E-09  0.1160E-09  0.9980E-10
WAVELENGTH(A)= 
   285.314
 7 14 t 
excit   
     3.380      5.070      8.440     16.900     33.800     84.400    169.000    253.000    338.000    507.000    844.000   1690.000   3380.000   5070.000 
  0.1000E+11  0.1140E-15  0.8510E-14  0.2610E-12  0.4540E-11  0.2550E-10  0.7420E-10  0.9720E-10  0.1000E-09  0.9880E-10  0.9290E-10  0.8250E-10  0.6620E-10  0.5110E-10  0.4340E-10
  0.1000E+12  0.1320E-15  0.1020E-13  0.4120E-12  0.8700E-11  0.3660E-10  0.8740E-10  0.1100E-09  0.1120E-09  0.1110E-09  0.1040E-09  0.9330E-10  0.7620E-10  0.6010E-10  0.5180E-10
  0.1000E+13  0.2590E-15  0.2060E-13  0.8390E-12  0.1120E-10  0.3960E-10  0.8990E-10  0.1120E-09  0.1140E-09  0.1130E-09  0.1060E-09  0.9540E-10  0.7820E-10  0.6220E-10  0.5390E-10
  0.1000E+14  0.5190E-15  0.3680E-13  0.1040E-11  0.1150E-10  0.3990E-10  0.9000E-10  0.1120E-09  0.1140E-09  0.1130E-09  0.1060E-09  0.9540E-10  0.7830E-10  0.6230E-10  0.5400E-10
  0.1000E+15  0.6070E-15  0.4110E-13  0.1070E-11  0.1160E-10  0.4000E-10  0.9000E-10  0.1120E-09  0.1140E-09  0.1130E-09  0.1060E-09  0.9530E-10  0.7820E-10  0.6230E-10  0.5400E-10
  0.1000E+16  0.6250E-15  0.4210E-13  0.1080E-11  0.1170E-10  0.4000E-10  0.9010E-10  0.1120E-09  0.1140E-09  0.1130E-09  0.1060E-09  0.9520E-10  0.7820E-10  0.6220E-10  0.5400E-10
  0.1000E+17  0.6960E-15  0.4610E-13  0.1160E-11  0.1220E-10  0.4070E-10  0.8980E-10  0.1100E-09  0.1120E-09  0.1110E-09  0.1050E-09  0.9390E-10  0.7740E-10  0.6180E-10  0.5360E-10
WAVELENGTH(A)= 
   286.501
 7 14 t 
excit   
     3.380      5.070      8.440     16.900     33.800     84.400    169.000    253.000    338.000    507.000    844.000   1690.000   3380.000   5070.000 
  0.1000E+11  0.9090E-15  0.5320E-13  0.1260E-11  0.1150E-10  0.3100E-10  0.5530E-10  0.6510E-10  0.6640E-10  0.6550E-10  0.6290E-10  0.5740E-10  0.4870E-10  0.4030E-10  0.3570E-10
  0.1000E+12  0.9000E-15  0.5240E-13  0.1180E-11  0.9350E-11  0.2470E-10  0.4540E-10  0.5400E-10  0.5510E-10  0.5430E-10  0.5190E-10  0.4700E-10  0.3940E-10  0.3220E-10  0.2840E-10
  0.1000E+13  0.8360E-15  0.4720E-13  0.9690E-12  0.8090E-11  0.2310E-10  0.4430E-10  0.5320E-10  0.5440E-10  0.5350E-10  0.5100E-10  0.4600E-10  0.3820E-10  0.3080E-10  0.2690E-10
  0.1000E+14  0.7050E-15  0.3910E-13  0.8700E-12  0.7910E-11  0.2320E-10  0.4580E-10  0.5560E-10  0.5700E-10  0.5620E-10  0.5360E-10  0.4830E-10  0.4000E-10  0.3220E-10  0.2800E-10
  0.1000E+15  0.6640E-15  0.3710E-13  0.8590E-12  0.7920E-11  0.2330E-10  0.4640E-10  0.5640E-10  0.5790E-10  0.5710E-10  0.5460E-10  0.4920E-10  0.4090E-10  0.3300E-10  0.2880E-10
  0.1000E+16  0.6920E-15  0.3840E-13  0.8860E-12  0.8110E-11  0.2370E-10  0.4680E-10  0.5660E-10  0.5800E-10  0.5720E-10  0.5460E-10  0.4920E-10  0.4090E-10  0.3300E-10  0.2880E-10
  0.1000E+17  0.9380E-15  0.5030E-13  0.1110E-11  0.9590E-11  0.2650E-10  0.4830E-10  0.5610E-10  0.5670E-10  0.5560E-10  0.5280E-10  0.4770E-10  0.3980E-10  0.3230E-10  0.2830E-10
WAVELENGTH(A)= 
   286.675
 7 14 t 
excit   
     3.380      5.070      8.440     16.900     33.800     84.400    169.000    253.000    338.000    507.000    844.000   1690.000   3380.000   5070.000 
  0.1000E+11  0.8730E-15  0.5110E-13  0.1210E-11  0.1100E-10  0.2980E-10  0.5270E-10  0.6150E-10  0.6240E-10  0.6150E-10  0.5890E-10  0.5350E-10  0.4540E-10  0.3750E-10  0.3320E-10
  0.1000E+12  0.8680E-15  0.5050E-13  0.1150E-11  0.9480E-11  0.2540E-10  0.4660E-10  0.5510E-10  0.5590E-10  0.5500E-10  0.5250E-10  0.4750E-10  0.3980E-10  0.3260E-10  0.2870E-10
  0.1000E+13  0.8290E-15  0.4700E-13  0.9980E-12  0.8550E-11  0.2420E-10  0.4540E-10  0.5390E-10  0.5470E-10  0.5380E-10  0.5130E-10  0.4620E-10  0.3860E-10  0.3140E-10  0.2750E-10
  0.1000E+14  0.7490E-15  0.4150E-13  0.9270E-12  0.8410E-11  0.2410E-10  0.4530E-10  0.5370E-10  0.5460E-10  0.5370E-10  0.5110E-10  0.4610E-10  0.3850E-10  0.3120E-10  0.2740E-10
  0.1000E+15  0.7240E-15  0.4010E-13  0.9180E-12  0.8410E-11  0.2410E-10  0.4530E-10  0.5370E-10  0.5460E-10  0.5370E-10  0.5110E-10  0.4610E-10  0.3850E-10  0.3120E-10  0.2740E-10
  0.1000E+16  0.7410E-15  0.4090E-13  0.9350E-12  0.8520E-11  0.2430E-10  0.4560E-10  0.5380E-10  0.5460E-10  0.5360E-10  0.5110E-10  0.4600E-10  0.3840E-10  0.3120E-10  0.2730E-10
  0.1000E+17  0.9120E-15  0.4900E-13  0.1080E-11  0.9450E-11  0.2600E-10  0.4660E-10  0.5370E-10  0.5400E-10  0.5280E-10  0.5010E-10  0.4520E-10  0.3780E-10  0.3080E-10  0.2700E-10
WAVELENGTH(A)= 
   292.873
 7 14 t 
excit   
     3.380      5.070      8.440     16.900     33.800     84.400    169.000    253.000    338.000    507.000    844.000   1690.000   3380.000   5070.000 
  0.1000E+11  0.1880E-17  0.1610E-15  0.1770E-13  0.1420E-11  0.1240E-10  0.3890E-10  0.4980E-10  0.5070E-10  0.4950E-10  0.4600E-10  0.4020E-10  0.3150E-10  0.2380E-10  0.1990E-10
  0.1000E+12  0.1820E-16  0.1520E-14  0.1330E-12  0.4450E-11  0.2040E-10  0.4920E-10  0.6050E-10  0.6130E-10  0.5990E-10  0.5620E-10  0.4990E-10  0.4040E-10  0.3160E-10  0.2710E-10
  0.1000E+13  0.1340E-15  0.1020E-13  0.4620E-12  0.6250E-11  0.2270E-10  0.5180E-10  0.6330E-10  0.6410E-10  0.6270E-10  0.5900E-10  0.5250E-10  0.4290E-10  0.3390E-10  0.2920E-10
  0.1000E+14  0.3710E-15  0.2350E-13  0.6150E-12  0.6530E-11  0.2310E-10  0.5260E-10  0.6430E-10  0.6520E-10  0.6380E-10  0.6010E-10  0.5360E-10  0.4380E-10  0.3470E-10  0.2990E-10
  0.1000E+15  0.4520E-15  0.2710E-13  0.6360E-12  0.6570E-11  0.2310E-10  0.5270E-10  0.6450E-10  0.6540E-10  0.6400E-10  0.6030E-10  0.5370E-10  0.4390E-10  0.3480E-10  0.3010E-10
  0.1000E+16  0.4690E-15  0.2790E-13  0.6460E-12  0.6610E-11  0.2320E-10  0.5260E-10  0.6430E-10  0.6520E-10  0.6380E-10  0.6010E-10  0.5360E-10  0.4390E-10  0.3480E-10  0.3010E-10
  0.1000E+17  0.5330E-15  0.3130E-13  0.7130E-12  0.7010E-11  0.2350E-10  0.5110E-10  0.6160E-10  0.6230E-10  0.6100E-10  0.5750E-10  0.5150E-10  0.4250E-10  0.3390E-10  0.2950E-10
WAVELENGTH(A)= 
   362.788
 7 14 t 
excit   
     3.380      5.070      8.440     16.900     33.800     84.400    169.000    253.000    338.000    507.000    844.000   1690.000   3380.000   5070.000 
  0.1000E+11  0.5970E-21  0.9900E-18  0.2020E-14  0.1200E-11  0.2290E-10  0.7990E-10  0.9390E-10  0.9100E-10  0.8610E-10  0.7700E-10  0.6460E-10  0.4870E-10  0.3580E-10  0.2960E-10
  0.1000E+12  0.4860E-20  0.2350E-17  0.2410E-14  0.1250E-11  0.2330E-10  0.8100E-10  0.9530E-10  0.9260E-10  0.8770E-10  0.7860E-10  0.6610E-10  0.5000E-10  0.3690E-10  0.3060E-10
  0.1000E+13  0.3540E-19  0.1100E-16  0.3540E-14  0.1280E-11  0.2350E-10  0.8120E-10  0.9550E-10  0.9280E-10  0.8790E-10  0.7880E-10  0.6630E-10  0.5020E-10  0.3710E-10  0.3090E-10
  0.1000E+14  0.1040E-18  0.2540E-16  0.4110E-14  0.1280E-11  0.2350E-10  0.8110E-10  0.9530E-10  0.9260E-10  0.8770E-10  0.7860E-10  0.6620E-10  0.5010E-10  0.3710E-10  0.3080E-10
  0.1000E+15  0.1960E-18  0.4070E-16  0.4710E-14  0.1290E-11  0.2350E-10  0.8110E-10  0.9530E-10  0.9260E-10  0.8770E-10  0.7860E-10  0.6610E-10  0.5010E-10  0.3710E-10  0.3080E-10
  0.1000E+16  0.9120E-18  0.1590E-15  0.1000E-13  0.1360E-11  0.2370E-10  0.8130E-10  0.9540E-10  0.9260E-10  0.8770E-10  0.7860E-10  0.6610E-10  0.5010E-10  0.3710E-10  0.3080E-10
  0.1000E+17  0.7720E-17  0.1310E-14  0.6320E-13  0.2080E-11  0.2570E-10  0.8260E-10  0.9560E-10  0.9250E-10  0.8750E-10  0.7840E-10  0.6600E-10  0.5020E-10  0.3720E-10  0.3090E-10
WAVELENGTH(A)= 
   371.951
 7 14 t 
excit   
     3.380      5.070      8.440     16.900     33.800     84.400    169.000    253.000    338.000    507.000    844.000   1690.000   3380.000   5070.000 
  0.1000E+11  0.1170E-13  0.2590E-12  0.2930E-11  0.1940E-10  0.5310E-10  0.9060E-10  0.9870E-10  0.9670E-10  0.9300E-10  0.8560E-10  0.7480E-10  0.5970E-10  0.4610E-10  0.3920E-10
  0.1000E+12  0.1290E-13  0.2900E-12  0.4000E-11  0.3370E-10  0.8080E-10  0.1210E-09  0.1270E-09  0.1230E-09  0.1190E-09  0.1100E-09  0.9720E-10  0.7940E-10  0.6310E-10  0.5460E-10
  0.1000E+13  0.2110E-13  0.4880E-12  0.7040E-11  0.4220E-10  0.8840E-10  0.1260E-09  0.1320E-09  0.1280E-09  0.1230E-09  0.1140E-09  0.1020E-09  0.8360E-10  0.6720E-10  0.5850E-10
  0.1000E+14  0.3780E-13  0.7930E-12  0.8450E-11  0.4350E-10  0.8920E-10  0.1270E-09  0.1320E-09  0.1290E-09  0.1240E-09  0.1150E-09  0.1020E-09  0.8390E-10  0.6750E-10  0.5890E-10
  0.1000E+15  0.4340E-13  0.8740E-12  0.8640E-11  0.4360E-10  0.8930E-10  0.1270E-09  0.1320E-09  0.1280E-09  0.1240E-09  0.1150E-09  0.1020E-09  0.8380E-10  0.6750E-10  0.5880E-10
  0.1000E+16  0.4400E-13  0.8820E-12  0.8640E-11  0.4350E-10  0.8890E-10  0.1260E-09  0.1310E-09  0.1280E-09  0.1230E-09  0.1140E-09  0.1010E-09  0.8350E-10  0.6730E-10  0.5870E-10
  0.1000E+17  0.4270E-13  0.8600E-12  0.8440E-11  0.4210E-10  0.8510E-10  0.1190E-09  0.1240E-09  0.1210E-09  0.1170E-09  0.1080E-09  0.9680E-10  0.8040E-10  0.6520E-10  0.5710E-10
WAVELENGTH(A)= 
   392.343
 7 14 t 
excit   
     3.380      5.070      8.440     16.900     33.800     84.400    169.000    253.000    338.000    507.000    844.000   1690.000   3380.000   5070.000 
  0.1000E+11  0.3900E-12  0.7230E-11  0.6800E-10  0.3120E-09  0.5720E-09  0.7050E-09  0.6930E-09  0.6620E-09  0.6360E-09  0.5880E-09  0.5270E-09  0.4420E-09  0.3640E-09  0.3220E-09
  0.1000E+12  0.3890E-12  0.7180E-11  0.6570E-10  0.2770E-09  0.4980E-09  0.6210E-09  0.6120E-09  0.5840E-09  0.5600E-09  0.5160E-09  0.4600E-09  0.3830E-09  0.3130E-09  0.2760E-09
  0.1000E+13  0.3790E-12  0.6830E-11  0.5920E-10  0.2560E-09  0.4780E-09  0.6040E-09  0.5970E-09  0.5690E-09  0.5450E-09  0.5020E-09  0.4470E-09  0.3700E-09  0.3010E-09  0.2640E-09
  0.1000E+14  0.3590E-12  0.6300E-11  0.5620E-10  0.2530E-09  0.4750E-09  0.6010E-09  0.5940E-09  0.5660E-09  0.5420E-09  0.4990E-09  0.4440E-09  0.3680E-09  0.2990E-09  0.2620E-09
  0.1000E+15  0.3520E-12  0.6160E-11  0.5580E-10  0.2520E-09  0.4750E-09  0.6000E-09  0.5930E-09  0.5650E-09  0.5410E-09  0.4980E-09  0.4430E-09  0.3670E-09  0.2980E-09  0.2610E-09
  0.1000E+16  0.3500E-12  0.6130E-11  0.5560E-10  0.2520E-09  0.4720E-09  0.5960E-09  0.5890E-09  0.5610E-09  0.5380E-09  0.4950E-09  0.4410E-09  0.3660E-09  0.2970E-09  0.2610E-09
  0.1000E+17  0.3390E-12  0.5960E-11  0.5410E-10  0.2430E-09  0.4510E-09  0.5620E-09  0.5540E-09  0.5300E-09  0.5080E-09  0.4700E-09  0.4210E-09  0.3510E-09  0.2880E-09  0.2530E-09
WAVELENGTH(A)= 
   392.901
 7 14 t 
excit   
     3.380      5.070      8.440     16.900     33.800     84.400    169.000    253.000    338.000    507.000    844.000   1690.000   3380.000   5070.000 
  0.1000E+11  0.6910E-15  0.2030E-13  0.8830E-12  0.2910E-10  0.1380E-09  0.2770E-09  0.3060E-09  0.2990E-09  0.2860E-09  0.2600E-09  0.2220E-09  0.1710E-09  0.1260E-09  0.1030E-09
  0.1000E+12  0.6660E-14  0.1930E-12  0.7160E-11  0.1170E-09  0.3130E-09  0.4730E-09  0.4930E-09  0.4780E-09  0.4600E-09  0.4250E-09  0.3740E-09  0.3050E-09  0.2410E-09  0.2080E-09
  0.1000E+13  0.4920E-13  0.1290E-11  0.2500E-10  0.1690E-09  0.3600E-09  0.5100E-09  0.5240E-09  0.5080E-09  0.4890E-09  0.4530E-09  0.4010E-09  0.3320E-09  0.2670E-09  0.2340E-09
  0.1000E+14  0.1360E-12  0.2980E-11  0.3330E-10  0.1770E-09  0.3650E-09  0.5110E-09  0.5240E-09  0.5070E-09  0.4880E-09  0.4530E-09  0.4010E-09  0.3330E-09  0.2680E-09  0.2350E-09
  0.1000E+15  0.1650E-12  0.3430E-11  0.3440E-10  0.1780E-09  0.3650E-09  0.5100E-09  0.5230E-09  0.5060E-09  0.4870E-09  0.4520E-09  0.4010E-09  0.3320E-09  0.2680E-09  0.2340E-09
  0.1000E+16  0.1690E-12  0.3480E-11  0.3440E-10  0.1770E-09  0.3640E-09  0.5080E-09  0.5210E-09  0.5040E-09  0.4850E-09  0.4500E-09  0.3990E-09  0.3310E-09  0.2670E-09  0.2340E-09
  0.1000E+17  0.1640E-12  0.3400E-11  0.3370E-10  0.1720E-09  0.3490E-09  0.4820E-09  0.4940E-09  0.4780E-09  0.4610E-09  0.4290E-09  0.3820E-09  0.3190E-09  0.2590E-09  0.2280E-09
WAVELENGTH(A)= 
   395.311
 7 14 t 
excit   
     3.380      5.070      8.440     16.900     33.800     84.400    169.000    253.000    338.000    507.000    844.000   1690.000   3380.000   5070.000 
  0.1000E+11  0.2010E-13  0.4610E-12  0.6250E-11  0.7510E-10  0.2820E-09  0.5230E-09  0.5740E-09  0.5580E-09  0.5340E-09  0.4890E-09  0.4210E-09  0.3280E-09  0.2450E-09  0.2030E-09
  0.1000E+12  0.3120E-13  0.7720E-12  0.1740E-10  0.2290E-09  0.5870E-09  0.8590E-09  0.8940E-09  0.8630E-09  0.8290E-09  0.7670E-09  0.6790E-09  0.5550E-09  0.4400E-09  0.3800E-09
  0.1000E+13  0.1100E-12  0.2750E-11  0.4890E-10  0.3200E-09  0.6700E-09  0.9240E-09  0.9520E-09  0.9190E-09  0.8830E-09  0.8190E-09  0.7290E-09  0.6030E-09  0.4870E-09  0.4250E-09
  0.1000E+14  0.2720E-12  0.5800E-11  0.6360E-10  0.3340E-09  0.6790E-09  0.9300E-09  0.9560E-09  0.9220E-09  0.8860E-09  0.8230E-09  0.7330E-09  0.6070E-09  0.4910E-09  0.4300E-09
  0.1000E+15  0.3260E-12  0.6610E-11  0.6560E-10  0.3360E-09  0.6790E-09  0.9290E-09  0.9560E-09  0.9220E-09  0.8860E-09  0.8220E-09  0.7320E-09  0.6070E-09  0.4910E-09  0.4300E-09
  0.1000E+16  0.3320E-12  0.6690E-11  0.6570E-10  0.3350E-09  0.6760E-09  0.9240E-09  0.9500E-09  0.9160E-09  0.8800E-09  0.8180E-09  0.7280E-09  0.6040E-09  0.4890E-09  0.4280E-09
  0.1000E+17  0.3220E-12  0.6530E-11  0.6420E-10  0.3250E-09  0.6470E-09  0.8750E-09  0.8980E-09  0.8670E-09  0.8350E-09  0.7780E-09  0.6960E-09  0.5810E-09  0.4740E-09  0.4170E-09
WAVELENGTH(A)= 
   398.068
 7 14 t 
excit   
     3.380      5.070      8.440     16.900     33.800     84.400    169.000    253.000    338.000    507.000    844.000   1690.000   3380.000   5070.000 
  0.1000E+11  0.4000E-13  0.8830E-12  0.9980E-11  0.6610E-10  0.1810E-09  0.3090E-09  0.3370E-09  0.3300E-09  0.3170E-09  0.2920E-09  0.2550E-09  0.2040E-09  0.1570E-09  0.1340E-09
  0.1000E+12  0.4390E-13  0.9890E-12  0.1360E-10  0.1150E-09  0.2760E-09  0.4120E-09  0.4320E-09  0.4210E-09  0.4050E-09  0.3750E-09  0.3320E-09  0.2710E-09  0.2150E-09  0.1860E-09
  0.1000E+13  0.7190E-13  0.1660E-11  0.2400E-10  0.1440E-09  0.3020E-09  0.4310E-09  0.4500E-09  0.4380E-09  0.4210E-09  0.3900E-09  0.3470E-09  0.2850E-09  0.2290E-09  0.2000E-09
  0.1000E+14  0.1290E-12  0.2710E-11  0.2880E-10  0.1480E-09  0.3050E-09  0.4330E-09  0.4510E-09  0.4390E-09  0.4220E-09  0.3910E-09  0.3480E-09  0.2860E-09  0.2300E-09  0.2010E-09
  0.1000E+15  0.1480E-12  0.2980E-11  0.2950E-10  0.1490E-09  0.3050E-09  0.4330E-09  0.4500E-09  0.4380E-09  0.4220E-09  0.3910E-09  0.3470E-09  0.2860E-09  0.2300E-09  0.2010E-09
  0.1000E+16  0.1500E-12  0.3010E-11  0.2950E-10  0.1480E-09  0.3030E-09  0.4300E-09  0.4480E-09  0.4360E-09  0.4190E-09  0.3890E-09  0.3460E-09  0.2850E-09  0.2300E-09  0.2000E-09
  0.1000E+17  0.1460E-12  0.2940E-11  0.2880E-10  0.1440E-09  0.2900E-09  0.4080E-09  0.4240E-09  0.4130E-09  0.3980E-09  0.3700E-09  0.3300E-09  0.2740E-09  0.2230E-09  0.1950E-09
WAVELENGTH(A)= 
   400.303
 7 14 t 
excit   
     3.380      5.070      8.440     16.900     33.800     84.400    169.000    253.000    338.000    507.000    844.000   1690.000   3380.000   5070.000 
  0.1000E+11  0.1320E-11  0.2300E-10  0.2060E-09  0.8930E-09  0.1550E-08  0.1850E-08  0.1790E-08  0.1710E-08  0.1630E-08  0.1520E-08  0.1360E-08  0.1150E-08  0.9510E-09  0.8450E-09
  0.1000E+12  0.1300E-11  0.2270E-10  0.1940E-09  0.7260E-09  0.1220E-08  0.1480E-08  0.1440E-08  0.1370E-08  0.1310E-08  0.1210E-08  0.1070E-08  0.8970E-09  0.7370E-09  0.6520E-09
  0.1000E+13  0.1210E-11  0.2040E-10  0.1580E-09  0.6260E-09  0.1130E-08  0.1400E-08  0.1370E-08  0.1310E-08  0.1240E-08  0.1150E-08  0.1010E-08  0.8400E-09  0.6840E-09  0.6000E-09
  0.1000E+14  0.1020E-11  0.1690E-10  0.1420E-09  0.6110E-09  0.1120E-08  0.1390E-08  0.1360E-08  0.1290E-08  0.1230E-08  0.1130E-08  0.1000E-08  0.8280E-09  0.6730E-09  0.5910E-09
  0.1000E+15  0.9560E-12  0.1600E-10  0.1400E-09  0.6090E-09  0.1110E-08  0.1380E-08  0.1350E-08  0.1290E-08  0.1220E-08  0.1130E-08  0.9970E-09  0.8250E-09  0.6700E-09  0.5880E-09
  0.1000E+16  0.9450E-12  0.1580E-10  0.1390E-09  0.6070E-09  0.1110E-08  0.1370E-08  0.1340E-08  0.1280E-08  0.1220E-08  0.1120E-08  0.9910E-09  0.8210E-09  0.6680E-09  0.5860E-09
  0.1000E+17  0.9130E-12  0.1530E-10  0.1360E-09  0.5870E-09  0.1060E-08  0.1300E-08  0.1260E-08  0.1200E-08  0.1150E-08  0.1060E-08  0.9440E-09  0.7880E-09  0.6460E-09  0.5690E-09
WAVELENGTH(A)= 
   403.689
 7 14 t 
excit   
     3.380      5.070      8.440     16.900     33.800     84.400    169.000    253.000    338.000    507.000    844.000   1690.000   3380.000   5070.000 
  0.1000E+11  0.2380E-12  0.4050E-11  0.3570E-10  0.1530E-09  0.2680E-09  0.3340E-09  0.3370E-09  0.3260E-09  0.3130E-09  0.2920E-09  0.2620E-09  0.2210E-09  0.1810E-09  0.1610E-09
  0.1000E+12  0.2360E-12  0.3990E-11  0.3370E-10  0.1260E-09  0.2150E-09  0.2740E-09  0.2790E-09  0.2690E-09  0.2590E-09  0.2400E-09  0.2140E-09  0.1780E-09  0.1450E-09  0.1280E-09
  0.1000E+13  0.2210E-12  0.3630E-11  0.2800E-10  0.1100E-09  0.2000E-09  0.2620E-09  0.2680E-09  0.2590E-09  0.2480E-09  0.2300E-09  0.2040E-09  0.1690E-09  0.1370E-09  0.1200E-09
  0.1000E+14  0.1900E-12  0.3060E-11  0.2540E-10  0.1080E-09  0.1980E-09  0.2610E-09  0.2660E-09  0.2570E-09  0.2470E-09  0.2290E-09  0.2030E-09  0.1680E-09  0.1350E-09  0.1190E-09
  0.1000E+15  0.1800E-12  0.2910E-11  0.2500E-10  0.1080E-09  0.1980E-09  0.2600E-09  0.2660E-09  0.2570E-09  0.2460E-09  0.2280E-09  0.2030E-09  0.1670E-09  0.1350E-09  0.1180E-09
  0.1000E+16  0.1780E-12  0.2880E-11  0.2490E-10  0.1070E-09  0.1970E-09  0.2580E-09  0.2640E-09  0.2550E-09  0.2450E-09  0.2270E-09  0.2010E-09  0.1670E-09  0.1340E-09  0.1180E-09
  0.1000E+17  0.1720E-12  0.2790E-11  0.2410E-10  0.1030E-09  0.1860E-09  0.2420E-09  0.2470E-09  0.2390E-09  0.2290E-09  0.2140E-09  0.1910E-09  0.1590E-09  0.1300E-09  0.1140E-09
WAVELENGTH(A)= 
   405.834
 7 14 t 
excit   
     3.380      5.070      8.440     16.900     33.800     84.400    169.000    253.000    338.000    507.000    844.000   1690.000   3380.000   5070.000 
  0.1000E+11  0.7470E-12  0.1250E-10  0.1090E-09  0.4620E-09  0.7970E-09  0.9490E-09  0.9220E-09  0.8790E-09  0.8410E-09  0.7800E-09  0.6980E-09  0.5860E-09  0.4850E-09  0.4310E-09
  0.1000E+12  0.7410E-12  0.1240E-10  0.1030E-09  0.3840E-09  0.6450E-09  0.7810E-09  0.7620E-09  0.7260E-09  0.6930E-09  0.6400E-09  0.5690E-09  0.4730E-09  0.3880E-09  0.3430E-09
  0.1000E+13  0.6970E-12  0.1130E-10  0.8630E-10  0.3380E-09  0.6040E-09  0.7470E-09  0.7320E-09  0.6970E-09  0.6650E-09  0.6130E-09  0.5430E-09  0.4480E-09  0.3640E-09  0.3190E-09
  0.1000E+14  0.6070E-12  0.9630E-11  0.7860E-10  0.3310E-09  0.5990E-09  0.7420E-09  0.7280E-09  0.6920E-09  0.6610E-09  0.6090E-09  0.5390E-09  0.4450E-09  0.3610E-09  0.3160E-09
  0.1000E+15  0.5760E-12  0.9190E-11  0.7760E-10  0.3300E-09  0.5980E-09  0.7410E-09  0.7260E-09  0.6910E-09  0.6600E-09  0.6080E-09  0.5380E-09  0.4440E-09  0.3600E-09  0.3160E-09
  0.1000E+16  0.5700E-12  0.9110E-11  0.7720E-10  0.3290E-09  0.5950E-09  0.7370E-09  0.7220E-09  0.6870E-09  0.6560E-09  0.6040E-09  0.5350E-09  0.4420E-09  0.3590E-09  0.3150E-09
  0.1000E+17  0.5500E-12  0.8830E-11  0.7500E-10  0.3180E-09  0.5670E-09  0.6940E-09  0.6780E-09  0.6470E-09  0.6190E-09  0.5730E-09  0.5100E-09  0.4250E-09  0.3470E-09  0.3060E-09
WAVELENGTH(A)= 
   421.515
 7 14 t 
excit   
     3.380      5.070      8.440     16.900     33.800     84.400    169.000    253.000    338.000    507.000    844.000   1690.000   3380.000   5070.000 
  0.1000E+11  0.7600E-13  0.1410E-11  0.1330E-10  0.6080E-10  0.1110E-09  0.1370E-09  0.1350E-09  0.1290E-09  0.1240E-09  0.1140E-09  0.1030E-09  0.8610E-10  0.7090E-10  0.6270E-10
  0.1000E+12  0.7580E-13  0.1400E-11  0.1280E-10  0.5400E-10  0.9700E-10  0.1210E-09  0.1190E-09  0.1140E-09  0.1090E-09  0.1010E-09  0.8970E-10  0.7470E-10  0.6100E-10  0.5370E-10
  0.1000E+13  0.7380E-13  0.1330E-11  0.1150E-10  0.4990E-10  0.9300E-10  0.1180E-09  0.1160E-09  0.1110E-09  0.1060E-09  0.9770E-10  0.8700E-10  0.7210E-10  0.5860E-10  0.5140E-10
  0.1000E+14  0.6980E-13  0.1230E-11  0.1090E-10  0.4930E-10  0.9250E-10  0.1170E-09  0.1160E-09  0.1100E-09  0.1060E-09  0.9720E-10  0.8650E-10  0.7160E-10  0.5820E-10  0.5100E-10
  0.1000E+15  0.6850E-13  0.1200E-11  0.1090E-10  0.4920E-10  0.9240E-10  0.1170E-09  0.1150E-09  0.1100E-09  0.1050E-09  0.9700E-10  0.8630E-10  0.7150E-10  0.5810E-10  0.5090E-10
  0.1000E+16  0.6810E-13  0.1190E-11  0.1080E-10  0.4900E-10  0.9200E-10  0.1160E-09  0.1150E-09  0.1090E-09  0.1050E-09  0.9640E-10  0.8590E-10  0.7120E-10  0.5790E-10  0.5070E-10
  0.1000E+17  0.6600E-13  0.1160E-11  0.1050E-10  0.4740E-10  0.8780E-10  0.1100E-09  0.1080E-09  0.1030E-09  0.9900E-10  0.9150E-10  0.8190E-10  0.6840E-10  0.5600E-10  0.4930E-10
WAVELENGTH(A)= 
   432.967
 7 14 t 
excit   
     3.380      5.070      8.440     16.900     33.800     84.400    169.000    253.000    338.000    507.000    844.000   1690.000   3380.000   5070.000 
  0.1000E+11  0.1100E-12  0.1520E-11  0.1140E-10  0.4320E-10  0.7240E-10  0.9190E-10  0.9560E-10  0.9370E-10  0.9060E-10  0.8520E-10  0.7660E-10  0.6430E-10  0.5280E-10  0.4670E-10
  0.1000E+12  0.1090E-12  0.1500E-11  0.1070E-10  0.3570E-10  0.5820E-10  0.7530E-10  0.7870E-10  0.7710E-10  0.7450E-10  0.6970E-10  0.6230E-10  0.5170E-10  0.4210E-10  0.3710E-10
  0.1000E+13  0.1020E-12  0.1370E-11  0.8940E-11  0.3120E-10  0.5440E-10  0.7230E-10  0.7600E-10  0.7440E-10  0.7170E-10  0.6700E-10  0.5960E-10  0.4910E-10  0.3960E-10  0.3460E-10
  0.1000E+14  0.8770E-13  0.1160E-11  0.8110E-11  0.3060E-10  0.5430E-10  0.7270E-10  0.7630E-10  0.7470E-10  0.7200E-10  0.6720E-10  0.5970E-10  0.4910E-10  0.3950E-10  0.3450E-10
  0.1000E+15  0.8300E-13  0.1100E-11  0.7990E-11  0.3050E-10  0.5430E-10  0.7270E-10  0.7640E-10  0.7470E-10  0.7200E-10  0.6720E-10  0.5970E-10  0.4910E-10  0.3950E-10  0.3450E-10
  0.1000E+16  0.8200E-13  0.1090E-11  0.7930E-11  0.3020E-10  0.5350E-10  0.7140E-10  0.7470E-10  0.7300E-10  0.7040E-10  0.6570E-10  0.5850E-10  0.4830E-10  0.3900E-10  0.3410E-10
  0.1000E+17  0.7820E-13  0.1030E-11  0.7450E-11  0.2750E-10  0.4740E-10  0.6100E-10  0.6270E-10  0.6110E-10  0.5900E-10  0.5530E-10  0.4980E-10  0.4190E-10  0.3450E-10  0.3050E-10
WAVELENGTH(A)= 
  5669.090
 7 14 t 
excit   
     3.380      5.070      8.440     16.900     33.800     84.400    169.000    253.000    338.000    507.000    844.000   1690.000   3380.000   5070.000 
  0.1000E+11  0.9730E-11  0.1550E-10  0.7100E-10  0.4850E-09  0.1140E-08  0.1650E-08  0.1780E-08  0.1790E-08  0.1790E-08  0.1750E-08  0.1680E-08  0.1550E-08  0.1390E-08  0.1290E-08
  0.1000E+12  0.9380E-11  0.1470E-10  0.5770E-10  0.1990E-09  0.2700E-09  0.3000E-09  0.3070E-09  0.3090E-09  0.3100E-09  0.3100E-09  0.3080E-09  0.3040E-09  0.2980E-09  0.2930E-09
  0.1000E+13  0.6930E-11  0.9820E-11  0.2010E-10  0.2880E-10  0.3130E-10  0.3260E-10  0.3310E-10  0.3320E-10  0.3340E-10  0.3350E-10  0.3360E-10  0.3360E-10  0.3350E-10  0.3350E-10
  0.1000E+14  0.1920E-11  0.2270E-11  0.2680E-11  0.3010E-11  0.3180E-11  0.3280E-11  0.3330E-11  0.3340E-11  0.3360E-11  0.3370E-11  0.3380E-11  0.3390E-11  0.3390E-11  0.3390E-11
  0.1000E+15  0.2330E-12  0.2620E-12  0.2770E-12  0.3030E-12  0.3180E-12  0.3280E-12  0.3320E-12  0.3340E-12  0.3350E-12  0.3370E-12  0.3380E-12  0.3390E-12  0.3390E-12  0.3390E-12
  0.1000E+16  0.2380E-13  0.2660E-13  0.2780E-13  0.3020E-13  0.3170E-13  0.3260E-13  0.3300E-13  0.3320E-13  0.3340E-13  0.3350E-13  0.3360E-13  0.3370E-13  0.3380E-13  0.3380E-13
  0.1000E+17  0.2390E-14  0.2660E-14  0.2780E-14  0.2990E-14  0.3080E-14  0.3110E-14  0.3140E-14  0.3150E-14  0.3170E-14  0.3190E-14  0.3220E-14  0.3250E-14  0.3280E-14  0.3290E-14
