 50  7 14
WAVELENGTH(A)= 
     4.522
 7 14 t 
excit   
    33.400     50.000     83.400    167.000    334.000    834.000   1670.000   2500.000   3340.000   5000.000   8340.000  16700.000  33400.000  50000.000 
  0.1000E+11  0.1000E-73  0.2050E-33  0.5240E-24  0.5110E-17  0.1350E-13  0.1220E-11  0.4730E-11  0.7030E-11  0.8410E-11  0.9830E-11  0.1080E-10  0.1100E-10  0.1040E-10  0.9790E-11
  0.1000E+12  0.1000E-73  0.2050E-33  0.5240E-24  0.5110E-17  0.1350E-13  0.1220E-11  0.4730E-11  0.7030E-11  0.8410E-11  0.9830E-11  0.1080E-10  0.1100E-10  0.1040E-10  0.9790E-11
  0.1000E+13  0.1000E-73  0.2050E-33  0.5240E-24  0.5110E-17  0.1350E-13  0.1220E-11  0.4730E-11  0.7030E-11  0.8410E-11  0.9830E-11  0.1080E-10  0.1100E-10  0.1040E-10  0.9790E-11
  0.1000E+14  0.5840E-45  0.2050E-33  0.5240E-24  0.5110E-17  0.1350E-13  0.1220E-11  0.4730E-11  0.7030E-11  0.8410E-11  0.9830E-11  0.1080E-10  0.1100E-10  0.1040E-10  0.9790E-11
  0.1000E+15  0.2920E-45  0.2050E-33  0.5240E-24  0.5110E-17  0.1350E-13  0.1220E-11  0.4730E-11  0.7030E-11  0.8410E-11  0.9830E-11  0.1080E-10  0.1100E-10  0.1040E-10  0.9790E-11
  0.1000E+16  0.3210E-45  0.2050E-33  0.5240E-24  0.5110E-17  0.1350E-13  0.1220E-11  0.4730E-11  0.7030E-11  0.8410E-11  0.9820E-11  0.1080E-10  0.1100E-10  0.1040E-10  0.9790E-11
  0.1000E+17  0.3190E-45  0.2050E-33  0.5240E-24  0.5110E-17  0.1350E-13  0.1220E-11  0.4720E-11  0.7030E-11  0.8400E-11  0.9820E-11  0.1080E-10  0.1100E-10  0.1040E-10  0.9790E-11
WAVELENGTH(A)= 
     5.946
 7 14 t 
excit   
    33.400     50.000     83.400    167.000    334.000    834.000   1670.000   2500.000   3340.000   5000.000   8340.000  16700.000  33400.000  50000.000 
  0.1000E+11  0.1550E-35  0.1410E-26  0.1900E-19  0.3620E-14  0.1360E-11  0.3970E-10  0.1080E-09  0.1460E-09  0.1660E-09  0.1870E-09  0.2010E-09  0.2030E-09  0.1930E-09  0.1820E-09
  0.1000E+12  0.1550E-35  0.1410E-26  0.1900E-19  0.3620E-14  0.1360E-11  0.3970E-10  0.1080E-09  0.1460E-09  0.1660E-09  0.1870E-09  0.2010E-09  0.2030E-09  0.1930E-09  0.1820E-09
  0.1000E+13  0.1550E-35  0.1410E-26  0.1900E-19  0.3620E-14  0.1360E-11  0.3970E-10  0.1080E-09  0.1460E-09  0.1660E-09  0.1870E-09  0.2010E-09  0.2030E-09  0.1930E-09  0.1820E-09
  0.1000E+14  0.1550E-35  0.1410E-26  0.1900E-19  0.3620E-14  0.1360E-11  0.3970E-10  0.1080E-09  0.1460E-09  0.1660E-09  0.1870E-09  0.2010E-09  0.2030E-09  0.1930E-09  0.1820E-09
  0.1000E+15  0.1550E-35  0.1410E-26  0.1900E-19  0.3620E-14  0.1360E-11  0.3970E-10  0.1080E-09  0.1460E-09  0.1660E-09  0.1870E-09  0.2010E-09  0.2030E-09  0.1930E-09  0.1820E-09
  0.1000E+16  0.1550E-35  0.1410E-26  0.1900E-19  0.3620E-14  0.1360E-11  0.3970E-10  0.1080E-09  0.1460E-09  0.1660E-09  0.1870E-09  0.2010E-09  0.2030E-09  0.1930E-09  0.1820E-09
  0.1000E+17  0.1560E-35  0.1420E-26  0.1900E-19  0.3620E-14  0.1360E-11  0.3970E-10  0.1080E-09  0.1460E-09  0.1660E-09  0.1870E-09  0.2010E-09  0.2030E-09  0.1930E-09  0.1820E-09
WAVELENGTH(A)= 
     6.513
 7 14 t 
excit   
    33.400     50.000     83.400    167.000    334.000    834.000   1670.000   2500.000   3340.000   5000.000   8340.000  16700.000  33400.000  50000.000 
  0.1000E+11  0.3820E-34  0.5670E-26  0.1790E-19  0.1180E-14  0.2690E-12  0.6250E-11  0.1610E-10  0.2090E-10  0.2310E-10  0.2480E-10  0.2480E-10  0.2270E-10  0.1950E-10  0.1760E-10
  0.1000E+12  0.3820E-34  0.5670E-26  0.1790E-19  0.1180E-14  0.2690E-12  0.6250E-11  0.1610E-10  0.2090E-10  0.2310E-10  0.2480E-10  0.2480E-10  0.2270E-10  0.1950E-10  0.1760E-10
  0.1000E+13  0.3820E-34  0.5670E-26  0.1790E-19  0.1180E-14  0.2690E-12  0.6250E-11  0.1610E-10  0.2090E-10  0.2310E-10  0.2480E-10  0.2480E-10  0.2270E-10  0.1950E-10  0.1760E-10
  0.1000E+14  0.3820E-34  0.5670E-26  0.1790E-19  0.1180E-14  0.2690E-12  0.6250E-11  0.1610E-10  0.2090E-10  0.2310E-10  0.2480E-10  0.2480E-10  0.2270E-10  0.1950E-10  0.1760E-10
  0.1000E+15  0.3820E-34  0.5670E-26  0.1790E-19  0.1180E-14  0.2690E-12  0.6250E-11  0.1610E-10  0.2090E-10  0.2310E-10  0.2480E-10  0.2480E-10  0.2270E-10  0.1950E-10  0.1760E-10
  0.1000E+16  0.3820E-34  0.5670E-26  0.1790E-19  0.1180E-14  0.2680E-12  0.6250E-11  0.1610E-10  0.2090E-10  0.2310E-10  0.2480E-10  0.2480E-10  0.2260E-10  0.1950E-10  0.1760E-10
  0.1000E+17  0.3820E-34  0.5670E-26  0.1790E-19  0.1180E-14  0.2680E-12  0.6250E-11  0.1610E-10  0.2080E-10  0.2310E-10  0.2470E-10  0.2470E-10  0.2260E-10  0.1950E-10  0.1760E-10
WAVELENGTH(A)= 
     7.300
 7 14 t 
excit   
    33.400     50.000     83.400    167.000    334.000    834.000   1670.000   2500.000   3340.000   5000.000   8340.000  16700.000  33400.000  50000.000 
  0.1000E+11  0.1270E-33  0.2440E-26  0.1480E-20  0.2810E-16  0.3310E-14  0.4960E-13  0.1150E-12  0.1530E-12  0.1780E-12  0.2090E-12  0.2400E-12  0.2630E-12  0.2650E-12  0.2580E-12
  0.1000E+12  0.1270E-33  0.2440E-26  0.1480E-20  0.2810E-16  0.3310E-14  0.4960E-13  0.1150E-12  0.1530E-12  0.1780E-12  0.2090E-12  0.2400E-12  0.2630E-12  0.2650E-12  0.2580E-12
  0.1000E+13  0.1270E-33  0.2440E-26  0.1480E-20  0.2810E-16  0.3310E-14  0.4960E-13  0.1150E-12  0.1530E-12  0.1780E-12  0.2090E-12  0.2400E-12  0.2630E-12  0.2650E-12  0.2580E-12
  0.1000E+14  0.1270E-33  0.2440E-26  0.1480E-20  0.2810E-16  0.3310E-14  0.4960E-13  0.1150E-12  0.1530E-12  0.1780E-12  0.2090E-12  0.2400E-12  0.2630E-12  0.2650E-12  0.2580E-12
  0.1000E+15  0.1270E-33  0.2440E-26  0.1480E-20  0.2810E-16  0.3310E-14  0.4960E-13  0.1150E-12  0.1530E-12  0.1780E-12  0.2090E-12  0.2400E-12  0.2630E-12  0.2650E-12  0.2580E-12
  0.1000E+16  0.1270E-33  0.2440E-26  0.1480E-20  0.2810E-16  0.3310E-14  0.4960E-13  0.1150E-12  0.1530E-12  0.1780E-12  0.2090E-12  0.2390E-12  0.2630E-12  0.2650E-12  0.2580E-12
  0.1000E+17  0.1270E-33  0.2440E-26  0.1480E-20  0.2810E-16  0.3320E-14  0.4960E-13  0.1150E-12  0.1530E-12  0.1780E-12  0.2090E-12  0.2390E-12  0.2630E-12  0.2650E-12  0.2580E-12
WAVELENGTH(A)= 
     7.966
 7 14 t 
excit   
    33.400     50.000     83.400    167.000    334.000    834.000   1670.000   2500.000   3340.000   5000.000   8340.000  16700.000  33400.000  50000.000 
  0.1000E+11  0.1720E-31  0.8150E-25  0.1670E-19  0.1450E-15  0.1180E-13  0.1410E-12  0.3030E-12  0.3900E-12  0.4430E-12  0.5050E-12  0.5640E-12  0.6010E-12  0.5940E-12  0.5730E-12
  0.1000E+12  0.1720E-31  0.8150E-25  0.1670E-19  0.1450E-15  0.1180E-13  0.1410E-12  0.3030E-12  0.3900E-12  0.4430E-12  0.5050E-12  0.5640E-12  0.6010E-12  0.5940E-12  0.5730E-12
  0.1000E+13  0.1720E-31  0.8150E-25  0.1670E-19  0.1450E-15  0.1180E-13  0.1410E-12  0.3030E-12  0.3900E-12  0.4430E-12  0.5050E-12  0.5640E-12  0.6010E-12  0.5940E-12  0.5730E-12
  0.1000E+14  0.1720E-31  0.8150E-25  0.1670E-19  0.1450E-15  0.1180E-13  0.1410E-12  0.3030E-12  0.3900E-12  0.4430E-12  0.5050E-12  0.5640E-12  0.6010E-12  0.5940E-12  0.5730E-12
  0.1000E+15  0.1720E-31  0.8150E-25  0.1670E-19  0.1450E-15  0.1180E-13  0.1410E-12  0.3030E-12  0.3900E-12  0.4430E-12  0.5050E-12  0.5640E-12  0.6010E-12  0.5940E-12  0.5730E-12
  0.1000E+16  0.1720E-31  0.8150E-25  0.1670E-19  0.1450E-15  0.1180E-13  0.1410E-12  0.3030E-12  0.3900E-12  0.4430E-12  0.5050E-12  0.5640E-12  0.6010E-12  0.5940E-12  0.5730E-12
  0.1000E+17  0.1730E-31  0.8150E-25  0.1670E-19  0.1450E-15  0.1180E-13  0.1410E-12  0.3030E-12  0.3900E-12  0.4430E-12  0.5050E-12  0.5640E-12  0.6010E-12  0.5940E-12  0.5720E-12
WAVELENGTH(A)= 
     8.038
 7 14 t 
excit   
    33.400     50.000     83.400    167.000    334.000    834.000   1670.000   2500.000   3340.000   5000.000   8340.000  16700.000  33400.000  50000.000 
  0.1000E+11  0.7400E-34  0.1100E-25  0.3480E-19  0.2290E-14  0.5210E-12  0.1210E-10  0.3120E-10  0.4040E-10  0.4480E-10  0.4800E-10  0.4800E-10  0.4390E-10  0.3790E-10  0.3420E-10
  0.1000E+12  0.7400E-34  0.1100E-25  0.3480E-19  0.2290E-14  0.5210E-12  0.1210E-10  0.3120E-10  0.4040E-10  0.4480E-10  0.4800E-10  0.4800E-10  0.4390E-10  0.3790E-10  0.3420E-10
  0.1000E+13  0.7400E-34  0.1100E-25  0.3480E-19  0.2290E-14  0.5210E-12  0.1210E-10  0.3120E-10  0.4040E-10  0.4480E-10  0.4800E-10  0.4800E-10  0.4390E-10  0.3790E-10  0.3420E-10
  0.1000E+14  0.7400E-34  0.1100E-25  0.3480E-19  0.2290E-14  0.5210E-12  0.1210E-10  0.3120E-10  0.4040E-10  0.4480E-10  0.4800E-10  0.4800E-10  0.4390E-10  0.3790E-10  0.3420E-10
  0.1000E+15  0.7400E-34  0.1100E-25  0.3480E-19  0.2290E-14  0.5210E-12  0.1210E-10  0.3120E-10  0.4040E-10  0.4480E-10  0.4800E-10  0.4800E-10  0.4390E-10  0.3790E-10  0.3420E-10
  0.1000E+16  0.7400E-34  0.1100E-25  0.3480E-19  0.2290E-14  0.5210E-12  0.1210E-10  0.3120E-10  0.4040E-10  0.4480E-10  0.4800E-10  0.4800E-10  0.4390E-10  0.3790E-10  0.3420E-10
  0.1000E+17  0.7400E-34  0.1100E-25  0.3480E-19  0.2290E-14  0.5200E-12  0.1210E-10  0.3110E-10  0.4040E-10  0.4480E-10  0.4800E-10  0.4800E-10  0.4390E-10  0.3790E-10  0.3420E-10
WAVELENGTH(A)= 
     8.203
 7 14 t 
excit   
    33.400     50.000     83.400    167.000    334.000    834.000   1670.000   2500.000   3340.000   5000.000   8340.000  16700.000  33400.000  50000.000 
  0.1000E+11  0.2450E-33  0.5570E-26  0.3890E-20  0.8080E-16  0.9840E-14  0.1400E-12  0.2850E-12  0.3380E-12  0.3550E-12  0.3550E-12  0.3280E-12  0.2690E-12  0.2080E-12  0.1760E-12
  0.1000E+12  0.2450E-33  0.5570E-26  0.3890E-20  0.8080E-16  0.9840E-14  0.1400E-12  0.2850E-12  0.3380E-12  0.3550E-12  0.3550E-12  0.3280E-12  0.2690E-12  0.2080E-12  0.1760E-12
  0.1000E+13  0.2450E-33  0.5570E-26  0.3890E-20  0.8080E-16  0.9840E-14  0.1400E-12  0.2850E-12  0.3380E-12  0.3550E-12  0.3550E-12  0.3280E-12  0.2690E-12  0.2080E-12  0.1760E-12
  0.1000E+14  0.2450E-33  0.5570E-26  0.3890E-20  0.8080E-16  0.9840E-14  0.1400E-12  0.2850E-12  0.3380E-12  0.3550E-12  0.3550E-12  0.3280E-12  0.2690E-12  0.2080E-12  0.1760E-12
  0.1000E+15  0.2450E-33  0.5570E-26  0.3890E-20  0.8080E-16  0.9840E-14  0.1400E-12  0.2850E-12  0.3380E-12  0.3550E-12  0.3550E-12  0.3280E-12  0.2690E-12  0.2080E-12  0.1760E-12
  0.1000E+16  0.2450E-33  0.5570E-26  0.3890E-20  0.8080E-16  0.9840E-14  0.1400E-12  0.2850E-12  0.3380E-12  0.3550E-12  0.3550E-12  0.3280E-12  0.2690E-12  0.2080E-12  0.1760E-12
  0.1000E+17  0.2450E-33  0.5570E-26  0.3890E-20  0.8080E-16  0.9840E-14  0.1400E-12  0.2850E-12  0.3380E-12  0.3550E-12  0.3550E-12  0.3280E-12  0.2690E-12  0.2080E-12  0.1760E-12
WAVELENGTH(A)= 
     8.273
 7 14 t 
excit   
    33.400     50.000     83.400    167.000    334.000    834.000   1670.000   2500.000   3340.000   5000.000   8340.000  16700.000  33400.000  50000.000 
  0.1000E+11  0.3570E-31  0.9350E-25  0.1170E-19  0.6920E-16  0.4650E-14  0.4820E-13  0.9610E-13  0.1190E-12  0.1310E-12  0.1440E-12  0.1530E-12  0.1540E-12  0.1470E-12  0.1390E-12
  0.1000E+12  0.3570E-31  0.9350E-25  0.1170E-19  0.6920E-16  0.4650E-14  0.4820E-13  0.9610E-13  0.1190E-12  0.1310E-12  0.1440E-12  0.1530E-12  0.1540E-12  0.1470E-12  0.1390E-12
  0.1000E+13  0.3570E-31  0.9350E-25  0.1170E-19  0.6920E-16  0.4650E-14  0.4820E-13  0.9610E-13  0.1190E-12  0.1310E-12  0.1440E-12  0.1530E-12  0.1540E-12  0.1470E-12  0.1390E-12
  0.1000E+14  0.3570E-31  0.9350E-25  0.1170E-19  0.6920E-16  0.4650E-14  0.4820E-13  0.9610E-13  0.1190E-12  0.1310E-12  0.1440E-12  0.1530E-12  0.1540E-12  0.1470E-12  0.1390E-12
  0.1000E+15  0.3570E-31  0.9350E-25  0.1170E-19  0.6920E-16  0.4650E-14  0.4820E-13  0.9610E-13  0.1190E-12  0.1310E-12  0.1440E-12  0.1530E-12  0.1540E-12  0.1470E-12  0.1390E-12
  0.1000E+16  0.3570E-31  0.9350E-25  0.1170E-19  0.6920E-16  0.4650E-14  0.4820E-13  0.9610E-13  0.1190E-12  0.1310E-12  0.1440E-12  0.1530E-12  0.1540E-12  0.1470E-12  0.1390E-12
  0.1000E+17  0.3570E-31  0.9350E-25  0.1170E-19  0.6930E-16  0.4650E-14  0.4820E-13  0.9610E-13  0.1190E-12  0.1310E-12  0.1440E-12  0.1530E-12  0.1540E-12  0.1470E-12  0.1390E-12
WAVELENGTH(A)= 
     8.413
 7 14 t 
excit   
    33.400     50.000     83.400    167.000    334.000    834.000   1670.000   2500.000   3340.000   5000.000   8340.000  16700.000  33400.000  50000.000 
  0.1000E+11  0.2620E-33  0.4070E-26  0.2100E-20  0.3480E-16  0.3790E-14  0.5010E-13  0.1000E-12  0.1180E-12  0.1230E-12  0.1230E-12  0.1130E-12  0.9250E-13  0.7140E-13  0.6050E-13
  0.1000E+12  0.2620E-33  0.4070E-26  0.2100E-20  0.3480E-16  0.3790E-14  0.5010E-13  0.1000E-12  0.1180E-12  0.1230E-12  0.1230E-12  0.1130E-12  0.9250E-13  0.7140E-13  0.6050E-13
  0.1000E+13  0.2620E-33  0.4070E-26  0.2100E-20  0.3480E-16  0.3790E-14  0.5010E-13  0.1000E-12  0.1180E-12  0.1230E-12  0.1230E-12  0.1130E-12  0.9250E-13  0.7140E-13  0.6050E-13
  0.1000E+14  0.2620E-33  0.4070E-26  0.2100E-20  0.3480E-16  0.3790E-14  0.5010E-13  0.1000E-12  0.1180E-12  0.1230E-12  0.1230E-12  0.1130E-12  0.9250E-13  0.7140E-13  0.6050E-13
  0.1000E+15  0.2620E-33  0.4070E-26  0.2100E-20  0.3480E-16  0.3790E-14  0.5010E-13  0.1000E-12  0.1180E-12  0.1230E-12  0.1230E-12  0.1130E-12  0.9250E-13  0.7140E-13  0.6050E-13
  0.1000E+16  0.2620E-33  0.4070E-26  0.2100E-20  0.3480E-16  0.3790E-14  0.5010E-13  0.1000E-12  0.1180E-12  0.1230E-12  0.1230E-12  0.1130E-12  0.9250E-13  0.7140E-13  0.6050E-13
  0.1000E+17  0.2620E-33  0.4070E-26  0.2100E-20  0.3480E-16  0.3780E-14  0.5010E-13  0.1000E-12  0.1180E-12  0.1230E-12  0.1230E-12  0.1130E-12  0.9250E-13  0.7140E-13  0.6040E-13
WAVELENGTH(A)= 
     8.994
 7 14 t 
excit   
    33.400     50.000     83.400    167.000    334.000    834.000   1670.000   2500.000   3340.000   5000.000   8340.000  16700.000  33400.000  50000.000 
  0.1000E+11  0.2590E-31  0.1550E-24  0.3760E-19  0.3530E-15  0.2910E-13  0.3270E-12  0.6250E-12  0.7240E-12  0.7550E-12  0.7510E-12  0.6940E-12  0.5730E-12  0.4470E-12  0.3810E-12
  0.1000E+12  0.2590E-31  0.1550E-24  0.3760E-19  0.3530E-15  0.2910E-13  0.3270E-12  0.6250E-12  0.7240E-12  0.7550E-12  0.7510E-12  0.6940E-12  0.5730E-12  0.4470E-12  0.3810E-12
  0.1000E+13  0.2590E-31  0.1550E-24  0.3760E-19  0.3530E-15  0.2910E-13  0.3270E-12  0.6250E-12  0.7240E-12  0.7550E-12  0.7510E-12  0.6940E-12  0.5730E-12  0.4470E-12  0.3810E-12
  0.1000E+14  0.2590E-31  0.1550E-24  0.3760E-19  0.3530E-15  0.2910E-13  0.3270E-12  0.6250E-12  0.7240E-12  0.7550E-12  0.7510E-12  0.6940E-12  0.5730E-12  0.4470E-12  0.3810E-12
  0.1000E+15  0.2590E-31  0.1550E-24  0.3760E-19  0.3530E-15  0.2910E-13  0.3270E-12  0.6250E-12  0.7240E-12  0.7550E-12  0.7510E-12  0.6940E-12  0.5730E-12  0.4470E-12  0.3810E-12
  0.1000E+16  0.2590E-31  0.1550E-24  0.3760E-19  0.3530E-15  0.2910E-13  0.3270E-12  0.6250E-12  0.7240E-12  0.7550E-12  0.7510E-12  0.6940E-12  0.5730E-12  0.4470E-12  0.3810E-12
  0.1000E+17  0.2590E-31  0.1550E-24  0.3760E-19  0.3530E-15  0.2910E-13  0.3270E-12  0.6250E-12  0.7240E-12  0.7540E-12  0.7510E-12  0.6940E-12  0.5730E-12  0.4470E-12  0.3810E-12
WAVELENGTH(A)= 
     9.301
 7 14 t 
excit   
    33.400     50.000     83.400    167.000    334.000    834.000   1670.000   2500.000   3340.000   5000.000   8340.000  16700.000  33400.000  50000.000 
  0.1000E+11  0.3340E-28  0.1670E-22  0.5730E-18  0.1350E-14  0.6110E-13  0.5320E-12  0.1030E-11  0.1280E-11  0.1420E-11  0.1590E-11  0.1740E-11  0.1810E-11  0.1750E-11  0.1680E-11
  0.1000E+12  0.3340E-28  0.1670E-22  0.5730E-18  0.1350E-14  0.6110E-13  0.5320E-12  0.1030E-11  0.1280E-11  0.1420E-11  0.1590E-11  0.1740E-11  0.1810E-11  0.1750E-11  0.1680E-11
  0.1000E+13  0.3340E-28  0.1670E-22  0.5730E-18  0.1350E-14  0.6110E-13  0.5320E-12  0.1030E-11  0.1280E-11  0.1420E-11  0.1590E-11  0.1740E-11  0.1810E-11  0.1750E-11  0.1680E-11
  0.1000E+14  0.3340E-28  0.1670E-22  0.5730E-18  0.1350E-14  0.6110E-13  0.5320E-12  0.1030E-11  0.1280E-11  0.1420E-11  0.1590E-11  0.1740E-11  0.1810E-11  0.1750E-11  0.1680E-11
  0.1000E+15  0.3340E-28  0.1670E-22  0.5730E-18  0.1350E-14  0.6110E-13  0.5320E-12  0.1030E-11  0.1280E-11  0.1420E-11  0.1590E-11  0.1740E-11  0.1810E-11  0.1750E-11  0.1680E-11
  0.1000E+16  0.3340E-28  0.1670E-22  0.5730E-18  0.1350E-14  0.6110E-13  0.5320E-12  0.1030E-11  0.1280E-11  0.1420E-11  0.1590E-11  0.1740E-11  0.1810E-11  0.1750E-11  0.1680E-11
  0.1000E+17  0.3340E-28  0.1680E-22  0.5730E-18  0.1350E-14  0.6110E-13  0.5320E-12  0.1030E-11  0.1280E-11  0.1420E-11  0.1590E-11  0.1740E-11  0.1800E-11  0.1750E-11  0.1680E-11
WAVELENGTH(A)= 
     9.386
 7 14 t 
excit   
    33.400     50.000     83.400    167.000    334.000    834.000   1670.000   2500.000   3340.000   5000.000   8340.000  16700.000  33400.000  50000.000 
  0.1000E+11  0.6260E-31  0.2120E-24  0.3240E-19  0.2160E-15  0.1490E-13  0.1520E-12  0.2790E-12  0.3200E-12  0.3310E-12  0.3270E-12  0.3000E-12  0.2470E-12  0.1930E-12  0.1640E-12
  0.1000E+12  0.6260E-31  0.2120E-24  0.3240E-19  0.2160E-15  0.1490E-13  0.1520E-12  0.2790E-12  0.3200E-12  0.3310E-12  0.3270E-12  0.3000E-12  0.2470E-12  0.1930E-12  0.1640E-12
  0.1000E+13  0.6260E-31  0.2120E-24  0.3240E-19  0.2160E-15  0.1490E-13  0.1520E-12  0.2790E-12  0.3200E-12  0.3310E-12  0.3270E-12  0.3000E-12  0.2470E-12  0.1930E-12  0.1640E-12
  0.1000E+14  0.6260E-31  0.2120E-24  0.3240E-19  0.2160E-15  0.1490E-13  0.1520E-12  0.2790E-12  0.3200E-12  0.3310E-12  0.3270E-12  0.3000E-12  0.2470E-12  0.1930E-12  0.1640E-12
  0.1000E+15  0.6260E-31  0.2120E-24  0.3240E-19  0.2160E-15  0.1490E-13  0.1520E-12  0.2790E-12  0.3200E-12  0.3310E-12  0.3270E-12  0.3000E-12  0.2470E-12  0.1930E-12  0.1640E-12
  0.1000E+16  0.6260E-31  0.2120E-24  0.3240E-19  0.2160E-15  0.1490E-13  0.1520E-12  0.2790E-12  0.3200E-12  0.3310E-12  0.3270E-12  0.3000E-12  0.2470E-12  0.1930E-12  0.1640E-12
  0.1000E+17  0.6260E-31  0.2120E-24  0.3240E-19  0.2160E-15  0.1490E-13  0.1520E-12  0.2790E-12  0.3200E-12  0.3310E-12  0.3270E-12  0.3000E-12  0.2470E-12  0.1930E-12  0.1640E-12
WAVELENGTH(A)= 
    10.014
 7 14 t 
excit   
    33.400     50.000     83.400    167.000    334.000    834.000   1670.000   2500.000   3340.000   5000.000   8340.000  16700.000  33400.000  50000.000 
  0.1000E+11  0.2860E-27  0.5580E-22  0.8740E-18  0.1100E-14  0.3530E-13  0.2480E-12  0.4420E-12  0.5280E-12  0.5750E-12  0.6220E-12  0.6530E-12  0.6510E-12  0.6140E-12  0.5770E-12
  0.1000E+12  0.2860E-27  0.5580E-22  0.8740E-18  0.1100E-14  0.3530E-13  0.2480E-12  0.4420E-12  0.5280E-12  0.5750E-12  0.6220E-12  0.6530E-12  0.6510E-12  0.6140E-12  0.5770E-12
  0.1000E+13  0.2860E-27  0.5580E-22  0.8740E-18  0.1100E-14  0.3530E-13  0.2480E-12  0.4420E-12  0.5280E-12  0.5750E-12  0.6220E-12  0.6530E-12  0.6510E-12  0.6140E-12  0.5770E-12
  0.1000E+14  0.2860E-27  0.5580E-22  0.8740E-18  0.1100E-14  0.3530E-13  0.2480E-12  0.4420E-12  0.5280E-12  0.5750E-12  0.6220E-12  0.6530E-12  0.6510E-12  0.6140E-12  0.5770E-12
  0.1000E+15  0.2860E-27  0.5580E-22  0.8740E-18  0.1100E-14  0.3530E-13  0.2480E-12  0.4420E-12  0.5280E-12  0.5750E-12  0.6220E-12  0.6530E-12  0.6510E-12  0.6140E-12  0.5770E-12
  0.1000E+16  0.2860E-27  0.5580E-22  0.8740E-18  0.1100E-14  0.3530E-13  0.2480E-12  0.4420E-12  0.5280E-12  0.5750E-12  0.6220E-12  0.6530E-12  0.6510E-12  0.6140E-12  0.5770E-12
  0.1000E+17  0.2860E-27  0.5580E-22  0.8740E-18  0.1100E-14  0.3530E-13  0.2480E-12  0.4420E-12  0.5280E-12  0.5750E-12  0.6220E-12  0.6530E-12  0.6510E-12  0.6140E-12  0.5770E-12
WAVELENGTH(A)= 
    10.576
 7 14 t 
excit   
    33.400     50.000     83.400    167.000    334.000    834.000   1670.000   2500.000   3340.000   5000.000   8340.000  16700.000  33400.000  50000.000 
  0.1000E+11  0.3030E-28  0.2320E-22  0.1090E-17  0.2980E-14  0.1330E-12  0.1040E-11  0.1790E-11  0.2010E-11  0.2080E-11  0.2040E-11  0.1870E-11  0.1550E-11  0.1220E-11  0.1040E-11
  0.1000E+12  0.3030E-28  0.2320E-22  0.1090E-17  0.2980E-14  0.1330E-12  0.1040E-11  0.1790E-11  0.2010E-11  0.2080E-11  0.2040E-11  0.1870E-11  0.1550E-11  0.1220E-11  0.1040E-11
  0.1000E+13  0.3030E-28  0.2320E-22  0.1090E-17  0.2980E-14  0.1330E-12  0.1040E-11  0.1790E-11  0.2010E-11  0.2080E-11  0.2040E-11  0.1870E-11  0.1550E-11  0.1220E-11  0.1040E-11
  0.1000E+14  0.3030E-28  0.2320E-22  0.1090E-17  0.2980E-14  0.1330E-12  0.1040E-11  0.1790E-11  0.2010E-11  0.2080E-11  0.2040E-11  0.1870E-11  0.1550E-11  0.1220E-11  0.1040E-11
  0.1000E+15  0.3030E-28  0.2320E-22  0.1090E-17  0.2980E-14  0.1330E-12  0.1040E-11  0.1790E-11  0.2010E-11  0.2080E-11  0.2040E-11  0.1870E-11  0.1550E-11  0.1220E-11  0.1040E-11
  0.1000E+16  0.3030E-28  0.2320E-22  0.1090E-17  0.2980E-14  0.1330E-12  0.1040E-11  0.1790E-11  0.2010E-11  0.2080E-11  0.2040E-11  0.1870E-11  0.1550E-11  0.1220E-11  0.1040E-11
  0.1000E+17  0.3030E-28  0.2320E-22  0.1090E-17  0.2980E-14  0.1330E-12  0.1040E-11  0.1790E-11  0.2010E-11  0.2080E-11  0.2040E-11  0.1870E-11  0.1550E-11  0.1220E-11  0.1040E-11
WAVELENGTH(A)= 
    11.508
 7 14 t 
excit   
    33.400     50.000     83.400    167.000    334.000    834.000   1670.000   2500.000   3340.000   5000.000   8340.000  16700.000  33400.000  50000.000 
  0.1000E+11  0.3510E-27  0.1040E-21  0.2270E-17  0.3520E-14  0.1190E-12  0.7920E-12  0.1280E-11  0.1410E-11  0.1430E-11  0.1400E-11  0.1270E-11  0.1050E-11  0.8230E-12  0.7060E-12
  0.1000E+12  0.3510E-27  0.1040E-21  0.2270E-17  0.3520E-14  0.1190E-12  0.7920E-12  0.1280E-11  0.1410E-11  0.1430E-11  0.1400E-11  0.1270E-11  0.1050E-11  0.8230E-12  0.7060E-12
  0.1000E+13  0.3510E-27  0.1040E-21  0.2270E-17  0.3520E-14  0.1190E-12  0.7920E-12  0.1280E-11  0.1410E-11  0.1430E-11  0.1400E-11  0.1270E-11  0.1050E-11  0.8230E-12  0.7060E-12
  0.1000E+14  0.3510E-27  0.1040E-21  0.2270E-17  0.3520E-14  0.1190E-12  0.7920E-12  0.1280E-11  0.1410E-11  0.1430E-11  0.1400E-11  0.1270E-11  0.1050E-11  0.8230E-12  0.7060E-12
  0.1000E+15  0.3510E-27  0.1040E-21  0.2270E-17  0.3520E-14  0.1190E-12  0.7920E-12  0.1280E-11  0.1410E-11  0.1430E-11  0.1400E-11  0.1270E-11  0.1050E-11  0.8230E-12  0.7060E-12
  0.1000E+16  0.3510E-27  0.1040E-21  0.2270E-17  0.3520E-14  0.1190E-12  0.7920E-12  0.1280E-11  0.1410E-11  0.1430E-11  0.1400E-11  0.1270E-11  0.1050E-11  0.8230E-12  0.7060E-12
  0.1000E+17  0.3510E-27  0.1040E-21  0.2270E-17  0.3520E-14  0.1190E-12  0.7920E-12  0.1280E-11  0.1410E-11  0.1430E-11  0.1400E-11  0.1270E-11  0.1050E-11  0.8230E-12  0.7060E-12
WAVELENGTH(A)= 
    12.212
 7 14 t 
excit   
    33.400     50.000     83.400    167.000    334.000    834.000   1670.000   2500.000   3340.000   5000.000   8340.000  16700.000  33400.000  50000.000 
  0.1000E+11  0.1990E-23  0.4160E-19  0.1080E-15  0.3410E-13  0.5180E-12  0.2200E-11  0.3270E-11  0.3720E-11  0.3980E-11  0.4290E-11  0.4580E-11  0.4780E-11  0.4710E-11  0.4540E-11
  0.1000E+12  0.1990E-23  0.4160E-19  0.1080E-15  0.3410E-13  0.5180E-12  0.2200E-11  0.3270E-11  0.3720E-11  0.3980E-11  0.4290E-11  0.4580E-11  0.4780E-11  0.4710E-11  0.4540E-11
  0.1000E+13  0.1990E-23  0.4160E-19  0.1080E-15  0.3410E-13  0.5180E-12  0.2200E-11  0.3270E-11  0.3720E-11  0.3980E-11  0.4290E-11  0.4580E-11  0.4780E-11  0.4710E-11  0.4540E-11
  0.1000E+14  0.1990E-23  0.4160E-19  0.1080E-15  0.3410E-13  0.5180E-12  0.2200E-11  0.3270E-11  0.3720E-11  0.3980E-11  0.4290E-11  0.4580E-11  0.4780E-11  0.4710E-11  0.4540E-11
  0.1000E+15  0.1990E-23  0.4160E-19  0.1080E-15  0.3410E-13  0.5180E-12  0.2200E-11  0.3270E-11  0.3720E-11  0.3980E-11  0.4290E-11  0.4580E-11  0.4780E-11  0.4710E-11  0.4540E-11
  0.1000E+16  0.1990E-23  0.4160E-19  0.1080E-15  0.3410E-13  0.5180E-12  0.2200E-11  0.3270E-11  0.3720E-11  0.3980E-11  0.4290E-11  0.4580E-11  0.4780E-11  0.4710E-11  0.4540E-11
  0.1000E+17  0.2000E-23  0.4160E-19  0.1090E-15  0.3420E-13  0.5190E-12  0.2200E-11  0.3270E-11  0.3720E-11  0.3980E-11  0.4290E-11  0.4580E-11  0.4780E-11  0.4710E-11  0.4540E-11
WAVELENGTH(A)= 
    13.037
 7 14 t 
excit   
    33.400     50.000     83.400    167.000    334.000    834.000   1670.000   2500.000   3340.000   5000.000   8340.000  16700.000  33400.000  50000.000 
  0.1000E+11  0.1230E-22  0.1360E-18  0.2150E-15  0.5010E-13  0.7550E-12  0.3720E-11  0.6170E-11  0.7320E-11  0.7980E-11  0.8720E-11  0.9310E-11  0.9490E-11  0.9120E-11  0.8700E-11
  0.1000E+12  0.1230E-22  0.1360E-18  0.2150E-15  0.5010E-13  0.7550E-12  0.3720E-11  0.6170E-11  0.7320E-11  0.7980E-11  0.8720E-11  0.9310E-11  0.9490E-11  0.9120E-11  0.8700E-11
  0.1000E+13  0.1230E-22  0.1360E-18  0.2150E-15  0.5010E-13  0.7550E-12  0.3720E-11  0.6170E-11  0.7320E-11  0.7980E-11  0.8720E-11  0.9310E-11  0.9490E-11  0.9120E-11  0.8700E-11
  0.1000E+14  0.1230E-22  0.1360E-18  0.2150E-15  0.5010E-13  0.7550E-12  0.3720E-11  0.6170E-11  0.7320E-11  0.7980E-11  0.8720E-11  0.9310E-11  0.9490E-11  0.9120E-11  0.8700E-11
  0.1000E+15  0.1230E-22  0.1360E-18  0.2150E-15  0.5010E-13  0.7550E-12  0.3720E-11  0.6170E-11  0.7320E-11  0.7980E-11  0.8720E-11  0.9310E-11  0.9490E-11  0.9120E-11  0.8700E-11
  0.1000E+16  0.1230E-22  0.1360E-18  0.2150E-15  0.5010E-13  0.7550E-12  0.3720E-11  0.6170E-11  0.7320E-11  0.7980E-11  0.8720E-11  0.9310E-11  0.9490E-11  0.9120E-11  0.8700E-11
  0.1000E+17  0.1230E-22  0.1360E-18  0.2150E-15  0.5010E-13  0.7550E-12  0.3720E-11  0.6170E-11  0.7320E-11  0.7980E-11  0.8720E-11  0.9300E-11  0.9490E-11  0.9120E-11  0.8700E-11
WAVELENGTH(A)= 
    13.078
 7 14 t 
excit   
    33.400     50.000     83.400    167.000    334.000    834.000   1670.000   2500.000   3340.000   5000.000   8340.000  16700.000  33400.000  50000.000 
  0.1000E+11  0.2840E-29  0.1430E-23  0.4880E-19  0.1150E-15  0.5200E-14  0.4530E-13  0.8790E-13  0.1090E-12  0.1210E-12  0.1360E-12  0.1480E-12  0.1540E-12  0.1490E-12  0.1430E-12
  0.1000E+12  0.2840E-29  0.1430E-23  0.4880E-19  0.1150E-15  0.5200E-14  0.4530E-13  0.8790E-13  0.1090E-12  0.1210E-12  0.1360E-12  0.1480E-12  0.1540E-12  0.1490E-12  0.1430E-12
  0.1000E+13  0.2840E-29  0.1430E-23  0.4880E-19  0.1150E-15  0.5200E-14  0.4530E-13  0.8790E-13  0.1090E-12  0.1210E-12  0.1360E-12  0.1480E-12  0.1540E-12  0.1490E-12  0.1430E-12
  0.1000E+14  0.2840E-29  0.1430E-23  0.4880E-19  0.1150E-15  0.5200E-14  0.4530E-13  0.8790E-13  0.1090E-12  0.1210E-12  0.1360E-12  0.1480E-12  0.1540E-12  0.1490E-12  0.1430E-12
  0.1000E+15  0.2840E-29  0.1430E-23  0.4880E-19  0.1150E-15  0.5200E-14  0.4530E-13  0.8790E-13  0.1090E-12  0.1210E-12  0.1360E-12  0.1480E-12  0.1540E-12  0.1490E-12  0.1430E-12
  0.1000E+16  0.2840E-29  0.1430E-23  0.4880E-19  0.1150E-15  0.5200E-14  0.4530E-13  0.8790E-13  0.1090E-12  0.1210E-12  0.1360E-12  0.1480E-12  0.1540E-12  0.1490E-12  0.1430E-12
  0.1000E+17  0.2840E-29  0.1430E-23  0.4880E-19  0.1150E-15  0.5200E-14  0.4530E-13  0.8790E-13  0.1090E-12  0.1210E-12  0.1360E-12  0.1480E-12  0.1540E-12  0.1490E-12  0.1430E-12
WAVELENGTH(A)= 
    13.091
 7 14 t 
excit   
    33.400     50.000     83.400    167.000    334.000    834.000   1670.000   2500.000   3340.000   5000.000   8340.000  16700.000  33400.000  50000.000 
  0.1000E+11  0.3240E-24  0.1720E-19  0.9480E-16  0.5220E-13  0.1050E-11  0.5310E-11  0.8120E-11  0.8950E-11  0.9170E-11  0.9050E-11  0.8390E-11  0.7030E-11  0.5580E-11  0.4780E-11
  0.1000E+12  0.3240E-24  0.1720E-19  0.9480E-16  0.5220E-13  0.1050E-11  0.5310E-11  0.8120E-11  0.8950E-11  0.9170E-11  0.9050E-11  0.8390E-11  0.7030E-11  0.5580E-11  0.4780E-11
  0.1000E+13  0.3240E-24  0.1720E-19  0.9480E-16  0.5220E-13  0.1050E-11  0.5310E-11  0.8120E-11  0.8950E-11  0.9170E-11  0.9050E-11  0.8390E-11  0.7030E-11  0.5580E-11  0.4780E-11
  0.1000E+14  0.3240E-24  0.1720E-19  0.9480E-16  0.5220E-13  0.1050E-11  0.5310E-11  0.8120E-11  0.8950E-11  0.9170E-11  0.9050E-11  0.8390E-11  0.7030E-11  0.5580E-11  0.4780E-11
  0.1000E+15  0.3240E-24  0.1720E-19  0.9480E-16  0.5220E-13  0.1050E-11  0.5310E-11  0.8120E-11  0.8950E-11  0.9170E-11  0.9050E-11  0.8390E-11  0.7030E-11  0.5580E-11  0.4780E-11
  0.1000E+16  0.3240E-24  0.1720E-19  0.9480E-16  0.5220E-13  0.1050E-11  0.5310E-11  0.8120E-11  0.8950E-11  0.9170E-11  0.9050E-11  0.8390E-11  0.7030E-11  0.5580E-11  0.4780E-11
  0.1000E+17  0.3240E-24  0.1720E-19  0.9480E-16  0.5220E-13  0.1050E-11  0.5310E-11  0.8120E-11  0.8940E-11  0.9170E-11  0.9050E-11  0.8390E-11  0.7030E-11  0.5580E-11  0.4780E-11
WAVELENGTH(A)= 
    14.788
 7 14 t 
excit   
    33.400     50.000     83.400    167.000    334.000    834.000   1670.000   2500.000   3340.000   5000.000   8340.000  16700.000  33400.000  50000.000 
  0.1000E+11  0.1000E-73  0.5170E-33  0.1320E-23  0.1290E-16  0.3400E-13  0.3080E-11  0.1190E-10  0.1770E-10  0.2120E-10  0.2470E-10  0.2720E-10  0.2770E-10  0.2610E-10  0.2470E-10
  0.1000E+12  0.1000E-73  0.5170E-33  0.1320E-23  0.1290E-16  0.3400E-13  0.3080E-11  0.1190E-10  0.1770E-10  0.2120E-10  0.2470E-10  0.2720E-10  0.2770E-10  0.2610E-10  0.2470E-10
  0.1000E+13  0.1000E-73  0.5170E-33  0.1320E-23  0.1290E-16  0.3400E-13  0.3080E-11  0.1190E-10  0.1770E-10  0.2120E-10  0.2470E-10  0.2720E-10  0.2770E-10  0.2610E-10  0.2470E-10
  0.1000E+14  0.1470E-44  0.5170E-33  0.1320E-23  0.1290E-16  0.3400E-13  0.3080E-11  0.1190E-10  0.1770E-10  0.2120E-10  0.2470E-10  0.2720E-10  0.2770E-10  0.2610E-10  0.2470E-10
  0.1000E+15  0.7360E-45  0.5170E-33  0.1320E-23  0.1290E-16  0.3400E-13  0.3080E-11  0.1190E-10  0.1770E-10  0.2120E-10  0.2470E-10  0.2720E-10  0.2770E-10  0.2610E-10  0.2470E-10
  0.1000E+16  0.8090E-45  0.5170E-33  0.1320E-23  0.1290E-16  0.3400E-13  0.3080E-11  0.1190E-10  0.1770E-10  0.2120E-10  0.2470E-10  0.2720E-10  0.2770E-10  0.2610E-10  0.2470E-10
  0.1000E+17  0.8030E-45  0.5170E-33  0.1320E-23  0.1290E-16  0.3400E-13  0.3080E-11  0.1190E-10  0.1770E-10  0.2120E-10  0.2470E-10  0.2710E-10  0.2770E-10  0.2610E-10  0.2470E-10
WAVELENGTH(A)= 
    14.992
 7 14 t 
excit   
    33.400     50.000     83.400    167.000    334.000    834.000   1670.000   2500.000   3340.000   5000.000   8340.000  16700.000  33400.000  50000.000 
  0.1000E+11  0.3210E-23  0.7820E-19  0.2310E-15  0.8000E-13  0.1280E-11  0.5650E-11  0.8210E-11  0.8840E-11  0.8940E-11  0.8700E-11  0.7970E-11  0.6600E-11  0.5220E-11  0.4470E-11
  0.1000E+12  0.3210E-23  0.7820E-19  0.2310E-15  0.8000E-13  0.1280E-11  0.5650E-11  0.8210E-11  0.8840E-11  0.8940E-11  0.8700E-11  0.7970E-11  0.6600E-11  0.5220E-11  0.4470E-11
  0.1000E+13  0.3210E-23  0.7820E-19  0.2310E-15  0.8000E-13  0.1280E-11  0.5650E-11  0.8210E-11  0.8840E-11  0.8940E-11  0.8700E-11  0.7970E-11  0.6600E-11  0.5220E-11  0.4470E-11
  0.1000E+14  0.3210E-23  0.7820E-19  0.2310E-15  0.8000E-13  0.1280E-11  0.5650E-11  0.8210E-11  0.8840E-11  0.8940E-11  0.8700E-11  0.7970E-11  0.6600E-11  0.5220E-11  0.4470E-11
  0.1000E+15  0.3210E-23  0.7820E-19  0.2310E-15  0.8000E-13  0.1280E-11  0.5650E-11  0.8210E-11  0.8840E-11  0.8940E-11  0.8700E-11  0.7970E-11  0.6600E-11  0.5220E-11  0.4470E-11
  0.1000E+16  0.3210E-23  0.7820E-19  0.2310E-15  0.8000E-13  0.1280E-11  0.5650E-11  0.8210E-11  0.8840E-11  0.8940E-11  0.8700E-11  0.7970E-11  0.6600E-11  0.5220E-11  0.4470E-11
  0.1000E+17  0.3210E-23  0.7820E-19  0.2310E-15  0.8000E-13  0.1280E-11  0.5650E-11  0.8200E-11  0.8840E-11  0.8940E-11  0.8700E-11  0.7960E-11  0.6600E-11  0.5220E-11  0.4470E-11
WAVELENGTH(A)= 
    15.943
 7 14 t 
excit   
    33.400     50.000     83.400    167.000    334.000    834.000   1670.000   2500.000   3340.000   5000.000   8340.000  16700.000  33400.000  50000.000 
  0.1000E+11  0.2370E-20  0.4670E-17  0.1890E-14  0.1530E-12  0.1280E-11  0.4390E-11  0.6650E-11  0.7680E-11  0.8250E-11  0.8870E-11  0.9290E-11  0.9230E-11  0.8700E-11  0.8180E-11
  0.1000E+12  0.2370E-20  0.4670E-17  0.1890E-14  0.1530E-12  0.1280E-11  0.4390E-11  0.6650E-11  0.7680E-11  0.8250E-11  0.8870E-11  0.9290E-11  0.9230E-11  0.8700E-11  0.8180E-11
  0.1000E+13  0.2370E-20  0.4670E-17  0.1890E-14  0.1530E-12  0.1280E-11  0.4390E-11  0.6650E-11  0.7680E-11  0.8250E-11  0.8870E-11  0.9290E-11  0.9230E-11  0.8700E-11  0.8180E-11
  0.1000E+14  0.2370E-20  0.4670E-17  0.1890E-14  0.1530E-12  0.1280E-11  0.4390E-11  0.6650E-11  0.7680E-11  0.8250E-11  0.8870E-11  0.9290E-11  0.9230E-11  0.8700E-11  0.8180E-11
  0.1000E+15  0.2370E-20  0.4670E-17  0.1890E-14  0.1530E-12  0.1280E-11  0.4390E-11  0.6650E-11  0.7680E-11  0.8250E-11  0.8870E-11  0.9290E-11  0.9230E-11  0.8700E-11  0.8180E-11
  0.1000E+16  0.2370E-20  0.4670E-17  0.1890E-14  0.1530E-12  0.1280E-11  0.4390E-11  0.6650E-11  0.7680E-11  0.8250E-11  0.8870E-11  0.9290E-11  0.9230E-11  0.8700E-11  0.8180E-11
  0.1000E+17  0.2370E-20  0.4670E-17  0.1890E-14  0.1530E-12  0.1280E-11  0.4380E-11  0.6650E-11  0.7680E-11  0.8250E-11  0.8870E-11  0.9290E-11  0.9230E-11  0.8700E-11  0.8180E-11
WAVELENGTH(A)= 
    16.004
 7 14 t 
excit   
    33.400     50.000     83.400    167.000    334.000    834.000   1670.000   2500.000   3340.000   5000.000   8340.000  16700.000  33400.000  50000.000 
  0.1000E+11  0.1960E-21  0.1850E-17  0.2570E-14  0.5020E-12  0.6030E-11  0.2180E-10  0.2890E-10  0.2980E-10  0.2920E-10  0.2750E-10  0.2420E-10  0.1920E-10  0.1480E-10  0.1240E-10
  0.1000E+12  0.1960E-21  0.1850E-17  0.2570E-14  0.5020E-12  0.6030E-11  0.2180E-10  0.2890E-10  0.2980E-10  0.2920E-10  0.2750E-10  0.2420E-10  0.1920E-10  0.1480E-10  0.1240E-10
  0.1000E+13  0.1960E-21  0.1850E-17  0.2570E-14  0.5020E-12  0.6030E-11  0.2180E-10  0.2890E-10  0.2980E-10  0.2920E-10  0.2750E-10  0.2420E-10  0.1920E-10  0.1480E-10  0.1240E-10
  0.1000E+14  0.1960E-21  0.1850E-17  0.2570E-14  0.5020E-12  0.6030E-11  0.2180E-10  0.2890E-10  0.2980E-10  0.2920E-10  0.2750E-10  0.2420E-10  0.1920E-10  0.1480E-10  0.1240E-10
  0.1000E+15  0.1960E-21  0.1850E-17  0.2570E-14  0.5020E-12  0.6030E-11  0.2180E-10  0.2890E-10  0.2980E-10  0.2920E-10  0.2750E-10  0.2420E-10  0.1920E-10  0.1480E-10  0.1240E-10
  0.1000E+16  0.1960E-21  0.1850E-17  0.2570E-14  0.5020E-12  0.6030E-11  0.2180E-10  0.2890E-10  0.2980E-10  0.2920E-10  0.2750E-10  0.2420E-10  0.1920E-10  0.1480E-10  0.1240E-10
  0.1000E+17  0.1960E-21  0.1850E-17  0.2570E-14  0.5020E-12  0.6030E-11  0.2180E-10  0.2890E-10  0.2970E-10  0.2920E-10  0.2750E-10  0.2420E-10  0.1920E-10  0.1480E-10  0.1240E-10
WAVELENGTH(A)= 
    16.216
 7 14 t 
excit   
    33.400     50.000     83.400    167.000    334.000    834.000   1670.000   2500.000   3340.000   5000.000   8340.000  16700.000  33400.000  50000.000 
  0.1000E+11  0.1050E-33  0.2380E-26  0.1660E-20  0.3450E-16  0.4210E-14  0.5970E-13  0.1220E-12  0.1440E-12  0.1520E-12  0.1520E-12  0.1400E-12  0.1150E-12  0.8900E-13  0.7520E-13
  0.1000E+12  0.1050E-33  0.2380E-26  0.1660E-20  0.3450E-16  0.4210E-14  0.5970E-13  0.1220E-12  0.1440E-12  0.1520E-12  0.1520E-12  0.1400E-12  0.1150E-12  0.8900E-13  0.7520E-13
  0.1000E+13  0.1050E-33  0.2380E-26  0.1660E-20  0.3450E-16  0.4210E-14  0.5970E-13  0.1220E-12  0.1440E-12  0.1520E-12  0.1520E-12  0.1400E-12  0.1150E-12  0.8900E-13  0.7520E-13
  0.1000E+14  0.1050E-33  0.2380E-26  0.1660E-20  0.3450E-16  0.4210E-14  0.5970E-13  0.1220E-12  0.1440E-12  0.1520E-12  0.1520E-12  0.1400E-12  0.1150E-12  0.8900E-13  0.7520E-13
  0.1000E+15  0.1050E-33  0.2380E-26  0.1660E-20  0.3450E-16  0.4210E-14  0.5970E-13  0.1220E-12  0.1440E-12  0.1520E-12  0.1520E-12  0.1400E-12  0.1150E-12  0.8900E-13  0.7520E-13
  0.1000E+16  0.1050E-33  0.2380E-26  0.1660E-20  0.3450E-16  0.4210E-14  0.5970E-13  0.1220E-12  0.1440E-12  0.1520E-12  0.1520E-12  0.1400E-12  0.1150E-12  0.8900E-13  0.7520E-13
  0.1000E+17  0.1050E-33  0.2380E-26  0.1660E-20  0.3450E-16  0.4210E-14  0.5960E-13  0.1220E-12  0.1440E-12  0.1520E-12  0.1520E-12  0.1400E-12  0.1150E-12  0.8890E-13  0.7520E-13
WAVELENGTH(A)= 
    16.590
 7 14 t 
excit   
    33.400     50.000     83.400    167.000    334.000    834.000   1670.000   2500.000   3340.000   5000.000   8340.000  16700.000  33400.000  50000.000 
  0.1000E+11  0.4320E-31  0.1460E-24  0.2240E-19  0.1490E-15  0.1030E-13  0.1050E-12  0.1930E-12  0.2210E-12  0.2280E-12  0.2260E-12  0.2070E-12  0.1700E-12  0.1330E-12  0.1130E-12
  0.1000E+12  0.4320E-31  0.1460E-24  0.2240E-19  0.1490E-15  0.1030E-13  0.1050E-12  0.1930E-12  0.2210E-12  0.2280E-12  0.2260E-12  0.2070E-12  0.1700E-12  0.1330E-12  0.1130E-12
  0.1000E+13  0.4320E-31  0.1460E-24  0.2240E-19  0.1490E-15  0.1030E-13  0.1050E-12  0.1930E-12  0.2210E-12  0.2280E-12  0.2260E-12  0.2070E-12  0.1700E-12  0.1330E-12  0.1130E-12
  0.1000E+14  0.4320E-31  0.1460E-24  0.2240E-19  0.1490E-15  0.1030E-13  0.1050E-12  0.1930E-12  0.2210E-12  0.2280E-12  0.2260E-12  0.2070E-12  0.1700E-12  0.1330E-12  0.1130E-12
  0.1000E+15  0.4320E-31  0.1460E-24  0.2240E-19  0.1490E-15  0.1030E-13  0.1050E-12  0.1930E-12  0.2210E-12  0.2280E-12  0.2260E-12  0.2070E-12  0.1700E-12  0.1330E-12  0.1130E-12
  0.1000E+16  0.4320E-31  0.1460E-24  0.2240E-19  0.1490E-15  0.1030E-13  0.1050E-12  0.1930E-12  0.2210E-12  0.2280E-12  0.2260E-12  0.2070E-12  0.1700E-12  0.1330E-12  0.1130E-12
  0.1000E+17  0.4320E-31  0.1460E-24  0.2240E-19  0.1490E-15  0.1030E-13  0.1050E-12  0.1930E-12  0.2210E-12  0.2280E-12  0.2260E-12  0.2070E-12  0.1700E-12  0.1330E-12  0.1130E-12
WAVELENGTH(A)= 
    17.610
 7 14 t 
excit   
    33.400     50.000     83.400    167.000    334.000    834.000   1670.000   2500.000   3340.000   5000.000   8340.000  16700.000  33400.000  50000.000 
  0.1000E+11  0.1000E-73  0.4480E-34  0.1670E-24  0.2160E-17  0.6560E-14  0.6400E-12  0.2500E-11  0.3690E-11  0.4360E-11  0.4950E-11  0.5130E-11  0.4710E-11  0.3920E-11  0.3430E-11
  0.1000E+12  0.1000E-73  0.4480E-34  0.1670E-24  0.2160E-17  0.6560E-14  0.6400E-12  0.2500E-11  0.3690E-11  0.4360E-11  0.4950E-11  0.5130E-11  0.4710E-11  0.3920E-11  0.3430E-11
  0.1000E+13  0.1000E-73  0.4480E-34  0.1670E-24  0.2160E-17  0.6560E-14  0.6400E-12  0.2500E-11  0.3690E-11  0.4360E-11  0.4950E-11  0.5130E-11  0.4710E-11  0.3920E-11  0.3430E-11
  0.1000E+14  0.1000E-73  0.4480E-34  0.1670E-24  0.2160E-17  0.6560E-14  0.6400E-12  0.2500E-11  0.3690E-11  0.4360E-11  0.4950E-11  0.5130E-11  0.4710E-11  0.3920E-11  0.3430E-11
  0.1000E+15  0.1000E-73  0.4480E-34  0.1670E-24  0.2160E-17  0.6560E-14  0.6400E-12  0.2500E-11  0.3690E-11  0.4360E-11  0.4950E-11  0.5130E-11  0.4710E-11  0.3920E-11  0.3430E-11
  0.1000E+16  0.5580E-46  0.4490E-34  0.1670E-24  0.2160E-17  0.6560E-14  0.6400E-12  0.2500E-11  0.3690E-11  0.4360E-11  0.4950E-11  0.5130E-11  0.4710E-11  0.3920E-11  0.3430E-11
  0.1000E+17  0.4460E-46  0.4500E-34  0.1670E-24  0.2160E-17  0.6560E-14  0.6400E-12  0.2500E-11  0.3700E-11  0.4360E-11  0.4950E-11  0.5140E-11  0.4710E-11  0.3920E-11  0.3430E-11
WAVELENGTH(A)= 
    17.735
 7 14 t 
excit   
    33.400     50.000     83.400    167.000    334.000    834.000   1670.000   2500.000   3340.000   5000.000   8340.000  16700.000  33400.000  50000.000 
  0.1000E+11  0.6390E-32  0.3020E-25  0.6180E-20  0.5360E-16  0.4380E-14  0.5240E-13  0.1120E-12  0.1440E-12  0.1640E-12  0.1870E-12  0.2090E-12  0.2230E-12  0.2200E-12  0.2120E-12
  0.1000E+12  0.6390E-32  0.3020E-25  0.6180E-20  0.5360E-16  0.4380E-14  0.5240E-13  0.1120E-12  0.1440E-12  0.1640E-12  0.1870E-12  0.2090E-12  0.2230E-12  0.2200E-12  0.2120E-12
  0.1000E+13  0.6390E-32  0.3020E-25  0.6180E-20  0.5360E-16  0.4380E-14  0.5240E-13  0.1120E-12  0.1440E-12  0.1640E-12  0.1870E-12  0.2090E-12  0.2230E-12  0.2200E-12  0.2120E-12
  0.1000E+14  0.6390E-32  0.3020E-25  0.6180E-20  0.5360E-16  0.4380E-14  0.5240E-13  0.1120E-12  0.1440E-12  0.1640E-12  0.1870E-12  0.2090E-12  0.2230E-12  0.2200E-12  0.2120E-12
  0.1000E+15  0.6390E-32  0.3020E-25  0.6180E-20  0.5360E-16  0.4380E-14  0.5240E-13  0.1120E-12  0.1440E-12  0.1640E-12  0.1870E-12  0.2090E-12  0.2230E-12  0.2200E-12  0.2120E-12
  0.1000E+16  0.6390E-32  0.3020E-25  0.6180E-20  0.5360E-16  0.4380E-14  0.5240E-13  0.1120E-12  0.1440E-12  0.1640E-12  0.1870E-12  0.2090E-12  0.2230E-12  0.2200E-12  0.2120E-12
  0.1000E+17  0.6390E-32  0.3020E-25  0.6180E-20  0.5360E-16  0.4380E-14  0.5240E-13  0.1120E-12  0.1440E-12  0.1640E-12  0.1870E-12  0.2090E-12  0.2230E-12  0.2200E-12  0.2120E-12
WAVELENGTH(A)= 
    18.956
 7 14 t 
excit   
    33.400     50.000     83.400    167.000    334.000    834.000   1670.000   2500.000   3340.000   5000.000   8340.000  16700.000  33400.000  50000.000 
  0.1000E+11  0.4280E-23  0.8920E-19  0.2330E-15  0.7330E-13  0.1110E-11  0.4710E-11  0.7020E-11  0.7980E-11  0.8540E-11  0.9210E-11  0.9840E-11  0.1030E-10  0.1010E-10  0.9750E-11
  0.1000E+12  0.4280E-23  0.8920E-19  0.2330E-15  0.7330E-13  0.1110E-11  0.4710E-11  0.7020E-11  0.7980E-11  0.8540E-11  0.9210E-11  0.9840E-11  0.1030E-10  0.1010E-10  0.9750E-11
  0.1000E+13  0.4280E-23  0.8920E-19  0.2330E-15  0.7330E-13  0.1110E-11  0.4710E-11  0.7020E-11  0.7980E-11  0.8540E-11  0.9210E-11  0.9840E-11  0.1030E-10  0.1010E-10  0.9750E-11
  0.1000E+14  0.4280E-23  0.8920E-19  0.2330E-15  0.7330E-13  0.1110E-11  0.4710E-11  0.7020E-11  0.7980E-11  0.8540E-11  0.9210E-11  0.9840E-11  0.1030E-10  0.1010E-10  0.9750E-11
  0.1000E+15  0.4280E-23  0.8920E-19  0.2330E-15  0.7330E-13  0.1110E-11  0.4710E-11  0.7020E-11  0.7980E-11  0.8540E-11  0.9210E-11  0.9840E-11  0.1030E-10  0.1010E-10  0.9750E-11
  0.1000E+16  0.4280E-23  0.8920E-19  0.2330E-15  0.7330E-13  0.1110E-11  0.4710E-11  0.7020E-11  0.7980E-11  0.8540E-11  0.9210E-11  0.9840E-11  0.1030E-10  0.1010E-10  0.9750E-11
  0.1000E+17  0.4280E-23  0.8940E-19  0.2330E-15  0.7340E-13  0.1110E-11  0.4710E-11  0.7020E-11  0.7980E-11  0.8540E-11  0.9210E-11  0.9840E-11  0.1030E-10  0.1010E-10  0.9750E-11
WAVELENGTH(A)= 
    18.982
 7 14 t 
excit   
    33.400     50.000     83.400    167.000    334.000    834.000   1670.000   2500.000   3340.000   5000.000   8340.000  16700.000  33400.000  50000.000 
  0.1000E+11  0.1330E-20  0.5720E-17  0.4210E-14  0.5150E-12  0.4910E-11  0.1570E-10  0.2040E-10  0.2100E-10  0.2050E-10  0.1950E-10  0.1730E-10  0.1400E-10  0.1110E-10  0.9450E-11
  0.1000E+12  0.1330E-20  0.5720E-17  0.4210E-14  0.5150E-12  0.4910E-11  0.1570E-10  0.2040E-10  0.2100E-10  0.2050E-10  0.1950E-10  0.1730E-10  0.1400E-10  0.1110E-10  0.9450E-11
  0.1000E+13  0.1330E-20  0.5720E-17  0.4210E-14  0.5150E-12  0.4910E-11  0.1570E-10  0.2040E-10  0.2100E-10  0.2050E-10  0.1950E-10  0.1730E-10  0.1400E-10  0.1110E-10  0.9450E-11
  0.1000E+14  0.1330E-20  0.5720E-17  0.4210E-14  0.5150E-12  0.4910E-11  0.1570E-10  0.2040E-10  0.2100E-10  0.2050E-10  0.1950E-10  0.1730E-10  0.1400E-10  0.1110E-10  0.9450E-11
  0.1000E+15  0.1330E-20  0.5720E-17  0.4210E-14  0.5150E-12  0.4910E-11  0.1570E-10  0.2040E-10  0.2100E-10  0.2050E-10  0.1950E-10  0.1730E-10  0.1400E-10  0.1110E-10  0.9450E-11
  0.1000E+16  0.1330E-20  0.5720E-17  0.4210E-14  0.5150E-12  0.4910E-11  0.1570E-10  0.2040E-10  0.2100E-10  0.2050E-10  0.1950E-10  0.1730E-10  0.1400E-10  0.1110E-10  0.9450E-11
  0.1000E+17  0.1330E-20  0.5720E-17  0.4210E-14  0.5150E-12  0.4910E-11  0.1570E-10  0.2040E-10  0.2090E-10  0.2050E-10  0.1950E-10  0.1730E-10  0.1400E-10  0.1110E-10  0.9450E-11
WAVELENGTH(A)= 
    19.626
 7 14 t 
excit   
    33.400     50.000     83.400    167.000    334.000    834.000   1670.000   2500.000   3340.000   5000.000   8340.000  16700.000  33400.000  50000.000 
  0.1000E+11  0.1040E-31  0.6240E-25  0.1510E-19  0.1420E-15  0.1170E-13  0.1310E-12  0.2510E-12  0.2910E-12  0.3030E-12  0.3020E-12  0.2790E-12  0.2300E-12  0.1800E-12  0.1530E-12
  0.1000E+12  0.1040E-31  0.6240E-25  0.1510E-19  0.1420E-15  0.1170E-13  0.1310E-12  0.2510E-12  0.2910E-12  0.3030E-12  0.3020E-12  0.2790E-12  0.2300E-12  0.1800E-12  0.1530E-12
  0.1000E+13  0.1040E-31  0.6240E-25  0.1510E-19  0.1420E-15  0.1170E-13  0.1310E-12  0.2510E-12  0.2910E-12  0.3030E-12  0.3020E-12  0.2790E-12  0.2300E-12  0.1800E-12  0.1530E-12
  0.1000E+14  0.1040E-31  0.6240E-25  0.1510E-19  0.1420E-15  0.1170E-13  0.1310E-12  0.2510E-12  0.2910E-12  0.3030E-12  0.3020E-12  0.2790E-12  0.2300E-12  0.1800E-12  0.1530E-12
  0.1000E+15  0.1040E-31  0.6240E-25  0.1510E-19  0.1420E-15  0.1170E-13  0.1310E-12  0.2510E-12  0.2910E-12  0.3030E-12  0.3020E-12  0.2790E-12  0.2300E-12  0.1800E-12  0.1530E-12
  0.1000E+16  0.1040E-31  0.6240E-25  0.1510E-19  0.1420E-15  0.1170E-13  0.1310E-12  0.2510E-12  0.2910E-12  0.3030E-12  0.3020E-12  0.2790E-12  0.2300E-12  0.1800E-12  0.1530E-12
  0.1000E+17  0.1040E-31  0.6240E-25  0.1510E-19  0.1420E-15  0.1170E-13  0.1310E-12  0.2510E-12  0.2910E-12  0.3030E-12  0.3020E-12  0.2780E-12  0.2300E-12  0.1800E-12  0.1530E-12
WAVELENGTH(A)= 
    21.492
 7 14 t 
excit   
    33.400     50.000     83.400    167.000    334.000    834.000   1670.000   2500.000   3340.000   5000.000   8340.000  16700.000  33400.000  50000.000 
  0.1000E+11  0.1000E-73  0.9090E-33  0.1230E-23  0.7450E-17  0.1550E-13  0.1190E-11  0.4210E-11  0.5950E-11  0.6800E-11  0.7400E-11  0.7290E-11  0.6290E-11  0.5000E-11  0.4270E-11
  0.1000E+12  0.1000E-73  0.9090E-33  0.1230E-23  0.7450E-17  0.1550E-13  0.1190E-11  0.4210E-11  0.5950E-11  0.6800E-11  0.7400E-11  0.7290E-11  0.6290E-11  0.5000E-11  0.4270E-11
  0.1000E+13  0.3210E-44  0.9090E-33  0.1230E-23  0.7450E-17  0.1550E-13  0.1190E-11  0.4210E-11  0.5950E-11  0.6800E-11  0.7400E-11  0.7290E-11  0.6290E-11  0.5000E-11  0.4270E-11
  0.1000E+14  0.3100E-44  0.9090E-33  0.1230E-23  0.7450E-17  0.1550E-13  0.1190E-11  0.4210E-11  0.5950E-11  0.6800E-11  0.7400E-11  0.7290E-11  0.6290E-11  0.5000E-11  0.4270E-11
  0.1000E+15  0.3130E-44  0.9090E-33  0.1230E-23  0.7450E-17  0.1550E-13  0.1190E-11  0.4210E-11  0.5950E-11  0.6800E-11  0.7400E-11  0.7290E-11  0.6290E-11  0.5000E-11  0.4270E-11
  0.1000E+16  0.3130E-44  0.9090E-33  0.1230E-23  0.7450E-17  0.1550E-13  0.1190E-11  0.4210E-11  0.5950E-11  0.6800E-11  0.7400E-11  0.7290E-11  0.6290E-11  0.5000E-11  0.4270E-11
  0.1000E+17  0.3130E-44  0.9100E-33  0.1230E-23  0.7450E-17  0.1550E-13  0.1190E-11  0.4210E-11  0.5950E-11  0.6810E-11  0.7400E-11  0.7290E-11  0.6290E-11  0.5000E-11  0.4270E-11
WAVELENGTH(A)= 
    21.598
 7 14 t 
excit   
    33.400     50.000     83.400    167.000    334.000    834.000   1670.000   2500.000   3340.000   5000.000   8340.000  16700.000  33400.000  50000.000 
  0.1000E+11  0.5520E-31  0.1870E-24  0.2860E-19  0.1900E-15  0.1320E-13  0.1340E-12  0.2460E-12  0.2820E-12  0.2920E-12  0.2880E-12  0.2650E-12  0.2180E-12  0.1700E-12  0.1450E-12
  0.1000E+12  0.5520E-31  0.1870E-24  0.2860E-19  0.1900E-15  0.1320E-13  0.1340E-12  0.2460E-12  0.2820E-12  0.2920E-12  0.2880E-12  0.2650E-12  0.2180E-12  0.1700E-12  0.1450E-12
  0.1000E+13  0.5520E-31  0.1870E-24  0.2860E-19  0.1900E-15  0.1320E-13  0.1340E-12  0.2460E-12  0.2820E-12  0.2920E-12  0.2880E-12  0.2650E-12  0.2180E-12  0.1700E-12  0.1450E-12
  0.1000E+14  0.5520E-31  0.1870E-24  0.2860E-19  0.1900E-15  0.1320E-13  0.1340E-12  0.2460E-12  0.2820E-12  0.2920E-12  0.2880E-12  0.2650E-12  0.2180E-12  0.1700E-12  0.1450E-12
  0.1000E+15  0.5520E-31  0.1870E-24  0.2860E-19  0.1900E-15  0.1320E-13  0.1340E-12  0.2460E-12  0.2820E-12  0.2920E-12  0.2880E-12  0.2650E-12  0.2180E-12  0.1700E-12  0.1450E-12
  0.1000E+16  0.5520E-31  0.1870E-24  0.2860E-19  0.1900E-15  0.1320E-13  0.1340E-12  0.2460E-12  0.2820E-12  0.2920E-12  0.2880E-12  0.2650E-12  0.2180E-12  0.1700E-12  0.1450E-12
  0.1000E+17  0.5520E-31  0.1870E-24  0.2860E-19  0.1900E-15  0.1320E-13  0.1340E-12  0.2460E-12  0.2820E-12  0.2920E-12  0.2880E-12  0.2650E-12  0.2180E-12  0.1700E-12  0.1450E-12
WAVELENGTH(A)= 
    21.908
 7 14 t 
excit   
    33.400     50.000     83.400    167.000    334.000    834.000   1670.000   2500.000   3340.000   5000.000   8340.000  16700.000  33400.000  50000.000 
  0.1000E+11  0.1910E-23  0.2110E-19  0.3340E-16  0.7790E-14  0.1170E-12  0.5790E-12  0.9600E-12  0.1140E-11  0.1240E-11  0.1360E-11  0.1450E-11  0.1480E-11  0.1420E-11  0.1350E-11
  0.1000E+12  0.1910E-23  0.2110E-19  0.3340E-16  0.7790E-14  0.1170E-12  0.5790E-12  0.9600E-12  0.1140E-11  0.1240E-11  0.1360E-11  0.1450E-11  0.1480E-11  0.1420E-11  0.1350E-11
  0.1000E+13  0.1910E-23  0.2110E-19  0.3340E-16  0.7790E-14  0.1170E-12  0.5790E-12  0.9600E-12  0.1140E-11  0.1240E-11  0.1360E-11  0.1450E-11  0.1480E-11  0.1420E-11  0.1350E-11
  0.1000E+14  0.1910E-23  0.2110E-19  0.3340E-16  0.7790E-14  0.1170E-12  0.5790E-12  0.9600E-12  0.1140E-11  0.1240E-11  0.1360E-11  0.1450E-11  0.1480E-11  0.1420E-11  0.1350E-11
  0.1000E+15  0.1910E-23  0.2110E-19  0.3340E-16  0.7790E-14  0.1170E-12  0.5790E-12  0.9600E-12  0.1140E-11  0.1240E-11  0.1360E-11  0.1450E-11  0.1480E-11  0.1420E-11  0.1350E-11
  0.1000E+16  0.1920E-23  0.2110E-19  0.3340E-16  0.7790E-14  0.1170E-12  0.5790E-12  0.9600E-12  0.1140E-11  0.1240E-11  0.1360E-11  0.1450E-11  0.1480E-11  0.1420E-11  0.1350E-11
  0.1000E+17  0.1920E-23  0.2110E-19  0.3340E-16  0.7790E-14  0.1170E-12  0.5790E-12  0.9600E-12  0.1140E-11  0.1240E-11  0.1360E-11  0.1450E-11  0.1480E-11  0.1420E-11  0.1350E-11
WAVELENGTH(A)= 
    24.606
 7 14 t 
excit   
    33.400     50.000     83.400    167.000    334.000    834.000   1670.000   2500.000   3340.000   5000.000   8340.000  16700.000  33400.000  50000.000 
  0.1000E+11  0.1790E-27  0.5310E-22  0.1160E-17  0.1790E-14  0.6040E-13  0.4030E-12  0.6540E-12  0.7190E-12  0.7290E-12  0.7110E-12  0.6470E-12  0.5330E-12  0.4190E-12  0.3600E-12
  0.1000E+12  0.1790E-27  0.5310E-22  0.1160E-17  0.1790E-14  0.6040E-13  0.4030E-12  0.6540E-12  0.7190E-12  0.7290E-12  0.7110E-12  0.6470E-12  0.5330E-12  0.4190E-12  0.3600E-12
  0.1000E+13  0.1790E-27  0.5310E-22  0.1160E-17  0.1790E-14  0.6040E-13  0.4030E-12  0.6540E-12  0.7190E-12  0.7290E-12  0.7110E-12  0.6470E-12  0.5330E-12  0.4190E-12  0.3600E-12
  0.1000E+14  0.1790E-27  0.5310E-22  0.1160E-17  0.1790E-14  0.6040E-13  0.4030E-12  0.6540E-12  0.7190E-12  0.7290E-12  0.7110E-12  0.6470E-12  0.5330E-12  0.4190E-12  0.3600E-12
  0.1000E+15  0.1790E-27  0.5310E-22  0.1160E-17  0.1790E-14  0.6040E-13  0.4030E-12  0.6540E-12  0.7190E-12  0.7290E-12  0.7110E-12  0.6470E-12  0.5330E-12  0.4190E-12  0.3600E-12
  0.1000E+16  0.1790E-27  0.5310E-22  0.1160E-17  0.1790E-14  0.6040E-13  0.4030E-12  0.6540E-12  0.7190E-12  0.7290E-12  0.7110E-12  0.6470E-12  0.5330E-12  0.4190E-12  0.3600E-12
  0.1000E+17  0.1790E-27  0.5310E-22  0.1160E-17  0.1790E-14  0.6040E-13  0.4030E-12  0.6530E-12  0.7180E-12  0.7280E-12  0.7110E-12  0.6470E-12  0.5320E-12  0.4190E-12  0.3590E-12
WAVELENGTH(A)= 
    26.061
 7 14 t 
excit   
    33.400     50.000     83.400    167.000    334.000    834.000   1670.000   2500.000   3340.000   5000.000   8340.000  16700.000  33400.000  50000.000 
  0.1000E+11  0.1010E-28  0.5070E-23  0.1740E-18  0.4090E-15  0.1850E-13  0.1610E-12  0.3130E-12  0.3880E-12  0.4310E-12  0.4820E-12  0.5270E-12  0.5470E-12  0.5310E-12  0.5090E-12
  0.1000E+12  0.1010E-28  0.5070E-23  0.1740E-18  0.4090E-15  0.1850E-13  0.1610E-12  0.3130E-12  0.3880E-12  0.4310E-12  0.4820E-12  0.5270E-12  0.5470E-12  0.5310E-12  0.5090E-12
  0.1000E+13  0.1010E-28  0.5070E-23  0.1740E-18  0.4090E-15  0.1850E-13  0.1610E-12  0.3130E-12  0.3880E-12  0.4310E-12  0.4820E-12  0.5270E-12  0.5470E-12  0.5310E-12  0.5090E-12
  0.1000E+14  0.1010E-28  0.5070E-23  0.1740E-18  0.4090E-15  0.1850E-13  0.1610E-12  0.3130E-12  0.3880E-12  0.4310E-12  0.4820E-12  0.5270E-12  0.5470E-12  0.5310E-12  0.5090E-12
  0.1000E+15  0.1010E-28  0.5070E-23  0.1740E-18  0.4090E-15  0.1850E-13  0.1610E-12  0.3130E-12  0.3880E-12  0.4310E-12  0.4820E-12  0.5270E-12  0.5470E-12  0.5310E-12  0.5090E-12
  0.1000E+16  0.1010E-28  0.5070E-23  0.1740E-18  0.4090E-15  0.1850E-13  0.1610E-12  0.3130E-12  0.3880E-12  0.4310E-12  0.4820E-12  0.5270E-12  0.5470E-12  0.5310E-12  0.5090E-12
  0.1000E+17  0.1010E-28  0.5070E-23  0.1740E-18  0.4090E-15  0.1850E-13  0.1610E-12  0.3130E-12  0.3880E-12  0.4310E-12  0.4820E-12  0.5270E-12  0.5470E-12  0.5310E-12  0.5090E-12
WAVELENGTH(A)= 
    29.138
 7 14 t 
excit   
    33.400     50.000     83.400    167.000    334.000    834.000   1670.000   2500.000   3340.000   5000.000   8340.000  16700.000  33400.000  50000.000 
  0.1000E+11  0.1000E-28  0.7680E-23  0.3600E-18  0.9850E-15  0.4390E-13  0.3450E-12  0.5920E-12  0.6660E-12  0.6870E-12  0.6750E-12  0.6200E-12  0.5140E-12  0.4040E-12  0.3450E-12
  0.1000E+12  0.1000E-28  0.7680E-23  0.3600E-18  0.9850E-15  0.4390E-13  0.3450E-12  0.5920E-12  0.6660E-12  0.6870E-12  0.6750E-12  0.6200E-12  0.5140E-12  0.4040E-12  0.3450E-12
  0.1000E+13  0.1000E-28  0.7680E-23  0.3600E-18  0.9850E-15  0.4390E-13  0.3450E-12  0.5920E-12  0.6660E-12  0.6870E-12  0.6750E-12  0.6200E-12  0.5140E-12  0.4040E-12  0.3450E-12
  0.1000E+14  0.1000E-28  0.7680E-23  0.3600E-18  0.9850E-15  0.4390E-13  0.3450E-12  0.5920E-12  0.6660E-12  0.6870E-12  0.6750E-12  0.6200E-12  0.5140E-12  0.4040E-12  0.3450E-12
  0.1000E+15  0.1000E-28  0.7680E-23  0.3600E-18  0.9850E-15  0.4390E-13  0.3450E-12  0.5920E-12  0.6660E-12  0.6870E-12  0.6750E-12  0.6200E-12  0.5140E-12  0.4040E-12  0.3450E-12
  0.1000E+16  0.1000E-28  0.7680E-23  0.3600E-18  0.9850E-15  0.4390E-13  0.3450E-12  0.5920E-12  0.6660E-12  0.6870E-12  0.6750E-12  0.6200E-12  0.5140E-12  0.4040E-12  0.3450E-12
  0.1000E+17  0.1000E-28  0.7680E-23  0.3600E-18  0.9840E-15  0.4390E-13  0.3450E-12  0.5920E-12  0.6660E-12  0.6870E-12  0.6750E-12  0.6200E-12  0.5130E-12  0.4040E-12  0.3450E-12
WAVELENGTH(A)= 
    32.560
 7 14 t 
excit   
    33.400     50.000     83.400    167.000    334.000    834.000   1670.000   2500.000   3340.000   5000.000   8340.000  16700.000  33400.000  50000.000 
  0.1000E+11  0.2020E-27  0.3930E-22  0.6160E-18  0.7750E-15  0.2480E-13  0.1740E-12  0.3110E-12  0.3720E-12  0.4050E-12  0.4380E-12  0.4600E-12  0.4580E-12  0.4320E-12  0.4060E-12
  0.1000E+12  0.2020E-27  0.3930E-22  0.6160E-18  0.7750E-15  0.2480E-13  0.1740E-12  0.3110E-12  0.3720E-12  0.4050E-12  0.4380E-12  0.4600E-12  0.4580E-12  0.4320E-12  0.4060E-12
  0.1000E+13  0.2020E-27  0.3930E-22  0.6160E-18  0.7750E-15  0.2480E-13  0.1740E-12  0.3110E-12  0.3720E-12  0.4050E-12  0.4380E-12  0.4600E-12  0.4580E-12  0.4320E-12  0.4060E-12
  0.1000E+14  0.2020E-27  0.3930E-22  0.6160E-18  0.7750E-15  0.2480E-13  0.1740E-12  0.3110E-12  0.3720E-12  0.4050E-12  0.4380E-12  0.4600E-12  0.4580E-12  0.4320E-12  0.4060E-12
  0.1000E+15  0.2020E-27  0.3930E-22  0.6160E-18  0.7750E-15  0.2480E-13  0.1740E-12  0.3110E-12  0.3720E-12  0.4050E-12  0.4380E-12  0.4600E-12  0.4580E-12  0.4320E-12  0.4060E-12
  0.1000E+16  0.2020E-27  0.3930E-22  0.6160E-18  0.7750E-15  0.2480E-13  0.1740E-12  0.3110E-12  0.3720E-12  0.4050E-12  0.4380E-12  0.4600E-12  0.4580E-12  0.4320E-12  0.4060E-12
  0.1000E+17  0.2020E-27  0.3930E-22  0.6160E-18  0.7750E-15  0.2480E-13  0.1740E-12  0.3110E-12  0.3720E-12  0.4050E-12  0.4380E-12  0.4600E-12  0.4580E-12  0.4320E-12  0.4060E-12
WAVELENGTH(A)= 
    37.507
 7 14 t 
excit   
    33.400     50.000     83.400    167.000    334.000    834.000   1670.000   2500.000   3340.000   5000.000   8340.000  16700.000  33400.000  50000.000 
  0.1000E+11  0.3430E-27  0.1020E-21  0.2220E-17  0.3440E-14  0.1160E-12  0.7740E-12  0.1250E-11  0.1380E-11  0.1400E-11  0.1360E-11  0.1240E-11  0.1020E-11  0.8040E-12  0.6900E-12
  0.1000E+12  0.3430E-27  0.1020E-21  0.2220E-17  0.3440E-14  0.1160E-12  0.7740E-12  0.1250E-11  0.1380E-11  0.1400E-11  0.1360E-11  0.1240E-11  0.1020E-11  0.8040E-12  0.6900E-12
  0.1000E+13  0.3430E-27  0.1020E-21  0.2220E-17  0.3440E-14  0.1160E-12  0.7740E-12  0.1250E-11  0.1380E-11  0.1400E-11  0.1360E-11  0.1240E-11  0.1020E-11  0.8040E-12  0.6900E-12
  0.1000E+14  0.3430E-27  0.1020E-21  0.2220E-17  0.3440E-14  0.1160E-12  0.7740E-12  0.1250E-11  0.1380E-11  0.1400E-11  0.1360E-11  0.1240E-11  0.1020E-11  0.8040E-12  0.6900E-12
  0.1000E+15  0.3430E-27  0.1020E-21  0.2220E-17  0.3440E-14  0.1160E-12  0.7740E-12  0.1250E-11  0.1380E-11  0.1400E-11  0.1360E-11  0.1240E-11  0.1020E-11  0.8040E-12  0.6900E-12
  0.1000E+16  0.3430E-27  0.1020E-21  0.2220E-17  0.3440E-14  0.1160E-12  0.7740E-12  0.1250E-11  0.1380E-11  0.1400E-11  0.1360E-11  0.1240E-11  0.1020E-11  0.8040E-12  0.6900E-12
  0.1000E+17  0.3430E-27  0.1020E-21  0.2220E-17  0.3440E-14  0.1160E-12  0.7740E-12  0.1250E-11  0.1380E-11  0.1400E-11  0.1360E-11  0.1240E-11  0.1020E-11  0.8040E-12  0.6900E-12
WAVELENGTH(A)= 
    41.063
 7 14 t 
excit   
    33.400     50.000     83.400    167.000    334.000    834.000   1670.000   2500.000   3340.000   5000.000   8340.000  16700.000  33400.000  50000.000 
  0.1000E+11  0.4830E-29  0.2430E-23  0.8300E-19  0.1960E-15  0.8850E-14  0.7710E-13  0.1500E-12  0.1860E-12  0.2060E-12  0.2310E-12  0.2520E-12  0.2610E-12  0.2540E-12  0.2430E-12
  0.1000E+12  0.4830E-29  0.2430E-23  0.8300E-19  0.1960E-15  0.8850E-14  0.7710E-13  0.1500E-12  0.1860E-12  0.2060E-12  0.2310E-12  0.2520E-12  0.2610E-12  0.2540E-12  0.2430E-12
  0.1000E+13  0.4830E-29  0.2430E-23  0.8300E-19  0.1960E-15  0.8850E-14  0.7710E-13  0.1500E-12  0.1860E-12  0.2060E-12  0.2310E-12  0.2520E-12  0.2610E-12  0.2540E-12  0.2430E-12
  0.1000E+14  0.4830E-29  0.2430E-23  0.8300E-19  0.1960E-15  0.8850E-14  0.7710E-13  0.1500E-12  0.1860E-12  0.2060E-12  0.2310E-12  0.2520E-12  0.2610E-12  0.2540E-12  0.2430E-12
  0.1000E+15  0.4830E-29  0.2430E-23  0.8300E-19  0.1960E-15  0.8850E-14  0.7710E-13  0.1500E-12  0.1860E-12  0.2060E-12  0.2310E-12  0.2520E-12  0.2610E-12  0.2540E-12  0.2430E-12
  0.1000E+16  0.4840E-29  0.2430E-23  0.8300E-19  0.1960E-15  0.8850E-14  0.7710E-13  0.1490E-12  0.1860E-12  0.2060E-12  0.2310E-12  0.2520E-12  0.2610E-12  0.2540E-12  0.2430E-12
  0.1000E+17  0.4840E-29  0.2430E-23  0.8300E-19  0.1960E-15  0.8850E-14  0.7710E-13  0.1490E-12  0.1850E-12  0.2060E-12  0.2310E-12  0.2520E-12  0.2610E-12  0.2540E-12  0.2430E-12
WAVELENGTH(A)= 
    60.733
 7 14 t 
excit   
    33.400     50.000     83.400    167.000    334.000    834.000   1670.000   2500.000   3340.000   5000.000   8340.000  16700.000  33400.000  50000.000 
  0.1000E+11  0.8450E-11  0.5350E-10  0.2180E-09  0.5610E-09  0.8160E-09  0.9030E-09  0.8460E-09  0.7910E-09  0.7450E-09  0.6790E-09  0.5950E-09  0.4850E-09  0.3890E-09  0.3390E-09
  0.1000E+12  0.8450E-11  0.5350E-10  0.2180E-09  0.5610E-09  0.8160E-09  0.9030E-09  0.8460E-09  0.7910E-09  0.7450E-09  0.6790E-09  0.5950E-09  0.4850E-09  0.3890E-09  0.3390E-09
  0.1000E+13  0.8450E-11  0.5350E-10  0.2180E-09  0.5610E-09  0.8160E-09  0.9030E-09  0.8460E-09  0.7910E-09  0.7450E-09  0.6790E-09  0.5950E-09  0.4850E-09  0.3890E-09  0.3390E-09
  0.1000E+14  0.8450E-11  0.5350E-10  0.2180E-09  0.5610E-09  0.8160E-09  0.9030E-09  0.8460E-09  0.7910E-09  0.7450E-09  0.6790E-09  0.5950E-09  0.4850E-09  0.3890E-09  0.3390E-09
  0.1000E+15  0.8450E-11  0.5350E-10  0.2180E-09  0.5610E-09  0.8160E-09  0.9030E-09  0.8460E-09  0.7910E-09  0.7450E-09  0.6790E-09  0.5950E-09  0.4850E-09  0.3890E-09  0.3390E-09
  0.1000E+16  0.8450E-11  0.5350E-10  0.2180E-09  0.5610E-09  0.8160E-09  0.9030E-09  0.8460E-09  0.7910E-09  0.7450E-09  0.6790E-09  0.5950E-09  0.4850E-09  0.3890E-09  0.3390E-09
  0.1000E+17  0.8450E-11  0.5350E-10  0.2180E-09  0.5610E-09  0.8160E-09  0.9030E-09  0.8460E-09  0.7910E-09  0.7450E-09  0.6790E-09  0.5950E-09  0.4850E-09  0.3890E-09  0.3390E-09
WAVELENGTH(A)= 
    62.236
 7 14 t 
excit   
    33.400     50.000     83.400    167.000    334.000    834.000   1670.000   2500.000   3340.000   5000.000   8340.000  16700.000  33400.000  50000.000 
  0.1000E+11  0.3750E-13  0.1130E-11  0.1580E-10  0.9790E-10  0.2080E-09  0.2720E-09  0.2670E-09  0.2510E-09  0.2360E-09  0.2140E-09  0.1840E-09  0.1460E-09  0.1140E-09  0.9830E-10
  0.1000E+12  0.3750E-13  0.1130E-11  0.1580E-10  0.9790E-10  0.2080E-09  0.2720E-09  0.2670E-09  0.2510E-09  0.2360E-09  0.2140E-09  0.1840E-09  0.1460E-09  0.1140E-09  0.9830E-10
  0.1000E+13  0.3750E-13  0.1130E-11  0.1580E-10  0.9790E-10  0.2080E-09  0.2720E-09  0.2670E-09  0.2510E-09  0.2360E-09  0.2140E-09  0.1840E-09  0.1460E-09  0.1140E-09  0.9830E-10
  0.1000E+14  0.3750E-13  0.1130E-11  0.1580E-10  0.9790E-10  0.2080E-09  0.2720E-09  0.2670E-09  0.2510E-09  0.2360E-09  0.2140E-09  0.1840E-09  0.1460E-09  0.1140E-09  0.9830E-10
  0.1000E+15  0.3750E-13  0.1130E-11  0.1580E-10  0.9790E-10  0.2080E-09  0.2720E-09  0.2670E-09  0.2510E-09  0.2360E-09  0.2140E-09  0.1840E-09  0.1460E-09  0.1140E-09  0.9830E-10
  0.1000E+16  0.3750E-13  0.1130E-11  0.1580E-10  0.9790E-10  0.2080E-09  0.2720E-09  0.2670E-09  0.2510E-09  0.2360E-09  0.2140E-09  0.1840E-09  0.1460E-09  0.1140E-09  0.9830E-10
  0.1000E+17  0.3760E-13  0.1130E-11  0.1580E-10  0.9800E-10  0.2080E-09  0.2720E-09  0.2670E-09  0.2510E-09  0.2370E-09  0.2140E-09  0.1840E-09  0.1460E-09  0.1140E-09  0.9830E-10
WAVELENGTH(A)= 
    64.589
 7 14 t 
excit   
    33.400     50.000     83.400    167.000    334.000    834.000   1670.000   2500.000   3340.000   5000.000   8340.000  16700.000  33400.000  50000.000 
  0.1000E+11  0.5370E-31  0.1820E-24  0.2780E-19  0.1850E-15  0.1280E-13  0.1300E-12  0.2400E-12  0.2740E-12  0.2840E-12  0.2810E-12  0.2580E-12  0.2120E-12  0.1650E-12  0.1410E-12
  0.1000E+12  0.5370E-31  0.1820E-24  0.2780E-19  0.1850E-15  0.1280E-13  0.1300E-12  0.2400E-12  0.2740E-12  0.2840E-12  0.2810E-12  0.2580E-12  0.2120E-12  0.1650E-12  0.1410E-12
  0.1000E+13  0.5370E-31  0.1820E-24  0.2780E-19  0.1850E-15  0.1280E-13  0.1300E-12  0.2400E-12  0.2740E-12  0.2840E-12  0.2810E-12  0.2580E-12  0.2120E-12  0.1650E-12  0.1410E-12
  0.1000E+14  0.5370E-31  0.1820E-24  0.2780E-19  0.1850E-15  0.1280E-13  0.1300E-12  0.2400E-12  0.2740E-12  0.2840E-12  0.2810E-12  0.2580E-12  0.2120E-12  0.1650E-12  0.1410E-12
  0.1000E+15  0.5370E-31  0.1820E-24  0.2780E-19  0.1850E-15  0.1280E-13  0.1300E-12  0.2400E-12  0.2740E-12  0.2840E-12  0.2810E-12  0.2580E-12  0.2120E-12  0.1650E-12  0.1410E-12
  0.1000E+16  0.5370E-31  0.1820E-24  0.2780E-19  0.1850E-15  0.1280E-13  0.1300E-12  0.2400E-12  0.2740E-12  0.2840E-12  0.2810E-12  0.2580E-12  0.2120E-12  0.1650E-12  0.1410E-12
  0.1000E+17  0.5370E-31  0.1820E-24  0.2780E-19  0.1850E-15  0.1280E-13  0.1300E-12  0.2400E-12  0.2740E-12  0.2840E-12  0.2800E-12  0.2570E-12  0.2120E-12  0.1650E-12  0.1410E-12
WAVELENGTH(A)= 
    68.328
 7 14 t 
excit   
    33.400     50.000     83.400    167.000    334.000    834.000   1670.000   2500.000   3340.000   5000.000   8340.000  16700.000  33400.000  50000.000 
  0.1000E+11  0.4840E-37  0.4410E-28  0.5910E-21  0.1130E-15  0.4240E-13  0.1240E-11  0.3370E-11  0.4530E-11  0.5160E-11  0.5820E-11  0.6260E-11  0.6340E-11  0.6020E-11  0.5680E-11
  0.1000E+12  0.4840E-37  0.4410E-28  0.5910E-21  0.1130E-15  0.4240E-13  0.1240E-11  0.3370E-11  0.4530E-11  0.5160E-11  0.5820E-11  0.6260E-11  0.6340E-11  0.6020E-11  0.5680E-11
  0.1000E+13  0.4840E-37  0.4410E-28  0.5910E-21  0.1130E-15  0.4240E-13  0.1240E-11  0.3370E-11  0.4530E-11  0.5160E-11  0.5820E-11  0.6260E-11  0.6340E-11  0.6020E-11  0.5680E-11
  0.1000E+14  0.4840E-37  0.4410E-28  0.5910E-21  0.1130E-15  0.4240E-13  0.1240E-11  0.3370E-11  0.4530E-11  0.5160E-11  0.5820E-11  0.6260E-11  0.6340E-11  0.6020E-11  0.5680E-11
  0.1000E+15  0.4840E-37  0.4410E-28  0.5910E-21  0.1130E-15  0.4240E-13  0.1240E-11  0.3370E-11  0.4530E-11  0.5160E-11  0.5820E-11  0.6260E-11  0.6340E-11  0.6020E-11  0.5680E-11
  0.1000E+16  0.4840E-37  0.4410E-28  0.5910E-21  0.1130E-15  0.4240E-13  0.1240E-11  0.3370E-11  0.4530E-11  0.5160E-11  0.5820E-11  0.6260E-11  0.6340E-11  0.6020E-11  0.5680E-11
  0.1000E+17  0.4850E-37  0.4410E-28  0.5910E-21  0.1130E-15  0.4240E-13  0.1240E-11  0.3370E-11  0.4530E-11  0.5160E-11  0.5820E-11  0.6260E-11  0.6340E-11  0.6020E-11  0.5680E-11
WAVELENGTH(A)= 
    68.534
 7 14 t 
excit   
    33.400     50.000     83.400    167.000    334.000    834.000   1670.000   2500.000   3340.000   5000.000   8340.000  16700.000  33400.000  50000.000 
  0.1000E+11  0.4200E-14  0.1620E-12  0.2720E-11  0.1940E-10  0.4410E-10  0.5770E-10  0.5290E-10  0.4750E-10  0.4340E-10  0.3750E-10  0.3070E-10  0.2290E-10  0.1690E-10  0.1420E-10
  0.1000E+12  0.4200E-14  0.1620E-12  0.2720E-11  0.1940E-10  0.4410E-10  0.5770E-10  0.5290E-10  0.4750E-10  0.4340E-10  0.3750E-10  0.3070E-10  0.2290E-10  0.1690E-10  0.1420E-10
  0.1000E+13  0.4200E-14  0.1620E-12  0.2720E-11  0.1940E-10  0.4410E-10  0.5770E-10  0.5290E-10  0.4750E-10  0.4340E-10  0.3750E-10  0.3070E-10  0.2290E-10  0.1690E-10  0.1420E-10
  0.1000E+14  0.4200E-14  0.1620E-12  0.2720E-11  0.1940E-10  0.4410E-10  0.5770E-10  0.5290E-10  0.4750E-10  0.4340E-10  0.3750E-10  0.3070E-10  0.2290E-10  0.1690E-10  0.1420E-10
  0.1000E+15  0.4200E-14  0.1620E-12  0.2720E-11  0.1940E-10  0.4410E-10  0.5770E-10  0.5290E-10  0.4750E-10  0.4340E-10  0.3750E-10  0.3070E-10  0.2290E-10  0.1690E-10  0.1420E-10
  0.1000E+16  0.4200E-14  0.1620E-12  0.2720E-11  0.1940E-10  0.4410E-10  0.5770E-10  0.5290E-10  0.4750E-10  0.4340E-10  0.3750E-10  0.3070E-10  0.2290E-10  0.1690E-10  0.1420E-10
  0.1000E+17  0.4200E-14  0.1620E-12  0.2720E-11  0.1940E-10  0.4410E-10  0.5770E-10  0.5290E-10  0.4750E-10  0.4340E-10  0.3750E-10  0.3070E-10  0.2290E-10  0.1690E-10  0.1420E-10
WAVELENGTH(A)= 
    76.528
 7 14 t 
excit   
    33.400     50.000     83.400    167.000    334.000    834.000   1670.000   2500.000   3340.000   5000.000   8340.000  16700.000  33400.000  50000.000 
  0.1000E+11  0.8500E-10  0.3550E-09  0.1040E-08  0.2110E-08  0.2720E-08  0.2790E-08  0.2540E-08  0.2340E-08  0.2190E-08  0.1980E-08  0.1720E-08  0.1390E-08  0.1100E-08  0.9540E-09
  0.1000E+12  0.8500E-10  0.3550E-09  0.1040E-08  0.2110E-08  0.2720E-08  0.2790E-08  0.2540E-08  0.2340E-08  0.2190E-08  0.1980E-08  0.1720E-08  0.1390E-08  0.1100E-08  0.9540E-09
  0.1000E+13  0.8500E-10  0.3550E-09  0.1040E-08  0.2110E-08  0.2720E-08  0.2790E-08  0.2540E-08  0.2340E-08  0.2190E-08  0.1980E-08  0.1720E-08  0.1390E-08  0.1100E-08  0.9540E-09
  0.1000E+14  0.8500E-10  0.3550E-09  0.1040E-08  0.2110E-08  0.2720E-08  0.2790E-08  0.2540E-08  0.2340E-08  0.2190E-08  0.1980E-08  0.1720E-08  0.1390E-08  0.1100E-08  0.9540E-09
  0.1000E+15  0.8500E-10  0.3550E-09  0.1040E-08  0.2110E-08  0.2720E-08  0.2790E-08  0.2540E-08  0.2340E-08  0.2190E-08  0.1980E-08  0.1720E-08  0.1390E-08  0.1100E-08  0.9540E-09
  0.1000E+16  0.8500E-10  0.3550E-09  0.1040E-08  0.2110E-08  0.2720E-08  0.2790E-08  0.2540E-08  0.2340E-08  0.2190E-08  0.1980E-08  0.1720E-08  0.1390E-08  0.1100E-08  0.9540E-09
  0.1000E+17  0.8500E-10  0.3550E-09  0.1040E-08  0.2110E-08  0.2720E-08  0.2790E-08  0.2540E-08  0.2340E-08  0.2190E-08  0.1980E-08  0.1720E-08  0.1390E-08  0.1100E-08  0.9540E-09
WAVELENGTH(A)= 
   132.208
 7 14 t 
excit   
    33.400     50.000     83.400    167.000    334.000    834.000   1670.000   2500.000   3340.000   5000.000   8340.000  16700.000  33400.000  50000.000 
  0.1000E+11  0.1310E-25  0.6950E-21  0.3830E-17  0.2110E-14  0.4250E-13  0.2140E-12  0.3280E-12  0.3610E-12  0.3700E-12  0.3660E-12  0.3390E-12  0.2840E-12  0.2250E-12  0.1930E-12
  0.1000E+12  0.1310E-25  0.6950E-21  0.3830E-17  0.2110E-14  0.4250E-13  0.2140E-12  0.3280E-12  0.3610E-12  0.3700E-12  0.3660E-12  0.3390E-12  0.2840E-12  0.2250E-12  0.1930E-12
  0.1000E+13  0.1310E-25  0.6950E-21  0.3830E-17  0.2110E-14  0.4250E-13  0.2140E-12  0.3280E-12  0.3610E-12  0.3700E-12  0.3660E-12  0.3390E-12  0.2840E-12  0.2250E-12  0.1930E-12
  0.1000E+14  0.1310E-25  0.6950E-21  0.3830E-17  0.2110E-14  0.4250E-13  0.2140E-12  0.3280E-12  0.3610E-12  0.3700E-12  0.3660E-12  0.3390E-12  0.2840E-12  0.2250E-12  0.1930E-12
  0.1000E+15  0.1310E-25  0.6950E-21  0.3830E-17  0.2110E-14  0.4250E-13  0.2140E-12  0.3280E-12  0.3610E-12  0.3700E-12  0.3660E-12  0.3390E-12  0.2840E-12  0.2250E-12  0.1930E-12
  0.1000E+16  0.1310E-25  0.6950E-21  0.3830E-17  0.2110E-14  0.4250E-13  0.2140E-12  0.3280E-12  0.3610E-12  0.3700E-12  0.3660E-12  0.3390E-12  0.2840E-12  0.2250E-12  0.1930E-12
  0.1000E+17  0.1310E-25  0.6960E-21  0.3830E-17  0.2110E-14  0.4250E-13  0.2140E-12  0.3280E-12  0.3610E-12  0.3700E-12  0.3660E-12  0.3390E-12  0.2840E-12  0.2250E-12  0.1930E-12
WAVELENGTH(A)= 
   132.390
 7 14 t 
excit   
    33.400     50.000     83.400    167.000    334.000    834.000   1670.000   2500.000   3340.000   5000.000   8340.000  16700.000  33400.000  50000.000 
  0.1000E+11  0.4110E-24  0.4530E-20  0.7160E-17  0.1670E-14  0.2520E-13  0.1240E-12  0.2060E-12  0.2440E-12  0.2670E-12  0.2910E-12  0.3110E-12  0.3170E-12  0.3050E-12  0.2900E-12
  0.1000E+12  0.4110E-24  0.4530E-20  0.7160E-17  0.1670E-14  0.2520E-13  0.1240E-12  0.2060E-12  0.2440E-12  0.2670E-12  0.2910E-12  0.3110E-12  0.3170E-12  0.3050E-12  0.2900E-12
  0.1000E+13  0.4110E-24  0.4530E-20  0.7160E-17  0.1670E-14  0.2520E-13  0.1240E-12  0.2060E-12  0.2440E-12  0.2670E-12  0.2910E-12  0.3110E-12  0.3170E-12  0.3050E-12  0.2900E-12
  0.1000E+14  0.4110E-24  0.4530E-20  0.7160E-17  0.1670E-14  0.2520E-13  0.1240E-12  0.2060E-12  0.2440E-12  0.2670E-12  0.2910E-12  0.3110E-12  0.3170E-12  0.3050E-12  0.2900E-12
  0.1000E+15  0.4110E-24  0.4530E-20  0.7160E-17  0.1670E-14  0.2520E-13  0.1240E-12  0.2060E-12  0.2440E-12  0.2670E-12  0.2910E-12  0.3110E-12  0.3170E-12  0.3050E-12  0.2900E-12
  0.1000E+16  0.4110E-24  0.4530E-20  0.7170E-17  0.1670E-14  0.2520E-13  0.1240E-12  0.2060E-12  0.2440E-12  0.2670E-12  0.2910E-12  0.3110E-12  0.3170E-12  0.3050E-12  0.2900E-12
  0.1000E+17  0.4110E-24  0.4540E-20  0.7170E-17  0.1670E-14  0.2520E-13  0.1240E-12  0.2060E-12  0.2440E-12  0.2670E-12  0.2910E-12  0.3110E-12  0.3170E-12  0.3050E-12  0.2900E-12
WAVELENGTH(A)= 
   154.817
 7 14 t 
excit   
    33.400     50.000     83.400    167.000    334.000    834.000   1670.000   2500.000   3340.000   5000.000   8340.000  16700.000  33400.000  50000.000 
  0.1000E+11  0.1000E-73  0.4970E-35  0.1270E-25  0.1240E-18  0.3280E-15  0.2960E-13  0.1140E-12  0.1700E-12  0.2040E-12  0.2380E-12  0.2610E-12  0.2660E-12  0.2510E-12  0.2370E-12
  0.1000E+12  0.1000E-73  0.4970E-35  0.1270E-25  0.1240E-18  0.3280E-15  0.2960E-13  0.1140E-12  0.1700E-12  0.2040E-12  0.2380E-12  0.2610E-12  0.2660E-12  0.2510E-12  0.2370E-12
  0.1000E+13  0.1000E-73  0.4970E-35  0.1270E-25  0.1240E-18  0.3280E-15  0.2960E-13  0.1140E-12  0.1700E-12  0.2040E-12  0.2380E-12  0.2610E-12  0.2660E-12  0.2510E-12  0.2370E-12
  0.1000E+14  0.1420E-46  0.4970E-35  0.1270E-25  0.1240E-18  0.3280E-15  0.2960E-13  0.1140E-12  0.1700E-12  0.2040E-12  0.2380E-12  0.2610E-12  0.2660E-12  0.2510E-12  0.2370E-12
  0.1000E+15  0.7080E-47  0.4970E-35  0.1270E-25  0.1240E-18  0.3280E-15  0.2960E-13  0.1140E-12  0.1700E-12  0.2040E-12  0.2380E-12  0.2610E-12  0.2660E-12  0.2510E-12  0.2370E-12
  0.1000E+16  0.7780E-47  0.4970E-35  0.1270E-25  0.1240E-18  0.3280E-15  0.2960E-13  0.1140E-12  0.1700E-12  0.2040E-12  0.2380E-12  0.2610E-12  0.2660E-12  0.2510E-12  0.2370E-12
  0.1000E+17  0.7730E-47  0.4980E-35  0.1270E-25  0.1240E-18  0.3280E-15  0.2960E-13  0.1140E-12  0.1700E-12  0.2040E-12  0.2380E-12  0.2610E-12  0.2660E-12  0.2510E-12  0.2370E-12
WAVELENGTH(A)= 
   155.642
 7 14 t 
excit   
    33.400     50.000     83.400    167.000    334.000    834.000   1670.000   2500.000   3340.000   5000.000   8340.000  16700.000  33400.000  50000.000 
  0.1000E+11  0.3700E-22  0.1590E-18  0.1170E-15  0.1430E-13  0.1360E-12  0.4370E-12  0.5660E-12  0.5820E-12  0.5690E-12  0.5400E-12  0.4800E-12  0.3890E-12  0.3070E-12  0.2620E-12
  0.1000E+12  0.3700E-22  0.1590E-18  0.1170E-15  0.1430E-13  0.1360E-12  0.4370E-12  0.5660E-12  0.5820E-12  0.5690E-12  0.5400E-12  0.4800E-12  0.3890E-12  0.3070E-12  0.2620E-12
  0.1000E+13  0.3700E-22  0.1590E-18  0.1170E-15  0.1430E-13  0.1360E-12  0.4370E-12  0.5660E-12  0.5820E-12  0.5690E-12  0.5400E-12  0.4800E-12  0.3890E-12  0.3070E-12  0.2620E-12
  0.1000E+14  0.3700E-22  0.1590E-18  0.1170E-15  0.1430E-13  0.1360E-12  0.4370E-12  0.5660E-12  0.5820E-12  0.5690E-12  0.5400E-12  0.4800E-12  0.3890E-12  0.3070E-12  0.2620E-12
  0.1000E+15  0.3700E-22  0.1590E-18  0.1170E-15  0.1430E-13  0.1360E-12  0.4370E-12  0.5660E-12  0.5820E-12  0.5690E-12  0.5400E-12  0.4800E-12  0.3890E-12  0.3070E-12  0.2620E-12
  0.1000E+16  0.3700E-22  0.1590E-18  0.1170E-15  0.1430E-13  0.1360E-12  0.4370E-12  0.5660E-12  0.5820E-12  0.5690E-12  0.5400E-12  0.4800E-12  0.3890E-12  0.3070E-12  0.2620E-12
  0.1000E+17  0.3700E-22  0.1590E-18  0.1170E-15  0.1430E-13  0.1360E-12  0.4370E-12  0.5660E-12  0.5810E-12  0.5690E-12  0.5400E-12  0.4800E-12  0.3890E-12  0.3070E-12  0.2620E-12
WAVELENGTH(A)= 
   157.825
 7 14 t 
excit   
    33.400     50.000     83.400    167.000    334.000    834.000   1670.000   2500.000   3340.000   5000.000   8340.000  16700.000  33400.000  50000.000 
  0.1000E+11  0.1130E-24  0.2360E-20  0.6160E-17  0.1940E-14  0.2940E-13  0.1250E-12  0.1860E-12  0.2110E-12  0.2260E-12  0.2440E-12  0.2600E-12  0.2710E-12  0.2670E-12  0.2580E-12
  0.1000E+12  0.1130E-24  0.2360E-20  0.6160E-17  0.1940E-14  0.2940E-13  0.1250E-12  0.1860E-12  0.2110E-12  0.2260E-12  0.2440E-12  0.2600E-12  0.2710E-12  0.2670E-12  0.2580E-12
  0.1000E+13  0.1130E-24  0.2360E-20  0.6160E-17  0.1940E-14  0.2940E-13  0.1250E-12  0.1860E-12  0.2110E-12  0.2260E-12  0.2440E-12  0.2600E-12  0.2710E-12  0.2670E-12  0.2580E-12
  0.1000E+14  0.1130E-24  0.2360E-20  0.6160E-17  0.1940E-14  0.2940E-13  0.1250E-12  0.1860E-12  0.2110E-12  0.2260E-12  0.2440E-12  0.2600E-12  0.2710E-12  0.2670E-12  0.2580E-12
  0.1000E+15  0.1130E-24  0.2360E-20  0.6160E-17  0.1940E-14  0.2940E-13  0.1250E-12  0.1860E-12  0.2110E-12  0.2260E-12  0.2440E-12  0.2600E-12  0.2710E-12  0.2670E-12  0.2580E-12
  0.1000E+16  0.1130E-24  0.2360E-20  0.6160E-17  0.1940E-14  0.2940E-13  0.1250E-12  0.1860E-12  0.2110E-12  0.2260E-12  0.2440E-12  0.2600E-12  0.2710E-12  0.2670E-12  0.2580E-12
  0.1000E+17  0.1130E-24  0.2360E-20  0.6160E-17  0.1940E-14  0.2940E-13  0.1250E-12  0.1860E-12  0.2110E-12  0.2260E-12  0.2440E-12  0.2600E-12  0.2710E-12  0.2670E-12  0.2580E-12
