 50  7 14
WAVELENGTH(A)= 
     2.324
 7 14 t 
excit   
    60.000     90.000    150.000    300.000    600.000   1500.000   3000.000   4500.000   6000.000   9000.000  15000.000  30000.000  60000.000  90000.000 
  0.1000E+11  0.1000E-73  0.3040E-37  0.4670E-27  0.1760E-19  0.9110E-16  0.1240E-13  0.5570E-13  0.8790E-13  0.1090E-12  0.1330E-12  0.1540E-12  0.1660E-12  0.1630E-12  0.1580E-12
  0.1000E+12  0.1000E-73  0.3040E-37  0.4670E-27  0.1760E-19  0.9110E-16  0.1240E-13  0.5570E-13  0.8790E-13  0.1090E-12  0.1330E-12  0.1540E-12  0.1660E-12  0.1630E-12  0.1580E-12
  0.1000E+13  0.1000E-73  0.3040E-37  0.4670E-27  0.1760E-19  0.9110E-16  0.1240E-13  0.5570E-13  0.8790E-13  0.1090E-12  0.1330E-12  0.1540E-12  0.1660E-12  0.1630E-12  0.1580E-12
  0.1000E+14  0.1000E-73  0.3040E-37  0.4670E-27  0.1760E-19  0.9110E-16  0.1240E-13  0.5570E-13  0.8790E-13  0.1090E-12  0.1330E-12  0.1540E-12  0.1660E-12  0.1630E-12  0.1580E-12
  0.1000E+15  0.1000E-73  0.3040E-37  0.4670E-27  0.1760E-19  0.9110E-16  0.1240E-13  0.5570E-13  0.8790E-13  0.1090E-12  0.1330E-12  0.1540E-12  0.1660E-12  0.1630E-12  0.1580E-12
  0.1000E+16  0.1000E-73  0.3040E-37  0.4670E-27  0.1760E-19  0.9110E-16  0.1240E-13  0.5570E-13  0.8790E-13  0.1090E-12  0.1330E-12  0.1540E-12  0.1660E-12  0.1630E-12  0.1580E-12
  0.1000E+17  0.1000E-73  0.3040E-37  0.4670E-27  0.1760E-19  0.9110E-16  0.1240E-13  0.5570E-13  0.8790E-13  0.1090E-12  0.1330E-12  0.1540E-12  0.1660E-12  0.1630E-12  0.1580E-12
WAVELENGTH(A)= 
     2.432
 7 14 t 
excit   
    60.000     90.000    150.000    300.000    600.000   1500.000   3000.000   4500.000   6000.000   9000.000  15000.000  30000.000  60000.000  90000.000 
  0.1000E+11  0.1000E-73  0.7470E-36  0.4030E-26  0.7010E-19  0.2480E-15  0.2700E-13  0.1120E-12  0.1740E-12  0.2130E-12  0.2570E-12  0.2940E-12  0.3150E-12  0.3090E-12  0.2980E-12
  0.1000E+12  0.1000E-73  0.7470E-36  0.4030E-26  0.7010E-19  0.2480E-15  0.2700E-13  0.1120E-12  0.1740E-12  0.2130E-12  0.2570E-12  0.2940E-12  0.3150E-12  0.3090E-12  0.2980E-12
  0.1000E+13  0.1000E-73  0.7470E-36  0.4030E-26  0.7010E-19  0.2480E-15  0.2700E-13  0.1120E-12  0.1740E-12  0.2130E-12  0.2570E-12  0.2940E-12  0.3150E-12  0.3090E-12  0.2980E-12
  0.1000E+14  0.1000E-73  0.7470E-36  0.4030E-26  0.7010E-19  0.2480E-15  0.2700E-13  0.1120E-12  0.1740E-12  0.2130E-12  0.2570E-12  0.2940E-12  0.3150E-12  0.3090E-12  0.2980E-12
  0.1000E+15  0.1000E-73  0.7470E-36  0.4030E-26  0.7010E-19  0.2480E-15  0.2700E-13  0.1120E-12  0.1740E-12  0.2130E-12  0.2570E-12  0.2940E-12  0.3150E-12  0.3090E-12  0.2980E-12
  0.1000E+16  0.1000E-73  0.7470E-36  0.4030E-26  0.7010E-19  0.2480E-15  0.2700E-13  0.1120E-12  0.1740E-12  0.2130E-12  0.2570E-12  0.2940E-12  0.3150E-12  0.3090E-12  0.2980E-12
  0.1000E+17  0.1000E-73  0.7470E-36  0.4030E-26  0.7010E-19  0.2480E-15  0.2700E-13  0.1120E-12  0.1740E-12  0.2130E-12  0.2570E-12  0.2940E-12  0.3150E-12  0.3090E-12  0.2980E-12
WAVELENGTH(A)= 
     2.509
 7 14 t 
excit   
    60.000     90.000    150.000    300.000    600.000   1500.000   3000.000   4500.000   6000.000   9000.000  15000.000  30000.000  60000.000  90000.000 
  0.1000E+11  0.1000E-73  0.2500E-37  0.4030E-27  0.1560E-19  0.8170E-16  0.1090E-13  0.4570E-13  0.6770E-13  0.7890E-13  0.8680E-13  0.8550E-13  0.7230E-13  0.5590E-13  0.4710E-13
  0.1000E+12  0.1000E-73  0.2500E-37  0.4030E-27  0.1560E-19  0.8170E-16  0.1090E-13  0.4570E-13  0.6770E-13  0.7890E-13  0.8680E-13  0.8550E-13  0.7230E-13  0.5590E-13  0.4710E-13
  0.1000E+13  0.1000E-73  0.2500E-37  0.4030E-27  0.1560E-19  0.8170E-16  0.1090E-13  0.4570E-13  0.6770E-13  0.7890E-13  0.8680E-13  0.8550E-13  0.7230E-13  0.5590E-13  0.4710E-13
  0.1000E+14  0.1000E-73  0.2500E-37  0.4030E-27  0.1560E-19  0.8170E-16  0.1090E-13  0.4570E-13  0.6770E-13  0.7890E-13  0.8680E-13  0.8550E-13  0.7230E-13  0.5590E-13  0.4710E-13
  0.1000E+15  0.1000E-73  0.2500E-37  0.4030E-27  0.1560E-19  0.8170E-16  0.1090E-13  0.4570E-13  0.6770E-13  0.7890E-13  0.8680E-13  0.8550E-13  0.7230E-13  0.5590E-13  0.4710E-13
  0.1000E+16  0.1000E-73  0.2500E-37  0.4030E-27  0.1560E-19  0.8170E-16  0.1090E-13  0.4570E-13  0.6770E-13  0.7890E-13  0.8680E-13  0.8550E-13  0.7230E-13  0.5590E-13  0.4710E-13
  0.1000E+17  0.1000E-73  0.2500E-37  0.4030E-27  0.1560E-19  0.8170E-16  0.1090E-13  0.4570E-13  0.6770E-13  0.7890E-13  0.8680E-13  0.8550E-13  0.7230E-13  0.5590E-13  0.4710E-13
WAVELENGTH(A)= 
     2.621
 7 14 t 
excit   
    60.000     90.000    150.000    300.000    600.000   1500.000   3000.000   4500.000   6000.000   9000.000  15000.000  30000.000  60000.000  90000.000 
  0.1000E+11  0.1000E-73  0.9140E-34  0.9670E-25  0.4970E-18  0.9770E-15  0.7540E-13  0.2830E-12  0.4210E-12  0.5090E-12  0.6070E-12  0.6860E-12  0.7290E-12  0.7140E-12  0.6860E-12
  0.1000E+12  0.1000E-73  0.9140E-34  0.9670E-25  0.4970E-18  0.9770E-15  0.7540E-13  0.2830E-12  0.4210E-12  0.5090E-12  0.6070E-12  0.6860E-12  0.7290E-12  0.7140E-12  0.6860E-12
  0.1000E+13  0.1000E-73  0.9140E-34  0.9670E-25  0.4970E-18  0.9770E-15  0.7540E-13  0.2830E-12  0.4210E-12  0.5090E-12  0.6070E-12  0.6860E-12  0.7290E-12  0.7140E-12  0.6860E-12
  0.1000E+14  0.1000E-73  0.9140E-34  0.9670E-25  0.4970E-18  0.9770E-15  0.7540E-13  0.2830E-12  0.4210E-12  0.5090E-12  0.6070E-12  0.6860E-12  0.7290E-12  0.7140E-12  0.6860E-12
  0.1000E+15  0.4120E-45  0.9140E-34  0.9670E-25  0.4970E-18  0.9770E-15  0.7540E-13  0.2830E-12  0.4210E-12  0.5090E-12  0.6070E-12  0.6860E-12  0.7290E-12  0.7140E-12  0.6860E-12
  0.1000E+16  0.4330E-45  0.9140E-34  0.9670E-25  0.4970E-18  0.9770E-15  0.7540E-13  0.2830E-12  0.4210E-12  0.5090E-12  0.6070E-12  0.6860E-12  0.7290E-12  0.7140E-12  0.6860E-12
  0.1000E+17  0.4260E-45  0.9140E-34  0.9670E-25  0.4970E-18  0.9770E-15  0.7540E-13  0.2830E-12  0.4210E-12  0.5090E-12  0.6070E-12  0.6860E-12  0.7290E-12  0.7140E-12  0.6860E-12
WAVELENGTH(A)= 
     2.632
 7 14 t 
excit   
    60.000     90.000    150.000    300.000    600.000   1500.000   3000.000   4500.000   6000.000   9000.000  15000.000  30000.000  60000.000  90000.000 
  0.1000E+11  0.1000E-73  0.6280E-36  0.3630E-26  0.6550E-19  0.2340E-15  0.2470E-13  0.9730E-13  0.1400E-12  0.1620E-12  0.1760E-12  0.1720E-12  0.1460E-12  0.1140E-12  0.9610E-13
  0.1000E+12  0.1000E-73  0.6280E-36  0.3630E-26  0.6550E-19  0.2340E-15  0.2470E-13  0.9730E-13  0.1400E-12  0.1620E-12  0.1760E-12  0.1720E-12  0.1460E-12  0.1140E-12  0.9610E-13
  0.1000E+13  0.1000E-73  0.6280E-36  0.3630E-26  0.6550E-19  0.2340E-15  0.2470E-13  0.9730E-13  0.1400E-12  0.1620E-12  0.1760E-12  0.1720E-12  0.1460E-12  0.1140E-12  0.9610E-13
  0.1000E+14  0.1000E-73  0.6280E-36  0.3630E-26  0.6550E-19  0.2340E-15  0.2470E-13  0.9730E-13  0.1400E-12  0.1620E-12  0.1760E-12  0.1720E-12  0.1460E-12  0.1140E-12  0.9610E-13
  0.1000E+15  0.1000E-73  0.6280E-36  0.3630E-26  0.6550E-19  0.2340E-15  0.2470E-13  0.9730E-13  0.1400E-12  0.1620E-12  0.1760E-12  0.1720E-12  0.1460E-12  0.1140E-12  0.9610E-13
  0.1000E+16  0.1000E-73  0.6280E-36  0.3630E-26  0.6550E-19  0.2340E-15  0.2470E-13  0.9730E-13  0.1400E-12  0.1620E-12  0.1760E-12  0.1720E-12  0.1460E-12  0.1140E-12  0.9610E-13
  0.1000E+17  0.1000E-73  0.6280E-36  0.3630E-26  0.6550E-19  0.2340E-15  0.2470E-13  0.9730E-13  0.1400E-12  0.1620E-12  0.1760E-12  0.1720E-12  0.1460E-12  0.1140E-12  0.9610E-13
WAVELENGTH(A)= 
     2.775
 7 14 t 
excit   
    60.000     90.000    150.000    300.000    600.000   1500.000   3000.000   4500.000   6000.000   9000.000  15000.000  30000.000  60000.000  90000.000 
  0.1000E+11  0.1000E-73  0.8530E-33  0.2790E-24  0.5890E-18  0.7280E-15  0.4240E-13  0.1480E-12  0.2200E-12  0.2690E-12  0.3300E-12  0.3950E-12  0.4520E-12  0.4750E-12  0.4720E-12
  0.1000E+12  0.1000E-73  0.8530E-33  0.2790E-24  0.5890E-18  0.7280E-15  0.4240E-13  0.1480E-12  0.2200E-12  0.2690E-12  0.3300E-12  0.3950E-12  0.4520E-12  0.4750E-12  0.4720E-12
  0.1000E+13  0.1580E-43  0.8530E-33  0.2790E-24  0.5890E-18  0.7280E-15  0.4240E-13  0.1480E-12  0.2200E-12  0.2690E-12  0.3300E-12  0.3950E-12  0.4520E-12  0.4750E-12  0.4720E-12
  0.1000E+14  0.1740E-43  0.8530E-33  0.2790E-24  0.5890E-18  0.7280E-15  0.4240E-13  0.1480E-12  0.2200E-12  0.2690E-12  0.3300E-12  0.3950E-12  0.4520E-12  0.4750E-12  0.4720E-12
  0.1000E+15  0.1730E-43  0.8530E-33  0.2790E-24  0.5890E-18  0.7280E-15  0.4240E-13  0.1480E-12  0.2200E-12  0.2690E-12  0.3300E-12  0.3950E-12  0.4520E-12  0.4750E-12  0.4720E-12
  0.1000E+16  0.1720E-43  0.8530E-33  0.2790E-24  0.5890E-18  0.7280E-15  0.4240E-13  0.1480E-12  0.2200E-12  0.2690E-12  0.3300E-12  0.3950E-12  0.4520E-12  0.4750E-12  0.4720E-12
  0.1000E+17  0.1720E-43  0.8530E-33  0.2790E-24  0.5890E-18  0.7280E-15  0.4240E-13  0.1480E-12  0.2200E-12  0.2690E-12  0.3300E-12  0.3950E-12  0.4520E-12  0.4750E-12  0.4720E-12
WAVELENGTH(A)= 
     2.847
 7 14 t 
excit   
    60.000     90.000    150.000    300.000    600.000   1500.000   3000.000   4500.000   6000.000   9000.000  15000.000  30000.000  60000.000  90000.000 
  0.1000E+11  0.1000E-73  0.7920E-34  0.9390E-25  0.5160E-18  0.1020E-14  0.7610E-13  0.2650E-12  0.3690E-12  0.4180E-12  0.4480E-12  0.4340E-12  0.3650E-12  0.2850E-12  0.2410E-12
  0.1000E+12  0.1000E-73  0.7920E-34  0.9390E-25  0.5160E-18  0.1020E-14  0.7610E-13  0.2650E-12  0.3690E-12  0.4180E-12  0.4480E-12  0.4340E-12  0.3650E-12  0.2850E-12  0.2410E-12
  0.1000E+13  0.1000E-73  0.7920E-34  0.9390E-25  0.5160E-18  0.1020E-14  0.7610E-13  0.2650E-12  0.3690E-12  0.4180E-12  0.4480E-12  0.4340E-12  0.3650E-12  0.2850E-12  0.2410E-12
  0.1000E+14  0.1000E-73  0.7920E-34  0.9390E-25  0.5160E-18  0.1020E-14  0.7610E-13  0.2650E-12  0.3690E-12  0.4180E-12  0.4480E-12  0.4340E-12  0.3650E-12  0.2850E-12  0.2410E-12
  0.1000E+15  0.5000E-45  0.7920E-34  0.9390E-25  0.5160E-18  0.1020E-14  0.7610E-13  0.2650E-12  0.3690E-12  0.4180E-12  0.4480E-12  0.4340E-12  0.3650E-12  0.2850E-12  0.2410E-12
  0.1000E+16  0.3000E-45  0.7920E-34  0.9390E-25  0.5160E-18  0.1020E-14  0.7610E-13  0.2650E-12  0.3690E-12  0.4180E-12  0.4480E-12  0.4340E-12  0.3650E-12  0.2850E-12  0.2410E-12
  0.1000E+17  0.3200E-45  0.7920E-34  0.9390E-25  0.5170E-18  0.1020E-14  0.7610E-13  0.2650E-12  0.3690E-12  0.4180E-12  0.4480E-12  0.4340E-12  0.3650E-12  0.2850E-12  0.2410E-12
WAVELENGTH(A)= 
     2.895
 7 14 t 
excit   
    60.000     90.000    150.000    300.000    600.000   1500.000   3000.000   4500.000   6000.000   9000.000  15000.000  30000.000  60000.000  90000.000 
  0.1000E+11  0.1000E-73  0.4670E-34  0.4020E-25  0.1760E-18  0.3150E-15  0.2250E-13  0.7860E-13  0.1110E-12  0.1270E-12  0.1390E-12  0.1390E-12  0.1230E-12  0.1010E-12  0.8770E-13
  0.1000E+12  0.1000E-73  0.4670E-34  0.4020E-25  0.1760E-18  0.3150E-15  0.2250E-13  0.7860E-13  0.1110E-12  0.1270E-12  0.1390E-12  0.1390E-12  0.1230E-12  0.1010E-12  0.8770E-13
  0.1000E+13  0.1000E-73  0.4670E-34  0.4020E-25  0.1760E-18  0.3150E-15  0.2250E-13  0.7860E-13  0.1110E-12  0.1270E-12  0.1390E-12  0.1390E-12  0.1230E-12  0.1010E-12  0.8770E-13
  0.1000E+14  0.3450E-45  0.4670E-34  0.4020E-25  0.1760E-18  0.3150E-15  0.2250E-13  0.7860E-13  0.1110E-12  0.1270E-12  0.1390E-12  0.1390E-12  0.1230E-12  0.1010E-12  0.8770E-13
  0.1000E+15  0.2760E-45  0.4670E-34  0.4020E-25  0.1760E-18  0.3150E-15  0.2250E-13  0.7860E-13  0.1110E-12  0.1270E-12  0.1390E-12  0.1390E-12  0.1230E-12  0.1010E-12  0.8770E-13
  0.1000E+16  0.2830E-45  0.4670E-34  0.4020E-25  0.1760E-18  0.3150E-15  0.2250E-13  0.7860E-13  0.1110E-12  0.1270E-12  0.1390E-12  0.1390E-12  0.1230E-12  0.1010E-12  0.8770E-13
  0.1000E+17  0.2820E-45  0.4670E-34  0.4020E-25  0.1760E-18  0.3150E-15  0.2250E-13  0.7860E-13  0.1110E-12  0.1270E-12  0.1390E-12  0.1390E-12  0.1230E-12  0.1010E-12  0.8770E-13
WAVELENGTH(A)= 
     3.011
 7 14 t 
excit   
    60.000     90.000    150.000    300.000    600.000   1500.000   3000.000   4500.000   6000.000   9000.000  15000.000  30000.000  60000.000  90000.000 
  0.1000E+11  0.3240E-40  0.2320E-30  0.1600E-22  0.1060E-16  0.7580E-14  0.3300E-12  0.1040E-11  0.1480E-11  0.1750E-11  0.2050E-11  0.2290E-11  0.2430E-11  0.2360E-11  0.2270E-11
  0.1000E+12  0.3280E-40  0.2320E-30  0.1600E-22  0.1060E-16  0.7580E-14  0.3300E-12  0.1040E-11  0.1480E-11  0.1750E-11  0.2050E-11  0.2290E-11  0.2430E-11  0.2360E-11  0.2270E-11
  0.1000E+13  0.3280E-40  0.2320E-30  0.1600E-22  0.1060E-16  0.7580E-14  0.3300E-12  0.1040E-11  0.1480E-11  0.1750E-11  0.2050E-11  0.2290E-11  0.2430E-11  0.2360E-11  0.2270E-11
  0.1000E+14  0.3280E-40  0.2320E-30  0.1600E-22  0.1060E-16  0.7580E-14  0.3300E-12  0.1040E-11  0.1480E-11  0.1750E-11  0.2050E-11  0.2290E-11  0.2430E-11  0.2360E-11  0.2270E-11
  0.1000E+15  0.3280E-40  0.2320E-30  0.1600E-22  0.1060E-16  0.7580E-14  0.3300E-12  0.1040E-11  0.1480E-11  0.1750E-11  0.2050E-11  0.2290E-11  0.2430E-11  0.2360E-11  0.2270E-11
  0.1000E+16  0.3280E-40  0.2320E-30  0.1600E-22  0.1060E-16  0.7580E-14  0.3300E-12  0.1040E-11  0.1480E-11  0.1750E-11  0.2050E-11  0.2290E-11  0.2430E-11  0.2360E-11  0.2270E-11
  0.1000E+17  0.3280E-40  0.2320E-30  0.1600E-22  0.1060E-16  0.7580E-14  0.3300E-12  0.1040E-11  0.1480E-11  0.1750E-11  0.2050E-11  0.2290E-11  0.2430E-11  0.2360E-11  0.2270E-11
WAVELENGTH(A)= 
     3.018
 7 14 t 
excit   
    60.000     90.000    150.000    300.000    600.000   1500.000   3000.000   4500.000   6000.000   9000.000  15000.000  30000.000  60000.000  90000.000 
  0.1000E+11  0.1000E-73  0.8270E-33  0.3890E-24  0.1060E-17  0.1480E-14  0.9000E-13  0.2980E-12  0.4130E-12  0.4700E-12  0.5120E-12  0.5070E-12  0.4410E-12  0.3530E-12  0.3020E-12
  0.1000E+12  0.1000E-73  0.8270E-33  0.3890E-24  0.1060E-17  0.1480E-14  0.9000E-13  0.2980E-12  0.4130E-12  0.4700E-12  0.5120E-12  0.5070E-12  0.4410E-12  0.3530E-12  0.3020E-12
  0.1000E+13  0.1000E-73  0.8270E-33  0.3890E-24  0.1060E-17  0.1480E-14  0.9000E-13  0.2980E-12  0.4130E-12  0.4700E-12  0.5120E-12  0.5070E-12  0.4410E-12  0.3530E-12  0.3020E-12
  0.1000E+14  0.9530E-44  0.8270E-33  0.3890E-24  0.1060E-17  0.1480E-14  0.9000E-13  0.2980E-12  0.4130E-12  0.4700E-12  0.5120E-12  0.5070E-12  0.4410E-12  0.3530E-12  0.3020E-12
  0.1000E+15  0.1070E-43  0.8270E-33  0.3890E-24  0.1060E-17  0.1480E-14  0.9000E-13  0.2980E-12  0.4130E-12  0.4700E-12  0.5120E-12  0.5070E-12  0.4410E-12  0.3530E-12  0.3020E-12
  0.1000E+16  0.1070E-43  0.8270E-33  0.3890E-24  0.1060E-17  0.1480E-14  0.9000E-13  0.2980E-12  0.4130E-12  0.4700E-12  0.5120E-12  0.5070E-12  0.4410E-12  0.3530E-12  0.3020E-12
  0.1000E+17  0.1070E-43  0.8270E-33  0.3890E-24  0.1060E-17  0.1480E-14  0.9000E-13  0.2980E-12  0.4130E-12  0.4700E-12  0.5120E-12  0.5070E-12  0.4410E-12  0.3530E-12  0.3020E-12
WAVELENGTH(A)= 
     3.138
 7 14 t 
excit   
    60.000     90.000    150.000    300.000    600.000   1500.000   3000.000   4500.000   6000.000   9000.000  15000.000  30000.000  60000.000  90000.000 
  0.1000E+11  0.4800E-40  0.1370E-30  0.4530E-23  0.1780E-17  0.1050E-14  0.4390E-13  0.1370E-12  0.1910E-12  0.2220E-12  0.2510E-12  0.2710E-12  0.2710E-12  0.2550E-12  0.2400E-12
  0.1000E+12  0.4860E-40  0.1370E-30  0.4530E-23  0.1780E-17  0.1050E-14  0.4390E-13  0.1370E-12  0.1910E-12  0.2220E-12  0.2510E-12  0.2710E-12  0.2710E-12  0.2550E-12  0.2400E-12
  0.1000E+13  0.4850E-40  0.1370E-30  0.4530E-23  0.1780E-17  0.1050E-14  0.4390E-13  0.1370E-12  0.1910E-12  0.2220E-12  0.2510E-12  0.2710E-12  0.2710E-12  0.2550E-12  0.2400E-12
  0.1000E+14  0.4850E-40  0.1370E-30  0.4530E-23  0.1780E-17  0.1050E-14  0.4390E-13  0.1370E-12  0.1910E-12  0.2220E-12  0.2510E-12  0.2710E-12  0.2710E-12  0.2550E-12  0.2400E-12
  0.1000E+15  0.4850E-40  0.1370E-30  0.4530E-23  0.1780E-17  0.1050E-14  0.4390E-13  0.1370E-12  0.1910E-12  0.2220E-12  0.2510E-12  0.2710E-12  0.2710E-12  0.2550E-12  0.2400E-12
  0.1000E+16  0.4850E-40  0.1370E-30  0.4530E-23  0.1780E-17  0.1050E-14  0.4390E-13  0.1370E-12  0.1910E-12  0.2220E-12  0.2510E-12  0.2710E-12  0.2710E-12  0.2550E-12  0.2400E-12
  0.1000E+17  0.4850E-40  0.1370E-30  0.4530E-23  0.1780E-17  0.1050E-14  0.4390E-13  0.1370E-12  0.1910E-12  0.2220E-12  0.2510E-12  0.2710E-12  0.2710E-12  0.2550E-12  0.2400E-12
WAVELENGTH(A)= 
     3.295
 7 14 t 
excit   
    60.000     90.000    150.000    300.000    600.000   1500.000   3000.000   4500.000   6000.000   9000.000  15000.000  30000.000  60000.000  90000.000 
  0.1000E+11  0.2060E-40  0.2050E-30  0.1740E-22  0.1330E-16  0.9800E-14  0.4050E-12  0.1160E-11  0.1520E-11  0.1680E-11  0.1750E-11  0.1660E-11  0.1380E-11  0.1070E-11  0.9100E-12
  0.1000E+12  0.2270E-40  0.2050E-30  0.1740E-22  0.1330E-16  0.9800E-14  0.4050E-12  0.1160E-11  0.1520E-11  0.1680E-11  0.1750E-11  0.1660E-11  0.1380E-11  0.1070E-11  0.9100E-12
  0.1000E+13  0.2230E-40  0.2050E-30  0.1740E-22  0.1330E-16  0.9800E-14  0.4050E-12  0.1160E-11  0.1520E-11  0.1680E-11  0.1750E-11  0.1660E-11  0.1380E-11  0.1070E-11  0.9100E-12
  0.1000E+14  0.2220E-40  0.2050E-30  0.1740E-22  0.1330E-16  0.9800E-14  0.4050E-12  0.1160E-11  0.1520E-11  0.1680E-11  0.1750E-11  0.1660E-11  0.1380E-11  0.1070E-11  0.9100E-12
  0.1000E+15  0.2220E-40  0.2050E-30  0.1740E-22  0.1330E-16  0.9800E-14  0.4050E-12  0.1160E-11  0.1520E-11  0.1680E-11  0.1750E-11  0.1660E-11  0.1380E-11  0.1070E-11  0.9100E-12
  0.1000E+16  0.2220E-40  0.2050E-30  0.1740E-22  0.1330E-16  0.9800E-14  0.4050E-12  0.1160E-11  0.1520E-11  0.1680E-11  0.1750E-11  0.1660E-11  0.1380E-11  0.1070E-11  0.9100E-12
  0.1000E+17  0.2220E-40  0.2050E-30  0.1740E-22  0.1330E-16  0.9800E-14  0.4050E-12  0.1160E-11  0.1520E-11  0.1680E-11  0.1750E-11  0.1660E-11  0.1380E-11  0.1070E-11  0.9100E-12
WAVELENGTH(A)= 
     3.412
 7 14 t 
excit   
    60.000     90.000    150.000    300.000    600.000   1500.000   3000.000   4500.000   6000.000   9000.000  15000.000  30000.000  60000.000  90000.000 
  0.1000E+11  0.5710E-40  0.2580E-30  0.1240E-22  0.6230E-17  0.3800E-14  0.1460E-12  0.4200E-12  0.5580E-12  0.6230E-12  0.6670E-12  0.6580E-12  0.5830E-12  0.4820E-12  0.4240E-12
  0.1000E+12  0.5720E-40  0.2580E-30  0.1240E-22  0.6230E-17  0.3800E-14  0.1460E-12  0.4200E-12  0.5580E-12  0.6230E-12  0.6670E-12  0.6580E-12  0.5830E-12  0.4820E-12  0.4240E-12
  0.1000E+13  0.5720E-40  0.2580E-30  0.1240E-22  0.6230E-17  0.3800E-14  0.1460E-12  0.4200E-12  0.5580E-12  0.6230E-12  0.6670E-12  0.6580E-12  0.5830E-12  0.4820E-12  0.4240E-12
  0.1000E+14  0.5720E-40  0.2580E-30  0.1240E-22  0.6230E-17  0.3800E-14  0.1460E-12  0.4200E-12  0.5580E-12  0.6230E-12  0.6670E-12  0.6580E-12  0.5830E-12  0.4820E-12  0.4240E-12
  0.1000E+15  0.5720E-40  0.2580E-30  0.1240E-22  0.6230E-17  0.3800E-14  0.1460E-12  0.4200E-12  0.5580E-12  0.6230E-12  0.6670E-12  0.6580E-12  0.5830E-12  0.4820E-12  0.4240E-12
  0.1000E+16  0.5720E-40  0.2580E-30  0.1240E-22  0.6230E-17  0.3800E-14  0.1460E-12  0.4200E-12  0.5580E-12  0.6230E-12  0.6670E-12  0.6580E-12  0.5830E-12  0.4820E-12  0.4240E-12
  0.1000E+17  0.5720E-40  0.2580E-30  0.1240E-22  0.6230E-17  0.3800E-14  0.1460E-12  0.4200E-12  0.5580E-12  0.6230E-12  0.6670E-12  0.6580E-12  0.5830E-12  0.4820E-12  0.4240E-12
WAVELENGTH(A)= 
     3.412
 7 14 t 
excit   
    60.000     90.000    150.000    300.000    600.000   1500.000   3000.000   4500.000   6000.000   9000.000  15000.000  30000.000  60000.000  90000.000 
  0.1000E+11  0.1000E-73  0.3650E-33  0.1190E-24  0.2520E-18  0.3110E-15  0.1810E-13  0.6330E-13  0.9420E-13  0.1150E-12  0.1410E-12  0.1690E-12  0.1930E-12  0.2030E-12  0.2020E-12
  0.1000E+12  0.1000E-73  0.3650E-33  0.1190E-24  0.2520E-18  0.3110E-15  0.1810E-13  0.6330E-13  0.9420E-13  0.1150E-12  0.1410E-12  0.1690E-12  0.1930E-12  0.2030E-12  0.2020E-12
  0.1000E+13  0.6770E-44  0.3650E-33  0.1190E-24  0.2520E-18  0.3110E-15  0.1810E-13  0.6330E-13  0.9420E-13  0.1150E-12  0.1410E-12  0.1690E-12  0.1930E-12  0.2030E-12  0.2020E-12
  0.1000E+14  0.7450E-44  0.3650E-33  0.1190E-24  0.2520E-18  0.3110E-15  0.1810E-13  0.6330E-13  0.9420E-13  0.1150E-12  0.1410E-12  0.1690E-12  0.1930E-12  0.2030E-12  0.2020E-12
  0.1000E+15  0.7380E-44  0.3650E-33  0.1190E-24  0.2520E-18  0.3110E-15  0.1810E-13  0.6330E-13  0.9420E-13  0.1150E-12  0.1410E-12  0.1690E-12  0.1930E-12  0.2030E-12  0.2020E-12
  0.1000E+16  0.7360E-44  0.3650E-33  0.1190E-24  0.2520E-18  0.3110E-15  0.1810E-13  0.6330E-13  0.9420E-13  0.1150E-12  0.1410E-12  0.1690E-12  0.1930E-12  0.2030E-12  0.2020E-12
  0.1000E+17  0.7360E-44  0.3650E-33  0.1190E-24  0.2520E-18  0.3110E-15  0.1810E-13  0.6330E-13  0.9420E-13  0.1150E-12  0.1410E-12  0.1690E-12  0.1930E-12  0.2030E-12  0.2020E-12
WAVELENGTH(A)= 
     3.826
 7 14 t 
excit   
    60.000     90.000    150.000    300.000    600.000   1500.000   3000.000   4500.000   6000.000   9000.000  15000.000  30000.000  60000.000  90000.000 
  0.1000E+11  0.5370E-34  0.2900E-26  0.4080E-20  0.1450E-15  0.2400E-13  0.4630E-12  0.1170E-11  0.1590E-11  0.1860E-11  0.2190E-11  0.2510E-11  0.2790E-11  0.2850E-11  0.2800E-11
  0.1000E+12  0.5370E-34  0.2900E-26  0.4080E-20  0.1450E-15  0.2400E-13  0.4630E-12  0.1170E-11  0.1590E-11  0.1860E-11  0.2190E-11  0.2510E-11  0.2790E-11  0.2850E-11  0.2800E-11
  0.1000E+13  0.5370E-34  0.2900E-26  0.4080E-20  0.1450E-15  0.2400E-13  0.4630E-12  0.1170E-11  0.1590E-11  0.1860E-11  0.2190E-11  0.2510E-11  0.2790E-11  0.2850E-11  0.2800E-11
  0.1000E+14  0.5370E-34  0.2900E-26  0.4080E-20  0.1450E-15  0.2400E-13  0.4630E-12  0.1170E-11  0.1590E-11  0.1860E-11  0.2190E-11  0.2510E-11  0.2790E-11  0.2850E-11  0.2800E-11
  0.1000E+15  0.5370E-34  0.2900E-26  0.4080E-20  0.1450E-15  0.2400E-13  0.4630E-12  0.1170E-11  0.1590E-11  0.1860E-11  0.2190E-11  0.2510E-11  0.2790E-11  0.2850E-11  0.2800E-11
  0.1000E+16  0.5370E-34  0.2900E-26  0.4080E-20  0.1450E-15  0.2400E-13  0.4630E-12  0.1170E-11  0.1590E-11  0.1860E-11  0.2190E-11  0.2510E-11  0.2790E-11  0.2850E-11  0.2800E-11
  0.1000E+17  0.5370E-34  0.2900E-26  0.4080E-20  0.1450E-15  0.2400E-13  0.4630E-12  0.1170E-11  0.1590E-11  0.1860E-11  0.2190E-11  0.2510E-11  0.2790E-11  0.2850E-11  0.2800E-11
WAVELENGTH(A)= 
     4.170
 7 14 t 
excit   
    60.000     90.000    150.000    300.000    600.000   1500.000   3000.000   4500.000   6000.000   9000.000  15000.000  30000.000  60000.000  90000.000 
  0.1000E+11  0.3390E-31  0.4140E-24  0.1770E-18  0.2570E-14  0.2740E-12  0.4060E-11  0.9440E-11  0.1240E-10  0.1420E-10  0.1640E-10  0.1820E-10  0.1930E-10  0.1900E-10  0.1830E-10
  0.1000E+12  0.3390E-31  0.4140E-24  0.1770E-18  0.2570E-14  0.2740E-12  0.4060E-11  0.9440E-11  0.1240E-10  0.1420E-10  0.1640E-10  0.1820E-10  0.1930E-10  0.1900E-10  0.1830E-10
  0.1000E+13  0.3390E-31  0.4140E-24  0.1770E-18  0.2570E-14  0.2740E-12  0.4060E-11  0.9440E-11  0.1240E-10  0.1420E-10  0.1640E-10  0.1820E-10  0.1930E-10  0.1900E-10  0.1830E-10
  0.1000E+14  0.3390E-31  0.4140E-24  0.1770E-18  0.2570E-14  0.2740E-12  0.4060E-11  0.9440E-11  0.1240E-10  0.1420E-10  0.1640E-10  0.1820E-10  0.1930E-10  0.1900E-10  0.1830E-10
  0.1000E+15  0.3390E-31  0.4140E-24  0.1770E-18  0.2570E-14  0.2740E-12  0.4060E-11  0.9440E-11  0.1240E-10  0.1420E-10  0.1640E-10  0.1820E-10  0.1930E-10  0.1900E-10  0.1830E-10
  0.1000E+16  0.3390E-31  0.4140E-24  0.1770E-18  0.2570E-14  0.2740E-12  0.4060E-11  0.9440E-11  0.1240E-10  0.1420E-10  0.1640E-10  0.1820E-10  0.1930E-10  0.1900E-10  0.1830E-10
  0.1000E+17  0.3390E-31  0.4140E-24  0.1770E-18  0.2570E-14  0.2740E-12  0.4060E-11  0.9440E-11  0.1240E-10  0.1420E-10  0.1640E-10  0.1820E-10  0.1930E-10  0.1900E-10  0.1830E-10
WAVELENGTH(A)= 
     4.184
 7 14 t 
excit   
    60.000     90.000    150.000    300.000    600.000   1500.000   3000.000   4500.000   6000.000   9000.000  15000.000  30000.000  60000.000  90000.000 
  0.1000E+11  0.1320E-34  0.1780E-26  0.5160E-20  0.3120E-15  0.6520E-13  0.1300E-11  0.3020E-11  0.3780E-11  0.4100E-11  0.4300E-11  0.4160E-11  0.3630E-11  0.2940E-11  0.2550E-11
  0.1000E+12  0.1320E-34  0.1780E-26  0.5160E-20  0.3120E-15  0.6520E-13  0.1300E-11  0.3020E-11  0.3780E-11  0.4100E-11  0.4300E-11  0.4160E-11  0.3630E-11  0.2940E-11  0.2550E-11
  0.1000E+13  0.1320E-34  0.1780E-26  0.5160E-20  0.3120E-15  0.6520E-13  0.1300E-11  0.3020E-11  0.3780E-11  0.4100E-11  0.4300E-11  0.4160E-11  0.3630E-11  0.2940E-11  0.2550E-11
  0.1000E+14  0.1320E-34  0.1780E-26  0.5160E-20  0.3120E-15  0.6520E-13  0.1300E-11  0.3020E-11  0.3780E-11  0.4100E-11  0.4300E-11  0.4160E-11  0.3630E-11  0.2940E-11  0.2550E-11
  0.1000E+15  0.1320E-34  0.1780E-26  0.5160E-20  0.3120E-15  0.6520E-13  0.1300E-11  0.3020E-11  0.3780E-11  0.4100E-11  0.4300E-11  0.4160E-11  0.3630E-11  0.2940E-11  0.2550E-11
  0.1000E+16  0.1320E-34  0.1780E-26  0.5160E-20  0.3120E-15  0.6520E-13  0.1300E-11  0.3020E-11  0.3780E-11  0.4100E-11  0.4300E-11  0.4160E-11  0.3630E-11  0.2940E-11  0.2550E-11
  0.1000E+17  0.1320E-34  0.1780E-26  0.5160E-20  0.3120E-15  0.6520E-13  0.1300E-11  0.3020E-11  0.3780E-11  0.4100E-11  0.4300E-11  0.4160E-11  0.3630E-11  0.2940E-11  0.2550E-11
WAVELENGTH(A)= 
     4.413
 7 14 t 
excit   
    60.000     90.000    150.000    300.000    600.000   1500.000   3000.000   4500.000   6000.000   9000.000  15000.000  30000.000  60000.000  90000.000 
  0.1000E+11  0.5660E-32  0.2790E-25  0.5740E-20  0.4770E-16  0.3730E-14  0.4240E-13  0.8350E-13  0.9900E-13  0.1050E-12  0.1070E-12  0.1020E-12  0.8820E-13  0.7270E-13  0.6400E-13
  0.1000E+12  0.5660E-32  0.2790E-25  0.5740E-20  0.4770E-16  0.3730E-14  0.4240E-13  0.8350E-13  0.9900E-13  0.1050E-12  0.1070E-12  0.1020E-12  0.8820E-13  0.7270E-13  0.6400E-13
  0.1000E+13  0.5660E-32  0.2790E-25  0.5740E-20  0.4770E-16  0.3730E-14  0.4240E-13  0.8350E-13  0.9900E-13  0.1050E-12  0.1070E-12  0.1020E-12  0.8820E-13  0.7270E-13  0.6400E-13
  0.1000E+14  0.5660E-32  0.2790E-25  0.5740E-20  0.4770E-16  0.3730E-14  0.4240E-13  0.8350E-13  0.9900E-13  0.1050E-12  0.1070E-12  0.1020E-12  0.8820E-13  0.7270E-13  0.6400E-13
  0.1000E+15  0.5660E-32  0.2790E-25  0.5740E-20  0.4770E-16  0.3730E-14  0.4240E-13  0.8350E-13  0.9900E-13  0.1050E-12  0.1070E-12  0.1020E-12  0.8820E-13  0.7270E-13  0.6400E-13
  0.1000E+16  0.5660E-32  0.2790E-25  0.5740E-20  0.4770E-16  0.3730E-14  0.4240E-13  0.8350E-13  0.9900E-13  0.1050E-12  0.1070E-12  0.1020E-12  0.8820E-13  0.7270E-13  0.6400E-13
  0.1000E+17  0.5660E-32  0.2790E-25  0.5740E-20  0.4770E-16  0.3730E-14  0.4240E-13  0.8350E-13  0.9900E-13  0.1050E-12  0.1070E-12  0.1020E-12  0.8820E-13  0.7270E-13  0.6400E-13
WAVELENGTH(A)= 
     4.642
 7 14 t 
excit   
    60.000     90.000    150.000    300.000    600.000   1500.000   3000.000   4500.000   6000.000   9000.000  15000.000  30000.000  60000.000  90000.000 
  0.1000E+11  0.1580E-31  0.3390E-24  0.2270E-18  0.4540E-14  0.5430E-12  0.7610E-11  0.1550E-10  0.1830E-10  0.1920E-10  0.1910E-10  0.1770E-10  0.1450E-10  0.1130E-10  0.9580E-11
  0.1000E+12  0.1580E-31  0.3390E-24  0.2270E-18  0.4540E-14  0.5430E-12  0.7610E-11  0.1550E-10  0.1830E-10  0.1920E-10  0.1910E-10  0.1770E-10  0.1450E-10  0.1130E-10  0.9580E-11
  0.1000E+13  0.1580E-31  0.3390E-24  0.2270E-18  0.4540E-14  0.5430E-12  0.7610E-11  0.1550E-10  0.1830E-10  0.1920E-10  0.1910E-10  0.1770E-10  0.1450E-10  0.1130E-10  0.9580E-11
  0.1000E+14  0.1580E-31  0.3390E-24  0.2270E-18  0.4540E-14  0.5430E-12  0.7610E-11  0.1550E-10  0.1830E-10  0.1920E-10  0.1910E-10  0.1770E-10  0.1450E-10  0.1130E-10  0.9580E-11
  0.1000E+15  0.1580E-31  0.3390E-24  0.2270E-18  0.4540E-14  0.5430E-12  0.7610E-11  0.1550E-10  0.1830E-10  0.1920E-10  0.1910E-10  0.1770E-10  0.1450E-10  0.1130E-10  0.9580E-11
  0.1000E+16  0.1580E-31  0.3390E-24  0.2270E-18  0.4540E-14  0.5430E-12  0.7610E-11  0.1550E-10  0.1830E-10  0.1920E-10  0.1910E-10  0.1770E-10  0.1450E-10  0.1130E-10  0.9580E-11
  0.1000E+17  0.1580E-31  0.3390E-24  0.2270E-18  0.4540E-14  0.5430E-12  0.7610E-11  0.1550E-10  0.1830E-10  0.1920E-10  0.1910E-10  0.1770E-10  0.1450E-10  0.1130E-10  0.9580E-11
WAVELENGTH(A)= 
     4.703
 7 14 t 
excit   
    60.000     90.000    150.000    300.000    600.000   1500.000   3000.000   4500.000   6000.000   9000.000  15000.000  30000.000  60000.000  90000.000 
  0.1000E+11  0.1700E-29  0.3240E-23  0.3170E-18  0.1550E-14  0.9970E-13  0.1210E-11  0.2730E-11  0.3510E-11  0.3940E-11  0.4380E-11  0.4660E-11  0.4680E-11  0.4400E-11  0.4180E-11
  0.1000E+12  0.1700E-29  0.3240E-23  0.3170E-18  0.1550E-14  0.9970E-13  0.1210E-11  0.2730E-11  0.3510E-11  0.3940E-11  0.4380E-11  0.4660E-11  0.4680E-11  0.4400E-11  0.4180E-11
  0.1000E+13  0.1700E-29  0.3240E-23  0.3170E-18  0.1550E-14  0.9970E-13  0.1210E-11  0.2730E-11  0.3510E-11  0.3940E-11  0.4380E-11  0.4660E-11  0.4680E-11  0.4400E-11  0.4180E-11
  0.1000E+14  0.1700E-29  0.3240E-23  0.3170E-18  0.1550E-14  0.9970E-13  0.1210E-11  0.2730E-11  0.3510E-11  0.3940E-11  0.4380E-11  0.4660E-11  0.4680E-11  0.4400E-11  0.4180E-11
  0.1000E+15  0.1700E-29  0.3240E-23  0.3170E-18  0.1550E-14  0.9970E-13  0.1210E-11  0.2730E-11  0.3510E-11  0.3940E-11  0.4380E-11  0.4660E-11  0.4680E-11  0.4400E-11  0.4180E-11
  0.1000E+16  0.1700E-29  0.3240E-23  0.3170E-18  0.1550E-14  0.9970E-13  0.1210E-11  0.2730E-11  0.3510E-11  0.3940E-11  0.4380E-11  0.4660E-11  0.4680E-11  0.4400E-11  0.4180E-11
  0.1000E+17  0.1700E-29  0.3240E-23  0.3170E-18  0.1550E-14  0.9970E-13  0.1210E-11  0.2730E-11  0.3510E-11  0.3940E-11  0.4380E-11  0.4660E-11  0.4680E-11  0.4400E-11  0.4180E-11
WAVELENGTH(A)= 
     4.911
 7 14 t 
excit   
    60.000     90.000    150.000    300.000    600.000   1500.000   3000.000   4500.000   6000.000   9000.000  15000.000  30000.000  60000.000  90000.000 
  0.1000E+11  0.1000E-73  0.2330E-37  0.3590E-27  0.1350E-19  0.7000E-16  0.9530E-14  0.4280E-13  0.6750E-13  0.8400E-13  0.1020E-12  0.1180E-12  0.1270E-12  0.1250E-12  0.1210E-12
  0.1000E+12  0.1000E-73  0.2330E-37  0.3590E-27  0.1350E-19  0.7000E-16  0.9530E-14  0.4280E-13  0.6750E-13  0.8400E-13  0.1020E-12  0.1180E-12  0.1270E-12  0.1250E-12  0.1210E-12
  0.1000E+13  0.1000E-73  0.2330E-37  0.3590E-27  0.1350E-19  0.7000E-16  0.9530E-14  0.4280E-13  0.6750E-13  0.8400E-13  0.1020E-12  0.1180E-12  0.1270E-12  0.1250E-12  0.1210E-12
  0.1000E+14  0.1000E-73  0.2330E-37  0.3590E-27  0.1350E-19  0.7000E-16  0.9530E-14  0.4280E-13  0.6750E-13  0.8400E-13  0.1020E-12  0.1180E-12  0.1270E-12  0.1250E-12  0.1210E-12
  0.1000E+15  0.1000E-73  0.2330E-37  0.3590E-27  0.1350E-19  0.7000E-16  0.9530E-14  0.4280E-13  0.6750E-13  0.8400E-13  0.1020E-12  0.1180E-12  0.1270E-12  0.1250E-12  0.1210E-12
  0.1000E+16  0.1000E-73  0.2330E-37  0.3590E-27  0.1350E-19  0.7000E-16  0.9530E-14  0.4280E-13  0.6750E-13  0.8400E-13  0.1020E-12  0.1180E-12  0.1270E-12  0.1250E-12  0.1210E-12
  0.1000E+17  0.1000E-73  0.2330E-37  0.3590E-27  0.1350E-19  0.7000E-16  0.9530E-14  0.4280E-13  0.6750E-13  0.8400E-13  0.1020E-12  0.1180E-12  0.1270E-12  0.1250E-12  0.1210E-12
WAVELENGTH(A)= 
     5.096
 7 14 t 
excit   
    60.000     90.000    150.000    300.000    600.000   1500.000   3000.000   4500.000   6000.000   9000.000  15000.000  30000.000  60000.000  90000.000 
  0.1000E+11  0.1000E-73  0.5810E-36  0.2760E-26  0.4310E-19  0.1440E-15  0.1470E-13  0.5790E-13  0.8410E-13  0.9850E-13  0.1090E-12  0.1100E-12  0.9690E-13  0.7830E-13  0.6760E-13
  0.1000E+12  0.1000E-73  0.5810E-36  0.2760E-26  0.4310E-19  0.1440E-15  0.1470E-13  0.5790E-13  0.8410E-13  0.9850E-13  0.1090E-12  0.1100E-12  0.9690E-13  0.7830E-13  0.6760E-13
  0.1000E+13  0.1000E-73  0.5810E-36  0.2760E-26  0.4310E-19  0.1440E-15  0.1470E-13  0.5790E-13  0.8410E-13  0.9850E-13  0.1090E-12  0.1100E-12  0.9690E-13  0.7830E-13  0.6760E-13
  0.1000E+14  0.1000E-73  0.5810E-36  0.2760E-26  0.4310E-19  0.1440E-15  0.1470E-13  0.5790E-13  0.8410E-13  0.9850E-13  0.1090E-12  0.1100E-12  0.9690E-13  0.7830E-13  0.6760E-13
  0.1000E+15  0.1000E-73  0.5810E-36  0.2760E-26  0.4310E-19  0.1440E-15  0.1470E-13  0.5790E-13  0.8410E-13  0.9850E-13  0.1090E-12  0.1100E-12  0.9690E-13  0.7830E-13  0.6760E-13
  0.1000E+16  0.1000E-73  0.5810E-36  0.2760E-26  0.4310E-19  0.1440E-15  0.1470E-13  0.5790E-13  0.8410E-13  0.9850E-13  0.1090E-12  0.1100E-12  0.9690E-13  0.7830E-13  0.6760E-13
  0.1000E+17  0.4510E-48  0.5810E-36  0.2760E-26  0.4310E-19  0.1440E-15  0.1470E-13  0.5790E-13  0.8410E-13  0.9850E-13  0.1090E-12  0.1100E-12  0.9690E-13  0.7830E-13  0.6760E-13
WAVELENGTH(A)= 
     5.153
 7 14 t 
excit   
    60.000     90.000    150.000    300.000    600.000   1500.000   3000.000   4500.000   6000.000   9000.000  15000.000  30000.000  60000.000  90000.000 
  0.1000E+11  0.7520E-30  0.3710E-23  0.7630E-18  0.6340E-14  0.4960E-12  0.5630E-11  0.1110E-10  0.1320E-10  0.1390E-10  0.1420E-10  0.1350E-10  0.1170E-10  0.9660E-11  0.8510E-11
  0.1000E+12  0.7520E-30  0.3710E-23  0.7630E-18  0.6340E-14  0.4960E-12  0.5630E-11  0.1110E-10  0.1320E-10  0.1390E-10  0.1420E-10  0.1350E-10  0.1170E-10  0.9660E-11  0.8510E-11
  0.1000E+13  0.7520E-30  0.3710E-23  0.7630E-18  0.6340E-14  0.4960E-12  0.5630E-11  0.1110E-10  0.1320E-10  0.1390E-10  0.1420E-10  0.1350E-10  0.1170E-10  0.9660E-11  0.8510E-11
  0.1000E+14  0.7520E-30  0.3710E-23  0.7630E-18  0.6340E-14  0.4960E-12  0.5630E-11  0.1110E-10  0.1320E-10  0.1390E-10  0.1420E-10  0.1350E-10  0.1170E-10  0.9660E-11  0.8510E-11
  0.1000E+15  0.7520E-30  0.3710E-23  0.7630E-18  0.6340E-14  0.4960E-12  0.5630E-11  0.1110E-10  0.1320E-10  0.1390E-10  0.1420E-10  0.1350E-10  0.1170E-10  0.9660E-11  0.8510E-11
  0.1000E+16  0.7520E-30  0.3710E-23  0.7630E-18  0.6340E-14  0.4960E-12  0.5630E-11  0.1110E-10  0.1320E-10  0.1390E-10  0.1420E-10  0.1350E-10  0.1170E-10  0.9660E-11  0.8510E-11
  0.1000E+17  0.7520E-30  0.3710E-23  0.7630E-18  0.6340E-14  0.4960E-12  0.5630E-11  0.1110E-10  0.1320E-10  0.1390E-10  0.1420E-10  0.1350E-10  0.1170E-10  0.9650E-11  0.8510E-11
WAVELENGTH(A)= 
     5.154
 7 14 t 
excit   
    60.000     90.000    150.000    300.000    600.000   1500.000   3000.000   4500.000   6000.000   9000.000  15000.000  30000.000  60000.000  90000.000 
  0.1000E+11  0.3150E-34  0.1700E-26  0.2390E-20  0.8490E-16  0.1410E-13  0.2720E-12  0.6900E-12  0.9340E-12  0.1090E-11  0.1280E-11  0.1470E-11  0.1640E-11  0.1670E-11  0.1640E-11
  0.1000E+12  0.3150E-34  0.1700E-26  0.2390E-20  0.8490E-16  0.1410E-13  0.2720E-12  0.6900E-12  0.9340E-12  0.1090E-11  0.1280E-11  0.1470E-11  0.1640E-11  0.1670E-11  0.1640E-11
  0.1000E+13  0.3150E-34  0.1700E-26  0.2390E-20  0.8490E-16  0.1410E-13  0.2720E-12  0.6900E-12  0.9340E-12  0.1090E-11  0.1280E-11  0.1470E-11  0.1640E-11  0.1670E-11  0.1640E-11
  0.1000E+14  0.3150E-34  0.1700E-26  0.2390E-20  0.8490E-16  0.1410E-13  0.2720E-12  0.6900E-12  0.9340E-12  0.1090E-11  0.1280E-11  0.1470E-11  0.1640E-11  0.1670E-11  0.1640E-11
  0.1000E+15  0.3150E-34  0.1700E-26  0.2390E-20  0.8490E-16  0.1410E-13  0.2720E-12  0.6900E-12  0.9340E-12  0.1090E-11  0.1280E-11  0.1470E-11  0.1640E-11  0.1670E-11  0.1640E-11
  0.1000E+16  0.3150E-34  0.1700E-26  0.2390E-20  0.8490E-16  0.1410E-13  0.2720E-12  0.6900E-12  0.9340E-12  0.1090E-11  0.1280E-11  0.1470E-11  0.1640E-11  0.1670E-11  0.1640E-11
  0.1000E+17  0.3150E-34  0.1700E-26  0.2390E-20  0.8490E-16  0.1410E-13  0.2720E-12  0.6900E-12  0.9340E-12  0.1090E-11  0.1280E-11  0.1470E-11  0.1640E-11  0.1670E-11  0.1640E-11
WAVELENGTH(A)= 
     5.419
 7 14 t 
excit   
    60.000     90.000    150.000    300.000    600.000   1500.000   3000.000   4500.000   6000.000   9000.000  15000.000  30000.000  60000.000  90000.000 
  0.1000E+11  0.1000E-73  0.5620E-36  0.3040E-26  0.5280E-19  0.1860E-15  0.2040E-13  0.8470E-13  0.1310E-12  0.1610E-12  0.1940E-12  0.2210E-12  0.2370E-12  0.2330E-12  0.2240E-12
  0.1000E+12  0.1000E-73  0.5620E-36  0.3040E-26  0.5280E-19  0.1860E-15  0.2040E-13  0.8470E-13  0.1310E-12  0.1610E-12  0.1940E-12  0.2210E-12  0.2370E-12  0.2330E-12  0.2240E-12
  0.1000E+13  0.1000E-73  0.5620E-36  0.3040E-26  0.5280E-19  0.1860E-15  0.2040E-13  0.8470E-13  0.1310E-12  0.1610E-12  0.1940E-12  0.2210E-12  0.2370E-12  0.2330E-12  0.2240E-12
  0.1000E+14  0.1000E-73  0.5620E-36  0.3040E-26  0.5280E-19  0.1860E-15  0.2040E-13  0.8470E-13  0.1310E-12  0.1610E-12  0.1940E-12  0.2210E-12  0.2370E-12  0.2330E-12  0.2240E-12
  0.1000E+15  0.1000E-73  0.5620E-36  0.3040E-26  0.5280E-19  0.1860E-15  0.2040E-13  0.8470E-13  0.1310E-12  0.1610E-12  0.1940E-12  0.2210E-12  0.2370E-12  0.2330E-12  0.2240E-12
  0.1000E+16  0.1000E-73  0.5620E-36  0.3040E-26  0.5280E-19  0.1860E-15  0.2040E-13  0.8470E-13  0.1310E-12  0.1610E-12  0.1940E-12  0.2210E-12  0.2370E-12  0.2330E-12  0.2240E-12
  0.1000E+17  0.1000E-73  0.5620E-36  0.3040E-26  0.5280E-19  0.1860E-15  0.2040E-13  0.8470E-13  0.1310E-12  0.1610E-12  0.1940E-12  0.2210E-12  0.2370E-12  0.2330E-12  0.2240E-12
WAVELENGTH(A)= 
     5.791
 7 14 t 
excit   
    60.000     90.000    150.000    300.000    600.000   1500.000   3000.000   4500.000   6000.000   9000.000  15000.000  30000.000  60000.000  90000.000 
  0.1000E+11  0.1000E-73  0.3220E-36  0.1860E-26  0.3360E-19  0.1200E-15  0.1270E-13  0.4990E-13  0.7200E-13  0.8290E-13  0.9020E-13  0.8800E-13  0.7500E-13  0.5830E-13  0.4930E-13
  0.1000E+12  0.1000E-73  0.3220E-36  0.1860E-26  0.3360E-19  0.1200E-15  0.1270E-13  0.4990E-13  0.7200E-13  0.8290E-13  0.9020E-13  0.8800E-13  0.7500E-13  0.5830E-13  0.4930E-13
  0.1000E+13  0.1000E-73  0.3220E-36  0.1860E-26  0.3360E-19  0.1200E-15  0.1270E-13  0.4990E-13  0.7200E-13  0.8290E-13  0.9020E-13  0.8800E-13  0.7500E-13  0.5830E-13  0.4930E-13
  0.1000E+14  0.1000E-73  0.3220E-36  0.1860E-26  0.3360E-19  0.1200E-15  0.1270E-13  0.4990E-13  0.7200E-13  0.8290E-13  0.9020E-13  0.8800E-13  0.7500E-13  0.5830E-13  0.4930E-13
  0.1000E+15  0.1000E-73  0.3220E-36  0.1860E-26  0.3360E-19  0.1200E-15  0.1270E-13  0.4990E-13  0.7200E-13  0.8290E-13  0.9020E-13  0.8800E-13  0.7500E-13  0.5830E-13  0.4930E-13
  0.1000E+16  0.1000E-73  0.3220E-36  0.1860E-26  0.3360E-19  0.1200E-15  0.1270E-13  0.4990E-13  0.7200E-13  0.8290E-13  0.9020E-13  0.8800E-13  0.7500E-13  0.5830E-13  0.4930E-13
  0.1000E+17  0.1000E-73  0.3220E-36  0.1860E-26  0.3360E-19  0.1200E-15  0.1270E-13  0.4990E-13  0.7200E-13  0.8290E-13  0.9020E-13  0.8800E-13  0.7500E-13  0.5830E-13  0.4930E-13
WAVELENGTH(A)= 
     6.051
 7 14 t 
excit   
    60.000     90.000    150.000    300.000    600.000   1500.000   3000.000   4500.000   6000.000   9000.000  15000.000  30000.000  60000.000  90000.000 
  0.1000E+11  0.1000E-73  0.9350E-34  0.8060E-25  0.3540E-18  0.6310E-15  0.4510E-13  0.1570E-12  0.2210E-12  0.2540E-12  0.2780E-12  0.2790E-12  0.2470E-12  0.2020E-12  0.1760E-12
  0.1000E+12  0.1000E-73  0.9350E-34  0.8060E-25  0.3540E-18  0.6310E-15  0.4510E-13  0.1570E-12  0.2210E-12  0.2540E-12  0.2780E-12  0.2790E-12  0.2470E-12  0.2020E-12  0.1760E-12
  0.1000E+13  0.1000E-73  0.9350E-34  0.8060E-25  0.3540E-18  0.6310E-15  0.4510E-13  0.1570E-12  0.2210E-12  0.2540E-12  0.2780E-12  0.2790E-12  0.2470E-12  0.2020E-12  0.1760E-12
  0.1000E+14  0.6910E-45  0.9350E-34  0.8060E-25  0.3540E-18  0.6310E-15  0.4510E-13  0.1570E-12  0.2210E-12  0.2540E-12  0.2780E-12  0.2790E-12  0.2470E-12  0.2020E-12  0.1760E-12
  0.1000E+15  0.5530E-45  0.9350E-34  0.8060E-25  0.3540E-18  0.6310E-15  0.4510E-13  0.1570E-12  0.2210E-12  0.2540E-12  0.2780E-12  0.2790E-12  0.2470E-12  0.2020E-12  0.1760E-12
  0.1000E+16  0.5660E-45  0.9350E-34  0.8060E-25  0.3540E-18  0.6310E-15  0.4510E-13  0.1570E-12  0.2210E-12  0.2540E-12  0.2780E-12  0.2790E-12  0.2470E-12  0.2020E-12  0.1760E-12
  0.1000E+17  0.5650E-45  0.9350E-34  0.8060E-25  0.3540E-18  0.6310E-15  0.4510E-13  0.1570E-12  0.2210E-12  0.2540E-12  0.2780E-12  0.2790E-12  0.2470E-12  0.2020E-12  0.1760E-12
WAVELENGTH(A)= 
     6.453
 7 14 t 
excit   
    60.000     90.000    150.000    300.000    600.000   1500.000   3000.000   4500.000   6000.000   9000.000  15000.000  30000.000  60000.000  90000.000 
  0.1000E+11  0.1000E-73  0.6590E-34  0.6970E-25  0.3580E-18  0.7050E-15  0.5430E-13  0.2040E-12  0.3040E-12  0.3670E-12  0.4380E-12  0.4950E-12  0.5260E-12  0.5150E-12  0.4950E-12
  0.1000E+12  0.1000E-73  0.6590E-34  0.6970E-25  0.3580E-18  0.7050E-15  0.5430E-13  0.2040E-12  0.3040E-12  0.3670E-12  0.4380E-12  0.4950E-12  0.5260E-12  0.5150E-12  0.4950E-12
  0.1000E+13  0.1000E-73  0.6590E-34  0.6970E-25  0.3580E-18  0.7050E-15  0.5430E-13  0.2040E-12  0.3040E-12  0.3670E-12  0.4380E-12  0.4950E-12  0.5260E-12  0.5150E-12  0.4950E-12
  0.1000E+14  0.1000E-73  0.6590E-34  0.6970E-25  0.3580E-18  0.7050E-15  0.5430E-13  0.2040E-12  0.3040E-12  0.3670E-12  0.4380E-12  0.4950E-12  0.5260E-12  0.5150E-12  0.4950E-12
  0.1000E+15  0.2970E-45  0.6590E-34  0.6970E-25  0.3580E-18  0.7050E-15  0.5430E-13  0.2040E-12  0.3040E-12  0.3670E-12  0.4380E-12  0.4950E-12  0.5260E-12  0.5150E-12  0.4950E-12
  0.1000E+16  0.3120E-45  0.6590E-34  0.6970E-25  0.3580E-18  0.7050E-15  0.5430E-13  0.2040E-12  0.3040E-12  0.3670E-12  0.4380E-12  0.4950E-12  0.5260E-12  0.5150E-12  0.4950E-12
  0.1000E+17  0.3070E-45  0.6590E-34  0.6970E-25  0.3580E-18  0.7050E-15  0.5430E-13  0.2040E-12  0.3040E-12  0.3670E-12  0.4380E-12  0.4950E-12  0.5260E-12  0.5150E-12  0.4950E-12
WAVELENGTH(A)= 
     6.785
 7 14 t 
excit   
    60.000     90.000    150.000    300.000    600.000   1500.000   3000.000   4500.000   6000.000   9000.000  15000.000  30000.000  60000.000  90000.000 
  0.1000E+11  0.1000E-73  0.2430E-34  0.1720E-25  0.6750E-19  0.1210E-15  0.9010E-14  0.3300E-13  0.4840E-13  0.5740E-13  0.6650E-13  0.7260E-13  0.7410E-13  0.7030E-13  0.6670E-13
  0.1000E+12  0.1000E-73  0.2430E-34  0.1720E-25  0.6750E-19  0.1210E-15  0.9010E-14  0.3300E-13  0.4840E-13  0.5740E-13  0.6650E-13  0.7260E-13  0.7410E-13  0.7030E-13  0.6670E-13
  0.1000E+13  0.1000E-73  0.2430E-34  0.1720E-25  0.6750E-19  0.1210E-15  0.9010E-14  0.3300E-13  0.4840E-13  0.5740E-13  0.6650E-13  0.7260E-13  0.7410E-13  0.7030E-13  0.6670E-13
  0.1000E+14  0.1000E-73  0.2430E-34  0.1720E-25  0.6750E-19  0.1210E-15  0.9010E-14  0.3300E-13  0.4840E-13  0.5740E-13  0.6650E-13  0.7260E-13  0.7410E-13  0.7030E-13  0.6670E-13
  0.1000E+15  0.1290E-45  0.2430E-34  0.1720E-25  0.6750E-19  0.1210E-15  0.9010E-14  0.3300E-13  0.4840E-13  0.5740E-13  0.6650E-13  0.7260E-13  0.7410E-13  0.7030E-13  0.6670E-13
  0.1000E+16  0.1940E-45  0.2430E-34  0.1720E-25  0.6750E-19  0.1210E-15  0.9010E-14  0.3300E-13  0.4840E-13  0.5740E-13  0.6650E-13  0.7260E-13  0.7410E-13  0.7030E-13  0.6670E-13
  0.1000E+17  0.1910E-45  0.2430E-34  0.1720E-25  0.6750E-19  0.1210E-15  0.9010E-14  0.3300E-13  0.4840E-13  0.5740E-13  0.6650E-13  0.7260E-13  0.7410E-13  0.7030E-13  0.6670E-13
WAVELENGTH(A)= 
     6.947
 7 14 t 
excit   
    60.000     90.000    150.000    300.000    600.000   1500.000   3000.000   4500.000   6000.000   9000.000  15000.000  30000.000  60000.000  90000.000 
  0.1000E+11  0.1000E-73  0.3900E-34  0.4630E-25  0.2550E-18  0.5030E-15  0.3750E-13  0.1310E-12  0.1820E-12  0.2060E-12  0.2210E-12  0.2140E-12  0.1800E-12  0.1400E-12  0.1190E-12
  0.1000E+12  0.1000E-73  0.3900E-34  0.4630E-25  0.2550E-18  0.5030E-15  0.3750E-13  0.1310E-12  0.1820E-12  0.2060E-12  0.2210E-12  0.2140E-12  0.1800E-12  0.1400E-12  0.1190E-12
  0.1000E+13  0.1000E-73  0.3900E-34  0.4630E-25  0.2550E-18  0.5030E-15  0.3750E-13  0.1310E-12  0.1820E-12  0.2060E-12  0.2210E-12  0.2140E-12  0.1800E-12  0.1400E-12  0.1190E-12
  0.1000E+14  0.1000E-73  0.3900E-34  0.4630E-25  0.2550E-18  0.5030E-15  0.3750E-13  0.1310E-12  0.1820E-12  0.2060E-12  0.2210E-12  0.2140E-12  0.1800E-12  0.1400E-12  0.1190E-12
  0.1000E+15  0.2470E-45  0.3900E-34  0.4630E-25  0.2550E-18  0.5030E-15  0.3750E-13  0.1310E-12  0.1820E-12  0.2060E-12  0.2210E-12  0.2140E-12  0.1800E-12  0.1400E-12  0.1190E-12
  0.1000E+16  0.1480E-45  0.3900E-34  0.4630E-25  0.2550E-18  0.5030E-15  0.3750E-13  0.1310E-12  0.1820E-12  0.2060E-12  0.2210E-12  0.2140E-12  0.1800E-12  0.1400E-12  0.1190E-12
  0.1000E+17  0.1580E-45  0.3900E-34  0.4630E-25  0.2550E-18  0.5030E-15  0.3750E-13  0.1310E-12  0.1820E-12  0.2060E-12  0.2210E-12  0.2140E-12  0.1800E-12  0.1400E-12  0.1190E-12
WAVELENGTH(A)= 
     7.241
 7 14 t 
excit   
    60.000     90.000    150.000    300.000    600.000   1500.000   3000.000   4500.000   6000.000   9000.000  15000.000  30000.000  60000.000  90000.000 
  0.1000E+11  0.1000E-73  0.4820E-34  0.4150E-25  0.1820E-18  0.3250E-15  0.2320E-13  0.8110E-13  0.1140E-12  0.1310E-12  0.1430E-12  0.1440E-12  0.1270E-12  0.1040E-12  0.9060E-13
  0.1000E+12  0.1000E-73  0.4820E-34  0.4150E-25  0.1820E-18  0.3250E-15  0.2320E-13  0.8110E-13  0.1140E-12  0.1310E-12  0.1430E-12  0.1440E-12  0.1270E-12  0.1040E-12  0.9060E-13
  0.1000E+13  0.1000E-73  0.4820E-34  0.4150E-25  0.1820E-18  0.3250E-15  0.2320E-13  0.8110E-13  0.1140E-12  0.1310E-12  0.1430E-12  0.1440E-12  0.1270E-12  0.1040E-12  0.9060E-13
  0.1000E+14  0.3560E-45  0.4820E-34  0.4150E-25  0.1820E-18  0.3250E-15  0.2320E-13  0.8110E-13  0.1140E-12  0.1310E-12  0.1430E-12  0.1440E-12  0.1270E-12  0.1040E-12  0.9060E-13
  0.1000E+15  0.2850E-45  0.4820E-34  0.4150E-25  0.1820E-18  0.3250E-15  0.2320E-13  0.8110E-13  0.1140E-12  0.1310E-12  0.1430E-12  0.1440E-12  0.1270E-12  0.1040E-12  0.9060E-13
  0.1000E+16  0.2920E-45  0.4820E-34  0.4150E-25  0.1820E-18  0.3250E-15  0.2320E-13  0.8110E-13  0.1140E-12  0.1310E-12  0.1430E-12  0.1440E-12  0.1270E-12  0.1040E-12  0.9060E-13
  0.1000E+17  0.2910E-45  0.4820E-34  0.4150E-25  0.1820E-18  0.3250E-15  0.2320E-13  0.8110E-13  0.1140E-12  0.1310E-12  0.1430E-12  0.1440E-12  0.1270E-12  0.1040E-12  0.9060E-13
WAVELENGTH(A)= 
     8.852
 7 14 t 
excit   
    60.000     90.000    150.000    300.000    600.000   1500.000   3000.000   4500.000   6000.000   9000.000  15000.000  30000.000  60000.000  90000.000 
  0.1000E+11  0.8870E-40  0.4020E-30  0.1930E-22  0.9680E-17  0.5910E-14  0.2270E-12  0.6530E-12  0.8670E-12  0.9700E-12  0.1040E-11  0.1020E-11  0.9060E-12  0.7500E-12  0.6590E-12
  0.1000E+12  0.8890E-40  0.4020E-30  0.1930E-22  0.9680E-17  0.5910E-14  0.2270E-12  0.6530E-12  0.8670E-12  0.9700E-12  0.1040E-11  0.1020E-11  0.9060E-12  0.7500E-12  0.6590E-12
  0.1000E+13  0.8890E-40  0.4020E-30  0.1930E-22  0.9680E-17  0.5910E-14  0.2270E-12  0.6530E-12  0.8670E-12  0.9700E-12  0.1040E-11  0.1020E-11  0.9060E-12  0.7500E-12  0.6590E-12
  0.1000E+14  0.8890E-40  0.4020E-30  0.1930E-22  0.9680E-17  0.5910E-14  0.2270E-12  0.6530E-12  0.8670E-12  0.9700E-12  0.1040E-11  0.1020E-11  0.9060E-12  0.7500E-12  0.6590E-12
  0.1000E+15  0.8890E-40  0.4020E-30  0.1930E-22  0.9680E-17  0.5910E-14  0.2270E-12  0.6530E-12  0.8670E-12  0.9700E-12  0.1040E-11  0.1020E-11  0.9060E-12  0.7500E-12  0.6590E-12
  0.1000E+16  0.8890E-40  0.4020E-30  0.1930E-22  0.9680E-17  0.5910E-14  0.2270E-12  0.6530E-12  0.8670E-12  0.9700E-12  0.1040E-11  0.1020E-11  0.9060E-12  0.7500E-12  0.6590E-12
  0.1000E+17  0.8890E-40  0.4020E-30  0.1930E-22  0.9680E-17  0.5910E-14  0.2270E-12  0.6530E-12  0.8670E-12  0.9700E-12  0.1040E-11  0.1020E-11  0.9060E-12  0.7500E-12  0.6590E-12
WAVELENGTH(A)= 
     9.478
 7 14 t 
excit   
    60.000     90.000    150.000    300.000    600.000   1500.000   3000.000   4500.000   6000.000   9000.000  15000.000  30000.000  60000.000  90000.000 
  0.1000E+11  0.1000E-73  0.7930E-33  0.3730E-24  0.1020E-17  0.1420E-14  0.8630E-13  0.2850E-12  0.3960E-12  0.4510E-12  0.4910E-12  0.4860E-12  0.4230E-12  0.3380E-12  0.2900E-12
  0.1000E+12  0.1000E-73  0.7930E-33  0.3730E-24  0.1020E-17  0.1420E-14  0.8630E-13  0.2850E-12  0.3960E-12  0.4510E-12  0.4910E-12  0.4860E-12  0.4230E-12  0.3380E-12  0.2900E-12
  0.1000E+13  0.1000E-73  0.7930E-33  0.3730E-24  0.1020E-17  0.1420E-14  0.8630E-13  0.2850E-12  0.3960E-12  0.4510E-12  0.4910E-12  0.4860E-12  0.4230E-12  0.3380E-12  0.2900E-12
  0.1000E+14  0.9140E-44  0.7930E-33  0.3730E-24  0.1020E-17  0.1420E-14  0.8630E-13  0.2850E-12  0.3960E-12  0.4510E-12  0.4910E-12  0.4860E-12  0.4230E-12  0.3380E-12  0.2900E-12
  0.1000E+15  0.1030E-43  0.7930E-33  0.3730E-24  0.1020E-17  0.1420E-14  0.8630E-13  0.2850E-12  0.3960E-12  0.4510E-12  0.4910E-12  0.4860E-12  0.4230E-12  0.3380E-12  0.2900E-12
  0.1000E+16  0.1030E-43  0.7930E-33  0.3730E-24  0.1020E-17  0.1420E-14  0.8630E-13  0.2850E-12  0.3960E-12  0.4510E-12  0.4910E-12  0.4860E-12  0.4230E-12  0.3380E-12  0.2900E-12
  0.1000E+17  0.1030E-43  0.7930E-33  0.3730E-24  0.1020E-17  0.1420E-14  0.8630E-13  0.2850E-12  0.3960E-12  0.4510E-12  0.4910E-12  0.4860E-12  0.4230E-12  0.3380E-12  0.2900E-12
WAVELENGTH(A)= 
     9.480
 7 14 t 
excit   
    60.000     90.000    150.000    300.000    600.000   1500.000   3000.000   4500.000   6000.000   9000.000  15000.000  30000.000  60000.000  90000.000 
  0.1000E+11  0.2060E-40  0.1470E-30  0.1010E-22  0.6720E-17  0.4810E-14  0.2090E-12  0.6600E-12  0.9380E-12  0.1110E-11  0.1300E-11  0.1450E-11  0.1540E-11  0.1500E-11  0.1440E-11
  0.1000E+12  0.2080E-40  0.1470E-30  0.1010E-22  0.6720E-17  0.4810E-14  0.2090E-12  0.6600E-12  0.9380E-12  0.1110E-11  0.1300E-11  0.1450E-11  0.1540E-11  0.1500E-11  0.1440E-11
  0.1000E+13  0.2080E-40  0.1470E-30  0.1010E-22  0.6720E-17  0.4810E-14  0.2090E-12  0.6600E-12  0.9380E-12  0.1110E-11  0.1300E-11  0.1450E-11  0.1540E-11  0.1500E-11  0.1440E-11
  0.1000E+14  0.2080E-40  0.1470E-30  0.1010E-22  0.6720E-17  0.4810E-14  0.2090E-12  0.6600E-12  0.9380E-12  0.1110E-11  0.1300E-11  0.1450E-11  0.1540E-11  0.1500E-11  0.1440E-11
  0.1000E+15  0.2080E-40  0.1470E-30  0.1010E-22  0.6720E-17  0.4810E-14  0.2090E-12  0.6600E-12  0.9380E-12  0.1110E-11  0.1300E-11  0.1450E-11  0.1540E-11  0.1500E-11  0.1440E-11
  0.1000E+16  0.2080E-40  0.1470E-30  0.1010E-22  0.6720E-17  0.4810E-14  0.2090E-12  0.6600E-12  0.9380E-12  0.1110E-11  0.1300E-11  0.1450E-11  0.1540E-11  0.1500E-11  0.1440E-11
  0.1000E+17  0.2080E-40  0.1470E-30  0.1010E-22  0.6720E-17  0.4810E-14  0.2090E-12  0.6600E-12  0.9380E-12  0.1110E-11  0.1300E-11  0.1450E-11  0.1540E-11  0.1500E-11  0.1440E-11
WAVELENGTH(A)= 
     9.560
 7 14 t 
excit   
    60.000     90.000    150.000    300.000    600.000   1500.000   3000.000   4500.000   6000.000   9000.000  15000.000  30000.000  60000.000  90000.000 
  0.1000E+11  0.1000E-73  0.1130E-37  0.1740E-27  0.6520E-20  0.3380E-16  0.4610E-14  0.2070E-13  0.3270E-13  0.4060E-13  0.4950E-13  0.5720E-13  0.6150E-13  0.6060E-13  0.5870E-13
  0.1000E+12  0.1000E-73  0.1130E-37  0.1740E-27  0.6520E-20  0.3380E-16  0.4610E-14  0.2070E-13  0.3270E-13  0.4060E-13  0.4950E-13  0.5720E-13  0.6150E-13  0.6060E-13  0.5870E-13
  0.1000E+13  0.1000E-73  0.1130E-37  0.1740E-27  0.6520E-20  0.3380E-16  0.4610E-14  0.2070E-13  0.3270E-13  0.4060E-13  0.4950E-13  0.5720E-13  0.6150E-13  0.6060E-13  0.5870E-13
  0.1000E+14  0.1000E-73  0.1130E-37  0.1740E-27  0.6520E-20  0.3380E-16  0.4610E-14  0.2070E-13  0.3270E-13  0.4060E-13  0.4950E-13  0.5720E-13  0.6150E-13  0.6060E-13  0.5870E-13
  0.1000E+15  0.1000E-73  0.1130E-37  0.1740E-27  0.6520E-20  0.3380E-16  0.4610E-14  0.2070E-13  0.3270E-13  0.4060E-13  0.4950E-13  0.5720E-13  0.6150E-13  0.6060E-13  0.5870E-13
  0.1000E+16  0.1000E-73  0.1130E-37  0.1740E-27  0.6520E-20  0.3380E-16  0.4610E-14  0.2070E-13  0.3270E-13  0.4060E-13  0.4950E-13  0.5720E-13  0.6150E-13  0.6060E-13  0.5870E-13
  0.1000E+17  0.1000E-73  0.1130E-37  0.1740E-27  0.6520E-20  0.3380E-16  0.4610E-14  0.2070E-13  0.3270E-13  0.4060E-13  0.4950E-13  0.5720E-13  0.6150E-13  0.6060E-13  0.5870E-13
WAVELENGTH(A)= 
    10.396
 7 14 t 
excit   
    60.000     90.000    150.000    300.000    600.000   1500.000   3000.000   4500.000   6000.000   9000.000  15000.000  30000.000  60000.000  90000.000 
  0.1000E+11  0.9110E-41  0.9040E-31  0.7700E-23  0.5880E-17  0.4330E-14  0.1790E-12  0.5140E-12  0.6730E-12  0.7410E-12  0.7740E-12  0.7350E-12  0.6120E-12  0.4740E-12  0.4020E-12
  0.1000E+12  0.1000E-40  0.9040E-31  0.7700E-23  0.5880E-17  0.4330E-14  0.1790E-12  0.5140E-12  0.6730E-12  0.7410E-12  0.7740E-12  0.7350E-12  0.6120E-12  0.4740E-12  0.4020E-12
  0.1000E+13  0.9840E-41  0.9040E-31  0.7700E-23  0.5880E-17  0.4330E-14  0.1790E-12  0.5140E-12  0.6730E-12  0.7410E-12  0.7740E-12  0.7350E-12  0.6120E-12  0.4740E-12  0.4020E-12
  0.1000E+14  0.9820E-41  0.9040E-31  0.7700E-23  0.5880E-17  0.4330E-14  0.1790E-12  0.5140E-12  0.6730E-12  0.7410E-12  0.7740E-12  0.7350E-12  0.6120E-12  0.4740E-12  0.4020E-12
  0.1000E+15  0.9820E-41  0.9040E-31  0.7700E-23  0.5880E-17  0.4330E-14  0.1790E-12  0.5140E-12  0.6730E-12  0.7410E-12  0.7740E-12  0.7350E-12  0.6120E-12  0.4740E-12  0.4020E-12
  0.1000E+16  0.9820E-41  0.9040E-31  0.7700E-23  0.5880E-17  0.4330E-14  0.1790E-12  0.5140E-12  0.6730E-12  0.7410E-12  0.7740E-12  0.7350E-12  0.6120E-12  0.4740E-12  0.4020E-12
  0.1000E+17  0.9820E-41  0.9040E-31  0.7700E-23  0.5880E-17  0.4330E-14  0.1790E-12  0.5140E-12  0.6730E-12  0.7410E-12  0.7740E-12  0.7350E-12  0.6120E-12  0.4740E-12  0.4020E-12
WAVELENGTH(A)= 
    10.860
 7 14 t 
excit   
    60.000     90.000    150.000    300.000    600.000   1500.000   3000.000   4500.000   6000.000   9000.000  15000.000  30000.000  60000.000  90000.000 
  0.1000E+11  0.6310E-40  0.1790E-30  0.5950E-23  0.2340E-17  0.1380E-14  0.5760E-13  0.1800E-12  0.2510E-12  0.2910E-12  0.3300E-12  0.3560E-12  0.3560E-12  0.3350E-12  0.3150E-12
  0.1000E+12  0.6380E-40  0.1790E-30  0.5950E-23  0.2340E-17  0.1380E-14  0.5760E-13  0.1800E-12  0.2510E-12  0.2910E-12  0.3300E-12  0.3560E-12  0.3560E-12  0.3350E-12  0.3150E-12
  0.1000E+13  0.6380E-40  0.1790E-30  0.5950E-23  0.2340E-17  0.1380E-14  0.5760E-13  0.1800E-12  0.2510E-12  0.2910E-12  0.3300E-12  0.3560E-12  0.3560E-12  0.3350E-12  0.3150E-12
  0.1000E+14  0.6380E-40  0.1790E-30  0.5950E-23  0.2340E-17  0.1380E-14  0.5760E-13  0.1800E-12  0.2510E-12  0.2910E-12  0.3300E-12  0.3560E-12  0.3560E-12  0.3350E-12  0.3150E-12
  0.1000E+15  0.6380E-40  0.1790E-30  0.5950E-23  0.2340E-17  0.1380E-14  0.5760E-13  0.1800E-12  0.2510E-12  0.2910E-12  0.3300E-12  0.3560E-12  0.3560E-12  0.3350E-12  0.3150E-12
  0.1000E+16  0.6380E-40  0.1790E-30  0.5950E-23  0.2340E-17  0.1380E-14  0.5760E-13  0.1800E-12  0.2510E-12  0.2910E-12  0.3300E-12  0.3560E-12  0.3560E-12  0.3350E-12  0.3150E-12
  0.1000E+17  0.6380E-40  0.1790E-30  0.5950E-23  0.2340E-17  0.1380E-14  0.5760E-13  0.1800E-12  0.2510E-12  0.2910E-12  0.3300E-12  0.3560E-12  0.3560E-12  0.3350E-12  0.3150E-12
WAVELENGTH(A)= 
    11.653
 7 14 t 
excit   
    60.000     90.000    150.000    300.000    600.000   1500.000   3000.000   4500.000   6000.000   9000.000  15000.000  30000.000  60000.000  90000.000 
  0.1000E+11  0.6410E-40  0.2900E-30  0.1400E-22  0.6990E-17  0.4270E-14  0.1640E-12  0.4710E-12  0.6260E-12  0.7000E-12  0.7490E-12  0.7390E-12  0.6550E-12  0.5410E-12  0.4760E-12
  0.1000E+12  0.6420E-40  0.2900E-30  0.1400E-22  0.6990E-17  0.4270E-14  0.1640E-12  0.4710E-12  0.6260E-12  0.7000E-12  0.7490E-12  0.7390E-12  0.6550E-12  0.5410E-12  0.4760E-12
  0.1000E+13  0.6420E-40  0.2900E-30  0.1400E-22  0.6990E-17  0.4270E-14  0.1640E-12  0.4710E-12  0.6260E-12  0.7000E-12  0.7490E-12  0.7390E-12  0.6550E-12  0.5410E-12  0.4760E-12
  0.1000E+14  0.6420E-40  0.2900E-30  0.1400E-22  0.6990E-17  0.4270E-14  0.1640E-12  0.4710E-12  0.6260E-12  0.7000E-12  0.7490E-12  0.7390E-12  0.6550E-12  0.5410E-12  0.4760E-12
  0.1000E+15  0.6420E-40  0.2900E-30  0.1400E-22  0.6990E-17  0.4270E-14  0.1640E-12  0.4710E-12  0.6260E-12  0.7000E-12  0.7490E-12  0.7390E-12  0.6550E-12  0.5410E-12  0.4760E-12
  0.1000E+16  0.6420E-40  0.2900E-30  0.1400E-22  0.6990E-17  0.4270E-14  0.1640E-12  0.4710E-12  0.6260E-12  0.7000E-12  0.7490E-12  0.7390E-12  0.6550E-12  0.5410E-12  0.4760E-12
  0.1000E+17  0.6420E-40  0.2900E-30  0.1400E-22  0.6990E-17  0.4270E-14  0.1640E-12  0.4710E-12  0.6260E-12  0.7000E-12  0.7490E-12  0.7390E-12  0.6550E-12  0.5410E-12  0.4760E-12
WAVELENGTH(A)= 
    11.658
 7 14 t 
excit   
    60.000     90.000    150.000    300.000    600.000   1500.000   3000.000   4500.000   6000.000   9000.000  15000.000  30000.000  60000.000  90000.000 
  0.1000E+11  0.1000E-73  0.4060E-33  0.1330E-24  0.2800E-18  0.3470E-15  0.2020E-13  0.7050E-13  0.1050E-12  0.1280E-12  0.1570E-12  0.1880E-12  0.2150E-12  0.2260E-12  0.2250E-12
  0.1000E+12  0.1000E-73  0.4060E-33  0.1330E-24  0.2800E-18  0.3470E-15  0.2020E-13  0.7050E-13  0.1050E-12  0.1280E-12  0.1570E-12  0.1880E-12  0.2150E-12  0.2260E-12  0.2250E-12
  0.1000E+13  0.7540E-44  0.4060E-33  0.1330E-24  0.2800E-18  0.3470E-15  0.2020E-13  0.7050E-13  0.1050E-12  0.1280E-12  0.1570E-12  0.1880E-12  0.2150E-12  0.2260E-12  0.2250E-12
  0.1000E+14  0.8290E-44  0.4060E-33  0.1330E-24  0.2800E-18  0.3470E-15  0.2020E-13  0.7050E-13  0.1050E-12  0.1280E-12  0.1570E-12  0.1880E-12  0.2150E-12  0.2260E-12  0.2250E-12
  0.1000E+15  0.8220E-44  0.4060E-33  0.1330E-24  0.2800E-18  0.3470E-15  0.2020E-13  0.7050E-13  0.1050E-12  0.1280E-12  0.1570E-12  0.1880E-12  0.2150E-12  0.2260E-12  0.2250E-12
  0.1000E+16  0.8200E-44  0.4060E-33  0.1330E-24  0.2800E-18  0.3470E-15  0.2020E-13  0.7050E-13  0.1050E-12  0.1280E-12  0.1570E-12  0.1880E-12  0.2150E-12  0.2260E-12  0.2250E-12
  0.1000E+17  0.8200E-44  0.4060E-33  0.1330E-24  0.2800E-18  0.3470E-15  0.2020E-13  0.7050E-13  0.1050E-12  0.1280E-12  0.1570E-12  0.1880E-12  0.2150E-12  0.2260E-12  0.2250E-12
WAVELENGTH(A)= 
    11.692
 7 14 t 
excit   
    60.000     90.000    150.000    300.000    600.000   1500.000   3000.000   4500.000   6000.000   9000.000  15000.000  30000.000  60000.000  90000.000 
  0.1000E+11  0.1000E-73  0.2620E-36  0.1420E-26  0.2460E-19  0.8700E-16  0.9500E-14  0.3950E-13  0.6100E-13  0.7500E-13  0.9030E-13  0.1030E-12  0.1110E-12  0.1090E-12  0.1050E-12
  0.1000E+12  0.1000E-73  0.2620E-36  0.1420E-26  0.2460E-19  0.8700E-16  0.9500E-14  0.3950E-13  0.6100E-13  0.7500E-13  0.9030E-13  0.1030E-12  0.1110E-12  0.1090E-12  0.1050E-12
  0.1000E+13  0.1000E-73  0.2620E-36  0.1420E-26  0.2460E-19  0.8700E-16  0.9500E-14  0.3950E-13  0.6100E-13  0.7500E-13  0.9030E-13  0.1030E-12  0.1110E-12  0.1090E-12  0.1050E-12
  0.1000E+14  0.1000E-73  0.2620E-36  0.1420E-26  0.2460E-19  0.8700E-16  0.9500E-14  0.3950E-13  0.6100E-13  0.7500E-13  0.9030E-13  0.1030E-12  0.1110E-12  0.1090E-12  0.1050E-12
  0.1000E+15  0.1000E-73  0.2620E-36  0.1420E-26  0.2460E-19  0.8700E-16  0.9500E-14  0.3950E-13  0.6100E-13  0.7500E-13  0.9030E-13  0.1030E-12  0.1110E-12  0.1090E-12  0.1050E-12
  0.1000E+16  0.1000E-73  0.2620E-36  0.1420E-26  0.2460E-19  0.8700E-16  0.9500E-14  0.3950E-13  0.6100E-13  0.7500E-13  0.9030E-13  0.1030E-12  0.1110E-12  0.1090E-12  0.1050E-12
  0.1000E+17  0.1000E-73  0.2620E-36  0.1420E-26  0.2460E-19  0.8700E-16  0.9500E-14  0.3950E-13  0.6100E-13  0.7500E-13  0.9030E-13  0.1030E-12  0.1110E-12  0.1090E-12  0.1050E-12
WAVELENGTH(A)= 
    11.888
 7 14 t 
excit   
    60.000     90.000    150.000    300.000    600.000   1500.000   3000.000   4500.000   6000.000   9000.000  15000.000  30000.000  60000.000  90000.000 
  0.1000E+11  0.1530E-41  0.1090E-31  0.7520E-24  0.4990E-18  0.3570E-15  0.1550E-13  0.4900E-13  0.6960E-13  0.8220E-13  0.9630E-13  0.1080E-12  0.1140E-12  0.1110E-12  0.1070E-12
  0.1000E+12  0.1540E-41  0.1090E-31  0.7520E-24  0.4990E-18  0.3570E-15  0.1550E-13  0.4900E-13  0.6960E-13  0.8220E-13  0.9630E-13  0.1080E-12  0.1140E-12  0.1110E-12  0.1070E-12
  0.1000E+13  0.1550E-41  0.1090E-31  0.7520E-24  0.4990E-18  0.3570E-15  0.1550E-13  0.4900E-13  0.6960E-13  0.8220E-13  0.9630E-13  0.1080E-12  0.1140E-12  0.1110E-12  0.1070E-12
  0.1000E+14  0.1550E-41  0.1090E-31  0.7520E-24  0.4990E-18  0.3570E-15  0.1550E-13  0.4900E-13  0.6960E-13  0.8220E-13  0.9630E-13  0.1080E-12  0.1140E-12  0.1110E-12  0.1070E-12
  0.1000E+15  0.1550E-41  0.1090E-31  0.7520E-24  0.4990E-18  0.3570E-15  0.1550E-13  0.4900E-13  0.6960E-13  0.8220E-13  0.9630E-13  0.1080E-12  0.1140E-12  0.1110E-12  0.1070E-12
  0.1000E+16  0.1550E-41  0.1090E-31  0.7520E-24  0.4990E-18  0.3570E-15  0.1550E-13  0.4900E-13  0.6960E-13  0.8220E-13  0.9630E-13  0.1080E-12  0.1140E-12  0.1110E-12  0.1070E-12
  0.1000E+17  0.1550E-41  0.1090E-31  0.7520E-24  0.4990E-18  0.3570E-15  0.1550E-13  0.4900E-13  0.6960E-13  0.8220E-13  0.9630E-13  0.1080E-12  0.1140E-12  0.1110E-12  0.1070E-12
WAVELENGTH(A)= 
    16.885
 7 14 t 
excit   
    60.000     90.000    150.000    300.000    600.000   1500.000   3000.000   4500.000   6000.000   9000.000  15000.000  30000.000  60000.000  90000.000 
  0.1000E+11  0.1000E-73  0.4150E-34  0.3580E-25  0.1570E-18  0.2800E-15  0.2000E-13  0.6990E-13  0.9840E-13  0.1130E-12  0.1240E-12  0.1240E-12  0.1100E-12  0.8960E-13  0.7810E-13
  0.1000E+12  0.1000E-73  0.4150E-34  0.3580E-25  0.1570E-18  0.2800E-15  0.2000E-13  0.6990E-13  0.9840E-13  0.1130E-12  0.1240E-12  0.1240E-12  0.1100E-12  0.8960E-13  0.7810E-13
  0.1000E+13  0.1000E-73  0.4150E-34  0.3580E-25  0.1570E-18  0.2800E-15  0.2000E-13  0.6990E-13  0.9840E-13  0.1130E-12  0.1240E-12  0.1240E-12  0.1100E-12  0.8960E-13  0.7810E-13
  0.1000E+14  0.3070E-45  0.4150E-34  0.3580E-25  0.1570E-18  0.2800E-15  0.2000E-13  0.6990E-13  0.9840E-13  0.1130E-12  0.1240E-12  0.1240E-12  0.1100E-12  0.8960E-13  0.7810E-13
  0.1000E+15  0.2460E-45  0.4150E-34  0.3580E-25  0.1570E-18  0.2800E-15  0.2000E-13  0.6990E-13  0.9840E-13  0.1130E-12  0.1240E-12  0.1240E-12  0.1100E-12  0.8960E-13  0.7810E-13
  0.1000E+16  0.2520E-45  0.4150E-34  0.3580E-25  0.1570E-18  0.2800E-15  0.2000E-13  0.6990E-13  0.9840E-13  0.1130E-12  0.1240E-12  0.1240E-12  0.1100E-12  0.8960E-13  0.7810E-13
  0.1000E+17  0.2510E-45  0.4150E-34  0.3580E-25  0.1570E-18  0.2800E-15  0.2000E-13  0.6990E-13  0.9840E-13  0.1130E-12  0.1240E-12  0.1240E-12  0.1100E-12  0.8960E-13  0.7810E-13
WAVELENGTH(A)= 
    17.871
 7 14 t 
excit   
    60.000     90.000    150.000    300.000    600.000   1500.000   3000.000   4500.000   6000.000   9000.000  15000.000  30000.000  60000.000  90000.000 
  0.1000E+11  0.1000E-73  0.2740E-34  0.2890E-25  0.1490E-18  0.2930E-15  0.2260E-13  0.8460E-13  0.1260E-12  0.1520E-12  0.1820E-12  0.2050E-12  0.2180E-12  0.2140E-12  0.2050E-12
  0.1000E+12  0.1000E-73  0.2740E-34  0.2890E-25  0.1490E-18  0.2930E-15  0.2260E-13  0.8460E-13  0.1260E-12  0.1520E-12  0.1820E-12  0.2050E-12  0.2180E-12  0.2140E-12  0.2050E-12
  0.1000E+13  0.1000E-73  0.2740E-34  0.2890E-25  0.1490E-18  0.2930E-15  0.2260E-13  0.8460E-13  0.1260E-12  0.1520E-12  0.1820E-12  0.2050E-12  0.2180E-12  0.2140E-12  0.2050E-12
  0.1000E+14  0.1000E-73  0.2740E-34  0.2890E-25  0.1490E-18  0.2930E-15  0.2260E-13  0.8460E-13  0.1260E-12  0.1520E-12  0.1820E-12  0.2050E-12  0.2180E-12  0.2140E-12  0.2050E-12
  0.1000E+15  0.1230E-45  0.2740E-34  0.2890E-25  0.1490E-18  0.2930E-15  0.2260E-13  0.8460E-13  0.1260E-12  0.1520E-12  0.1820E-12  0.2050E-12  0.2180E-12  0.2140E-12  0.2050E-12
  0.1000E+16  0.1290E-45  0.2740E-34  0.2890E-25  0.1490E-18  0.2930E-15  0.2260E-13  0.8460E-13  0.1260E-12  0.1520E-12  0.1820E-12  0.2050E-12  0.2180E-12  0.2140E-12  0.2050E-12
  0.1000E+17  0.1280E-45  0.2740E-34  0.2890E-25  0.1490E-18  0.2930E-15  0.2260E-13  0.8460E-13  0.1260E-12  0.1520E-12  0.1820E-12  0.2050E-12  0.2180E-12  0.2140E-12  0.2050E-12
WAVELENGTH(A)= 
    19.354
 7 14 t 
excit   
    60.000     90.000    150.000    300.000    600.000   1500.000   3000.000   4500.000   6000.000   9000.000  15000.000  30000.000  60000.000  90000.000 
  0.1000E+11  0.1000E-73  0.1870E-34  0.2210E-25  0.1220E-18  0.2410E-15  0.1790E-13  0.6240E-13  0.8700E-13  0.9840E-13  0.1050E-12  0.1020E-12  0.8590E-13  0.6710E-13  0.5670E-13
  0.1000E+12  0.1000E-73  0.1870E-34  0.2210E-25  0.1220E-18  0.2410E-15  0.1790E-13  0.6240E-13  0.8700E-13  0.9840E-13  0.1050E-12  0.1020E-12  0.8590E-13  0.6710E-13  0.5670E-13
  0.1000E+13  0.1000E-73  0.1870E-34  0.2210E-25  0.1220E-18  0.2410E-15  0.1790E-13  0.6240E-13  0.8700E-13  0.9840E-13  0.1050E-12  0.1020E-12  0.8590E-13  0.6710E-13  0.5670E-13
  0.1000E+14  0.1000E-73  0.1870E-34  0.2210E-25  0.1220E-18  0.2410E-15  0.1790E-13  0.6240E-13  0.8700E-13  0.9840E-13  0.1050E-12  0.1020E-12  0.8590E-13  0.6710E-13  0.5670E-13
  0.1000E+15  0.1180E-45  0.1870E-34  0.2210E-25  0.1220E-18  0.2410E-15  0.1790E-13  0.6240E-13  0.8700E-13  0.9840E-13  0.1050E-12  0.1020E-12  0.8590E-13  0.6710E-13  0.5670E-13
  0.1000E+16  0.7070E-46  0.1870E-34  0.2210E-25  0.1220E-18  0.2410E-15  0.1790E-13  0.6240E-13  0.8700E-13  0.9840E-13  0.1050E-12  0.1020E-12  0.8590E-13  0.6710E-13  0.5670E-13
  0.1000E+17  0.7540E-46  0.1870E-34  0.2210E-25  0.1220E-18  0.2410E-15  0.1790E-13  0.6240E-13  0.8700E-13  0.9840E-13  0.1050E-12  0.1020E-12  0.8590E-13  0.6710E-13  0.5670E-13
WAVELENGTH(A)= 
    21.824
 7 14 t 
excit   
    60.000     90.000    150.000    300.000    600.000   1500.000   3000.000   4500.000   6000.000   9000.000  15000.000  30000.000  60000.000  90000.000 
  0.1000E+11  0.1000E-73  0.4800E-34  0.4140E-25  0.1810E-18  0.3240E-15  0.2310E-13  0.8080E-13  0.1140E-12  0.1300E-12  0.1430E-12  0.1430E-12  0.1270E-12  0.1040E-12  0.9020E-13
  0.1000E+12  0.1000E-73  0.4800E-34  0.4140E-25  0.1810E-18  0.3240E-15  0.2310E-13  0.8080E-13  0.1140E-12  0.1300E-12  0.1430E-12  0.1430E-12  0.1270E-12  0.1040E-12  0.9020E-13
  0.1000E+13  0.1000E-73  0.4800E-34  0.4140E-25  0.1810E-18  0.3240E-15  0.2310E-13  0.8080E-13  0.1140E-12  0.1300E-12  0.1430E-12  0.1430E-12  0.1270E-12  0.1040E-12  0.9020E-13
  0.1000E+14  0.3550E-45  0.4800E-34  0.4140E-25  0.1810E-18  0.3240E-15  0.2310E-13  0.8080E-13  0.1140E-12  0.1300E-12  0.1430E-12  0.1430E-12  0.1270E-12  0.1040E-12  0.9020E-13
  0.1000E+15  0.2840E-45  0.4800E-34  0.4140E-25  0.1810E-18  0.3240E-15  0.2310E-13  0.8080E-13  0.1140E-12  0.1300E-12  0.1430E-12  0.1430E-12  0.1270E-12  0.1040E-12  0.9020E-13
  0.1000E+16  0.2910E-45  0.4800E-34  0.4140E-25  0.1810E-18  0.3240E-15  0.2310E-13  0.8080E-13  0.1140E-12  0.1300E-12  0.1430E-12  0.1430E-12  0.1270E-12  0.1040E-12  0.9020E-13
  0.1000E+17  0.2900E-45  0.4800E-34  0.4140E-25  0.1810E-18  0.3240E-15  0.2310E-13  0.8080E-13  0.1140E-12  0.1300E-12  0.1430E-12  0.1430E-12  0.1270E-12  0.1040E-12  0.9020E-13
WAVELENGTH(A)= 
    28.092
 7 14 t 
excit   
    60.000     90.000    150.000    300.000    600.000   1500.000   3000.000   4500.000   6000.000   9000.000  15000.000  30000.000  60000.000  90000.000 
  0.1000E+11  0.5280E-12  0.5070E-11  0.2880E-10  0.9580E-10  0.1590E-09  0.1850E-09  0.1730E-09  0.1600E-09  0.1500E-09  0.1360E-09  0.1180E-09  0.9500E-10  0.7530E-10  0.6530E-10
  0.1000E+12  0.5280E-12  0.5070E-11  0.2880E-10  0.9580E-10  0.1590E-09  0.1850E-09  0.1730E-09  0.1600E-09  0.1500E-09  0.1360E-09  0.1180E-09  0.9500E-10  0.7530E-10  0.6530E-10
  0.1000E+13  0.5280E-12  0.5070E-11  0.2880E-10  0.9580E-10  0.1590E-09  0.1850E-09  0.1730E-09  0.1600E-09  0.1500E-09  0.1360E-09  0.1180E-09  0.9500E-10  0.7530E-10  0.6530E-10
  0.1000E+14  0.5280E-12  0.5070E-11  0.2880E-10  0.9580E-10  0.1590E-09  0.1850E-09  0.1730E-09  0.1600E-09  0.1500E-09  0.1360E-09  0.1180E-09  0.9500E-10  0.7530E-10  0.6530E-10
  0.1000E+15  0.5280E-12  0.5070E-11  0.2880E-10  0.9580E-10  0.1590E-09  0.1850E-09  0.1730E-09  0.1600E-09  0.1500E-09  0.1360E-09  0.1180E-09  0.9500E-10  0.7530E-10  0.6530E-10
  0.1000E+16  0.5280E-12  0.5070E-11  0.2880E-10  0.9580E-10  0.1590E-09  0.1850E-09  0.1730E-09  0.1600E-09  0.1500E-09  0.1360E-09  0.1180E-09  0.9500E-10  0.7530E-10  0.6530E-10
  0.1000E+17  0.5280E-12  0.5070E-11  0.2880E-10  0.9580E-10  0.1590E-09  0.1850E-09  0.1730E-09  0.1600E-09  0.1500E-09  0.1360E-09  0.1180E-09  0.9500E-10  0.7530E-10  0.6530E-10
WAVELENGTH(A)= 
    30.732
 7 14 t 
excit   
    60.000     90.000    150.000    300.000    600.000   1500.000   3000.000   4500.000   6000.000   9000.000  15000.000  30000.000  60000.000  90000.000 
  0.1000E+11  0.3090E-11  0.2390E-10  0.1120E-09  0.3160E-09  0.4650E-09  0.5090E-09  0.4780E-09  0.4460E-09  0.4200E-09  0.3820E-09  0.3320E-09  0.2690E-09  0.2130E-09  0.1850E-09
  0.1000E+12  0.3090E-11  0.2390E-10  0.1120E-09  0.3160E-09  0.4650E-09  0.5090E-09  0.4780E-09  0.4460E-09  0.4200E-09  0.3820E-09  0.3320E-09  0.2690E-09  0.2130E-09  0.1850E-09
  0.1000E+13  0.3090E-11  0.2390E-10  0.1120E-09  0.3160E-09  0.4650E-09  0.5090E-09  0.4780E-09  0.4460E-09  0.4200E-09  0.3820E-09  0.3320E-09  0.2690E-09  0.2130E-09  0.1850E-09
  0.1000E+14  0.3090E-11  0.2390E-10  0.1120E-09  0.3160E-09  0.4650E-09  0.5090E-09  0.4780E-09  0.4460E-09  0.4200E-09  0.3820E-09  0.3320E-09  0.2690E-09  0.2130E-09  0.1850E-09
  0.1000E+15  0.3090E-11  0.2390E-10  0.1120E-09  0.3160E-09  0.4650E-09  0.5090E-09  0.4780E-09  0.4460E-09  0.4200E-09  0.3820E-09  0.3320E-09  0.2690E-09  0.2130E-09  0.1850E-09
  0.1000E+16  0.3090E-11  0.2390E-10  0.1120E-09  0.3160E-09  0.4650E-09  0.5090E-09  0.4780E-09  0.4460E-09  0.4200E-09  0.3820E-09  0.3320E-09  0.2690E-09  0.2130E-09  0.1850E-09
  0.1000E+17  0.3090E-11  0.2390E-10  0.1120E-09  0.3160E-09  0.4650E-09  0.5090E-09  0.4780E-09  0.4460E-09  0.4200E-09  0.3820E-09  0.3320E-09  0.2690E-09  0.2130E-09  0.1850E-09
WAVELENGTH(A)= 
    31.493
 7 14 t 
excit   
    60.000     90.000    150.000    300.000    600.000   1500.000   3000.000   4500.000   6000.000   9000.000  15000.000  30000.000  60000.000  90000.000 
  0.1000E+11  0.2120E-15  0.1800E-13  0.5710E-12  0.6570E-11  0.1890E-10  0.2820E-10  0.2710E-10  0.2480E-10  0.2290E-10  0.2000E-10  0.1670E-10  0.1290E-10  0.9830E-11  0.8370E-11
  0.1000E+12  0.2120E-15  0.1800E-13  0.5710E-12  0.6570E-11  0.1890E-10  0.2820E-10  0.2710E-10  0.2480E-10  0.2290E-10  0.2000E-10  0.1670E-10  0.1290E-10  0.9830E-11  0.8370E-11
  0.1000E+13  0.2120E-15  0.1800E-13  0.5710E-12  0.6570E-11  0.1890E-10  0.2820E-10  0.2710E-10  0.2480E-10  0.2290E-10  0.2000E-10  0.1670E-10  0.1290E-10  0.9830E-11  0.8370E-11
  0.1000E+14  0.2120E-15  0.1800E-13  0.5710E-12  0.6570E-11  0.1890E-10  0.2820E-10  0.2710E-10  0.2480E-10  0.2290E-10  0.2000E-10  0.1670E-10  0.1290E-10  0.9830E-11  0.8370E-11
  0.1000E+15  0.2120E-15  0.1800E-13  0.5710E-12  0.6570E-11  0.1890E-10  0.2820E-10  0.2710E-10  0.2480E-10  0.2290E-10  0.2000E-10  0.1670E-10  0.1290E-10  0.9830E-11  0.8370E-11
  0.1000E+16  0.2120E-15  0.1800E-13  0.5710E-12  0.6570E-11  0.1890E-10  0.2820E-10  0.2710E-10  0.2480E-10  0.2290E-10  0.2000E-10  0.1670E-10  0.1290E-10  0.9830E-11  0.8370E-11
  0.1000E+17  0.2120E-15  0.1800E-13  0.5710E-12  0.6570E-11  0.1890E-10  0.2820E-10  0.2710E-10  0.2480E-10  0.2290E-10  0.2000E-10  0.1670E-10  0.1290E-10  0.9830E-11  0.8370E-11
WAVELENGTH(A)= 
    71.653
 7 14 t 
excit   
    60.000     90.000    150.000    300.000    600.000   1500.000   3000.000   4500.000   6000.000   9000.000  15000.000  30000.000  60000.000  90000.000 
  0.1000E+11  0.1430E-31  0.7080E-25  0.1450E-19  0.1210E-15  0.9450E-14  0.1070E-12  0.2120E-12  0.2510E-12  0.2650E-12  0.2700E-12  0.2570E-12  0.2230E-12  0.1840E-12  0.1620E-12
  0.1000E+12  0.1430E-31  0.7080E-25  0.1450E-19  0.1210E-15  0.9450E-14  0.1070E-12  0.2120E-12  0.2510E-12  0.2650E-12  0.2700E-12  0.2570E-12  0.2230E-12  0.1840E-12  0.1620E-12
  0.1000E+13  0.1430E-31  0.7080E-25  0.1450E-19  0.1210E-15  0.9450E-14  0.1070E-12  0.2120E-12  0.2510E-12  0.2650E-12  0.2700E-12  0.2570E-12  0.2230E-12  0.1840E-12  0.1620E-12
  0.1000E+14  0.1430E-31  0.7080E-25  0.1450E-19  0.1210E-15  0.9450E-14  0.1070E-12  0.2120E-12  0.2510E-12  0.2650E-12  0.2700E-12  0.2570E-12  0.2230E-12  0.1840E-12  0.1620E-12
  0.1000E+15  0.1430E-31  0.7080E-25  0.1450E-19  0.1210E-15  0.9450E-14  0.1070E-12  0.2120E-12  0.2510E-12  0.2650E-12  0.2700E-12  0.2570E-12  0.2230E-12  0.1840E-12  0.1620E-12
  0.1000E+16  0.1430E-31  0.7080E-25  0.1450E-19  0.1210E-15  0.9450E-14  0.1070E-12  0.2120E-12  0.2510E-12  0.2650E-12  0.2700E-12  0.2570E-12  0.2230E-12  0.1840E-12  0.1620E-12
  0.1000E+17  0.1430E-31  0.7080E-25  0.1450E-19  0.1210E-15  0.9450E-14  0.1070E-12  0.2120E-12  0.2510E-12  0.2650E-12  0.2700E-12  0.2570E-12  0.2230E-12  0.1840E-12  0.1620E-12
WAVELENGTH(A)= 
    75.767
 7 14 t 
excit   
    60.000     90.000    150.000    300.000    600.000   1500.000   3000.000   4500.000   6000.000   9000.000  15000.000  30000.000  60000.000  90000.000 
  0.1000E+11  0.1460E-33  0.1790E-26  0.7630E-21  0.1110E-16  0.1180E-14  0.1750E-13  0.4070E-13  0.5360E-13  0.6140E-13  0.7050E-13  0.7840E-13  0.8310E-13  0.8180E-13  0.7900E-13
  0.1000E+12  0.1460E-33  0.1790E-26  0.7630E-21  0.1110E-16  0.1180E-14  0.1750E-13  0.4070E-13  0.5360E-13  0.6140E-13  0.7050E-13  0.7840E-13  0.8310E-13  0.8180E-13  0.7900E-13
  0.1000E+13  0.1460E-33  0.1790E-26  0.7630E-21  0.1110E-16  0.1180E-14  0.1750E-13  0.4070E-13  0.5360E-13  0.6140E-13  0.7050E-13  0.7840E-13  0.8310E-13  0.8180E-13  0.7900E-13
  0.1000E+14  0.1460E-33  0.1790E-26  0.7630E-21  0.1110E-16  0.1180E-14  0.1750E-13  0.4070E-13  0.5360E-13  0.6140E-13  0.7050E-13  0.7840E-13  0.8310E-13  0.8180E-13  0.7900E-13
  0.1000E+15  0.1460E-33  0.1790E-26  0.7630E-21  0.1110E-16  0.1180E-14  0.1750E-13  0.4070E-13  0.5360E-13  0.6140E-13  0.7050E-13  0.7840E-13  0.8310E-13  0.8180E-13  0.7900E-13
  0.1000E+16  0.1460E-33  0.1790E-26  0.7630E-21  0.1110E-16  0.1180E-14  0.1750E-13  0.4070E-13  0.5360E-13  0.6140E-13  0.7050E-13  0.7840E-13  0.8310E-13  0.8180E-13  0.7900E-13
  0.1000E+17  0.1460E-33  0.1790E-26  0.7630E-21  0.1110E-16  0.1180E-14  0.1750E-13  0.4070E-13  0.5360E-13  0.6140E-13  0.7050E-13  0.7840E-13  0.8310E-13  0.8180E-13  0.7900E-13
