 50  7 14
WAVELENGTH(A)= 
     3.934
 7 14 t 
excit   
    36.500     54.700     91.200    182.000    365.000    912.000   1820.000   2730.000   3650.000   5470.000   9120.000  18200.000  36500.000  54700.000 
  0.1000E+11  0.1000E-73  0.1860E-35  0.1470E-25  0.3380E-18  0.1380E-14  0.1630E-12  0.7080E-12  0.1120E-11  0.1400E-11  0.1740E-11  0.2080E-11  0.2350E-11  0.2440E-11  0.2410E-11
  0.1000E+12  0.1000E-73  0.1860E-35  0.1470E-25  0.3380E-18  0.1380E-14  0.1630E-12  0.7080E-12  0.1120E-11  0.1400E-11  0.1740E-11  0.2080E-11  0.2350E-11  0.2440E-11  0.2410E-11
  0.1000E+13  0.1000E-73  0.1860E-35  0.1470E-25  0.3380E-18  0.1380E-14  0.1630E-12  0.7080E-12  0.1120E-11  0.1400E-11  0.1740E-11  0.2080E-11  0.2350E-11  0.2440E-11  0.2410E-11
  0.1000E+14  0.1000E-73  0.1860E-35  0.1470E-25  0.3380E-18  0.1380E-14  0.1630E-12  0.7080E-12  0.1120E-11  0.1400E-11  0.1740E-11  0.2080E-11  0.2350E-11  0.2440E-11  0.2410E-11
  0.1000E+15  0.1000E-73  0.1860E-35  0.1470E-25  0.3380E-18  0.1380E-14  0.1630E-12  0.7080E-12  0.1120E-11  0.1400E-11  0.1740E-11  0.2080E-11  0.2350E-11  0.2440E-11  0.2410E-11
  0.1000E+16  0.1000E-73  0.1860E-35  0.1470E-25  0.3380E-18  0.1380E-14  0.1630E-12  0.7080E-12  0.1120E-11  0.1400E-11  0.1740E-11  0.2080E-11  0.2350E-11  0.2440E-11  0.2410E-11
  0.1000E+17  0.1000E-73  0.1860E-35  0.1470E-25  0.3380E-18  0.1380E-14  0.1630E-12  0.7080E-12  0.1120E-11  0.1400E-11  0.1740E-11  0.2080E-11  0.2350E-11  0.2440E-11  0.2410E-11
WAVELENGTH(A)= 
     4.386
 7 14 t 
excit   
    36.500     54.700     91.200    182.000    365.000    912.000   1820.000   2730.000   3650.000   5470.000   9120.000  18200.000  36500.000  54700.000 
  0.1000E+11  0.1000E-73  0.7890E-32  0.5800E-23  0.2230E-16  0.3720E-13  0.2550E-11  0.9030E-11  0.1310E-10  0.1540E-10  0.1780E-10  0.1940E-10  0.1960E-10  0.1850E-10  0.1740E-10
  0.1000E+12  0.1000E-73  0.7890E-32  0.5800E-23  0.2230E-16  0.3720E-13  0.2550E-11  0.9030E-11  0.1310E-10  0.1540E-10  0.1780E-10  0.1940E-10  0.1960E-10  0.1850E-10  0.1740E-10
  0.1000E+13  0.1000E-73  0.7890E-32  0.5800E-23  0.2230E-16  0.3720E-13  0.2550E-11  0.9030E-11  0.1310E-10  0.1540E-10  0.1780E-10  0.1940E-10  0.1960E-10  0.1850E-10  0.1740E-10
  0.1000E+14  0.5090E-43  0.7890E-32  0.5800E-23  0.2230E-16  0.3720E-13  0.2550E-11  0.9030E-11  0.1310E-10  0.1540E-10  0.1780E-10  0.1940E-10  0.1960E-10  0.1850E-10  0.1740E-10
  0.1000E+15  0.5760E-43  0.7890E-32  0.5800E-23  0.2230E-16  0.3720E-13  0.2550E-11  0.9030E-11  0.1310E-10  0.1540E-10  0.1780E-10  0.1940E-10  0.1960E-10  0.1850E-10  0.1740E-10
  0.1000E+16  0.5780E-43  0.7890E-32  0.5800E-23  0.2230E-16  0.3720E-13  0.2550E-11  0.9030E-11  0.1310E-10  0.1540E-10  0.1780E-10  0.1940E-10  0.1960E-10  0.1850E-10  0.1740E-10
  0.1000E+17  0.5780E-43  0.7890E-32  0.5800E-23  0.2230E-16  0.3720E-13  0.2550E-11  0.9020E-11  0.1310E-10  0.1540E-10  0.1780E-10  0.1940E-10  0.1960E-10  0.1850E-10  0.1740E-10
WAVELENGTH(A)= 
     4.409
 7 14 t 
excit   
    36.500     54.700     91.200    182.000    365.000    912.000   1820.000   2730.000   3650.000   5470.000   9120.000  18200.000  36500.000  54700.000 
  0.1000E+11  0.1000E-73  0.8140E-32  0.5370E-23  0.1900E-16  0.3040E-13  0.2030E-11  0.7130E-11  0.1030E-10  0.1210E-10  0.1400E-10  0.1520E-10  0.1530E-10  0.1440E-10  0.1360E-10
  0.1000E+12  0.1000E-73  0.8140E-32  0.5370E-23  0.1900E-16  0.3040E-13  0.2030E-11  0.7130E-11  0.1030E-10  0.1210E-10  0.1400E-10  0.1520E-10  0.1530E-10  0.1440E-10  0.1360E-10
  0.1000E+13  0.4790E-43  0.8140E-32  0.5370E-23  0.1900E-16  0.3040E-13  0.2030E-11  0.7130E-11  0.1030E-10  0.1210E-10  0.1400E-10  0.1520E-10  0.1530E-10  0.1440E-10  0.1360E-10
  0.1000E+14  0.6710E-43  0.8140E-32  0.5370E-23  0.1900E-16  0.3040E-13  0.2030E-11  0.7130E-11  0.1030E-10  0.1210E-10  0.1400E-10  0.1520E-10  0.1530E-10  0.1440E-10  0.1360E-10
  0.1000E+15  0.6850E-43  0.8140E-32  0.5370E-23  0.1900E-16  0.3040E-13  0.2030E-11  0.7130E-11  0.1030E-10  0.1210E-10  0.1400E-10  0.1520E-10  0.1530E-10  0.1440E-10  0.1360E-10
  0.1000E+16  0.6830E-43  0.8140E-32  0.5370E-23  0.1900E-16  0.3040E-13  0.2030E-11  0.7130E-11  0.1030E-10  0.1210E-10  0.1400E-10  0.1520E-10  0.1530E-10  0.1440E-10  0.1360E-10
  0.1000E+17  0.6830E-43  0.8140E-32  0.5370E-23  0.1900E-16  0.3040E-13  0.2030E-11  0.7130E-11  0.1030E-10  0.1210E-10  0.1400E-10  0.1520E-10  0.1530E-10  0.1440E-10  0.1360E-10
WAVELENGTH(A)= 
     4.812
 7 14 t 
excit   
    36.500     54.700     91.200    182.000    365.000    912.000   1820.000   2730.000   3650.000   5470.000   9120.000  18200.000  36500.000  54700.000 
  0.1000E+11  0.7880E-41  0.9810E-31  0.1160E-22  0.1160E-16  0.1040E-13  0.5580E-12  0.1950E-11  0.2890E-11  0.3500E-11  0.4210E-11  0.4900E-11  0.5370E-11  0.5440E-11  0.5310E-11
  0.1000E+12  0.7090E-41  0.9810E-31  0.1160E-22  0.1160E-16  0.1040E-13  0.5580E-12  0.1950E-11  0.2890E-11  0.3500E-11  0.4210E-11  0.4900E-11  0.5370E-11  0.5440E-11  0.5310E-11
  0.1000E+13  0.7090E-41  0.9810E-31  0.1160E-22  0.1160E-16  0.1040E-13  0.5580E-12  0.1950E-11  0.2890E-11  0.3500E-11  0.4210E-11  0.4900E-11  0.5370E-11  0.5440E-11  0.5310E-11
  0.1000E+14  0.7070E-41  0.9810E-31  0.1160E-22  0.1160E-16  0.1040E-13  0.5580E-12  0.1950E-11  0.2890E-11  0.3500E-11  0.4210E-11  0.4900E-11  0.5370E-11  0.5440E-11  0.5310E-11
  0.1000E+15  0.7070E-41  0.9810E-31  0.1160E-22  0.1160E-16  0.1040E-13  0.5580E-12  0.1950E-11  0.2890E-11  0.3500E-11  0.4210E-11  0.4900E-11  0.5370E-11  0.5440E-11  0.5310E-11
  0.1000E+16  0.7070E-41  0.9810E-31  0.1160E-22  0.1160E-16  0.1040E-13  0.5580E-12  0.1950E-11  0.2890E-11  0.3500E-11  0.4210E-11  0.4900E-11  0.5370E-11  0.5440E-11  0.5310E-11
  0.1000E+17  0.7070E-41  0.9810E-31  0.1160E-22  0.1160E-16  0.1040E-13  0.5580E-12  0.1950E-11  0.2890E-11  0.3500E-11  0.4210E-11  0.4900E-11  0.5370E-11  0.5440E-11  0.5310E-11
WAVELENGTH(A)= 
     4.878
 7 14 t 
excit   
    36.500     54.700     91.200    182.000    365.000    912.000   1820.000   2730.000   3650.000   5470.000   9120.000  18200.000  36500.000  54700.000 
  0.1000E+11  0.1260E-40  0.1260E-30  0.1150E-22  0.9270E-17  0.7000E-14  0.2950E-12  0.8640E-12  0.1150E-11  0.1280E-11  0.1360E-11  0.1320E-11  0.1130E-11  0.9000E-12  0.7700E-12
  0.1000E+12  0.1250E-40  0.1260E-30  0.1150E-22  0.9270E-17  0.7000E-14  0.2950E-12  0.8640E-12  0.1150E-11  0.1280E-11  0.1360E-11  0.1320E-11  0.1130E-11  0.9000E-12  0.7700E-12
  0.1000E+13  0.1250E-40  0.1260E-30  0.1150E-22  0.9270E-17  0.7000E-14  0.2950E-12  0.8640E-12  0.1150E-11  0.1280E-11  0.1360E-11  0.1320E-11  0.1130E-11  0.9000E-12  0.7700E-12
  0.1000E+14  0.1250E-40  0.1260E-30  0.1150E-22  0.9270E-17  0.7000E-14  0.2950E-12  0.8640E-12  0.1150E-11  0.1280E-11  0.1360E-11  0.1320E-11  0.1130E-11  0.9000E-12  0.7700E-12
  0.1000E+15  0.1250E-40  0.1260E-30  0.1150E-22  0.9270E-17  0.7000E-14  0.2950E-12  0.8640E-12  0.1150E-11  0.1280E-11  0.1360E-11  0.1320E-11  0.1130E-11  0.9000E-12  0.7700E-12
  0.1000E+16  0.1250E-40  0.1260E-30  0.1150E-22  0.9270E-17  0.7000E-14  0.2950E-12  0.8640E-12  0.1150E-11  0.1280E-11  0.1360E-11  0.1320E-11  0.1130E-11  0.9000E-12  0.7700E-12
  0.1000E+17  0.1250E-40  0.1260E-30  0.1150E-22  0.9270E-17  0.7000E-14  0.2950E-12  0.8630E-12  0.1150E-11  0.1280E-11  0.1360E-11  0.1320E-11  0.1130E-11  0.9000E-12  0.7700E-12
WAVELENGTH(A)= 
     5.064
 7 14 t 
excit   
    36.500     54.700     91.200    182.000    365.000    912.000   1820.000   2730.000   3650.000   5470.000   9120.000  18200.000  36500.000  54700.000 
  0.1000E+11  0.3400E-39  0.1460E-29  0.6800E-22  0.3370E-16  0.2130E-13  0.9300E-12  0.3060E-11  0.4470E-11  0.5350E-11  0.6400E-11  0.7390E-11  0.8170E-11  0.8370E-11  0.8210E-11
  0.1000E+12  0.3380E-39  0.1460E-29  0.6800E-22  0.3370E-16  0.2130E-13  0.9300E-12  0.3060E-11  0.4470E-11  0.5350E-11  0.6400E-11  0.7390E-11  0.8170E-11  0.8370E-11  0.8210E-11
  0.1000E+13  0.3380E-39  0.1460E-29  0.6800E-22  0.3370E-16  0.2130E-13  0.9300E-12  0.3060E-11  0.4470E-11  0.5350E-11  0.6400E-11  0.7390E-11  0.8170E-11  0.8370E-11  0.8210E-11
  0.1000E+14  0.3390E-39  0.1460E-29  0.6800E-22  0.3370E-16  0.2130E-13  0.9300E-12  0.3060E-11  0.4470E-11  0.5350E-11  0.6400E-11  0.7390E-11  0.8170E-11  0.8370E-11  0.8210E-11
  0.1000E+15  0.3390E-39  0.1460E-29  0.6800E-22  0.3370E-16  0.2130E-13  0.9300E-12  0.3060E-11  0.4470E-11  0.5350E-11  0.6400E-11  0.7390E-11  0.8170E-11  0.8370E-11  0.8210E-11
  0.1000E+16  0.3390E-39  0.1460E-29  0.6800E-22  0.3370E-16  0.2130E-13  0.9300E-12  0.3060E-11  0.4470E-11  0.5350E-11  0.6400E-11  0.7390E-11  0.8170E-11  0.8370E-11  0.8210E-11
  0.1000E+17  0.3390E-39  0.1460E-29  0.6800E-22  0.3370E-16  0.2130E-13  0.9300E-12  0.3060E-11  0.4470E-11  0.5350E-11  0.6400E-11  0.7380E-11  0.8160E-11  0.8360E-11  0.8210E-11
WAVELENGTH(A)= 
     5.233
 7 14 t 
excit   
    36.500     54.700     91.200    182.000    365.000    912.000   1820.000   2730.000   3650.000   5470.000   9120.000  18200.000  36500.000  54700.000 
  0.1000E+11  0.5320E-39  0.1120E-29  0.2990E-22  0.1010E-16  0.5550E-14  0.2370E-12  0.7760E-12  0.1110E-11  0.1310E-11  0.1530E-11  0.1690E-11  0.1750E-11  0.1680E-11  0.1610E-11
  0.1000E+12  0.5320E-39  0.1120E-29  0.2990E-22  0.1010E-16  0.5550E-14  0.2370E-12  0.7760E-12  0.1110E-11  0.1310E-11  0.1530E-11  0.1690E-11  0.1750E-11  0.1680E-11  0.1610E-11
  0.1000E+13  0.5320E-39  0.1120E-29  0.2990E-22  0.1010E-16  0.5550E-14  0.2370E-12  0.7760E-12  0.1110E-11  0.1310E-11  0.1530E-11  0.1690E-11  0.1750E-11  0.1680E-11  0.1610E-11
  0.1000E+14  0.5320E-39  0.1120E-29  0.2990E-22  0.1010E-16  0.5550E-14  0.2370E-12  0.7760E-12  0.1110E-11  0.1310E-11  0.1530E-11  0.1690E-11  0.1750E-11  0.1680E-11  0.1610E-11
  0.1000E+15  0.5320E-39  0.1120E-29  0.2990E-22  0.1010E-16  0.5550E-14  0.2370E-12  0.7760E-12  0.1110E-11  0.1310E-11  0.1530E-11  0.1690E-11  0.1750E-11  0.1680E-11  0.1610E-11
  0.1000E+16  0.5320E-39  0.1120E-29  0.2990E-22  0.1010E-16  0.5550E-14  0.2370E-12  0.7760E-12  0.1110E-11  0.1310E-11  0.1530E-11  0.1690E-11  0.1750E-11  0.1680E-11  0.1610E-11
  0.1000E+17  0.5320E-39  0.1120E-29  0.3000E-22  0.1010E-16  0.5550E-14  0.2370E-12  0.7760E-12  0.1110E-11  0.1310E-11  0.1530E-11  0.1680E-11  0.1750E-11  0.1680E-11  0.1610E-11
WAVELENGTH(A)= 
     5.250
 7 14 t 
excit   
    36.500     54.700     91.200    182.000    365.000    912.000   1820.000   2730.000   3650.000   5470.000   9120.000  18200.000  36500.000  54700.000 
  0.1000E+11  0.5650E-38  0.1090E-28  0.2700E-21  0.8320E-16  0.4210E-13  0.1620E-11  0.5120E-11  0.7330E-11  0.8720E-11  0.1030E-10  0.1160E-10  0.1250E-10  0.1240E-10  0.1210E-10
  0.1000E+12  0.5640E-38  0.1090E-28  0.2700E-21  0.8320E-16  0.4210E-13  0.1620E-11  0.5120E-11  0.7330E-11  0.8720E-11  0.1030E-10  0.1160E-10  0.1250E-10  0.1240E-10  0.1210E-10
  0.1000E+13  0.5640E-38  0.1090E-28  0.2700E-21  0.8320E-16  0.4210E-13  0.1620E-11  0.5120E-11  0.7330E-11  0.8720E-11  0.1030E-10  0.1160E-10  0.1250E-10  0.1240E-10  0.1210E-10
  0.1000E+14  0.5640E-38  0.1090E-28  0.2700E-21  0.8320E-16  0.4210E-13  0.1620E-11  0.5120E-11  0.7330E-11  0.8720E-11  0.1030E-10  0.1160E-10  0.1250E-10  0.1240E-10  0.1210E-10
  0.1000E+15  0.5640E-38  0.1090E-28  0.2700E-21  0.8320E-16  0.4210E-13  0.1620E-11  0.5120E-11  0.7330E-11  0.8720E-11  0.1030E-10  0.1160E-10  0.1250E-10  0.1240E-10  0.1210E-10
  0.1000E+16  0.5640E-38  0.1090E-28  0.2700E-21  0.8320E-16  0.4210E-13  0.1620E-11  0.5120E-11  0.7330E-11  0.8710E-11  0.1030E-10  0.1160E-10  0.1250E-10  0.1240E-10  0.1210E-10
  0.1000E+17  0.5640E-38  0.1090E-28  0.2700E-21  0.8320E-16  0.4210E-13  0.1620E-11  0.5110E-11  0.7330E-11  0.8710E-11  0.1030E-10  0.1160E-10  0.1250E-10  0.1240E-10  0.1210E-10
WAVELENGTH(A)= 
     5.680
 7 14 t 
excit   
    36.500     54.700     91.200    182.000    365.000    912.000   1820.000   2730.000   3650.000   5470.000   9120.000  18200.000  36500.000  54700.000 
  0.1000E+11  0.1000E-73  0.5750E-32  0.1900E-23  0.4010E-17  0.4930E-14  0.2780E-12  0.8970E-12  0.1230E-11  0.1400E-11  0.1520E-11  0.1500E-11  0.1320E-11  0.1070E-11  0.9160E-12
  0.1000E+12  0.1560E-42  0.5750E-32  0.1900E-23  0.4010E-17  0.4930E-14  0.2780E-12  0.8970E-12  0.1230E-11  0.1400E-11  0.1520E-11  0.1500E-11  0.1320E-11  0.1070E-11  0.9160E-12
  0.1000E+13  0.1090E-42  0.5750E-32  0.1900E-23  0.4010E-17  0.4930E-14  0.2780E-12  0.8970E-12  0.1230E-11  0.1400E-11  0.1520E-11  0.1500E-11  0.1320E-11  0.1070E-11  0.9160E-12
  0.1000E+14  0.1140E-42  0.5750E-32  0.1900E-23  0.4010E-17  0.4930E-14  0.2780E-12  0.8970E-12  0.1230E-11  0.1400E-11  0.1520E-11  0.1500E-11  0.1320E-11  0.1070E-11  0.9160E-12
  0.1000E+15  0.1140E-42  0.5750E-32  0.1900E-23  0.4010E-17  0.4930E-14  0.2780E-12  0.8970E-12  0.1230E-11  0.1400E-11  0.1520E-11  0.1500E-11  0.1320E-11  0.1070E-11  0.9160E-12
  0.1000E+16  0.1140E-42  0.5750E-32  0.1900E-23  0.4010E-17  0.4930E-14  0.2780E-12  0.8970E-12  0.1230E-11  0.1400E-11  0.1520E-11  0.1500E-11  0.1320E-11  0.1060E-11  0.9160E-12
  0.1000E+17  0.1140E-42  0.5750E-32  0.1900E-23  0.4010E-17  0.4930E-14  0.2780E-12  0.8970E-12  0.1230E-11  0.1400E-11  0.1520E-11  0.1500E-11  0.1320E-11  0.1060E-11  0.9160E-12
WAVELENGTH(A)= 
     5.722
 7 14 t 
excit   
    36.500     54.700     91.200    182.000    365.000    912.000   1820.000   2730.000   3650.000   5470.000   9120.000  18200.000  36500.000  54700.000 
  0.1000E+11  0.2370E-34  0.7740E-26  0.4560E-19  0.4710E-14  0.1290E-11  0.3050E-10  0.7750E-10  0.1020E-09  0.1160E-09  0.1290E-09  0.1390E-09  0.1410E-09  0.1350E-09  0.1280E-09
  0.1000E+12  0.2370E-34  0.7740E-26  0.4560E-19  0.4710E-14  0.1290E-11  0.3050E-10  0.7750E-10  0.1020E-09  0.1160E-09  0.1290E-09  0.1390E-09  0.1410E-09  0.1350E-09  0.1280E-09
  0.1000E+13  0.2370E-34  0.7740E-26  0.4560E-19  0.4710E-14  0.1290E-11  0.3050E-10  0.7750E-10  0.1020E-09  0.1160E-09  0.1290E-09  0.1390E-09  0.1410E-09  0.1350E-09  0.1280E-09
  0.1000E+14  0.2370E-34  0.7740E-26  0.4560E-19  0.4710E-14  0.1290E-11  0.3050E-10  0.7750E-10  0.1020E-09  0.1160E-09  0.1290E-09  0.1390E-09  0.1410E-09  0.1350E-09  0.1280E-09
  0.1000E+15  0.2370E-34  0.7740E-26  0.4560E-19  0.4710E-14  0.1290E-11  0.3050E-10  0.7750E-10  0.1020E-09  0.1160E-09  0.1290E-09  0.1390E-09  0.1410E-09  0.1350E-09  0.1280E-09
  0.1000E+16  0.2370E-34  0.7740E-26  0.4560E-19  0.4710E-14  0.1290E-11  0.3050E-10  0.7750E-10  0.1020E-09  0.1160E-09  0.1290E-09  0.1390E-09  0.1410E-09  0.1350E-09  0.1280E-09
  0.1000E+17  0.2370E-34  0.7740E-26  0.4560E-19  0.4710E-14  0.1290E-11  0.3050E-10  0.7740E-10  0.1020E-09  0.1160E-09  0.1290E-09  0.1390E-09  0.1410E-09  0.1350E-09  0.1280E-09
WAVELENGTH(A)= 
     5.835
 7 14 t 
excit   
    36.500     54.700     91.200    182.000    365.000    912.000   1820.000   2730.000   3650.000   5470.000   9120.000  18200.000  36500.000  54700.000 
  0.1000E+11  0.8110E-36  0.1810E-27  0.7870E-21  0.6610E-16  0.1780E-13  0.4690E-12  0.1270E-11  0.1710E-11  0.1940E-11  0.2150E-11  0.2260E-11  0.2210E-11  0.2010E-11  0.1860E-11
  0.1000E+12  0.8110E-36  0.1810E-27  0.7870E-21  0.6610E-16  0.1780E-13  0.4690E-12  0.1270E-11  0.1710E-11  0.1940E-11  0.2150E-11  0.2260E-11  0.2210E-11  0.2010E-11  0.1860E-11
  0.1000E+13  0.8110E-36  0.1810E-27  0.7870E-21  0.6610E-16  0.1780E-13  0.4690E-12  0.1270E-11  0.1710E-11  0.1940E-11  0.2150E-11  0.2260E-11  0.2210E-11  0.2010E-11  0.1860E-11
  0.1000E+14  0.8110E-36  0.1810E-27  0.7870E-21  0.6610E-16  0.1780E-13  0.4690E-12  0.1270E-11  0.1710E-11  0.1940E-11  0.2150E-11  0.2260E-11  0.2210E-11  0.2010E-11  0.1860E-11
  0.1000E+15  0.8110E-36  0.1810E-27  0.7870E-21  0.6610E-16  0.1780E-13  0.4690E-12  0.1270E-11  0.1710E-11  0.1940E-11  0.2150E-11  0.2260E-11  0.2210E-11  0.2010E-11  0.1860E-11
  0.1000E+16  0.8110E-36  0.1810E-27  0.7870E-21  0.6610E-16  0.1780E-13  0.4690E-12  0.1270E-11  0.1710E-11  0.1940E-11  0.2150E-11  0.2260E-11  0.2210E-11  0.2010E-11  0.1860E-11
  0.1000E+17  0.8110E-36  0.1810E-27  0.7870E-21  0.6610E-16  0.1780E-13  0.4690E-12  0.1270E-11  0.1700E-11  0.1940E-11  0.2150E-11  0.2260E-11  0.2210E-11  0.2010E-11  0.1860E-11
WAVELENGTH(A)= 
     5.864
 7 14 t 
excit   
    36.500     54.700     91.200    182.000    365.000    912.000   1820.000   2730.000   3650.000   5470.000   9120.000  18200.000  36500.000  54700.000 
  0.1000E+11  0.3710E-34  0.7510E-26  0.3020E-19  0.2350E-14  0.5640E-12  0.1250E-10  0.3120E-10  0.4100E-10  0.4620E-10  0.5150E-10  0.5470E-10  0.5500E-10  0.5200E-10  0.4910E-10
  0.1000E+12  0.3710E-34  0.7510E-26  0.3020E-19  0.2350E-14  0.5640E-12  0.1250E-10  0.3120E-10  0.4100E-10  0.4620E-10  0.5150E-10  0.5470E-10  0.5500E-10  0.5200E-10  0.4910E-10
  0.1000E+13  0.3710E-34  0.7510E-26  0.3020E-19  0.2350E-14  0.5640E-12  0.1250E-10  0.3120E-10  0.4100E-10  0.4620E-10  0.5150E-10  0.5470E-10  0.5500E-10  0.5200E-10  0.4910E-10
  0.1000E+14  0.3710E-34  0.7510E-26  0.3020E-19  0.2350E-14  0.5640E-12  0.1250E-10  0.3120E-10  0.4100E-10  0.4620E-10  0.5150E-10  0.5470E-10  0.5500E-10  0.5200E-10  0.4910E-10
  0.1000E+15  0.3710E-34  0.7510E-26  0.3020E-19  0.2350E-14  0.5640E-12  0.1250E-10  0.3120E-10  0.4100E-10  0.4620E-10  0.5150E-10  0.5470E-10  0.5500E-10  0.5200E-10  0.4910E-10
  0.1000E+16  0.3710E-34  0.7510E-26  0.3020E-19  0.2350E-14  0.5640E-12  0.1250E-10  0.3120E-10  0.4100E-10  0.4620E-10  0.5150E-10  0.5470E-10  0.5500E-10  0.5200E-10  0.4910E-10
  0.1000E+17  0.3710E-34  0.7510E-26  0.3020E-19  0.2350E-14  0.5640E-12  0.1250E-10  0.3120E-10  0.4100E-10  0.4620E-10  0.5150E-10  0.5470E-10  0.5490E-10  0.5200E-10  0.4900E-10
WAVELENGTH(A)= 
     5.882
 7 14 t 
excit   
    36.500     54.700     91.200    182.000    365.000    912.000   1820.000   2730.000   3650.000   5470.000   9120.000  18200.000  36500.000  54700.000 
  0.1000E+11  0.3290E-41  0.9280E-31  0.1780E-22  0.2490E-16  0.2480E-13  0.1240E-11  0.3830E-11  0.5200E-11  0.5860E-11  0.6300E-11  0.6210E-11  0.5420E-11  0.4350E-11  0.3750E-11
  0.1000E+12  0.3620E-41  0.9280E-31  0.1780E-22  0.2490E-16  0.2480E-13  0.1240E-11  0.3830E-11  0.5200E-11  0.5860E-11  0.6300E-11  0.6210E-11  0.5420E-11  0.4350E-11  0.3750E-11
  0.1000E+13  0.3660E-41  0.9280E-31  0.1780E-22  0.2490E-16  0.2480E-13  0.1240E-11  0.3830E-11  0.5200E-11  0.5860E-11  0.6300E-11  0.6210E-11  0.5420E-11  0.4350E-11  0.3750E-11
  0.1000E+14  0.3660E-41  0.9280E-31  0.1780E-22  0.2490E-16  0.2480E-13  0.1240E-11  0.3830E-11  0.5200E-11  0.5860E-11  0.6300E-11  0.6210E-11  0.5420E-11  0.4350E-11  0.3750E-11
  0.1000E+15  0.3660E-41  0.9280E-31  0.1780E-22  0.2490E-16  0.2480E-13  0.1240E-11  0.3830E-11  0.5200E-11  0.5860E-11  0.6300E-11  0.6210E-11  0.5420E-11  0.4350E-11  0.3750E-11
  0.1000E+16  0.3660E-41  0.9280E-31  0.1780E-22  0.2490E-16  0.2480E-13  0.1240E-11  0.3830E-11  0.5200E-11  0.5860E-11  0.6300E-11  0.6210E-11  0.5410E-11  0.4350E-11  0.3740E-11
  0.1000E+17  0.3660E-41  0.9280E-31  0.1780E-22  0.2490E-16  0.2480E-13  0.1240E-11  0.3830E-11  0.5190E-11  0.5860E-11  0.6300E-11  0.6200E-11  0.5410E-11  0.4350E-11  0.3740E-11
WAVELENGTH(A)= 
     5.891
 7 14 t 
excit   
    36.500     54.700     91.200    182.000    365.000    912.000   1820.000   2730.000   3650.000   5470.000   9120.000  18200.000  36500.000  54700.000 
  0.1000E+11  0.2580E-35  0.5460E-27  0.2560E-20  0.2450E-15  0.6790E-13  0.1690E-11  0.4410E-11  0.5790E-11  0.6520E-11  0.7160E-11  0.7440E-11  0.7220E-11  0.6610E-11  0.6140E-11
  0.1000E+12  0.2580E-35  0.5460E-27  0.2560E-20  0.2450E-15  0.6790E-13  0.1690E-11  0.4410E-11  0.5790E-11  0.6520E-11  0.7160E-11  0.7440E-11  0.7220E-11  0.6610E-11  0.6140E-11
  0.1000E+13  0.2580E-35  0.5460E-27  0.2560E-20  0.2450E-15  0.6790E-13  0.1690E-11  0.4410E-11  0.5790E-11  0.6520E-11  0.7160E-11  0.7440E-11  0.7220E-11  0.6610E-11  0.6140E-11
  0.1000E+14  0.2580E-35  0.5460E-27  0.2560E-20  0.2450E-15  0.6790E-13  0.1690E-11  0.4410E-11  0.5790E-11  0.6520E-11  0.7160E-11  0.7440E-11  0.7220E-11  0.6610E-11  0.6140E-11
  0.1000E+15  0.2580E-35  0.5460E-27  0.2560E-20  0.2450E-15  0.6790E-13  0.1690E-11  0.4410E-11  0.5790E-11  0.6520E-11  0.7160E-11  0.7440E-11  0.7220E-11  0.6610E-11  0.6140E-11
  0.1000E+16  0.2580E-35  0.5460E-27  0.2560E-20  0.2450E-15  0.6790E-13  0.1690E-11  0.4410E-11  0.5790E-11  0.6520E-11  0.7160E-11  0.7440E-11  0.7220E-11  0.6610E-11  0.6140E-11
  0.1000E+17  0.2580E-35  0.5460E-27  0.2560E-20  0.2450E-15  0.6790E-13  0.1690E-11  0.4410E-11  0.5790E-11  0.6510E-11  0.7150E-11  0.7440E-11  0.7220E-11  0.6610E-11  0.6130E-11
WAVELENGTH(A)= 
     6.179
 7 14 t 
excit   
    36.500     54.700     91.200    182.000    365.000    912.000   1820.000   2730.000   3650.000   5470.000   9120.000  18200.000  36500.000  54700.000 
  0.1000E+11  0.1170E-39  0.1180E-29  0.1080E-21  0.8660E-16  0.6540E-13  0.2750E-11  0.8070E-11  0.1070E-10  0.1190E-10  0.1270E-10  0.1230E-10  0.1060E-10  0.8410E-11  0.7200E-11
  0.1000E+12  0.1170E-39  0.1180E-29  0.1080E-21  0.8660E-16  0.6540E-13  0.2750E-11  0.8070E-11  0.1070E-10  0.1190E-10  0.1270E-10  0.1230E-10  0.1060E-10  0.8410E-11  0.7200E-11
  0.1000E+13  0.1170E-39  0.1180E-29  0.1080E-21  0.8660E-16  0.6540E-13  0.2750E-11  0.8070E-11  0.1070E-10  0.1190E-10  0.1270E-10  0.1230E-10  0.1060E-10  0.8410E-11  0.7200E-11
  0.1000E+14  0.1170E-39  0.1180E-29  0.1080E-21  0.8660E-16  0.6540E-13  0.2750E-11  0.8070E-11  0.1070E-10  0.1190E-10  0.1270E-10  0.1230E-10  0.1060E-10  0.8410E-11  0.7200E-11
  0.1000E+15  0.1170E-39  0.1180E-29  0.1080E-21  0.8660E-16  0.6540E-13  0.2750E-11  0.8070E-11  0.1070E-10  0.1190E-10  0.1270E-10  0.1230E-10  0.1060E-10  0.8410E-11  0.7200E-11
  0.1000E+16  0.1170E-39  0.1180E-29  0.1080E-21  0.8660E-16  0.6540E-13  0.2750E-11  0.8070E-11  0.1070E-10  0.1190E-10  0.1270E-10  0.1230E-10  0.1060E-10  0.8410E-11  0.7200E-11
  0.1000E+17  0.1170E-39  0.1180E-29  0.1080E-21  0.8660E-16  0.6540E-13  0.2750E-11  0.8070E-11  0.1070E-10  0.1190E-10  0.1270E-10  0.1230E-10  0.1060E-10  0.8410E-11  0.7190E-11
WAVELENGTH(A)= 
     6.947
 7 14 t 
excit   
    36.500     54.700     91.200    182.000    365.000    912.000   1820.000   2730.000   3650.000   5470.000   9120.000  18200.000  36500.000  54700.000 
  0.1000E+11  0.2560E-33  0.4580E-26  0.4010E-20  0.1350E-15  0.2760E-13  0.6960E-12  0.1860E-11  0.2440E-11  0.2720E-11  0.2900E-11  0.2870E-11  0.2550E-11  0.2120E-11  0.1860E-11
  0.1000E+12  0.2560E-33  0.4580E-26  0.4010E-20  0.1350E-15  0.2760E-13  0.6960E-12  0.1860E-11  0.2440E-11  0.2720E-11  0.2900E-11  0.2870E-11  0.2550E-11  0.2120E-11  0.1860E-11
  0.1000E+13  0.2560E-33  0.4580E-26  0.4010E-20  0.1350E-15  0.2760E-13  0.6960E-12  0.1860E-11  0.2440E-11  0.2720E-11  0.2900E-11  0.2870E-11  0.2550E-11  0.2120E-11  0.1860E-11
  0.1000E+14  0.2560E-33  0.4580E-26  0.4010E-20  0.1350E-15  0.2760E-13  0.6960E-12  0.1860E-11  0.2440E-11  0.2720E-11  0.2900E-11  0.2870E-11  0.2550E-11  0.2120E-11  0.1860E-11
  0.1000E+15  0.2560E-33  0.4580E-26  0.4010E-20  0.1350E-15  0.2760E-13  0.6960E-12  0.1860E-11  0.2440E-11  0.2720E-11  0.2900E-11  0.2870E-11  0.2550E-11  0.2120E-11  0.1860E-11
  0.1000E+16  0.2560E-33  0.4580E-26  0.4010E-20  0.1350E-15  0.2760E-13  0.6960E-12  0.1860E-11  0.2440E-11  0.2720E-11  0.2900E-11  0.2870E-11  0.2550E-11  0.2120E-11  0.1860E-11
  0.1000E+17  0.2560E-33  0.4580E-26  0.4010E-20  0.1350E-15  0.2780E-13  0.7010E-12  0.1870E-11  0.2460E-11  0.2730E-11  0.2920E-11  0.2880E-11  0.2560E-11  0.2130E-11  0.1870E-11
WAVELENGTH(A)= 
     6.975
 7 14 t 
excit   
    36.500     54.700     91.200    182.000    365.000    912.000   1820.000   2730.000   3650.000   5470.000   9120.000  18200.000  36500.000  54700.000 
  0.1000E+11  0.1420E-31  0.1410E-24  0.6250E-19  0.1400E-14  0.2340E-12  0.4610E-11  0.1100E-10  0.1380E-10  0.1500E-10  0.1570E-10  0.1530E-10  0.1350E-10  0.1120E-10  0.9840E-11
  0.1000E+12  0.1420E-31  0.1410E-24  0.6250E-19  0.1400E-14  0.2340E-12  0.4610E-11  0.1100E-10  0.1380E-10  0.1500E-10  0.1570E-10  0.1530E-10  0.1350E-10  0.1120E-10  0.9840E-11
  0.1000E+13  0.1420E-31  0.1410E-24  0.6250E-19  0.1400E-14  0.2340E-12  0.4610E-11  0.1100E-10  0.1380E-10  0.1500E-10  0.1570E-10  0.1530E-10  0.1350E-10  0.1120E-10  0.9840E-11
  0.1000E+14  0.1420E-31  0.1410E-24  0.6250E-19  0.1400E-14  0.2340E-12  0.4610E-11  0.1100E-10  0.1380E-10  0.1500E-10  0.1570E-10  0.1530E-10  0.1350E-10  0.1120E-10  0.9840E-11
  0.1000E+15  0.1420E-31  0.1410E-24  0.6250E-19  0.1400E-14  0.2340E-12  0.4610E-11  0.1100E-10  0.1380E-10  0.1500E-10  0.1570E-10  0.1530E-10  0.1350E-10  0.1120E-10  0.9840E-11
  0.1000E+16  0.1420E-31  0.1410E-24  0.6250E-19  0.1400E-14  0.2340E-12  0.4610E-11  0.1100E-10  0.1380E-10  0.1500E-10  0.1570E-10  0.1530E-10  0.1350E-10  0.1120E-10  0.9840E-11
  0.1000E+17  0.1420E-31  0.1410E-24  0.6250E-19  0.1400E-14  0.2340E-12  0.4610E-11  0.1100E-10  0.1380E-10  0.1500E-10  0.1570E-10  0.1530E-10  0.1350E-10  0.1120E-10  0.9840E-11
WAVELENGTH(A)= 
     7.003
 7 14 t 
excit   
    36.500     54.700     91.200    182.000    365.000    912.000   1820.000   2730.000   3650.000   5470.000   9120.000  18200.000  36500.000  54700.000 
  0.1000E+11  0.9310E-32  0.9980E-25  0.5970E-19  0.1720E-14  0.3060E-12  0.6380E-11  0.1560E-10  0.1980E-10  0.2160E-10  0.2270E-10  0.2200E-10  0.1930E-10  0.1590E-10  0.1400E-10
  0.1000E+12  0.9310E-32  0.9980E-25  0.5970E-19  0.1720E-14  0.3060E-12  0.6380E-11  0.1560E-10  0.1980E-10  0.2160E-10  0.2270E-10  0.2200E-10  0.1930E-10  0.1590E-10  0.1400E-10
  0.1000E+13  0.9310E-32  0.9980E-25  0.5970E-19  0.1720E-14  0.3060E-12  0.6380E-11  0.1560E-10  0.1980E-10  0.2160E-10  0.2270E-10  0.2200E-10  0.1930E-10  0.1590E-10  0.1400E-10
  0.1000E+14  0.9310E-32  0.9980E-25  0.5970E-19  0.1720E-14  0.3060E-12  0.6380E-11  0.1560E-10  0.1980E-10  0.2160E-10  0.2270E-10  0.2200E-10  0.1930E-10  0.1590E-10  0.1400E-10
  0.1000E+15  0.9310E-32  0.9980E-25  0.5970E-19  0.1720E-14  0.3060E-12  0.6380E-11  0.1560E-10  0.1980E-10  0.2160E-10  0.2270E-10  0.2200E-10  0.1930E-10  0.1590E-10  0.1400E-10
  0.1000E+16  0.9310E-32  0.9980E-25  0.5970E-19  0.1720E-14  0.3060E-12  0.6380E-11  0.1560E-10  0.1980E-10  0.2160E-10  0.2270E-10  0.2200E-10  0.1930E-10  0.1590E-10  0.1400E-10
  0.1000E+17  0.9310E-32  0.9980E-25  0.5970E-19  0.1720E-14  0.3060E-12  0.6390E-11  0.1560E-10  0.1980E-10  0.2160E-10  0.2270E-10  0.2200E-10  0.1930E-10  0.1590E-10  0.1400E-10
WAVELENGTH(A)= 
     7.202
 7 14 t 
excit   
    36.500     54.700     91.200    182.000    365.000    912.000   1820.000   2730.000   3650.000   5470.000   9120.000  18200.000  36500.000  54700.000 
  0.1000E+11  0.9640E-31  0.5600E-24  0.1620E-18  0.2750E-14  0.3900E-12  0.6860E-11  0.1570E-10  0.1950E-10  0.2110E-10  0.2200E-10  0.2140E-10  0.1900E-10  0.1590E-10  0.1410E-10
  0.1000E+12  0.9640E-31  0.5600E-24  0.1620E-18  0.2750E-14  0.3900E-12  0.6860E-11  0.1570E-10  0.1950E-10  0.2110E-10  0.2200E-10  0.2140E-10  0.1900E-10  0.1590E-10  0.1410E-10
  0.1000E+13  0.9640E-31  0.5600E-24  0.1620E-18  0.2750E-14  0.3900E-12  0.6860E-11  0.1570E-10  0.1950E-10  0.2110E-10  0.2200E-10  0.2140E-10  0.1900E-10  0.1590E-10  0.1410E-10
  0.1000E+14  0.9640E-31  0.5600E-24  0.1620E-18  0.2750E-14  0.3900E-12  0.6860E-11  0.1570E-10  0.1950E-10  0.2110E-10  0.2200E-10  0.2140E-10  0.1900E-10  0.1590E-10  0.1410E-10
  0.1000E+15  0.9640E-31  0.5600E-24  0.1620E-18  0.2750E-14  0.3900E-12  0.6860E-11  0.1570E-10  0.1950E-10  0.2110E-10  0.2200E-10  0.2140E-10  0.1900E-10  0.1590E-10  0.1410E-10
  0.1000E+16  0.9640E-31  0.5600E-24  0.1620E-18  0.2750E-14  0.3900E-12  0.6860E-11  0.1570E-10  0.1950E-10  0.2110E-10  0.2200E-10  0.2140E-10  0.1900E-10  0.1590E-10  0.1410E-10
  0.1000E+17  0.9640E-31  0.5600E-24  0.1620E-18  0.2750E-14  0.3900E-12  0.6860E-11  0.1570E-10  0.1950E-10  0.2110E-10  0.2200E-10  0.2140E-10  0.1900E-10  0.1590E-10  0.1410E-10
WAVELENGTH(A)= 
     7.279
 7 14 t 
excit   
    36.500     54.700     91.200    182.000    365.000    912.000   1820.000   2730.000   3650.000   5470.000   9120.000  18200.000  36500.000  54700.000 
  0.1000E+11  0.7840E-33  0.1340E-25  0.1110E-19  0.3020E-15  0.5150E-13  0.1170E-11  0.3080E-11  0.4020E-11  0.4480E-11  0.4790E-11  0.4760E-11  0.4280E-11  0.3600E-11  0.3190E-11
  0.1000E+12  0.7840E-33  0.1340E-25  0.1110E-19  0.3020E-15  0.5150E-13  0.1170E-11  0.3080E-11  0.4020E-11  0.4480E-11  0.4790E-11  0.4760E-11  0.4280E-11  0.3600E-11  0.3190E-11
  0.1000E+13  0.7840E-33  0.1340E-25  0.1110E-19  0.3020E-15  0.5150E-13  0.1170E-11  0.3080E-11  0.4020E-11  0.4480E-11  0.4790E-11  0.4760E-11  0.4280E-11  0.3600E-11  0.3190E-11
  0.1000E+14  0.7840E-33  0.1340E-25  0.1110E-19  0.3020E-15  0.5150E-13  0.1170E-11  0.3080E-11  0.4020E-11  0.4480E-11  0.4790E-11  0.4760E-11  0.4280E-11  0.3600E-11  0.3190E-11
  0.1000E+15  0.7840E-33  0.1340E-25  0.1110E-19  0.3020E-15  0.5150E-13  0.1170E-11  0.3080E-11  0.4020E-11  0.4480E-11  0.4790E-11  0.4760E-11  0.4280E-11  0.3600E-11  0.3190E-11
  0.1000E+16  0.7840E-33  0.1340E-25  0.1110E-19  0.3020E-15  0.5150E-13  0.1170E-11  0.3080E-11  0.4020E-11  0.4480E-11  0.4790E-11  0.4760E-11  0.4280E-11  0.3600E-11  0.3190E-11
  0.1000E+17  0.7840E-33  0.1340E-25  0.1110E-19  0.3020E-15  0.5150E-13  0.1170E-11  0.3090E-11  0.4030E-11  0.4480E-11  0.4800E-11  0.4770E-11  0.4290E-11  0.3600E-11  0.3190E-11
WAVELENGTH(A)= 
     7.291
 7 14 t 
excit   
    36.500     54.700     91.200    182.000    365.000    912.000   1820.000   2730.000   3650.000   5470.000   9120.000  18200.000  36500.000  54700.000 
  0.1000E+11  0.1550E-31  0.7660E-25  0.2270E-19  0.4730E-15  0.7960E-13  0.1740E-11  0.4490E-11  0.5850E-11  0.6490E-11  0.6940E-11  0.6900E-11  0.6200E-11  0.5240E-11  0.4650E-11
  0.1000E+12  0.1550E-31  0.7660E-25  0.2270E-19  0.4730E-15  0.7960E-13  0.1740E-11  0.4490E-11  0.5850E-11  0.6490E-11  0.6940E-11  0.6900E-11  0.6200E-11  0.5240E-11  0.4650E-11
  0.1000E+13  0.1550E-31  0.7660E-25  0.2270E-19  0.4730E-15  0.7960E-13  0.1740E-11  0.4490E-11  0.5850E-11  0.6490E-11  0.6940E-11  0.6900E-11  0.6200E-11  0.5240E-11  0.4650E-11
  0.1000E+14  0.1550E-31  0.7660E-25  0.2270E-19  0.4730E-15  0.7960E-13  0.1740E-11  0.4490E-11  0.5850E-11  0.6490E-11  0.6940E-11  0.6900E-11  0.6200E-11  0.5240E-11  0.4650E-11
  0.1000E+15  0.1550E-31  0.7660E-25  0.2270E-19  0.4730E-15  0.7970E-13  0.1740E-11  0.4490E-11  0.5850E-11  0.6490E-11  0.6940E-11  0.6900E-11  0.6200E-11  0.5240E-11  0.4650E-11
  0.1000E+16  0.1550E-31  0.7660E-25  0.2270E-19  0.4730E-15  0.7970E-13  0.1740E-11  0.4500E-11  0.5860E-11  0.6500E-11  0.6950E-11  0.6900E-11  0.6210E-11  0.5240E-11  0.4650E-11
  0.1000E+17  0.1550E-31  0.7660E-25  0.2270E-19  0.4750E-15  0.8020E-13  0.1760E-11  0.4540E-11  0.5910E-11  0.6550E-11  0.7000E-11  0.6950E-11  0.6240E-11  0.5260E-11  0.4670E-11
WAVELENGTH(A)= 
     7.294
 7 14 t 
excit   
    36.500     54.700     91.200    182.000    365.000    912.000   1820.000   2730.000   3650.000   5470.000   9120.000  18200.000  36500.000  54700.000 
  0.1000E+11  0.8590E-31  0.4030E-24  0.9210E-19  0.1250E-14  0.1770E-12  0.3590E-11  0.9000E-11  0.1160E-10  0.1280E-10  0.1360E-10  0.1360E-10  0.1230E-10  0.1050E-10  0.9360E-11
  0.1000E+12  0.8590E-31  0.4030E-24  0.9210E-19  0.1250E-14  0.1770E-12  0.3590E-11  0.9000E-11  0.1160E-10  0.1280E-10  0.1360E-10  0.1360E-10  0.1230E-10  0.1050E-10  0.9360E-11
  0.1000E+13  0.8590E-31  0.4030E-24  0.9210E-19  0.1250E-14  0.1770E-12  0.3590E-11  0.9000E-11  0.1160E-10  0.1280E-10  0.1360E-10  0.1360E-10  0.1230E-10  0.1050E-10  0.9360E-11
  0.1000E+14  0.8590E-31  0.4030E-24  0.9210E-19  0.1250E-14  0.1770E-12  0.3590E-11  0.9000E-11  0.1160E-10  0.1280E-10  0.1360E-10  0.1360E-10  0.1230E-10  0.1050E-10  0.9360E-11
  0.1000E+15  0.8590E-31  0.4030E-24  0.9210E-19  0.1250E-14  0.1770E-12  0.3590E-11  0.9000E-11  0.1160E-10  0.1280E-10  0.1360E-10  0.1360E-10  0.1230E-10  0.1050E-10  0.9360E-11
  0.1000E+16  0.8590E-31  0.4030E-24  0.9210E-19  0.1250E-14  0.1770E-12  0.3590E-11  0.9010E-11  0.1160E-10  0.1280E-10  0.1370E-10  0.1360E-10  0.1230E-10  0.1050E-10  0.9360E-11
  0.1000E+17  0.8590E-31  0.4030E-24  0.9210E-19  0.1250E-14  0.1780E-12  0.3610E-11  0.9050E-11  0.1170E-10  0.1290E-10  0.1370E-10  0.1360E-10  0.1230E-10  0.1050E-10  0.9380E-11
WAVELENGTH(A)= 
     7.895
 7 14 t 
excit   
    36.500     54.700     91.200    182.000    365.000    912.000   1820.000   2730.000   3650.000   5470.000   9120.000  18200.000  36500.000  54700.000 
  0.1000E+11  0.1740E-34  0.6020E-27  0.6520E-21  0.2920E-16  0.8850E-14  0.2970E-12  0.8740E-12  0.1180E-11  0.1340E-11  0.1470E-11  0.1480E-11  0.1360E-11  0.1150E-11  0.1030E-11
  0.1000E+12  0.1740E-34  0.6020E-27  0.6520E-21  0.2920E-16  0.8850E-14  0.2970E-12  0.8740E-12  0.1180E-11  0.1340E-11  0.1470E-11  0.1480E-11  0.1360E-11  0.1150E-11  0.1030E-11
  0.1000E+13  0.1740E-34  0.6020E-27  0.6520E-21  0.2920E-16  0.8850E-14  0.2970E-12  0.8740E-12  0.1180E-11  0.1340E-11  0.1470E-11  0.1480E-11  0.1360E-11  0.1150E-11  0.1030E-11
  0.1000E+14  0.1740E-34  0.6020E-27  0.6520E-21  0.2920E-16  0.8850E-14  0.2970E-12  0.8740E-12  0.1180E-11  0.1340E-11  0.1470E-11  0.1480E-11  0.1360E-11  0.1150E-11  0.1030E-11
  0.1000E+15  0.1740E-34  0.6020E-27  0.6520E-21  0.2920E-16  0.8840E-14  0.2970E-12  0.8730E-12  0.1180E-11  0.1340E-11  0.1460E-11  0.1480E-11  0.1350E-11  0.1150E-11  0.1030E-11
  0.1000E+16  0.1740E-34  0.5990E-27  0.6480E-21  0.2890E-16  0.8740E-14  0.2940E-12  0.8640E-12  0.1170E-11  0.1330E-11  0.1450E-11  0.1470E-11  0.1350E-11  0.1150E-11  0.1020E-11
  0.1000E+17  0.1670E-34  0.5730E-27  0.6110E-21  0.2650E-16  0.7880E-14  0.2640E-12  0.7840E-12  0.1070E-11  0.1220E-11  0.1340E-11  0.1370E-11  0.1270E-11  0.1100E-11  0.9840E-12
WAVELENGTH(A)= 
     8.719
 7 14 t 
excit   
    36.500     54.700     91.200    182.000    365.000    912.000   1820.000   2730.000   3650.000   5470.000   9120.000  18200.000  36500.000  54700.000 
  0.1000E+11  0.5100E-35  0.2310E-27  0.3180E-21  0.1970E-16  0.7210E-14  0.2640E-12  0.7930E-12  0.1080E-11  0.1230E-11  0.1340E-11  0.1350E-11  0.1220E-11  0.1030E-11  0.9070E-12
  0.1000E+12  0.5100E-35  0.2310E-27  0.3180E-21  0.1970E-16  0.7210E-14  0.2640E-12  0.7930E-12  0.1080E-11  0.1230E-11  0.1340E-11  0.1350E-11  0.1220E-11  0.1030E-11  0.9070E-12
  0.1000E+13  0.5100E-35  0.2310E-27  0.3180E-21  0.1970E-16  0.7210E-14  0.2640E-12  0.7930E-12  0.1080E-11  0.1230E-11  0.1340E-11  0.1350E-11  0.1220E-11  0.1030E-11  0.9070E-12
  0.1000E+14  0.5100E-35  0.2310E-27  0.3180E-21  0.1970E-16  0.7210E-14  0.2640E-12  0.7930E-12  0.1080E-11  0.1230E-11  0.1340E-11  0.1350E-11  0.1220E-11  0.1030E-11  0.9070E-12
  0.1000E+15  0.5100E-35  0.2310E-27  0.3180E-21  0.1970E-16  0.7210E-14  0.2640E-12  0.7930E-12  0.1080E-11  0.1230E-11  0.1340E-11  0.1350E-11  0.1220E-11  0.1030E-11  0.9070E-12
  0.1000E+16  0.5100E-35  0.2310E-27  0.3180E-21  0.1960E-16  0.7200E-14  0.2640E-12  0.7920E-12  0.1080E-11  0.1220E-11  0.1340E-11  0.1350E-11  0.1220E-11  0.1030E-11  0.9070E-12
  0.1000E+17  0.5080E-35  0.2300E-27  0.3150E-21  0.1940E-16  0.7060E-14  0.2590E-12  0.7780E-12  0.1060E-11  0.1200E-11  0.1320E-11  0.1330E-11  0.1210E-11  0.1020E-11  0.9010E-12
WAVELENGTH(A)= 
     8.986
 7 14 t 
excit   
    36.500     54.700     91.200    182.000    365.000    912.000   1820.000   2730.000   3650.000   5470.000   9120.000  18200.000  36500.000  54700.000 
  0.1000E+11  0.4780E-29  0.5350E-23  0.3390E-18  0.1200E-14  0.6330E-13  0.5880E-12  0.1100E-11  0.1290E-11  0.1360E-11  0.1380E-11  0.1320E-11  0.1130E-11  0.9210E-12  0.8000E-12
  0.1000E+12  0.4780E-29  0.5350E-23  0.3390E-18  0.1200E-14  0.6330E-13  0.5880E-12  0.1100E-11  0.1290E-11  0.1360E-11  0.1380E-11  0.1320E-11  0.1130E-11  0.9210E-12  0.8000E-12
  0.1000E+13  0.4780E-29  0.5350E-23  0.3390E-18  0.1200E-14  0.6330E-13  0.5880E-12  0.1100E-11  0.1290E-11  0.1360E-11  0.1380E-11  0.1320E-11  0.1130E-11  0.9210E-12  0.8000E-12
  0.1000E+14  0.4780E-29  0.5350E-23  0.3390E-18  0.1200E-14  0.6330E-13  0.5880E-12  0.1100E-11  0.1290E-11  0.1360E-11  0.1380E-11  0.1320E-11  0.1130E-11  0.9210E-12  0.8000E-12
  0.1000E+15  0.4780E-29  0.5350E-23  0.3390E-18  0.1200E-14  0.6330E-13  0.5880E-12  0.1100E-11  0.1290E-11  0.1360E-11  0.1380E-11  0.1320E-11  0.1130E-11  0.9210E-12  0.8000E-12
  0.1000E+16  0.4780E-29  0.5350E-23  0.3390E-18  0.1200E-14  0.6330E-13  0.5880E-12  0.1100E-11  0.1290E-11  0.1360E-11  0.1380E-11  0.1310E-11  0.1130E-11  0.9200E-12  0.8000E-12
  0.1000E+17  0.4780E-29  0.5350E-23  0.3390E-18  0.1200E-14  0.6330E-13  0.5880E-12  0.1100E-11  0.1290E-11  0.1360E-11  0.1380E-11  0.1310E-11  0.1130E-11  0.9200E-12  0.7990E-12
WAVELENGTH(A)= 
     9.654
 7 14 t 
excit   
    36.500     54.700     91.200    182.000    365.000    912.000   1820.000   2730.000   3650.000   5470.000   9120.000  18200.000  36500.000  54700.000 
  0.1000E+11  0.8170E-28  0.3820E-22  0.1200E-17  0.2430E-14  0.9420E-13  0.6890E-12  0.1160E-11  0.1290E-11  0.1320E-11  0.1280E-11  0.1170E-11  0.9590E-12  0.7480E-12  0.6360E-12
  0.1000E+12  0.8170E-28  0.3820E-22  0.1200E-17  0.2430E-14  0.9420E-13  0.6890E-12  0.1160E-11  0.1290E-11  0.1320E-11  0.1280E-11  0.1170E-11  0.9590E-12  0.7480E-12  0.6360E-12
  0.1000E+13  0.8170E-28  0.3820E-22  0.1200E-17  0.2430E-14  0.9420E-13  0.6890E-12  0.1160E-11  0.1290E-11  0.1320E-11  0.1280E-11  0.1170E-11  0.9590E-12  0.7480E-12  0.6360E-12
  0.1000E+14  0.8170E-28  0.3820E-22  0.1200E-17  0.2430E-14  0.9420E-13  0.6890E-12  0.1160E-11  0.1290E-11  0.1320E-11  0.1280E-11  0.1170E-11  0.9590E-12  0.7480E-12  0.6360E-12
  0.1000E+15  0.8170E-28  0.3820E-22  0.1200E-17  0.2430E-14  0.9420E-13  0.6890E-12  0.1160E-11  0.1290E-11  0.1320E-11  0.1280E-11  0.1170E-11  0.9590E-12  0.7480E-12  0.6360E-12
  0.1000E+16  0.8170E-28  0.3820E-22  0.1200E-17  0.2430E-14  0.9420E-13  0.6890E-12  0.1160E-11  0.1290E-11  0.1320E-11  0.1280E-11  0.1170E-11  0.9590E-12  0.7480E-12  0.6360E-12
  0.1000E+17  0.8170E-28  0.3820E-22  0.1200E-17  0.2430E-14  0.9420E-13  0.6890E-12  0.1160E-11  0.1290E-11  0.1310E-11  0.1280E-11  0.1170E-11  0.9580E-12  0.7470E-12  0.6360E-12
WAVELENGTH(A)= 
    11.842
 7 14 t 
excit   
    36.500     54.700     91.200    182.000    365.000    912.000   1820.000   2730.000   3650.000   5470.000   9120.000  18200.000  36500.000  54700.000 
  0.1000E+11  0.8040E-23  0.9440E-19  0.1560E-15  0.3590E-13  0.4960E-12  0.2140E-11  0.3270E-11  0.3720E-11  0.3960E-11  0.4190E-11  0.4370E-11  0.4400E-11  0.4210E-11  0.4010E-11
  0.1000E+12  0.8040E-23  0.9440E-19  0.1560E-15  0.3590E-13  0.4960E-12  0.2140E-11  0.3270E-11  0.3720E-11  0.3960E-11  0.4190E-11  0.4370E-11  0.4400E-11  0.4210E-11  0.4010E-11
  0.1000E+13  0.8040E-23  0.9440E-19  0.1560E-15  0.3590E-13  0.4960E-12  0.2140E-11  0.3270E-11  0.3720E-11  0.3960E-11  0.4190E-11  0.4370E-11  0.4400E-11  0.4210E-11  0.4010E-11
  0.1000E+14  0.8040E-23  0.9440E-19  0.1560E-15  0.3590E-13  0.4960E-12  0.2140E-11  0.3270E-11  0.3720E-11  0.3960E-11  0.4190E-11  0.4370E-11  0.4400E-11  0.4210E-11  0.4010E-11
  0.1000E+15  0.8040E-23  0.9440E-19  0.1560E-15  0.3590E-13  0.4960E-12  0.2140E-11  0.3270E-11  0.3720E-11  0.3960E-11  0.4190E-11  0.4370E-11  0.4400E-11  0.4210E-11  0.4010E-11
  0.1000E+16  0.8040E-23  0.9440E-19  0.1560E-15  0.3590E-13  0.4960E-12  0.2140E-11  0.3270E-11  0.3720E-11  0.3960E-11  0.4190E-11  0.4370E-11  0.4400E-11  0.4210E-11  0.4010E-11
  0.1000E+17  0.8050E-23  0.9450E-19  0.1560E-15  0.3590E-13  0.4960E-12  0.2140E-11  0.3270E-11  0.3720E-11  0.3960E-11  0.4190E-11  0.4370E-11  0.4390E-11  0.4210E-11  0.4010E-11
WAVELENGTH(A)= 
    12.432
 7 14 t 
excit   
    36.500     54.700     91.200    182.000    365.000    912.000   1820.000   2730.000   3650.000   5470.000   9120.000  18200.000  36500.000  54700.000 
  0.1000E+11  0.1000E-73  0.3220E-32  0.1540E-23  0.4260E-17  0.6020E-14  0.3650E-12  0.1190E-11  0.1640E-11  0.1850E-11  0.1980E-11  0.1930E-11  0.1640E-11  0.1300E-11  0.1100E-11
  0.1000E+12  0.4790E-43  0.3220E-32  0.1540E-23  0.4260E-17  0.6020E-14  0.3650E-12  0.1190E-11  0.1640E-11  0.1850E-11  0.1980E-11  0.1930E-11  0.1640E-11  0.1300E-11  0.1100E-11
  0.1000E+13  0.3830E-43  0.3220E-32  0.1540E-23  0.4260E-17  0.6020E-14  0.3650E-12  0.1190E-11  0.1640E-11  0.1850E-11  0.1980E-11  0.1930E-11  0.1640E-11  0.1300E-11  0.1100E-11
  0.1000E+14  0.4070E-43  0.3220E-32  0.1540E-23  0.4260E-17  0.6020E-14  0.3650E-12  0.1190E-11  0.1640E-11  0.1850E-11  0.1980E-11  0.1930E-11  0.1640E-11  0.1300E-11  0.1100E-11
  0.1000E+15  0.4060E-43  0.3220E-32  0.1540E-23  0.4260E-17  0.6020E-14  0.3650E-12  0.1190E-11  0.1640E-11  0.1850E-11  0.1980E-11  0.1930E-11  0.1640E-11  0.1300E-11  0.1100E-11
  0.1000E+16  0.4060E-43  0.3220E-32  0.1540E-23  0.4260E-17  0.6020E-14  0.3650E-12  0.1190E-11  0.1640E-11  0.1850E-11  0.1980E-11  0.1930E-11  0.1640E-11  0.1300E-11  0.1100E-11
  0.1000E+17  0.4060E-43  0.3220E-32  0.1540E-23  0.4260E-17  0.6020E-14  0.3650E-12  0.1190E-11  0.1640E-11  0.1850E-11  0.1980E-11  0.1920E-11  0.1640E-11  0.1290E-11  0.1100E-11
WAVELENGTH(A)= 
    12.723
 7 14 t 
excit   
    36.500     54.700     91.200    182.000    365.000    912.000   1820.000   2730.000   3650.000   5470.000   9120.000  18200.000  36500.000  54700.000 
  0.1000E+11  0.1010E-23  0.2780E-19  0.9060E-16  0.3410E-13  0.5830E-12  0.2770E-11  0.4250E-11  0.4700E-11  0.4840E-11  0.4810E-11  0.4540E-11  0.3910E-11  0.3200E-11  0.2780E-11
  0.1000E+12  0.1010E-23  0.2780E-19  0.9060E-16  0.3410E-13  0.5830E-12  0.2770E-11  0.4250E-11  0.4700E-11  0.4840E-11  0.4810E-11  0.4540E-11  0.3910E-11  0.3200E-11  0.2780E-11
  0.1000E+13  0.1010E-23  0.2780E-19  0.9060E-16  0.3410E-13  0.5830E-12  0.2770E-11  0.4250E-11  0.4700E-11  0.4840E-11  0.4810E-11  0.4540E-11  0.3910E-11  0.3200E-11  0.2780E-11
  0.1000E+14  0.1010E-23  0.2780E-19  0.9060E-16  0.3410E-13  0.5830E-12  0.2770E-11  0.4250E-11  0.4700E-11  0.4840E-11  0.4810E-11  0.4540E-11  0.3910E-11  0.3200E-11  0.2780E-11
  0.1000E+15  0.1010E-23  0.2780E-19  0.9060E-16  0.3410E-13  0.5830E-12  0.2770E-11  0.4250E-11  0.4700E-11  0.4840E-11  0.4810E-11  0.4540E-11  0.3910E-11  0.3200E-11  0.2780E-11
  0.1000E+16  0.1010E-23  0.2780E-19  0.9060E-16  0.3410E-13  0.5830E-12  0.2770E-11  0.4250E-11  0.4700E-11  0.4840E-11  0.4810E-11  0.4540E-11  0.3910E-11  0.3200E-11  0.2780E-11
  0.1000E+17  0.1010E-23  0.2780E-19  0.9060E-16  0.3410E-13  0.5830E-12  0.2770E-11  0.4250E-11  0.4700E-11  0.4830E-11  0.4810E-11  0.4540E-11  0.3910E-11  0.3200E-11  0.2770E-11
WAVELENGTH(A)= 
    14.310
 7 14 t 
excit   
    36.500     54.700     91.200    182.000    365.000    912.000   1820.000   2730.000   3650.000   5470.000   9120.000  18200.000  36500.000  54700.000 
  0.1000E+11  0.1000E-73  0.5150E-36  0.7130E-26  0.2460E-18  0.1220E-14  0.1570E-12  0.6610E-12  0.9860E-12  0.1160E-11  0.1290E-11  0.1300E-11  0.1130E-11  0.9000E-12  0.7670E-12
  0.1000E+12  0.1000E-73  0.5150E-36  0.7130E-26  0.2460E-18  0.1220E-14  0.1570E-12  0.6610E-12  0.9860E-12  0.1160E-11  0.1290E-11  0.1300E-11  0.1130E-11  0.9000E-12  0.7670E-12
  0.1000E+13  0.1000E-73  0.5150E-36  0.7130E-26  0.2460E-18  0.1220E-14  0.1570E-12  0.6610E-12  0.9860E-12  0.1160E-11  0.1290E-11  0.1300E-11  0.1130E-11  0.9000E-12  0.7670E-12
  0.1000E+14  0.1000E-73  0.5150E-36  0.7130E-26  0.2460E-18  0.1220E-14  0.1570E-12  0.6610E-12  0.9860E-12  0.1160E-11  0.1290E-11  0.1300E-11  0.1130E-11  0.9000E-12  0.7670E-12
  0.1000E+15  0.1000E-73  0.5150E-36  0.7130E-26  0.2460E-18  0.1220E-14  0.1570E-12  0.6610E-12  0.9860E-12  0.1160E-11  0.1290E-11  0.1300E-11  0.1130E-11  0.9000E-12  0.7670E-12
  0.1000E+16  0.1000E-73  0.5150E-36  0.7130E-26  0.2460E-18  0.1220E-14  0.1570E-12  0.6610E-12  0.9860E-12  0.1160E-11  0.1290E-11  0.1300E-11  0.1130E-11  0.9000E-12  0.7670E-12
  0.1000E+17  0.1000E-73  0.5150E-36  0.7130E-26  0.2460E-18  0.1220E-14  0.1570E-12  0.6610E-12  0.9850E-12  0.1160E-11  0.1290E-11  0.1300E-11  0.1130E-11  0.8990E-12  0.7670E-12
WAVELENGTH(A)= 
    14.773
 7 14 t 
excit   
    36.500     54.700     91.200    182.000    365.000    912.000   1820.000   2730.000   3650.000   5470.000   9120.000  18200.000  36500.000  54700.000 
  0.1000E+11  0.1000E-73  0.1090E-32  0.7220E-24  0.2560E-17  0.4090E-14  0.2740E-12  0.9590E-12  0.1380E-11  0.1630E-11  0.1880E-11  0.2040E-11  0.2060E-11  0.1940E-11  0.1840E-11
  0.1000E+12  0.1000E-73  0.1090E-32  0.7220E-24  0.2560E-17  0.4090E-14  0.2740E-12  0.9590E-12  0.1380E-11  0.1630E-11  0.1880E-11  0.2040E-11  0.2060E-11  0.1940E-11  0.1840E-11
  0.1000E+13  0.6450E-44  0.1090E-32  0.7220E-24  0.2560E-17  0.4090E-14  0.2740E-12  0.9590E-12  0.1380E-11  0.1630E-11  0.1880E-11  0.2040E-11  0.2060E-11  0.1940E-11  0.1840E-11
  0.1000E+14  0.9020E-44  0.1090E-32  0.7220E-24  0.2560E-17  0.4090E-14  0.2740E-12  0.9590E-12  0.1380E-11  0.1630E-11  0.1880E-11  0.2040E-11  0.2060E-11  0.1940E-11  0.1840E-11
  0.1000E+15  0.9220E-44  0.1090E-32  0.7220E-24  0.2560E-17  0.4090E-14  0.2740E-12  0.9590E-12  0.1380E-11  0.1630E-11  0.1880E-11  0.2040E-11  0.2060E-11  0.1940E-11  0.1840E-11
  0.1000E+16  0.9190E-44  0.1090E-32  0.7220E-24  0.2560E-17  0.4090E-14  0.2740E-12  0.9590E-12  0.1380E-11  0.1630E-11  0.1880E-11  0.2040E-11  0.2060E-11  0.1940E-11  0.1840E-11
  0.1000E+17  0.9190E-44  0.1090E-32  0.7220E-24  0.2560E-17  0.4090E-14  0.2730E-12  0.9590E-12  0.1380E-11  0.1630E-11  0.1880E-11  0.2040E-11  0.2060E-11  0.1940E-11  0.1830E-11
WAVELENGTH(A)= 
    15.464
 7 14 t 
excit   
    36.500     54.700     91.200    182.000    365.000    912.000   1820.000   2730.000   3650.000   5470.000   9120.000  18200.000  36500.000  54700.000 
  0.1000E+11  0.4090E-21  0.2320E-17  0.2140E-14  0.3090E-12  0.3190E-11  0.1060E-10  0.1390E-10  0.1440E-10  0.1420E-10  0.1330E-10  0.1180E-10  0.9500E-11  0.7310E-11  0.6200E-11
  0.1000E+12  0.4090E-21  0.2320E-17  0.2140E-14  0.3090E-12  0.3190E-11  0.1060E-10  0.1390E-10  0.1440E-10  0.1420E-10  0.1330E-10  0.1180E-10  0.9500E-11  0.7310E-11  0.6200E-11
  0.1000E+13  0.4090E-21  0.2320E-17  0.2140E-14  0.3090E-12  0.3190E-11  0.1060E-10  0.1390E-10  0.1440E-10  0.1420E-10  0.1330E-10  0.1180E-10  0.9500E-11  0.7310E-11  0.6200E-11
  0.1000E+14  0.4090E-21  0.2320E-17  0.2140E-14  0.3090E-12  0.3190E-11  0.1060E-10  0.1390E-10  0.1440E-10  0.1420E-10  0.1330E-10  0.1180E-10  0.9500E-11  0.7310E-11  0.6200E-11
  0.1000E+15  0.4090E-21  0.2320E-17  0.2140E-14  0.3090E-12  0.3190E-11  0.1060E-10  0.1390E-10  0.1440E-10  0.1420E-10  0.1330E-10  0.1180E-10  0.9500E-11  0.7310E-11  0.6200E-11
  0.1000E+16  0.4090E-21  0.2320E-17  0.2140E-14  0.3090E-12  0.3190E-11  0.1060E-10  0.1390E-10  0.1440E-10  0.1420E-10  0.1330E-10  0.1180E-10  0.9490E-11  0.7310E-11  0.6200E-11
  0.1000E+17  0.4090E-21  0.2320E-17  0.2140E-14  0.3090E-12  0.3190E-11  0.1060E-10  0.1390E-10  0.1440E-10  0.1410E-10  0.1330E-10  0.1180E-10  0.9490E-11  0.7310E-11  0.6200E-11
WAVELENGTH(A)= 
    18.099
 7 14 t 
excit   
    36.500     54.700     91.200    182.000    365.000    912.000   1820.000   2730.000   3650.000   5470.000   9120.000  18200.000  36500.000  54700.000 
  0.1000E+11  0.8220E-23  0.9660E-19  0.1600E-15  0.3670E-13  0.5080E-12  0.2190E-11  0.3340E-11  0.3810E-11  0.4050E-11  0.4290E-11  0.4470E-11  0.4500E-11  0.4310E-11  0.4100E-11
  0.1000E+12  0.8220E-23  0.9660E-19  0.1600E-15  0.3670E-13  0.5080E-12  0.2190E-11  0.3340E-11  0.3810E-11  0.4050E-11  0.4290E-11  0.4470E-11  0.4500E-11  0.4310E-11  0.4100E-11
  0.1000E+13  0.8220E-23  0.9660E-19  0.1600E-15  0.3670E-13  0.5080E-12  0.2190E-11  0.3340E-11  0.3810E-11  0.4050E-11  0.4290E-11  0.4470E-11  0.4500E-11  0.4310E-11  0.4100E-11
  0.1000E+14  0.8220E-23  0.9660E-19  0.1600E-15  0.3670E-13  0.5080E-12  0.2190E-11  0.3340E-11  0.3810E-11  0.4050E-11  0.4290E-11  0.4470E-11  0.4500E-11  0.4310E-11  0.4100E-11
  0.1000E+15  0.8220E-23  0.9660E-19  0.1600E-15  0.3670E-13  0.5080E-12  0.2190E-11  0.3340E-11  0.3810E-11  0.4050E-11  0.4290E-11  0.4470E-11  0.4500E-11  0.4310E-11  0.4100E-11
  0.1000E+16  0.8230E-23  0.9660E-19  0.1600E-15  0.3670E-13  0.5080E-12  0.2190E-11  0.3340E-11  0.3810E-11  0.4050E-11  0.4290E-11  0.4470E-11  0.4500E-11  0.4310E-11  0.4100E-11
  0.1000E+17  0.8230E-23  0.9670E-19  0.1600E-15  0.3670E-13  0.5080E-12  0.2190E-11  0.3340E-11  0.3800E-11  0.4050E-11  0.4280E-11  0.4470E-11  0.4500E-11  0.4300E-11  0.4100E-11
WAVELENGTH(A)= 
    22.212
 7 14 t 
excit   
    36.500     54.700     91.200    182.000    365.000    912.000   1820.000   2730.000   3650.000   5470.000   9120.000  18200.000  36500.000  54700.000 
  0.1000E+11  0.1450E-37  0.2080E-28  0.4020E-21  0.1000E-15  0.4260E-13  0.1290E-11  0.3400E-11  0.4390E-11  0.4840E-11  0.5110E-11  0.4960E-11  0.4330E-11  0.3510E-11  0.3040E-11
  0.1000E+12  0.1450E-37  0.2080E-28  0.4020E-21  0.1000E-15  0.4260E-13  0.1290E-11  0.3400E-11  0.4390E-11  0.4840E-11  0.5110E-11  0.4960E-11  0.4330E-11  0.3510E-11  0.3040E-11
  0.1000E+13  0.1450E-37  0.2080E-28  0.4020E-21  0.1000E-15  0.4260E-13  0.1290E-11  0.3400E-11  0.4390E-11  0.4840E-11  0.5110E-11  0.4960E-11  0.4330E-11  0.3510E-11  0.3040E-11
  0.1000E+14  0.1450E-37  0.2080E-28  0.4020E-21  0.1000E-15  0.4260E-13  0.1290E-11  0.3400E-11  0.4390E-11  0.4840E-11  0.5110E-11  0.4960E-11  0.4330E-11  0.3510E-11  0.3040E-11
  0.1000E+15  0.1450E-37  0.2080E-28  0.4020E-21  0.1000E-15  0.4260E-13  0.1290E-11  0.3400E-11  0.4390E-11  0.4840E-11  0.5110E-11  0.4960E-11  0.4330E-11  0.3510E-11  0.3040E-11
  0.1000E+16  0.1450E-37  0.2080E-28  0.4020E-21  0.1000E-15  0.4260E-13  0.1290E-11  0.3400E-11  0.4390E-11  0.4840E-11  0.5110E-11  0.4960E-11  0.4330E-11  0.3510E-11  0.3040E-11
  0.1000E+17  0.1450E-37  0.2080E-28  0.4020E-21  0.1000E-15  0.4260E-13  0.1290E-11  0.3400E-11  0.4390E-11  0.4840E-11  0.5110E-11  0.4960E-11  0.4330E-11  0.3510E-11  0.3040E-11
WAVELENGTH(A)= 
    23.764
 7 14 t 
excit   
    36.500     54.700     91.200    182.000    365.000    912.000   1820.000   2730.000   3650.000   5470.000   9120.000  18200.000  36500.000  54700.000 
  0.1000E+11  0.3720E-37  0.2010E-28  0.1780E-21  0.2530E-16  0.8540E-14  0.2720E-12  0.8060E-12  0.1110E-11  0.1260E-11  0.1390E-11  0.1440E-11  0.1340E-11  0.1180E-11  0.1070E-11
  0.1000E+12  0.3720E-37  0.2010E-28  0.1780E-21  0.2530E-16  0.8540E-14  0.2720E-12  0.8060E-12  0.1110E-11  0.1260E-11  0.1390E-11  0.1440E-11  0.1340E-11  0.1180E-11  0.1070E-11
  0.1000E+13  0.3720E-37  0.2010E-28  0.1780E-21  0.2530E-16  0.8540E-14  0.2720E-12  0.8060E-12  0.1110E-11  0.1260E-11  0.1390E-11  0.1440E-11  0.1340E-11  0.1180E-11  0.1070E-11
  0.1000E+14  0.3720E-37  0.2010E-28  0.1780E-21  0.2530E-16  0.8540E-14  0.2720E-12  0.8060E-12  0.1110E-11  0.1260E-11  0.1390E-11  0.1440E-11  0.1340E-11  0.1180E-11  0.1070E-11
  0.1000E+15  0.3720E-37  0.2010E-28  0.1780E-21  0.2530E-16  0.8540E-14  0.2720E-12  0.8060E-12  0.1110E-11  0.1260E-11  0.1390E-11  0.1440E-11  0.1340E-11  0.1180E-11  0.1070E-11
  0.1000E+16  0.3720E-37  0.2010E-28  0.1780E-21  0.2530E-16  0.8550E-14  0.2720E-12  0.8070E-12  0.1110E-11  0.1260E-11  0.1390E-11  0.1440E-11  0.1340E-11  0.1180E-11  0.1070E-11
  0.1000E+17  0.3720E-37  0.2010E-28  0.1780E-21  0.2530E-16  0.8560E-14  0.2730E-12  0.8090E-12  0.1110E-11  0.1270E-11  0.1400E-11  0.1440E-11  0.1350E-11  0.1180E-11  0.1070E-11
WAVELENGTH(A)= 
    27.152
 7 14 t 
excit   
    36.500     54.700     91.200    182.000    365.000    912.000   1820.000   2730.000   3650.000   5470.000   9120.000  18200.000  36500.000  54700.000 
  0.1000E+11  0.1450E-40  0.1460E-30  0.1330E-22  0.1070E-16  0.8080E-14  0.3400E-12  0.9970E-12  0.1330E-11  0.1470E-11  0.1570E-11  0.1520E-11  0.1310E-11  0.1040E-11  0.8890E-12
  0.1000E+12  0.1450E-40  0.1460E-30  0.1330E-22  0.1070E-16  0.8080E-14  0.3400E-12  0.9970E-12  0.1330E-11  0.1470E-11  0.1570E-11  0.1520E-11  0.1310E-11  0.1040E-11  0.8890E-12
  0.1000E+13  0.1450E-40  0.1460E-30  0.1330E-22  0.1070E-16  0.8080E-14  0.3400E-12  0.9970E-12  0.1330E-11  0.1470E-11  0.1570E-11  0.1520E-11  0.1310E-11  0.1040E-11  0.8890E-12
  0.1000E+14  0.1450E-40  0.1460E-30  0.1330E-22  0.1070E-16  0.8080E-14  0.3400E-12  0.9970E-12  0.1330E-11  0.1470E-11  0.1570E-11  0.1520E-11  0.1310E-11  0.1040E-11  0.8890E-12
  0.1000E+15  0.1450E-40  0.1460E-30  0.1330E-22  0.1070E-16  0.8080E-14  0.3400E-12  0.9970E-12  0.1330E-11  0.1470E-11  0.1570E-11  0.1520E-11  0.1310E-11  0.1040E-11  0.8890E-12
  0.1000E+16  0.1450E-40  0.1460E-30  0.1330E-22  0.1070E-16  0.8080E-14  0.3400E-12  0.9970E-12  0.1330E-11  0.1470E-11  0.1570E-11  0.1520E-11  0.1310E-11  0.1040E-11  0.8890E-12
  0.1000E+17  0.1450E-40  0.1460E-30  0.1330E-22  0.1070E-16  0.8080E-14  0.3400E-12  0.9960E-12  0.1320E-11  0.1470E-11  0.1570E-11  0.1520E-11  0.1310E-11  0.1040E-11  0.8880E-12
WAVELENGTH(A)= 
    28.369
 7 14 t 
excit   
    36.500     54.700     91.200    182.000    365.000    912.000   1820.000   2730.000   3650.000   5470.000   9120.000  18200.000  36500.000  54700.000 
  0.1000E+11  0.3950E-36  0.1990E-27  0.1660E-20  0.2220E-15  0.6880E-13  0.1700E-11  0.4180E-11  0.5250E-11  0.5700E-11  0.5900E-11  0.5620E-11  0.4770E-11  0.3770E-11  0.3220E-11
  0.1000E+12  0.3950E-36  0.1990E-27  0.1660E-20  0.2220E-15  0.6880E-13  0.1700E-11  0.4180E-11  0.5250E-11  0.5700E-11  0.5900E-11  0.5620E-11  0.4770E-11  0.3770E-11  0.3220E-11
  0.1000E+13  0.3950E-36  0.1990E-27  0.1660E-20  0.2220E-15  0.6880E-13  0.1700E-11  0.4180E-11  0.5250E-11  0.5700E-11  0.5900E-11  0.5620E-11  0.4770E-11  0.3770E-11  0.3220E-11
  0.1000E+14  0.3950E-36  0.1990E-27  0.1660E-20  0.2220E-15  0.6880E-13  0.1700E-11  0.4180E-11  0.5250E-11  0.5700E-11  0.5900E-11  0.5620E-11  0.4770E-11  0.3770E-11  0.3220E-11
  0.1000E+15  0.3950E-36  0.1990E-27  0.1660E-20  0.2220E-15  0.6880E-13  0.1700E-11  0.4180E-11  0.5250E-11  0.5700E-11  0.5900E-11  0.5620E-11  0.4770E-11  0.3770E-11  0.3220E-11
  0.1000E+16  0.3950E-36  0.1990E-27  0.1660E-20  0.2220E-15  0.6870E-13  0.1700E-11  0.4180E-11  0.5250E-11  0.5700E-11  0.5900E-11  0.5620E-11  0.4770E-11  0.3770E-11  0.3220E-11
  0.1000E+17  0.3950E-36  0.1990E-27  0.1660E-20  0.2220E-15  0.6870E-13  0.1700E-11  0.4180E-11  0.5250E-11  0.5700E-11  0.5890E-11  0.5620E-11  0.4770E-11  0.3770E-11  0.3220E-11
WAVELENGTH(A)= 
    41.511
 7 14 t 
excit   
    36.500     54.700     91.200    182.000    365.000    912.000   1820.000   2730.000   3650.000   5470.000   9120.000  18200.000  36500.000  54700.000 
  0.1000E+11  0.4720E-34  0.3310E-26  0.5700E-20  0.2330E-15  0.3980E-13  0.6920E-12  0.1520E-11  0.1830E-11  0.1940E-11  0.1960E-11  0.1830E-11  0.1520E-11  0.1190E-11  0.1010E-11
  0.1000E+12  0.4720E-34  0.3310E-26  0.5700E-20  0.2330E-15  0.3980E-13  0.6920E-12  0.1520E-11  0.1830E-11  0.1940E-11  0.1960E-11  0.1830E-11  0.1520E-11  0.1190E-11  0.1010E-11
  0.1000E+13  0.4720E-34  0.3310E-26  0.5700E-20  0.2330E-15  0.3980E-13  0.6920E-12  0.1520E-11  0.1830E-11  0.1940E-11  0.1960E-11  0.1830E-11  0.1520E-11  0.1190E-11  0.1010E-11
  0.1000E+14  0.4720E-34  0.3310E-26  0.5700E-20  0.2330E-15  0.3980E-13  0.6920E-12  0.1520E-11  0.1830E-11  0.1940E-11  0.1960E-11  0.1830E-11  0.1520E-11  0.1190E-11  0.1010E-11
  0.1000E+15  0.4720E-34  0.3310E-26  0.5700E-20  0.2330E-15  0.3980E-13  0.6920E-12  0.1520E-11  0.1830E-11  0.1940E-11  0.1960E-11  0.1830E-11  0.1520E-11  0.1190E-11  0.1010E-11
  0.1000E+16  0.4720E-34  0.3310E-26  0.5700E-20  0.2330E-15  0.3980E-13  0.6920E-12  0.1520E-11  0.1830E-11  0.1940E-11  0.1960E-11  0.1830E-11  0.1520E-11  0.1190E-11  0.1010E-11
  0.1000E+17  0.4720E-34  0.3310E-26  0.5700E-20  0.2330E-15  0.3980E-13  0.6920E-12  0.1510E-11  0.1830E-11  0.1940E-11  0.1960E-11  0.1830E-11  0.1520E-11  0.1180E-11  0.1010E-11
WAVELENGTH(A)= 
    41.597
 7 14 t 
excit   
    36.500     54.700     91.200    182.000    365.000    912.000   1820.000   2730.000   3650.000   5470.000   9120.000  18200.000  36500.000  54700.000 
  0.1000E+11  0.4620E-34  0.3240E-26  0.5580E-20  0.2270E-15  0.3900E-13  0.6770E-12  0.1480E-11  0.1790E-11  0.1890E-11  0.1920E-11  0.1790E-11  0.1480E-11  0.1160E-11  0.9860E-12
  0.1000E+12  0.4620E-34  0.3240E-26  0.5580E-20  0.2270E-15  0.3900E-13  0.6770E-12  0.1480E-11  0.1790E-11  0.1890E-11  0.1920E-11  0.1790E-11  0.1480E-11  0.1160E-11  0.9860E-12
  0.1000E+13  0.4620E-34  0.3240E-26  0.5580E-20  0.2270E-15  0.3900E-13  0.6770E-12  0.1480E-11  0.1790E-11  0.1890E-11  0.1920E-11  0.1790E-11  0.1480E-11  0.1160E-11  0.9860E-12
  0.1000E+14  0.4620E-34  0.3240E-26  0.5580E-20  0.2270E-15  0.3900E-13  0.6770E-12  0.1480E-11  0.1790E-11  0.1890E-11  0.1920E-11  0.1790E-11  0.1480E-11  0.1160E-11  0.9860E-12
  0.1000E+15  0.4620E-34  0.3240E-26  0.5580E-20  0.2270E-15  0.3900E-13  0.6770E-12  0.1480E-11  0.1790E-11  0.1890E-11  0.1920E-11  0.1790E-11  0.1480E-11  0.1160E-11  0.9860E-12
  0.1000E+16  0.4620E-34  0.3240E-26  0.5580E-20  0.2270E-15  0.3900E-13  0.6770E-12  0.1480E-11  0.1790E-11  0.1890E-11  0.1920E-11  0.1790E-11  0.1480E-11  0.1160E-11  0.9860E-12
  0.1000E+17  0.4620E-34  0.3230E-26  0.5580E-20  0.2270E-15  0.3890E-13  0.6770E-12  0.1480E-11  0.1790E-11  0.1890E-11  0.1920E-11  0.1790E-11  0.1480E-11  0.1160E-11  0.9850E-12
WAVELENGTH(A)= 
    44.763
 7 14 t 
excit   
    36.500     54.700     91.200    182.000    365.000    912.000   1820.000   2730.000   3650.000   5470.000   9120.000  18200.000  36500.000  54700.000 
  0.1000E+11  0.2910E-33  0.2040E-25  0.3510E-19  0.1430E-14  0.2450E-12  0.4260E-11  0.9320E-11  0.1120E-10  0.1190E-10  0.1210E-10  0.1120E-10  0.9340E-11  0.7290E-11  0.6200E-11
  0.1000E+12  0.2910E-33  0.2040E-25  0.3510E-19  0.1430E-14  0.2450E-12  0.4260E-11  0.9320E-11  0.1120E-10  0.1190E-10  0.1210E-10  0.1120E-10  0.9340E-11  0.7290E-11  0.6200E-11
  0.1000E+13  0.2910E-33  0.2040E-25  0.3510E-19  0.1430E-14  0.2450E-12  0.4260E-11  0.9320E-11  0.1120E-10  0.1190E-10  0.1210E-10  0.1120E-10  0.9340E-11  0.7290E-11  0.6200E-11
  0.1000E+14  0.2910E-33  0.2040E-25  0.3510E-19  0.1430E-14  0.2450E-12  0.4260E-11  0.9320E-11  0.1120E-10  0.1190E-10  0.1210E-10  0.1120E-10  0.9340E-11  0.7290E-11  0.6200E-11
  0.1000E+15  0.2910E-33  0.2040E-25  0.3510E-19  0.1430E-14  0.2450E-12  0.4260E-11  0.9320E-11  0.1120E-10  0.1190E-10  0.1210E-10  0.1120E-10  0.9340E-11  0.7290E-11  0.6200E-11
  0.1000E+16  0.2910E-33  0.2040E-25  0.3510E-19  0.1430E-14  0.2450E-12  0.4260E-11  0.9320E-11  0.1120E-10  0.1190E-10  0.1210E-10  0.1120E-10  0.9330E-11  0.7290E-11  0.6200E-11
  0.1000E+17  0.2910E-33  0.2040E-25  0.3510E-19  0.1430E-14  0.2450E-12  0.4260E-11  0.9320E-11  0.1120E-10  0.1190E-10  0.1200E-10  0.1120E-10  0.9330E-11  0.7290E-11  0.6200E-11
WAVELENGTH(A)= 
    45.413
 7 14 t 
excit   
    36.500     54.700     91.200    182.000    365.000    912.000   1820.000   2730.000   3650.000   5470.000   9120.000  18200.000  36500.000  54700.000 
  0.1000E+11  0.5750E-34  0.3190E-26  0.4560E-20  0.1650E-15  0.2770E-13  0.5390E-12  0.1300E-11  0.1650E-11  0.1800E-11  0.1900E-11  0.1860E-11  0.1670E-11  0.1410E-11  0.1260E-11
  0.1000E+12  0.5750E-34  0.3190E-26  0.4560E-20  0.1650E-15  0.2770E-13  0.5390E-12  0.1300E-11  0.1650E-11  0.1800E-11  0.1900E-11  0.1860E-11  0.1670E-11  0.1410E-11  0.1260E-11
  0.1000E+13  0.5750E-34  0.3190E-26  0.4560E-20  0.1650E-15  0.2770E-13  0.5390E-12  0.1300E-11  0.1650E-11  0.1800E-11  0.1900E-11  0.1860E-11  0.1670E-11  0.1410E-11  0.1260E-11
  0.1000E+14  0.5750E-34  0.3190E-26  0.4560E-20  0.1650E-15  0.2770E-13  0.5390E-12  0.1300E-11  0.1650E-11  0.1800E-11  0.1900E-11  0.1860E-11  0.1670E-11  0.1410E-11  0.1260E-11
  0.1000E+15  0.5750E-34  0.3190E-26  0.4560E-20  0.1650E-15  0.2770E-13  0.5390E-12  0.1300E-11  0.1650E-11  0.1800E-11  0.1900E-11  0.1860E-11  0.1670E-11  0.1410E-11  0.1260E-11
  0.1000E+16  0.5750E-34  0.3190E-26  0.4560E-20  0.1650E-15  0.2770E-13  0.5390E-12  0.1300E-11  0.1650E-11  0.1800E-11  0.1900E-11  0.1860E-11  0.1670E-11  0.1410E-11  0.1260E-11
  0.1000E+17  0.5750E-34  0.3190E-26  0.4560E-20  0.1650E-15  0.2770E-13  0.5390E-12  0.1300E-11  0.1650E-11  0.1800E-11  0.1900E-11  0.1860E-11  0.1670E-11  0.1400E-11  0.1260E-11
WAVELENGTH(A)= 
    54.377
 7 14 t 
excit   
    36.500     54.700     91.200    182.000    365.000    912.000   1820.000   2730.000   3650.000   5470.000   9120.000  18200.000  36500.000  54700.000 
  0.1000E+11  0.1560E-33  0.1090E-25  0.1890E-19  0.7700E-15  0.1320E-12  0.2290E-11  0.5010E-11  0.6050E-11  0.6410E-11  0.6490E-11  0.6050E-11  0.5020E-11  0.3920E-11  0.3340E-11
  0.1000E+12  0.1560E-33  0.1090E-25  0.1890E-19  0.7700E-15  0.1320E-12  0.2290E-11  0.5010E-11  0.6050E-11  0.6410E-11  0.6490E-11  0.6050E-11  0.5020E-11  0.3920E-11  0.3340E-11
  0.1000E+13  0.1560E-33  0.1090E-25  0.1890E-19  0.7700E-15  0.1320E-12  0.2290E-11  0.5010E-11  0.6050E-11  0.6410E-11  0.6490E-11  0.6050E-11  0.5020E-11  0.3920E-11  0.3340E-11
  0.1000E+14  0.1560E-33  0.1090E-25  0.1890E-19  0.7700E-15  0.1320E-12  0.2290E-11  0.5010E-11  0.6050E-11  0.6410E-11  0.6490E-11  0.6050E-11  0.5020E-11  0.3920E-11  0.3340E-11
  0.1000E+15  0.1560E-33  0.1090E-25  0.1890E-19  0.7700E-15  0.1320E-12  0.2290E-11  0.5010E-11  0.6050E-11  0.6410E-11  0.6490E-11  0.6050E-11  0.5020E-11  0.3920E-11  0.3340E-11
  0.1000E+16  0.1560E-33  0.1090E-25  0.1890E-19  0.7700E-15  0.1320E-12  0.2290E-11  0.5010E-11  0.6050E-11  0.6410E-11  0.6490E-11  0.6040E-11  0.5020E-11  0.3920E-11  0.3340E-11
  0.1000E+17  0.1560E-33  0.1090E-25  0.1890E-19  0.7700E-15  0.1320E-12  0.2290E-11  0.5010E-11  0.6050E-11  0.6410E-11  0.6480E-11  0.6040E-11  0.5020E-11  0.3920E-11  0.3330E-11
WAVELENGTH(A)= 
    56.085
 7 14 t 
excit   
    36.500     54.700     91.200    182.000    365.000    912.000   1820.000   2730.000   3650.000   5470.000   9120.000  18200.000  36500.000  54700.000 
  0.1000E+11  0.7860E-34  0.5510E-26  0.9500E-20  0.3870E-15  0.6630E-13  0.1150E-11  0.2520E-11  0.3040E-11  0.3230E-11  0.3260E-11  0.3040E-11  0.2530E-11  0.1970E-11  0.1680E-11
  0.1000E+12  0.7860E-34  0.5510E-26  0.9500E-20  0.3870E-15  0.6630E-13  0.1150E-11  0.2520E-11  0.3040E-11  0.3230E-11  0.3260E-11  0.3040E-11  0.2530E-11  0.1970E-11  0.1680E-11
  0.1000E+13  0.7860E-34  0.5510E-26  0.9500E-20  0.3870E-15  0.6630E-13  0.1150E-11  0.2520E-11  0.3040E-11  0.3230E-11  0.3260E-11  0.3040E-11  0.2530E-11  0.1970E-11  0.1680E-11
  0.1000E+14  0.7860E-34  0.5510E-26  0.9500E-20  0.3870E-15  0.6630E-13  0.1150E-11  0.2520E-11  0.3040E-11  0.3230E-11  0.3260E-11  0.3040E-11  0.2530E-11  0.1970E-11  0.1680E-11
  0.1000E+15  0.7860E-34  0.5510E-26  0.9500E-20  0.3870E-15  0.6630E-13  0.1150E-11  0.2520E-11  0.3040E-11  0.3230E-11  0.3260E-11  0.3040E-11  0.2530E-11  0.1970E-11  0.1680E-11
  0.1000E+16  0.7860E-34  0.5510E-26  0.9500E-20  0.3870E-15  0.6630E-13  0.1150E-11  0.2520E-11  0.3040E-11  0.3230E-11  0.3260E-11  0.3040E-11  0.2530E-11  0.1970E-11  0.1680E-11
  0.1000E+17  0.7860E-34  0.5510E-26  0.9490E-20  0.3870E-15  0.6630E-13  0.1150E-11  0.2520E-11  0.3040E-11  0.3220E-11  0.3260E-11  0.3040E-11  0.2530E-11  0.1970E-11  0.1680E-11
WAVELENGTH(A)= 
    59.666
 7 14 t 
excit   
    36.500     54.700     91.200    182.000    365.000    912.000   1820.000   2730.000   3650.000   5470.000   9120.000  18200.000  36500.000  54700.000 
  0.1000E+11  0.2310E-33  0.7280E-26  0.6640E-20  0.1710E-15  0.2540E-13  0.4800E-12  0.1160E-11  0.1480E-11  0.1610E-11  0.1690E-11  0.1640E-11  0.1430E-11  0.1160E-11  0.1010E-11
  0.1000E+12  0.2310E-33  0.7280E-26  0.6640E-20  0.1710E-15  0.2540E-13  0.4800E-12  0.1160E-11  0.1480E-11  0.1610E-11  0.1690E-11  0.1640E-11  0.1430E-11  0.1160E-11  0.1010E-11
  0.1000E+13  0.2310E-33  0.7280E-26  0.6640E-20  0.1710E-15  0.2540E-13  0.4800E-12  0.1160E-11  0.1480E-11  0.1610E-11  0.1690E-11  0.1640E-11  0.1430E-11  0.1160E-11  0.1010E-11
  0.1000E+14  0.2310E-33  0.7280E-26  0.6640E-20  0.1710E-15  0.2540E-13  0.4800E-12  0.1160E-11  0.1480E-11  0.1610E-11  0.1690E-11  0.1640E-11  0.1430E-11  0.1160E-11  0.1010E-11
  0.1000E+15  0.2310E-33  0.7280E-26  0.6640E-20  0.1710E-15  0.2540E-13  0.4800E-12  0.1160E-11  0.1480E-11  0.1610E-11  0.1690E-11  0.1640E-11  0.1430E-11  0.1160E-11  0.1010E-11
  0.1000E+16  0.2310E-33  0.7280E-26  0.6640E-20  0.1710E-15  0.2540E-13  0.4800E-12  0.1160E-11  0.1480E-11  0.1610E-11  0.1690E-11  0.1640E-11  0.1430E-11  0.1160E-11  0.1010E-11
  0.1000E+17  0.2310E-33  0.7280E-26  0.6640E-20  0.1720E-15  0.2540E-13  0.4810E-12  0.1170E-11  0.1480E-11  0.1620E-11  0.1690E-11  0.1640E-11  0.1430E-11  0.1160E-11  0.1010E-11
WAVELENGTH(A)= 
    61.275
 7 14 t 
excit   
    36.500     54.700     91.200    182.000    365.000    912.000   1820.000   2730.000   3650.000   5470.000   9120.000  18200.000  36500.000  54700.000 
  0.1000E+11  0.1280E-33  0.7080E-26  0.1010E-19  0.3670E-15  0.6150E-13  0.1200E-11  0.2880E-11  0.3660E-11  0.4010E-11  0.4210E-11  0.4130E-11  0.3710E-11  0.3120E-11  0.2790E-11
  0.1000E+12  0.1280E-33  0.7080E-26  0.1010E-19  0.3670E-15  0.6150E-13  0.1200E-11  0.2880E-11  0.3660E-11  0.4010E-11  0.4210E-11  0.4130E-11  0.3710E-11  0.3120E-11  0.2790E-11
  0.1000E+13  0.1280E-33  0.7080E-26  0.1010E-19  0.3670E-15  0.6150E-13  0.1200E-11  0.2880E-11  0.3660E-11  0.4010E-11  0.4210E-11  0.4130E-11  0.3710E-11  0.3120E-11  0.2790E-11
  0.1000E+14  0.1280E-33  0.7080E-26  0.1010E-19  0.3670E-15  0.6150E-13  0.1200E-11  0.2880E-11  0.3660E-11  0.4010E-11  0.4210E-11  0.4130E-11  0.3710E-11  0.3120E-11  0.2790E-11
  0.1000E+15  0.1280E-33  0.7080E-26  0.1010E-19  0.3670E-15  0.6150E-13  0.1200E-11  0.2880E-11  0.3660E-11  0.4010E-11  0.4210E-11  0.4130E-11  0.3710E-11  0.3120E-11  0.2790E-11
  0.1000E+16  0.1280E-33  0.7080E-26  0.1010E-19  0.3670E-15  0.6150E-13  0.1200E-11  0.2880E-11  0.3660E-11  0.4010E-11  0.4210E-11  0.4130E-11  0.3710E-11  0.3120E-11  0.2790E-11
  0.1000E+17  0.1280E-33  0.7080E-26  0.1010E-19  0.3660E-15  0.6150E-13  0.1200E-11  0.2880E-11  0.3660E-11  0.4000E-11  0.4210E-11  0.4130E-11  0.3700E-11  0.3120E-11  0.2790E-11
WAVELENGTH(A)= 
    63.247
 7 14 t 
excit   
    36.500     54.700     91.200    182.000    365.000    912.000   1820.000   2730.000   3650.000   5470.000   9120.000  18200.000  36500.000  54700.000 
  0.1000E+11  0.4310E-13  0.9630E-12  0.1060E-10  0.5500E-10  0.1060E-09  0.1320E-09  0.1280E-09  0.1210E-09  0.1140E-09  0.1030E-09  0.8830E-10  0.6900E-10  0.5260E-10  0.4470E-10
  0.1000E+12  0.4310E-13  0.9630E-12  0.1060E-10  0.5500E-10  0.1060E-09  0.1320E-09  0.1280E-09  0.1210E-09  0.1140E-09  0.1030E-09  0.8830E-10  0.6900E-10  0.5260E-10  0.4470E-10
  0.1000E+13  0.4310E-13  0.9630E-12  0.1060E-10  0.5500E-10  0.1060E-09  0.1320E-09  0.1280E-09  0.1210E-09  0.1140E-09  0.1030E-09  0.8830E-10  0.6900E-10  0.5260E-10  0.4470E-10
  0.1000E+14  0.4310E-13  0.9630E-12  0.1060E-10  0.5500E-10  0.1060E-09  0.1320E-09  0.1280E-09  0.1210E-09  0.1140E-09  0.1030E-09  0.8830E-10  0.6900E-10  0.5260E-10  0.4470E-10
  0.1000E+15  0.4310E-13  0.9630E-12  0.1060E-10  0.5500E-10  0.1060E-09  0.1320E-09  0.1280E-09  0.1210E-09  0.1140E-09  0.1030E-09  0.8830E-10  0.6900E-10  0.5260E-10  0.4470E-10
  0.1000E+16  0.4310E-13  0.9630E-12  0.1060E-10  0.5500E-10  0.1060E-09  0.1320E-09  0.1280E-09  0.1210E-09  0.1140E-09  0.1030E-09  0.8830E-10  0.6900E-10  0.5260E-10  0.4460E-10
  0.1000E+17  0.4320E-13  0.9640E-12  0.1060E-10  0.5510E-10  0.1060E-09  0.1320E-09  0.1280E-09  0.1210E-09  0.1140E-09  0.1030E-09  0.8820E-10  0.6890E-10  0.5260E-10  0.4460E-10
WAVELENGTH(A)= 
    67.659
 7 14 t 
excit   
    36.500     54.700     91.200    182.000    365.000    912.000   1820.000   2730.000   3650.000   5470.000   9120.000  18200.000  36500.000  54700.000 
  0.1000E+11  0.5720E-34  0.2660E-26  0.3320E-20  0.1090E-15  0.1860E-13  0.4030E-12  0.1040E-11  0.1350E-11  0.1490E-11  0.1590E-11  0.1570E-11  0.1390E-11  0.1150E-11  0.1000E-11
  0.1000E+12  0.5720E-34  0.2660E-26  0.3320E-20  0.1090E-15  0.1860E-13  0.4030E-12  0.1040E-11  0.1350E-11  0.1490E-11  0.1590E-11  0.1570E-11  0.1390E-11  0.1150E-11  0.1000E-11
  0.1000E+13  0.5720E-34  0.2660E-26  0.3320E-20  0.1090E-15  0.1860E-13  0.4030E-12  0.1040E-11  0.1350E-11  0.1490E-11  0.1590E-11  0.1570E-11  0.1390E-11  0.1150E-11  0.1000E-11
  0.1000E+14  0.5720E-34  0.2660E-26  0.3320E-20  0.1090E-15  0.1860E-13  0.4030E-12  0.1040E-11  0.1350E-11  0.1490E-11  0.1590E-11  0.1570E-11  0.1390E-11  0.1150E-11  0.1000E-11
  0.1000E+15  0.5720E-34  0.2660E-26  0.3320E-20  0.1090E-15  0.1860E-13  0.4030E-12  0.1040E-11  0.1350E-11  0.1490E-11  0.1590E-11  0.1570E-11  0.1390E-11  0.1150E-11  0.1000E-11
  0.1000E+16  0.5720E-34  0.2660E-26  0.3320E-20  0.1090E-15  0.1860E-13  0.4040E-12  0.1040E-11  0.1350E-11  0.1500E-11  0.1590E-11  0.1570E-11  0.1390E-11  0.1150E-11  0.1000E-11
  0.1000E+17  0.5720E-34  0.2660E-26  0.3320E-20  0.1090E-15  0.1870E-13  0.4060E-12  0.1050E-11  0.1360E-11  0.1500E-11  0.1600E-11  0.1580E-11  0.1390E-11  0.1150E-11  0.1010E-11
WAVELENGTH(A)= 
    71.546
 7 14 t 
excit   
    36.500     54.700     91.200    182.000    365.000    912.000   1820.000   2730.000   3650.000   5470.000   9120.000  18200.000  36500.000  54700.000 
  0.1000E+11  0.2030E-24  0.4150E-20  0.1350E-16  0.5290E-14  0.1900E-12  0.4840E-11  0.1390E-10  0.1840E-10  0.2050E-10  0.2190E-10  0.2140E-10  0.1850E-10  0.1480E-10  0.1270E-10
  0.1000E+12  0.6730E-24  0.4190E-20  0.1350E-16  0.5290E-14  0.1900E-12  0.4840E-11  0.1390E-10  0.1840E-10  0.2050E-10  0.2190E-10  0.2140E-10  0.1850E-10  0.1480E-10  0.1270E-10
  0.1000E+13  0.5360E-23  0.4610E-20  0.1350E-16  0.5290E-14  0.1900E-12  0.4840E-11  0.1390E-10  0.1840E-10  0.2050E-10  0.2190E-10  0.2140E-10  0.1850E-10  0.1480E-10  0.1270E-10
  0.1000E+14  0.5230E-22  0.8840E-20  0.1360E-16  0.5300E-14  0.1900E-12  0.4840E-11  0.1390E-10  0.1840E-10  0.2050E-10  0.2190E-10  0.2140E-10  0.1850E-10  0.1480E-10  0.1270E-10
  0.1000E+15  0.5210E-21  0.5110E-19  0.1500E-16  0.5310E-14  0.1900E-12  0.4840E-11  0.1390E-10  0.1840E-10  0.2050E-10  0.2190E-10  0.2140E-10  0.1850E-10  0.1480E-10  0.1270E-10
  0.1000E+16  0.5210E-20  0.4740E-18  0.2820E-16  0.5440E-14  0.1900E-12  0.4840E-11  0.1390E-10  0.1840E-10  0.2050E-10  0.2190E-10  0.2140E-10  0.1850E-10  0.1480E-10  0.1270E-10
  0.1000E+17  0.5210E-19  0.4700E-17  0.1600E-15  0.6800E-14  0.1940E-12  0.4850E-11  0.1390E-10  0.1840E-10  0.2050E-10  0.2190E-10  0.2130E-10  0.1850E-10  0.1480E-10  0.1270E-10
WAVELENGTH(A)= 
    74.721
 7 14 t 
excit   
    36.500     54.700     91.200    182.000    365.000    912.000   1820.000   2730.000   3650.000   5470.000   9120.000  18200.000  36500.000  54700.000 
  0.1000E+11  0.6540E-10  0.2470E-09  0.6690E-09  0.1280E-08  0.1600E-08  0.1610E-08  0.1440E-08  0.1330E-08  0.1240E-08  0.1120E-08  0.9670E-09  0.7810E-09  0.6180E-09  0.5370E-09
  0.1000E+12  0.6540E-10  0.2470E-09  0.6690E-09  0.1280E-08  0.1600E-08  0.1610E-08  0.1440E-08  0.1330E-08  0.1240E-08  0.1120E-08  0.9670E-09  0.7810E-09  0.6180E-09  0.5370E-09
  0.1000E+13  0.6540E-10  0.2470E-09  0.6690E-09  0.1280E-08  0.1600E-08  0.1610E-08  0.1440E-08  0.1330E-08  0.1240E-08  0.1120E-08  0.9670E-09  0.7810E-09  0.6180E-09  0.5370E-09
  0.1000E+14  0.6540E-10  0.2470E-09  0.6690E-09  0.1280E-08  0.1600E-08  0.1610E-08  0.1440E-08  0.1330E-08  0.1240E-08  0.1120E-08  0.9670E-09  0.7810E-09  0.6180E-09  0.5370E-09
  0.1000E+15  0.6540E-10  0.2470E-09  0.6690E-09  0.1280E-08  0.1600E-08  0.1610E-08  0.1440E-08  0.1330E-08  0.1240E-08  0.1120E-08  0.9670E-09  0.7810E-09  0.6180E-09  0.5370E-09
  0.1000E+16  0.6540E-10  0.2470E-09  0.6690E-09  0.1280E-08  0.1600E-08  0.1610E-08  0.1440E-08  0.1330E-08  0.1240E-08  0.1120E-08  0.9670E-09  0.7800E-09  0.6180E-09  0.5370E-09
  0.1000E+17  0.6540E-10  0.2470E-09  0.6690E-09  0.1280E-08  0.1600E-08  0.1610E-08  0.1440E-08  0.1330E-08  0.1240E-08  0.1120E-08  0.9660E-09  0.7800E-09  0.6180E-09  0.5360E-09
WAVELENGTH(A)= 
   112.740
 7 14 t 
excit   
    36.500     54.700     91.200    182.000    365.000    912.000   1820.000   2730.000   3650.000   5470.000   9120.000  18200.000  36500.000  54700.000 
  0.1000E+11  0.2050E-36  0.1030E-27  0.8610E-21  0.1150E-15  0.3560E-13  0.8780E-12  0.2160E-11  0.2720E-11  0.2950E-11  0.3050E-11  0.2910E-11  0.2470E-11  0.1950E-11  0.1670E-11
  0.1000E+12  0.2050E-36  0.1030E-27  0.8610E-21  0.1150E-15  0.3560E-13  0.8780E-12  0.2160E-11  0.2720E-11  0.2950E-11  0.3050E-11  0.2910E-11  0.2470E-11  0.1950E-11  0.1670E-11
  0.1000E+13  0.2050E-36  0.1030E-27  0.8610E-21  0.1150E-15  0.3560E-13  0.8780E-12  0.2160E-11  0.2720E-11  0.2950E-11  0.3050E-11  0.2910E-11  0.2470E-11  0.1950E-11  0.1670E-11
  0.1000E+14  0.2050E-36  0.1030E-27  0.8610E-21  0.1150E-15  0.3560E-13  0.8780E-12  0.2160E-11  0.2720E-11  0.2950E-11  0.3050E-11  0.2910E-11  0.2470E-11  0.1950E-11  0.1670E-11
  0.1000E+15  0.2050E-36  0.1030E-27  0.8610E-21  0.1150E-15  0.3560E-13  0.8780E-12  0.2160E-11  0.2720E-11  0.2950E-11  0.3050E-11  0.2910E-11  0.2470E-11  0.1950E-11  0.1670E-11
  0.1000E+16  0.2050E-36  0.1030E-27  0.8610E-21  0.1150E-15  0.3560E-13  0.8780E-12  0.2160E-11  0.2720E-11  0.2950E-11  0.3050E-11  0.2910E-11  0.2470E-11  0.1950E-11  0.1670E-11
  0.1000E+17  0.2050E-36  0.1030E-27  0.8610E-21  0.1150E-15  0.3560E-13  0.8780E-12  0.2160E-11  0.2720E-11  0.2950E-11  0.3050E-11  0.2910E-11  0.2470E-11  0.1950E-11  0.1660E-11
