 50  7 14
WAVELENGTH(A)= 
   193.677
 7 14 t 
excit   
     0.276      0.414      0.689      1.380      2.760      6.890     13.800     20.700     27.600     41.400     68.900    138.000    276.000    414.000 
  0.1000E+11  0.1000E-73  0.1000E-73  0.1000E-73  0.2980E-28  0.2550E-18  0.1840E-12  0.1390E-10  0.5490E-10  0.1060E-09  0.1950E-09  0.2980E-09  0.3690E-09  0.3670E-09  0.3460E-09
  0.1000E+12  0.1000E-73  0.1000E-73  0.1000E-73  0.2990E-28  0.2550E-18  0.1840E-12  0.1390E-10  0.5490E-10  0.1060E-09  0.1950E-09  0.2980E-09  0.3690E-09  0.3670E-09  0.3460E-09
  0.1000E+13  0.1000E-73  0.1000E-73  0.1000E-73  0.2990E-28  0.2550E-18  0.1840E-12  0.1390E-10  0.5490E-10  0.1060E-09  0.1950E-09  0.2980E-09  0.3690E-09  0.3670E-09  0.3460E-09
  0.1000E+14  0.1000E-73  0.1000E-73  0.2630E-48  0.3000E-28  0.2560E-18  0.1840E-12  0.1390E-10  0.5490E-10  0.1060E-09  0.1950E-09  0.2980E-09  0.3690E-09  0.3670E-09  0.3460E-09
  0.1000E+15  0.1000E-73  0.1000E-73  0.3020E-48  0.3090E-28  0.2600E-18  0.1850E-12  0.1390E-10  0.5480E-10  0.1050E-09  0.1950E-09  0.2980E-09  0.3690E-09  0.3670E-09  0.3460E-09
  0.1000E+16  0.1000E-73  0.1000E-73  0.4450E-48  0.3920E-28  0.2930E-18  0.1910E-12  0.1380E-10  0.5370E-10  0.1030E-09  0.1890E-09  0.2890E-09  0.3610E-09  0.3610E-09  0.3420E-09
  0.1000E+17  0.1000E-73  0.1000E-73  0.1140E-47  0.8670E-28  0.5090E-18  0.2080E-12  0.1050E-10  0.3490E-10  0.6170E-10  0.1060E-09  0.1570E-09  0.2020E-09  0.2170E-09  0.2150E-09
WAVELENGTH(A)= 
   283.099
 7 14 t 
excit   
     0.276      0.414      0.689      1.380      2.760      6.890     13.800     20.700     27.600     41.400     68.900    138.000    276.000    414.000 
  0.1000E+11  0.1000E-73  0.1000E-73  0.1000E-73  0.1840E-28  0.3520E-18  0.4080E-12  0.3560E-10  0.1460E-09  0.2840E-09  0.5310E-09  0.8120E-09  0.9990E-09  0.9770E-09  0.9070E-09
  0.1000E+12  0.1000E-73  0.1000E-73  0.1000E-73  0.1840E-28  0.3520E-18  0.4080E-12  0.3560E-10  0.1460E-09  0.2840E-09  0.5310E-09  0.8120E-09  0.9990E-09  0.9770E-09  0.9070E-09
  0.1000E+13  0.1000E-73  0.1000E-73  0.1000E-73  0.1840E-28  0.3530E-18  0.4080E-12  0.3560E-10  0.1460E-09  0.2850E-09  0.5310E-09  0.8120E-09  0.9990E-09  0.9770E-09  0.9070E-09
  0.1000E+14  0.1000E-73  0.1000E-73  0.1000E-73  0.1880E-28  0.3580E-18  0.4130E-12  0.3590E-10  0.1470E-09  0.2870E-09  0.5340E-09  0.8170E-09  0.1000E-08  0.9820E-09  0.9110E-09
  0.1000E+15  0.1000E-73  0.1000E-73  0.1000E-73  0.2260E-28  0.4110E-18  0.4560E-12  0.3890E-10  0.1580E-09  0.3060E-09  0.5670E-09  0.8620E-09  0.1050E-08  0.1030E-08  0.9510E-09
  0.1000E+16  0.1000E-73  0.1000E-73  0.1610E-48  0.6750E-28  0.9940E-18  0.8980E-12  0.6820E-10  0.2630E-09  0.4930E-09  0.8800E-09  0.1290E-08  0.1530E-08  0.1450E-08  0.1330E-08
  0.1000E+17  0.1000E-73  0.1000E-73  0.2300E-47  0.7870E-27  0.9270E-17  0.5250E-11  0.2720E-09  0.8740E-09  0.1490E-08  0.2410E-08  0.3310E-08  0.3800E-08  0.3650E-08  0.3410E-08
WAVELENGTH(A)= 
   287.593
 7 14 t 
excit   
     0.276      0.414      0.689      1.380      2.760      6.890     13.800     20.700     27.600     41.400     68.900    138.000    276.000    414.000 
  0.1000E+11  0.1000E-73  0.1000E-73  0.4490E-33  0.1210E-19  0.5300E-13  0.4100E-09  0.7050E-08  0.1730E-07  0.2640E-07  0.3940E-07  0.5180E-07  0.5990E-07  0.6010E-07  0.5820E-07
  0.1000E+12  0.1000E-73  0.1000E-73  0.4490E-33  0.1210E-19  0.5300E-13  0.4100E-09  0.7050E-08  0.1730E-07  0.2640E-07  0.3940E-07  0.5180E-07  0.5990E-07  0.6010E-07  0.5820E-07
  0.1000E+13  0.1000E-73  0.1000E-73  0.4490E-33  0.1210E-19  0.5300E-13  0.4100E-09  0.7050E-08  0.1730E-07  0.2640E-07  0.3930E-07  0.5180E-07  0.5990E-07  0.6010E-07  0.5820E-07
  0.1000E+14  0.1000E-73  0.1000E-73  0.4490E-33  0.1210E-19  0.5300E-13  0.4100E-09  0.7050E-08  0.1730E-07  0.2640E-07  0.3930E-07  0.5180E-07  0.5990E-07  0.6010E-07  0.5810E-07
  0.1000E+15  0.1000E-73  0.1000E-73  0.4490E-33  0.1210E-19  0.5290E-13  0.4090E-09  0.7020E-08  0.1720E-07  0.2630E-07  0.3900E-07  0.5140E-07  0.5940E-07  0.5970E-07  0.5780E-07
  0.1000E+16  0.1000E-73  0.1000E-73  0.4480E-33  0.1210E-19  0.5280E-13  0.4020E-09  0.6740E-08  0.1630E-07  0.2470E-07  0.3640E-07  0.4760E-07  0.5510E-07  0.5570E-07  0.5420E-07
  0.1000E+17  0.1000E-73  0.1000E-73  0.4420E-33  0.1200E-19  0.5180E-13  0.3530E-09  0.4900E-08  0.1060E-07  0.1500E-07  0.2080E-07  0.2610E-07  0.3000E-07  0.3130E-07  0.3140E-07
WAVELENGTH(A)= 
   307.715
 7 14 t 
excit   
     0.276      0.414      0.689      1.380      2.760      6.890     13.800     20.700     27.600     41.400     68.900    138.000    276.000    414.000 
  0.1000E+11  0.1000E-73  0.1000E-73  0.1000E-73  0.1110E-36  0.4340E-22  0.1020E-13  0.4920E-11  0.3560E-10  0.9220E-10  0.2270E-09  0.4300E-09  0.6090E-09  0.6310E-09  0.5900E-09
  0.1000E+12  0.1000E-73  0.1000E-73  0.1000E-73  0.1300E-36  0.4850E-22  0.1060E-13  0.5080E-11  0.3670E-10  0.9490E-10  0.2340E-09  0.4430E-09  0.6300E-09  0.6560E-09  0.6170E-09
  0.1000E+13  0.1000E-73  0.1000E-73  0.1000E-73  0.1330E-36  0.4910E-22  0.1070E-13  0.5100E-11  0.3680E-10  0.9520E-10  0.2350E-09  0.4440E-09  0.6320E-09  0.6590E-09  0.6200E-09
  0.1000E+14  0.1000E-73  0.1000E-73  0.1000E-73  0.1330E-36  0.4920E-22  0.1070E-13  0.5100E-11  0.3680E-10  0.9520E-10  0.2350E-09  0.4440E-09  0.6320E-09  0.6590E-09  0.6200E-09
  0.1000E+15  0.1000E-73  0.1000E-73  0.1000E-73  0.1330E-36  0.4930E-22  0.1070E-13  0.5110E-11  0.3680E-10  0.9510E-10  0.2340E-09  0.4430E-09  0.6310E-09  0.6570E-09  0.6190E-09
  0.1000E+16  0.1000E-73  0.1000E-73  0.1000E-73  0.1350E-36  0.5010E-22  0.1100E-13  0.5140E-11  0.3660E-10  0.9380E-10  0.2290E-09  0.4300E-09  0.6100E-09  0.6370E-09  0.6010E-09
  0.1000E+17  0.1000E-73  0.1000E-73  0.1000E-73  0.1500E-36  0.5810E-22  0.1240E-13  0.4840E-11  0.3070E-10  0.7360E-10  0.1670E-09  0.2990E-09  0.4170E-09  0.4460E-09  0.4300E-09
WAVELENGTH(A)= 
   307.819
 7 14 t 
excit   
     0.276      0.414      0.689      1.380      2.760      6.890     13.800     20.700     27.600     41.400     68.900    138.000    276.000    414.000 
  0.1000E+11  0.1000E-73  0.1000E-73  0.1000E-73  0.1980E-40  0.2400E-24  0.6280E-15  0.7380E-12  0.7190E-11  0.2150E-10  0.6100E-10  0.1280E-09  0.1920E-09  0.2000E-09  0.1870E-09
  0.1000E+12  0.1000E-73  0.1000E-73  0.1000E-73  0.2250E-40  0.2580E-24  0.6400E-15  0.7450E-12  0.7240E-11  0.2170E-10  0.6130E-10  0.1290E-09  0.1930E-09  0.2020E-09  0.1880E-09
  0.1000E+13  0.1000E-73  0.1000E-73  0.1000E-73  0.2290E-40  0.2600E-24  0.6410E-15  0.7450E-12  0.7250E-11  0.2170E-10  0.6140E-10  0.1290E-09  0.1940E-09  0.2020E-09  0.1880E-09
  0.1000E+14  0.1000E-73  0.1000E-73  0.1000E-73  0.2290E-40  0.2610E-24  0.6410E-15  0.7460E-12  0.7250E-11  0.2170E-10  0.6140E-10  0.1290E-09  0.1930E-09  0.2020E-09  0.1880E-09
  0.1000E+15  0.1000E-73  0.1000E-73  0.1000E-73  0.2310E-40  0.2620E-24  0.6440E-15  0.7460E-12  0.7240E-11  0.2160E-10  0.6120E-10  0.1280E-09  0.1930E-09  0.2010E-09  0.1870E-09
  0.1000E+16  0.1000E-73  0.1000E-73  0.1000E-73  0.2480E-40  0.2790E-24  0.6690E-15  0.7510E-12  0.7160E-11  0.2120E-10  0.5920E-10  0.1230E-09  0.1840E-09  0.1930E-09  0.1810E-09
  0.1000E+17  0.1000E-73  0.1000E-73  0.1000E-73  0.5400E-40  0.5320E-24  0.9760E-15  0.8080E-12  0.6610E-11  0.1800E-10  0.4600E-10  0.8990E-10  0.1320E-09  0.1400E-09  0.1340E-09
WAVELENGTH(A)= 
   312.014
 7 14 t 
excit   
     0.276      0.414      0.689      1.380      2.760      6.890     13.800     20.700     27.600     41.400     68.900    138.000    276.000    414.000 
  0.1000E+11  0.1000E-73  0.1000E-73  0.1000E-73  0.2960E-33  0.2370E-20  0.1010E-12  0.2930E-10  0.1780E-09  0.4220E-09  0.9480E-09  0.1670E-08  0.2230E-08  0.2240E-08  0.2080E-08
  0.1000E+12  0.1000E-73  0.1000E-73  0.1000E-73  0.2960E-33  0.2360E-20  0.1010E-12  0.2910E-10  0.1770E-09  0.4190E-09  0.9410E-09  0.1650E-08  0.2210E-08  0.2210E-08  0.2050E-08
  0.1000E+13  0.1000E-73  0.1000E-73  0.1000E-73  0.2960E-33  0.2360E-20  0.1010E-12  0.2910E-10  0.1770E-09  0.4190E-09  0.9410E-09  0.1650E-08  0.2210E-08  0.2210E-08  0.2050E-08
  0.1000E+14  0.1000E-73  0.1000E-73  0.1000E-73  0.2960E-33  0.2360E-20  0.1010E-12  0.2910E-10  0.1770E-09  0.4190E-09  0.9400E-09  0.1650E-08  0.2210E-08  0.2210E-08  0.2050E-08
  0.1000E+15  0.1000E-73  0.1000E-73  0.1000E-73  0.2960E-33  0.2370E-20  0.1010E-12  0.2900E-10  0.1760E-09  0.4170E-09  0.9340E-09  0.1640E-08  0.2190E-08  0.2200E-08  0.2040E-08
  0.1000E+16  0.1000E-73  0.1000E-73  0.1000E-73  0.3010E-33  0.2390E-20  0.9980E-13  0.2810E-10  0.1680E-09  0.3950E-09  0.8780E-09  0.1530E-08  0.2050E-08  0.2060E-08  0.1920E-08
  0.1000E+17  0.1000E-73  0.1000E-73  0.1000E-73  0.3460E-33  0.2610E-20  0.9430E-13  0.2180E-10  0.1170E-09  0.2570E-09  0.5370E-09  0.8980E-09  0.1190E-08  0.1230E-08  0.1180E-08
WAVELENGTH(A)= 
   383.433
 7 14 t 
excit   
     0.276      0.414      0.689      1.380      2.760      6.890     13.800     20.700     27.600     41.400     68.900    138.000    276.000    414.000 
  0.1000E+11  0.1000E-73  0.2790E-41  0.8220E-28  0.8970E-18  0.7920E-13  0.5830E-10  0.4480E-09  0.8330E-09  0.1110E-08  0.1440E-08  0.1720E-08  0.1880E-08  0.1860E-08  0.1790E-08
  0.1000E+12  0.1000E-73  0.2780E-41  0.8210E-28  0.8960E-18  0.7910E-13  0.5830E-10  0.4480E-09  0.8320E-09  0.1110E-08  0.1440E-08  0.1720E-08  0.1880E-08  0.1860E-08  0.1790E-08
  0.1000E+13  0.1000E-73  0.2740E-41  0.8100E-28  0.8850E-18  0.7820E-13  0.5770E-10  0.4440E-09  0.8270E-09  0.1100E-08  0.1440E-08  0.1710E-08  0.1870E-08  0.1860E-08  0.1790E-08
  0.1000E+14  0.1000E-73  0.2520E-41  0.7430E-28  0.8130E-18  0.7240E-13  0.5410E-10  0.4200E-09  0.7850E-09  0.1050E-08  0.1370E-08  0.1650E-08  0.1810E-08  0.1800E-08  0.1740E-08
  0.1000E+15  0.1000E-73  0.2460E-41  0.6920E-28  0.7260E-18  0.6300E-13  0.4620E-10  0.3560E-09  0.6650E-09  0.8900E-09  0.1160E-08  0.1400E-08  0.1540E-08  0.1550E-08  0.1510E-08
  0.1000E+16  0.1000E-73  0.6870E-41  0.1550E-27  0.1280E-17  0.9450E-13  0.6060E-10  0.4320E-09  0.7730E-09  0.1010E-08  0.1260E-08  0.1450E-08  0.1500E-08  0.1420E-08  0.1340E-08
  0.1000E+17  0.1000E-73  0.2390E-40  0.6590E-27  0.5810E-17  0.3770E-12  0.1660E-09  0.8690E-09  0.1350E-08  0.1620E-08  0.1890E-08  0.2040E-08  0.2030E-08  0.1880E-08  0.1750E-08
WAVELENGTH(A)= 
   404.684
 7 14 t 
excit   
     0.276      0.414      0.689      1.380      2.760      6.890     13.800     20.700     27.600     41.400     68.900    138.000    276.000    414.000 
  0.1000E+11  0.1000E-73  0.3190E-39  0.1820E-26  0.5810E-17  0.2780E-12  0.1430E-09  0.9770E-09  0.1750E-08  0.2290E-08  0.2930E-08  0.3460E-08  0.3780E-08  0.3710E-08  0.3590E-08
  0.1000E+12  0.1000E-73  0.3190E-39  0.1820E-26  0.5810E-17  0.2780E-12  0.1430E-09  0.9760E-09  0.1750E-08  0.2290E-08  0.2930E-08  0.3460E-08  0.3780E-08  0.3710E-08  0.3590E-08
  0.1000E+13  0.1000E-73  0.3180E-39  0.1820E-26  0.5790E-17  0.2780E-12  0.1420E-09  0.9740E-09  0.1750E-08  0.2290E-08  0.2920E-08  0.3460E-08  0.3770E-08  0.3710E-08  0.3580E-08
  0.1000E+14  0.1000E-73  0.3120E-39  0.1780E-26  0.5670E-17  0.2720E-12  0.1400E-09  0.9590E-09  0.1720E-08  0.2250E-08  0.2880E-08  0.3410E-08  0.3720E-08  0.3670E-08  0.3550E-08
  0.1000E+15  0.1000E-73  0.3250E-39  0.1760E-26  0.5400E-17  0.2560E-12  0.1310E-09  0.8990E-09  0.1610E-08  0.2110E-08  0.2700E-08  0.3190E-08  0.3470E-08  0.3420E-08  0.3320E-08
  0.1000E+16  0.1000E-73  0.8010E-39  0.3480E-26  0.8370E-17  0.3360E-12  0.1510E-09  0.9650E-09  0.1670E-08  0.2140E-08  0.2660E-08  0.3050E-08  0.3190E-08  0.3050E-08  0.2910E-08
  0.1000E+17  0.1000E-73  0.2400E-38  0.1280E-25  0.3310E-16  0.1160E-11  0.3560E-09  0.1650E-08  0.2460E-08  0.2910E-08  0.3320E-08  0.3550E-08  0.3520E-08  0.3260E-08  0.3060E-08
WAVELENGTH(A)= 
   434.185
 7 14 t 
excit   
     0.276      0.414      0.689      1.380      2.760      6.890     13.800     20.700     27.600     41.400     68.900    138.000    276.000    414.000 
  0.1000E+11  0.1000E-73  0.1000E-73  0.1000E-73  0.2080E-30  0.2860E-19  0.1070E-12  0.1390E-10  0.6490E-10  0.1340E-09  0.2670E-09  0.4280E-09  0.5440E-09  0.5410E-09  0.5030E-09
  0.1000E+12  0.1000E-73  0.1000E-73  0.1000E-73  0.2080E-30  0.2860E-19  0.1070E-12  0.1390E-10  0.6490E-10  0.1340E-09  0.2670E-09  0.4280E-09  0.5440E-09  0.5410E-09  0.5030E-09
  0.1000E+13  0.1000E-73  0.1000E-73  0.1000E-73  0.2080E-30  0.2860E-19  0.1070E-12  0.1390E-10  0.6490E-10  0.1340E-09  0.2670E-09  0.4280E-09  0.5440E-09  0.5410E-09  0.5030E-09
  0.1000E+14  0.1000E-73  0.1000E-73  0.1000E-73  0.2080E-30  0.2860E-19  0.1070E-12  0.1390E-10  0.6490E-10  0.1340E-09  0.2670E-09  0.4280E-09  0.5430E-09  0.5410E-09  0.5030E-09
  0.1000E+15  0.1000E-73  0.1000E-73  0.1000E-73  0.2110E-30  0.2890E-19  0.1080E-12  0.1390E-10  0.6490E-10  0.1340E-09  0.2670E-09  0.4270E-09  0.5430E-09  0.5400E-09  0.5030E-09
  0.1000E+16  0.1000E-73  0.1000E-73  0.1000E-73  0.2460E-30  0.3220E-19  0.1140E-12  0.1420E-10  0.6540E-10  0.1340E-09  0.2640E-09  0.4200E-09  0.5340E-09  0.5340E-09  0.4980E-09
  0.1000E+17  0.1000E-73  0.1000E-73  0.1000E-73  0.9840E-30  0.8810E-19  0.1950E-12  0.1740E-10  0.6820E-10  0.1290E-09  0.2340E-09  0.3550E-09  0.4480E-09  0.4610E-09  0.4430E-09
WAVELENGTH(A)= 
   439.462
 7 14 t 
excit   
     0.276      0.414      0.689      1.380      2.760      6.890     13.800     20.700     27.600     41.400     68.900    138.000    276.000    414.000 
  0.1000E+11  0.1000E-73  0.1760E-37  0.9750E-26  0.5630E-17  0.1190E-12  0.3820E-10  0.2210E-09  0.3730E-09  0.4690E-09  0.5670E-09  0.6270E-09  0.6210E-09  0.5580E-09  0.5110E-09
  0.1000E+12  0.1000E-73  0.1750E-37  0.9740E-26  0.5630E-17  0.1190E-12  0.3810E-10  0.2210E-09  0.3730E-09  0.4690E-09  0.5670E-09  0.6270E-09  0.6200E-09  0.5580E-09  0.5110E-09
  0.1000E+13  0.1000E-73  0.1750E-37  0.9710E-26  0.5610E-17  0.1190E-12  0.3800E-10  0.2200E-09  0.3720E-09  0.4680E-09  0.5660E-09  0.6260E-09  0.6190E-09  0.5570E-09  0.5100E-09
  0.1000E+14  0.1000E-73  0.1690E-37  0.9440E-26  0.5450E-17  0.1150E-12  0.3680E-10  0.2140E-09  0.3610E-09  0.4550E-09  0.5510E-09  0.6120E-09  0.6080E-09  0.5500E-09  0.5040E-09
  0.1000E+15  0.1000E-73  0.1550E-37  0.8450E-26  0.4690E-17  0.9580E-13  0.3000E-10  0.1740E-09  0.2960E-09  0.3740E-09  0.4580E-09  0.5160E-09  0.5260E-09  0.4870E-09  0.4530E-09
  0.1000E+16  0.1000E-73  0.2700E-37  0.1200E-25  0.5170E-17  0.8700E-13  0.2320E-10  0.1260E-09  0.2080E-09  0.2600E-09  0.3150E-09  0.3540E-09  0.3630E-09  0.3420E-09  0.3220E-09
  0.1000E+17  0.9280E-52  0.5860E-37  0.3060E-25  0.1390E-16  0.2050E-12  0.3730E-10  0.1460E-09  0.2060E-09  0.2370E-09  0.2640E-09  0.2790E-09  0.2760E-09  0.2580E-09  0.2440E-09
WAVELENGTH(A)= 
   446.066
 7 14 t 
excit   
     0.276      0.414      0.689      1.380      2.760      6.890     13.800     20.700     27.600     41.400     68.900    138.000    276.000    414.000 
  0.1000E+11  0.1000E-73  0.7060E-36  0.2600E-24  0.1050E-15  0.1810E-11  0.5040E-09  0.2850E-08  0.4810E-08  0.6130E-08  0.7630E-08  0.8880E-08  0.9540E-08  0.9420E-08  0.9060E-08
  0.1000E+12  0.1000E-73  0.7060E-36  0.2600E-24  0.1050E-15  0.1810E-11  0.5040E-09  0.2850E-08  0.4810E-08  0.6130E-08  0.7630E-08  0.8880E-08  0.9540E-08  0.9410E-08  0.9060E-08
  0.1000E+13  0.1000E-73  0.7060E-36  0.2600E-24  0.1050E-15  0.1810E-11  0.5040E-09  0.2850E-08  0.4810E-08  0.6130E-08  0.7630E-08  0.8880E-08  0.9540E-08  0.9410E-08  0.9060E-08
  0.1000E+14  0.1000E-73  0.7050E-36  0.2590E-24  0.1050E-15  0.1800E-11  0.5030E-09  0.2850E-08  0.4810E-08  0.6130E-08  0.7620E-08  0.8880E-08  0.9530E-08  0.9410E-08  0.9050E-08
  0.1000E+15  0.1000E-73  0.7270E-36  0.2610E-24  0.1040E-15  0.1780E-11  0.4990E-09  0.2820E-08  0.4760E-08  0.6060E-08  0.7540E-08  0.8760E-08  0.9400E-08  0.9290E-08  0.8940E-08
  0.1000E+16  0.5320E-50  0.1540E-35  0.4500E-24  0.1450E-15  0.2160E-11  0.5440E-09  0.2910E-08  0.4780E-08  0.5980E-08  0.7280E-08  0.8280E-08  0.8700E-08  0.8480E-08  0.8140E-08
  0.1000E+17  0.1280E-49  0.4120E-35  0.1430E-23  0.4770E-15  0.6080E-11  0.1020E-08  0.3900E-08  0.5470E-08  0.6280E-08  0.6990E-08  0.7360E-08  0.7300E-08  0.6870E-08  0.6520E-08
WAVELENGTH(A)= 
   535.882
 7 14 t 
excit   
     0.276      0.414      0.689      1.380      2.760      6.890     13.800     20.700     27.600     41.400     68.900    138.000    276.000    414.000 
  0.1000E+11  0.1070E-43  0.1220E-31  0.4920E-22  0.6940E-15  0.2360E-11  0.2720E-09  0.1160E-08  0.1780E-08  0.2140E-08  0.2480E-08  0.2650E-08  0.2550E-08  0.2260E-08  0.2060E-08
  0.1000E+12  0.1060E-43  0.1220E-31  0.4920E-22  0.6940E-15  0.2360E-11  0.2720E-09  0.1160E-08  0.1780E-08  0.2140E-08  0.2480E-08  0.2650E-08  0.2550E-08  0.2260E-08  0.2060E-08
  0.1000E+13  0.1060E-43  0.1220E-31  0.4920E-22  0.6940E-15  0.2360E-11  0.2710E-09  0.1160E-08  0.1780E-08  0.2130E-08  0.2480E-08  0.2650E-08  0.2550E-08  0.2260E-08  0.2060E-08
  0.1000E+14  0.1060E-43  0.1220E-31  0.4920E-22  0.6930E-15  0.2350E-11  0.2700E-09  0.1150E-08  0.1770E-08  0.2120E-08  0.2470E-08  0.2640E-08  0.2540E-08  0.2260E-08  0.2060E-08
  0.1000E+15  0.1080E-43  0.1230E-31  0.4950E-22  0.6920E-15  0.2310E-11  0.2590E-09  0.1100E-08  0.1680E-08  0.2020E-08  0.2350E-08  0.2530E-08  0.2470E-08  0.2220E-08  0.2030E-08
  0.1000E+16  0.1680E-43  0.1790E-31  0.6650E-22  0.8190E-15  0.2350E-11  0.2210E-09  0.8620E-09  0.1280E-08  0.1530E-08  0.1770E-08  0.1910E-08  0.1910E-08  0.1780E-08  0.1670E-08
  0.1000E+17  0.2170E-43  0.2620E-31  0.1090E-21  0.1380E-14  0.3550E-11  0.2280E-09  0.6320E-09  0.8050E-09  0.8840E-09  0.9470E-09  0.9770E-09  0.9710E-09  0.9310E-09  0.8990E-09
WAVELENGTH(A)= 
   535.977
 7 14 t 
excit   
     0.276      0.414      0.689      1.380      2.760      6.890     13.800     20.700     27.600     41.400     68.900    138.000    276.000    414.000 
  0.1000E+11  0.1000E-73  0.1000E-73  0.1000E-73  0.4170E-29  0.7980E-19  0.9250E-13  0.8070E-11  0.3310E-10  0.6450E-10  0.1200E-09  0.1840E-09  0.2260E-09  0.2220E-09  0.2060E-09
  0.1000E+12  0.1000E-73  0.1000E-73  0.1000E-73  0.4170E-29  0.7980E-19  0.9250E-13  0.8070E-11  0.3310E-10  0.6450E-10  0.1200E-09  0.1840E-09  0.2260E-09  0.2220E-09  0.2060E-09
  0.1000E+13  0.1000E-73  0.1000E-73  0.1000E-73  0.4180E-29  0.8000E-19  0.9260E-13  0.8070E-11  0.3310E-10  0.6450E-10  0.1200E-09  0.1840E-09  0.2270E-09  0.2220E-09  0.2060E-09
  0.1000E+14  0.1000E-73  0.1000E-73  0.1000E-73  0.4260E-29  0.8120E-19  0.9360E-13  0.8140E-11  0.3340E-10  0.6500E-10  0.1210E-09  0.1850E-09  0.2280E-09  0.2230E-09  0.2070E-09
  0.1000E+15  0.1000E-73  0.1000E-73  0.1000E-73  0.5130E-29  0.9320E-19  0.1030E-12  0.8810E-11  0.3580E-10  0.6940E-10  0.1290E-09  0.1950E-09  0.2390E-09  0.2330E-09  0.2160E-09
  0.1000E+16  0.1000E-73  0.1000E-73  0.3660E-49  0.1530E-28  0.2250E-18  0.2040E-12  0.1550E-10  0.5950E-10  0.1120E-09  0.2000E-09  0.2930E-09  0.3460E-09  0.3290E-09  0.3020E-09
  0.1000E+17  0.1000E-73  0.1000E-73  0.5220E-48  0.1780E-27  0.2100E-17  0.1190E-11  0.6170E-10  0.1980E-09  0.3380E-09  0.5470E-09  0.7500E-09  0.8630E-09  0.8290E-09  0.7720E-09
WAVELENGTH(A)= 
   552.317
 7 14 t 
excit   
     0.276      0.414      0.689      1.380      2.760      6.890     13.800     20.700     27.600     41.400     68.900    138.000    276.000    414.000 
  0.1000E+11  0.1880E-41  0.9370E-30  0.1950E-20  0.1630E-13  0.4020E-10  0.3560E-08  0.1400E-07  0.2120E-07  0.2580E-07  0.3100E-07  0.3530E-07  0.3790E-07  0.3730E-07  0.3600E-07
  0.1000E+12  0.1880E-41  0.9370E-30  0.1950E-20  0.1630E-13  0.4020E-10  0.3560E-08  0.1400E-07  0.2120E-07  0.2580E-07  0.3100E-07  0.3530E-07  0.3790E-07  0.3730E-07  0.3600E-07
  0.1000E+13  0.1880E-41  0.9370E-30  0.1950E-20  0.1630E-13  0.4020E-10  0.3560E-08  0.1400E-07  0.2120E-07  0.2580E-07  0.3100E-07  0.3540E-07  0.3790E-07  0.3730E-07  0.3600E-07
  0.1000E+14  0.1890E-41  0.9390E-30  0.1950E-20  0.1630E-13  0.4030E-10  0.3580E-08  0.1410E-07  0.2130E-07  0.2600E-07  0.3120E-07  0.3550E-07  0.3800E-07  0.3740E-07  0.3610E-07
  0.1000E+15  0.1950E-41  0.9660E-30  0.2000E-20  0.1660E-13  0.4090E-10  0.3650E-08  0.1440E-07  0.2180E-07  0.2660E-07  0.3180E-07  0.3620E-07  0.3860E-07  0.3780E-07  0.3650E-07
  0.1000E+16  0.3150E-41  0.1440E-29  0.2720E-20  0.2050E-13  0.4750E-10  0.4020E-08  0.1530E-07  0.2280E-07  0.2740E-07  0.3240E-07  0.3630E-07  0.3820E-07  0.3730E-07  0.3600E-07
  0.1000E+17  0.6020E-41  0.3100E-29  0.6390E-20  0.4780E-13  0.9690E-10  0.5750E-08  0.1600E-07  0.2040E-07  0.2260E-07  0.2440E-07  0.2550E-07  0.2570E-07  0.2500E-07  0.2430E-07
WAVELENGTH(A)= 
   656.769
 7 14 t 
excit   
     0.276      0.414      0.689      1.380      2.760      6.890     13.800     20.700     27.600     41.400     68.900    138.000    276.000    414.000 
  0.1000E+11  0.1000E-73  0.9420E-40  0.3540E-27  0.8200E-18  0.3340E-13  0.1540E-10  0.9920E-10  0.1710E-09  0.2180E-09  0.2620E-09  0.2820E-09  0.2630E-09  0.2190E-09  0.1920E-09
  0.1000E+12  0.1000E-73  0.9420E-40  0.3540E-27  0.8190E-18  0.3340E-13  0.1540E-10  0.9920E-10  0.1710E-09  0.2180E-09  0.2620E-09  0.2820E-09  0.2630E-09  0.2190E-09  0.1920E-09
  0.1000E+13  0.1000E-73  0.9430E-40  0.3540E-27  0.8180E-18  0.3340E-13  0.1540E-10  0.9910E-10  0.1710E-09  0.2180E-09  0.2620E-09  0.2830E-09  0.2640E-09  0.2200E-09  0.1920E-09
  0.1000E+14  0.1000E-73  0.9510E-40  0.3520E-27  0.8080E-18  0.3290E-13  0.1520E-10  0.9860E-10  0.1710E-09  0.2180E-09  0.2640E-09  0.2860E-09  0.2700E-09  0.2260E-09  0.1990E-09
  0.1000E+15  0.1000E-73  0.1000E-39  0.3470E-27  0.7570E-18  0.3030E-13  0.1410E-10  0.9320E-10  0.1640E-09  0.2120E-09  0.2630E-09  0.2960E-09  0.2950E-09  0.2610E-09  0.2350E-09
  0.1000E+16  0.1000E-73  0.2200E-39  0.6180E-27  0.1070E-17  0.3640E-13  0.1490E-10  0.9250E-10  0.1590E-09  0.2040E-09  0.2520E-09  0.2870E-09  0.2970E-09  0.2780E-09  0.2610E-09
  0.1000E+17  0.1000E-73  0.6110E-39  0.2130E-26  0.3970E-17  0.1190E-12  0.3310E-10  0.1490E-09  0.2200E-09  0.2580E-09  0.2940E-09  0.3130E-09  0.3110E-09  0.2890E-09  0.2710E-09
WAVELENGTH(A)= 
   794.548
 7 14 t 
excit   
     0.276      0.414      0.689      1.380      2.760      6.890     13.800     20.700     27.600     41.400     68.900    138.000    276.000    414.000 
  0.1000E+11  0.1000E-73  0.7710E-36  0.1220E-24  0.2650E-16  0.3400E-12  0.8090E-10  0.4240E-09  0.6870E-09  0.8420E-09  0.9910E-09  0.1050E-08  0.9830E-09  0.8340E-09  0.7400E-09
  0.1000E+12  0.1000E-73  0.7710E-36  0.1220E-24  0.2660E-16  0.3400E-12  0.8090E-10  0.4240E-09  0.6870E-09  0.8420E-09  0.9910E-09  0.1050E-08  0.9830E-09  0.8340E-09  0.7400E-09
  0.1000E+13  0.1000E-73  0.7720E-36  0.1220E-24  0.2660E-16  0.3410E-12  0.8090E-10  0.4240E-09  0.6870E-09  0.8420E-09  0.9910E-09  0.1050E-08  0.9840E-09  0.8350E-09  0.7400E-09
  0.1000E+14  0.1000E-73  0.7870E-36  0.1240E-24  0.2680E-16  0.3420E-12  0.8110E-10  0.4250E-09  0.6890E-09  0.8450E-09  0.9950E-09  0.1060E-08  0.9900E-09  0.8410E-09  0.7460E-09
  0.1000E+15  0.8590E-50  0.9170E-36  0.1370E-24  0.2840E-16  0.3530E-12  0.8220E-10  0.4310E-09  0.7010E-09  0.8640E-09  0.1020E-08  0.1100E-08  0.1050E-08  0.8990E-09  0.8000E-09
  0.1000E+16  0.2060E-49  0.1940E-35  0.2400E-24  0.3980E-16  0.4200E-12  0.8610E-10  0.4310E-09  0.6930E-09  0.8560E-09  0.1020E-08  0.1140E-08  0.1140E-08  0.1040E-08  0.9630E-09
  0.1000E+17  0.3690E-49  0.4160E-35  0.6200E-24  0.1100E-15  0.1020E-11  0.1420E-09  0.5090E-09  0.7020E-09  0.7990E-09  0.8830E-09  0.9270E-09  0.9190E-09  0.8670E-09  0.8240E-09
WAVELENGTH(A)= 
   997.993
 7 14 t 
excit   
     0.276      0.414      0.689      1.380      2.760      6.890     13.800     20.700     27.600     41.400     68.900    138.000    276.000    414.000 
  0.1000E+11  0.1000E-73  0.1000E-73  0.1000E-73  0.1910E-38  0.7450E-24  0.1750E-15  0.8440E-13  0.6110E-12  0.1580E-11  0.3910E-11  0.7380E-11  0.1050E-10  0.1080E-10  0.1010E-10
  0.1000E+12  0.1000E-73  0.1000E-73  0.1000E-73  0.2240E-38  0.8330E-24  0.1830E-15  0.8720E-13  0.6300E-12  0.1630E-11  0.4020E-11  0.7610E-11  0.1080E-10  0.1130E-10  0.1060E-10
  0.1000E+13  0.1000E-73  0.1000E-73  0.1000E-73  0.2280E-38  0.8440E-24  0.1840E-15  0.8750E-13  0.6320E-12  0.1630E-11  0.4030E-11  0.7630E-11  0.1090E-10  0.1130E-10  0.1060E-10
  0.1000E+14  0.1000E-73  0.1000E-73  0.1000E-73  0.2280E-38  0.8450E-24  0.1840E-15  0.8760E-13  0.6320E-12  0.1630E-11  0.4030E-11  0.7630E-11  0.1090E-10  0.1130E-10  0.1060E-10
  0.1000E+15  0.1000E-73  0.1000E-73  0.1000E-73  0.2290E-38  0.8460E-24  0.1840E-15  0.8770E-13  0.6320E-12  0.1630E-11  0.4020E-11  0.7610E-11  0.1080E-10  0.1130E-10  0.1060E-10
  0.1000E+16  0.1000E-73  0.1000E-73  0.1000E-73  0.2310E-38  0.8600E-24  0.1880E-15  0.8820E-13  0.6280E-12  0.1610E-11  0.3930E-11  0.7380E-11  0.1050E-10  0.1090E-10  0.1030E-10
  0.1000E+17  0.1000E-73  0.1000E-73  0.1000E-73  0.2570E-38  0.9980E-24  0.2130E-15  0.8320E-13  0.5280E-12  0.1260E-11  0.2870E-11  0.5130E-11  0.7170E-11  0.7650E-11  0.7390E-11
WAVELENGTH(A)= 
  1025.860
 7 14 t 
excit   
     0.276      0.414      0.689      1.380      2.760      6.890     13.800     20.700     27.600     41.400     68.900    138.000    276.000    414.000 
  0.1000E+11  0.1000E-73  0.5530E-42  0.1630E-28  0.1780E-18  0.1570E-13  0.1160E-10  0.8900E-10  0.1650E-09  0.2210E-09  0.2870E-09  0.3420E-09  0.3740E-09  0.3700E-09  0.3560E-09
  0.1000E+12  0.1000E-73  0.5520E-42  0.1630E-28  0.1780E-18  0.1570E-13  0.1160E-10  0.8890E-10  0.1650E-09  0.2210E-09  0.2870E-09  0.3420E-09  0.3730E-09  0.3700E-09  0.3560E-09
  0.1000E+13  0.1000E-73  0.5450E-42  0.1610E-28  0.1760E-18  0.1550E-13  0.1150E-10  0.8820E-10  0.1640E-09  0.2190E-09  0.2850E-09  0.3400E-09  0.3720E-09  0.3690E-09  0.3550E-09
  0.1000E+14  0.1000E-73  0.5010E-42  0.1470E-28  0.1610E-18  0.1440E-13  0.1070E-10  0.8330E-10  0.1560E-09  0.2090E-09  0.2730E-09  0.3270E-09  0.3590E-09  0.3580E-09  0.3460E-09
  0.1000E+15  0.1000E-73  0.4870E-42  0.1370E-28  0.1440E-18  0.1250E-13  0.9170E-11  0.7070E-10  0.1320E-09  0.1770E-09  0.2310E-09  0.2770E-09  0.3060E-09  0.3080E-09  0.2990E-09
  0.1000E+16  0.1000E-73  0.1360E-41  0.3080E-28  0.2540E-18  0.1880E-13  0.1200E-10  0.8570E-10  0.1530E-09  0.2000E-09  0.2500E-09  0.2870E-09  0.2990E-09  0.2830E-09  0.2660E-09
  0.1000E+17  0.1000E-73  0.4740E-41  0.1310E-27  0.1150E-17  0.7480E-13  0.3300E-10  0.1730E-09  0.2680E-09  0.3220E-09  0.3740E-09  0.4050E-09  0.4030E-09  0.3730E-09  0.3470E-09
WAVELENGTH(A)= 
  1044.670
 7 14 t 
excit   
     0.276      0.414      0.689      1.380      2.760      6.890     13.800     20.700     27.600     41.400     68.900    138.000    276.000    414.000 
  0.1000E+11  0.1000E-73  0.1000E-73  0.1470E-41  0.2160E-24  0.7110E-16  0.8040E-11  0.3540E-09  0.1190E-08  0.2130E-08  0.3670E-08  0.5320E-08  0.6300E-08  0.6030E-08  0.5560E-08
  0.1000E+12  0.1000E-73  0.1000E-73  0.1470E-41  0.2160E-24  0.7110E-16  0.8040E-11  0.3540E-09  0.1190E-08  0.2130E-08  0.3680E-08  0.5330E-08  0.6320E-08  0.6060E-08  0.5590E-08
  0.1000E+13  0.1000E-73  0.1000E-73  0.1470E-41  0.2160E-24  0.7110E-16  0.8040E-11  0.3540E-09  0.1190E-08  0.2130E-08  0.3680E-08  0.5330E-08  0.6320E-08  0.6060E-08  0.5590E-08
  0.1000E+14  0.1000E-73  0.1000E-73  0.1470E-41  0.2160E-24  0.7110E-16  0.8030E-11  0.3540E-09  0.1190E-08  0.2130E-08  0.3670E-08  0.5330E-08  0.6310E-08  0.6050E-08  0.5590E-08
  0.1000E+15  0.1000E-73  0.1000E-73  0.1470E-41  0.2160E-24  0.7110E-16  0.7990E-11  0.3500E-09  0.1180E-08  0.2100E-08  0.3620E-08  0.5250E-08  0.6230E-08  0.5990E-08  0.5530E-08
  0.1000E+16  0.1000E-73  0.1000E-73  0.1490E-41  0.2190E-24  0.7130E-16  0.7610E-11  0.3180E-09  0.1050E-08  0.1850E-08  0.3160E-08  0.4580E-08  0.5480E-08  0.5350E-08  0.4990E-08
  0.1000E+17  0.1000E-73  0.1000E-73  0.1620E-41  0.2350E-24  0.7220E-16  0.5480E-11  0.1600E-09  0.4440E-09  0.7180E-09  0.1130E-08  0.1570E-08  0.1940E-08  0.2060E-08  0.2050E-08
WAVELENGTH(A)= 
  1095.800
 7 14 t 
excit   
     0.276      0.414      0.689      1.380      2.760      6.890     13.800     20.700     27.600     41.400     68.900    138.000    276.000    414.000 
  0.1000E+11  0.7440E-24  0.5310E-18  0.2330E-13  0.6090E-10  0.2680E-08  0.2280E-07  0.4340E-07  0.5230E-07  0.5650E-07  0.5960E-07  0.5990E-07  0.5600E-07  0.4960E-07  0.4550E-07
  0.1000E+12  0.7440E-24  0.5310E-18  0.2330E-13  0.6090E-10  0.2680E-08  0.2280E-07  0.4340E-07  0.5230E-07  0.5650E-07  0.5960E-07  0.5980E-07  0.5600E-07  0.4960E-07  0.4550E-07
  0.1000E+13  0.7440E-24  0.5310E-18  0.2330E-13  0.6090E-10  0.2680E-08  0.2270E-07  0.4340E-07  0.5230E-07  0.5650E-07  0.5960E-07  0.5980E-07  0.5600E-07  0.4960E-07  0.4550E-07
  0.1000E+14  0.7430E-24  0.5300E-18  0.2330E-13  0.6080E-10  0.2680E-08  0.2270E-07  0.4340E-07  0.5220E-07  0.5640E-07  0.5950E-07  0.5980E-07  0.5590E-07  0.4950E-07  0.4550E-07
  0.1000E+15  0.7330E-24  0.5240E-18  0.2310E-13  0.6040E-10  0.2670E-08  0.2260E-07  0.4290E-07  0.5160E-07  0.5570E-07  0.5880E-07  0.5900E-07  0.5530E-07  0.4910E-07  0.4510E-07
  0.1000E+16  0.6450E-24  0.4720E-18  0.2120E-13  0.5690E-10  0.2540E-08  0.2110E-07  0.3880E-07  0.4600E-07  0.4920E-07  0.5170E-07  0.5200E-07  0.4940E-07  0.4460E-07  0.4140E-07
  0.1000E+17  0.2930E-24  0.2350E-18  0.1180E-13  0.3580E-10  0.1710E-08  0.1190E-07  0.1670E-07  0.1720E-07  0.1720E-07  0.1700E-07  0.1680E-07  0.1670E-07  0.1670E-07  0.1660E-07
WAVELENGTH(A)= 
  1121.420
 7 14 t 
excit   
     0.276      0.414      0.689      1.380      2.760      6.890     13.800     20.700     27.600     41.400     68.900    138.000    276.000    414.000 
  0.1000E+11  0.1000E-73  0.1070E-43  0.9770E-30  0.2480E-19  0.3340E-14  0.3140E-11  0.2580E-10  0.4860E-10  0.6450E-10  0.8230E-10  0.9350E-10  0.9210E-10  0.7980E-10  0.7070E-10
  0.1000E+12  0.1000E-73  0.1030E-43  0.9480E-30  0.2420E-19  0.3270E-14  0.3090E-11  0.2550E-10  0.4810E-10  0.6400E-10  0.8170E-10  0.9290E-10  0.9170E-10  0.7950E-10  0.7040E-10
  0.1000E+13  0.1000E-73  0.8610E-44  0.7980E-30  0.2070E-19  0.2860E-14  0.2780E-11  0.2340E-10  0.4450E-10  0.5950E-10  0.7670E-10  0.8810E-10  0.8800E-10  0.7700E-10  0.6860E-10
  0.1000E+14  0.1000E-73  0.8000E-44  0.7110E-30  0.1780E-19  0.2390E-14  0.2280E-11  0.1910E-10  0.3640E-10  0.4890E-10  0.6330E-10  0.7340E-10  0.7450E-10  0.6660E-10  0.6010E-10
  0.1000E+15  0.1000E-73  0.1520E-43  0.1260E-29  0.2900E-19  0.3660E-14  0.3290E-11  0.2640E-10  0.4920E-10  0.6510E-10  0.8260E-10  0.9380E-10  0.9300E-10  0.8140E-10  0.7240E-10
  0.1000E+16  0.1000E-73  0.5750E-43  0.3980E-29  0.7560E-19  0.8430E-14  0.6870E-11  0.5280E-10  0.9670E-10  0.1270E-09  0.1600E-09  0.1830E-09  0.1860E-09  0.1690E-09  0.1550E-09
  0.1000E+17  0.1000E-73  0.2010E-42  0.1720E-28  0.3530E-18  0.3500E-13  0.1990E-10  0.1130E-09  0.1810E-09  0.2200E-09  0.2600E-09  0.2840E-09  0.2850E-09  0.2640E-09  0.2460E-09
WAVELENGTH(A)= 
  1193.540
 7 14 t 
excit   
     0.276      0.414      0.689      1.380      2.760      6.890     13.800     20.700     27.600     41.400     68.900    138.000    276.000    414.000 
  0.1000E+11  0.1000E-73  0.5850E-40  0.3350E-27  0.1070E-17  0.5110E-13  0.2620E-10  0.1790E-09  0.3210E-09  0.4210E-09  0.5380E-09  0.6350E-09  0.6930E-09  0.6810E-09  0.6590E-09
  0.1000E+12  0.1000E-73  0.5850E-40  0.3350E-27  0.1070E-17  0.5110E-13  0.2620E-10  0.1790E-09  0.3210E-09  0.4210E-09  0.5370E-09  0.6350E-09  0.6930E-09  0.6810E-09  0.6580E-09
  0.1000E+13  0.1000E-73  0.5830E-40  0.3340E-27  0.1060E-17  0.5090E-13  0.2610E-10  0.1790E-09  0.3200E-09  0.4200E-09  0.5360E-09  0.6340E-09  0.6920E-09  0.6800E-09  0.6580E-09
  0.1000E+14  0.1000E-73  0.5730E-40  0.3270E-27  0.1040E-17  0.4990E-13  0.2560E-10  0.1760E-09  0.3160E-09  0.4140E-09  0.5290E-09  0.6260E-09  0.6830E-09  0.6730E-09  0.6510E-09
  0.1000E+15  0.1000E-73  0.5970E-40  0.3230E-27  0.9900E-18  0.4690E-13  0.2400E-10  0.1650E-09  0.2960E-09  0.3880E-09  0.4950E-09  0.5850E-09  0.6370E-09  0.6280E-09  0.6090E-09
  0.1000E+16  0.1000E-73  0.1470E-39  0.6390E-27  0.1540E-17  0.6170E-13  0.2770E-10  0.1770E-09  0.3070E-09  0.3930E-09  0.4880E-09  0.5590E-09  0.5850E-09  0.5590E-09  0.5330E-09
  0.1000E+17  0.1000E-73  0.4400E-39  0.2350E-26  0.6070E-17  0.2130E-12  0.6530E-10  0.3030E-09  0.4520E-09  0.5330E-09  0.6090E-09  0.6510E-09  0.6460E-09  0.5990E-09  0.5610E-09
WAVELENGTH(A)= 
  1240.160
 7 14 t 
excit   
     0.276      0.414      0.689      1.380      2.760      6.890     13.800     20.700     27.600     41.400     68.900    138.000    276.000    414.000 
  0.1000E+11  0.1000E-73  0.2340E-42  0.7660E-29  0.9010E-19  0.8250E-14  0.6170E-11  0.4700E-10  0.8640E-10  0.1130E-09  0.1430E-09  0.1610E-09  0.1580E-09  0.1360E-09  0.1210E-09
  0.1000E+12  0.1000E-73  0.2330E-42  0.7660E-29  0.9030E-19  0.8270E-14  0.6180E-11  0.4710E-10  0.8660E-10  0.1140E-09  0.1430E-09  0.1610E-09  0.1580E-09  0.1370E-09  0.1210E-09
  0.1000E+13  0.1000E-73  0.2350E-42  0.7720E-29  0.9130E-19  0.8400E-14  0.6290E-11  0.4800E-10  0.8800E-10  0.1160E-09  0.1450E-09  0.1640E-09  0.1610E-09  0.1390E-09  0.1230E-09
  0.1000E+14  0.1000E-73  0.2920E-42  0.9260E-29  0.1060E-18  0.9500E-14  0.6970E-11  0.5260E-10  0.9630E-10  0.1260E-09  0.1590E-09  0.1810E-09  0.1790E-09  0.1570E-09  0.1400E-09
  0.1000E+15  0.1000E-73  0.4240E-42  0.1300E-28  0.1450E-18  0.1270E-13  0.9210E-11  0.6920E-10  0.1270E-09  0.1660E-09  0.2110E-09  0.2420E-09  0.2480E-09  0.2270E-09  0.2080E-09
  0.1000E+16  0.1000E-73  0.1280E-41  0.3210E-28  0.2860E-18  0.2190E-13  0.1430E-10  0.1030E-09  0.1840E-09  0.2390E-09  0.2990E-09  0.3420E-09  0.3510E-09  0.3260E-09  0.3030E-09
  0.1000E+17  0.1000E-73  0.4410E-41  0.1360E-27  0.1290E-17  0.8740E-13  0.3960E-10  0.2090E-09  0.3240E-09  0.3910E-09  0.4550E-09  0.4930E-09  0.4920E-09  0.4550E-09  0.4240E-09
WAVELENGTH(A)= 
  1371.980
 7 14 t 
excit   
     0.276      0.414      0.689      1.380      2.760      6.890     13.800     20.700     27.600     41.400     68.900    138.000    276.000    414.000 
  0.1000E+11  0.1000E-73  0.1000E-73  0.1000E-73  0.1740E-27  0.1490E-17  0.1080E-11  0.8120E-10  0.3200E-09  0.6170E-09  0.1140E-08  0.1740E-08  0.2160E-08  0.2140E-08  0.2020E-08
  0.1000E+12  0.1000E-73  0.1000E-73  0.1000E-73  0.1740E-27  0.1490E-17  0.1080E-11  0.8120E-10  0.3210E-09  0.6170E-09  0.1140E-08  0.1740E-08  0.2160E-08  0.2150E-08  0.2020E-08
  0.1000E+13  0.1000E-73  0.1000E-73  0.1000E-73  0.1740E-27  0.1490E-17  0.1080E-11  0.8120E-10  0.3210E-09  0.6170E-09  0.1140E-08  0.1740E-08  0.2160E-08  0.2150E-08  0.2020E-08
  0.1000E+14  0.1000E-73  0.1000E-73  0.1540E-47  0.1750E-27  0.1490E-17  0.1080E-11  0.8130E-10  0.3210E-09  0.6170E-09  0.1140E-08  0.1740E-08  0.2160E-08  0.2150E-08  0.2020E-08
  0.1000E+15  0.1000E-73  0.1000E-73  0.1770E-47  0.1810E-27  0.1520E-17  0.1080E-11  0.8130E-10  0.3200E-09  0.6160E-09  0.1140E-08  0.1740E-08  0.2160E-08  0.2150E-08  0.2020E-08
  0.1000E+16  0.1000E-73  0.1000E-73  0.2600E-47  0.2290E-27  0.1710E-17  0.1110E-11  0.8060E-10  0.3130E-09  0.6000E-09  0.1100E-08  0.1690E-08  0.2110E-08  0.2110E-08  0.2000E-08
  0.1000E+17  0.1000E-73  0.1000E-73  0.6650E-47  0.5070E-27  0.2970E-17  0.1210E-11  0.6150E-10  0.2040E-09  0.3600E-09  0.6180E-09  0.9170E-09  0.1180E-08  0.1270E-08  0.1260E-08
WAVELENGTH(A)= 
  1387.650
 7 14 t 
excit   
     0.276      0.414      0.689      1.380      2.760      6.890     13.800     20.700     27.600     41.400     68.900    138.000    276.000    414.000 
  0.1000E+11  0.1790E-38  0.6260E-28  0.1550E-19  0.2660E-13  0.3050E-10  0.1770E-08  0.6020E-08  0.8580E-08  0.9920E-08  0.1100E-07  0.1130E-07  0.1040E-07  0.8920E-08  0.7980E-08
  0.1000E+12  0.1790E-38  0.6260E-28  0.1550E-19  0.2660E-13  0.3050E-10  0.1770E-08  0.6020E-08  0.8580E-08  0.9920E-08  0.1100E-07  0.1130E-07  0.1040E-07  0.8920E-08  0.7980E-08
  0.1000E+13  0.1800E-38  0.6270E-28  0.1550E-19  0.2660E-13  0.3050E-10  0.1770E-08  0.6020E-08  0.8580E-08  0.9920E-08  0.1100E-07  0.1130E-07  0.1040E-07  0.8920E-08  0.7980E-08
  0.1000E+14  0.1830E-38  0.6370E-28  0.1570E-19  0.2690E-13  0.3070E-10  0.1780E-08  0.6030E-08  0.8590E-08  0.9940E-08  0.1100E-07  0.1130E-07  0.1040E-07  0.8930E-08  0.7990E-08
  0.1000E+15  0.2180E-38  0.7370E-28  0.1770E-19  0.2920E-13  0.3250E-10  0.1840E-08  0.6180E-08  0.8770E-08  0.1010E-07  0.1120E-07  0.1150E-07  0.1060E-07  0.9110E-08  0.8140E-08
  0.1000E+16  0.4550E-38  0.1460E-27  0.3240E-19  0.4720E-13  0.4630E-10  0.2310E-08  0.7330E-08  0.1020E-07  0.1170E-07  0.1300E-07  0.1340E-07  0.1260E-07  0.1090E-07  0.9780E-08
  0.1000E+17  0.5690E-38  0.2110E-27  0.5380E-19  0.8480E-13  0.7880E-10  0.2900E-08  0.6840E-08  0.8320E-08  0.8970E-08  0.9490E-08  0.9760E-08  0.9760E-08  0.9430E-08  0.9120E-08
WAVELENGTH(A)= 
  1482.460
 7 14 t 
excit   
     0.276      0.414      0.689      1.380      2.760      6.890     13.800     20.700     27.600     41.400     68.900    138.000    276.000    414.000 
  0.1000E+11  0.1000E-73  0.2300E-40  0.1550E-27  0.5610E-18  0.2850E-13  0.1500E-10  0.1020E-09  0.1810E-09  0.2330E-09  0.2890E-09  0.3220E-09  0.3130E-09  0.2710E-09  0.2400E-09
  0.1000E+12  0.1000E-73  0.2300E-40  0.1560E-27  0.5630E-18  0.2860E-13  0.1510E-10  0.1020E-09  0.1810E-09  0.2340E-09  0.2890E-09  0.3230E-09  0.3130E-09  0.2710E-09  0.2400E-09
  0.1000E+13  0.1000E-73  0.2360E-40  0.1590E-27  0.5780E-18  0.2950E-13  0.1560E-10  0.1060E-09  0.1870E-09  0.2400E-09  0.2970E-09  0.3300E-09  0.3200E-09  0.2760E-09  0.2440E-09
  0.1000E+14  0.1000E-73  0.2870E-40  0.1880E-27  0.6720E-18  0.3440E-13  0.1810E-10  0.1230E-09  0.2160E-09  0.2770E-09  0.3410E-09  0.3770E-09  0.3640E-09  0.3120E-09  0.2750E-09
  0.1000E+15  0.1000E-73  0.5060E-40  0.3130E-27  0.1050E-17  0.5100E-13  0.2600E-10  0.1740E-09  0.3040E-09  0.3910E-09  0.4830E-09  0.5410E-09  0.5370E-09  0.4740E-09  0.4260E-09
  0.1000E+16  0.1000E-73  0.1540E-39  0.7940E-27  0.2150E-17  0.9120E-13  0.4200E-10  0.2690E-09  0.4640E-09  0.5920E-09  0.7300E-09  0.8230E-09  0.8370E-09  0.7700E-09  0.7130E-09
  0.1000E+17  0.1000E-73  0.4680E-39  0.2970E-26  0.8690E-17  0.3250E-12  0.1040E-09  0.4860E-09  0.7280E-09  0.8620E-09  0.9870E-09  0.1060E-08  0.1050E-08  0.9750E-09  0.9130E-09
WAVELENGTH(A)= 
  1556.920
 7 14 t 
excit   
     0.276      0.414      0.689      1.380      2.760      6.890     13.800     20.700     27.600     41.400     68.900    138.000    276.000    414.000 
  0.1000E+11  0.1000E-73  0.3120E-38  0.1730E-26  0.1000E-17  0.2120E-13  0.6780E-11  0.3930E-10  0.6630E-10  0.8340E-10  0.1010E-09  0.1110E-09  0.1100E-09  0.9920E-10  0.9070E-10
  0.1000E+12  0.1000E-73  0.3120E-38  0.1730E-26  0.1000E-17  0.2120E-13  0.6780E-11  0.3930E-10  0.6630E-10  0.8330E-10  0.1010E-09  0.1110E-09  0.1100E-09  0.9920E-10  0.9070E-10
  0.1000E+13  0.1000E-73  0.3110E-38  0.1730E-26  0.9960E-18  0.2110E-13  0.6750E-11  0.3910E-10  0.6610E-10  0.8310E-10  0.1000E-09  0.1110E-09  0.1100E-09  0.9900E-10  0.9060E-10
  0.1000E+14  0.1000E-73  0.3010E-38  0.1680E-26  0.9680E-18  0.2040E-13  0.6530E-11  0.3790E-10  0.6420E-10  0.8080E-10  0.9790E-10  0.1090E-09  0.1080E-09  0.9760E-10  0.8950E-10
  0.1000E+15  0.1000E-73  0.2750E-38  0.1500E-26  0.8340E-18  0.1700E-13  0.5320E-11  0.3090E-10  0.5250E-10  0.6650E-10  0.8140E-10  0.9180E-10  0.9340E-10  0.8650E-10  0.8040E-10
  0.1000E+16  0.1000E-73  0.4800E-38  0.2130E-26  0.9180E-18  0.1550E-13  0.4130E-11  0.2240E-10  0.3690E-10  0.4610E-10  0.5600E-10  0.6280E-10  0.6450E-10  0.6080E-10  0.5730E-10
  0.1000E+17  0.1650E-52  0.1040E-37  0.5440E-26  0.2460E-17  0.3640E-13  0.6620E-11  0.2590E-10  0.3660E-10  0.4210E-10  0.4700E-10  0.4950E-10  0.4900E-10  0.4590E-10  0.4340E-10
WAVELENGTH(A)= 
  1600.960
 7 14 t 
excit   
     0.276      0.414      0.689      1.380      2.760      6.890     13.800     20.700     27.600     41.400     68.900    138.000    276.000    414.000 
  0.1000E+11  0.1000E-73  0.9130E-41  0.3430E-28  0.7950E-19  0.3240E-14  0.1500E-11  0.9610E-11  0.1660E-10  0.2110E-10  0.2540E-10  0.2730E-10  0.2550E-10  0.2120E-10  0.1860E-10
  0.1000E+12  0.1000E-73  0.9130E-41  0.3430E-28  0.7940E-19  0.3240E-14  0.1500E-11  0.9610E-11  0.1660E-10  0.2110E-10  0.2540E-10  0.2740E-10  0.2550E-10  0.2120E-10  0.1860E-10
  0.1000E+13  0.1000E-73  0.9150E-41  0.3430E-28  0.7930E-19  0.3230E-14  0.1490E-11  0.9610E-11  0.1660E-10  0.2110E-10  0.2540E-10  0.2740E-10  0.2560E-10  0.2130E-10  0.1860E-10
  0.1000E+14  0.1000E-73  0.9220E-41  0.3410E-28  0.7830E-19  0.3190E-14  0.1480E-11  0.9560E-11  0.1660E-10  0.2120E-10  0.2560E-10  0.2780E-10  0.2620E-10  0.2200E-10  0.1930E-10
  0.1000E+15  0.1000E-73  0.9720E-41  0.3360E-28  0.7340E-19  0.2940E-14  0.1370E-11  0.9030E-11  0.1590E-10  0.2060E-10  0.2550E-10  0.2870E-10  0.2860E-10  0.2530E-10  0.2280E-10
  0.1000E+16  0.1000E-73  0.2130E-40  0.5990E-28  0.1040E-18  0.3520E-14  0.1440E-11  0.8970E-11  0.1540E-10  0.1970E-10  0.2440E-10  0.2780E-10  0.2880E-10  0.2700E-10  0.2530E-10
  0.1000E+17  0.1000E-73  0.5930E-40  0.2060E-27  0.3850E-18  0.1150E-13  0.3200E-11  0.1440E-10  0.2130E-10  0.2500E-10  0.2850E-10  0.3040E-10  0.3010E-10  0.2800E-10  0.2620E-10
WAVELENGTH(A)= 
  1620.610
 7 14 t 
excit   
     0.276      0.414      0.689      1.380      2.760      6.890     13.800     20.700     27.600     41.400     68.900    138.000    276.000    414.000 
  0.1000E+11  0.1000E-73  0.1000E-73  0.1000E-73  0.3330E-31  0.4580E-20  0.1720E-13  0.2220E-11  0.1040E-10  0.2150E-10  0.4280E-10  0.6860E-10  0.8710E-10  0.8670E-10  0.8060E-10
  0.1000E+12  0.1000E-73  0.1000E-73  0.1000E-73  0.3330E-31  0.4580E-20  0.1720E-13  0.2220E-11  0.1040E-10  0.2150E-10  0.4280E-10  0.6860E-10  0.8710E-10  0.8670E-10  0.8060E-10
  0.1000E+13  0.1000E-73  0.1000E-73  0.1000E-73  0.3330E-31  0.4580E-20  0.1720E-13  0.2220E-11  0.1040E-10  0.2150E-10  0.4280E-10  0.6860E-10  0.8710E-10  0.8660E-10  0.8060E-10
  0.1000E+14  0.1000E-73  0.1000E-73  0.1000E-73  0.3340E-31  0.4590E-20  0.1720E-13  0.2220E-11  0.1040E-10  0.2150E-10  0.4280E-10  0.6860E-10  0.8710E-10  0.8660E-10  0.8060E-10
  0.1000E+15  0.1000E-73  0.1000E-73  0.1000E-73  0.3380E-31  0.4640E-20  0.1730E-13  0.2230E-11  0.1040E-10  0.2150E-10  0.4280E-10  0.6850E-10  0.8700E-10  0.8660E-10  0.8050E-10
  0.1000E+16  0.1000E-73  0.1000E-73  0.1000E-73  0.3940E-31  0.5150E-20  0.1830E-13  0.2280E-11  0.1050E-10  0.2150E-10  0.4230E-10  0.6730E-10  0.8550E-10  0.8550E-10  0.7980E-10
  0.1000E+17  0.1000E-73  0.1000E-73  0.1000E-73  0.1580E-30  0.1410E-19  0.3120E-13  0.2780E-11  0.1090E-10  0.2070E-10  0.3750E-10  0.5680E-10  0.7170E-10  0.7390E-10  0.7100E-10
WAVELENGTH(A)= 
  1643.110
 7 14 t 
excit   
     0.276      0.414      0.689      1.380      2.760      6.890     13.800     20.700     27.600     41.400     68.900    138.000    276.000    414.000 
  0.1000E+11  0.1000E-73  0.9940E-37  0.3660E-25  0.1480E-16  0.2540E-12  0.7090E-10  0.4010E-09  0.6770E-09  0.8630E-09  0.1070E-08  0.1250E-08  0.1340E-08  0.1330E-08  0.1280E-08
  0.1000E+12  0.1000E-73  0.9940E-37  0.3660E-25  0.1480E-16  0.2540E-12  0.7090E-10  0.4010E-09  0.6770E-09  0.8630E-09  0.1070E-08  0.1250E-08  0.1340E-08  0.1330E-08  0.1280E-08
  0.1000E+13  0.1000E-73  0.9940E-37  0.3660E-25  0.1480E-16  0.2540E-12  0.7090E-10  0.4010E-09  0.6770E-09  0.8630E-09  0.1070E-08  0.1250E-08  0.1340E-08  0.1330E-08  0.1270E-08
  0.1000E+14  0.1000E-73  0.9920E-37  0.3650E-25  0.1470E-16  0.2540E-12  0.7090E-10  0.4010E-09  0.6770E-09  0.8620E-09  0.1070E-08  0.1250E-08  0.1340E-08  0.1320E-08  0.1270E-08
  0.1000E+15  0.1000E-73  0.1020E-36  0.3680E-25  0.1460E-16  0.2510E-12  0.7030E-10  0.3980E-09  0.6710E-09  0.8540E-09  0.1060E-08  0.1230E-08  0.1320E-08  0.1310E-08  0.1260E-08
  0.1000E+16  0.7500E-51  0.2160E-36  0.6330E-25  0.2040E-16  0.3040E-12  0.7650E-10  0.4090E-09  0.6730E-09  0.8420E-09  0.1030E-08  0.1170E-08  0.1220E-08  0.1190E-08  0.1150E-08
  0.1000E+17  0.1800E-50  0.5800E-36  0.2010E-24  0.6710E-16  0.8560E-12  0.1440E-09  0.5490E-09  0.7710E-09  0.8840E-09  0.9840E-09  0.1040E-08  0.1030E-08  0.9670E-09  0.9170E-09
WAVELENGTH(A)= 
  1757.170
 7 14 t 
excit   
     0.276      0.414      0.689      1.380      2.760      6.890     13.800     20.700     27.600     41.400     68.900    138.000    276.000    414.000 
  0.1000E+11  0.1000E-73  0.6040E-40  0.2270E-27  0.5260E-18  0.2140E-13  0.9900E-11  0.6360E-10  0.1100E-09  0.1400E-09  0.1680E-09  0.1810E-09  0.1690E-09  0.1400E-09  0.1230E-09
  0.1000E+12  0.1000E-73  0.6040E-40  0.2270E-27  0.5250E-18  0.2140E-13  0.9900E-11  0.6360E-10  0.1100E-09  0.1400E-09  0.1680E-09  0.1810E-09  0.1690E-09  0.1400E-09  0.1230E-09
  0.1000E+13  0.1000E-73  0.6050E-40  0.2270E-27  0.5250E-18  0.2140E-13  0.9890E-11  0.6360E-10  0.1100E-09  0.1400E-09  0.1680E-09  0.1810E-09  0.1690E-09  0.1410E-09  0.1230E-09
  0.1000E+14  0.1000E-73  0.6100E-40  0.2260E-27  0.5180E-18  0.2110E-13  0.9770E-11  0.6320E-10  0.1100E-09  0.1400E-09  0.1690E-09  0.1840E-09  0.1730E-09  0.1450E-09  0.1270E-09
  0.1000E+15  0.1000E-73  0.6430E-40  0.2220E-27  0.4850E-18  0.1940E-13  0.9050E-11  0.5970E-10  0.1050E-09  0.1360E-09  0.1690E-09  0.1900E-09  0.1890E-09  0.1670E-09  0.1510E-09
  0.1000E+16  0.1000E-73  0.1410E-39  0.3960E-27  0.6850E-18  0.2330E-13  0.9530E-11  0.5930E-10  0.1020E-09  0.1310E-09  0.1620E-09  0.1840E-09  0.1900E-09  0.1790E-09  0.1680E-09
  0.1000E+17  0.1000E-73  0.3920E-39  0.1360E-26  0.2540E-17  0.7610E-13  0.2120E-10  0.9520E-10  0.1410E-09  0.1660E-09  0.1880E-09  0.2010E-09  0.1990E-09  0.1850E-09  0.1740E-09
WAVELENGTH(A)= 
  2171.750
 7 14 t 
excit   
     0.276      0.414      0.689      1.380      2.760      6.890     13.800     20.700     27.600     41.400     68.900    138.000    276.000    414.000 
  0.1000E+11  0.1000E-73  0.7460E-44  0.6820E-30  0.1730E-19  0.2330E-14  0.2190E-11  0.1800E-10  0.3390E-10  0.4500E-10  0.5740E-10  0.6520E-10  0.6430E-10  0.5570E-10  0.4930E-10
  0.1000E+12  0.1000E-73  0.7210E-44  0.6610E-30  0.1690E-19  0.2280E-14  0.2160E-11  0.1780E-10  0.3360E-10  0.4460E-10  0.5700E-10  0.6480E-10  0.6400E-10  0.5550E-10  0.4920E-10
  0.1000E+13  0.1000E-73  0.6010E-44  0.5570E-30  0.1450E-19  0.2000E-14  0.1940E-11  0.1630E-10  0.3100E-10  0.4160E-10  0.5350E-10  0.6150E-10  0.6140E-10  0.5380E-10  0.4790E-10
  0.1000E+14  0.1000E-73  0.5590E-44  0.4970E-30  0.1240E-19  0.1670E-14  0.1590E-11  0.1330E-10  0.2540E-10  0.3410E-10  0.4420E-10  0.5120E-10  0.5200E-10  0.4650E-10  0.4190E-10
  0.1000E+15  0.1000E-73  0.1060E-43  0.8800E-30  0.2020E-19  0.2560E-14  0.2290E-11  0.1840E-10  0.3430E-10  0.4540E-10  0.5760E-10  0.6550E-10  0.6490E-10  0.5680E-10  0.5050E-10
  0.1000E+16  0.1000E-73  0.4010E-43  0.2780E-29  0.5280E-19  0.5880E-14  0.4800E-11  0.3690E-10  0.6750E-10  0.8850E-10  0.1120E-09  0.1280E-09  0.1300E-09  0.1180E-09  0.1080E-09
  0.1000E+17  0.1000E-73  0.1400E-42  0.1200E-28  0.2470E-18  0.2440E-13  0.1390E-10  0.7900E-10  0.1260E-09  0.1540E-09  0.1810E-09  0.1980E-09  0.1990E-09  0.1840E-09  0.1720E-09
WAVELENGTH(A)= 
  2196.880
 7 14 t 
excit   
     0.276      0.414      0.689      1.380      2.760      6.890     13.800     20.700     27.600     41.400     68.900    138.000    276.000    414.000 
  0.1000E+11  0.1000E-73  0.3610E-37  0.1780E-25  0.8880E-17  0.1680E-12  0.4900E-10  0.2760E-09  0.4610E-09  0.5790E-09  0.6970E-09  0.7580E-09  0.7290E-09  0.6280E-09  0.5540E-09
  0.1000E+12  0.1000E-73  0.3620E-37  0.1780E-25  0.8900E-17  0.1680E-12  0.4910E-10  0.2770E-09  0.4620E-09  0.5810E-09  0.6990E-09  0.7600E-09  0.7310E-09  0.6290E-09  0.5550E-09
  0.1000E+13  0.1000E-73  0.3700E-37  0.1810E-25  0.9050E-17  0.1710E-12  0.5040E-10  0.2840E-09  0.4740E-09  0.5950E-09  0.7140E-09  0.7750E-09  0.7430E-09  0.6380E-09  0.5620E-09
  0.1000E+14  0.1000E-73  0.4450E-37  0.2110E-25  0.1040E-16  0.1990E-12  0.5970E-10  0.3360E-09  0.5570E-09  0.6950E-09  0.8280E-09  0.8890E-09  0.8400E-09  0.7110E-09  0.6220E-09
  0.1000E+15  0.1000E-73  0.9360E-37  0.4170E-25  0.1930E-16  0.3600E-12  0.1060E-09  0.5940E-09  0.9760E-09  0.1210E-08  0.1430E-08  0.1530E-08  0.1440E-08  0.1210E-08  0.1050E-08
  0.1000E+16  0.1000E-73  0.3260E-36  0.1270E-24  0.4960E-16  0.8040E-12  0.2100E-09  0.1120E-08  0.1830E-08  0.2280E-08  0.2730E-08  0.3010E-08  0.3000E-08  0.2710E-08  0.2480E-08
  0.1000E+17  0.1920E-50  0.9250E-36  0.4290E-24  0.1780E-15  0.2540E-11  0.4550E-09  0.1770E-08  0.2510E-08  0.2890E-08  0.3230E-08  0.3410E-08  0.3380E-08  0.3180E-08  0.3000E-08
WAVELENGTH(A)= 
  2289.040
 7 14 t 
excit   
     0.276      0.414      0.689      1.380      2.760      6.890     13.800     20.700     27.600     41.400     68.900    138.000    276.000    414.000 
  0.1000E+11  0.1000E-73  0.1980E-42  0.5840E-29  0.6370E-19  0.5630E-14  0.4140E-11  0.3180E-10  0.5920E-10  0.7900E-10  0.1030E-09  0.1220E-09  0.1340E-09  0.1320E-09  0.1270E-09
  0.1000E+12  0.1000E-73  0.1980E-42  0.5830E-29  0.6370E-19  0.5620E-14  0.4140E-11  0.3180E-10  0.5910E-10  0.7890E-10  0.1030E-09  0.1220E-09  0.1340E-09  0.1320E-09  0.1270E-09
  0.1000E+13  0.1000E-73  0.1950E-42  0.5750E-29  0.6290E-19  0.5560E-14  0.4100E-11  0.3160E-10  0.5870E-10  0.7840E-10  0.1020E-09  0.1220E-09  0.1330E-09  0.1320E-09  0.1270E-09
  0.1000E+14  0.1000E-73  0.1790E-42  0.5270E-29  0.5780E-19  0.5140E-14  0.3840E-11  0.2980E-10  0.5570E-10  0.7470E-10  0.9750E-10  0.1170E-09  0.1290E-09  0.1280E-09  0.1240E-09
  0.1000E+15  0.1000E-73  0.1740E-42  0.4920E-29  0.5160E-19  0.4480E-14  0.3280E-11  0.2530E-10  0.4720E-10  0.6330E-10  0.8260E-10  0.9920E-10  0.1100E-09  0.1100E-09  0.1070E-09
  0.1000E+16  0.1000E-73  0.4880E-42  0.1100E-28  0.9080E-19  0.6710E-14  0.4300E-11  0.3070E-10  0.5490E-10  0.7140E-10  0.8960E-10  0.1030E-09  0.1070E-09  0.1010E-09  0.9540E-10
  0.1000E+17  0.1000E-73  0.1700E-41  0.4680E-28  0.4130E-18  0.2680E-13  0.1180E-10  0.6180E-10  0.9580E-10  0.1150E-09  0.1340E-09  0.1450E-09  0.1440E-09  0.1330E-09  0.1240E-09
WAVELENGTH(A)= 
  2535.520
 7 14 t 
excit   
     0.276      0.414      0.689      1.380      2.760      6.890     13.800     20.700     27.600     41.400     68.900    138.000    276.000    414.000 
  0.1000E+11  0.1000E-73  0.1000E-73  0.1000E-73  0.3210E-36  0.1100E-22  0.6520E-15  0.2100E-12  0.1370E-11  0.3430E-11  0.8370E-11  0.1640E-10  0.2600E-10  0.3150E-10  0.3280E-10
  0.1000E+12  0.1000E-73  0.1000E-73  0.1000E-73  0.3790E-37  0.1240E-23  0.6890E-16  0.2200E-13  0.1430E-12  0.3570E-12  0.8720E-12  0.1720E-11  0.2720E-11  0.3330E-11  0.3490E-11
  0.1000E+13  0.1000E-73  0.1000E-73  0.1000E-73  0.3860E-38  0.1250E-24  0.6930E-17  0.2210E-14  0.1440E-13  0.3580E-13  0.8750E-13  0.1720E-12  0.2740E-12  0.3350E-12  0.3520E-12
  0.1000E+14  0.1000E-73  0.1000E-73  0.1000E-73  0.3870E-39  0.1250E-25  0.6930E-18  0.2210E-15  0.1440E-14  0.3580E-14  0.8750E-14  0.1720E-13  0.2740E-13  0.3350E-13  0.3520E-13
  0.1000E+15  0.1000E-73  0.1000E-73  0.1000E-73  0.3870E-40  0.1250E-26  0.6920E-19  0.2200E-16  0.1430E-15  0.3560E-15  0.8700E-15  0.1710E-14  0.2720E-14  0.3330E-14  0.3500E-14
  0.1000E+16  0.1000E-73  0.1000E-73  0.1000E-73  0.3890E-41  0.1260E-27  0.6830E-20  0.2120E-17  0.1360E-16  0.3370E-16  0.8160E-16  0.1600E-15  0.2540E-15  0.3130E-15  0.3300E-15
  0.1000E+17  0.1000E-73  0.1000E-73  0.1000E-73  0.4030E-42  0.1290E-28  0.6280E-21  0.1620E-18  0.9350E-18  0.2180E-17  0.4940E-17  0.9270E-17  0.1460E-16  0.1840E-16  0.1990E-16
WAVELENGTH(A)= 
  2666.080
 7 14 t 
excit   
     0.276      0.414      0.689      1.380      2.760      6.890     13.800     20.700     27.600     41.400     68.900    138.000    276.000    414.000 
  0.1000E+11  0.1000E-73  0.1570E-42  0.5150E-29  0.6060E-19  0.5540E-14  0.4140E-11  0.3160E-10  0.5810E-10  0.7620E-10  0.9600E-10  0.1080E-09  0.1060E-09  0.9160E-10  0.8110E-10
  0.1000E+12  0.1000E-73  0.1570E-42  0.5150E-29  0.6060E-19  0.5560E-14  0.4150E-11  0.3170E-10  0.5820E-10  0.7640E-10  0.9610E-10  0.1080E-09  0.1060E-09  0.9180E-10  0.8120E-10
  0.1000E+13  0.1000E-73  0.1580E-42  0.5190E-29  0.6140E-19  0.5640E-14  0.4220E-11  0.3220E-10  0.5910E-10  0.7760E-10  0.9770E-10  0.1100E-09  0.1080E-09  0.9350E-10  0.8270E-10
  0.1000E+14  0.1000E-73  0.1960E-42  0.6220E-29  0.7110E-19  0.6380E-14  0.4680E-11  0.3540E-10  0.6470E-10  0.8500E-10  0.1070E-09  0.1210E-09  0.1210E-09  0.1060E-09  0.9420E-10
  0.1000E+15  0.1000E-73  0.2850E-42  0.8770E-29  0.9710E-19  0.8550E-14  0.6190E-11  0.4650E-10  0.8500E-10  0.1120E-09  0.1420E-09  0.1630E-09  0.1670E-09  0.1520E-09  0.1400E-09
  0.1000E+16  0.1000E-73  0.8610E-42  0.2160E-28  0.1920E-18  0.1470E-13  0.9630E-11  0.6900E-10  0.1240E-09  0.1610E-09  0.2010E-09  0.2300E-09  0.2360E-09  0.2190E-09  0.2030E-09
  0.1000E+17  0.1000E-73  0.2970E-41  0.9110E-28  0.8700E-18  0.5880E-13  0.2660E-10  0.1400E-09  0.2180E-09  0.2630E-09  0.3060E-09  0.3310E-09  0.3310E-09  0.3060E-09  0.2850E-09
WAVELENGTH(A)= 
  2773.180
 7 14 t 
excit   
     0.276      0.414      0.689      1.380      2.760      6.890     13.800     20.700     27.600     41.400     68.900    138.000    276.000    414.000 
  0.1000E+11  0.1000E-73  0.9200E-37  0.1450E-25  0.3170E-17  0.4060E-13  0.9660E-11  0.5060E-10  0.8200E-10  0.1010E-09  0.1180E-09  0.1260E-09  0.1170E-09  0.9960E-10  0.8830E-10
  0.1000E+12  0.1000E-73  0.9200E-37  0.1450E-25  0.3170E-17  0.4060E-13  0.9660E-11  0.5060E-10  0.8200E-10  0.1010E-09  0.1180E-09  0.1260E-09  0.1170E-09  0.9960E-10  0.8830E-10
  0.1000E+13  0.1000E-73  0.9220E-37  0.1450E-25  0.3170E-17  0.4070E-13  0.9660E-11  0.5060E-10  0.8200E-10  0.1010E-09  0.1180E-09  0.1260E-09  0.1170E-09  0.9970E-10  0.8840E-10
  0.1000E+14  0.1000E-73  0.9400E-37  0.1480E-25  0.3200E-17  0.4090E-13  0.9680E-11  0.5070E-10  0.8220E-10  0.1010E-09  0.1190E-09  0.1260E-09  0.1180E-09  0.1000E-09  0.8910E-10
  0.1000E+15  0.1030E-50  0.1090E-36  0.1640E-25  0.3400E-17  0.4220E-13  0.9820E-11  0.5140E-10  0.8370E-10  0.1030E-09  0.1220E-09  0.1320E-09  0.1250E-09  0.1070E-09  0.9560E-10
  0.1000E+16  0.2460E-50  0.2320E-36  0.2870E-25  0.4750E-17  0.5010E-13  0.1030E-10  0.5150E-10  0.8280E-10  0.1020E-09  0.1220E-09  0.1360E-09  0.1360E-09  0.1250E-09  0.1150E-09
  0.1000E+17  0.4410E-50  0.4970E-36  0.7400E-25  0.1310E-16  0.1220E-12  0.1690E-10  0.6080E-10  0.8380E-10  0.9540E-10  0.1050E-09  0.1110E-09  0.1100E-09  0.1040E-09  0.9840E-10
WAVELENGTH(A)= 
  3277.940
 7 14 t 
excit   
     0.276      0.414      0.689      1.380      2.760      6.890     13.800     20.700     27.600     41.400     68.900    138.000    276.000    414.000 
  0.1000E+11  0.1000E-73  0.6860E-36  0.1080E-24  0.2360E-16  0.3030E-12  0.7200E-10  0.3780E-09  0.6120E-09  0.7500E-09  0.8830E-09  0.9380E-09  0.8760E-09  0.7430E-09  0.6590E-09
  0.1000E+12  0.1000E-73  0.6860E-36  0.1080E-24  0.2370E-16  0.3030E-12  0.7200E-10  0.3780E-09  0.6120E-09  0.7500E-09  0.8820E-09  0.9380E-09  0.8760E-09  0.7430E-09  0.6590E-09
  0.1000E+13  0.1000E-73  0.6880E-36  0.1090E-24  0.2370E-16  0.3030E-12  0.7200E-10  0.3780E-09  0.6120E-09  0.7500E-09  0.8830E-09  0.9380E-09  0.8760E-09  0.7440E-09  0.6590E-09
  0.1000E+14  0.1000E-73  0.7010E-36  0.1100E-24  0.2390E-16  0.3050E-12  0.7220E-10  0.3780E-09  0.6130E-09  0.7530E-09  0.8860E-09  0.9430E-09  0.8820E-09  0.7490E-09  0.6650E-09
  0.1000E+15  0.7650E-50  0.8160E-36  0.1220E-24  0.2530E-16  0.3150E-12  0.7330E-10  0.3840E-09  0.6240E-09  0.7690E-09  0.9120E-09  0.9820E-09  0.9320E-09  0.8010E-09  0.7130E-09
  0.1000E+16  0.1840E-49  0.1730E-35  0.2140E-24  0.3540E-16  0.3740E-12  0.7670E-10  0.3840E-09  0.6170E-09  0.7620E-09  0.9130E-09  0.1010E-08  0.1020E-08  0.9300E-09  0.8580E-09
  0.1000E+17  0.3290E-49  0.3700E-35  0.5520E-24  0.9790E-16  0.9090E-12  0.1260E-09  0.4540E-09  0.6250E-09  0.7120E-09  0.7870E-09  0.8260E-09  0.8190E-09  0.7720E-09  0.7340E-09
WAVELENGTH(A)= 
  3334.310
 7 14 t 
excit   
     0.276      0.414      0.689      1.380      2.760      6.890     13.800     20.700     27.600     41.400     68.900    138.000    276.000    414.000 
  0.1000E+11  0.1000E-73  0.1620E-40  0.9290E-28  0.2960E-18  0.1420E-13  0.7260E-11  0.4970E-10  0.8910E-10  0.1170E-09  0.1490E-09  0.1760E-09  0.1920E-09  0.1890E-09  0.1830E-09
  0.1000E+12  0.1000E-73  0.1620E-40  0.9290E-28  0.2960E-18  0.1420E-13  0.7260E-11  0.4970E-10  0.8910E-10  0.1170E-09  0.1490E-09  0.1760E-09  0.1920E-09  0.1890E-09  0.1830E-09
  0.1000E+13  0.1000E-73  0.1620E-40  0.9260E-28  0.2950E-18  0.1410E-13  0.7240E-11  0.4960E-10  0.8890E-10  0.1160E-09  0.1490E-09  0.1760E-09  0.1920E-09  0.1890E-09  0.1830E-09
  0.1000E+14  0.1000E-73  0.1590E-40  0.9060E-28  0.2880E-18  0.1380E-13  0.7110E-11  0.4880E-10  0.8760E-10  0.1150E-09  0.1470E-09  0.1740E-09  0.1900E-09  0.1870E-09  0.1810E-09
  0.1000E+15  0.1000E-73  0.1660E-40  0.8970E-28  0.2750E-18  0.1300E-13  0.6670E-11  0.4580E-10  0.8210E-10  0.1080E-09  0.1370E-09  0.1620E-09  0.1770E-09  0.1740E-09  0.1690E-09
  0.1000E+16  0.1000E-73  0.4080E-40  0.1770E-27  0.4260E-18  0.1710E-13  0.7680E-11  0.4910E-10  0.8520E-10  0.1090E-09  0.1360E-09  0.1550E-09  0.1620E-09  0.1550E-09  0.1480E-09
  0.1000E+17  0.1000E-73  0.1220E-39  0.6530E-27  0.1680E-17  0.5920E-13  0.1810E-10  0.8400E-10  0.1250E-09  0.1480E-09  0.1690E-09  0.1810E-09  0.1790E-09  0.1660E-09  0.1560E-09
WAVELENGTH(A)= 
  4110.350
 7 14 t 
excit   
     0.276      0.414      0.689      1.380      2.760      6.890     13.800     20.700     27.600     41.400     68.900    138.000    276.000    414.000 
  0.1000E+11  0.1000E-73  0.1370E-40  0.9250E-28  0.3340E-18  0.1700E-13  0.8930E-11  0.6080E-10  0.1080E-09  0.1390E-09  0.1720E-09  0.1920E-09  0.1860E-09  0.1610E-09  0.1430E-09
  0.1000E+12  0.1000E-73  0.1370E-40  0.9270E-28  0.3350E-18  0.1700E-13  0.8960E-11  0.6100E-10  0.1080E-09  0.1390E-09  0.1720E-09  0.1920E-09  0.1870E-09  0.1610E-09  0.1430E-09
  0.1000E+13  0.1000E-73  0.1410E-40  0.9490E-28  0.3440E-18  0.1760E-13  0.9270E-11  0.6290E-10  0.1110E-09  0.1430E-09  0.1770E-09  0.1960E-09  0.1900E-09  0.1640E-09  0.1450E-09
  0.1000E+14  0.1000E-73  0.1710E-40  0.1120E-27  0.4000E-18  0.2050E-13  0.1080E-10  0.7300E-10  0.1280E-09  0.1650E-09  0.2030E-09  0.2250E-09  0.2170E-09  0.1860E-09  0.1640E-09
  0.1000E+15  0.1000E-73  0.3010E-40  0.1860E-27  0.6230E-18  0.3040E-13  0.1550E-10  0.1030E-09  0.1810E-09  0.2330E-09  0.2880E-09  0.3220E-09  0.3190E-09  0.2820E-09  0.2540E-09
  0.1000E+16  0.1000E-73  0.9190E-40  0.4730E-27  0.1280E-17  0.5430E-13  0.2500E-10  0.1600E-09  0.2760E-09  0.3530E-09  0.4340E-09  0.4900E-09  0.4980E-09  0.4580E-09  0.4240E-09
  0.1000E+17  0.1000E-73  0.2780E-39  0.1760E-26  0.5170E-17  0.1940E-12  0.6160E-10  0.2890E-09  0.4340E-09  0.5130E-09  0.5880E-09  0.6300E-09  0.6260E-09  0.5810E-09  0.5440E-09
WAVELENGTH(A)= 
  4294.390
 7 14 t 
excit   
     0.276      0.414      0.689      1.380      2.760      6.890     13.800     20.700     27.600     41.400     68.900    138.000    276.000    414.000 
  0.1000E+11  0.3620E-44  0.4130E-32  0.1670E-22  0.2360E-15  0.8020E-12  0.9230E-10  0.3950E-09  0.6040E-09  0.7260E-09  0.8420E-09  0.8990E-09  0.8670E-09  0.7680E-09  0.7010E-09
  0.1000E+12  0.3610E-44  0.4130E-32  0.1670E-22  0.2360E-15  0.8020E-12  0.9230E-10  0.3950E-09  0.6040E-09  0.7260E-09  0.8420E-09  0.8990E-09  0.8670E-09  0.7680E-09  0.7010E-09
  0.1000E+13  0.3610E-44  0.4130E-32  0.1670E-22  0.2360E-15  0.8020E-12  0.9220E-10  0.3940E-09  0.6030E-09  0.7250E-09  0.8420E-09  0.8990E-09  0.8670E-09  0.7680E-09  0.7000E-09
  0.1000E+14  0.3610E-44  0.4130E-32  0.1670E-22  0.2360E-15  0.8000E-12  0.9180E-10  0.3920E-09  0.6000E-09  0.7220E-09  0.8380E-09  0.8960E-09  0.8650E-09  0.7670E-09  0.7000E-09
  0.1000E+15  0.3680E-44  0.4190E-32  0.1680E-22  0.2350E-15  0.7840E-12  0.8790E-10  0.3730E-09  0.5700E-09  0.6860E-09  0.8000E-09  0.8610E-09  0.8400E-09  0.7530E-09  0.6900E-09
  0.1000E+16  0.5710E-44  0.6100E-32  0.2260E-22  0.2780E-15  0.7990E-12  0.7510E-10  0.2930E-09  0.4360E-09  0.5190E-09  0.6010E-09  0.6500E-09  0.6500E-09  0.6040E-09  0.5670E-09
  0.1000E+17  0.7360E-44  0.8910E-32  0.3690E-22  0.4700E-15  0.1210E-11  0.7730E-10  0.2150E-09  0.2740E-09  0.3000E-09  0.3220E-09  0.3320E-09  0.3300E-09  0.3160E-09  0.3050E-09
WAVELENGTH(A)= 
  4324.960
 7 14 t 
excit   
     0.276      0.414      0.689      1.380      2.760      6.890     13.800     20.700     27.600     41.400     68.900    138.000    276.000    414.000 
  0.1000E+11  0.1000E-73  0.4550E-44  0.4160E-30  0.1060E-19  0.1420E-14  0.1330E-11  0.1100E-10  0.2070E-10  0.2750E-10  0.3500E-10  0.3980E-10  0.3920E-10  0.3400E-10  0.3010E-10
  0.1000E+12  0.1000E-73  0.4400E-44  0.4030E-30  0.1030E-19  0.1390E-14  0.1320E-11  0.1090E-10  0.2050E-10  0.2720E-10  0.3470E-10  0.3950E-10  0.3900E-10  0.3380E-10  0.3000E-10
  0.1000E+13  0.1000E-73  0.3660E-44  0.3400E-30  0.8820E-20  0.1220E-14  0.1180E-11  0.9940E-11  0.1890E-10  0.2530E-10  0.3260E-10  0.3750E-10  0.3740E-10  0.3280E-10  0.2920E-10
  0.1000E+14  0.1000E-73  0.3410E-44  0.3030E-30  0.7550E-20  0.1020E-14  0.9700E-12  0.8130E-11  0.1550E-10  0.2080E-10  0.2690E-10  0.3120E-10  0.3170E-10  0.2830E-10  0.2560E-10
  0.1000E+15  0.1000E-73  0.6490E-44  0.5370E-30  0.1230E-19  0.1560E-14  0.1400E-11  0.1120E-10  0.2090E-10  0.2770E-10  0.3510E-10  0.3990E-10  0.3960E-10  0.3460E-10  0.3080E-10
  0.1000E+16  0.1000E-73  0.2450E-43  0.1690E-29  0.3220E-19  0.3590E-14  0.2920E-11  0.2250E-10  0.4110E-10  0.5390E-10  0.6800E-10  0.7770E-10  0.7910E-10  0.7200E-10  0.6580E-10
  0.1000E+17  0.1000E-73  0.8550E-43  0.7310E-29  0.1500E-18  0.1490E-13  0.8480E-11  0.4820E-10  0.7690E-10  0.9380E-10  0.1100E-09  0.1210E-09  0.1210E-09  0.1120E-09  0.1050E-09
WAVELENGTH(A)= 
  4870.470
 7 14 t 
excit   
     0.276      0.414      0.689      1.380      2.760      6.890     13.800     20.700     27.600     41.400     68.900    138.000    276.000    414.000 
  0.1000E+11  0.1000E-73  0.9930E-42  0.5680E-29  0.1810E-19  0.8670E-15  0.4440E-12  0.3040E-11  0.5450E-11  0.7140E-11  0.9130E-11  0.1080E-10  0.1180E-10  0.1160E-10  0.1120E-10
  0.1000E+12  0.1000E-73  0.9930E-42  0.5680E-29  0.1810E-19  0.8670E-15  0.4440E-12  0.3040E-11  0.5450E-11  0.7140E-11  0.9120E-11  0.1080E-10  0.1180E-10  0.1160E-10  0.1120E-10
  0.1000E+13  0.1000E-73  0.9900E-42  0.5660E-29  0.1800E-19  0.8640E-15  0.4430E-12  0.3030E-11  0.5440E-11  0.7120E-11  0.9110E-11  0.1080E-10  0.1170E-10  0.1150E-10  0.1120E-10
  0.1000E+14  0.1000E-73  0.9720E-42  0.5540E-29  0.1760E-19  0.8470E-15  0.4350E-12  0.2990E-11  0.5360E-11  0.7020E-11  0.8980E-11  0.1060E-10  0.1160E-10  0.1140E-10  0.1100E-10
  0.1000E+15  0.1000E-73  0.1010E-41  0.5490E-29  0.1680E-19  0.7960E-15  0.4080E-12  0.2800E-11  0.5020E-11  0.6580E-11  0.8410E-11  0.9920E-11  0.1080E-10  0.1070E-10  0.1030E-10
  0.1000E+16  0.1000E-73  0.2490E-41  0.1080E-28  0.2610E-19  0.1050E-14  0.4700E-12  0.3000E-11  0.5210E-11  0.6680E-11  0.8290E-11  0.9490E-11  0.9930E-11  0.9500E-11  0.9050E-11
  0.1000E+17  0.1000E-73  0.7470E-41  0.4000E-28  0.1030E-18  0.3620E-14  0.1110E-11  0.5140E-11  0.7670E-11  0.9060E-11  0.1030E-10  0.1110E-10  0.1100E-10  0.1020E-10  0.9520E-11
WAVELENGTH(A)= 
  5171.750
 7 14 t 
excit   
     0.276      0.414      0.689      1.380      2.760      6.890     13.800     20.700     27.600     41.400     68.900    138.000    276.000    414.000 
  0.1000E+11  0.1000E-73  0.1550E-40  0.5820E-28  0.1350E-18  0.5500E-14  0.2540E-11  0.1630E-10  0.2820E-10  0.3590E-10  0.4310E-10  0.4640E-10  0.4330E-10  0.3600E-10  0.3150E-10
  0.1000E+12  0.1000E-73  0.1550E-40  0.5820E-28  0.1350E-18  0.5500E-14  0.2540E-11  0.1630E-10  0.2820E-10  0.3590E-10  0.4310E-10  0.4640E-10  0.4330E-10  0.3600E-10  0.3150E-10
  0.1000E+13  0.1000E-73  0.1550E-40  0.5820E-28  0.1350E-18  0.5490E-14  0.2540E-11  0.1630E-10  0.2820E-10  0.3590E-10  0.4310E-10  0.4650E-10  0.4340E-10  0.3610E-10  0.3160E-10
  0.1000E+14  0.1000E-73  0.1560E-40  0.5790E-28  0.1330E-18  0.5410E-14  0.2510E-11  0.1620E-10  0.2820E-10  0.3590E-10  0.4340E-10  0.4710E-10  0.4440E-10  0.3730E-10  0.3270E-10
  0.1000E+15  0.1000E-73  0.1650E-40  0.5700E-28  0.1250E-18  0.4980E-14  0.2320E-11  0.1530E-10  0.2700E-10  0.3490E-10  0.4330E-10  0.4880E-10  0.4860E-10  0.4290E-10  0.3870E-10
  0.1000E+16  0.1000E-73  0.3620E-40  0.1020E-27  0.1760E-18  0.5980E-14  0.2450E-11  0.1520E-10  0.2620E-10  0.3350E-10  0.4140E-10  0.4720E-10  0.4880E-10  0.4580E-10  0.4300E-10
  0.1000E+17  0.1000E-73  0.1010E-39  0.3500E-27  0.6530E-18  0.1950E-13  0.5440E-11  0.2440E-10  0.3610E-10  0.4250E-10  0.4830E-10  0.5150E-10  0.5110E-10  0.4750E-10  0.4450E-10
WAVELENGTH(A)= 
  5639.040
 7 14 t 
excit   
     0.276      0.414      0.689      1.380      2.760      6.890     13.800     20.700     27.600     41.400     68.900    138.000    276.000    414.000 
  0.1000E+11  0.2140E-43  0.1060E-31  0.2210E-22  0.1850E-15  0.4570E-12  0.4050E-10  0.1590E-09  0.2410E-09  0.2930E-09  0.3520E-09  0.4020E-09  0.4300E-09  0.4230E-09  0.4090E-09
  0.1000E+12  0.2140E-43  0.1060E-31  0.2210E-22  0.1850E-15  0.4570E-12  0.4050E-10  0.1590E-09  0.2410E-09  0.2930E-09  0.3520E-09  0.4020E-09  0.4300E-09  0.4230E-09  0.4090E-09
  0.1000E+13  0.2140E-43  0.1060E-31  0.2220E-22  0.1850E-15  0.4570E-12  0.4050E-10  0.1590E-09  0.2410E-09  0.2940E-09  0.3530E-09  0.4020E-09  0.4300E-09  0.4240E-09  0.4090E-09
  0.1000E+14  0.2140E-43  0.1070E-31  0.2220E-22  0.1850E-15  0.4580E-12  0.4060E-10  0.1600E-09  0.2420E-09  0.2950E-09  0.3540E-09  0.4030E-09  0.4320E-09  0.4250E-09  0.4100E-09
  0.1000E+15  0.2220E-43  0.1100E-31  0.2270E-22  0.1880E-15  0.4650E-12  0.4150E-10  0.1640E-09  0.2480E-09  0.3020E-09  0.3620E-09  0.4110E-09  0.4380E-09  0.4300E-09  0.4140E-09
  0.1000E+16  0.3580E-43  0.1640E-31  0.3090E-22  0.2330E-15  0.5390E-12  0.4570E-10  0.1740E-09  0.2590E-09  0.3120E-09  0.3680E-09  0.4120E-09  0.4340E-09  0.4240E-09  0.4090E-09
  0.1000E+17  0.6840E-43  0.3520E-31  0.7260E-22  0.5430E-15  0.1100E-11  0.6540E-10  0.1810E-09  0.2320E-09  0.2560E-09  0.2770E-09  0.2900E-09  0.2930E-09  0.2850E-09  0.2770E-09
WAVELENGTH(A)= 
  5785.830
 7 14 t 
excit   
     0.276      0.414      0.689      1.380      2.760      6.890     13.800     20.700     27.600     41.400     68.900    138.000    276.000    414.000 
  0.1000E+11  0.1000E-73  0.6980E-43  0.2060E-29  0.2250E-19  0.1980E-14  0.1460E-11  0.1120E-10  0.2090E-10  0.2780E-10  0.3620E-10  0.4310E-10  0.4710E-10  0.4670E-10  0.4490E-10
  0.1000E+12  0.1000E-73  0.6970E-43  0.2060E-29  0.2240E-19  0.1980E-14  0.1460E-11  0.1120E-10  0.2080E-10  0.2780E-10  0.3610E-10  0.4310E-10  0.4710E-10  0.4660E-10  0.4490E-10
  0.1000E+13  0.1000E-73  0.6870E-43  0.2030E-29  0.2220E-19  0.1960E-14  0.1450E-11  0.1110E-10  0.2070E-10  0.2760E-10  0.3590E-10  0.4290E-10  0.4690E-10  0.4650E-10  0.4480E-10
  0.1000E+14  0.1000E-73  0.6310E-43  0.1860E-29  0.2040E-19  0.1810E-14  0.1350E-11  0.1050E-10  0.1960E-10  0.2630E-10  0.3440E-10  0.4120E-10  0.4530E-10  0.4520E-10  0.4360E-10
  0.1000E+15  0.1000E-73  0.6150E-43  0.1730E-29  0.1820E-19  0.1580E-14  0.1160E-11  0.8920E-11  0.1670E-10  0.2230E-10  0.2910E-10  0.3500E-10  0.3860E-10  0.3880E-10  0.3770E-10
  0.1000E+16  0.1000E-73  0.1720E-42  0.3880E-29  0.3200E-19  0.2370E-14  0.1520E-11  0.1080E-10  0.1940E-10  0.2520E-10  0.3160E-10  0.3620E-10  0.3770E-10  0.3560E-10  0.3360E-10
  0.1000E+17  0.1000E-73  0.5980E-42  0.1650E-28  0.1450E-18  0.9430E-14  0.4170E-11  0.2180E-10  0.3380E-10  0.4060E-10  0.4720E-10  0.5110E-10  0.5090E-10  0.4700E-10  0.4380E-10
WAVELENGTH(A)= 
  6263.000
 7 14 t 
excit   
     0.276      0.414      0.689      1.380      2.760      6.890     13.800     20.700     27.600     41.400     68.900    138.000    276.000    414.000 
  0.1000E+11  0.1000E-73  0.6110E-40  0.2300E-27  0.5320E-18  0.2170E-13  0.1000E-10  0.6430E-10  0.1110E-09  0.1410E-09  0.1700E-09  0.1830E-09  0.1710E-09  0.1420E-09  0.1240E-09
  0.1000E+12  0.1000E-73  0.6110E-40  0.2300E-27  0.5320E-18  0.2170E-13  0.1000E-10  0.6430E-10  0.1110E-09  0.1410E-09  0.1700E-09  0.1830E-09  0.1710E-09  0.1420E-09  0.1240E-09
  0.1000E+13  0.1000E-73  0.6120E-40  0.2300E-27  0.5310E-18  0.2160E-13  0.1000E-10  0.6430E-10  0.1110E-09  0.1420E-09  0.1700E-09  0.1830E-09  0.1710E-09  0.1430E-09  0.1250E-09
  0.1000E+14  0.1000E-73  0.6170E-40  0.2290E-27  0.5240E-18  0.2130E-13  0.9890E-11  0.6400E-10  0.1110E-09  0.1420E-09  0.1710E-09  0.1860E-09  0.1750E-09  0.1470E-09  0.1290E-09
  0.1000E+15  0.1000E-73  0.6510E-40  0.2250E-27  0.4910E-18  0.1970E-13  0.9150E-11  0.6050E-10  0.1070E-09  0.1380E-09  0.1710E-09  0.1920E-09  0.1910E-09  0.1690E-09  0.1530E-09
  0.1000E+16  0.1000E-73  0.1430E-39  0.4010E-27  0.6930E-18  0.2360E-13  0.9640E-11  0.6000E-10  0.1030E-09  0.1320E-09  0.1630E-09  0.1860E-09  0.1920E-09  0.1810E-09  0.1700E-09
  0.1000E+17  0.1000E-73  0.3970E-39  0.1380E-26  0.2570E-17  0.7700E-13  0.2140E-10  0.9640E-10  0.1420E-09  0.1680E-09  0.1910E-09  0.2030E-09  0.2020E-09  0.1870E-09  0.1760E-09
WAVELENGTH(A)= 
  6856.830
 7 14 t 
excit   
     0.276      0.414      0.689      1.380      2.760      6.890     13.800     20.700     27.600     41.400     68.900    138.000    276.000    414.000 
  0.1000E+11  0.1000E-73  0.8530E-43  0.2800E-29  0.3290E-19  0.3010E-14  0.2250E-11  0.1720E-10  0.3160E-10  0.4140E-10  0.5220E-10  0.5880E-10  0.5770E-10  0.4980E-10  0.4410E-10
  0.1000E+12  0.1000E-73  0.8520E-43  0.2800E-29  0.3300E-19  0.3020E-14  0.2260E-11  0.1720E-10  0.3160E-10  0.4150E-10  0.5230E-10  0.5890E-10  0.5780E-10  0.4990E-10  0.4410E-10
  0.1000E+13  0.1000E-73  0.8600E-43  0.2820E-29  0.3330E-19  0.3070E-14  0.2300E-11  0.1750E-10  0.3210E-10  0.4220E-10  0.5310E-10  0.5990E-10  0.5880E-10  0.5080E-10  0.4500E-10
  0.1000E+14  0.1000E-73  0.1070E-42  0.3380E-29  0.3860E-19  0.3470E-14  0.2540E-11  0.1920E-10  0.3520E-10  0.4620E-10  0.5820E-10  0.6600E-10  0.6550E-10  0.5740E-10  0.5120E-10
  0.1000E+15  0.1000E-73  0.1550E-42  0.4770E-29  0.5280E-19  0.4650E-14  0.3360E-11  0.2530E-10  0.4620E-10  0.6080E-10  0.7710E-10  0.8850E-10  0.9070E-10  0.8290E-10  0.7590E-10
  0.1000E+16  0.1000E-73  0.4680E-42  0.1170E-28  0.1040E-18  0.8000E-14  0.5230E-11  0.3750E-10  0.6720E-10  0.8730E-10  0.1090E-09  0.1250E-09  0.1280E-09  0.1190E-09  0.1110E-09
  0.1000E+17  0.1000E-73  0.1610E-41  0.4950E-28  0.4730E-18  0.3190E-13  0.1450E-10  0.7620E-10  0.1180E-09  0.1430E-09  0.1660E-09  0.1800E-09  0.1800E-09  0.1660E-09  0.1550E-09
WAVELENGTH(A)= 
  8136.300
 7 14 t 
excit   
     0.276      0.414      0.689      1.380      2.760      6.890     13.800     20.700     27.600     41.400     68.900    138.000    276.000    414.000 
  0.1000E+11  0.1000E-73  0.1280E-43  0.3770E-30  0.4110E-20  0.3630E-15  0.2670E-12  0.2050E-11  0.3820E-11  0.5100E-11  0.6620E-11  0.7900E-11  0.8630E-11  0.8550E-11  0.8230E-11
  0.1000E+12  0.1000E-73  0.1280E-43  0.3770E-30  0.4110E-20  0.3630E-15  0.2670E-12  0.2050E-11  0.3820E-11  0.5100E-11  0.6620E-11  0.7900E-11  0.8620E-11  0.8540E-11  0.8220E-11
  0.1000E+13  0.1000E-73  0.1260E-43  0.3710E-30  0.4060E-20  0.3590E-15  0.2650E-12  0.2040E-11  0.3790E-11  0.5060E-11  0.6580E-11  0.7860E-11  0.8590E-11  0.8510E-11  0.8200E-11
  0.1000E+14  0.1000E-73  0.1160E-43  0.3400E-30  0.3730E-20  0.3320E-15  0.2480E-12  0.1920E-11  0.3600E-11  0.4820E-11  0.6290E-11  0.7550E-11  0.8300E-11  0.8270E-11  0.7990E-11
  0.1000E+15  0.1000E-73  0.1130E-43  0.3170E-30  0.3330E-20  0.2890E-15  0.2120E-12  0.1630E-11  0.3050E-11  0.4080E-11  0.5330E-11  0.6410E-11  0.7080E-11  0.7110E-11  0.6910E-11
  0.1000E+16  0.1000E-73  0.3150E-43  0.7110E-30  0.5860E-20  0.4330E-15  0.2780E-12  0.1980E-11  0.3540E-11  0.4610E-11  0.5790E-11  0.6640E-11  0.6900E-11  0.6530E-11  0.6150E-11
  0.1000E+17  0.1000E-73  0.1090E-42  0.3020E-29  0.2660E-19  0.1730E-14  0.7630E-12  0.3990E-11  0.6180E-11  0.7440E-11  0.8650E-11  0.9350E-11  0.9310E-11  0.8610E-11  0.8020E-11
WAVELENGTH(A)= 
  9582.220
 7 14 t 
excit   
     0.276      0.414      0.689      1.380      2.760      6.890     13.800     20.700     27.600     41.400     68.900    138.000    276.000    414.000 
  0.1000E+11  0.1000E-73  0.3250E-38  0.1800E-26  0.1040E-17  0.2200E-13  0.7060E-11  0.4090E-10  0.6910E-10  0.8680E-10  0.1050E-09  0.1160E-09  0.1150E-09  0.1030E-09  0.9440E-10
  0.1000E+12  0.1000E-73  0.3240E-38  0.1800E-26  0.1040E-17  0.2200E-13  0.7050E-11  0.4090E-10  0.6900E-10  0.8670E-10  0.1050E-09  0.1160E-09  0.1150E-09  0.1030E-09  0.9440E-10
  0.1000E+13  0.1000E-73  0.3230E-38  0.1800E-26  0.1040E-17  0.2200E-13  0.7030E-11  0.4070E-10  0.6880E-10  0.8650E-10  0.1050E-09  0.1160E-09  0.1140E-09  0.1030E-09  0.9430E-10
  0.1000E+14  0.1000E-73  0.3130E-38  0.1750E-26  0.1010E-17  0.2130E-13  0.6800E-11  0.3950E-10  0.6680E-10  0.8410E-10  0.1020E-09  0.1130E-09  0.1120E-09  0.1020E-09  0.9310E-10
  0.1000E+15  0.1000E-73  0.2860E-38  0.1560E-26  0.8680E-18  0.1770E-13  0.5540E-11  0.3220E-10  0.5470E-10  0.6920E-10  0.8470E-10  0.9550E-10  0.9720E-10  0.9000E-10  0.8370E-10
  0.1000E+16  0.1000E-73  0.5000E-38  0.2220E-26  0.9560E-18  0.1610E-13  0.4300E-11  0.2330E-10  0.3840E-10  0.4800E-10  0.5820E-10  0.6540E-10  0.6710E-10  0.6330E-10  0.5960E-10
  0.1000E+17  0.1720E-52  0.1080E-37  0.5660E-26  0.2560E-17  0.3790E-13  0.6890E-11  0.2690E-10  0.3810E-10  0.4380E-10  0.4890E-10  0.5150E-10  0.5100E-10  0.4780E-10  0.4510E-10
