 50  7 14
WAVELENGTH(A)= 
     1.064
 7 14 t 
excit   
    86.900    130.000    217.000    434.000    869.000   2170.000   4340.000   6520.000   8690.000  13000.000  21700.000  43400.000  86900.000 130000.000 
  0.1000E+11  0.1000E-73  0.1000E-73  0.6210E-36  0.1980E-24  0.9440E-19  0.1880E-15  0.1970E-14  0.3970E-14  0.5440E-14  0.7050E-14  0.8020E-14  0.7730E-14  0.6530E-14  0.5700E-14
  0.1000E+12  0.1000E-73  0.1000E-73  0.6210E-36  0.1980E-24  0.9440E-19  0.1880E-15  0.1970E-14  0.3970E-14  0.5440E-14  0.7050E-14  0.8020E-14  0.7730E-14  0.6530E-14  0.5700E-14
  0.1000E+13  0.1000E-73  0.1000E-73  0.6210E-36  0.1980E-24  0.9440E-19  0.1880E-15  0.1970E-14  0.3970E-14  0.5440E-14  0.7050E-14  0.8020E-14  0.7730E-14  0.6530E-14  0.5700E-14
  0.1000E+14  0.1000E-73  0.1000E-73  0.6210E-36  0.1980E-24  0.9440E-19  0.1880E-15  0.1970E-14  0.3970E-14  0.5440E-14  0.7050E-14  0.8020E-14  0.7730E-14  0.6530E-14  0.5700E-14
  0.1000E+15  0.1000E-73  0.1000E-73  0.6210E-36  0.1980E-24  0.9440E-19  0.1880E-15  0.1970E-14  0.3970E-14  0.5440E-14  0.7050E-14  0.8020E-14  0.7730E-14  0.6530E-14  0.5700E-14
  0.1000E+16  0.1000E-73  0.1000E-73  0.6210E-36  0.1980E-24  0.9440E-19  0.1880E-15  0.1970E-14  0.3970E-14  0.5440E-14  0.7050E-14  0.8020E-14  0.7730E-14  0.6530E-14  0.5700E-14
  0.1000E+17  0.1000E-73  0.1000E-73  0.6210E-36  0.1980E-24  0.9440E-19  0.1880E-15  0.1970E-14  0.3970E-14  0.5440E-14  0.7050E-14  0.8020E-14  0.7730E-14  0.6530E-14  0.5700E-14
WAVELENGTH(A)= 
     1.078
 7 14 t 
excit   
    86.900    130.000    217.000    434.000    869.000   2170.000   4340.000   6520.000   8690.000  13000.000  21700.000  43400.000  86900.000 130000.000 
  0.1000E+11  0.1000E-73  0.1000E-73  0.5110E-34  0.1150E-22  0.4630E-17  0.8820E-14  0.9750E-13  0.2100E-12  0.3020E-12  0.4290E-12  0.5580E-12  0.6740E-12  0.7260E-12  0.7310E-12
  0.1000E+12  0.1000E-73  0.1000E-73  0.5110E-34  0.1150E-22  0.4630E-17  0.8820E-14  0.9750E-13  0.2100E-12  0.3020E-12  0.4290E-12  0.5580E-12  0.6740E-12  0.7260E-12  0.7310E-12
  0.1000E+13  0.1000E-73  0.1000E-73  0.5110E-34  0.1150E-22  0.4630E-17  0.8820E-14  0.9750E-13  0.2100E-12  0.3020E-12  0.4290E-12  0.5580E-12  0.6740E-12  0.7260E-12  0.7310E-12
  0.1000E+14  0.1000E-73  0.1000E-73  0.5110E-34  0.1150E-22  0.4630E-17  0.8820E-14  0.9750E-13  0.2100E-12  0.3020E-12  0.4290E-12  0.5580E-12  0.6740E-12  0.7260E-12  0.7310E-12
  0.1000E+15  0.1000E-73  0.1000E-73  0.5110E-34  0.1150E-22  0.4630E-17  0.8820E-14  0.9750E-13  0.2100E-12  0.3020E-12  0.4290E-12  0.5580E-12  0.6740E-12  0.7260E-12  0.7310E-12
  0.1000E+16  0.1000E-73  0.1000E-73  0.5110E-34  0.1150E-22  0.4630E-17  0.8820E-14  0.9750E-13  0.2100E-12  0.3020E-12  0.4290E-12  0.5580E-12  0.6740E-12  0.7260E-12  0.7310E-12
  0.1000E+17  0.1000E-73  0.1000E-73  0.5110E-34  0.1150E-22  0.4630E-17  0.8820E-14  0.9750E-13  0.2100E-12  0.3020E-12  0.4290E-12  0.5580E-12  0.6740E-12  0.7260E-12  0.7310E-12
WAVELENGTH(A)= 
     1.083
 7 14 t 
excit   
    86.900    130.000    217.000    434.000    869.000   2170.000   4340.000   6520.000   8690.000  13000.000  21700.000  43400.000  86900.000 130000.000 
  0.1000E+11  0.1000E-73  0.1000E-73  0.1940E-36  0.6190E-25  0.2950E-19  0.5880E-16  0.6160E-15  0.1240E-14  0.1700E-14  0.2200E-14  0.2510E-14  0.2420E-14  0.2040E-14  0.1780E-14
  0.1000E+12  0.1000E-73  0.1000E-73  0.1940E-36  0.6190E-25  0.2950E-19  0.5880E-16  0.6160E-15  0.1240E-14  0.1700E-14  0.2200E-14  0.2510E-14  0.2420E-14  0.2040E-14  0.1780E-14
  0.1000E+13  0.1000E-73  0.1000E-73  0.1940E-36  0.6190E-25  0.2950E-19  0.5880E-16  0.6160E-15  0.1240E-14  0.1700E-14  0.2200E-14  0.2510E-14  0.2420E-14  0.2040E-14  0.1780E-14
  0.1000E+14  0.1000E-73  0.1000E-73  0.1940E-36  0.6190E-25  0.2950E-19  0.5880E-16  0.6160E-15  0.1240E-14  0.1700E-14  0.2200E-14  0.2510E-14  0.2420E-14  0.2040E-14  0.1780E-14
  0.1000E+15  0.1000E-73  0.1000E-73  0.1940E-36  0.6190E-25  0.2950E-19  0.5880E-16  0.6160E-15  0.1240E-14  0.1700E-14  0.2200E-14  0.2510E-14  0.2420E-14  0.2040E-14  0.1780E-14
  0.1000E+16  0.1000E-73  0.1000E-73  0.1940E-36  0.6190E-25  0.2950E-19  0.5880E-16  0.6160E-15  0.1240E-14  0.1700E-14  0.2200E-14  0.2510E-14  0.2420E-14  0.2040E-14  0.1780E-14
  0.1000E+17  0.1000E-73  0.1000E-73  0.1940E-36  0.6190E-25  0.2950E-19  0.5880E-16  0.6160E-15  0.1240E-14  0.1700E-14  0.2200E-14  0.2510E-14  0.2420E-14  0.2040E-14  0.1780E-14
WAVELENGTH(A)= 
     1.092
 7 14 t 
excit   
    86.900    130.000    217.000    434.000    869.000   2170.000   4340.000   6520.000   8690.000  13000.000  21700.000  43400.000  86900.000 130000.000 
  0.1000E+11  0.1000E-73  0.1000E-73  0.1000E-73  0.7810E-29  0.1420E-21  0.4420E-17  0.2720E-15  0.1020E-14  0.1880E-14  0.3290E-14  0.4920E-14  0.6420E-14  0.7130E-14  0.7250E-14
  0.1000E+12  0.1000E-73  0.1000E-73  0.1000E-73  0.7810E-29  0.1420E-21  0.4420E-17  0.2720E-15  0.1020E-14  0.1880E-14  0.3290E-14  0.4920E-14  0.6420E-14  0.7130E-14  0.7250E-14
  0.1000E+13  0.1000E-73  0.1000E-73  0.1850E-41  0.7830E-29  0.1420E-21  0.4420E-17  0.2720E-15  0.1020E-14  0.1880E-14  0.3290E-14  0.4920E-14  0.6420E-14  0.7130E-14  0.7250E-14
  0.1000E+14  0.1000E-73  0.1000E-73  0.3510E-41  0.8090E-29  0.1420E-21  0.4420E-17  0.2720E-15  0.1020E-14  0.1880E-14  0.3290E-14  0.4920E-14  0.6420E-14  0.7130E-14  0.7250E-14
  0.1000E+15  0.1000E-73  0.1000E-73  0.1750E-40  0.1060E-28  0.1420E-21  0.4420E-17  0.2720E-15  0.1020E-14  0.1880E-14  0.3290E-14  0.4920E-14  0.6420E-14  0.7130E-14  0.7250E-14
  0.1000E+16  0.1000E-73  0.1000E-73  0.1570E-39  0.3580E-28  0.1510E-21  0.4440E-17  0.2720E-15  0.1020E-14  0.1880E-14  0.3290E-14  0.4920E-14  0.6420E-14  0.7130E-14  0.7250E-14
  0.1000E+17  0.1000E-73  0.1000E-73  0.1550E-38  0.2880E-27  0.2320E-21  0.4550E-17  0.2730E-15  0.1030E-14  0.1890E-14  0.3300E-14  0.4920E-14  0.6420E-14  0.7130E-14  0.7250E-14
WAVELENGTH(A)= 
     1.095
 7 14 t 
excit   
    86.900    130.000    217.000    434.000    869.000   2170.000   4340.000   6520.000   8690.000  13000.000  21700.000  43400.000  86900.000 130000.000 
  0.1000E+11  0.1000E-73  0.1000E-73  0.4760E-34  0.1150E-22  0.4730E-17  0.8690E-14  0.8830E-13  0.1760E-12  0.2390E-12  0.3100E-12  0.3500E-12  0.3390E-12  0.2850E-12  0.2490E-12
  0.1000E+12  0.1000E-73  0.1000E-73  0.4760E-34  0.1150E-22  0.4730E-17  0.8690E-14  0.8830E-13  0.1760E-12  0.2390E-12  0.3100E-12  0.3500E-12  0.3390E-12  0.2850E-12  0.2490E-12
  0.1000E+13  0.1000E-73  0.1000E-73  0.4760E-34  0.1150E-22  0.4730E-17  0.8690E-14  0.8830E-13  0.1760E-12  0.2390E-12  0.3100E-12  0.3500E-12  0.3390E-12  0.2850E-12  0.2490E-12
  0.1000E+14  0.1000E-73  0.1000E-73  0.4760E-34  0.1150E-22  0.4730E-17  0.8690E-14  0.8830E-13  0.1760E-12  0.2390E-12  0.3100E-12  0.3500E-12  0.3390E-12  0.2850E-12  0.2490E-12
  0.1000E+15  0.1000E-73  0.1000E-73  0.4760E-34  0.1150E-22  0.4730E-17  0.8690E-14  0.8830E-13  0.1760E-12  0.2390E-12  0.3100E-12  0.3500E-12  0.3390E-12  0.2850E-12  0.2490E-12
  0.1000E+16  0.1000E-73  0.1000E-73  0.4760E-34  0.1150E-22  0.4730E-17  0.8690E-14  0.8830E-13  0.1760E-12  0.2390E-12  0.3100E-12  0.3500E-12  0.3390E-12  0.2850E-12  0.2490E-12
  0.1000E+17  0.1000E-73  0.1000E-73  0.4760E-34  0.1150E-22  0.4730E-17  0.8690E-14  0.8830E-13  0.1760E-12  0.2390E-12  0.3100E-12  0.3500E-12  0.3390E-12  0.2850E-12  0.2490E-12
WAVELENGTH(A)= 
     1.096
 7 14 t 
excit   
    86.900    130.000    217.000    434.000    869.000   2170.000   4340.000   6520.000   8690.000  13000.000  21700.000  43400.000  86900.000 130000.000 
  0.1000E+11  0.1000E-73  0.1000E-73  0.1000E-73  0.4060E-29  0.7360E-22  0.2300E-17  0.1410E-15  0.5330E-15  0.9780E-15  0.1710E-14  0.2560E-14  0.3340E-14  0.3700E-14  0.3770E-14
  0.1000E+12  0.1000E-73  0.1000E-73  0.1000E-73  0.4060E-29  0.7360E-22  0.2300E-17  0.1410E-15  0.5330E-15  0.9780E-15  0.1710E-14  0.2560E-14  0.3340E-14  0.3700E-14  0.3770E-14
  0.1000E+13  0.1000E-73  0.1000E-73  0.9610E-42  0.4070E-29  0.7360E-22  0.2300E-17  0.1410E-15  0.5330E-15  0.9780E-15  0.1710E-14  0.2560E-14  0.3340E-14  0.3700E-14  0.3770E-14
  0.1000E+14  0.1000E-73  0.1000E-73  0.1830E-41  0.4200E-29  0.7360E-22  0.2300E-17  0.1410E-15  0.5330E-15  0.9780E-15  0.1710E-14  0.2560E-14  0.3340E-14  0.3700E-14  0.3770E-14
  0.1000E+15  0.1000E-73  0.1000E-73  0.9100E-41  0.5510E-29  0.7400E-22  0.2300E-17  0.1410E-15  0.5330E-15  0.9780E-15  0.1710E-14  0.2560E-14  0.3340E-14  0.3700E-14  0.3770E-14
  0.1000E+16  0.1000E-73  0.1000E-73  0.8150E-40  0.1860E-28  0.7830E-22  0.2310E-17  0.1410E-15  0.5330E-15  0.9780E-15  0.1710E-14  0.2560E-14  0.3340E-14  0.3700E-14  0.3770E-14
  0.1000E+17  0.1000E-73  0.1000E-73  0.8050E-39  0.1490E-27  0.1210E-21  0.2370E-17  0.1420E-15  0.5340E-15  0.9800E-15  0.1710E-14  0.2560E-14  0.3340E-14  0.3700E-14  0.3770E-14
WAVELENGTH(A)= 
     1.098
 7 14 t 
excit   
    86.900    130.000    217.000    434.000    869.000   2170.000   4340.000   6520.000   8690.000  13000.000  21700.000  43400.000  86900.000 130000.000 
  0.1000E+11  0.1000E-73  0.1000E-73  0.1760E-36  0.3950E-25  0.1590E-19  0.3030E-16  0.3350E-15  0.7230E-15  0.1040E-14  0.1480E-14  0.1920E-14  0.2320E-14  0.2500E-14  0.2510E-14
  0.1000E+12  0.1000E-73  0.1000E-73  0.1760E-36  0.3950E-25  0.1590E-19  0.3030E-16  0.3350E-15  0.7230E-15  0.1040E-14  0.1480E-14  0.1920E-14  0.2320E-14  0.2500E-14  0.2510E-14
  0.1000E+13  0.1000E-73  0.1000E-73  0.1760E-36  0.3950E-25  0.1590E-19  0.3030E-16  0.3350E-15  0.7230E-15  0.1040E-14  0.1480E-14  0.1920E-14  0.2320E-14  0.2500E-14  0.2510E-14
  0.1000E+14  0.1000E-73  0.1000E-73  0.1760E-36  0.3950E-25  0.1590E-19  0.3030E-16  0.3350E-15  0.7230E-15  0.1040E-14  0.1480E-14  0.1920E-14  0.2320E-14  0.2500E-14  0.2510E-14
  0.1000E+15  0.1000E-73  0.1000E-73  0.1760E-36  0.3950E-25  0.1590E-19  0.3030E-16  0.3350E-15  0.7230E-15  0.1040E-14  0.1480E-14  0.1920E-14  0.2320E-14  0.2500E-14  0.2510E-14
  0.1000E+16  0.1000E-73  0.1000E-73  0.1760E-36  0.3950E-25  0.1590E-19  0.3030E-16  0.3350E-15  0.7230E-15  0.1040E-14  0.1480E-14  0.1920E-14  0.2320E-14  0.2500E-14  0.2510E-14
  0.1000E+17  0.1000E-73  0.1000E-73  0.1760E-36  0.3950E-25  0.1590E-19  0.3030E-16  0.3350E-15  0.7230E-15  0.1040E-14  0.1480E-14  0.1920E-14  0.2320E-14  0.2500E-14  0.2510E-14
WAVELENGTH(A)= 
     1.098
 7 14 t 
excit   
    86.900    130.000    217.000    434.000    869.000   2170.000   4340.000   6520.000   8690.000  13000.000  21700.000  43400.000  86900.000 130000.000 
  0.1000E+11  0.1000E-73  0.1000E-73  0.3600E-40  0.3130E-28  0.4750E-21  0.1140E-16  0.2970E-15  0.8190E-15  0.1310E-14  0.1990E-14  0.2580E-14  0.2750E-14  0.2470E-14  0.2230E-14
  0.1000E+12  0.1000E-73  0.1000E-73  0.3610E-40  0.3130E-28  0.4750E-21  0.1140E-16  0.2970E-15  0.8190E-15  0.1310E-14  0.1990E-14  0.2580E-14  0.2750E-14  0.2470E-14  0.2230E-14
  0.1000E+13  0.1000E-73  0.1000E-73  0.3610E-40  0.3130E-28  0.4750E-21  0.1140E-16  0.2970E-15  0.8190E-15  0.1310E-14  0.1990E-14  0.2580E-14  0.2750E-14  0.2470E-14  0.2230E-14
  0.1000E+14  0.1000E-73  0.1000E-73  0.3620E-40  0.3130E-28  0.4750E-21  0.1140E-16  0.2970E-15  0.8190E-15  0.1310E-14  0.1990E-14  0.2580E-14  0.2750E-14  0.2470E-14  0.2230E-14
  0.1000E+15  0.1000E-73  0.1000E-73  0.3720E-40  0.3150E-28  0.4750E-21  0.1140E-16  0.2970E-15  0.8190E-15  0.1310E-14  0.1990E-14  0.2580E-14  0.2750E-14  0.2470E-14  0.2230E-14
  0.1000E+16  0.1000E-73  0.1000E-73  0.4760E-40  0.3320E-28  0.4760E-21  0.1140E-16  0.2970E-15  0.8190E-15  0.1310E-14  0.1990E-14  0.2580E-14  0.2750E-14  0.2470E-14  0.2230E-14
  0.1000E+17  0.1000E-73  0.1000E-73  0.1520E-39  0.5100E-28  0.4810E-21  0.1140E-16  0.2970E-15  0.8190E-15  0.1310E-14  0.1990E-14  0.2580E-14  0.2750E-14  0.2470E-14  0.2230E-14
WAVELENGTH(A)= 
     1.121
 7 14 t 
excit   
    86.900    130.000    217.000    434.000    869.000   2170.000   4340.000   6520.000   8690.000  13000.000  21700.000  43400.000  86900.000 130000.000 
  0.1000E+11  0.1000E-73  0.1000E-73  0.2020E-33  0.1620E-22  0.3900E-17  0.5450E-14  0.5490E-13  0.1140E-12  0.1620E-12  0.2270E-12  0.2920E-12  0.3490E-12  0.3710E-12  0.3700E-12
  0.1000E+12  0.1000E-73  0.1000E-73  0.2020E-33  0.1620E-22  0.3900E-17  0.5450E-14  0.5490E-13  0.1140E-12  0.1620E-12  0.2270E-12  0.2920E-12  0.3490E-12  0.3710E-12  0.3700E-12
  0.1000E+13  0.1000E-73  0.1000E-73  0.2020E-33  0.1620E-22  0.3900E-17  0.5450E-14  0.5490E-13  0.1140E-12  0.1620E-12  0.2270E-12  0.2920E-12  0.3490E-12  0.3710E-12  0.3700E-12
  0.1000E+14  0.1000E-73  0.1000E-73  0.2020E-33  0.1620E-22  0.3900E-17  0.5450E-14  0.5490E-13  0.1140E-12  0.1620E-12  0.2270E-12  0.2920E-12  0.3490E-12  0.3710E-12  0.3700E-12
  0.1000E+15  0.1000E-73  0.1000E-73  0.2020E-33  0.1620E-22  0.3900E-17  0.5450E-14  0.5490E-13  0.1140E-12  0.1620E-12  0.2270E-12  0.2920E-12  0.3490E-12  0.3710E-12  0.3700E-12
  0.1000E+16  0.1000E-73  0.1000E-73  0.2020E-33  0.1620E-22  0.3900E-17  0.5450E-14  0.5490E-13  0.1140E-12  0.1620E-12  0.2270E-12  0.2920E-12  0.3490E-12  0.3710E-12  0.3700E-12
  0.1000E+17  0.1000E-73  0.1000E-73  0.2020E-33  0.1620E-22  0.3900E-17  0.5450E-14  0.5490E-13  0.1140E-12  0.1620E-12  0.2270E-12  0.2920E-12  0.3490E-12  0.3710E-12  0.3700E-12
WAVELENGTH(A)= 
     1.147
 7 14 t 
excit   
    86.900    130.000    217.000    434.000    869.000   2170.000   4340.000   6520.000   8690.000  13000.000  21700.000  43400.000  86900.000 130000.000 
  0.1000E+11  0.1000E-73  0.1000E-73  0.4350E-38  0.9770E-27  0.1070E-20  0.1670E-16  0.4250E-15  0.1190E-14  0.1950E-14  0.3080E-14  0.4290E-14  0.5270E-14  0.5590E-14  0.5560E-14
  0.1000E+12  0.1000E-73  0.1000E-73  0.4350E-38  0.9770E-27  0.1070E-20  0.1670E-16  0.4250E-15  0.1190E-14  0.1950E-14  0.3080E-14  0.4290E-14  0.5270E-14  0.5590E-14  0.5560E-14
  0.1000E+13  0.1000E-73  0.1000E-73  0.4350E-38  0.9770E-27  0.1070E-20  0.1670E-16  0.4250E-15  0.1190E-14  0.1950E-14  0.3080E-14  0.4290E-14  0.5270E-14  0.5590E-14  0.5560E-14
  0.1000E+14  0.1000E-73  0.1000E-73  0.4350E-38  0.9770E-27  0.1070E-20  0.1670E-16  0.4250E-15  0.1190E-14  0.1950E-14  0.3080E-14  0.4290E-14  0.5270E-14  0.5590E-14  0.5560E-14
  0.1000E+15  0.1000E-73  0.1000E-73  0.4350E-38  0.9780E-27  0.1070E-20  0.1670E-16  0.4250E-15  0.1190E-14  0.1950E-14  0.3080E-14  0.4290E-14  0.5270E-14  0.5590E-14  0.5560E-14
  0.1000E+16  0.1000E-73  0.1000E-73  0.4400E-38  0.9800E-27  0.1070E-20  0.1670E-16  0.4250E-15  0.1190E-14  0.1950E-14  0.3080E-14  0.4290E-14  0.5270E-14  0.5590E-14  0.5560E-14
  0.1000E+17  0.1000E-73  0.1000E-73  0.4830E-38  0.1000E-26  0.1070E-20  0.1670E-16  0.4250E-15  0.1190E-14  0.1950E-14  0.3080E-14  0.4290E-14  0.5270E-14  0.5590E-14  0.5560E-14
WAVELENGTH(A)= 
     1.148
 7 14 t 
excit   
    86.900    130.000    217.000    434.000    869.000   2170.000   4340.000   6520.000   8690.000  13000.000  21700.000  43400.000  86900.000 130000.000 
  0.1000E+11  0.1000E-73  0.1000E-73  0.3010E-33  0.2150E-22  0.4840E-17  0.6200E-14  0.5670E-13  0.1090E-12  0.1470E-12  0.1890E-12  0.2130E-12  0.2070E-12  0.1770E-12  0.1560E-12
  0.1000E+12  0.1000E-73  0.1000E-73  0.3010E-33  0.2150E-22  0.4840E-17  0.6200E-14  0.5670E-13  0.1090E-12  0.1470E-12  0.1890E-12  0.2130E-12  0.2070E-12  0.1770E-12  0.1560E-12
  0.1000E+13  0.1000E-73  0.1000E-73  0.3010E-33  0.2150E-22  0.4840E-17  0.6200E-14  0.5670E-13  0.1090E-12  0.1470E-12  0.1890E-12  0.2130E-12  0.2070E-12  0.1770E-12  0.1560E-12
  0.1000E+14  0.1000E-73  0.1000E-73  0.3010E-33  0.2150E-22  0.4840E-17  0.6200E-14  0.5670E-13  0.1090E-12  0.1470E-12  0.1890E-12  0.2130E-12  0.2070E-12  0.1770E-12  0.1560E-12
  0.1000E+15  0.1000E-73  0.1000E-73  0.3010E-33  0.2150E-22  0.4840E-17  0.6200E-14  0.5670E-13  0.1090E-12  0.1470E-12  0.1890E-12  0.2130E-12  0.2070E-12  0.1770E-12  0.1560E-12
  0.1000E+16  0.1000E-73  0.1000E-73  0.3010E-33  0.2150E-22  0.4840E-17  0.6200E-14  0.5670E-13  0.1090E-12  0.1470E-12  0.1890E-12  0.2130E-12  0.2070E-12  0.1770E-12  0.1560E-12
  0.1000E+17  0.1000E-73  0.1000E-73  0.3010E-33  0.2150E-22  0.4840E-17  0.6200E-14  0.5670E-13  0.1090E-12  0.1470E-12  0.1890E-12  0.2130E-12  0.2070E-12  0.1770E-12  0.1560E-12
WAVELENGTH(A)= 
     1.151
 7 14 t 
excit   
    86.900    130.000    217.000    434.000    869.000   2170.000   4340.000   6520.000   8690.000  13000.000  21700.000  43400.000  86900.000 130000.000 
  0.1000E+11  0.1000E-73  0.1000E-73  0.9040E-38  0.2030E-26  0.2220E-20  0.3460E-16  0.8820E-15  0.2470E-14  0.4040E-14  0.6400E-14  0.8920E-14  0.1100E-13  0.1160E-13  0.1160E-13
  0.1000E+12  0.1000E-73  0.1000E-73  0.9040E-38  0.2030E-26  0.2220E-20  0.3460E-16  0.8820E-15  0.2470E-14  0.4040E-14  0.6400E-14  0.8920E-14  0.1100E-13  0.1160E-13  0.1160E-13
  0.1000E+13  0.1000E-73  0.1000E-73  0.9040E-38  0.2030E-26  0.2220E-20  0.3460E-16  0.8820E-15  0.2470E-14  0.4040E-14  0.6400E-14  0.8920E-14  0.1100E-13  0.1160E-13  0.1160E-13
  0.1000E+14  0.1000E-73  0.1000E-73  0.9040E-38  0.2030E-26  0.2220E-20  0.3460E-16  0.8820E-15  0.2470E-14  0.4040E-14  0.6400E-14  0.8920E-14  0.1100E-13  0.1160E-13  0.1160E-13
  0.1000E+15  0.1000E-73  0.1000E-73  0.9050E-38  0.2030E-26  0.2220E-20  0.3460E-16  0.8820E-15  0.2470E-14  0.4040E-14  0.6400E-14  0.8920E-14  0.1100E-13  0.1160E-13  0.1160E-13
  0.1000E+16  0.1000E-73  0.1000E-73  0.9140E-38  0.2040E-26  0.2220E-20  0.3460E-16  0.8820E-15  0.2470E-14  0.4040E-14  0.6400E-14  0.8920E-14  0.1100E-13  0.1160E-13  0.1160E-13
  0.1000E+17  0.1000E-73  0.1000E-73  0.1000E-37  0.2090E-26  0.2230E-20  0.3460E-16  0.8820E-15  0.2470E-14  0.4040E-14  0.6400E-14  0.8920E-14  0.1100E-13  0.1160E-13  0.1160E-13
WAVELENGTH(A)= 
     1.242
 7 14 t 
excit   
    86.900    130.000    217.000    434.000    869.000   2170.000   4340.000   6520.000   8690.000  13000.000  21700.000  43400.000  86900.000 130000.000 
  0.1000E+11  0.1000E-73  0.1000E-73  0.5300E-35  0.1690E-23  0.8070E-18  0.1610E-14  0.1680E-13  0.3390E-13  0.4640E-13  0.6020E-13  0.6850E-13  0.6600E-13  0.5580E-13  0.4870E-13
  0.1000E+12  0.1000E-73  0.1000E-73  0.5300E-35  0.1690E-23  0.8070E-18  0.1610E-14  0.1680E-13  0.3390E-13  0.4640E-13  0.6020E-13  0.6850E-13  0.6600E-13  0.5580E-13  0.4870E-13
  0.1000E+13  0.1000E-73  0.1000E-73  0.5300E-35  0.1690E-23  0.8070E-18  0.1610E-14  0.1680E-13  0.3390E-13  0.4640E-13  0.6020E-13  0.6850E-13  0.6600E-13  0.5580E-13  0.4870E-13
  0.1000E+14  0.1000E-73  0.1000E-73  0.5300E-35  0.1690E-23  0.8070E-18  0.1610E-14  0.1680E-13  0.3390E-13  0.4640E-13  0.6020E-13  0.6850E-13  0.6600E-13  0.5580E-13  0.4870E-13
  0.1000E+15  0.1000E-73  0.1000E-73  0.5300E-35  0.1690E-23  0.8070E-18  0.1610E-14  0.1680E-13  0.3390E-13  0.4640E-13  0.6020E-13  0.6850E-13  0.6600E-13  0.5580E-13  0.4870E-13
  0.1000E+16  0.1000E-73  0.1000E-73  0.5300E-35  0.1690E-23  0.8070E-18  0.1610E-14  0.1680E-13  0.3390E-13  0.4640E-13  0.6020E-13  0.6850E-13  0.6600E-13  0.5580E-13  0.4870E-13
  0.1000E+17  0.1000E-73  0.1000E-73  0.5300E-35  0.1690E-23  0.8070E-18  0.1610E-14  0.1680E-13  0.3390E-13  0.4640E-13  0.6020E-13  0.6850E-13  0.6600E-13  0.5580E-13  0.4870E-13
WAVELENGTH(A)= 
     1.251
 7 14 t 
excit   
    86.900    130.000    217.000    434.000    869.000   2170.000   4340.000   6520.000   8690.000  13000.000  21700.000  43400.000  86900.000 130000.000 
  0.1000E+11  0.1000E-73  0.1000E-73  0.5960E-34  0.1900E-22  0.9070E-17  0.1810E-13  0.1890E-12  0.3810E-12  0.5220E-12  0.6770E-12  0.7700E-12  0.7420E-12  0.6270E-12  0.5470E-12
  0.1000E+12  0.1000E-73  0.1000E-73  0.5960E-34  0.1900E-22  0.9070E-17  0.1810E-13  0.1890E-12  0.3810E-12  0.5220E-12  0.6770E-12  0.7700E-12  0.7420E-12  0.6270E-12  0.5470E-12
  0.1000E+13  0.1000E-73  0.1000E-73  0.5960E-34  0.1900E-22  0.9070E-17  0.1810E-13  0.1890E-12  0.3810E-12  0.5220E-12  0.6770E-12  0.7700E-12  0.7420E-12  0.6270E-12  0.5470E-12
  0.1000E+14  0.1000E-73  0.1000E-73  0.5960E-34  0.1900E-22  0.9070E-17  0.1810E-13  0.1890E-12  0.3810E-12  0.5220E-12  0.6770E-12  0.7700E-12  0.7420E-12  0.6270E-12  0.5470E-12
  0.1000E+15  0.1000E-73  0.1000E-73  0.5960E-34  0.1900E-22  0.9070E-17  0.1810E-13  0.1890E-12  0.3810E-12  0.5220E-12  0.6770E-12  0.7700E-12  0.7420E-12  0.6270E-12  0.5470E-12
  0.1000E+16  0.1000E-73  0.1000E-73  0.5960E-34  0.1900E-22  0.9070E-17  0.1810E-13  0.1890E-12  0.3810E-12  0.5220E-12  0.6770E-12  0.7700E-12  0.7420E-12  0.6270E-12  0.5470E-12
  0.1000E+17  0.1000E-73  0.1000E-73  0.5960E-34  0.1900E-22  0.9070E-17  0.1810E-13  0.1890E-12  0.3810E-12  0.5220E-12  0.6770E-12  0.7700E-12  0.7420E-12  0.6270E-12  0.5470E-12
WAVELENGTH(A)= 
     1.257
 7 14 t 
excit   
    86.900    130.000    217.000    434.000    869.000   2170.000   4340.000   6520.000   8690.000  13000.000  21700.000  43400.000  86900.000 130000.000 
  0.1000E+11  0.1000E-73  0.1000E-73  0.6530E-35  0.1580E-23  0.6480E-18  0.1190E-14  0.1210E-13  0.2410E-13  0.3280E-13  0.4240E-13  0.4800E-13  0.4650E-13  0.3910E-13  0.3420E-13
  0.1000E+12  0.1000E-73  0.1000E-73  0.6530E-35  0.1580E-23  0.6480E-18  0.1190E-14  0.1210E-13  0.2410E-13  0.3280E-13  0.4240E-13  0.4800E-13  0.4650E-13  0.3910E-13  0.3420E-13
  0.1000E+13  0.1000E-73  0.1000E-73  0.6530E-35  0.1580E-23  0.6480E-18  0.1190E-14  0.1210E-13  0.2410E-13  0.3280E-13  0.4240E-13  0.4800E-13  0.4650E-13  0.3910E-13  0.3420E-13
  0.1000E+14  0.1000E-73  0.1000E-73  0.6530E-35  0.1580E-23  0.6480E-18  0.1190E-14  0.1210E-13  0.2410E-13  0.3280E-13  0.4240E-13  0.4800E-13  0.4650E-13  0.3910E-13  0.3420E-13
  0.1000E+15  0.1000E-73  0.1000E-73  0.6530E-35  0.1580E-23  0.6480E-18  0.1190E-14  0.1210E-13  0.2410E-13  0.3280E-13  0.4240E-13  0.4800E-13  0.4650E-13  0.3910E-13  0.3420E-13
  0.1000E+16  0.1000E-73  0.1000E-73  0.6530E-35  0.1580E-23  0.6480E-18  0.1190E-14  0.1210E-13  0.2410E-13  0.3280E-13  0.4240E-13  0.4800E-13  0.4650E-13  0.3910E-13  0.3420E-13
  0.1000E+17  0.1000E-73  0.1000E-73  0.6530E-35  0.1580E-23  0.6490E-18  0.1190E-14  0.1210E-13  0.2410E-13  0.3280E-13  0.4240E-13  0.4800E-13  0.4650E-13  0.3910E-13  0.3420E-13
WAVELENGTH(A)= 
     1.322
 7 14 t 
excit   
    86.900    130.000    217.000    434.000    869.000   2170.000   4340.000   6520.000   8690.000  13000.000  21700.000  43400.000  86900.000 130000.000 
  0.1000E+11  0.1000E-73  0.1000E-73  0.6230E-41  0.6670E-30  0.1040E-22  0.1410E-17  0.1150E-15  0.4390E-15  0.7990E-15  0.1350E-14  0.1910E-14  0.2240E-14  0.2200E-14  0.2080E-14
  0.1000E+12  0.1000E-73  0.1000E-73  0.6230E-41  0.6670E-30  0.1040E-22  0.1410E-17  0.1150E-15  0.4390E-15  0.7990E-15  0.1350E-14  0.1910E-14  0.2240E-14  0.2200E-14  0.2080E-14
  0.1000E+13  0.1000E-73  0.1000E-73  0.6250E-41  0.6670E-30  0.1040E-22  0.1410E-17  0.1150E-15  0.4390E-15  0.7990E-15  0.1350E-14  0.1910E-14  0.2240E-14  0.2200E-14  0.2080E-14
  0.1000E+14  0.1000E-73  0.1000E-73  0.6310E-41  0.6710E-30  0.1040E-22  0.1410E-17  0.1150E-15  0.4390E-15  0.7990E-15  0.1350E-14  0.1910E-14  0.2240E-14  0.2200E-14  0.2080E-14
  0.1000E+15  0.1000E-73  0.1000E-73  0.6890E-41  0.7070E-30  0.1040E-22  0.1410E-17  0.1150E-15  0.4390E-15  0.7990E-15  0.1350E-14  0.1910E-14  0.2240E-14  0.2200E-14  0.2080E-14
  0.1000E+16  0.1000E-73  0.1000E-73  0.1280E-40  0.1070E-29  0.1050E-22  0.1410E-17  0.1150E-15  0.4390E-15  0.7990E-15  0.1350E-14  0.1910E-14  0.2240E-14  0.2200E-14  0.2080E-14
  0.1000E+17  0.1000E-73  0.1000E-73  0.7140E-40  0.4720E-29  0.1120E-22  0.1410E-17  0.1150E-15  0.4390E-15  0.7990E-15  0.1360E-14  0.1910E-14  0.2240E-14  0.2200E-14  0.2080E-14
WAVELENGTH(A)= 
     1.332
 7 14 t 
excit   
    86.900    130.000    217.000    434.000    869.000   2170.000   4340.000   6520.000   8690.000  13000.000  21700.000  43400.000  86900.000 130000.000 
  0.1000E+11  0.1000E-73  0.1000E-73  0.1390E-37  0.3110E-26  0.3400E-20  0.5310E-16  0.1350E-14  0.3790E-14  0.6190E-14  0.9810E-14  0.1370E-13  0.1680E-13  0.1780E-13  0.1770E-13
  0.1000E+12  0.1000E-73  0.1000E-73  0.1390E-37  0.3110E-26  0.3400E-20  0.5310E-16  0.1350E-14  0.3790E-14  0.6190E-14  0.9810E-14  0.1370E-13  0.1680E-13  0.1780E-13  0.1770E-13
  0.1000E+13  0.1000E-73  0.1000E-73  0.1390E-37  0.3110E-26  0.3400E-20  0.5310E-16  0.1350E-14  0.3790E-14  0.6190E-14  0.9810E-14  0.1370E-13  0.1680E-13  0.1780E-13  0.1770E-13
  0.1000E+14  0.1000E-73  0.1000E-73  0.1390E-37  0.3110E-26  0.3400E-20  0.5310E-16  0.1350E-14  0.3790E-14  0.6190E-14  0.9810E-14  0.1370E-13  0.1680E-13  0.1780E-13  0.1770E-13
  0.1000E+15  0.1000E-73  0.1000E-73  0.1390E-37  0.3110E-26  0.3400E-20  0.5310E-16  0.1350E-14  0.3790E-14  0.6190E-14  0.9810E-14  0.1370E-13  0.1680E-13  0.1780E-13  0.1770E-13
  0.1000E+16  0.1000E-73  0.1000E-73  0.1400E-37  0.3120E-26  0.3400E-20  0.5310E-16  0.1350E-14  0.3790E-14  0.6190E-14  0.9810E-14  0.1370E-13  0.1680E-13  0.1780E-13  0.1770E-13
  0.1000E+17  0.1000E-73  0.1000E-73  0.1540E-37  0.3200E-26  0.3410E-20  0.5310E-16  0.1350E-14  0.3790E-14  0.6190E-14  0.9810E-14  0.1370E-13  0.1680E-13  0.1780E-13  0.1770E-13
WAVELENGTH(A)= 
     1.339
 7 14 t 
excit   
    86.900    130.000    217.000    434.000    869.000   2170.000   4340.000   6520.000   8690.000  13000.000  21700.000  43400.000  86900.000 130000.000 
  0.1000E+11  0.1000E-73  0.1000E-73  0.4400E-33  0.3140E-22  0.7060E-17  0.9060E-14  0.8290E-13  0.1600E-12  0.2150E-12  0.2760E-12  0.3110E-12  0.3030E-12  0.2580E-12  0.2280E-12
  0.1000E+12  0.1000E-73  0.1000E-73  0.4400E-33  0.3140E-22  0.7060E-17  0.9060E-14  0.8290E-13  0.1600E-12  0.2150E-12  0.2760E-12  0.3110E-12  0.3030E-12  0.2580E-12  0.2280E-12
  0.1000E+13  0.1000E-73  0.1000E-73  0.4400E-33  0.3140E-22  0.7060E-17  0.9060E-14  0.8290E-13  0.1600E-12  0.2150E-12  0.2760E-12  0.3110E-12  0.3030E-12  0.2580E-12  0.2280E-12
  0.1000E+14  0.1000E-73  0.1000E-73  0.4400E-33  0.3140E-22  0.7060E-17  0.9060E-14  0.8290E-13  0.1600E-12  0.2150E-12  0.2760E-12  0.3110E-12  0.3030E-12  0.2580E-12  0.2280E-12
  0.1000E+15  0.1000E-73  0.1000E-73  0.4400E-33  0.3140E-22  0.7060E-17  0.9060E-14  0.8290E-13  0.1600E-12  0.2150E-12  0.2760E-12  0.3110E-12  0.3030E-12  0.2580E-12  0.2280E-12
  0.1000E+16  0.1000E-73  0.1000E-73  0.4400E-33  0.3140E-22  0.7060E-17  0.9060E-14  0.8290E-13  0.1600E-12  0.2150E-12  0.2760E-12  0.3110E-12  0.3030E-12  0.2580E-12  0.2280E-12
  0.1000E+17  0.1000E-73  0.1000E-73  0.4400E-33  0.3140E-22  0.7060E-17  0.9060E-14  0.8290E-13  0.1600E-12  0.2150E-12  0.2760E-12  0.3110E-12  0.3030E-12  0.2580E-12  0.2280E-12
WAVELENGTH(A)= 
     1.343
 7 14 t 
excit   
    86.900    130.000    217.000    434.000    869.000   2170.000   4340.000   6520.000   8690.000  13000.000  21700.000  43400.000  86900.000 130000.000 
  0.1000E+11  0.1000E-73  0.1000E-73  0.2450E-38  0.5500E-27  0.6010E-21  0.9380E-17  0.2390E-15  0.6700E-15  0.1100E-14  0.1740E-14  0.2420E-14  0.2970E-14  0.3150E-14  0.3130E-14
  0.1000E+12  0.1000E-73  0.1000E-73  0.2450E-38  0.5500E-27  0.6010E-21  0.9380E-17  0.2390E-15  0.6700E-15  0.1100E-14  0.1740E-14  0.2420E-14  0.2970E-14  0.3150E-14  0.3130E-14
  0.1000E+13  0.1000E-73  0.1000E-73  0.2450E-38  0.5500E-27  0.6010E-21  0.9380E-17  0.2390E-15  0.6700E-15  0.1100E-14  0.1740E-14  0.2420E-14  0.2970E-14  0.3150E-14  0.3130E-14
  0.1000E+14  0.1000E-73  0.1000E-73  0.2450E-38  0.5500E-27  0.6010E-21  0.9380E-17  0.2390E-15  0.6700E-15  0.1100E-14  0.1740E-14  0.2420E-14  0.2970E-14  0.3150E-14  0.3130E-14
  0.1000E+15  0.1000E-73  0.1000E-73  0.2450E-38  0.5510E-27  0.6010E-21  0.9380E-17  0.2390E-15  0.6700E-15  0.1100E-14  0.1740E-14  0.2420E-14  0.2970E-14  0.3150E-14  0.3130E-14
  0.1000E+16  0.1000E-73  0.1000E-73  0.2480E-38  0.5520E-27  0.6010E-21  0.9380E-17  0.2390E-15  0.6700E-15  0.1100E-14  0.1740E-14  0.2420E-14  0.2970E-14  0.3150E-14  0.3130E-14
  0.1000E+17  0.1000E-73  0.1000E-73  0.2720E-38  0.5650E-27  0.6030E-21  0.9390E-17  0.2390E-15  0.6700E-15  0.1100E-14  0.1740E-14  0.2420E-14  0.2970E-14  0.3150E-14  0.3130E-14
WAVELENGTH(A)= 
     1.928
 7 14 t 
excit   
    86.900    130.000    217.000    434.000    869.000   2170.000   4340.000   6520.000   8690.000  13000.000  21700.000  43400.000  86900.000 130000.000 
  0.1000E+11  0.1000E-73  0.1000E-73  0.1000E-73  0.3840E-31  0.2500E-22  0.3800E-17  0.1670E-15  0.5390E-15  0.9300E-15  0.1510E-14  0.2040E-14  0.2190E-14  0.1920E-14  0.1690E-14
  0.1000E+12  0.1000E-73  0.1000E-73  0.1000E-73  0.3840E-31  0.2500E-22  0.3800E-17  0.1670E-15  0.5390E-15  0.9300E-15  0.1510E-14  0.2040E-14  0.2190E-14  0.1920E-14  0.1690E-14
  0.1000E+13  0.1000E-73  0.1000E-73  0.1000E-73  0.3840E-31  0.2500E-22  0.3800E-17  0.1670E-15  0.5390E-15  0.9300E-15  0.1510E-14  0.2040E-14  0.2190E-14  0.1920E-14  0.1690E-14
  0.1000E+14  0.1000E-73  0.1000E-73  0.1000E-73  0.3840E-31  0.2500E-22  0.3800E-17  0.1670E-15  0.5390E-15  0.9300E-15  0.1510E-14  0.2040E-14  0.2190E-14  0.1920E-14  0.1690E-14
  0.1000E+15  0.1000E-73  0.1000E-73  0.1000E-73  0.3840E-31  0.2500E-22  0.3800E-17  0.1670E-15  0.5390E-15  0.9300E-15  0.1510E-14  0.2040E-14  0.2190E-14  0.1920E-14  0.1690E-14
  0.1000E+16  0.1000E-73  0.1000E-73  0.1000E-73  0.3840E-31  0.2500E-22  0.3800E-17  0.1670E-15  0.5390E-15  0.9300E-15  0.1510E-14  0.2040E-14  0.2190E-14  0.1920E-14  0.1690E-14
  0.1000E+17  0.1000E-73  0.1000E-73  0.1000E-73  0.3840E-31  0.2500E-22  0.3800E-17  0.1670E-15  0.5390E-15  0.9300E-15  0.1510E-14  0.2040E-14  0.2190E-14  0.1920E-14  0.1690E-14
WAVELENGTH(A)= 
     1.938
 7 14 t 
excit   
    86.900    130.000    217.000    434.000    869.000   2170.000   4340.000   6520.000   8690.000  13000.000  21700.000  43400.000  86900.000 130000.000 
  0.1000E+11  0.1000E-73  0.1000E-73  0.1000E-73  0.9520E-31  0.3420E-22  0.3680E-17  0.1470E-15  0.4690E-15  0.8150E-15  0.1370E-14  0.2010E-14  0.2570E-14  0.2810E-14  0.2820E-14
  0.1000E+12  0.1000E-73  0.1000E-73  0.1000E-73  0.9520E-31  0.3420E-22  0.3680E-17  0.1470E-15  0.4690E-15  0.8150E-15  0.1370E-14  0.2010E-14  0.2570E-14  0.2810E-14  0.2820E-14
  0.1000E+13  0.1000E-73  0.1000E-73  0.1000E-73  0.9520E-31  0.3420E-22  0.3680E-17  0.1470E-15  0.4690E-15  0.8150E-15  0.1370E-14  0.2010E-14  0.2570E-14  0.2810E-14  0.2820E-14
  0.1000E+14  0.1000E-73  0.1000E-73  0.1000E-73  0.9520E-31  0.3420E-22  0.3680E-17  0.1470E-15  0.4690E-15  0.8150E-15  0.1370E-14  0.2010E-14  0.2570E-14  0.2810E-14  0.2820E-14
  0.1000E+15  0.1000E-73  0.1000E-73  0.1000E-73  0.9520E-31  0.3420E-22  0.3680E-17  0.1470E-15  0.4690E-15  0.8150E-15  0.1370E-14  0.2010E-14  0.2570E-14  0.2810E-14  0.2820E-14
  0.1000E+16  0.1000E-73  0.1000E-73  0.1000E-73  0.9520E-31  0.3420E-22  0.3680E-17  0.1470E-15  0.4690E-15  0.8150E-15  0.1370E-14  0.2010E-14  0.2570E-14  0.2810E-14  0.2820E-14
  0.1000E+17  0.1000E-73  0.1000E-73  0.1000E-73  0.9520E-31  0.3420E-22  0.3680E-17  0.1470E-15  0.4690E-15  0.8150E-15  0.1370E-14  0.2010E-14  0.2570E-14  0.2810E-14  0.2820E-14
WAVELENGTH(A)= 
     2.095
 7 14 t 
excit   
    86.900    130.000    217.000    434.000    869.000   2170.000   4340.000   6520.000   8690.000  13000.000  21700.000  43400.000  86900.000 130000.000 
  0.1000E+11  0.1000E-73  0.1000E-73  0.1000E-73  0.2270E-30  0.8240E-22  0.8780E-17  0.3430E-15  0.1070E-14  0.1810E-14  0.2890E-14  0.3840E-14  0.4100E-14  0.3580E-14  0.3150E-14
  0.1000E+12  0.1000E-73  0.1000E-73  0.1000E-73  0.2270E-30  0.8240E-22  0.8780E-17  0.3430E-15  0.1070E-14  0.1810E-14  0.2890E-14  0.3840E-14  0.4100E-14  0.3580E-14  0.3150E-14
  0.1000E+13  0.1000E-73  0.1000E-73  0.1000E-73  0.2270E-30  0.8240E-22  0.8780E-17  0.3430E-15  0.1070E-14  0.1810E-14  0.2890E-14  0.3840E-14  0.4100E-14  0.3580E-14  0.3150E-14
  0.1000E+14  0.1000E-73  0.1000E-73  0.1000E-73  0.2270E-30  0.8240E-22  0.8780E-17  0.3430E-15  0.1070E-14  0.1810E-14  0.2890E-14  0.3840E-14  0.4100E-14  0.3580E-14  0.3150E-14
  0.1000E+15  0.1000E-73  0.1000E-73  0.1000E-73  0.2270E-30  0.8240E-22  0.8780E-17  0.3430E-15  0.1070E-14  0.1810E-14  0.2890E-14  0.3840E-14  0.4100E-14  0.3580E-14  0.3150E-14
  0.1000E+16  0.1000E-73  0.1000E-73  0.1000E-73  0.2270E-30  0.8240E-22  0.8780E-17  0.3430E-15  0.1070E-14  0.1810E-14  0.2890E-14  0.3840E-14  0.4100E-14  0.3580E-14  0.3150E-14
  0.1000E+17  0.1000E-73  0.1000E-73  0.1000E-73  0.2270E-30  0.8240E-22  0.8780E-17  0.3430E-15  0.1070E-14  0.1810E-14  0.2890E-14  0.3840E-14  0.4100E-14  0.3580E-14  0.3150E-14
WAVELENGTH(A)= 
     2.124
 7 14 t 
excit   
    86.900    130.000    217.000    434.000    869.000   2170.000   4340.000   6520.000   8690.000  13000.000  21700.000  43400.000  86900.000 130000.000 
  0.1000E+11  0.1000E-73  0.1000E-73  0.1000E-73  0.1610E-30  0.5310E-22  0.5380E-17  0.2070E-15  0.6430E-15  0.1090E-14  0.1750E-14  0.2340E-14  0.2540E-14  0.2270E-14  0.2020E-14
  0.1000E+12  0.1000E-73  0.1000E-73  0.1000E-73  0.1610E-30  0.5310E-22  0.5380E-17  0.2070E-15  0.6430E-15  0.1090E-14  0.1750E-14  0.2340E-14  0.2540E-14  0.2270E-14  0.2020E-14
  0.1000E+13  0.1000E-73  0.1000E-73  0.1000E-73  0.1610E-30  0.5310E-22  0.5380E-17  0.2070E-15  0.6430E-15  0.1090E-14  0.1750E-14  0.2340E-14  0.2540E-14  0.2270E-14  0.2020E-14
  0.1000E+14  0.1000E-73  0.1000E-73  0.1000E-73  0.1610E-30  0.5310E-22  0.5380E-17  0.2070E-15  0.6430E-15  0.1090E-14  0.1750E-14  0.2340E-14  0.2540E-14  0.2270E-14  0.2020E-14
  0.1000E+15  0.1000E-73  0.1000E-73  0.1000E-73  0.1610E-30  0.5310E-22  0.5380E-17  0.2070E-15  0.6430E-15  0.1090E-14  0.1750E-14  0.2340E-14  0.2540E-14  0.2270E-14  0.2020E-14
  0.1000E+16  0.1000E-73  0.1000E-73  0.1000E-73  0.1610E-30  0.5310E-22  0.5380E-17  0.2070E-15  0.6430E-15  0.1090E-14  0.1750E-14  0.2340E-14  0.2540E-14  0.2270E-14  0.2020E-14
  0.1000E+17  0.1000E-73  0.1000E-73  0.1960E-47  0.1610E-30  0.5310E-22  0.5380E-17  0.2070E-15  0.6430E-15  0.1090E-14  0.1750E-14  0.2340E-14  0.2540E-14  0.2270E-14  0.2020E-14
WAVELENGTH(A)= 
     2.229
 7 14 t 
excit   
    86.900    130.000    217.000    434.000    869.000   2170.000   4340.000   6520.000   8690.000  13000.000  21700.000  43400.000  86900.000 130000.000 
  0.1000E+11  0.1000E-73  0.1000E-73  0.1000E-73  0.6590E-30  0.8900E-22  0.5400E-17  0.1790E-15  0.5380E-15  0.9080E-15  0.1480E-14  0.2120E-14  0.2680E-14  0.2900E-14  0.2920E-14
  0.1000E+12  0.1000E-73  0.1000E-73  0.1000E-73  0.6590E-30  0.8900E-22  0.5400E-17  0.1790E-15  0.5380E-15  0.9080E-15  0.1480E-14  0.2120E-14  0.2680E-14  0.2900E-14  0.2920E-14
  0.1000E+13  0.1000E-73  0.1000E-73  0.1000E-73  0.6590E-30  0.8900E-22  0.5400E-17  0.1790E-15  0.5380E-15  0.9080E-15  0.1480E-14  0.2120E-14  0.2680E-14  0.2900E-14  0.2920E-14
  0.1000E+14  0.1000E-73  0.1000E-73  0.1000E-73  0.6590E-30  0.8900E-22  0.5400E-17  0.1790E-15  0.5380E-15  0.9080E-15  0.1480E-14  0.2120E-14  0.2680E-14  0.2900E-14  0.2920E-14
  0.1000E+15  0.1000E-73  0.1000E-73  0.1000E-73  0.6590E-30  0.8900E-22  0.5400E-17  0.1790E-15  0.5380E-15  0.9080E-15  0.1480E-14  0.2120E-14  0.2680E-14  0.2900E-14  0.2920E-14
  0.1000E+16  0.1000E-73  0.1000E-73  0.1910E-46  0.6590E-30  0.8900E-22  0.5400E-17  0.1790E-15  0.5380E-15  0.9080E-15  0.1480E-14  0.2120E-14  0.2680E-14  0.2900E-14  0.2920E-14
  0.1000E+17  0.1000E-73  0.1000E-73  0.2670E-46  0.6590E-30  0.8900E-22  0.5400E-17  0.1790E-15  0.5380E-15  0.9080E-15  0.1480E-14  0.2120E-14  0.2680E-14  0.2900E-14  0.2920E-14
WAVELENGTH(A)= 
     2.240
 7 14 t 
excit   
    86.900    130.000    217.000    434.000    869.000   2170.000   4340.000   6520.000   8690.000  13000.000  21700.000  43400.000  86900.000 130000.000 
  0.1000E+11  0.1000E-73  0.1000E-73  0.1000E-73  0.1360E-29  0.1840E-21  0.1110E-16  0.3690E-15  0.1110E-14  0.1880E-14  0.3070E-14  0.4390E-14  0.5540E-14  0.5990E-14  0.6030E-14
  0.1000E+12  0.1000E-73  0.1000E-73  0.1000E-73  0.1360E-29  0.1840E-21  0.1110E-16  0.3690E-15  0.1110E-14  0.1880E-14  0.3070E-14  0.4390E-14  0.5540E-14  0.5990E-14  0.6030E-14
  0.1000E+13  0.1000E-73  0.1000E-73  0.1000E-73  0.1360E-29  0.1840E-21  0.1110E-16  0.3690E-15  0.1110E-14  0.1880E-14  0.3070E-14  0.4390E-14  0.5540E-14  0.5990E-14  0.6030E-14
  0.1000E+14  0.1000E-73  0.1000E-73  0.1000E-73  0.1360E-29  0.1840E-21  0.1110E-16  0.3690E-15  0.1110E-14  0.1880E-14  0.3070E-14  0.4390E-14  0.5540E-14  0.5990E-14  0.6030E-14
  0.1000E+15  0.1000E-73  0.1000E-73  0.1000E-73  0.1360E-29  0.1840E-21  0.1110E-16  0.3690E-15  0.1110E-14  0.1880E-14  0.3070E-14  0.4390E-14  0.5540E-14  0.5990E-14  0.6030E-14
  0.1000E+16  0.1000E-73  0.1000E-73  0.3940E-46  0.1360E-29  0.1840E-21  0.1110E-16  0.3690E-15  0.1110E-14  0.1880E-14  0.3070E-14  0.4390E-14  0.5540E-14  0.5990E-14  0.6030E-14
  0.1000E+17  0.1000E-73  0.1000E-73  0.5510E-46  0.1360E-29  0.1840E-21  0.1110E-16  0.3690E-15  0.1110E-14  0.1880E-14  0.3070E-14  0.4390E-14  0.5540E-14  0.5990E-14  0.6030E-14
WAVELENGTH(A)= 
     2.258
 7 14 t 
excit   
    86.900    130.000    217.000    434.000    869.000   2170.000   4340.000   6520.000   8690.000  13000.000  21700.000  43400.000  86900.000 130000.000 
  0.1000E+11  0.1000E-73  0.1000E-73  0.1000E-73  0.1770E-29  0.2340E-21  0.1370E-16  0.4380E-15  0.1280E-14  0.2090E-14  0.3240E-14  0.4200E-14  0.4420E-14  0.3850E-14  0.3380E-14
  0.1000E+12  0.1000E-73  0.1000E-73  0.1000E-73  0.1770E-29  0.2340E-21  0.1370E-16  0.4380E-15  0.1280E-14  0.2090E-14  0.3240E-14  0.4200E-14  0.4420E-14  0.3850E-14  0.3380E-14
  0.1000E+13  0.1000E-73  0.1000E-73  0.1000E-73  0.1770E-29  0.2340E-21  0.1370E-16  0.4380E-15  0.1280E-14  0.2090E-14  0.3240E-14  0.4200E-14  0.4420E-14  0.3850E-14  0.3380E-14
  0.1000E+14  0.1000E-73  0.1000E-73  0.1000E-73  0.1770E-29  0.2340E-21  0.1370E-16  0.4380E-15  0.1280E-14  0.2090E-14  0.3240E-14  0.4200E-14  0.4420E-14  0.3850E-14  0.3380E-14
  0.1000E+15  0.1000E-73  0.1000E-73  0.1000E-73  0.1770E-29  0.2340E-21  0.1370E-16  0.4380E-15  0.1280E-14  0.2090E-14  0.3240E-14  0.4200E-14  0.4420E-14  0.3850E-14  0.3380E-14
  0.1000E+16  0.1000E-73  0.1000E-73  0.1240E-45  0.1770E-29  0.2340E-21  0.1370E-16  0.4380E-15  0.1280E-14  0.2090E-14  0.3240E-14  0.4200E-14  0.4420E-14  0.3850E-14  0.3380E-14
  0.1000E+17  0.1000E-73  0.1000E-73  0.7450E-46  0.1770E-29  0.2340E-21  0.1370E-16  0.4380E-15  0.1280E-14  0.2090E-14  0.3240E-14  0.4200E-14  0.4420E-14  0.3850E-14  0.3380E-14
WAVELENGTH(A)= 
     2.268
 7 14 t 
excit   
    86.900    130.000    217.000    434.000    869.000   2170.000   4340.000   6520.000   8690.000  13000.000  21700.000  43400.000  86900.000 130000.000 
  0.1000E+11  0.1000E-73  0.1000E-73  0.1000E-73  0.1310E-29  0.1580E-21  0.9010E-17  0.2940E-15  0.8790E-15  0.1480E-14  0.2410E-14  0.3440E-14  0.4320E-14  0.4670E-14  0.4660E-14
  0.1000E+12  0.1000E-73  0.1000E-73  0.1000E-73  0.1310E-29  0.1580E-21  0.9010E-17  0.2940E-15  0.8790E-15  0.1480E-14  0.2410E-14  0.3440E-14  0.4320E-14  0.4670E-14  0.4660E-14
  0.1000E+13  0.1000E-73  0.1000E-73  0.1000E-73  0.1310E-29  0.1580E-21  0.9010E-17  0.2940E-15  0.8790E-15  0.1480E-14  0.2410E-14  0.3440E-14  0.4320E-14  0.4670E-14  0.4660E-14
  0.1000E+14  0.1000E-73  0.1000E-73  0.1000E-73  0.1310E-29  0.1580E-21  0.9010E-17  0.2940E-15  0.8790E-15  0.1480E-14  0.2410E-14  0.3440E-14  0.4320E-14  0.4670E-14  0.4660E-14
  0.1000E+15  0.1000E-73  0.1000E-73  0.1000E-73  0.1310E-29  0.1580E-21  0.9010E-17  0.2940E-15  0.8790E-15  0.1480E-14  0.2410E-14  0.3440E-14  0.4320E-14  0.4670E-14  0.4660E-14
  0.1000E+16  0.1000E-73  0.1000E-73  0.7480E-46  0.1310E-29  0.1580E-21  0.9010E-17  0.2940E-15  0.8790E-15  0.1480E-14  0.2410E-14  0.3440E-14  0.4320E-14  0.4670E-14  0.4660E-14
  0.1000E+17  0.1000E-73  0.1000E-73  0.6730E-46  0.1310E-29  0.1580E-21  0.9010E-17  0.2940E-15  0.8790E-15  0.1480E-14  0.2410E-14  0.3440E-14  0.4320E-14  0.4670E-14  0.4660E-14
WAVELENGTH(A)= 
     2.280
 7 14 t 
excit   
    86.900    130.000    217.000    434.000    869.000   2170.000   4340.000   6520.000   8690.000  13000.000  21700.000  43400.000  86900.000 130000.000 
  0.1000E+11  0.1000E-73  0.1000E-73  0.1000E-73  0.6310E-30  0.7650E-22  0.4360E-17  0.1420E-15  0.4250E-15  0.7130E-15  0.1160E-14  0.1660E-14  0.2090E-14  0.2260E-14  0.2250E-14
  0.1000E+12  0.1000E-73  0.1000E-73  0.1000E-73  0.6310E-30  0.7650E-22  0.4360E-17  0.1420E-15  0.4250E-15  0.7130E-15  0.1160E-14  0.1660E-14  0.2090E-14  0.2260E-14  0.2250E-14
  0.1000E+13  0.1000E-73  0.1000E-73  0.1000E-73  0.6310E-30  0.7650E-22  0.4360E-17  0.1420E-15  0.4250E-15  0.7130E-15  0.1160E-14  0.1660E-14  0.2090E-14  0.2260E-14  0.2250E-14
  0.1000E+14  0.1000E-73  0.1000E-73  0.1000E-73  0.6310E-30  0.7650E-22  0.4360E-17  0.1420E-15  0.4250E-15  0.7130E-15  0.1160E-14  0.1660E-14  0.2090E-14  0.2260E-14  0.2250E-14
  0.1000E+15  0.1000E-73  0.1000E-73  0.1000E-73  0.6310E-30  0.7650E-22  0.4360E-17  0.1420E-15  0.4250E-15  0.7130E-15  0.1160E-14  0.1660E-14  0.2090E-14  0.2260E-14  0.2250E-14
  0.1000E+16  0.1000E-73  0.1000E-73  0.3620E-46  0.6310E-30  0.7650E-22  0.4360E-17  0.1420E-15  0.4250E-15  0.7130E-15  0.1160E-14  0.1660E-14  0.2090E-14  0.2260E-14  0.2250E-14
  0.1000E+17  0.1000E-73  0.1000E-73  0.3250E-46  0.6310E-30  0.7650E-22  0.4360E-17  0.1420E-15  0.4250E-15  0.7130E-15  0.1160E-14  0.1660E-14  0.2090E-14  0.2260E-14  0.2250E-14
WAVELENGTH(A)= 
     2.305
 7 14 t 
excit   
    86.900    130.000    217.000    434.000    869.000   2170.000   4340.000   6520.000   8690.000  13000.000  21700.000  43400.000  86900.000 130000.000 
  0.1000E+11  0.1000E-73  0.1000E-73  0.1000E-73  0.1830E-29  0.2150E-21  0.1160E-16  0.3670E-15  0.1060E-14  0.1740E-14  0.2700E-14  0.3530E-14  0.3790E-14  0.3370E-14  0.3000E-14
  0.1000E+12  0.1000E-73  0.1000E-73  0.1000E-73  0.1830E-29  0.2150E-21  0.1160E-16  0.3670E-15  0.1060E-14  0.1740E-14  0.2700E-14  0.3530E-14  0.3790E-14  0.3370E-14  0.3000E-14
  0.1000E+13  0.1000E-73  0.1000E-73  0.1000E-73  0.1830E-29  0.2150E-21  0.1160E-16  0.3670E-15  0.1060E-14  0.1740E-14  0.2700E-14  0.3530E-14  0.3790E-14  0.3370E-14  0.3000E-14
  0.1000E+14  0.1000E-73  0.1000E-73  0.1000E-73  0.1830E-29  0.2150E-21  0.1160E-16  0.3670E-15  0.1060E-14  0.1740E-14  0.2700E-14  0.3530E-14  0.3790E-14  0.3370E-14  0.3000E-14
  0.1000E+15  0.1000E-73  0.1000E-73  0.1000E-73  0.1830E-29  0.2150E-21  0.1160E-16  0.3670E-15  0.1060E-14  0.1740E-14  0.2700E-14  0.3530E-14  0.3790E-14  0.3370E-14  0.3000E-14
  0.1000E+16  0.1000E-73  0.1000E-73  0.8740E-46  0.1830E-29  0.2150E-21  0.1160E-16  0.3670E-15  0.1060E-14  0.1740E-14  0.2700E-14  0.3530E-14  0.3790E-14  0.3370E-14  0.3000E-14
  0.1000E+17  0.1000E-73  0.1000E-73  0.9620E-46  0.1830E-29  0.2150E-21  0.1160E-16  0.3670E-15  0.1060E-14  0.1740E-14  0.2700E-14  0.3530E-14  0.3790E-14  0.3370E-14  0.3000E-14
WAVELENGTH(A)= 
     2.446
 7 14 t 
excit   
    86.900    130.000    217.000    434.000    869.000   2170.000   4340.000   6520.000   8690.000  13000.000  21700.000  43400.000  86900.000 130000.000 
  0.1000E+11  0.1000E-73  0.1000E-73  0.1000E-73  0.3450E-29  0.4700E-21  0.2790E-16  0.9020E-15  0.2630E-14  0.4330E-14  0.6670E-14  0.8660E-14  0.9100E-14  0.7920E-14  0.6960E-14
  0.1000E+12  0.1000E-73  0.1000E-73  0.1000E-73  0.3450E-29  0.4700E-21  0.2790E-16  0.9020E-15  0.2630E-14  0.4330E-14  0.6670E-14  0.8660E-14  0.9100E-14  0.7920E-14  0.6960E-14
  0.1000E+13  0.1000E-73  0.1000E-73  0.1000E-73  0.3450E-29  0.4700E-21  0.2790E-16  0.9020E-15  0.2630E-14  0.4330E-14  0.6670E-14  0.8660E-14  0.9100E-14  0.7920E-14  0.6960E-14
  0.1000E+14  0.1000E-73  0.1000E-73  0.1000E-73  0.3450E-29  0.4700E-21  0.2790E-16  0.9020E-15  0.2630E-14  0.4330E-14  0.6670E-14  0.8660E-14  0.9100E-14  0.7920E-14  0.6960E-14
  0.1000E+15  0.1000E-73  0.1000E-73  0.1000E-73  0.3450E-29  0.4700E-21  0.2790E-16  0.9020E-15  0.2630E-14  0.4330E-14  0.6670E-14  0.8660E-14  0.9100E-14  0.7920E-14  0.6960E-14
  0.1000E+16  0.1000E-73  0.1000E-73  0.1070E-45  0.3450E-29  0.4700E-21  0.2790E-16  0.9020E-15  0.2630E-14  0.4330E-14  0.6670E-14  0.8660E-14  0.9100E-14  0.7920E-14  0.6960E-14
  0.1000E+17  0.1000E-73  0.1000E-73  0.1290E-45  0.3450E-29  0.4700E-21  0.2790E-16  0.9020E-15  0.2630E-14  0.4330E-14  0.6670E-14  0.8660E-14  0.9100E-14  0.7920E-14  0.6960E-14
WAVELENGTH(A)= 
     2.515
 7 14 t 
excit   
    86.900    130.000    217.000    434.000    869.000   2170.000   4340.000   6520.000   8690.000  13000.000  21700.000  43400.000  86900.000 130000.000 
  0.1000E+11  0.1000E-73  0.1000E-73  0.1000E-73  0.2940E-29  0.3460E-21  0.1870E-16  0.5900E-15  0.1700E-14  0.2800E-14  0.4340E-14  0.5670E-14  0.6090E-14  0.5430E-14  0.4820E-14
  0.1000E+12  0.1000E-73  0.1000E-73  0.1000E-73  0.2940E-29  0.3460E-21  0.1870E-16  0.5900E-15  0.1700E-14  0.2800E-14  0.4340E-14  0.5670E-14  0.6090E-14  0.5430E-14  0.4820E-14
  0.1000E+13  0.1000E-73  0.1000E-73  0.1000E-73  0.2940E-29  0.3460E-21  0.1870E-16  0.5900E-15  0.1700E-14  0.2800E-14  0.4340E-14  0.5670E-14  0.6090E-14  0.5430E-14  0.4820E-14
  0.1000E+14  0.1000E-73  0.1000E-73  0.1000E-73  0.2940E-29  0.3460E-21  0.1870E-16  0.5900E-15  0.1700E-14  0.2800E-14  0.4340E-14  0.5670E-14  0.6090E-14  0.5430E-14  0.4820E-14
  0.1000E+15  0.1000E-73  0.1000E-73  0.1000E-73  0.2940E-29  0.3460E-21  0.1870E-16  0.5900E-15  0.1700E-14  0.2800E-14  0.4340E-14  0.5670E-14  0.6090E-14  0.5430E-14  0.4820E-14
  0.1000E+16  0.1000E-73  0.1000E-73  0.1410E-45  0.2940E-29  0.3460E-21  0.1870E-16  0.5900E-15  0.1700E-14  0.2800E-14  0.4340E-14  0.5670E-14  0.6090E-14  0.5430E-14  0.4820E-14
  0.1000E+17  0.1000E-73  0.1000E-73  0.1550E-45  0.2940E-29  0.3460E-21  0.1870E-16  0.5900E-15  0.1700E-14  0.2800E-14  0.4340E-14  0.5670E-14  0.6090E-14  0.5420E-14  0.4820E-14
WAVELENGTH(A)= 
     3.124
 7 14 t 
excit   
    86.900    130.000    217.000    434.000    869.000   2170.000   4340.000   6520.000   8690.000  13000.000  21700.000  43400.000  86900.000 130000.000 
  0.1000E+11  0.1000E-73  0.1000E-73  0.1000E-73  0.6250E-28  0.1340E-20  0.2760E-16  0.6520E-15  0.1760E-14  0.2820E-14  0.4390E-14  0.6080E-14  0.7510E-14  0.8080E-14  0.8110E-14
  0.1000E+12  0.1000E-73  0.1000E-73  0.1000E-73  0.6250E-28  0.1340E-20  0.2760E-16  0.6520E-15  0.1760E-14  0.2820E-14  0.4390E-14  0.6080E-14  0.7510E-14  0.8080E-14  0.8110E-14
  0.1000E+13  0.1000E-73  0.1000E-73  0.1050E-42  0.6250E-28  0.1340E-20  0.2760E-16  0.6520E-15  0.1760E-14  0.2820E-14  0.4390E-14  0.6080E-14  0.7510E-14  0.8080E-14  0.8110E-14
  0.1000E+14  0.1000E-73  0.1000E-73  0.9810E-43  0.6250E-28  0.1340E-20  0.2760E-16  0.6520E-15  0.1760E-14  0.2820E-14  0.4390E-14  0.6080E-14  0.7510E-14  0.8080E-14  0.8110E-14
  0.1000E+15  0.1000E-73  0.1000E-73  0.9980E-43  0.6250E-28  0.1340E-20  0.2760E-16  0.6520E-15  0.1760E-14  0.2820E-14  0.4390E-14  0.6080E-14  0.7510E-14  0.8080E-14  0.8110E-14
  0.1000E+16  0.1000E-73  0.1000E-73  0.9970E-43  0.6250E-28  0.1340E-20  0.2760E-16  0.6520E-15  0.1760E-14  0.2820E-14  0.4390E-14  0.6080E-14  0.7510E-14  0.8080E-14  0.8110E-14
  0.1000E+17  0.1000E-73  0.1000E-73  0.9970E-43  0.6250E-28  0.1340E-20  0.2760E-16  0.6520E-15  0.1760E-14  0.2820E-14  0.4390E-14  0.6080E-14  0.7510E-14  0.8080E-14  0.8110E-14
WAVELENGTH(A)= 
     3.146
 7 14 t 
excit   
    86.900    130.000    217.000    434.000    869.000   2170.000   4340.000   6520.000   8690.000  13000.000  21700.000  43400.000  86900.000 130000.000 
  0.1000E+11  0.1000E-73  0.1000E-73  0.1000E-73  0.1290E-27  0.2760E-20  0.5670E-16  0.1340E-14  0.3620E-14  0.5800E-14  0.9020E-14  0.1250E-13  0.1540E-13  0.1660E-13  0.1670E-13
  0.1000E+12  0.1000E-73  0.1000E-73  0.1000E-73  0.1290E-27  0.2760E-20  0.5670E-16  0.1340E-14  0.3620E-14  0.5800E-14  0.9020E-14  0.1250E-13  0.1540E-13  0.1660E-13  0.1670E-13
  0.1000E+13  0.1000E-73  0.1000E-73  0.2160E-42  0.1290E-27  0.2760E-20  0.5670E-16  0.1340E-14  0.3620E-14  0.5800E-14  0.9020E-14  0.1250E-13  0.1540E-13  0.1660E-13  0.1670E-13
  0.1000E+14  0.1000E-73  0.1000E-73  0.2020E-42  0.1290E-27  0.2760E-20  0.5670E-16  0.1340E-14  0.3620E-14  0.5800E-14  0.9020E-14  0.1250E-13  0.1540E-13  0.1660E-13  0.1670E-13
  0.1000E+15  0.1000E-73  0.1000E-73  0.2050E-42  0.1290E-27  0.2760E-20  0.5670E-16  0.1340E-14  0.3620E-14  0.5800E-14  0.9020E-14  0.1250E-13  0.1540E-13  0.1660E-13  0.1670E-13
  0.1000E+16  0.1000E-73  0.1000E-73  0.2050E-42  0.1290E-27  0.2760E-20  0.5670E-16  0.1340E-14  0.3620E-14  0.5800E-14  0.9020E-14  0.1250E-13  0.1540E-13  0.1660E-13  0.1670E-13
  0.1000E+17  0.1000E-73  0.1000E-73  0.2050E-42  0.1290E-27  0.2760E-20  0.5670E-16  0.1340E-14  0.3620E-14  0.5800E-14  0.9020E-14  0.1250E-13  0.1540E-13  0.1660E-13  0.1670E-13
WAVELENGTH(A)= 
     3.177
 7 14 t 
excit   
    86.900    130.000    217.000    434.000    869.000   2170.000   4340.000   6520.000   8690.000  13000.000  21700.000  43400.000  86900.000 130000.000 
  0.1000E+11  0.1000E-73  0.1000E-73  0.1000E-73  0.1960E-27  0.4180E-20  0.8180E-16  0.1820E-14  0.4720E-14  0.7260E-14  0.1060E-13  0.1320E-13  0.1350E-13  0.1160E-13  0.1020E-13
  0.1000E+12  0.1000E-73  0.1000E-73  0.1000E-73  0.1960E-27  0.4180E-20  0.8180E-16  0.1820E-14  0.4720E-14  0.7260E-14  0.1060E-13  0.1320E-13  0.1350E-13  0.1160E-13  0.1020E-13
  0.1000E+13  0.1000E-73  0.1000E-73  0.2630E-42  0.1960E-27  0.4180E-20  0.8180E-16  0.1820E-14  0.4720E-14  0.7260E-14  0.1060E-13  0.1320E-13  0.1350E-13  0.1160E-13  0.1020E-13
  0.1000E+14  0.1000E-73  0.1000E-73  0.3160E-42  0.1960E-27  0.4180E-20  0.8180E-16  0.1820E-14  0.4720E-14  0.7260E-14  0.1060E-13  0.1320E-13  0.1350E-13  0.1160E-13  0.1020E-13
  0.1000E+15  0.1000E-73  0.1000E-73  0.3060E-42  0.1960E-27  0.4180E-20  0.8180E-16  0.1820E-14  0.4720E-14  0.7260E-14  0.1060E-13  0.1320E-13  0.1350E-13  0.1160E-13  0.1020E-13
  0.1000E+16  0.1000E-73  0.1000E-73  0.3070E-42  0.1960E-27  0.4180E-20  0.8180E-16  0.1820E-14  0.4720E-14  0.7260E-14  0.1060E-13  0.1320E-13  0.1350E-13  0.1160E-13  0.1020E-13
  0.1000E+17  0.1000E-73  0.1000E-73  0.3070E-42  0.1960E-27  0.4180E-20  0.8180E-16  0.1820E-14  0.4720E-14  0.7260E-14  0.1060E-13  0.1320E-13  0.1350E-13  0.1160E-13  0.1020E-13
WAVELENGTH(A)= 
     3.279
 7 14 t 
excit   
    86.900    130.000    217.000    434.000    869.000   2170.000   4340.000   6520.000   8690.000  13000.000  21700.000  43400.000  86900.000 130000.000 
  0.1000E+11  0.1000E-73  0.1000E-73  0.1000E-73  0.1540E-27  0.2660E-20  0.4870E-16  0.1100E-14  0.2940E-14  0.4700E-14  0.7270E-14  0.1000E-13  0.1230E-13  0.1310E-13  0.1320E-13
  0.1000E+12  0.1000E-73  0.1000E-73  0.6260E-42  0.1540E-27  0.2660E-20  0.4870E-16  0.1100E-14  0.2940E-14  0.4700E-14  0.7270E-14  0.1000E-13  0.1230E-13  0.1310E-13  0.1320E-13
  0.1000E+13  0.1000E-73  0.1000E-73  0.3760E-42  0.1540E-27  0.2660E-20  0.4870E-16  0.1100E-14  0.2940E-14  0.4700E-14  0.7270E-14  0.1000E-13  0.1230E-13  0.1310E-13  0.1320E-13
  0.1000E+14  0.1000E-73  0.1000E-73  0.3760E-42  0.1540E-27  0.2660E-20  0.4870E-16  0.1100E-14  0.2940E-14  0.4700E-14  0.7270E-14  0.1000E-13  0.1230E-13  0.1310E-13  0.1320E-13
  0.1000E+15  0.1000E-73  0.1000E-73  0.3780E-42  0.1540E-27  0.2660E-20  0.4870E-16  0.1100E-14  0.2940E-14  0.4700E-14  0.7270E-14  0.1000E-13  0.1230E-13  0.1310E-13  0.1320E-13
  0.1000E+16  0.1000E-73  0.1000E-73  0.3790E-42  0.1540E-27  0.2660E-20  0.4870E-16  0.1100E-14  0.2940E-14  0.4700E-14  0.7270E-14  0.1000E-13  0.1230E-13  0.1310E-13  0.1320E-13
  0.1000E+17  0.1000E-73  0.1000E-73  0.3790E-42  0.1540E-27  0.2660E-20  0.4870E-16  0.1100E-14  0.2940E-14  0.4700E-14  0.7270E-14  0.1000E-13  0.1230E-13  0.1310E-13  0.1320E-13
WAVELENGTH(A)= 
     3.303
 7 14 t 
excit   
    86.900    130.000    217.000    434.000    869.000   2170.000   4340.000   6520.000   8690.000  13000.000  21700.000  43400.000  86900.000 130000.000 
  0.1000E+11  0.1000E-73  0.1000E-73  0.1000E-73  0.7390E-28  0.1280E-20  0.2340E-16  0.5310E-15  0.1410E-14  0.2260E-14  0.3500E-14  0.4820E-14  0.5910E-14  0.6320E-14  0.6330E-14
  0.1000E+12  0.1000E-73  0.1000E-73  0.3010E-42  0.7390E-28  0.1280E-20  0.2340E-16  0.5310E-15  0.1410E-14  0.2260E-14  0.3500E-14  0.4820E-14  0.5910E-14  0.6320E-14  0.6330E-14
  0.1000E+13  0.1000E-73  0.1000E-73  0.1810E-42  0.7390E-28  0.1280E-20  0.2340E-16  0.5310E-15  0.1410E-14  0.2260E-14  0.3500E-14  0.4820E-14  0.5910E-14  0.6320E-14  0.6330E-14
  0.1000E+14  0.1000E-73  0.1000E-73  0.1810E-42  0.7390E-28  0.1280E-20  0.2340E-16  0.5310E-15  0.1410E-14  0.2260E-14  0.3500E-14  0.4820E-14  0.5910E-14  0.6320E-14  0.6330E-14
  0.1000E+15  0.1000E-73  0.1000E-73  0.1820E-42  0.7390E-28  0.1280E-20  0.2340E-16  0.5310E-15  0.1410E-14  0.2260E-14  0.3500E-14  0.4820E-14  0.5910E-14  0.6320E-14  0.6330E-14
  0.1000E+16  0.1000E-73  0.1000E-73  0.1820E-42  0.7390E-28  0.1280E-20  0.2340E-16  0.5310E-15  0.1410E-14  0.2260E-14  0.3500E-14  0.4820E-14  0.5910E-14  0.6320E-14  0.6330E-14
  0.1000E+17  0.1000E-73  0.1000E-73  0.1820E-42  0.7390E-28  0.1280E-20  0.2340E-16  0.5310E-15  0.1410E-14  0.2260E-14  0.3500E-14  0.4820E-14  0.5910E-14  0.6320E-14  0.6330E-14
WAVELENGTH(A)= 
     3.367
 7 14 t 
excit   
    86.900    130.000    217.000    434.000    869.000   2170.000   4340.000   6520.000   8690.000  13000.000  21700.000  43400.000  86900.000 130000.000 
  0.1000E+11  0.1000E-73  0.1000E-73  0.1000E-73  0.3340E-27  0.5520E-20  0.9340E-16  0.2000E-14  0.5140E-14  0.7910E-14  0.1150E-13  0.1450E-13  0.1500E-13  0.1320E-13  0.1170E-13
  0.1000E+12  0.1000E-73  0.1000E-73  0.1010E-41  0.3340E-27  0.5520E-20  0.9340E-16  0.2000E-14  0.5140E-14  0.7910E-14  0.1150E-13  0.1450E-13  0.1500E-13  0.1320E-13  0.1170E-13
  0.1000E+13  0.1000E-73  0.1000E-73  0.8620E-42  0.3340E-27  0.5520E-20  0.9340E-16  0.2000E-14  0.5140E-14  0.7910E-14  0.1150E-13  0.1450E-13  0.1500E-13  0.1320E-13  0.1170E-13
  0.1000E+14  0.1000E-73  0.1000E-73  0.8670E-42  0.3340E-27  0.5520E-20  0.9340E-16  0.2000E-14  0.5140E-14  0.7910E-14  0.1150E-13  0.1450E-13  0.1500E-13  0.1320E-13  0.1170E-13
  0.1000E+15  0.1000E-73  0.1000E-73  0.8660E-42  0.3340E-27  0.5520E-20  0.9340E-16  0.2000E-14  0.5140E-14  0.7910E-14  0.1150E-13  0.1450E-13  0.1500E-13  0.1320E-13  0.1170E-13
  0.1000E+16  0.1000E-73  0.1000E-73  0.8660E-42  0.3340E-27  0.5520E-20  0.9340E-16  0.2000E-14  0.5140E-14  0.7910E-14  0.1150E-13  0.1450E-13  0.1500E-13  0.1320E-13  0.1170E-13
  0.1000E+17  0.1000E-73  0.1000E-73  0.8660E-42  0.3340E-27  0.5520E-20  0.9340E-16  0.2000E-14  0.5140E-14  0.7910E-14  0.1150E-13  0.1450E-13  0.1500E-13  0.1320E-13  0.1170E-13
WAVELENGTH(A)= 
     3.528
 7 14 t 
excit   
    86.900    130.000    217.000    434.000    869.000   2170.000   4340.000   6520.000   8690.000  13000.000  21700.000  43400.000  86900.000 130000.000 
  0.1000E+11  0.1000E-73  0.1000E-73  0.1000E-73  0.3310E-28  0.7470E-21  0.1510E-16  0.3410E-15  0.8850E-15  0.1370E-14  0.2000E-14  0.2490E-14  0.2540E-14  0.2190E-14  0.1920E-14
  0.1000E+12  0.1000E-73  0.1000E-73  0.1000E-73  0.3310E-28  0.7470E-21  0.1510E-16  0.3410E-15  0.8850E-15  0.1370E-14  0.2000E-14  0.2490E-14  0.2540E-14  0.2190E-14  0.1920E-14
  0.1000E+13  0.1000E-73  0.1000E-73  0.3920E-43  0.3310E-28  0.7470E-21  0.1510E-16  0.3410E-15  0.8850E-15  0.1370E-14  0.2000E-14  0.2490E-14  0.2540E-14  0.2190E-14  0.1920E-14
  0.1000E+14  0.1000E-73  0.1000E-73  0.4510E-43  0.3310E-28  0.7470E-21  0.1510E-16  0.3410E-15  0.8850E-15  0.1370E-14  0.2000E-14  0.2490E-14  0.2540E-14  0.2190E-14  0.1920E-14
  0.1000E+15  0.1000E-73  0.1000E-73  0.4590E-43  0.3310E-28  0.7470E-21  0.1510E-16  0.3410E-15  0.8850E-15  0.1370E-14  0.2000E-14  0.2490E-14  0.2540E-14  0.2190E-14  0.1920E-14
  0.1000E+16  0.1000E-73  0.1000E-73  0.4590E-43  0.3310E-28  0.7470E-21  0.1510E-16  0.3410E-15  0.8850E-15  0.1370E-14  0.2000E-14  0.2490E-14  0.2540E-14  0.2190E-14  0.1920E-14
  0.1000E+17  0.1000E-73  0.1000E-73  0.4590E-43  0.3310E-28  0.7470E-21  0.1510E-16  0.3410E-15  0.8850E-15  0.1370E-14  0.2000E-14  0.2490E-14  0.2540E-14  0.2190E-14  0.1920E-14
WAVELENGTH(A)= 
     3.535
 7 14 t 
excit   
    86.900    130.000    217.000    434.000    869.000   2170.000   4340.000   6520.000   8690.000  13000.000  21700.000  43400.000  86900.000 130000.000 
  0.1000E+11  0.1000E-73  0.1000E-73  0.1000E-73  0.3540E-27  0.8010E-20  0.1620E-15  0.3650E-14  0.9480E-14  0.1460E-13  0.2150E-13  0.2670E-13  0.2720E-13  0.2340E-13  0.2060E-13
  0.1000E+12  0.1000E-73  0.1000E-73  0.1000E-73  0.3540E-27  0.8010E-20  0.1620E-15  0.3650E-14  0.9480E-14  0.1460E-13  0.2150E-13  0.2670E-13  0.2720E-13  0.2340E-13  0.2060E-13
  0.1000E+13  0.1000E-73  0.1000E-73  0.4200E-42  0.3540E-27  0.8010E-20  0.1620E-15  0.3650E-14  0.9480E-14  0.1460E-13  0.2150E-13  0.2670E-13  0.2720E-13  0.2340E-13  0.2060E-13
  0.1000E+14  0.1000E-73  0.1000E-73  0.4830E-42  0.3540E-27  0.8010E-20  0.1620E-15  0.3650E-14  0.9480E-14  0.1460E-13  0.2150E-13  0.2670E-13  0.2720E-13  0.2340E-13  0.2060E-13
  0.1000E+15  0.1000E-73  0.1000E-73  0.4920E-42  0.3540E-27  0.8010E-20  0.1620E-15  0.3650E-14  0.9480E-14  0.1460E-13  0.2150E-13  0.2670E-13  0.2720E-13  0.2340E-13  0.2060E-13
  0.1000E+16  0.1000E-73  0.1000E-73  0.4910E-42  0.3540E-27  0.8010E-20  0.1620E-15  0.3650E-14  0.9480E-14  0.1460E-13  0.2150E-13  0.2670E-13  0.2720E-13  0.2340E-13  0.2060E-13
  0.1000E+17  0.1000E-73  0.1000E-73  0.4910E-42  0.3540E-27  0.8000E-20  0.1620E-15  0.3650E-14  0.9480E-14  0.1460E-13  0.2150E-13  0.2670E-13  0.2720E-13  0.2340E-13  0.2060E-13
WAVELENGTH(A)= 
     3.767
 7 14 t 
excit   
    86.900    130.000    217.000    434.000    869.000   2170.000   4340.000   6520.000   8690.000  13000.000  21700.000  43400.000  86900.000 130000.000 
  0.1000E+11  0.1000E-73  0.1000E-73  0.1000E-73  0.3600E-28  0.7740E-21  0.1590E-16  0.3760E-15  0.1010E-14  0.1620E-14  0.2530E-14  0.3500E-14  0.4330E-14  0.4650E-14  0.4670E-14
  0.1000E+12  0.1000E-73  0.1000E-73  0.1000E-73  0.3600E-28  0.7740E-21  0.1590E-16  0.3760E-15  0.1010E-14  0.1620E-14  0.2530E-14  0.3500E-14  0.4330E-14  0.4650E-14  0.4670E-14
  0.1000E+13  0.1000E-73  0.1000E-73  0.6050E-43  0.3600E-28  0.7740E-21  0.1590E-16  0.3760E-15  0.1010E-14  0.1620E-14  0.2530E-14  0.3500E-14  0.4330E-14  0.4650E-14  0.4670E-14
  0.1000E+14  0.1000E-73  0.1000E-73  0.5650E-43  0.3600E-28  0.7740E-21  0.1590E-16  0.3760E-15  0.1010E-14  0.1620E-14  0.2530E-14  0.3500E-14  0.4330E-14  0.4650E-14  0.4670E-14
  0.1000E+15  0.1000E-73  0.1000E-73  0.5750E-43  0.3600E-28  0.7740E-21  0.1590E-16  0.3760E-15  0.1010E-14  0.1620E-14  0.2530E-14  0.3500E-14  0.4330E-14  0.4650E-14  0.4670E-14
  0.1000E+16  0.1000E-73  0.1000E-73  0.5740E-43  0.3600E-28  0.7740E-21  0.1590E-16  0.3760E-15  0.1010E-14  0.1620E-14  0.2530E-14  0.3500E-14  0.4330E-14  0.4650E-14  0.4670E-14
  0.1000E+17  0.1000E-73  0.1000E-73  0.5740E-43  0.3600E-28  0.7740E-21  0.1590E-16  0.3760E-15  0.1010E-14  0.1620E-14  0.2530E-14  0.3500E-14  0.4330E-14  0.4650E-14  0.4670E-14
WAVELENGTH(A)= 
     3.832
 7 14 t 
excit   
    86.900    130.000    217.000    434.000    869.000   2170.000   4340.000   6520.000   8690.000  13000.000  21700.000  43400.000  86900.000 130000.000 
  0.1000E+11  0.1000E-73  0.1000E-73  0.1000E-73  0.4720E-27  0.7810E-20  0.1320E-15  0.2830E-14  0.7270E-14  0.1120E-13  0.1630E-13  0.2050E-13  0.2120E-13  0.1870E-13  0.1660E-13
  0.1000E+12  0.1000E-73  0.1000E-73  0.1430E-41  0.4720E-27  0.7810E-20  0.1320E-15  0.2830E-14  0.7270E-14  0.1120E-13  0.1630E-13  0.2050E-13  0.2120E-13  0.1870E-13  0.1660E-13
  0.1000E+13  0.1000E-73  0.1000E-73  0.1220E-41  0.4720E-27  0.7810E-20  0.1320E-15  0.2830E-14  0.7270E-14  0.1120E-13  0.1630E-13  0.2050E-13  0.2120E-13  0.1870E-13  0.1660E-13
  0.1000E+14  0.1000E-73  0.1000E-73  0.1230E-41  0.4720E-27  0.7810E-20  0.1320E-15  0.2830E-14  0.7270E-14  0.1120E-13  0.1630E-13  0.2050E-13  0.2120E-13  0.1870E-13  0.1660E-13
  0.1000E+15  0.1000E-73  0.1000E-73  0.1220E-41  0.4720E-27  0.7810E-20  0.1320E-15  0.2830E-14  0.7270E-14  0.1120E-13  0.1630E-13  0.2050E-13  0.2120E-13  0.1870E-13  0.1660E-13
  0.1000E+16  0.1000E-73  0.1000E-73  0.1220E-41  0.4720E-27  0.7810E-20  0.1320E-15  0.2830E-14  0.7270E-14  0.1120E-13  0.1630E-13  0.2050E-13  0.2120E-13  0.1870E-13  0.1660E-13
  0.1000E+17  0.1000E-73  0.1000E-73  0.1220E-41  0.4720E-27  0.7810E-20  0.1320E-15  0.2830E-14  0.7270E-14  0.1120E-13  0.1630E-13  0.2050E-13  0.2120E-13  0.1870E-13  0.1660E-13
WAVELENGTH(A)= 
     3.841
 7 14 t 
excit   
    86.900    130.000    217.000    434.000    869.000   2170.000   4340.000   6520.000   8690.000  13000.000  21700.000  43400.000  86900.000 130000.000 
  0.1000E+11  0.1000E-73  0.1000E-73  0.1000E-73  0.4190E-28  0.7270E-21  0.1330E-16  0.3010E-15  0.8020E-15  0.1280E-14  0.1990E-14  0.2730E-14  0.3360E-14  0.3580E-14  0.3590E-14
  0.1000E+12  0.1000E-73  0.1000E-73  0.1710E-42  0.4190E-28  0.7270E-21  0.1330E-16  0.3010E-15  0.8020E-15  0.1280E-14  0.1990E-14  0.2730E-14  0.3360E-14  0.3580E-14  0.3590E-14
  0.1000E+13  0.1000E-73  0.1000E-73  0.1030E-42  0.4190E-28  0.7270E-21  0.1330E-16  0.3010E-15  0.8020E-15  0.1280E-14  0.1990E-14  0.2730E-14  0.3360E-14  0.3580E-14  0.3590E-14
  0.1000E+14  0.1000E-73  0.1000E-73  0.1030E-42  0.4190E-28  0.7270E-21  0.1330E-16  0.3010E-15  0.8020E-15  0.1280E-14  0.1990E-14  0.2730E-14  0.3360E-14  0.3580E-14  0.3590E-14
  0.1000E+15  0.1000E-73  0.1000E-73  0.1030E-42  0.4190E-28  0.7270E-21  0.1330E-16  0.3010E-15  0.8020E-15  0.1280E-14  0.1990E-14  0.2730E-14  0.3360E-14  0.3580E-14  0.3590E-14
  0.1000E+16  0.1000E-73  0.1000E-73  0.1030E-42  0.4190E-28  0.7270E-21  0.1330E-16  0.3010E-15  0.8020E-15  0.1280E-14  0.1990E-14  0.2730E-14  0.3360E-14  0.3580E-14  0.3590E-14
  0.1000E+17  0.1000E-73  0.1000E-73  0.1030E-42  0.4190E-28  0.7270E-21  0.1330E-16  0.3010E-15  0.8020E-15  0.1280E-14  0.1990E-14  0.2730E-14  0.3360E-14  0.3580E-14  0.3590E-14
WAVELENGTH(A)= 
     6.883
 7 14 t 
excit   
    86.900    130.000    217.000    434.000    869.000   2170.000   4340.000   6520.000   8690.000  13000.000  21700.000  43400.000  86900.000 130000.000 
  0.1000E+11  0.1000E-73  0.1000E-73  0.1000E-73  0.5520E-30  0.7460E-22  0.4520E-17  0.1500E-15  0.4510E-15  0.7610E-15  0.1240E-14  0.1780E-14  0.2250E-14  0.2430E-14  0.2450E-14
  0.1000E+12  0.1000E-73  0.1000E-73  0.1000E-73  0.5520E-30  0.7460E-22  0.4520E-17  0.1500E-15  0.4510E-15  0.7610E-15  0.1240E-14  0.1780E-14  0.2250E-14  0.2430E-14  0.2450E-14
  0.1000E+13  0.1000E-73  0.1000E-73  0.1000E-73  0.5520E-30  0.7460E-22  0.4520E-17  0.1500E-15  0.4510E-15  0.7610E-15  0.1240E-14  0.1780E-14  0.2250E-14  0.2430E-14  0.2450E-14
  0.1000E+14  0.1000E-73  0.1000E-73  0.1000E-73  0.5520E-30  0.7460E-22  0.4520E-17  0.1500E-15  0.4510E-15  0.7610E-15  0.1240E-14  0.1780E-14  0.2250E-14  0.2430E-14  0.2450E-14
  0.1000E+15  0.1000E-73  0.1000E-73  0.1000E-73  0.5520E-30  0.7460E-22  0.4520E-17  0.1500E-15  0.4510E-15  0.7610E-15  0.1240E-14  0.1780E-14  0.2250E-14  0.2430E-14  0.2450E-14
  0.1000E+16  0.1000E-73  0.1000E-73  0.1600E-46  0.5520E-30  0.7460E-22  0.4520E-17  0.1500E-15  0.4510E-15  0.7610E-15  0.1240E-14  0.1780E-14  0.2250E-14  0.2430E-14  0.2450E-14
  0.1000E+17  0.1000E-73  0.1000E-73  0.2240E-46  0.5520E-30  0.7460E-22  0.4520E-17  0.1500E-15  0.4510E-15  0.7610E-15  0.1240E-14  0.1780E-14  0.2250E-14  0.2430E-14  0.2450E-14
WAVELENGTH(A)= 
     7.094
 7 14 t 
excit   
    86.900    130.000    217.000    434.000    869.000   2170.000   4340.000   6520.000   8690.000  13000.000  21700.000  43400.000  86900.000 130000.000 
  0.1000E+11  0.4080E-18  0.2730E-15  0.4540E-13  0.1810E-11  0.9770E-11  0.2200E-10  0.2540E-10  0.2530E-10  0.2470E-10  0.2330E-10  0.2110E-10  0.1760E-10  0.1430E-10  0.1250E-10
  0.1000E+12  0.4080E-18  0.2730E-15  0.4540E-13  0.1810E-11  0.9770E-11  0.2200E-10  0.2540E-10  0.2530E-10  0.2470E-10  0.2330E-10  0.2110E-10  0.1760E-10  0.1430E-10  0.1250E-10
  0.1000E+13  0.4080E-18  0.2730E-15  0.4540E-13  0.1810E-11  0.9770E-11  0.2200E-10  0.2540E-10  0.2530E-10  0.2470E-10  0.2330E-10  0.2110E-10  0.1760E-10  0.1430E-10  0.1250E-10
  0.1000E+14  0.4080E-18  0.2730E-15  0.4540E-13  0.1810E-11  0.9770E-11  0.2200E-10  0.2540E-10  0.2530E-10  0.2470E-10  0.2330E-10  0.2110E-10  0.1760E-10  0.1430E-10  0.1250E-10
  0.1000E+15  0.4080E-18  0.2730E-15  0.4540E-13  0.1810E-11  0.9770E-11  0.2200E-10  0.2540E-10  0.2530E-10  0.2470E-10  0.2330E-10  0.2110E-10  0.1760E-10  0.1430E-10  0.1250E-10
  0.1000E+16  0.4080E-18  0.2730E-15  0.4540E-13  0.1810E-11  0.9770E-11  0.2200E-10  0.2540E-10  0.2530E-10  0.2470E-10  0.2330E-10  0.2110E-10  0.1760E-10  0.1430E-10  0.1250E-10
  0.1000E+17  0.4080E-18  0.2730E-15  0.4540E-13  0.1810E-11  0.9770E-11  0.2200E-10  0.2540E-10  0.2530E-10  0.2470E-10  0.2330E-10  0.2110E-10  0.1760E-10  0.1430E-10  0.1250E-10
WAVELENGTH(A)= 
     7.407
 7 14 t 
excit   
    86.900    130.000    217.000    434.000    869.000   2170.000   4340.000   6520.000   8690.000  13000.000  21700.000  43400.000  86900.000 130000.000 
  0.1000E+11  0.1000E-73  0.1000E-73  0.1000E-73  0.1370E-29  0.1610E-21  0.8740E-17  0.2750E-15  0.7940E-15  0.1300E-14  0.2020E-14  0.2650E-14  0.2840E-14  0.2530E-14  0.2250E-14
  0.1000E+12  0.1000E-73  0.1000E-73  0.1000E-73  0.1370E-29  0.1610E-21  0.8740E-17  0.2750E-15  0.7940E-15  0.1300E-14  0.2020E-14  0.2650E-14  0.2840E-14  0.2530E-14  0.2250E-14
  0.1000E+13  0.1000E-73  0.1000E-73  0.1000E-73  0.1370E-29  0.1610E-21  0.8740E-17  0.2750E-15  0.7940E-15  0.1300E-14  0.2020E-14  0.2650E-14  0.2840E-14  0.2530E-14  0.2250E-14
  0.1000E+14  0.1000E-73  0.1000E-73  0.1000E-73  0.1370E-29  0.1610E-21  0.8740E-17  0.2750E-15  0.7940E-15  0.1300E-14  0.2020E-14  0.2650E-14  0.2840E-14  0.2530E-14  0.2250E-14
  0.1000E+15  0.1000E-73  0.1000E-73  0.1000E-73  0.1370E-29  0.1610E-21  0.8740E-17  0.2750E-15  0.7940E-15  0.1300E-14  0.2020E-14  0.2650E-14  0.2840E-14  0.2530E-14  0.2250E-14
  0.1000E+16  0.1000E-73  0.1000E-73  0.6560E-46  0.1370E-29  0.1610E-21  0.8740E-17  0.2750E-15  0.7940E-15  0.1300E-14  0.2020E-14  0.2650E-14  0.2840E-14  0.2530E-14  0.2250E-14
  0.1000E+17  0.1000E-73  0.1000E-73  0.7210E-46  0.1370E-29  0.1610E-21  0.8740E-17  0.2750E-15  0.7940E-15  0.1300E-14  0.2020E-14  0.2650E-14  0.2840E-14  0.2530E-14  0.2250E-14
WAVELENGTH(A)= 
     7.631
 7 14 t 
excit   
    86.900    130.000    217.000    434.000    869.000   2170.000   4340.000   6520.000   8690.000  13000.000  21700.000  43400.000  86900.000 130000.000 
  0.1000E+11  0.1000E-73  0.1000E-73  0.1000E-73  0.1350E-29  0.1850E-21  0.1090E-16  0.3540E-15  0.1030E-14  0.1700E-14  0.2620E-14  0.3400E-14  0.3570E-14  0.3110E-14  0.2730E-14
  0.1000E+12  0.1000E-73  0.1000E-73  0.1000E-73  0.1350E-29  0.1850E-21  0.1090E-16  0.3540E-15  0.1030E-14  0.1700E-14  0.2620E-14  0.3400E-14  0.3570E-14  0.3110E-14  0.2730E-14
  0.1000E+13  0.1000E-73  0.1000E-73  0.1000E-73  0.1350E-29  0.1850E-21  0.1090E-16  0.3540E-15  0.1030E-14  0.1700E-14  0.2620E-14  0.3400E-14  0.3570E-14  0.3110E-14  0.2730E-14
  0.1000E+14  0.1000E-73  0.1000E-73  0.1000E-73  0.1350E-29  0.1850E-21  0.1090E-16  0.3540E-15  0.1030E-14  0.1700E-14  0.2620E-14  0.3400E-14  0.3570E-14  0.3110E-14  0.2730E-14
  0.1000E+15  0.1000E-73  0.1000E-73  0.1000E-73  0.1350E-29  0.1850E-21  0.1090E-16  0.3540E-15  0.1030E-14  0.1700E-14  0.2620E-14  0.3400E-14  0.3570E-14  0.3110E-14  0.2730E-14
  0.1000E+16  0.1000E-73  0.1000E-73  0.4220E-46  0.1350E-29  0.1850E-21  0.1090E-16  0.3540E-15  0.1030E-14  0.1700E-14  0.2620E-14  0.3400E-14  0.3570E-14  0.3110E-14  0.2730E-14
  0.1000E+17  0.1000E-73  0.1000E-73  0.5060E-46  0.1350E-29  0.1840E-21  0.1090E-16  0.3540E-15  0.1030E-14  0.1700E-14  0.2620E-14  0.3400E-14  0.3570E-14  0.3110E-14  0.2730E-14
WAVELENGTH(A)= 
     8.060
 7 14 t 
excit   
    86.900    130.000    217.000    434.000    869.000   2170.000   4340.000   6520.000   8690.000  13000.000  21700.000  43400.000  86900.000 130000.000 
  0.1000E+11  0.1880E-21  0.1260E-18  0.2090E-16  0.8330E-15  0.4500E-14  0.1010E-13  0.1170E-13  0.1160E-13  0.1140E-13  0.1070E-13  0.9700E-14  0.8100E-14  0.6570E-14  0.5760E-14
  0.1000E+12  0.1880E-21  0.1260E-18  0.2090E-16  0.8330E-15  0.4500E-14  0.1010E-13  0.1170E-13  0.1160E-13  0.1140E-13  0.1070E-13  0.9700E-14  0.8100E-14  0.6570E-14  0.5760E-14
  0.1000E+13  0.1880E-21  0.1260E-18  0.2090E-16  0.8330E-15  0.4500E-14  0.1010E-13  0.1170E-13  0.1160E-13  0.1140E-13  0.1070E-13  0.9700E-14  0.8100E-14  0.6570E-14  0.5760E-14
  0.1000E+14  0.1880E-21  0.1260E-18  0.2090E-16  0.8330E-15  0.4500E-14  0.1010E-13  0.1170E-13  0.1160E-13  0.1140E-13  0.1070E-13  0.9700E-14  0.8100E-14  0.6570E-14  0.5760E-14
  0.1000E+15  0.1880E-21  0.1260E-18  0.2090E-16  0.8330E-15  0.4500E-14  0.1010E-13  0.1170E-13  0.1160E-13  0.1140E-13  0.1070E-13  0.9700E-14  0.8100E-14  0.6570E-14  0.5760E-14
  0.1000E+16  0.1880E-21  0.1260E-18  0.2090E-16  0.8330E-15  0.4500E-14  0.1010E-13  0.1170E-13  0.1160E-13  0.1140E-13  0.1070E-13  0.9700E-14  0.8100E-14  0.6570E-14  0.5760E-14
  0.1000E+17  0.1880E-21  0.1260E-18  0.2090E-16  0.8330E-15  0.4500E-14  0.1010E-13  0.1170E-13  0.1160E-13  0.1140E-13  0.1070E-13  0.9700E-14  0.8100E-14  0.6570E-14  0.5760E-14
WAVELENGTH(A)= 
     8.341
 7 14 t 
excit   
    86.900    130.000    217.000    434.000    869.000   2170.000   4340.000   6520.000   8690.000  13000.000  21700.000  43400.000  86900.000 130000.000 
  0.1000E+11  0.1000E-73  0.1000E-73  0.1000E-73  0.1990E-29  0.2340E-21  0.1270E-16  0.4000E-15  0.1150E-14  0.1890E-14  0.2940E-14  0.3840E-14  0.4130E-14  0.3670E-14  0.3270E-14
  0.1000E+12  0.1000E-73  0.1000E-73  0.1000E-73  0.1990E-29  0.2340E-21  0.1270E-16  0.4000E-15  0.1150E-14  0.1890E-14  0.2940E-14  0.3840E-14  0.4130E-14  0.3670E-14  0.3270E-14
  0.1000E+13  0.1000E-73  0.1000E-73  0.1000E-73  0.1990E-29  0.2340E-21  0.1270E-16  0.4000E-15  0.1150E-14  0.1890E-14  0.2940E-14  0.3840E-14  0.4130E-14  0.3670E-14  0.3270E-14
  0.1000E+14  0.1000E-73  0.1000E-73  0.1000E-73  0.1990E-29  0.2340E-21  0.1270E-16  0.4000E-15  0.1150E-14  0.1890E-14  0.2940E-14  0.3840E-14  0.4130E-14  0.3670E-14  0.3270E-14
  0.1000E+15  0.1000E-73  0.1000E-73  0.1000E-73  0.1990E-29  0.2340E-21  0.1270E-16  0.4000E-15  0.1150E-14  0.1890E-14  0.2940E-14  0.3840E-14  0.4130E-14  0.3670E-14  0.3270E-14
  0.1000E+16  0.1000E-73  0.1000E-73  0.9530E-46  0.1990E-29  0.2340E-21  0.1270E-16  0.4000E-15  0.1150E-14  0.1890E-14  0.2940E-14  0.3840E-14  0.4130E-14  0.3670E-14  0.3270E-14
  0.1000E+17  0.1000E-73  0.1000E-73  0.1050E-45  0.1990E-29  0.2340E-21  0.1270E-16  0.4000E-15  0.1150E-14  0.1890E-14  0.2940E-14  0.3840E-14  0.4130E-14  0.3670E-14  0.3270E-14
WAVELENGTH(A)= 
     8.482
 7 14 t 
excit   
    86.900    130.000    217.000    434.000    869.000   2170.000   4340.000   6520.000   8690.000  13000.000  21700.000  43400.000  86900.000 130000.000 
  0.1000E+11  0.5350E-25  0.3580E-22  0.5950E-20  0.2370E-18  0.2760E-17  0.3020E-14  0.3410E-13  0.7170E-13  0.1010E-12  0.1350E-12  0.1590E-12  0.1600E-12  0.1410E-12  0.1260E-12
  0.1000E+12  0.5360E-25  0.3590E-22  0.5960E-20  0.2370E-18  0.2760E-17  0.3020E-14  0.3410E-13  0.7170E-13  0.1010E-12  0.1350E-12  0.1590E-12  0.1600E-12  0.1410E-12  0.1260E-12
  0.1000E+13  0.5370E-25  0.3590E-22  0.5960E-20  0.2370E-18  0.2760E-17  0.3020E-14  0.3410E-13  0.7170E-13  0.1010E-12  0.1350E-12  0.1590E-12  0.1600E-12  0.1410E-12  0.1260E-12
  0.1000E+14  0.5490E-25  0.3640E-22  0.6020E-20  0.2390E-18  0.2770E-17  0.3020E-14  0.3410E-13  0.7170E-13  0.1010E-12  0.1350E-12  0.1590E-12  0.1600E-12  0.1410E-12  0.1260E-12
  0.1000E+15  0.6750E-25  0.4170E-22  0.6570E-20  0.2530E-18  0.2830E-17  0.3030E-14  0.3410E-13  0.7170E-13  0.1010E-12  0.1350E-12  0.1590E-12  0.1600E-12  0.1410E-12  0.1260E-12
  0.1000E+16  0.1930E-24  0.9400E-22  0.1210E-19  0.3970E-18  0.3400E-17  0.3030E-14  0.3410E-13  0.7170E-13  0.1010E-12  0.1350E-12  0.1590E-12  0.1600E-12  0.1410E-12  0.1260E-12
  0.1000E+17  0.1440E-23  0.6180E-21  0.6760E-19  0.1830E-17  0.9080E-17  0.3040E-14  0.3410E-13  0.7180E-13  0.1010E-12  0.1350E-12  0.1590E-12  0.1600E-12  0.1410E-12  0.1260E-12
WAVELENGTH(A)= 
    59.222
 7 14 t 
excit   
    86.900    130.000    217.000    434.000    869.000   2170.000   4340.000   6520.000   8690.000  13000.000  21700.000  43400.000  86900.000 130000.000 
  0.1000E+11  0.1170E-10  0.2200E-10  0.3360E-10  0.4180E-10  0.4190E-10  0.3580E-10  0.2980E-10  0.2640E-10  0.2420E-10  0.2120E-10  0.1790E-10  0.1390E-10  0.1070E-10  0.9150E-11
  0.1000E+12  0.1170E-10  0.2200E-10  0.3360E-10  0.4180E-10  0.4190E-10  0.3580E-10  0.2980E-10  0.2640E-10  0.2420E-10  0.2120E-10  0.1790E-10  0.1390E-10  0.1070E-10  0.9150E-11
  0.1000E+13  0.1170E-10  0.2200E-10  0.3360E-10  0.4180E-10  0.4190E-10  0.3580E-10  0.2980E-10  0.2640E-10  0.2420E-10  0.2120E-10  0.1790E-10  0.1390E-10  0.1070E-10  0.9150E-11
  0.1000E+14  0.1170E-10  0.2200E-10  0.3360E-10  0.4180E-10  0.4190E-10  0.3580E-10  0.2980E-10  0.2640E-10  0.2420E-10  0.2120E-10  0.1790E-10  0.1390E-10  0.1070E-10  0.9150E-11
  0.1000E+15  0.1170E-10  0.2200E-10  0.3360E-10  0.4180E-10  0.4190E-10  0.3580E-10  0.2980E-10  0.2640E-10  0.2420E-10  0.2120E-10  0.1790E-10  0.1390E-10  0.1070E-10  0.9150E-11
  0.1000E+16  0.1170E-10  0.2200E-10  0.3360E-10  0.4180E-10  0.4190E-10  0.3580E-10  0.2980E-10  0.2640E-10  0.2420E-10  0.2120E-10  0.1790E-10  0.1390E-10  0.1070E-10  0.9150E-11
  0.1000E+17  0.1170E-10  0.2200E-10  0.3360E-10  0.4180E-10  0.4180E-10  0.3580E-10  0.2980E-10  0.2640E-10  0.2420E-10  0.2120E-10  0.1790E-10  0.1390E-10  0.1070E-10  0.9150E-11
