 50  7 14
WAVELENGTH(A)= 
     3.350
 7 14 t 
excit   
    38.100     57.100     95.200    190.000    381.000    952.000   1900.000   2860.000   3810.000   5710.000   9520.000  19000.000  38100.000  57100.000 
  0.1000E+11  0.1000E-73  0.3610E-39  0.5110E-28  0.1010E-19  0.1210E-15  0.2710E-13  0.1440E-12  0.2430E-12  0.3110E-12  0.3950E-12  0.4780E-12  0.5420E-12  0.5610E-12  0.5520E-12
  0.1000E+12  0.1000E-73  0.3610E-39  0.5110E-28  0.1010E-19  0.1210E-15  0.2710E-13  0.1440E-12  0.2430E-12  0.3110E-12  0.3950E-12  0.4780E-12  0.5420E-12  0.5610E-12  0.5520E-12
  0.1000E+13  0.1000E-73  0.3610E-39  0.5110E-28  0.1010E-19  0.1210E-15  0.2710E-13  0.1440E-12  0.2430E-12  0.3110E-12  0.3950E-12  0.4780E-12  0.5420E-12  0.5610E-12  0.5520E-12
  0.1000E+14  0.1000E-73  0.3610E-39  0.5110E-28  0.1010E-19  0.1210E-15  0.2710E-13  0.1440E-12  0.2430E-12  0.3110E-12  0.3950E-12  0.4780E-12  0.5420E-12  0.5610E-12  0.5520E-12
  0.1000E+15  0.1000E-73  0.3610E-39  0.5110E-28  0.1010E-19  0.1210E-15  0.2710E-13  0.1440E-12  0.2430E-12  0.3110E-12  0.3950E-12  0.4780E-12  0.5420E-12  0.5610E-12  0.5520E-12
  0.1000E+16  0.1000E-73  0.3610E-39  0.5110E-28  0.1010E-19  0.1210E-15  0.2710E-13  0.1440E-12  0.2430E-12  0.3110E-12  0.3950E-12  0.4780E-12  0.5420E-12  0.5610E-12  0.5520E-12
  0.1000E+17  0.1000E-73  0.3610E-39  0.5110E-28  0.1010E-19  0.1210E-15  0.2710E-13  0.1440E-12  0.2430E-12  0.3110E-12  0.3950E-12  0.4780E-12  0.5420E-12  0.5610E-12  0.5520E-12
WAVELENGTH(A)= 
     3.592
 7 14 t 
excit   
    38.100     57.100     95.200    190.000    381.000    952.000   1900.000   2860.000   3810.000   5710.000   9520.000  19000.000  38100.000  57100.000 
  0.1000E+11  0.1000E-73  0.7330E-37  0.1800E-26  0.9590E-19  0.5920E-15  0.8830E-13  0.4000E-12  0.6240E-12  0.7590E-12  0.8970E-12  0.9920E-12  0.9930E-12  0.9190E-12  0.8600E-12
  0.1000E+12  0.1000E-73  0.7330E-37  0.1800E-26  0.9590E-19  0.5920E-15  0.8830E-13  0.4000E-12  0.6240E-12  0.7590E-12  0.8970E-12  0.9920E-12  0.9930E-12  0.9190E-12  0.8600E-12
  0.1000E+13  0.1000E-73  0.7330E-37  0.1800E-26  0.9590E-19  0.5920E-15  0.8830E-13  0.4000E-12  0.6240E-12  0.7590E-12  0.8970E-12  0.9920E-12  0.9930E-12  0.9190E-12  0.8600E-12
  0.1000E+14  0.1000E-73  0.7330E-37  0.1800E-26  0.9590E-19  0.5920E-15  0.8830E-13  0.4000E-12  0.6240E-12  0.7590E-12  0.8970E-12  0.9920E-12  0.9930E-12  0.9190E-12  0.8600E-12
  0.1000E+15  0.1000E-73  0.7330E-37  0.1800E-26  0.9590E-19  0.5920E-15  0.8830E-13  0.4000E-12  0.6240E-12  0.7590E-12  0.8970E-12  0.9920E-12  0.9930E-12  0.9190E-12  0.8600E-12
  0.1000E+16  0.1000E-73  0.7330E-37  0.1800E-26  0.9590E-19  0.5920E-15  0.8830E-13  0.4000E-12  0.6240E-12  0.7590E-12  0.8970E-12  0.9920E-12  0.9930E-12  0.9190E-12  0.8590E-12
  0.1000E+17  0.1000E-73  0.7330E-37  0.1800E-26  0.9590E-19  0.5920E-15  0.8830E-13  0.4000E-12  0.6240E-12  0.7590E-12  0.8970E-12  0.9920E-12  0.9930E-12  0.9190E-12  0.8590E-12
WAVELENGTH(A)= 
     3.778
 7 14 t 
excit   
    38.100     57.100     95.200    190.000    381.000    952.000   1900.000   2860.000   3810.000   5710.000   9520.000  19000.000  38100.000  57100.000 
  0.1000E+11  0.1000E-73  0.2200E-35  0.1650E-25  0.3770E-18  0.1620E-14  0.2090E-12  0.9310E-12  0.1470E-11  0.1820E-11  0.2240E-11  0.2600E-11  0.2840E-11  0.2830E-11  0.2750E-11
  0.1000E+12  0.1000E-73  0.2200E-35  0.1650E-25  0.3770E-18  0.1620E-14  0.2090E-12  0.9310E-12  0.1470E-11  0.1820E-11  0.2240E-11  0.2600E-11  0.2840E-11  0.2830E-11  0.2750E-11
  0.1000E+13  0.1000E-73  0.2200E-35  0.1650E-25  0.3770E-18  0.1620E-14  0.2090E-12  0.9310E-12  0.1470E-11  0.1820E-11  0.2240E-11  0.2600E-11  0.2840E-11  0.2830E-11  0.2750E-11
  0.1000E+14  0.1000E-73  0.2200E-35  0.1650E-25  0.3770E-18  0.1620E-14  0.2090E-12  0.9310E-12  0.1470E-11  0.1820E-11  0.2240E-11  0.2600E-11  0.2840E-11  0.2830E-11  0.2750E-11
  0.1000E+15  0.1000E-73  0.2200E-35  0.1650E-25  0.3770E-18  0.1620E-14  0.2090E-12  0.9310E-12  0.1470E-11  0.1820E-11  0.2240E-11  0.2600E-11  0.2840E-11  0.2830E-11  0.2750E-11
  0.1000E+16  0.1000E-73  0.2200E-35  0.1650E-25  0.3770E-18  0.1620E-14  0.2090E-12  0.9310E-12  0.1470E-11  0.1820E-11  0.2240E-11  0.2600E-11  0.2840E-11  0.2830E-11  0.2750E-11
  0.1000E+17  0.6500E-48  0.2200E-35  0.1650E-25  0.3770E-18  0.1620E-14  0.2090E-12  0.9310E-12  0.1470E-11  0.1820E-11  0.2240E-11  0.2600E-11  0.2840E-11  0.2830E-11  0.2750E-11
WAVELENGTH(A)= 
     3.850
 7 14 t 
excit   
    38.100     57.100     95.200    190.000    381.000    952.000   1900.000   2860.000   3810.000   5710.000   9520.000  19000.000  38100.000  57100.000 
  0.1000E+11  0.1000E-73  0.9910E-35  0.4860E-25  0.7740E-18  0.2650E-14  0.2820E-12  0.1150E-11  0.1730E-11  0.2080E-11  0.2420E-11  0.2630E-11  0.2620E-11  0.2420E-11  0.2260E-11
  0.1000E+12  0.1000E-73  0.9910E-35  0.4860E-25  0.7740E-18  0.2650E-14  0.2820E-12  0.1150E-11  0.1730E-11  0.2080E-11  0.2420E-11  0.2630E-11  0.2620E-11  0.2420E-11  0.2260E-11
  0.1000E+13  0.1000E-73  0.9910E-35  0.4860E-25  0.7740E-18  0.2650E-14  0.2820E-12  0.1150E-11  0.1730E-11  0.2080E-11  0.2420E-11  0.2630E-11  0.2620E-11  0.2420E-11  0.2260E-11
  0.1000E+14  0.1000E-73  0.9910E-35  0.4860E-25  0.7740E-18  0.2650E-14  0.2820E-12  0.1150E-11  0.1730E-11  0.2080E-11  0.2420E-11  0.2630E-11  0.2620E-11  0.2420E-11  0.2260E-11
  0.1000E+15  0.1000E-73  0.9910E-35  0.4860E-25  0.7740E-18  0.2650E-14  0.2820E-12  0.1150E-11  0.1730E-11  0.2080E-11  0.2420E-11  0.2630E-11  0.2620E-11  0.2420E-11  0.2260E-11
  0.1000E+16  0.6500E-47  0.9910E-35  0.4860E-25  0.7740E-18  0.2650E-14  0.2820E-12  0.1150E-11  0.1730E-11  0.2080E-11  0.2420E-11  0.2630E-11  0.2620E-11  0.2420E-11  0.2260E-11
  0.1000E+17  0.6830E-47  0.9910E-35  0.4860E-25  0.7740E-18  0.2650E-14  0.2820E-12  0.1150E-11  0.1730E-11  0.2080E-11  0.2420E-11  0.2630E-11  0.2620E-11  0.2420E-11  0.2260E-11
WAVELENGTH(A)= 
     4.373
 7 14 t 
excit   
    38.100     57.100     95.200    190.000    381.000    952.000   1900.000   2860.000   3810.000   5710.000   9520.000  19000.000  38100.000  57100.000 
  0.1000E+11  0.6360E-42  0.3110E-31  0.1020E-22  0.2140E-16  0.2660E-13  0.1550E-11  0.5220E-11  0.7450E-11  0.8710E-11  0.9940E-11  0.1070E-10  0.1070E-10  0.9890E-11  0.9230E-11
  0.1000E+12  0.6360E-42  0.3110E-31  0.1020E-22  0.2140E-16  0.2660E-13  0.1550E-11  0.5220E-11  0.7450E-11  0.8710E-11  0.9940E-11  0.1070E-10  0.1070E-10  0.9890E-11  0.9230E-11
  0.1000E+13  0.6300E-42  0.3110E-31  0.1020E-22  0.2140E-16  0.2660E-13  0.1550E-11  0.5220E-11  0.7450E-11  0.8710E-11  0.9940E-11  0.1070E-10  0.1070E-10  0.9890E-11  0.9230E-11
  0.1000E+14  0.6300E-42  0.3110E-31  0.1020E-22  0.2140E-16  0.2660E-13  0.1550E-11  0.5220E-11  0.7450E-11  0.8710E-11  0.9940E-11  0.1070E-10  0.1070E-10  0.9890E-11  0.9230E-11
  0.1000E+15  0.6300E-42  0.3110E-31  0.1020E-22  0.2140E-16  0.2660E-13  0.1550E-11  0.5220E-11  0.7450E-11  0.8710E-11  0.9940E-11  0.1070E-10  0.1070E-10  0.9890E-11  0.9230E-11
  0.1000E+16  0.6300E-42  0.3110E-31  0.1020E-22  0.2140E-16  0.2660E-13  0.1550E-11  0.5220E-11  0.7450E-11  0.8710E-11  0.9940E-11  0.1070E-10  0.1070E-10  0.9890E-11  0.9230E-11
  0.1000E+17  0.6300E-42  0.3110E-31  0.1020E-22  0.2140E-16  0.2660E-13  0.1550E-11  0.5220E-11  0.7450E-11  0.8710E-11  0.9940E-11  0.1070E-10  0.1070E-10  0.9890E-11  0.9230E-11
WAVELENGTH(A)= 
     4.686
 7 14 t 
excit   
    38.100     57.100     95.200    190.000    381.000    952.000   1900.000   2860.000   3810.000   5710.000   9520.000  19000.000  38100.000  57100.000 
  0.1000E+11  0.6360E-40  0.5990E-30  0.5200E-22  0.4010E-16  0.2980E-13  0.1250E-11  0.3650E-11  0.4850E-11  0.5420E-11  0.5770E-11  0.5630E-11  0.4850E-11  0.3870E-11  0.3320E-11
  0.1000E+12  0.6360E-40  0.5990E-30  0.5200E-22  0.4010E-16  0.2980E-13  0.1250E-11  0.3650E-11  0.4850E-11  0.5420E-11  0.5770E-11  0.5630E-11  0.4850E-11  0.3870E-11  0.3320E-11
  0.1000E+13  0.6360E-40  0.5990E-30  0.5200E-22  0.4010E-16  0.2980E-13  0.1250E-11  0.3650E-11  0.4850E-11  0.5420E-11  0.5770E-11  0.5630E-11  0.4850E-11  0.3870E-11  0.3320E-11
  0.1000E+14  0.6360E-40  0.5990E-30  0.5200E-22  0.4010E-16  0.2980E-13  0.1250E-11  0.3650E-11  0.4850E-11  0.5420E-11  0.5770E-11  0.5630E-11  0.4850E-11  0.3870E-11  0.3320E-11
  0.1000E+15  0.6360E-40  0.5990E-30  0.5200E-22  0.4010E-16  0.2980E-13  0.1250E-11  0.3650E-11  0.4850E-11  0.5420E-11  0.5770E-11  0.5630E-11  0.4850E-11  0.3870E-11  0.3320E-11
  0.1000E+16  0.6360E-40  0.5990E-30  0.5200E-22  0.4010E-16  0.2980E-13  0.1250E-11  0.3650E-11  0.4850E-11  0.5420E-11  0.5770E-11  0.5630E-11  0.4850E-11  0.3870E-11  0.3320E-11
  0.1000E+17  0.6360E-40  0.5990E-30  0.5200E-22  0.4020E-16  0.2980E-13  0.1250E-11  0.3650E-11  0.4850E-11  0.5420E-11  0.5770E-11  0.5630E-11  0.4850E-11  0.3870E-11  0.3320E-11
WAVELENGTH(A)= 
     5.005
 7 14 t 
excit   
    38.100     57.100     95.200    190.000    381.000    952.000   1900.000   2860.000   3810.000   5710.000   9520.000  19000.000  38100.000  57100.000 
  0.1000E+11  0.9540E-38  0.2230E-28  0.7440E-21  0.3350E-15  0.2140E-12  0.9200E-11  0.2870E-10  0.4000E-10  0.4610E-10  0.5180E-10  0.5460E-10  0.5300E-10  0.4810E-10  0.4450E-10
  0.1000E+12  0.9540E-38  0.2230E-28  0.7440E-21  0.3350E-15  0.2140E-12  0.9200E-11  0.2870E-10  0.4000E-10  0.4610E-10  0.5180E-10  0.5460E-10  0.5300E-10  0.4810E-10  0.4450E-10
  0.1000E+13  0.9540E-38  0.2230E-28  0.7440E-21  0.3350E-15  0.2140E-12  0.9200E-11  0.2870E-10  0.4000E-10  0.4610E-10  0.5180E-10  0.5460E-10  0.5300E-10  0.4810E-10  0.4450E-10
  0.1000E+14  0.9540E-38  0.2230E-28  0.7440E-21  0.3350E-15  0.2140E-12  0.9200E-11  0.2870E-10  0.4000E-10  0.4610E-10  0.5180E-10  0.5460E-10  0.5300E-10  0.4810E-10  0.4450E-10
  0.1000E+15  0.9540E-38  0.2230E-28  0.7440E-21  0.3350E-15  0.2140E-12  0.9200E-11  0.2870E-10  0.4000E-10  0.4610E-10  0.5180E-10  0.5460E-10  0.5300E-10  0.4810E-10  0.4450E-10
  0.1000E+16  0.9540E-38  0.2240E-28  0.7440E-21  0.3350E-15  0.2140E-12  0.9200E-11  0.2870E-10  0.4000E-10  0.4610E-10  0.5180E-10  0.5460E-10  0.5300E-10  0.4810E-10  0.4450E-10
  0.1000E+17  0.9580E-38  0.2240E-28  0.7450E-21  0.3360E-15  0.2140E-12  0.9210E-11  0.2870E-10  0.4000E-10  0.4610E-10  0.5180E-10  0.5460E-10  0.5300E-10  0.4810E-10  0.4450E-10
WAVELENGTH(A)= 
     5.430
 7 14 t 
excit   
    38.100     57.100     95.200    190.000    381.000    952.000   1900.000   2860.000   3810.000   5710.000   9520.000  19000.000  38100.000  57100.000 
  0.1000E+11  0.3220E-35  0.1270E-26  0.8700E-20  0.1010E-14  0.2980E-12  0.7530E-11  0.1930E-10  0.2490E-10  0.2750E-10  0.2920E-10  0.2890E-10  0.2580E-10  0.2160E-10  0.1920E-10
  0.1000E+12  0.3220E-35  0.1270E-26  0.8700E-20  0.1010E-14  0.2980E-12  0.7530E-11  0.1930E-10  0.2490E-10  0.2750E-10  0.2920E-10  0.2890E-10  0.2580E-10  0.2160E-10  0.1920E-10
  0.1000E+13  0.3220E-35  0.1270E-26  0.8700E-20  0.1010E-14  0.2980E-12  0.7530E-11  0.1930E-10  0.2490E-10  0.2750E-10  0.2920E-10  0.2890E-10  0.2580E-10  0.2160E-10  0.1920E-10
  0.1000E+14  0.3220E-35  0.1270E-26  0.8700E-20  0.1010E-14  0.2980E-12  0.7530E-11  0.1930E-10  0.2490E-10  0.2750E-10  0.2920E-10  0.2890E-10  0.2580E-10  0.2160E-10  0.1920E-10
  0.1000E+15  0.3220E-35  0.1270E-26  0.8700E-20  0.1010E-14  0.2980E-12  0.7530E-11  0.1930E-10  0.2490E-10  0.2750E-10  0.2920E-10  0.2890E-10  0.2580E-10  0.2160E-10  0.1920E-10
  0.1000E+16  0.3220E-35  0.1270E-26  0.8700E-20  0.1010E-14  0.2980E-12  0.7530E-11  0.1930E-10  0.2490E-10  0.2750E-10  0.2920E-10  0.2890E-10  0.2580E-10  0.2160E-10  0.1920E-10
  0.1000E+17  0.3220E-35  0.1270E-26  0.8690E-20  0.1010E-14  0.2980E-12  0.7530E-11  0.1930E-10  0.2490E-10  0.2750E-10  0.2920E-10  0.2890E-10  0.2580E-10  0.2160E-10  0.1920E-10
WAVELENGTH(A)= 
     5.839
 7 14 t 
excit   
    38.100     57.100     95.200    190.000    381.000    952.000   1900.000   2860.000   3810.000   5710.000   9520.000  19000.000  38100.000  57100.000 
  0.1000E+11  0.1240E-32  0.1200E-24  0.2690E-18  0.1340E-13  0.2560E-11  0.4990E-10  0.1200E-09  0.1550E-09  0.1740E-09  0.1930E-09  0.2060E-09  0.2060E-09  0.1930E-09  0.1820E-09
  0.1000E+12  0.1240E-32  0.1200E-24  0.2690E-18  0.1340E-13  0.2560E-11  0.4990E-10  0.1200E-09  0.1550E-09  0.1740E-09  0.1930E-09  0.2060E-09  0.2060E-09  0.1930E-09  0.1820E-09
  0.1000E+13  0.1240E-32  0.1200E-24  0.2690E-18  0.1340E-13  0.2560E-11  0.4990E-10  0.1200E-09  0.1550E-09  0.1740E-09  0.1930E-09  0.2060E-09  0.2060E-09  0.1930E-09  0.1820E-09
  0.1000E+14  0.1240E-32  0.1200E-24  0.2690E-18  0.1340E-13  0.2560E-11  0.4990E-10  0.1200E-09  0.1550E-09  0.1740E-09  0.1930E-09  0.2060E-09  0.2060E-09  0.1930E-09  0.1820E-09
  0.1000E+15  0.1240E-32  0.1200E-24  0.2690E-18  0.1340E-13  0.2560E-11  0.4990E-10  0.1200E-09  0.1550E-09  0.1740E-09  0.1930E-09  0.2060E-09  0.2060E-09  0.1930E-09  0.1820E-09
  0.1000E+16  0.1240E-32  0.1200E-24  0.2690E-18  0.1340E-13  0.2560E-11  0.4990E-10  0.1200E-09  0.1550E-09  0.1740E-09  0.1930E-09  0.2060E-09  0.2060E-09  0.1930E-09  0.1820E-09
  0.1000E+17  0.1240E-32  0.1200E-24  0.2690E-18  0.1340E-13  0.2560E-11  0.4990E-10  0.1200E-09  0.1550E-09  0.1740E-09  0.1930E-09  0.2050E-09  0.2060E-09  0.1930E-09  0.1820E-09
WAVELENGTH(A)= 
     6.345
 7 14 t 
excit   
    38.100     57.100     95.200    190.000    381.000    952.000   1900.000   2860.000   3810.000   5710.000   9520.000  19000.000  38100.000  57100.000 
  0.1000E+11  0.1730E-33  0.3820E-26  0.2620E-20  0.5480E-16  0.7150E-14  0.1270E-12  0.3070E-12  0.3930E-12  0.4340E-12  0.4630E-12  0.4640E-12  0.4260E-12  0.3690E-12  0.3330E-12
  0.1000E+12  0.1730E-33  0.3820E-26  0.2620E-20  0.5480E-16  0.7150E-14  0.1270E-12  0.3070E-12  0.3930E-12  0.4340E-12  0.4630E-12  0.4640E-12  0.4260E-12  0.3690E-12  0.3330E-12
  0.1000E+13  0.1730E-33  0.3820E-26  0.2620E-20  0.5480E-16  0.7150E-14  0.1270E-12  0.3070E-12  0.3930E-12  0.4340E-12  0.4630E-12  0.4640E-12  0.4260E-12  0.3690E-12  0.3330E-12
  0.1000E+14  0.1730E-33  0.3820E-26  0.2620E-20  0.5480E-16  0.7150E-14  0.1270E-12  0.3070E-12  0.3930E-12  0.4340E-12  0.4630E-12  0.4640E-12  0.4260E-12  0.3690E-12  0.3330E-12
  0.1000E+15  0.1730E-33  0.3820E-26  0.2620E-20  0.5480E-16  0.7150E-14  0.1270E-12  0.3070E-12  0.3930E-12  0.4340E-12  0.4630E-12  0.4640E-12  0.4260E-12  0.3690E-12  0.3330E-12
  0.1000E+16  0.1730E-33  0.3820E-26  0.2620E-20  0.5480E-16  0.7150E-14  0.1270E-12  0.3070E-12  0.3930E-12  0.4340E-12  0.4630E-12  0.4640E-12  0.4260E-12  0.3690E-12  0.3330E-12
  0.1000E+17  0.1730E-33  0.3820E-26  0.2620E-20  0.5480E-16  0.7150E-14  0.1270E-12  0.3070E-12  0.3930E-12  0.4340E-12  0.4630E-12  0.4640E-12  0.4260E-12  0.3690E-12  0.3330E-12
WAVELENGTH(A)= 
     7.048
 7 14 t 
excit   
    38.100     57.100     95.200    190.000    381.000    952.000   1900.000   2860.000   3810.000   5710.000   9520.000  19000.000  38100.000  57100.000 
  0.1000E+11  0.5120E-30  0.2490E-23  0.7090E-18  0.1020E-13  0.1210E-11  0.2150E-10  0.5300E-10  0.6850E-10  0.7610E-10  0.8180E-10  0.8260E-10  0.7660E-10  0.6690E-10  0.6070E-10
  0.1000E+12  0.5120E-30  0.2490E-23  0.7090E-18  0.1020E-13  0.1210E-11  0.2150E-10  0.5300E-10  0.6850E-10  0.7610E-10  0.8180E-10  0.8260E-10  0.7660E-10  0.6690E-10  0.6070E-10
  0.1000E+13  0.5120E-30  0.2490E-23  0.7090E-18  0.1020E-13  0.1210E-11  0.2150E-10  0.5300E-10  0.6850E-10  0.7610E-10  0.8180E-10  0.8260E-10  0.7660E-10  0.6690E-10  0.6070E-10
  0.1000E+14  0.5120E-30  0.2490E-23  0.7090E-18  0.1020E-13  0.1210E-11  0.2150E-10  0.5300E-10  0.6850E-10  0.7610E-10  0.8180E-10  0.8260E-10  0.7660E-10  0.6690E-10  0.6070E-10
  0.1000E+15  0.5120E-30  0.2490E-23  0.7090E-18  0.1020E-13  0.1210E-11  0.2150E-10  0.5300E-10  0.6850E-10  0.7610E-10  0.8180E-10  0.8260E-10  0.7660E-10  0.6690E-10  0.6070E-10
  0.1000E+16  0.5120E-30  0.2490E-23  0.7090E-18  0.1020E-13  0.1210E-11  0.2150E-10  0.5300E-10  0.6850E-10  0.7610E-10  0.8180E-10  0.8270E-10  0.7660E-10  0.6690E-10  0.6070E-10
  0.1000E+17  0.5180E-30  0.2510E-23  0.7120E-18  0.1030E-13  0.1220E-11  0.2150E-10  0.5300E-10  0.6860E-10  0.7620E-10  0.8190E-10  0.8270E-10  0.7660E-10  0.6690E-10  0.6070E-10
WAVELENGTH(A)= 
     7.436
 7 14 t 
excit   
    38.100     57.100     95.200    190.000    381.000    952.000   1900.000   2860.000   3810.000   5710.000   9520.000  19000.000  38100.000  57100.000 
  0.1000E+11  0.1000E-73  0.1010E-36  0.2090E-26  0.9720E-19  0.5570E-15  0.7890E-13  0.3410E-12  0.5120E-12  0.6050E-12  0.6760E-12  0.6790E-12  0.5890E-12  0.4670E-12  0.3980E-12
  0.1000E+12  0.1000E-73  0.1010E-36  0.2090E-26  0.9720E-19  0.5570E-15  0.7890E-13  0.3410E-12  0.5120E-12  0.6050E-12  0.6760E-12  0.6790E-12  0.5890E-12  0.4670E-12  0.3980E-12
  0.1000E+13  0.1000E-73  0.1010E-36  0.2090E-26  0.9720E-19  0.5570E-15  0.7890E-13  0.3410E-12  0.5120E-12  0.6050E-12  0.6760E-12  0.6790E-12  0.5890E-12  0.4670E-12  0.3980E-12
  0.1000E+14  0.1000E-73  0.1010E-36  0.2090E-26  0.9720E-19  0.5570E-15  0.7890E-13  0.3410E-12  0.5120E-12  0.6050E-12  0.6760E-12  0.6790E-12  0.5890E-12  0.4670E-12  0.3980E-12
  0.1000E+15  0.1000E-73  0.1010E-36  0.2090E-26  0.9720E-19  0.5570E-15  0.7890E-13  0.3410E-12  0.5120E-12  0.6050E-12  0.6760E-12  0.6790E-12  0.5890E-12  0.4670E-12  0.3980E-12
  0.1000E+16  0.1000E-73  0.1010E-36  0.2090E-26  0.9720E-19  0.5570E-15  0.7890E-13  0.3410E-12  0.5120E-12  0.6050E-12  0.6760E-12  0.6790E-12  0.5890E-12  0.4670E-12  0.3980E-12
  0.1000E+17  0.1000E-73  0.1010E-36  0.2090E-26  0.9720E-19  0.5570E-15  0.7890E-13  0.3410E-12  0.5120E-12  0.6050E-12  0.6760E-12  0.6790E-12  0.5890E-12  0.4670E-12  0.3980E-12
WAVELENGTH(A)= 
     7.786
 7 14 t 
excit   
    38.100     57.100     95.200    190.000    381.000    952.000   1900.000   2860.000   3810.000   5710.000   9520.000  19000.000  38100.000  57100.000 
  0.1000E+11  0.2730E-28  0.2600E-22  0.1580E-17  0.7320E-14  0.5730E-12  0.8410E-11  0.1980E-10  0.2520E-10  0.2780E-10  0.2960E-10  0.2970E-10  0.2720E-10  0.2360E-10  0.2130E-10
  0.1000E+12  0.2730E-28  0.2600E-22  0.1580E-17  0.7320E-14  0.5730E-12  0.8410E-11  0.1980E-10  0.2520E-10  0.2780E-10  0.2960E-10  0.2970E-10  0.2720E-10  0.2360E-10  0.2130E-10
  0.1000E+13  0.2730E-28  0.2600E-22  0.1580E-17  0.7320E-14  0.5730E-12  0.8410E-11  0.1980E-10  0.2520E-10  0.2780E-10  0.2960E-10  0.2970E-10  0.2720E-10  0.2360E-10  0.2130E-10
  0.1000E+14  0.2730E-28  0.2600E-22  0.1580E-17  0.7320E-14  0.5730E-12  0.8410E-11  0.1980E-10  0.2520E-10  0.2780E-10  0.2960E-10  0.2970E-10  0.2720E-10  0.2360E-10  0.2130E-10
  0.1000E+15  0.2730E-28  0.2600E-22  0.1580E-17  0.7320E-14  0.5730E-12  0.8410E-11  0.1980E-10  0.2520E-10  0.2780E-10  0.2960E-10  0.2970E-10  0.2720E-10  0.2360E-10  0.2130E-10
  0.1000E+16  0.2730E-28  0.2600E-22  0.1580E-17  0.7320E-14  0.5730E-12  0.8400E-11  0.1980E-10  0.2520E-10  0.2780E-10  0.2960E-10  0.2960E-10  0.2720E-10  0.2360E-10  0.2130E-10
  0.1000E+17  0.2730E-28  0.2600E-22  0.1580E-17  0.7290E-14  0.5710E-12  0.8370E-11  0.1970E-10  0.2510E-10  0.2770E-10  0.2950E-10  0.2960E-10  0.2710E-10  0.2350E-10  0.2130E-10
WAVELENGTH(A)= 
     8.277
 7 14 t 
excit   
    38.100     57.100     95.200    190.000    381.000    952.000   1900.000   2860.000   3810.000   5710.000   9520.000  19000.000  38100.000  57100.000 
  0.1000E+11  0.1000E-73  0.2640E-36  0.6470E-26  0.3450E-18  0.2130E-14  0.3180E-12  0.1440E-11  0.2240E-11  0.2730E-11  0.3220E-11  0.3570E-11  0.3570E-11  0.3310E-11  0.3090E-11
  0.1000E+12  0.1000E-73  0.2640E-36  0.6470E-26  0.3450E-18  0.2130E-14  0.3180E-12  0.1440E-11  0.2240E-11  0.2730E-11  0.3220E-11  0.3570E-11  0.3570E-11  0.3310E-11  0.3090E-11
  0.1000E+13  0.1000E-73  0.2640E-36  0.6470E-26  0.3450E-18  0.2130E-14  0.3180E-12  0.1440E-11  0.2240E-11  0.2730E-11  0.3220E-11  0.3570E-11  0.3570E-11  0.3310E-11  0.3090E-11
  0.1000E+14  0.1000E-73  0.2640E-36  0.6470E-26  0.3450E-18  0.2130E-14  0.3180E-12  0.1440E-11  0.2240E-11  0.2730E-11  0.3220E-11  0.3570E-11  0.3570E-11  0.3310E-11  0.3090E-11
  0.1000E+15  0.1000E-73  0.2640E-36  0.6470E-26  0.3450E-18  0.2130E-14  0.3180E-12  0.1440E-11  0.2240E-11  0.2730E-11  0.3220E-11  0.3570E-11  0.3570E-11  0.3310E-11  0.3090E-11
  0.1000E+16  0.1000E-73  0.2640E-36  0.6470E-26  0.3450E-18  0.2130E-14  0.3180E-12  0.1440E-11  0.2240E-11  0.2730E-11  0.3220E-11  0.3570E-11  0.3570E-11  0.3310E-11  0.3090E-11
  0.1000E+17  0.1000E-73  0.2640E-36  0.6470E-26  0.3450E-18  0.2130E-14  0.3180E-12  0.1440E-11  0.2240E-11  0.2730E-11  0.3220E-11  0.3570E-11  0.3570E-11  0.3300E-11  0.3090E-11
WAVELENGTH(A)= 
     8.732
 7 14 t 
excit   
    38.100     57.100     95.200    190.000    381.000    952.000   1900.000   2860.000   3810.000   5710.000   9520.000  19000.000  38100.000  57100.000 
  0.1000E+11  0.1000E-73  0.1800E-34  0.6610E-25  0.8790E-18  0.2840E-14  0.2970E-12  0.1190E-11  0.1760E-11  0.2070E-11  0.2340E-11  0.2420E-11  0.2240E-11  0.1930E-11  0.1730E-11
  0.1000E+12  0.1000E-73  0.1800E-34  0.6610E-25  0.8790E-18  0.2840E-14  0.2970E-12  0.1190E-11  0.1760E-11  0.2070E-11  0.2340E-11  0.2420E-11  0.2240E-11  0.1930E-11  0.1730E-11
  0.1000E+13  0.1000E-73  0.1800E-34  0.6610E-25  0.8790E-18  0.2840E-14  0.2970E-12  0.1190E-11  0.1760E-11  0.2070E-11  0.2340E-11  0.2420E-11  0.2240E-11  0.1930E-11  0.1730E-11
  0.1000E+14  0.1000E-73  0.1800E-34  0.6610E-25  0.8790E-18  0.2840E-14  0.2970E-12  0.1190E-11  0.1760E-11  0.2070E-11  0.2340E-11  0.2420E-11  0.2240E-11  0.1930E-11  0.1730E-11
  0.1000E+15  0.1000E-73  0.1800E-34  0.6610E-25  0.8790E-18  0.2840E-14  0.2970E-12  0.1190E-11  0.1760E-11  0.2070E-11  0.2340E-11  0.2420E-11  0.2240E-11  0.1930E-11  0.1730E-11
  0.1000E+16  0.1800E-46  0.1800E-34  0.6610E-25  0.8790E-18  0.2840E-14  0.2970E-12  0.1190E-11  0.1760E-11  0.2070E-11  0.2340E-11  0.2420E-11  0.2240E-11  0.1930E-11  0.1730E-11
  0.1000E+17  0.1800E-46  0.1800E-34  0.6610E-25  0.8790E-18  0.2840E-14  0.2970E-12  0.1190E-11  0.1760E-11  0.2070E-11  0.2340E-11  0.2420E-11  0.2240E-11  0.1930E-11  0.1730E-11
WAVELENGTH(A)= 
     8.741
 7 14 t 
excit   
    38.100     57.100     95.200    190.000    381.000    952.000   1900.000   2860.000   3810.000   5710.000   9520.000  19000.000  38100.000  57100.000 
  0.1000E+11  0.1000E-73  0.5740E-39  0.8130E-28  0.1610E-19  0.1920E-15  0.4310E-13  0.2290E-12  0.3860E-12  0.4950E-12  0.6290E-12  0.7610E-12  0.8630E-12  0.8930E-12  0.8790E-12
  0.1000E+12  0.1000E-73  0.5740E-39  0.8130E-28  0.1610E-19  0.1920E-15  0.4310E-13  0.2290E-12  0.3860E-12  0.4950E-12  0.6290E-12  0.7610E-12  0.8630E-12  0.8930E-12  0.8790E-12
  0.1000E+13  0.1000E-73  0.5740E-39  0.8130E-28  0.1610E-19  0.1920E-15  0.4310E-13  0.2290E-12  0.3860E-12  0.4950E-12  0.6290E-12  0.7610E-12  0.8630E-12  0.8930E-12  0.8790E-12
  0.1000E+14  0.1000E-73  0.5740E-39  0.8130E-28  0.1610E-19  0.1920E-15  0.4310E-13  0.2290E-12  0.3860E-12  0.4950E-12  0.6290E-12  0.7610E-12  0.8630E-12  0.8930E-12  0.8790E-12
  0.1000E+15  0.1000E-73  0.5740E-39  0.8130E-28  0.1610E-19  0.1920E-15  0.4310E-13  0.2290E-12  0.3860E-12  0.4950E-12  0.6290E-12  0.7610E-12  0.8630E-12  0.8930E-12  0.8790E-12
  0.1000E+16  0.1000E-73  0.5740E-39  0.8130E-28  0.1610E-19  0.1920E-15  0.4310E-13  0.2290E-12  0.3860E-12  0.4950E-12  0.6290E-12  0.7610E-12  0.8630E-12  0.8930E-12  0.8790E-12
  0.1000E+17  0.1000E-73  0.5740E-39  0.8130E-28  0.1610E-19  0.1920E-15  0.4310E-13  0.2290E-12  0.3860E-12  0.4950E-12  0.6290E-12  0.7610E-12  0.8630E-12  0.8930E-12  0.8780E-12
WAVELENGTH(A)= 
     9.239
 7 14 t 
excit   
    38.100     57.100     95.200    190.000    381.000    952.000   1900.000   2860.000   3810.000   5710.000   9520.000  19000.000  38100.000  57100.000 
  0.1000E+11  0.1000E-73  0.6490E-37  0.1750E-26  0.1000E-18  0.6370E-15  0.9650E-13  0.4340E-12  0.6700E-12  0.8060E-12  0.9270E-12  0.9710E-12  0.8930E-12  0.7410E-12  0.6450E-12
  0.1000E+12  0.1000E-73  0.6490E-37  0.1750E-26  0.1000E-18  0.6370E-15  0.9650E-13  0.4340E-12  0.6700E-12  0.8060E-12  0.9270E-12  0.9710E-12  0.8930E-12  0.7410E-12  0.6450E-12
  0.1000E+13  0.1000E-73  0.6490E-37  0.1750E-26  0.1000E-18  0.6370E-15  0.9650E-13  0.4340E-12  0.6700E-12  0.8060E-12  0.9270E-12  0.9710E-12  0.8930E-12  0.7410E-12  0.6450E-12
  0.1000E+14  0.1000E-73  0.6490E-37  0.1750E-26  0.1000E-18  0.6370E-15  0.9650E-13  0.4340E-12  0.6700E-12  0.8060E-12  0.9270E-12  0.9710E-12  0.8930E-12  0.7410E-12  0.6450E-12
  0.1000E+15  0.1000E-73  0.6490E-37  0.1750E-26  0.1000E-18  0.6370E-15  0.9650E-13  0.4340E-12  0.6700E-12  0.8060E-12  0.9270E-12  0.9710E-12  0.8930E-12  0.7410E-12  0.6450E-12
  0.1000E+16  0.1000E-73  0.6490E-37  0.1750E-26  0.1000E-18  0.6370E-15  0.9650E-13  0.4340E-12  0.6700E-12  0.8060E-12  0.9270E-12  0.9710E-12  0.8930E-12  0.7410E-12  0.6450E-12
  0.1000E+17  0.1000E-73  0.6490E-37  0.1750E-26  0.1000E-18  0.6370E-15  0.9650E-13  0.4340E-12  0.6700E-12  0.8060E-12  0.9270E-12  0.9710E-12  0.8930E-12  0.7410E-12  0.6450E-12
WAVELENGTH(A)= 
     9.788
 7 14 t 
excit   
    38.100     57.100     95.200    190.000    381.000    952.000   1900.000   2860.000   3810.000   5710.000   9520.000  19000.000  38100.000  57100.000 
  0.1000E+11  0.1000E-73  0.3350E-34  0.1640E-24  0.2620E-17  0.8950E-14  0.9540E-12  0.3870E-11  0.5850E-11  0.7030E-11  0.8170E-11  0.8880E-11  0.8850E-11  0.8170E-11  0.7620E-11
  0.1000E+12  0.1000E-73  0.3350E-34  0.1640E-24  0.2620E-17  0.8950E-14  0.9540E-12  0.3870E-11  0.5850E-11  0.7030E-11  0.8170E-11  0.8880E-11  0.8850E-11  0.8170E-11  0.7620E-11
  0.1000E+13  0.1000E-73  0.3350E-34  0.1640E-24  0.2620E-17  0.8950E-14  0.9540E-12  0.3870E-11  0.5850E-11  0.7030E-11  0.8170E-11  0.8880E-11  0.8850E-11  0.8170E-11  0.7620E-11
  0.1000E+14  0.1000E-73  0.3350E-34  0.1640E-24  0.2620E-17  0.8950E-14  0.9540E-12  0.3870E-11  0.5850E-11  0.7030E-11  0.8170E-11  0.8880E-11  0.8850E-11  0.8170E-11  0.7620E-11
  0.1000E+15  0.1000E-73  0.3350E-34  0.1640E-24  0.2620E-17  0.8950E-14  0.9540E-12  0.3870E-11  0.5850E-11  0.7030E-11  0.8170E-11  0.8880E-11  0.8850E-11  0.8170E-11  0.7620E-11
  0.1000E+16  0.2200E-46  0.3350E-34  0.1640E-24  0.2620E-17  0.8950E-14  0.9540E-12  0.3870E-11  0.5840E-11  0.7030E-11  0.8170E-11  0.8880E-11  0.8850E-11  0.8170E-11  0.7620E-11
  0.1000E+17  0.2310E-46  0.3350E-34  0.1640E-24  0.2620E-17  0.8950E-14  0.9540E-12  0.3870E-11  0.5840E-11  0.7030E-11  0.8170E-11  0.8870E-11  0.8850E-11  0.8170E-11  0.7620E-11
WAVELENGTH(A)= 
     9.795
 7 14 t 
excit   
    38.100     57.100     95.200    190.000    381.000    952.000   1900.000   2860.000   3810.000   5710.000   9520.000  19000.000  38100.000  57100.000 
  0.1000E+11  0.1000E-73  0.7100E-39  0.1340E-27  0.3280E-19  0.4330E-15  0.1000E-12  0.5120E-12  0.8110E-12  0.9810E-12  0.1120E-11  0.1150E-11  0.1010E-11  0.8040E-12  0.6850E-12
  0.1000E+12  0.1000E-73  0.7100E-39  0.1340E-27  0.3280E-19  0.4330E-15  0.1000E-12  0.5120E-12  0.8110E-12  0.9810E-12  0.1120E-11  0.1150E-11  0.1010E-11  0.8040E-12  0.6850E-12
  0.1000E+13  0.1000E-73  0.7100E-39  0.1340E-27  0.3280E-19  0.4330E-15  0.1000E-12  0.5120E-12  0.8110E-12  0.9810E-12  0.1120E-11  0.1150E-11  0.1010E-11  0.8040E-12  0.6850E-12
  0.1000E+14  0.1000E-73  0.7100E-39  0.1340E-27  0.3280E-19  0.4330E-15  0.1000E-12  0.5120E-12  0.8110E-12  0.9810E-12  0.1120E-11  0.1150E-11  0.1010E-11  0.8040E-12  0.6850E-12
  0.1000E+15  0.1000E-73  0.7100E-39  0.1340E-27  0.3280E-19  0.4330E-15  0.1000E-12  0.5120E-12  0.8110E-12  0.9810E-12  0.1120E-11  0.1150E-11  0.1010E-11  0.8040E-12  0.6850E-12
  0.1000E+16  0.1000E-73  0.7100E-39  0.1340E-27  0.3280E-19  0.4330E-15  0.1000E-12  0.5120E-12  0.8110E-12  0.9810E-12  0.1120E-11  0.1150E-11  0.1010E-11  0.8040E-12  0.6850E-12
  0.1000E+17  0.1000E-73  0.7100E-39  0.1340E-27  0.3280E-19  0.4330E-15  0.1000E-12  0.5120E-12  0.8110E-12  0.9810E-12  0.1120E-11  0.1150E-11  0.1010E-11  0.8040E-12  0.6850E-12
WAVELENGTH(A)= 
    10.572
 7 14 t 
excit   
    38.100     57.100     95.200    190.000    381.000    952.000   1900.000   2860.000   3810.000   5710.000   9520.000  19000.000  38100.000  57100.000 
  0.1000E+11  0.1000E-73  0.2200E-38  0.2160E-27  0.3250E-19  0.3370E-15  0.6760E-13  0.3310E-12  0.5200E-12  0.6280E-12  0.7230E-12  0.7460E-12  0.6690E-12  0.5410E-12  0.4640E-12
  0.1000E+12  0.1000E-73  0.2200E-38  0.2160E-27  0.3250E-19  0.3370E-15  0.6760E-13  0.3310E-12  0.5200E-12  0.6280E-12  0.7230E-12  0.7460E-12  0.6690E-12  0.5410E-12  0.4640E-12
  0.1000E+13  0.1000E-73  0.2200E-38  0.2160E-27  0.3250E-19  0.3370E-15  0.6760E-13  0.3310E-12  0.5200E-12  0.6280E-12  0.7230E-12  0.7460E-12  0.6690E-12  0.5410E-12  0.4640E-12
  0.1000E+14  0.1000E-73  0.2200E-38  0.2160E-27  0.3250E-19  0.3370E-15  0.6760E-13  0.3310E-12  0.5200E-12  0.6280E-12  0.7230E-12  0.7460E-12  0.6690E-12  0.5410E-12  0.4640E-12
  0.1000E+15  0.1000E-73  0.2200E-38  0.2160E-27  0.3250E-19  0.3370E-15  0.6760E-13  0.3310E-12  0.5200E-12  0.6280E-12  0.7230E-12  0.7460E-12  0.6690E-12  0.5410E-12  0.4640E-12
  0.1000E+16  0.1000E-73  0.2200E-38  0.2160E-27  0.3250E-19  0.3370E-15  0.6760E-13  0.3310E-12  0.5200E-12  0.6280E-12  0.7230E-12  0.7460E-12  0.6690E-12  0.5410E-12  0.4640E-12
  0.1000E+17  0.1000E-73  0.2200E-38  0.2160E-27  0.3250E-19  0.3370E-15  0.6760E-13  0.3310E-12  0.5200E-12  0.6280E-12  0.7230E-12  0.7460E-12  0.6690E-12  0.5410E-12  0.4640E-12
WAVELENGTH(A)= 
    11.080
 7 14 t 
excit   
    38.100     57.100     95.200    190.000    381.000    952.000   1900.000   2860.000   3810.000   5710.000   9520.000  19000.000  38100.000  57100.000 
  0.1000E+11  0.1000E-73  0.6630E-35  0.3760E-25  0.6690E-18  0.2390E-14  0.2570E-12  0.1030E-11  0.1540E-11  0.1820E-11  0.2070E-11  0.2140E-11  0.1960E-11  0.1620E-11  0.1420E-11
  0.1000E+12  0.1000E-73  0.6630E-35  0.3760E-25  0.6690E-18  0.2390E-14  0.2570E-12  0.1030E-11  0.1540E-11  0.1820E-11  0.2070E-11  0.2140E-11  0.1960E-11  0.1620E-11  0.1420E-11
  0.1000E+13  0.1000E-73  0.6630E-35  0.3760E-25  0.6690E-18  0.2390E-14  0.2570E-12  0.1030E-11  0.1540E-11  0.1820E-11  0.2070E-11  0.2140E-11  0.1960E-11  0.1620E-11  0.1420E-11
  0.1000E+14  0.1000E-73  0.6630E-35  0.3760E-25  0.6690E-18  0.2390E-14  0.2570E-12  0.1030E-11  0.1540E-11  0.1820E-11  0.2070E-11  0.2140E-11  0.1960E-11  0.1620E-11  0.1420E-11
  0.1000E+15  0.1000E-73  0.6630E-35  0.3760E-25  0.6690E-18  0.2390E-14  0.2570E-12  0.1030E-11  0.1540E-11  0.1820E-11  0.2070E-11  0.2140E-11  0.1960E-11  0.1620E-11  0.1420E-11
  0.1000E+16  0.1000E-73  0.6630E-35  0.3760E-25  0.6690E-18  0.2390E-14  0.2570E-12  0.1030E-11  0.1540E-11  0.1820E-11  0.2070E-11  0.2140E-11  0.1960E-11  0.1620E-11  0.1420E-11
  0.1000E+17  0.3720E-47  0.6630E-35  0.3760E-25  0.6700E-18  0.2390E-14  0.2570E-12  0.1030E-11  0.1540E-11  0.1820E-11  0.2070E-11  0.2140E-11  0.1960E-11  0.1620E-11  0.1420E-11
WAVELENGTH(A)= 
    11.550
 7 14 t 
excit   
    38.100     57.100     95.200    190.000    381.000    952.000   1900.000   2860.000   3810.000   5710.000   9520.000  19000.000  38100.000  57100.000 
  0.1000E+11  0.2700E-41  0.3310E-31  0.3420E-23  0.3210E-17  0.3090E-14  0.1800E-12  0.6210E-12  0.8860E-12  0.1030E-11  0.1160E-11  0.1210E-11  0.1160E-11  0.1030E-11  0.9480E-12
  0.1000E+12  0.2880E-41  0.3310E-31  0.3420E-23  0.3210E-17  0.3090E-14  0.1800E-12  0.6210E-12  0.8860E-12  0.1030E-11  0.1160E-11  0.1210E-11  0.1160E-11  0.1030E-11  0.9480E-12
  0.1000E+13  0.2870E-41  0.3310E-31  0.3420E-23  0.3210E-17  0.3090E-14  0.1800E-12  0.6210E-12  0.8860E-12  0.1030E-11  0.1160E-11  0.1210E-11  0.1160E-11  0.1030E-11  0.9480E-12
  0.1000E+14  0.2870E-41  0.3310E-31  0.3420E-23  0.3210E-17  0.3090E-14  0.1800E-12  0.6210E-12  0.8860E-12  0.1030E-11  0.1160E-11  0.1210E-11  0.1160E-11  0.1030E-11  0.9480E-12
  0.1000E+15  0.2870E-41  0.3310E-31  0.3420E-23  0.3210E-17  0.3090E-14  0.1800E-12  0.6210E-12  0.8860E-12  0.1030E-11  0.1160E-11  0.1210E-11  0.1160E-11  0.1030E-11  0.9480E-12
  0.1000E+16  0.2870E-41  0.3310E-31  0.3420E-23  0.3210E-17  0.3090E-14  0.1800E-12  0.6210E-12  0.8860E-12  0.1030E-11  0.1160E-11  0.1210E-11  0.1160E-11  0.1030E-11  0.9480E-12
  0.1000E+17  0.2880E-41  0.3310E-31  0.3420E-23  0.3220E-17  0.3090E-14  0.1800E-12  0.6210E-12  0.8870E-12  0.1030E-11  0.1160E-11  0.1210E-11  0.1160E-11  0.1030E-11  0.9490E-12
WAVELENGTH(A)= 
    12.402
 7 14 t 
excit   
    38.100     57.100     95.200    190.000    381.000    952.000   1900.000   2860.000   3810.000   5710.000   9520.000  19000.000  38100.000  57100.000 
  0.1000E+11  0.3410E-41  0.9600E-31  0.1850E-22  0.2680E-16  0.2970E-13  0.1720E-11  0.5740E-11  0.8070E-11  0.9240E-11  0.1020E-10  0.1030E-10  0.9370E-11  0.7940E-11  0.7090E-11
  0.1000E+12  0.3750E-41  0.9600E-31  0.1850E-22  0.2680E-16  0.2970E-13  0.1720E-11  0.5740E-11  0.8070E-11  0.9240E-11  0.1020E-10  0.1030E-10  0.9370E-11  0.7940E-11  0.7090E-11
  0.1000E+13  0.3780E-41  0.9600E-31  0.1850E-22  0.2680E-16  0.2970E-13  0.1720E-11  0.5740E-11  0.8070E-11  0.9240E-11  0.1020E-10  0.1030E-10  0.9370E-11  0.7940E-11  0.7090E-11
  0.1000E+14  0.3780E-41  0.9600E-31  0.1850E-22  0.2680E-16  0.2970E-13  0.1720E-11  0.5740E-11  0.8070E-11  0.9240E-11  0.1020E-10  0.1030E-10  0.9370E-11  0.7940E-11  0.7090E-11
  0.1000E+15  0.3780E-41  0.9600E-31  0.1850E-22  0.2680E-16  0.2970E-13  0.1720E-11  0.5740E-11  0.8070E-11  0.9240E-11  0.1020E-10  0.1030E-10  0.9370E-11  0.7940E-11  0.7090E-11
  0.1000E+16  0.3780E-41  0.9600E-31  0.1850E-22  0.2680E-16  0.2970E-13  0.1720E-11  0.5740E-11  0.8070E-11  0.9240E-11  0.1020E-10  0.1030E-10  0.9370E-11  0.7940E-11  0.7090E-11
  0.1000E+17  0.3780E-41  0.9600E-31  0.1850E-22  0.2680E-16  0.2970E-13  0.1720E-11  0.5740E-11  0.8070E-11  0.9240E-11  0.1020E-10  0.1030E-10  0.9370E-11  0.7940E-11  0.7090E-11
WAVELENGTH(A)= 
    12.418
 7 14 t 
excit   
    38.100     57.100     95.200    190.000    381.000    952.000   1900.000   2860.000   3810.000   5710.000   9520.000  19000.000  38100.000  57100.000 
  0.1000E+11  0.1000E-73  0.2880E-35  0.2160E-25  0.4940E-18  0.2130E-14  0.2740E-12  0.1220E-11  0.1930E-11  0.2390E-11  0.2930E-11  0.3410E-11  0.3730E-11  0.3710E-11  0.3600E-11
  0.1000E+12  0.1000E-73  0.2880E-35  0.2160E-25  0.4940E-18  0.2130E-14  0.2740E-12  0.1220E-11  0.1930E-11  0.2390E-11  0.2930E-11  0.3410E-11  0.3730E-11  0.3710E-11  0.3600E-11
  0.1000E+13  0.1000E-73  0.2880E-35  0.2160E-25  0.4940E-18  0.2130E-14  0.2740E-12  0.1220E-11  0.1930E-11  0.2390E-11  0.2930E-11  0.3410E-11  0.3730E-11  0.3710E-11  0.3600E-11
  0.1000E+14  0.1000E-73  0.2880E-35  0.2160E-25  0.4940E-18  0.2130E-14  0.2740E-12  0.1220E-11  0.1930E-11  0.2390E-11  0.2930E-11  0.3410E-11  0.3730E-11  0.3710E-11  0.3600E-11
  0.1000E+15  0.1000E-73  0.2880E-35  0.2160E-25  0.4940E-18  0.2130E-14  0.2740E-12  0.1220E-11  0.1930E-11  0.2390E-11  0.2930E-11  0.3410E-11  0.3730E-11  0.3710E-11  0.3600E-11
  0.1000E+16  0.1000E-73  0.2880E-35  0.2160E-25  0.4940E-18  0.2130E-14  0.2740E-12  0.1220E-11  0.1930E-11  0.2390E-11  0.2930E-11  0.3410E-11  0.3730E-11  0.3710E-11  0.3600E-11
  0.1000E+17  0.8520E-48  0.2880E-35  0.2160E-25  0.4940E-18  0.2130E-14  0.2740E-12  0.1220E-11  0.1930E-11  0.2390E-11  0.2930E-11  0.3410E-11  0.3720E-11  0.3710E-11  0.3600E-11
WAVELENGTH(A)= 
    14.071
 7 14 t 
excit   
    38.100     57.100     95.200    190.000    381.000    952.000   1900.000   2860.000   3810.000   5710.000   9520.000  19000.000  38100.000  57100.000 
  0.1000E+11  0.1770E-41  0.8630E-31  0.2830E-22  0.5930E-16  0.7380E-13  0.4310E-11  0.1450E-10  0.2070E-10  0.2420E-10  0.2760E-10  0.2970E-10  0.2960E-10  0.2750E-10  0.2560E-10
  0.1000E+12  0.1770E-41  0.8630E-31  0.2830E-22  0.5930E-16  0.7380E-13  0.4310E-11  0.1450E-10  0.2070E-10  0.2420E-10  0.2760E-10  0.2970E-10  0.2960E-10  0.2750E-10  0.2560E-10
  0.1000E+13  0.1750E-41  0.8630E-31  0.2830E-22  0.5930E-16  0.7380E-13  0.4310E-11  0.1450E-10  0.2070E-10  0.2420E-10  0.2760E-10  0.2970E-10  0.2960E-10  0.2750E-10  0.2560E-10
  0.1000E+14  0.1750E-41  0.8630E-31  0.2830E-22  0.5930E-16  0.7380E-13  0.4310E-11  0.1450E-10  0.2070E-10  0.2420E-10  0.2760E-10  0.2970E-10  0.2960E-10  0.2750E-10  0.2560E-10
  0.1000E+15  0.1750E-41  0.8630E-31  0.2830E-22  0.5930E-16  0.7380E-13  0.4310E-11  0.1450E-10  0.2070E-10  0.2420E-10  0.2760E-10  0.2970E-10  0.2960E-10  0.2750E-10  0.2560E-10
  0.1000E+16  0.1750E-41  0.8630E-31  0.2830E-22  0.5930E-16  0.7380E-13  0.4310E-11  0.1450E-10  0.2070E-10  0.2420E-10  0.2760E-10  0.2970E-10  0.2960E-10  0.2750E-10  0.2560E-10
  0.1000E+17  0.1750E-41  0.8630E-31  0.2830E-22  0.5930E-16  0.7380E-13  0.4310E-11  0.1450E-10  0.2070E-10  0.2420E-10  0.2760E-10  0.2970E-10  0.2960E-10  0.2750E-10  0.2560E-10
WAVELENGTH(A)= 
    14.084
 7 14 t 
excit   
    38.100     57.100     95.200    190.000    381.000    952.000   1900.000   2860.000   3810.000   5710.000   9520.000  19000.000  38100.000  57100.000 
  0.1000E+11  0.1000E-73  0.2760E-35  0.3500E-25  0.1130E-17  0.5450E-14  0.6920E-12  0.2900E-11  0.4320E-11  0.5080E-11  0.5670E-11  0.5710E-11  0.4980E-11  0.3990E-11  0.3410E-11
  0.1000E+12  0.1000E-73  0.2760E-35  0.3500E-25  0.1130E-17  0.5450E-14  0.6920E-12  0.2900E-11  0.4320E-11  0.5080E-11  0.5670E-11  0.5710E-11  0.4980E-11  0.3990E-11  0.3410E-11
  0.1000E+13  0.1000E-73  0.2760E-35  0.3500E-25  0.1130E-17  0.5450E-14  0.6920E-12  0.2900E-11  0.4320E-11  0.5080E-11  0.5670E-11  0.5710E-11  0.4980E-11  0.3990E-11  0.3410E-11
  0.1000E+14  0.1000E-73  0.2760E-35  0.3500E-25  0.1130E-17  0.5450E-14  0.6920E-12  0.2900E-11  0.4320E-11  0.5080E-11  0.5670E-11  0.5710E-11  0.4980E-11  0.3990E-11  0.3410E-11
  0.1000E+15  0.1000E-73  0.2760E-35  0.3500E-25  0.1130E-17  0.5450E-14  0.6920E-12  0.2900E-11  0.4320E-11  0.5080E-11  0.5670E-11  0.5710E-11  0.4980E-11  0.3990E-11  0.3410E-11
  0.1000E+16  0.1000E-73  0.2760E-35  0.3500E-25  0.1130E-17  0.5450E-14  0.6920E-12  0.2900E-11  0.4320E-11  0.5080E-11  0.5670E-11  0.5710E-11  0.4980E-11  0.3990E-11  0.3410E-11
  0.1000E+17  0.1000E-73  0.2760E-35  0.3500E-25  0.1130E-17  0.5450E-14  0.6930E-12  0.2900E-11  0.4320E-11  0.5080E-11  0.5670E-11  0.5710E-11  0.4980E-11  0.3990E-11  0.3400E-11
WAVELENGTH(A)= 
    14.999
 7 14 t 
excit   
    38.100     57.100     95.200    190.000    381.000    952.000   1900.000   2860.000   3810.000   5710.000   9520.000  19000.000  38100.000  57100.000 
  0.1000E+11  0.2260E-40  0.1240E-30  0.7120E-23  0.4070E-17  0.2690E-14  0.1110E-12  0.3270E-12  0.4380E-12  0.4890E-12  0.5210E-12  0.5110E-12  0.4450E-12  0.3630E-12  0.3160E-12
  0.1000E+12  0.2220E-40  0.1240E-30  0.7120E-23  0.4070E-17  0.2690E-14  0.1110E-12  0.3270E-12  0.4380E-12  0.4890E-12  0.5210E-12  0.5110E-12  0.4450E-12  0.3630E-12  0.3160E-12
  0.1000E+13  0.2230E-40  0.1240E-30  0.7120E-23  0.4070E-17  0.2690E-14  0.1110E-12  0.3270E-12  0.4380E-12  0.4890E-12  0.5210E-12  0.5110E-12  0.4450E-12  0.3630E-12  0.3160E-12
  0.1000E+14  0.2230E-40  0.1240E-30  0.7120E-23  0.4070E-17  0.2690E-14  0.1110E-12  0.3270E-12  0.4380E-12  0.4890E-12  0.5210E-12  0.5110E-12  0.4450E-12  0.3630E-12  0.3160E-12
  0.1000E+15  0.2230E-40  0.1240E-30  0.7120E-23  0.4070E-17  0.2690E-14  0.1110E-12  0.3270E-12  0.4380E-12  0.4890E-12  0.5210E-12  0.5110E-12  0.4450E-12  0.3630E-12  0.3160E-12
  0.1000E+16  0.2230E-40  0.1240E-30  0.7120E-23  0.4070E-17  0.2690E-14  0.1110E-12  0.3270E-12  0.4380E-12  0.4890E-12  0.5220E-12  0.5110E-12  0.4450E-12  0.3630E-12  0.3160E-12
  0.1000E+17  0.2230E-40  0.1250E-30  0.7130E-23  0.4080E-17  0.2700E-14  0.1110E-12  0.3280E-12  0.4390E-12  0.4900E-12  0.5230E-12  0.5120E-12  0.4460E-12  0.3630E-12  0.3170E-12
WAVELENGTH(A)= 
    16.531
 7 14 t 
excit   
    38.100     57.100     95.200    190.000    381.000    952.000   1900.000   2860.000   3810.000   5710.000   9520.000  19000.000  38100.000  57100.000 
  0.1000E+11  0.1000E-73  0.1090E-31  0.4650E-23  0.1190E-16  0.1620E-13  0.9810E-12  0.3290E-11  0.4620E-11  0.5310E-11  0.5880E-11  0.5990E-11  0.5410E-11  0.4460E-11  0.3910E-11
  0.1000E+12  0.1000E-73  0.1090E-31  0.4650E-23  0.1190E-16  0.1620E-13  0.9810E-12  0.3290E-11  0.4620E-11  0.5310E-11  0.5880E-11  0.5990E-11  0.5410E-11  0.4460E-11  0.3910E-11
  0.1000E+13  0.1640E-42  0.1090E-31  0.4650E-23  0.1190E-16  0.1620E-13  0.9810E-12  0.3290E-11  0.4620E-11  0.5310E-11  0.5880E-11  0.5990E-11  0.5410E-11  0.4460E-11  0.3910E-11
  0.1000E+14  0.1570E-42  0.1090E-31  0.4650E-23  0.1190E-16  0.1620E-13  0.9810E-12  0.3290E-11  0.4620E-11  0.5310E-11  0.5880E-11  0.5990E-11  0.5410E-11  0.4460E-11  0.3910E-11
  0.1000E+15  0.1580E-42  0.1090E-31  0.4650E-23  0.1190E-16  0.1620E-13  0.9810E-12  0.3290E-11  0.4620E-11  0.5310E-11  0.5880E-11  0.5990E-11  0.5410E-11  0.4460E-11  0.3910E-11
  0.1000E+16  0.1580E-42  0.1090E-31  0.4650E-23  0.1190E-16  0.1620E-13  0.9810E-12  0.3290E-11  0.4620E-11  0.5310E-11  0.5880E-11  0.5990E-11  0.5410E-11  0.4460E-11  0.3910E-11
  0.1000E+17  0.1580E-42  0.1090E-31  0.4650E-23  0.1190E-16  0.1620E-13  0.9810E-12  0.3290E-11  0.4620E-11  0.5310E-11  0.5880E-11  0.5990E-11  0.5410E-11  0.4460E-11  0.3910E-11
WAVELENGTH(A)= 
    17.416
 7 14 t 
excit   
    38.100     57.100     95.200    190.000    381.000    952.000   1900.000   2860.000   3810.000   5710.000   9520.000  19000.000  38100.000  57100.000 
  0.1000E+11  0.2750E-41  0.3370E-31  0.3480E-23  0.3270E-17  0.3150E-14  0.1840E-12  0.6330E-12  0.9030E-12  0.1050E-11  0.1180E-11  0.1230E-11  0.1180E-11  0.1050E-11  0.9660E-12
  0.1000E+12  0.2930E-41  0.3370E-31  0.3480E-23  0.3270E-17  0.3150E-14  0.1840E-12  0.6330E-12  0.9030E-12  0.1050E-11  0.1180E-11  0.1230E-11  0.1180E-11  0.1050E-11  0.9660E-12
  0.1000E+13  0.2930E-41  0.3370E-31  0.3480E-23  0.3270E-17  0.3150E-14  0.1840E-12  0.6330E-12  0.9030E-12  0.1050E-11  0.1180E-11  0.1230E-11  0.1180E-11  0.1050E-11  0.9660E-12
  0.1000E+14  0.2930E-41  0.3370E-31  0.3480E-23  0.3270E-17  0.3150E-14  0.1840E-12  0.6330E-12  0.9030E-12  0.1050E-11  0.1180E-11  0.1230E-11  0.1180E-11  0.1050E-11  0.9660E-12
  0.1000E+15  0.2930E-41  0.3370E-31  0.3480E-23  0.3270E-17  0.3150E-14  0.1840E-12  0.6330E-12  0.9030E-12  0.1050E-11  0.1180E-11  0.1230E-11  0.1180E-11  0.1050E-11  0.9660E-12
  0.1000E+16  0.2930E-41  0.3370E-31  0.3480E-23  0.3270E-17  0.3150E-14  0.1840E-12  0.6330E-12  0.9030E-12  0.1050E-11  0.1180E-11  0.1230E-11  0.1180E-11  0.1050E-11  0.9660E-12
  0.1000E+17  0.2930E-41  0.3370E-31  0.3480E-23  0.3280E-17  0.3150E-14  0.1840E-12  0.6330E-12  0.9030E-12  0.1050E-11  0.1180E-11  0.1230E-11  0.1180E-11  0.1050E-11  0.9660E-12
WAVELENGTH(A)= 
    17.426
 7 14 t 
excit   
    38.100     57.100     95.200    190.000    381.000    952.000   1900.000   2860.000   3810.000   5710.000   9520.000  19000.000  38100.000  57100.000 
  0.1000E+11  0.1000E-73  0.3570E-34  0.1390E-24  0.1860E-17  0.5790E-14  0.5740E-12  0.2230E-11  0.3270E-11  0.3820E-11  0.4260E-11  0.4330E-11  0.3880E-11  0.3190E-11  0.2780E-11
  0.1000E+12  0.1000E-73  0.3570E-34  0.1390E-24  0.1860E-17  0.5790E-14  0.5740E-12  0.2230E-11  0.3270E-11  0.3820E-11  0.4260E-11  0.4330E-11  0.3880E-11  0.3190E-11  0.2780E-11
  0.1000E+13  0.1000E-73  0.3570E-34  0.1390E-24  0.1860E-17  0.5790E-14  0.5740E-12  0.2230E-11  0.3270E-11  0.3820E-11  0.4260E-11  0.4330E-11  0.3880E-11  0.3190E-11  0.2780E-11
  0.1000E+14  0.1000E-73  0.3570E-34  0.1390E-24  0.1860E-17  0.5790E-14  0.5740E-12  0.2230E-11  0.3270E-11  0.3820E-11  0.4260E-11  0.4330E-11  0.3880E-11  0.3190E-11  0.2780E-11
  0.1000E+15  0.4580E-46  0.3570E-34  0.1390E-24  0.1860E-17  0.5790E-14  0.5740E-12  0.2230E-11  0.3270E-11  0.3820E-11  0.4260E-11  0.4330E-11  0.3880E-11  0.3190E-11  0.2780E-11
  0.1000E+16  0.3210E-46  0.3570E-34  0.1390E-24  0.1860E-17  0.5790E-14  0.5740E-12  0.2230E-11  0.3270E-11  0.3820E-11  0.4260E-11  0.4330E-11  0.3880E-11  0.3190E-11  0.2780E-11
  0.1000E+17  0.3250E-46  0.3570E-34  0.1390E-24  0.1860E-17  0.5790E-14  0.5740E-12  0.2230E-11  0.3270E-11  0.3820E-11  0.4260E-11  0.4330E-11  0.3880E-11  0.3190E-11  0.2780E-11
WAVELENGTH(A)= 
    17.891
 7 14 t 
excit   
    38.100     57.100     95.200    190.000    381.000    952.000   1900.000   2860.000   3810.000   5710.000   9520.000  19000.000  38100.000  57100.000 
  0.1000E+11  0.1000E-73  0.1150E-36  0.2830E-26  0.1510E-18  0.9320E-15  0.1390E-12  0.6290E-12  0.9810E-12  0.1190E-11  0.1410E-11  0.1560E-11  0.1560E-11  0.1450E-11  0.1350E-11
  0.1000E+12  0.1000E-73  0.1150E-36  0.2830E-26  0.1510E-18  0.9320E-15  0.1390E-12  0.6290E-12  0.9810E-12  0.1190E-11  0.1410E-11  0.1560E-11  0.1560E-11  0.1450E-11  0.1350E-11
  0.1000E+13  0.1000E-73  0.1150E-36  0.2830E-26  0.1510E-18  0.9320E-15  0.1390E-12  0.6290E-12  0.9810E-12  0.1190E-11  0.1410E-11  0.1560E-11  0.1560E-11  0.1450E-11  0.1350E-11
  0.1000E+14  0.1000E-73  0.1150E-36  0.2830E-26  0.1510E-18  0.9320E-15  0.1390E-12  0.6290E-12  0.9810E-12  0.1190E-11  0.1410E-11  0.1560E-11  0.1560E-11  0.1450E-11  0.1350E-11
  0.1000E+15  0.1000E-73  0.1150E-36  0.2830E-26  0.1510E-18  0.9320E-15  0.1390E-12  0.6290E-12  0.9810E-12  0.1190E-11  0.1410E-11  0.1560E-11  0.1560E-11  0.1450E-11  0.1350E-11
  0.1000E+16  0.1000E-73  0.1150E-36  0.2830E-26  0.1510E-18  0.9320E-15  0.1390E-12  0.6290E-12  0.9810E-12  0.1190E-11  0.1410E-11  0.1560E-11  0.1560E-11  0.1450E-11  0.1350E-11
  0.1000E+17  0.1000E-73  0.1150E-36  0.2830E-26  0.1510E-18  0.9320E-15  0.1390E-12  0.6290E-12  0.9810E-12  0.1190E-11  0.1410E-11  0.1560E-11  0.1560E-11  0.1450E-11  0.1350E-11
WAVELENGTH(A)= 
    19.508
 7 14 t 
excit   
    38.100     57.100     95.200    190.000    381.000    952.000   1900.000   2860.000   3810.000   5710.000   9520.000  19000.000  38100.000  57100.000 
  0.1000E+11  0.4800E-42  0.1350E-31  0.2600E-23  0.3770E-17  0.4180E-14  0.2420E-12  0.8070E-12  0.1130E-11  0.1300E-11  0.1430E-11  0.1450E-11  0.1320E-11  0.1120E-11  0.9970E-12
  0.1000E+12  0.5280E-42  0.1350E-31  0.2600E-23  0.3770E-17  0.4180E-14  0.2420E-12  0.8070E-12  0.1130E-11  0.1300E-11  0.1430E-11  0.1450E-11  0.1320E-11  0.1120E-11  0.9970E-12
  0.1000E+13  0.5310E-42  0.1350E-31  0.2600E-23  0.3770E-17  0.4180E-14  0.2420E-12  0.8070E-12  0.1130E-11  0.1300E-11  0.1430E-11  0.1450E-11  0.1320E-11  0.1120E-11  0.9970E-12
  0.1000E+14  0.5320E-42  0.1350E-31  0.2600E-23  0.3770E-17  0.4180E-14  0.2420E-12  0.8070E-12  0.1130E-11  0.1300E-11  0.1430E-11  0.1450E-11  0.1320E-11  0.1120E-11  0.9970E-12
  0.1000E+15  0.5310E-42  0.1350E-31  0.2600E-23  0.3770E-17  0.4180E-14  0.2420E-12  0.8070E-12  0.1130E-11  0.1300E-11  0.1430E-11  0.1450E-11  0.1320E-11  0.1120E-11  0.9970E-12
  0.1000E+16  0.5310E-42  0.1350E-31  0.2600E-23  0.3770E-17  0.4180E-14  0.2420E-12  0.8070E-12  0.1130E-11  0.1300E-11  0.1430E-11  0.1450E-11  0.1320E-11  0.1120E-11  0.9970E-12
  0.1000E+17  0.5310E-42  0.1350E-31  0.2600E-23  0.3770E-17  0.4180E-14  0.2420E-12  0.8070E-12  0.1130E-11  0.1300E-11  0.1430E-11  0.1450E-11  0.1320E-11  0.1120E-11  0.9970E-12
WAVELENGTH(A)= 
    19.511
 7 14 t 
excit   
    38.100     57.100     95.200    190.000    381.000    952.000   1900.000   2860.000   3810.000   5710.000   9520.000  19000.000  38100.000  57100.000 
  0.1000E+11  0.1000E-73  0.4040E-36  0.3040E-26  0.6930E-19  0.2990E-15  0.3840E-13  0.1710E-12  0.2710E-12  0.3350E-12  0.4110E-12  0.4780E-12  0.5230E-12  0.5200E-12  0.5050E-12
  0.1000E+12  0.1000E-73  0.4040E-36  0.3040E-26  0.6930E-19  0.2990E-15  0.3840E-13  0.1710E-12  0.2710E-12  0.3350E-12  0.4110E-12  0.4780E-12  0.5230E-12  0.5200E-12  0.5050E-12
  0.1000E+13  0.1000E-73  0.4040E-36  0.3040E-26  0.6930E-19  0.2990E-15  0.3840E-13  0.1710E-12  0.2710E-12  0.3350E-12  0.4110E-12  0.4780E-12  0.5230E-12  0.5200E-12  0.5050E-12
  0.1000E+14  0.1000E-73  0.4040E-36  0.3040E-26  0.6930E-19  0.2990E-15  0.3840E-13  0.1710E-12  0.2710E-12  0.3350E-12  0.4110E-12  0.4780E-12  0.5230E-12  0.5200E-12  0.5050E-12
  0.1000E+15  0.1000E-73  0.4040E-36  0.3040E-26  0.6930E-19  0.2990E-15  0.3840E-13  0.1710E-12  0.2710E-12  0.3350E-12  0.4110E-12  0.4780E-12  0.5230E-12  0.5200E-12  0.5050E-12
  0.1000E+16  0.1000E-73  0.4040E-36  0.3040E-26  0.6930E-19  0.2990E-15  0.3840E-13  0.1710E-12  0.2710E-12  0.3350E-12  0.4110E-12  0.4780E-12  0.5230E-12  0.5200E-12  0.5050E-12
  0.1000E+17  0.1200E-48  0.4040E-36  0.3040E-26  0.6930E-19  0.2990E-15  0.3840E-13  0.1710E-12  0.2710E-12  0.3350E-12  0.4110E-12  0.4780E-12  0.5230E-12  0.5200E-12  0.5050E-12
WAVELENGTH(A)= 
    19.674
 7 14 t 
excit   
    38.100     57.100     95.200    190.000    381.000    952.000   1900.000   2860.000   3810.000   5710.000   9520.000  19000.000  38100.000  57100.000 
  0.1000E+11  0.1000E-73  0.4470E-37  0.1210E-26  0.6890E-19  0.4390E-15  0.6650E-13  0.2990E-12  0.4620E-12  0.5550E-12  0.6390E-12  0.6690E-12  0.6160E-12  0.5100E-12  0.4440E-12
  0.1000E+12  0.1000E-73  0.4470E-37  0.1210E-26  0.6890E-19  0.4390E-15  0.6650E-13  0.2990E-12  0.4620E-12  0.5550E-12  0.6390E-12  0.6690E-12  0.6160E-12  0.5100E-12  0.4440E-12
  0.1000E+13  0.1000E-73  0.4470E-37  0.1210E-26  0.6890E-19  0.4390E-15  0.6650E-13  0.2990E-12  0.4620E-12  0.5550E-12  0.6390E-12  0.6690E-12  0.6160E-12  0.5100E-12  0.4440E-12
  0.1000E+14  0.1000E-73  0.4470E-37  0.1210E-26  0.6890E-19  0.4390E-15  0.6650E-13  0.2990E-12  0.4620E-12  0.5550E-12  0.6390E-12  0.6690E-12  0.6160E-12  0.5100E-12  0.4440E-12
  0.1000E+15  0.1000E-73  0.4470E-37  0.1210E-26  0.6890E-19  0.4390E-15  0.6650E-13  0.2990E-12  0.4620E-12  0.5550E-12  0.6390E-12  0.6690E-12  0.6160E-12  0.5100E-12  0.4440E-12
  0.1000E+16  0.1000E-73  0.4470E-37  0.1210E-26  0.6890E-19  0.4390E-15  0.6650E-13  0.2990E-12  0.4620E-12  0.5550E-12  0.6390E-12  0.6690E-12  0.6150E-12  0.5100E-12  0.4440E-12
  0.1000E+17  0.1000E-73  0.4470E-37  0.1210E-26  0.6890E-19  0.4390E-15  0.6650E-13  0.2990E-12  0.4610E-12  0.5550E-12  0.6390E-12  0.6690E-12  0.6150E-12  0.5100E-12  0.4440E-12
WAVELENGTH(A)= 
    23.738
 7 14 t 
excit   
    38.100     57.100     95.200    190.000    381.000    952.000   1900.000   2860.000   3810.000   5710.000   9520.000  19000.000  38100.000  57100.000 
  0.1000E+11  0.1000E-73  0.4090E-39  0.5800E-28  0.1150E-19  0.1370E-15  0.3070E-13  0.1630E-12  0.2750E-12  0.3520E-12  0.4480E-12  0.5420E-12  0.6150E-12  0.6360E-12  0.6260E-12
  0.1000E+12  0.1000E-73  0.4090E-39  0.5800E-28  0.1150E-19  0.1370E-15  0.3070E-13  0.1630E-12  0.2750E-12  0.3520E-12  0.4480E-12  0.5420E-12  0.6150E-12  0.6360E-12  0.6260E-12
  0.1000E+13  0.1000E-73  0.4090E-39  0.5800E-28  0.1150E-19  0.1370E-15  0.3070E-13  0.1630E-12  0.2750E-12  0.3520E-12  0.4480E-12  0.5420E-12  0.6150E-12  0.6360E-12  0.6260E-12
  0.1000E+14  0.1000E-73  0.4090E-39  0.5800E-28  0.1150E-19  0.1370E-15  0.3070E-13  0.1630E-12  0.2750E-12  0.3520E-12  0.4480E-12  0.5420E-12  0.6150E-12  0.6360E-12  0.6260E-12
  0.1000E+15  0.1000E-73  0.4090E-39  0.5800E-28  0.1150E-19  0.1370E-15  0.3070E-13  0.1630E-12  0.2750E-12  0.3520E-12  0.4480E-12  0.5420E-12  0.6150E-12  0.6360E-12  0.6260E-12
  0.1000E+16  0.1000E-73  0.4090E-39  0.5800E-28  0.1150E-19  0.1370E-15  0.3070E-13  0.1630E-12  0.2750E-12  0.3520E-12  0.4480E-12  0.5420E-12  0.6150E-12  0.6360E-12  0.6260E-12
  0.1000E+17  0.1000E-73  0.4090E-39  0.5800E-28  0.1150E-19  0.1370E-15  0.3070E-13  0.1630E-12  0.2750E-12  0.3520E-12  0.4480E-12  0.5420E-12  0.6150E-12  0.6360E-12  0.6260E-12
WAVELENGTH(A)= 
    23.742
 7 14 t 
excit   
    38.100     57.100     95.200    190.000    381.000    952.000   1900.000   2860.000   3810.000   5710.000   9520.000  19000.000  38100.000  57100.000 
  0.1000E+11  0.1000E-73  0.2760E-39  0.5200E-28  0.1270E-19  0.1680E-15  0.3900E-13  0.1990E-12  0.3150E-12  0.3810E-12  0.4360E-12  0.4470E-12  0.3930E-12  0.3120E-12  0.2660E-12
  0.1000E+12  0.1000E-73  0.2760E-39  0.5200E-28  0.1270E-19  0.1680E-15  0.3900E-13  0.1990E-12  0.3150E-12  0.3810E-12  0.4360E-12  0.4470E-12  0.3930E-12  0.3120E-12  0.2660E-12
  0.1000E+13  0.1000E-73  0.2760E-39  0.5200E-28  0.1270E-19  0.1680E-15  0.3900E-13  0.1990E-12  0.3150E-12  0.3810E-12  0.4360E-12  0.4470E-12  0.3930E-12  0.3120E-12  0.2660E-12
  0.1000E+14  0.1000E-73  0.2760E-39  0.5200E-28  0.1270E-19  0.1680E-15  0.3900E-13  0.1990E-12  0.3150E-12  0.3810E-12  0.4360E-12  0.4470E-12  0.3930E-12  0.3120E-12  0.2660E-12
  0.1000E+15  0.1000E-73  0.2760E-39  0.5200E-28  0.1270E-19  0.1680E-15  0.3900E-13  0.1990E-12  0.3150E-12  0.3810E-12  0.4360E-12  0.4470E-12  0.3930E-12  0.3120E-12  0.2660E-12
  0.1000E+16  0.1000E-73  0.2760E-39  0.5200E-28  0.1270E-19  0.1680E-15  0.3900E-13  0.1990E-12  0.3150E-12  0.3810E-12  0.4360E-12  0.4470E-12  0.3930E-12  0.3120E-12  0.2660E-12
  0.1000E+17  0.1000E-73  0.2760E-39  0.5200E-28  0.1270E-19  0.1680E-15  0.3900E-13  0.1990E-12  0.3150E-12  0.3810E-12  0.4360E-12  0.4470E-12  0.3930E-12  0.3120E-12  0.2660E-12
WAVELENGTH(A)= 
    24.156
 7 14 t 
excit   
    38.100     57.100     95.200    190.000    381.000    952.000   1900.000   2860.000   3810.000   5710.000   9520.000  19000.000  38100.000  57100.000 
  0.1000E+11  0.1000E-73  0.6050E-35  0.2230E-25  0.2960E-18  0.9560E-15  0.1000E-12  0.4000E-12  0.5920E-12  0.6970E-12  0.7870E-12  0.8160E-12  0.7550E-12  0.6480E-12  0.5810E-12
  0.1000E+12  0.1000E-73  0.6050E-35  0.2230E-25  0.2960E-18  0.9560E-15  0.1000E-12  0.4000E-12  0.5920E-12  0.6970E-12  0.7870E-12  0.8160E-12  0.7550E-12  0.6480E-12  0.5810E-12
  0.1000E+13  0.1000E-73  0.6050E-35  0.2230E-25  0.2960E-18  0.9560E-15  0.1000E-12  0.4000E-12  0.5920E-12  0.6970E-12  0.7870E-12  0.8160E-12  0.7550E-12  0.6480E-12  0.5810E-12
  0.1000E+14  0.1000E-73  0.6050E-35  0.2230E-25  0.2960E-18  0.9560E-15  0.1000E-12  0.4000E-12  0.5920E-12  0.6970E-12  0.7870E-12  0.8160E-12  0.7550E-12  0.6480E-12  0.5810E-12
  0.1000E+15  0.1000E-73  0.6050E-35  0.2230E-25  0.2960E-18  0.9560E-15  0.1000E-12  0.4000E-12  0.5920E-12  0.6970E-12  0.7870E-12  0.8160E-12  0.7550E-12  0.6480E-12  0.5810E-12
  0.1000E+16  0.6050E-47  0.6050E-35  0.2230E-25  0.2960E-18  0.9560E-15  0.1000E-12  0.4000E-12  0.5920E-12  0.6970E-12  0.7870E-12  0.8160E-12  0.7550E-12  0.6480E-12  0.5810E-12
  0.1000E+17  0.6050E-47  0.6050E-35  0.2230E-25  0.2960E-18  0.9560E-15  0.1000E-12  0.4000E-12  0.5920E-12  0.6970E-12  0.7870E-12  0.8160E-12  0.7550E-12  0.6480E-12  0.5810E-12
WAVELENGTH(A)= 
    24.176
 7 14 t 
excit   
    38.100     57.100     95.200    190.000    381.000    952.000   1900.000   2860.000   3810.000   5710.000   9520.000  19000.000  38100.000  57100.000 
  0.1000E+11  0.1000E-73  0.1930E-39  0.2740E-28  0.5420E-20  0.6450E-16  0.1450E-13  0.7720E-13  0.1300E-12  0.1660E-12  0.2120E-12  0.2560E-12  0.2900E-12  0.3000E-12  0.2960E-12
  0.1000E+12  0.1000E-73  0.1930E-39  0.2740E-28  0.5420E-20  0.6450E-16  0.1450E-13  0.7720E-13  0.1300E-12  0.1660E-12  0.2120E-12  0.2560E-12  0.2900E-12  0.3000E-12  0.2960E-12
  0.1000E+13  0.1000E-73  0.1930E-39  0.2740E-28  0.5420E-20  0.6450E-16  0.1450E-13  0.7720E-13  0.1300E-12  0.1660E-12  0.2120E-12  0.2560E-12  0.2900E-12  0.3000E-12  0.2960E-12
  0.1000E+14  0.1000E-73  0.1930E-39  0.2740E-28  0.5420E-20  0.6450E-16  0.1450E-13  0.7720E-13  0.1300E-12  0.1660E-12  0.2120E-12  0.2560E-12  0.2900E-12  0.3000E-12  0.2960E-12
  0.1000E+15  0.1000E-73  0.1930E-39  0.2740E-28  0.5420E-20  0.6450E-16  0.1450E-13  0.7720E-13  0.1300E-12  0.1660E-12  0.2120E-12  0.2560E-12  0.2900E-12  0.3000E-12  0.2960E-12
  0.1000E+16  0.1000E-73  0.1930E-39  0.2740E-28  0.5420E-20  0.6450E-16  0.1450E-13  0.7720E-13  0.1300E-12  0.1660E-12  0.2120E-12  0.2560E-12  0.2900E-12  0.3000E-12  0.2960E-12
  0.1000E+17  0.1000E-73  0.1930E-39  0.2740E-28  0.5420E-20  0.6450E-16  0.1450E-13  0.7710E-13  0.1300E-12  0.1660E-12  0.2120E-12  0.2560E-12  0.2900E-12  0.3000E-12  0.2960E-12
WAVELENGTH(A)= 
    26.849
 7 14 t 
excit   
    38.100     57.100     95.200    190.000    381.000    952.000   1900.000   2860.000   3810.000   5710.000   9520.000  19000.000  38100.000  57100.000 
  0.1000E+11  0.1000E-73  0.1230E-34  0.6030E-25  0.9610E-18  0.3290E-14  0.3510E-12  0.1420E-11  0.2150E-11  0.2580E-11  0.3000E-11  0.3260E-11  0.3250E-11  0.3000E-11  0.2800E-11
  0.1000E+12  0.1000E-73  0.1230E-34  0.6030E-25  0.9610E-18  0.3290E-14  0.3510E-12  0.1420E-11  0.2150E-11  0.2580E-11  0.3000E-11  0.3260E-11  0.3250E-11  0.3000E-11  0.2800E-11
  0.1000E+13  0.1000E-73  0.1230E-34  0.6030E-25  0.9610E-18  0.3290E-14  0.3510E-12  0.1420E-11  0.2150E-11  0.2580E-11  0.3000E-11  0.3260E-11  0.3250E-11  0.3000E-11  0.2800E-11
  0.1000E+14  0.1000E-73  0.1230E-34  0.6030E-25  0.9610E-18  0.3290E-14  0.3510E-12  0.1420E-11  0.2150E-11  0.2580E-11  0.3000E-11  0.3260E-11  0.3250E-11  0.3000E-11  0.2800E-11
  0.1000E+15  0.1000E-73  0.1230E-34  0.6030E-25  0.9610E-18  0.3290E-14  0.3510E-12  0.1420E-11  0.2150E-11  0.2580E-11  0.3000E-11  0.3260E-11  0.3250E-11  0.3000E-11  0.2800E-11
  0.1000E+16  0.8070E-47  0.1230E-34  0.6030E-25  0.9610E-18  0.3290E-14  0.3510E-12  0.1420E-11  0.2150E-11  0.2580E-11  0.3000E-11  0.3260E-11  0.3250E-11  0.3000E-11  0.2800E-11
  0.1000E+17  0.8480E-47  0.1230E-34  0.6030E-25  0.9610E-18  0.3290E-14  0.3510E-12  0.1420E-11  0.2150E-11  0.2580E-11  0.3000E-11  0.3260E-11  0.3250E-11  0.3000E-11  0.2800E-11
WAVELENGTH(A)= 
    26.869
 7 14 t 
excit   
    38.100     57.100     95.200    190.000    381.000    952.000   1900.000   2860.000   3810.000   5710.000   9520.000  19000.000  38100.000  57100.000 
  0.1000E+11  0.1000E-73  0.2610E-39  0.4920E-28  0.1210E-19  0.1590E-15  0.3690E-13  0.1880E-12  0.2980E-12  0.3610E-12  0.4130E-12  0.4230E-12  0.3720E-12  0.2960E-12  0.2520E-12
  0.1000E+12  0.1000E-73  0.2610E-39  0.4920E-28  0.1210E-19  0.1590E-15  0.3690E-13  0.1880E-12  0.2980E-12  0.3610E-12  0.4130E-12  0.4230E-12  0.3720E-12  0.2960E-12  0.2520E-12
  0.1000E+13  0.1000E-73  0.2610E-39  0.4920E-28  0.1210E-19  0.1590E-15  0.3690E-13  0.1880E-12  0.2980E-12  0.3610E-12  0.4130E-12  0.4230E-12  0.3720E-12  0.2960E-12  0.2520E-12
  0.1000E+14  0.1000E-73  0.2610E-39  0.4920E-28  0.1210E-19  0.1590E-15  0.3690E-13  0.1880E-12  0.2980E-12  0.3610E-12  0.4130E-12  0.4230E-12  0.3720E-12  0.2960E-12  0.2520E-12
  0.1000E+15  0.1000E-73  0.2610E-39  0.4920E-28  0.1210E-19  0.1590E-15  0.3690E-13  0.1880E-12  0.2980E-12  0.3610E-12  0.4130E-12  0.4230E-12  0.3720E-12  0.2960E-12  0.2520E-12
  0.1000E+16  0.1000E-73  0.2610E-39  0.4920E-28  0.1210E-19  0.1590E-15  0.3690E-13  0.1880E-12  0.2980E-12  0.3610E-12  0.4130E-12  0.4230E-12  0.3720E-12  0.2960E-12  0.2520E-12
  0.1000E+17  0.1000E-73  0.2610E-39  0.4920E-28  0.1210E-19  0.1590E-15  0.3690E-13  0.1880E-12  0.2980E-12  0.3610E-12  0.4130E-12  0.4230E-12  0.3720E-12  0.2960E-12  0.2520E-12
WAVELENGTH(A)= 
    30.447
 7 14 t 
excit   
    38.100     57.100     95.200    190.000    381.000    952.000   1900.000   2860.000   3810.000   5710.000   9520.000  19000.000  38100.000  57100.000 
  0.1000E+11  0.1000E-73  0.4060E-35  0.2310E-25  0.4100E-18  0.1470E-14  0.1580E-12  0.6340E-12  0.9440E-12  0.1120E-11  0.1270E-11  0.1310E-11  0.1200E-11  0.9950E-12  0.8680E-12
  0.1000E+12  0.1000E-73  0.4060E-35  0.2310E-25  0.4100E-18  0.1470E-14  0.1580E-12  0.6340E-12  0.9440E-12  0.1120E-11  0.1270E-11  0.1310E-11  0.1200E-11  0.9950E-12  0.8680E-12
  0.1000E+13  0.1000E-73  0.4060E-35  0.2310E-25  0.4100E-18  0.1470E-14  0.1580E-12  0.6340E-12  0.9440E-12  0.1120E-11  0.1270E-11  0.1310E-11  0.1200E-11  0.9950E-12  0.8680E-12
  0.1000E+14  0.1000E-73  0.4060E-35  0.2310E-25  0.4100E-18  0.1470E-14  0.1580E-12  0.6340E-12  0.9440E-12  0.1120E-11  0.1270E-11  0.1310E-11  0.1200E-11  0.9950E-12  0.8680E-12
  0.1000E+15  0.1000E-73  0.4060E-35  0.2310E-25  0.4100E-18  0.1470E-14  0.1580E-12  0.6340E-12  0.9440E-12  0.1120E-11  0.1270E-11  0.1310E-11  0.1200E-11  0.9950E-12  0.8680E-12
  0.1000E+16  0.1000E-73  0.4060E-35  0.2310E-25  0.4100E-18  0.1470E-14  0.1580E-12  0.6340E-12  0.9440E-12  0.1120E-11  0.1270E-11  0.1310E-11  0.1200E-11  0.9950E-12  0.8680E-12
  0.1000E+17  0.2280E-47  0.4070E-35  0.2310E-25  0.4100E-18  0.1470E-14  0.1580E-12  0.6340E-12  0.9440E-12  0.1120E-11  0.1270E-11  0.1310E-11  0.1200E-11  0.9950E-12  0.8680E-12
WAVELENGTH(A)= 
    33.656
 7 14 t 
excit   
    38.100     57.100     95.200    190.000    381.000    952.000   1900.000   2860.000   3810.000   5710.000   9520.000  19000.000  38100.000  57100.000 
  0.1000E+11  0.1000E-73  0.2210E-38  0.2180E-27  0.3270E-19  0.3390E-15  0.6810E-13  0.3330E-12  0.5240E-12  0.6320E-12  0.7280E-12  0.7520E-12  0.6740E-12  0.5440E-12  0.4680E-12
  0.1000E+12  0.1000E-73  0.2210E-38  0.2180E-27  0.3270E-19  0.3390E-15  0.6810E-13  0.3330E-12  0.5240E-12  0.6320E-12  0.7280E-12  0.7520E-12  0.6740E-12  0.5440E-12  0.4680E-12
  0.1000E+13  0.1000E-73  0.2210E-38  0.2180E-27  0.3270E-19  0.3390E-15  0.6810E-13  0.3330E-12  0.5240E-12  0.6320E-12  0.7280E-12  0.7520E-12  0.6740E-12  0.5440E-12  0.4680E-12
  0.1000E+14  0.1000E-73  0.2210E-38  0.2180E-27  0.3270E-19  0.3390E-15  0.6810E-13  0.3330E-12  0.5240E-12  0.6320E-12  0.7280E-12  0.7520E-12  0.6740E-12  0.5440E-12  0.4680E-12
  0.1000E+15  0.1000E-73  0.2210E-38  0.2180E-27  0.3270E-19  0.3390E-15  0.6810E-13  0.3330E-12  0.5240E-12  0.6320E-12  0.7280E-12  0.7520E-12  0.6740E-12  0.5440E-12  0.4680E-12
  0.1000E+16  0.1000E-73  0.2210E-38  0.2180E-27  0.3270E-19  0.3390E-15  0.6810E-13  0.3330E-12  0.5240E-12  0.6320E-12  0.7280E-12  0.7510E-12  0.6740E-12  0.5440E-12  0.4680E-12
  0.1000E+17  0.1000E-73  0.2210E-38  0.2180E-27  0.3270E-19  0.3390E-15  0.6810E-13  0.3330E-12  0.5240E-12  0.6320E-12  0.7280E-12  0.7510E-12  0.6740E-12  0.5440E-12  0.4680E-12
WAVELENGTH(A)= 
    36.035
 7 14 t 
excit   
    38.100     57.100     95.200    190.000    381.000    952.000   1900.000   2860.000   3810.000   5710.000   9520.000  19000.000  38100.000  57100.000 
  0.1000E+11  0.1000E-73  0.2440E-35  0.8990E-26  0.1200E-18  0.3860E-15  0.4040E-13  0.1620E-12  0.2390E-12  0.2820E-12  0.3180E-12  0.3300E-12  0.3050E-12  0.2620E-12  0.2350E-12
  0.1000E+12  0.1000E-73  0.2440E-35  0.8990E-26  0.1200E-18  0.3860E-15  0.4040E-13  0.1620E-12  0.2390E-12  0.2820E-12  0.3180E-12  0.3300E-12  0.3050E-12  0.2620E-12  0.2350E-12
  0.1000E+13  0.1000E-73  0.2440E-35  0.8990E-26  0.1200E-18  0.3860E-15  0.4040E-13  0.1620E-12  0.2390E-12  0.2820E-12  0.3180E-12  0.3300E-12  0.3050E-12  0.2620E-12  0.2350E-12
  0.1000E+14  0.1000E-73  0.2440E-35  0.8990E-26  0.1200E-18  0.3860E-15  0.4040E-13  0.1620E-12  0.2390E-12  0.2820E-12  0.3180E-12  0.3300E-12  0.3050E-12  0.2620E-12  0.2350E-12
  0.1000E+15  0.1000E-73  0.2440E-35  0.8990E-26  0.1200E-18  0.3860E-15  0.4040E-13  0.1620E-12  0.2390E-12  0.2820E-12  0.3180E-12  0.3300E-12  0.3050E-12  0.2620E-12  0.2350E-12
  0.1000E+16  0.2450E-47  0.2440E-35  0.8990E-26  0.1200E-18  0.3860E-15  0.4040E-13  0.1620E-12  0.2390E-12  0.2820E-12  0.3180E-12  0.3300E-12  0.3050E-12  0.2620E-12  0.2350E-12
  0.1000E+17  0.2450E-47  0.2440E-35  0.8990E-26  0.1200E-18  0.3860E-15  0.4040E-13  0.1620E-12  0.2390E-12  0.2820E-12  0.3180E-12  0.3300E-12  0.3050E-12  0.2620E-12  0.2350E-12
WAVELENGTH(A)= 
    45.452
 7 14 t 
excit   
    38.100     57.100     95.200    190.000    381.000    952.000   1900.000   2860.000   3810.000   5710.000   9520.000  19000.000  38100.000  57100.000 
  0.1000E+11  0.1000E-73  0.4880E-37  0.1200E-26  0.6380E-19  0.3940E-15  0.5880E-13  0.2660E-12  0.4150E-12  0.5050E-12  0.5970E-12  0.6600E-12  0.6610E-12  0.6120E-12  0.5720E-12
  0.1000E+12  0.1000E-73  0.4880E-37  0.1200E-26  0.6380E-19  0.3940E-15  0.5880E-13  0.2660E-12  0.4150E-12  0.5050E-12  0.5970E-12  0.6600E-12  0.6610E-12  0.6120E-12  0.5720E-12
  0.1000E+13  0.1000E-73  0.4880E-37  0.1200E-26  0.6380E-19  0.3940E-15  0.5880E-13  0.2660E-12  0.4150E-12  0.5050E-12  0.5970E-12  0.6600E-12  0.6610E-12  0.6120E-12  0.5720E-12
  0.1000E+14  0.1000E-73  0.4880E-37  0.1200E-26  0.6380E-19  0.3940E-15  0.5880E-13  0.2660E-12  0.4150E-12  0.5050E-12  0.5970E-12  0.6600E-12  0.6610E-12  0.6120E-12  0.5720E-12
  0.1000E+15  0.1000E-73  0.4880E-37  0.1200E-26  0.6380E-19  0.3940E-15  0.5880E-13  0.2660E-12  0.4150E-12  0.5050E-12  0.5970E-12  0.6600E-12  0.6610E-12  0.6120E-12  0.5720E-12
  0.1000E+16  0.1000E-73  0.4880E-37  0.1200E-26  0.6380E-19  0.3940E-15  0.5880E-13  0.2660E-12  0.4150E-12  0.5050E-12  0.5970E-12  0.6600E-12  0.6610E-12  0.6120E-12  0.5720E-12
  0.1000E+17  0.1000E-73  0.4880E-37  0.1200E-26  0.6380E-19  0.3940E-15  0.5880E-13  0.2660E-12  0.4150E-12  0.5050E-12  0.5970E-12  0.6600E-12  0.6610E-12  0.6120E-12  0.5720E-12
WAVELENGTH(A)= 
    50.695
 7 14 t 
excit   
    38.100     57.100     95.200    190.000    381.000    952.000   1900.000   2860.000   3810.000   5710.000   9520.000  19000.000  38100.000  57100.000 
  0.1000E+11  0.1000E-73  0.2480E-37  0.6690E-27  0.3820E-19  0.2440E-15  0.3690E-13  0.1660E-12  0.2560E-12  0.3080E-12  0.3550E-12  0.3710E-12  0.3420E-12  0.2830E-12  0.2470E-12
  0.1000E+12  0.1000E-73  0.2480E-37  0.6690E-27  0.3820E-19  0.2440E-15  0.3690E-13  0.1660E-12  0.2560E-12  0.3080E-12  0.3550E-12  0.3710E-12  0.3420E-12  0.2830E-12  0.2470E-12
  0.1000E+13  0.1000E-73  0.2480E-37  0.6690E-27  0.3820E-19  0.2440E-15  0.3690E-13  0.1660E-12  0.2560E-12  0.3080E-12  0.3550E-12  0.3710E-12  0.3420E-12  0.2830E-12  0.2470E-12
  0.1000E+14  0.1000E-73  0.2480E-37  0.6690E-27  0.3820E-19  0.2440E-15  0.3690E-13  0.1660E-12  0.2560E-12  0.3080E-12  0.3550E-12  0.3710E-12  0.3420E-12  0.2830E-12  0.2470E-12
  0.1000E+15  0.1000E-73  0.2480E-37  0.6690E-27  0.3820E-19  0.2440E-15  0.3690E-13  0.1660E-12  0.2560E-12  0.3080E-12  0.3550E-12  0.3710E-12  0.3420E-12  0.2830E-12  0.2470E-12
  0.1000E+16  0.1000E-73  0.2480E-37  0.6690E-27  0.3820E-19  0.2440E-15  0.3690E-13  0.1660E-12  0.2560E-12  0.3080E-12  0.3550E-12  0.3710E-12  0.3420E-12  0.2830E-12  0.2470E-12
  0.1000E+17  0.1000E-73  0.2480E-37  0.6690E-27  0.3830E-19  0.2440E-15  0.3690E-13  0.1660E-12  0.2560E-12  0.3080E-12  0.3550E-12  0.3710E-12  0.3420E-12  0.2830E-12  0.2470E-12
WAVELENGTH(A)= 
    63.656
 7 14 t 
excit   
    38.100     57.100     95.200    190.000    381.000    952.000   1900.000   2860.000   3810.000   5710.000   9520.000  19000.000  38100.000  57100.000 
  0.1000E+11  0.3180E-31  0.7020E-24  0.4820E-18  0.1010E-13  0.1310E-11  0.2330E-10  0.5640E-10  0.7220E-10  0.7970E-10  0.8510E-10  0.8530E-10  0.7830E-10  0.6780E-10  0.6120E-10
  0.1000E+12  0.3180E-31  0.7020E-24  0.4820E-18  0.1010E-13  0.1310E-11  0.2330E-10  0.5640E-10  0.7220E-10  0.7970E-10  0.8510E-10  0.8530E-10  0.7830E-10  0.6780E-10  0.6120E-10
  0.1000E+13  0.3180E-31  0.7020E-24  0.4820E-18  0.1010E-13  0.1310E-11  0.2330E-10  0.5640E-10  0.7220E-10  0.7970E-10  0.8510E-10  0.8530E-10  0.7830E-10  0.6780E-10  0.6120E-10
  0.1000E+14  0.3180E-31  0.7020E-24  0.4820E-18  0.1010E-13  0.1310E-11  0.2330E-10  0.5640E-10  0.7220E-10  0.7970E-10  0.8510E-10  0.8530E-10  0.7830E-10  0.6780E-10  0.6120E-10
  0.1000E+15  0.3180E-31  0.7020E-24  0.4820E-18  0.1010E-13  0.1310E-11  0.2330E-10  0.5640E-10  0.7220E-10  0.7970E-10  0.8510E-10  0.8530E-10  0.7830E-10  0.6780E-10  0.6120E-10
  0.1000E+16  0.3180E-31  0.7020E-24  0.4820E-18  0.1010E-13  0.1310E-11  0.2330E-10  0.5640E-10  0.7220E-10  0.7970E-10  0.8510E-10  0.8530E-10  0.7830E-10  0.6780E-10  0.6120E-10
  0.1000E+17  0.3180E-31  0.7020E-24  0.4820E-18  0.1010E-13  0.1310E-11  0.2330E-10  0.5640E-10  0.7220E-10  0.7970E-10  0.8510E-10  0.8530E-10  0.7830E-10  0.6780E-10  0.6120E-10
WAVELENGTH(A)= 
    63.894
 7 14 t 
excit   
    38.100     57.100     95.200    190.000    381.000    952.000   1900.000   2860.000   3810.000   5710.000   9520.000  19000.000  38100.000  57100.000 
  0.1000E+11  0.5290E-39  0.1240E-29  0.4130E-22  0.1860E-16  0.1190E-13  0.5110E-12  0.1590E-11  0.2220E-11  0.2560E-11  0.2870E-11  0.3030E-11  0.2940E-11  0.2670E-11  0.2470E-11
  0.1000E+12  0.5290E-39  0.1240E-29  0.4130E-22  0.1860E-16  0.1190E-13  0.5110E-12  0.1590E-11  0.2220E-11  0.2560E-11  0.2870E-11  0.3030E-11  0.2940E-11  0.2670E-11  0.2470E-11
  0.1000E+13  0.5290E-39  0.1240E-29  0.4130E-22  0.1860E-16  0.1190E-13  0.5110E-12  0.1590E-11  0.2220E-11  0.2560E-11  0.2870E-11  0.3030E-11  0.2940E-11  0.2670E-11  0.2470E-11
  0.1000E+14  0.5290E-39  0.1240E-29  0.4130E-22  0.1860E-16  0.1190E-13  0.5110E-12  0.1590E-11  0.2220E-11  0.2560E-11  0.2870E-11  0.3030E-11  0.2940E-11  0.2670E-11  0.2470E-11
  0.1000E+15  0.5290E-39  0.1240E-29  0.4130E-22  0.1860E-16  0.1190E-13  0.5110E-12  0.1590E-11  0.2220E-11  0.2560E-11  0.2870E-11  0.3030E-11  0.2940E-11  0.2670E-11  0.2470E-11
  0.1000E+16  0.5290E-39  0.1240E-29  0.4130E-22  0.1860E-16  0.1190E-13  0.5110E-12  0.1590E-11  0.2220E-11  0.2560E-11  0.2870E-11  0.3030E-11  0.2940E-11  0.2670E-11  0.2470E-11
  0.1000E+17  0.5320E-39  0.1240E-29  0.4140E-22  0.1860E-16  0.1190E-13  0.5110E-12  0.1590E-11  0.2220E-11  0.2560E-11  0.2870E-11  0.3030E-11  0.2940E-11  0.2670E-11  0.2470E-11
WAVELENGTH(A)= 
    73.194
 7 14 t 
excit   
    38.100     57.100     95.200    190.000    381.000    952.000   1900.000   2860.000   3810.000   5710.000   9520.000  19000.000  38100.000  57100.000 
  0.1000E+11  0.2760E-34  0.2680E-26  0.6020E-20  0.3000E-15  0.5720E-13  0.1110E-11  0.2680E-11  0.3460E-11  0.3890E-11  0.4320E-11  0.4590E-11  0.4590E-11  0.4320E-11  0.4070E-11
  0.1000E+12  0.2760E-34  0.2680E-26  0.6020E-20  0.3000E-15  0.5720E-13  0.1110E-11  0.2680E-11  0.3460E-11  0.3890E-11  0.4320E-11  0.4590E-11  0.4590E-11  0.4320E-11  0.4070E-11
  0.1000E+13  0.2760E-34  0.2680E-26  0.6020E-20  0.3000E-15  0.5720E-13  0.1110E-11  0.2680E-11  0.3460E-11  0.3890E-11  0.4320E-11  0.4590E-11  0.4590E-11  0.4320E-11  0.4070E-11
  0.1000E+14  0.2760E-34  0.2680E-26  0.6020E-20  0.3000E-15  0.5720E-13  0.1110E-11  0.2680E-11  0.3460E-11  0.3890E-11  0.4320E-11  0.4590E-11  0.4590E-11  0.4320E-11  0.4070E-11
  0.1000E+15  0.2760E-34  0.2680E-26  0.6020E-20  0.3000E-15  0.5720E-13  0.1110E-11  0.2680E-11  0.3460E-11  0.3890E-11  0.4320E-11  0.4590E-11  0.4590E-11  0.4320E-11  0.4070E-11
  0.1000E+16  0.2760E-34  0.2680E-26  0.6020E-20  0.3000E-15  0.5720E-13  0.1110E-11  0.2670E-11  0.3460E-11  0.3890E-11  0.4320E-11  0.4590E-11  0.4590E-11  0.4320E-11  0.4070E-11
  0.1000E+17  0.2760E-34  0.2680E-26  0.6020E-20  0.3000E-15  0.5720E-13  0.1110E-11  0.2670E-11  0.3460E-11  0.3890E-11  0.4320E-11  0.4590E-11  0.4590E-11  0.4320E-11  0.4070E-11
WAVELENGTH(A)= 
    73.405
 7 14 t 
excit   
    38.100     57.100     95.200    190.000    381.000    952.000   1900.000   2860.000   3810.000   5710.000   9520.000  19000.000  38100.000  57100.000 
  0.1000E+11  0.2710E-39  0.2550E-29  0.2210E-21  0.1710E-15  0.1270E-12  0.5310E-11  0.1550E-10  0.2070E-10  0.2310E-10  0.2460E-10  0.2390E-10  0.2060E-10  0.1650E-10  0.1410E-10
  0.1000E+12  0.2710E-39  0.2550E-29  0.2210E-21  0.1710E-15  0.1270E-12  0.5310E-11  0.1550E-10  0.2070E-10  0.2310E-10  0.2460E-10  0.2390E-10  0.2060E-10  0.1650E-10  0.1410E-10
  0.1000E+13  0.2710E-39  0.2550E-29  0.2210E-21  0.1710E-15  0.1270E-12  0.5310E-11  0.1550E-10  0.2070E-10  0.2310E-10  0.2460E-10  0.2390E-10  0.2060E-10  0.1650E-10  0.1410E-10
  0.1000E+14  0.2710E-39  0.2550E-29  0.2210E-21  0.1710E-15  0.1270E-12  0.5310E-11  0.1550E-10  0.2070E-10  0.2310E-10  0.2460E-10  0.2390E-10  0.2060E-10  0.1650E-10  0.1410E-10
  0.1000E+15  0.2710E-39  0.2550E-29  0.2210E-21  0.1710E-15  0.1270E-12  0.5310E-11  0.1550E-10  0.2070E-10  0.2310E-10  0.2460E-10  0.2390E-10  0.2060E-10  0.1650E-10  0.1410E-10
  0.1000E+16  0.2710E-39  0.2550E-29  0.2210E-21  0.1710E-15  0.1270E-12  0.5310E-11  0.1550E-10  0.2070E-10  0.2310E-10  0.2460E-10  0.2390E-10  0.2060E-10  0.1650E-10  0.1410E-10
  0.1000E+17  0.2710E-39  0.2550E-29  0.2210E-21  0.1710E-15  0.1270E-12  0.5310E-11  0.1550E-10  0.2070E-10  0.2310E-10  0.2460E-10  0.2390E-10  0.2060E-10  0.1650E-10  0.1410E-10
WAVELENGTH(A)= 
    74.324
 7 14 t 
excit   
    38.100     57.100     95.200    190.000    381.000    952.000   1900.000   2860.000   3810.000   5710.000   9520.000  19000.000  38100.000  57100.000 
  0.1000E+11  0.1580E-30  0.7680E-24  0.2190E-18  0.3160E-14  0.3750E-12  0.6630E-11  0.1630E-10  0.2110E-10  0.2350E-10  0.2520E-10  0.2550E-10  0.2360E-10  0.2060E-10  0.1870E-10
  0.1000E+12  0.1580E-30  0.7680E-24  0.2190E-18  0.3160E-14  0.3750E-12  0.6630E-11  0.1630E-10  0.2110E-10  0.2350E-10  0.2520E-10  0.2550E-10  0.2360E-10  0.2060E-10  0.1870E-10
  0.1000E+13  0.1580E-30  0.7680E-24  0.2190E-18  0.3160E-14  0.3750E-12  0.6630E-11  0.1630E-10  0.2110E-10  0.2350E-10  0.2520E-10  0.2550E-10  0.2360E-10  0.2060E-10  0.1870E-10
  0.1000E+14  0.1580E-30  0.7680E-24  0.2190E-18  0.3160E-14  0.3750E-12  0.6630E-11  0.1630E-10  0.2110E-10  0.2350E-10  0.2520E-10  0.2550E-10  0.2360E-10  0.2060E-10  0.1870E-10
  0.1000E+15  0.1580E-30  0.7680E-24  0.2190E-18  0.3160E-14  0.3750E-12  0.6630E-11  0.1630E-10  0.2110E-10  0.2350E-10  0.2520E-10  0.2550E-10  0.2360E-10  0.2060E-10  0.1870E-10
  0.1000E+16  0.1580E-30  0.7680E-24  0.2190E-18  0.3160E-14  0.3750E-12  0.6630E-11  0.1630E-10  0.2110E-10  0.2350E-10  0.2520E-10  0.2550E-10  0.2360E-10  0.2060E-10  0.1870E-10
  0.1000E+17  0.1600E-30  0.7740E-24  0.2200E-18  0.3160E-14  0.3750E-12  0.6640E-11  0.1640E-10  0.2120E-10  0.2350E-10  0.2530E-10  0.2550E-10  0.2360E-10  0.2060E-10  0.1870E-10
