 50  7 14
WAVELENGTH(A)= 
     4.354
 7 14 t 
excit   
    36.500     54.700     91.200    182.000    365.000    912.000   1820.000   2730.000   3650.000   5470.000   9120.000  18200.000  36500.000  54700.000 
  0.1000E+11  0.1000E-73  0.1920E-32  0.1640E-23  0.7080E-17  0.1240E-13  0.8810E-12  0.3160E-11  0.4590E-11  0.5440E-11  0.6300E-11  0.6850E-11  0.6940E-11  0.6540E-11  0.6160E-11
  0.1000E+12  0.1000E-73  0.1920E-32  0.1640E-23  0.7080E-17  0.1240E-13  0.8810E-12  0.3160E-11  0.4590E-11  0.5440E-11  0.6300E-11  0.6850E-11  0.6940E-11  0.6540E-11  0.6160E-11
  0.1000E+13  0.1000E-73  0.1920E-32  0.1640E-23  0.7080E-17  0.1240E-13  0.8810E-12  0.3160E-11  0.4590E-11  0.5440E-11  0.6300E-11  0.6850E-11  0.6940E-11  0.6540E-11  0.6160E-11
  0.1000E+14  0.1840E-43  0.1920E-32  0.1640E-23  0.7080E-17  0.1240E-13  0.8810E-12  0.3160E-11  0.4590E-11  0.5440E-11  0.6300E-11  0.6850E-11  0.6940E-11  0.6540E-11  0.6160E-11
  0.1000E+15  0.1100E-43  0.1920E-32  0.1640E-23  0.7080E-17  0.1240E-13  0.8810E-12  0.3160E-11  0.4590E-11  0.5440E-11  0.6300E-11  0.6850E-11  0.6940E-11  0.6540E-11  0.6160E-11
  0.1000E+16  0.1170E-43  0.1920E-32  0.1640E-23  0.7080E-17  0.1240E-13  0.8810E-12  0.3160E-11  0.4590E-11  0.5440E-11  0.6290E-11  0.6840E-11  0.6940E-11  0.6530E-11  0.6160E-11
  0.1000E+17  0.1170E-43  0.1920E-32  0.1640E-23  0.7080E-17  0.1240E-13  0.8800E-12  0.3150E-11  0.4570E-11  0.5410E-11  0.6260E-11  0.6810E-11  0.6900E-11  0.6510E-11  0.6130E-11
WAVELENGTH(A)= 
     4.354
 7 14 t 
excit   
    36.500     54.700     91.200    182.000    365.000    912.000   1820.000   2730.000   3650.000   5470.000   9120.000  18200.000  36500.000  54700.000 
  0.1000E+11  0.1000E-73  0.3790E-32  0.3240E-23  0.1390E-16  0.2440E-13  0.1740E-11  0.6210E-11  0.9040E-11  0.1070E-10  0.1240E-10  0.1340E-10  0.1360E-10  0.1290E-10  0.1210E-10
  0.1000E+12  0.1000E-73  0.3790E-32  0.3240E-23  0.1390E-16  0.2440E-13  0.1740E-11  0.6210E-11  0.9040E-11  0.1070E-10  0.1240E-10  0.1340E-10  0.1360E-10  0.1290E-10  0.1210E-10
  0.1000E+13  0.1000E-73  0.3790E-32  0.3240E-23  0.1390E-16  0.2440E-13  0.1740E-11  0.6210E-11  0.9040E-11  0.1070E-10  0.1240E-10  0.1340E-10  0.1360E-10  0.1290E-10  0.1210E-10
  0.1000E+14  0.1810E-43  0.3790E-32  0.3240E-23  0.1390E-16  0.2440E-13  0.1740E-11  0.6210E-11  0.9040E-11  0.1070E-10  0.1240E-10  0.1340E-10  0.1360E-10  0.1290E-10  0.1210E-10
  0.1000E+15  0.2350E-43  0.3790E-32  0.3240E-23  0.1390E-16  0.2440E-13  0.1740E-11  0.6210E-11  0.9040E-11  0.1070E-10  0.1240E-10  0.1340E-10  0.1360E-10  0.1290E-10  0.1210E-10
  0.1000E+16  0.2310E-43  0.3790E-32  0.3240E-23  0.1390E-16  0.2440E-13  0.1740E-11  0.6210E-11  0.9040E-11  0.1070E-10  0.1240E-10  0.1340E-10  0.1360E-10  0.1280E-10  0.1210E-10
  0.1000E+17  0.2310E-43  0.3790E-32  0.3240E-23  0.1390E-16  0.2440E-13  0.1740E-11  0.6190E-11  0.9000E-11  0.1060E-10  0.1230E-10  0.1340E-10  0.1360E-10  0.1280E-10  0.1210E-10
WAVELENGTH(A)= 
     4.448
 7 14 t 
excit   
    36.500     54.700     91.200    182.000    365.000    912.000   1820.000   2730.000   3650.000   5470.000   9120.000  18200.000  36500.000  54700.000 
  0.1000E+11  0.1000E-73  0.9930E-32  0.5460E-23  0.1690E-16  0.2520E-13  0.1620E-11  0.5610E-11  0.8060E-11  0.9480E-11  0.1090E-10  0.1180E-10  0.1190E-10  0.1120E-10  0.1050E-10
  0.1000E+12  0.1000E-73  0.9930E-32  0.5460E-23  0.1690E-16  0.2520E-13  0.1620E-11  0.5610E-11  0.8060E-11  0.9480E-11  0.1090E-10  0.1180E-10  0.1190E-10  0.1120E-10  0.1050E-10
  0.1000E+13  0.1490E-42  0.9930E-32  0.5460E-23  0.1690E-16  0.2520E-13  0.1620E-11  0.5610E-11  0.8060E-11  0.9480E-11  0.1090E-10  0.1180E-10  0.1190E-10  0.1120E-10  0.1050E-10
  0.1000E+14  0.1040E-42  0.9930E-32  0.5460E-23  0.1690E-16  0.2520E-13  0.1620E-11  0.5610E-11  0.8060E-11  0.9480E-11  0.1090E-10  0.1180E-10  0.1190E-10  0.1120E-10  0.1050E-10
  0.1000E+15  0.1050E-42  0.9930E-32  0.5460E-23  0.1690E-16  0.2520E-13  0.1620E-11  0.5610E-11  0.8060E-11  0.9480E-11  0.1090E-10  0.1180E-10  0.1190E-10  0.1120E-10  0.1050E-10
  0.1000E+16  0.1050E-42  0.9930E-32  0.5460E-23  0.1690E-16  0.2520E-13  0.1620E-11  0.5610E-11  0.8050E-11  0.9470E-11  0.1090E-10  0.1180E-10  0.1190E-10  0.1120E-10  0.1050E-10
  0.1000E+17  0.1050E-42  0.9930E-32  0.5460E-23  0.1690E-16  0.2520E-13  0.1610E-11  0.5590E-11  0.8020E-11  0.9430E-11  0.1080E-10  0.1170E-10  0.1190E-10  0.1110E-10  0.1050E-10
WAVELENGTH(A)= 
     4.450
 7 14 t 
excit   
    36.500     54.700     91.200    182.000    365.000    912.000   1820.000   2730.000   3650.000   5470.000   9120.000  18200.000  36500.000  54700.000 
  0.1000E+11  0.1000E-73  0.5020E-32  0.2740E-23  0.8460E-17  0.1260E-13  0.8100E-12  0.2790E-11  0.4020E-11  0.4750E-11  0.5440E-11  0.5890E-11  0.5960E-11  0.5580E-11  0.5250E-11
  0.1000E+12  0.1000E-73  0.5020E-32  0.2740E-23  0.8460E-17  0.1260E-13  0.8100E-12  0.2790E-11  0.4020E-11  0.4750E-11  0.5440E-11  0.5890E-11  0.5960E-11  0.5580E-11  0.5250E-11
  0.1000E+13  0.1000E-73  0.5020E-32  0.2740E-23  0.8460E-17  0.1260E-13  0.8100E-12  0.2790E-11  0.4020E-11  0.4750E-11  0.5440E-11  0.5890E-11  0.5960E-11  0.5580E-11  0.5250E-11
  0.1000E+14  0.5890E-43  0.5020E-32  0.2740E-23  0.8460E-17  0.1260E-13  0.8100E-12  0.2790E-11  0.4020E-11  0.4750E-11  0.5440E-11  0.5890E-11  0.5960E-11  0.5580E-11  0.5250E-11
  0.1000E+15  0.5300E-43  0.5020E-32  0.2740E-23  0.8460E-17  0.1260E-13  0.8100E-12  0.2790E-11  0.4020E-11  0.4750E-11  0.5440E-11  0.5890E-11  0.5960E-11  0.5580E-11  0.5250E-11
  0.1000E+16  0.5340E-43  0.5020E-32  0.2740E-23  0.8460E-17  0.1260E-13  0.8100E-12  0.2790E-11  0.4020E-11  0.4740E-11  0.5440E-11  0.5890E-11  0.5950E-11  0.5580E-11  0.5250E-11
  0.1000E+17  0.5340E-43  0.5020E-32  0.2740E-23  0.8460E-17  0.1260E-13  0.8090E-12  0.2780E-11  0.4010E-11  0.4720E-11  0.5410E-11  0.5860E-11  0.5930E-11  0.5560E-11  0.5230E-11
WAVELENGTH(A)= 
     4.670
 7 14 t 
excit   
    36.500     54.700     91.200    182.000    365.000    912.000   1820.000   2730.000   3650.000   5470.000   9120.000  18200.000  36500.000  54700.000 
  0.1000E+11  0.1000E-73  0.2230E-31  0.4700E-23  0.7170E-17  0.7920E-14  0.4790E-12  0.1750E-11  0.2640E-11  0.3230E-11  0.3950E-11  0.4650E-11  0.5260E-11  0.5420E-11  0.5350E-11
  0.1000E+12  0.9020E-42  0.2230E-31  0.4700E-23  0.7170E-17  0.7920E-14  0.4790E-12  0.1750E-11  0.2640E-11  0.3230E-11  0.3950E-11  0.4650E-11  0.5260E-11  0.5420E-11  0.5350E-11
  0.1000E+13  0.8120E-42  0.2230E-31  0.4700E-23  0.7170E-17  0.7920E-14  0.4790E-12  0.1750E-11  0.2640E-11  0.3230E-11  0.3950E-11  0.4650E-11  0.5260E-11  0.5420E-11  0.5350E-11
  0.1000E+14  0.7850E-42  0.2230E-31  0.4700E-23  0.7170E-17  0.7920E-14  0.4790E-12  0.1750E-11  0.2640E-11  0.3230E-11  0.3950E-11  0.4650E-11  0.5260E-11  0.5420E-11  0.5350E-11
  0.1000E+15  0.7870E-42  0.2230E-31  0.4700E-23  0.7170E-17  0.7920E-14  0.4790E-12  0.1750E-11  0.2640E-11  0.3230E-11  0.3950E-11  0.4650E-11  0.5260E-11  0.5420E-11  0.5350E-11
  0.1000E+16  0.7870E-42  0.2230E-31  0.4700E-23  0.7170E-17  0.7920E-14  0.4790E-12  0.1750E-11  0.2640E-11  0.3230E-11  0.3950E-11  0.4650E-11  0.5250E-11  0.5420E-11  0.5350E-11
  0.1000E+17  0.7870E-42  0.2230E-31  0.4700E-23  0.7160E-17  0.7920E-14  0.4780E-12  0.1740E-11  0.2630E-11  0.3220E-11  0.3930E-11  0.4630E-11  0.5230E-11  0.5400E-11  0.5330E-11
WAVELENGTH(A)= 
     4.674
 7 14 t 
excit   
    36.500     54.700     91.200    182.000    365.000    912.000   1820.000   2730.000   3650.000   5470.000   9120.000  18200.000  36500.000  54700.000 
  0.1000E+11  0.1000E-73  0.1230E-31  0.2550E-23  0.3860E-17  0.4260E-14  0.2600E-12  0.9550E-12  0.1440E-11  0.1760E-11  0.2150E-11  0.2520E-11  0.2820E-11  0.2900E-11  0.2870E-11
  0.1000E+12  0.1000E-73  0.1230E-31  0.2550E-23  0.3860E-17  0.4260E-14  0.2600E-12  0.9550E-12  0.1440E-11  0.1760E-11  0.2150E-11  0.2520E-11  0.2820E-11  0.2900E-11  0.2870E-11
  0.1000E+13  0.4760E-42  0.1230E-31  0.2550E-23  0.3860E-17  0.4260E-14  0.2600E-12  0.9550E-12  0.1440E-11  0.1760E-11  0.2150E-11  0.2520E-11  0.2820E-11  0.2900E-11  0.2870E-11
  0.1000E+14  0.4470E-42  0.1230E-31  0.2550E-23  0.3860E-17  0.4260E-14  0.2600E-12  0.9550E-12  0.1440E-11  0.1760E-11  0.2150E-11  0.2520E-11  0.2820E-11  0.2900E-11  0.2870E-11
  0.1000E+15  0.4440E-42  0.1230E-31  0.2550E-23  0.3860E-17  0.4260E-14  0.2600E-12  0.9550E-12  0.1440E-11  0.1760E-11  0.2150E-11  0.2520E-11  0.2820E-11  0.2900E-11  0.2870E-11
  0.1000E+16  0.4440E-42  0.1230E-31  0.2550E-23  0.3860E-17  0.4260E-14  0.2600E-12  0.9540E-12  0.1440E-11  0.1760E-11  0.2140E-11  0.2520E-11  0.2820E-11  0.2900E-11  0.2870E-11
  0.1000E+17  0.4440E-42  0.1230E-31  0.2550E-23  0.3860E-17  0.4260E-14  0.2590E-12  0.9510E-12  0.1430E-11  0.1750E-11  0.2130E-11  0.2510E-11  0.2810E-11  0.2890E-11  0.2860E-11
WAVELENGTH(A)= 
     5.225
 7 14 t 
excit   
    36.500     54.700     91.200    182.000    365.000    912.000   1820.000   2730.000   3650.000   5470.000   9120.000  18200.000  36500.000  54700.000 
  0.1000E+11  0.5040E-39  0.1100E-29  0.3030E-22  0.1050E-16  0.5760E-14  0.2370E-12  0.7630E-12  0.1090E-11  0.1280E-11  0.1490E-11  0.1660E-11  0.1730E-11  0.1690E-11  0.1620E-11
  0.1000E+12  0.5040E-39  0.1100E-29  0.3030E-22  0.1050E-16  0.5760E-14  0.2370E-12  0.7630E-12  0.1090E-11  0.1280E-11  0.1490E-11  0.1660E-11  0.1730E-11  0.1690E-11  0.1620E-11
  0.1000E+13  0.5040E-39  0.1100E-29  0.3030E-22  0.1050E-16  0.5760E-14  0.2370E-12  0.7630E-12  0.1090E-11  0.1280E-11  0.1490E-11  0.1660E-11  0.1730E-11  0.1690E-11  0.1620E-11
  0.1000E+14  0.5040E-39  0.1100E-29  0.3030E-22  0.1050E-16  0.5760E-14  0.2370E-12  0.7630E-12  0.1090E-11  0.1280E-11  0.1490E-11  0.1660E-11  0.1730E-11  0.1690E-11  0.1620E-11
  0.1000E+15  0.5040E-39  0.1100E-29  0.3030E-22  0.1050E-16  0.5760E-14  0.2370E-12  0.7630E-12  0.1090E-11  0.1280E-11  0.1490E-11  0.1660E-11  0.1730E-11  0.1690E-11  0.1620E-11
  0.1000E+16  0.5040E-39  0.1100E-29  0.3030E-22  0.1050E-16  0.5760E-14  0.2370E-12  0.7630E-12  0.1090E-11  0.1280E-11  0.1490E-11  0.1650E-11  0.1730E-11  0.1680E-11  0.1620E-11
  0.1000E+17  0.5040E-39  0.1100E-29  0.3030E-22  0.1050E-16  0.5760E-14  0.2370E-12  0.7600E-12  0.1080E-11  0.1280E-11  0.1490E-11  0.1650E-11  0.1730E-11  0.1680E-11  0.1610E-11
WAVELENGTH(A)= 
     5.227
 7 14 t 
excit   
    36.500     54.700     91.200    182.000    365.000    912.000   1820.000   2730.000   3650.000   5470.000   9120.000  18200.000  36500.000  54700.000 
  0.1000E+11  0.1890E-38  0.4050E-29  0.1100E-21  0.3740E-16  0.1990E-13  0.7840E-12  0.2470E-11  0.3520E-11  0.4160E-11  0.4870E-11  0.5470E-11  0.5800E-11  0.5730E-11  0.5530E-11
  0.1000E+12  0.1880E-38  0.4050E-29  0.1100E-21  0.3740E-16  0.1990E-13  0.7840E-12  0.2470E-11  0.3520E-11  0.4160E-11  0.4870E-11  0.5470E-11  0.5800E-11  0.5730E-11  0.5530E-11
  0.1000E+13  0.1880E-38  0.4050E-29  0.1100E-21  0.3740E-16  0.1990E-13  0.7840E-12  0.2470E-11  0.3520E-11  0.4160E-11  0.4870E-11  0.5470E-11  0.5800E-11  0.5730E-11  0.5530E-11
  0.1000E+14  0.1880E-38  0.4050E-29  0.1100E-21  0.3740E-16  0.1990E-13  0.7840E-12  0.2470E-11  0.3520E-11  0.4160E-11  0.4870E-11  0.5470E-11  0.5800E-11  0.5730E-11  0.5530E-11
  0.1000E+15  0.1880E-38  0.4050E-29  0.1100E-21  0.3740E-16  0.1990E-13  0.7840E-12  0.2470E-11  0.3520E-11  0.4160E-11  0.4870E-11  0.5470E-11  0.5800E-11  0.5730E-11  0.5530E-11
  0.1000E+16  0.1880E-38  0.4050E-29  0.1100E-21  0.3740E-16  0.1990E-13  0.7840E-12  0.2470E-11  0.3510E-11  0.4160E-11  0.4860E-11  0.5470E-11  0.5800E-11  0.5720E-11  0.5530E-11
  0.1000E+17  0.1880E-38  0.4050E-29  0.1100E-21  0.3740E-16  0.1990E-13  0.7830E-12  0.2460E-11  0.3500E-11  0.4140E-11  0.4840E-11  0.5440E-11  0.5770E-11  0.5700E-11  0.5510E-11
WAVELENGTH(A)= 
     5.235
 7 14 t 
excit   
    36.500     54.700     91.200    182.000    365.000    912.000   1820.000   2730.000   3650.000   5470.000   9120.000  18200.000  36500.000  54700.000 
  0.1000E+11  0.4320E-38  0.8970E-29  0.2320E-21  0.7400E-16  0.3800E-13  0.1510E-11  0.4800E-11  0.6910E-11  0.8200E-11  0.9660E-11  0.1090E-10  0.1170E-10  0.1160E-10  0.1120E-10
  0.1000E+12  0.4310E-38  0.8970E-29  0.2320E-21  0.7400E-16  0.3800E-13  0.1510E-11  0.4800E-11  0.6910E-11  0.8200E-11  0.9660E-11  0.1090E-10  0.1170E-10  0.1160E-10  0.1120E-10
  0.1000E+13  0.4310E-38  0.8970E-29  0.2320E-21  0.7400E-16  0.3800E-13  0.1510E-11  0.4800E-11  0.6910E-11  0.8200E-11  0.9660E-11  0.1090E-10  0.1170E-10  0.1160E-10  0.1120E-10
  0.1000E+14  0.4310E-38  0.8970E-29  0.2320E-21  0.7400E-16  0.3800E-13  0.1510E-11  0.4800E-11  0.6910E-11  0.8200E-11  0.9660E-11  0.1090E-10  0.1170E-10  0.1160E-10  0.1120E-10
  0.1000E+15  0.4310E-38  0.8970E-29  0.2320E-21  0.7400E-16  0.3800E-13  0.1510E-11  0.4800E-11  0.6910E-11  0.8200E-11  0.9660E-11  0.1090E-10  0.1170E-10  0.1160E-10  0.1120E-10
  0.1000E+16  0.4310E-38  0.8970E-29  0.2320E-21  0.7400E-16  0.3800E-13  0.1510E-11  0.4800E-11  0.6910E-11  0.8200E-11  0.9650E-11  0.1090E-10  0.1170E-10  0.1160E-10  0.1120E-10
  0.1000E+17  0.4310E-38  0.8970E-29  0.2320E-21  0.7400E-16  0.3800E-13  0.1510E-11  0.4780E-11  0.6880E-11  0.8160E-11  0.9610E-11  0.1080E-10  0.1160E-10  0.1160E-10  0.1120E-10
WAVELENGTH(A)= 
     5.376
 7 14 t 
excit   
    36.500     54.700     91.200    182.000    365.000    912.000   1820.000   2730.000   3650.000   5470.000   9120.000  18200.000  36500.000  54700.000 
  0.1000E+11  0.1000E-73  0.1200E-32  0.9580E-24  0.3900E-17  0.6670E-14  0.4580E-12  0.1570E-11  0.2210E-11  0.2540E-11  0.2770E-11  0.2780E-11  0.2450E-11  0.1980E-11  0.1710E-11
  0.1000E+12  0.1000E-73  0.1200E-32  0.9580E-24  0.3900E-17  0.6670E-14  0.4580E-12  0.1570E-11  0.2210E-11  0.2540E-11  0.2770E-11  0.2780E-11  0.2450E-11  0.1980E-11  0.1710E-11
  0.1000E+13  0.1000E-73  0.1200E-32  0.9580E-24  0.3900E-17  0.6670E-14  0.4580E-12  0.1570E-11  0.2210E-11  0.2540E-11  0.2770E-11  0.2780E-11  0.2450E-11  0.1980E-11  0.1710E-11
  0.1000E+14  0.7990E-44  0.1200E-32  0.9580E-24  0.3900E-17  0.6670E-14  0.4580E-12  0.1570E-11  0.2210E-11  0.2540E-11  0.2770E-11  0.2780E-11  0.2450E-11  0.1980E-11  0.1710E-11
  0.1000E+15  0.7990E-44  0.1200E-32  0.9580E-24  0.3900E-17  0.6670E-14  0.4580E-12  0.1570E-11  0.2210E-11  0.2540E-11  0.2770E-11  0.2780E-11  0.2450E-11  0.1980E-11  0.1710E-11
  0.1000E+16  0.7960E-44  0.1200E-32  0.9580E-24  0.3900E-17  0.6670E-14  0.4580E-12  0.1570E-11  0.2210E-11  0.2540E-11  0.2770E-11  0.2780E-11  0.2440E-11  0.1980E-11  0.1700E-11
  0.1000E+17  0.7960E-44  0.1200E-32  0.9580E-24  0.3900E-17  0.6670E-14  0.4570E-12  0.1570E-11  0.2200E-11  0.2530E-11  0.2760E-11  0.2770E-11  0.2430E-11  0.1970E-11  0.1700E-11
WAVELENGTH(A)= 
     5.721
 7 14 t 
excit   
    36.500     54.700     91.200    182.000    365.000    912.000   1820.000   2730.000   3650.000   5470.000   9120.000  18200.000  36500.000  54700.000 
  0.1000E+11  0.1540E-34  0.5050E-26  0.3000E-19  0.3100E-14  0.8490E-12  0.2010E-10  0.5100E-10  0.6730E-10  0.7620E-10  0.8540E-10  0.9170E-10  0.9340E-10  0.8890E-10  0.8440E-10
  0.1000E+12  0.1540E-34  0.5050E-26  0.3000E-19  0.3100E-14  0.8490E-12  0.2010E-10  0.5100E-10  0.6730E-10  0.7620E-10  0.8540E-10  0.9170E-10  0.9340E-10  0.8890E-10  0.8440E-10
  0.1000E+13  0.1540E-34  0.5050E-26  0.3000E-19  0.3100E-14  0.8490E-12  0.2010E-10  0.5100E-10  0.6730E-10  0.7620E-10  0.8540E-10  0.9170E-10  0.9340E-10  0.8890E-10  0.8440E-10
  0.1000E+14  0.1540E-34  0.5050E-26  0.3000E-19  0.3100E-14  0.8490E-12  0.2010E-10  0.5100E-10  0.6730E-10  0.7620E-10  0.8540E-10  0.9170E-10  0.9340E-10  0.8890E-10  0.8440E-10
  0.1000E+15  0.1540E-34  0.5050E-26  0.3000E-19  0.3100E-14  0.8490E-12  0.2010E-10  0.5100E-10  0.6730E-10  0.7620E-10  0.8540E-10  0.9170E-10  0.9340E-10  0.8890E-10  0.8440E-10
  0.1000E+16  0.1540E-34  0.5050E-26  0.3000E-19  0.3100E-14  0.8490E-12  0.2010E-10  0.5100E-10  0.6720E-10  0.7610E-10  0.8530E-10  0.9170E-10  0.9330E-10  0.8890E-10  0.8440E-10
  0.1000E+17  0.1540E-34  0.5050E-26  0.3000E-19  0.3100E-14  0.8490E-12  0.2010E-10  0.5090E-10  0.6700E-10  0.7580E-10  0.8490E-10  0.9120E-10  0.9290E-10  0.8850E-10  0.8410E-10
WAVELENGTH(A)= 
     5.724
 7 14 t 
excit   
    36.500     54.700     91.200    182.000    365.000    912.000   1820.000   2730.000   3650.000   5470.000   9120.000  18200.000  36500.000  54700.000 
  0.1000E+11  0.8250E-35  0.2680E-26  0.1570E-19  0.1610E-14  0.4420E-12  0.1050E-10  0.2670E-10  0.3510E-10  0.3990E-10  0.4450E-10  0.4780E-10  0.4860E-10  0.4640E-10  0.4390E-10
  0.1000E+12  0.8250E-35  0.2680E-26  0.1570E-19  0.1610E-14  0.4420E-12  0.1050E-10  0.2670E-10  0.3510E-10  0.3990E-10  0.4450E-10  0.4780E-10  0.4860E-10  0.4640E-10  0.4390E-10
  0.1000E+13  0.8250E-35  0.2680E-26  0.1570E-19  0.1610E-14  0.4420E-12  0.1050E-10  0.2670E-10  0.3510E-10  0.3990E-10  0.4450E-10  0.4780E-10  0.4860E-10  0.4640E-10  0.4390E-10
  0.1000E+14  0.8250E-35  0.2680E-26  0.1570E-19  0.1610E-14  0.4420E-12  0.1050E-10  0.2660E-10  0.3510E-10  0.3990E-10  0.4450E-10  0.4780E-10  0.4860E-10  0.4640E-10  0.4390E-10
  0.1000E+15  0.8250E-35  0.2680E-26  0.1570E-19  0.1610E-14  0.4420E-12  0.1050E-10  0.2660E-10  0.3510E-10  0.3990E-10  0.4450E-10  0.4770E-10  0.4860E-10  0.4640E-10  0.4390E-10
  0.1000E+16  0.8250E-35  0.2680E-26  0.1570E-19  0.1610E-14  0.4420E-12  0.1050E-10  0.2660E-10  0.3510E-10  0.3990E-10  0.4450E-10  0.4770E-10  0.4860E-10  0.4640E-10  0.4390E-10
  0.1000E+17  0.8250E-35  0.2670E-26  0.1570E-19  0.1610E-14  0.4420E-12  0.1050E-10  0.2660E-10  0.3500E-10  0.3970E-10  0.4430E-10  0.4750E-10  0.4840E-10  0.4620E-10  0.4380E-10
WAVELENGTH(A)= 
     5.769
 7 14 t 
excit   
    36.500     54.700     91.200    182.000    365.000    912.000   1820.000   2730.000   3650.000   5470.000   9120.000  18200.000  36500.000  54700.000 
  0.1000E+11  0.4110E-36  0.1140E-27  0.5920E-21  0.5700E-16  0.1650E-13  0.4550E-12  0.1240E-11  0.1670E-11  0.1900E-11  0.2100E-11  0.2200E-11  0.2150E-11  0.1960E-11  0.1810E-11
  0.1000E+12  0.4110E-36  0.1140E-27  0.5920E-21  0.5700E-16  0.1650E-13  0.4550E-12  0.1240E-11  0.1670E-11  0.1900E-11  0.2100E-11  0.2200E-11  0.2150E-11  0.1960E-11  0.1810E-11
  0.1000E+13  0.4110E-36  0.1140E-27  0.5920E-21  0.5700E-16  0.1650E-13  0.4550E-12  0.1240E-11  0.1670E-11  0.1900E-11  0.2100E-11  0.2200E-11  0.2150E-11  0.1960E-11  0.1810E-11
  0.1000E+14  0.4110E-36  0.1140E-27  0.5920E-21  0.5700E-16  0.1650E-13  0.4550E-12  0.1240E-11  0.1670E-11  0.1900E-11  0.2100E-11  0.2200E-11  0.2150E-11  0.1960E-11  0.1810E-11
  0.1000E+15  0.4110E-36  0.1140E-27  0.5920E-21  0.5700E-16  0.1650E-13  0.4550E-12  0.1240E-11  0.1670E-11  0.1900E-11  0.2100E-11  0.2200E-11  0.2150E-11  0.1960E-11  0.1810E-11
  0.1000E+16  0.4110E-36  0.1140E-27  0.5920E-21  0.5700E-16  0.1650E-13  0.4550E-12  0.1240E-11  0.1670E-11  0.1900E-11  0.2100E-11  0.2200E-11  0.2140E-11  0.1950E-11  0.1810E-11
  0.1000E+17  0.4110E-36  0.1140E-27  0.5920E-21  0.5690E-16  0.1650E-13  0.4540E-12  0.1240E-11  0.1660E-11  0.1890E-11  0.2090E-11  0.2190E-11  0.2130E-11  0.1950E-11  0.1800E-11
WAVELENGTH(A)= 
     5.899
 7 14 t 
excit   
    36.500     54.700     91.200    182.000    365.000    912.000   1820.000   2730.000   3650.000   5470.000   9120.000  18200.000  36500.000  54700.000 
  0.1000E+11  0.3540E-34  0.6390E-26  0.2350E-19  0.1700E-14  0.3940E-12  0.8520E-11  0.2110E-10  0.2760E-10  0.3110E-10  0.3450E-10  0.3690E-10  0.3700E-10  0.3500E-10  0.3290E-10
  0.1000E+12  0.3540E-34  0.6390E-26  0.2350E-19  0.1700E-14  0.3940E-12  0.8520E-11  0.2110E-10  0.2760E-10  0.3110E-10  0.3450E-10  0.3690E-10  0.3700E-10  0.3500E-10  0.3290E-10
  0.1000E+13  0.3540E-34  0.6390E-26  0.2350E-19  0.1700E-14  0.3940E-12  0.8520E-11  0.2110E-10  0.2760E-10  0.3110E-10  0.3450E-10  0.3690E-10  0.3700E-10  0.3500E-10  0.3290E-10
  0.1000E+14  0.3540E-34  0.6390E-26  0.2350E-19  0.1700E-14  0.3940E-12  0.8520E-11  0.2110E-10  0.2760E-10  0.3110E-10  0.3450E-10  0.3690E-10  0.3700E-10  0.3500E-10  0.3290E-10
  0.1000E+15  0.3540E-34  0.6390E-26  0.2350E-19  0.1700E-14  0.3940E-12  0.8520E-11  0.2110E-10  0.2760E-10  0.3110E-10  0.3450E-10  0.3690E-10  0.3700E-10  0.3500E-10  0.3290E-10
  0.1000E+16  0.3540E-34  0.6390E-26  0.2350E-19  0.1700E-14  0.3940E-12  0.8520E-11  0.2110E-10  0.2750E-10  0.3100E-10  0.3450E-10  0.3680E-10  0.3700E-10  0.3490E-10  0.3290E-10
  0.1000E+17  0.3540E-34  0.6390E-26  0.2350E-19  0.1700E-14  0.3940E-12  0.8510E-11  0.2100E-10  0.2740E-10  0.3090E-10  0.3430E-10  0.3670E-10  0.3680E-10  0.3480E-10  0.3280E-10
WAVELENGTH(A)= 
     5.899
 7 14 t 
excit   
    36.500     54.700     91.200    182.000    365.000    912.000   1820.000   2730.000   3650.000   5470.000   9120.000  18200.000  36500.000  54700.000 
  0.1000E+11  0.1730E-34  0.3110E-26  0.1140E-19  0.8310E-15  0.1950E-12  0.4280E-11  0.1070E-10  0.1400E-10  0.1570E-10  0.1750E-10  0.1850E-10  0.1860E-10  0.1750E-10  0.1640E-10
  0.1000E+12  0.1730E-34  0.3110E-26  0.1140E-19  0.8310E-15  0.1950E-12  0.4280E-11  0.1070E-10  0.1400E-10  0.1570E-10  0.1750E-10  0.1850E-10  0.1860E-10  0.1750E-10  0.1640E-10
  0.1000E+13  0.1730E-34  0.3110E-26  0.1140E-19  0.8310E-15  0.1950E-12  0.4280E-11  0.1070E-10  0.1400E-10  0.1570E-10  0.1750E-10  0.1850E-10  0.1860E-10  0.1750E-10  0.1640E-10
  0.1000E+14  0.1730E-34  0.3110E-26  0.1140E-19  0.8310E-15  0.1950E-12  0.4280E-11  0.1070E-10  0.1400E-10  0.1570E-10  0.1750E-10  0.1850E-10  0.1860E-10  0.1750E-10  0.1640E-10
  0.1000E+15  0.1730E-34  0.3110E-26  0.1140E-19  0.8310E-15  0.1950E-12  0.4280E-11  0.1070E-10  0.1400E-10  0.1570E-10  0.1750E-10  0.1850E-10  0.1860E-10  0.1750E-10  0.1640E-10
  0.1000E+16  0.1730E-34  0.3110E-26  0.1140E-19  0.8310E-15  0.1950E-12  0.4280E-11  0.1070E-10  0.1400E-10  0.1570E-10  0.1750E-10  0.1850E-10  0.1850E-10  0.1740E-10  0.1640E-10
  0.1000E+17  0.1730E-34  0.3110E-26  0.1140E-19  0.8310E-15  0.1950E-12  0.4270E-11  0.1070E-10  0.1390E-10  0.1570E-10  0.1740E-10  0.1840E-10  0.1850E-10  0.1740E-10  0.1640E-10
WAVELENGTH(A)= 
     6.168
 7 14 t 
excit   
    36.500     54.700     91.200    182.000    365.000    912.000   1820.000   2730.000   3650.000   5470.000   9120.000  18200.000  36500.000  54700.000 
  0.1000E+11  0.2320E-40  0.2340E-30  0.2150E-22  0.1730E-16  0.1310E-13  0.5500E-12  0.1610E-11  0.2140E-11  0.2390E-11  0.2530E-11  0.2460E-11  0.2110E-11  0.1680E-11  0.1430E-11
  0.1000E+12  0.2330E-40  0.2340E-30  0.2150E-22  0.1730E-16  0.1310E-13  0.5500E-12  0.1610E-11  0.2140E-11  0.2390E-11  0.2530E-11  0.2460E-11  0.2110E-11  0.1680E-11  0.1430E-11
  0.1000E+13  0.2330E-40  0.2340E-30  0.2150E-22  0.1730E-16  0.1310E-13  0.5500E-12  0.1610E-11  0.2140E-11  0.2390E-11  0.2530E-11  0.2460E-11  0.2110E-11  0.1680E-11  0.1430E-11
  0.1000E+14  0.2330E-40  0.2340E-30  0.2150E-22  0.1730E-16  0.1310E-13  0.5500E-12  0.1610E-11  0.2140E-11  0.2390E-11  0.2530E-11  0.2460E-11  0.2110E-11  0.1680E-11  0.1430E-11
  0.1000E+15  0.2330E-40  0.2340E-30  0.2150E-22  0.1730E-16  0.1310E-13  0.5500E-12  0.1610E-11  0.2140E-11  0.2390E-11  0.2530E-11  0.2460E-11  0.2110E-11  0.1680E-11  0.1430E-11
  0.1000E+16  0.2330E-40  0.2340E-30  0.2150E-22  0.1730E-16  0.1310E-13  0.5500E-12  0.1610E-11  0.2140E-11  0.2380E-11  0.2530E-11  0.2460E-11  0.2110E-11  0.1680E-11  0.1430E-11
  0.1000E+17  0.2330E-40  0.2340E-30  0.2150E-22  0.1730E-16  0.1310E-13  0.5490E-12  0.1600E-11  0.2130E-11  0.2370E-11  0.2520E-11  0.2450E-11  0.2100E-11  0.1670E-11  0.1430E-11
WAVELENGTH(A)= 
     6.186
 7 14 t 
excit   
    36.500     54.700     91.200    182.000    365.000    912.000   1820.000   2730.000   3650.000   5470.000   9120.000  18200.000  36500.000  54700.000 
  0.1000E+11  0.5610E-40  0.5660E-30  0.5200E-22  0.4170E-16  0.3160E-13  0.1330E-11  0.3880E-11  0.5180E-11  0.5760E-11  0.6120E-11  0.5950E-11  0.5100E-11  0.4060E-11  0.3460E-11
  0.1000E+12  0.5620E-40  0.5660E-30  0.5200E-22  0.4170E-16  0.3160E-13  0.1330E-11  0.3880E-11  0.5180E-11  0.5760E-11  0.6120E-11  0.5950E-11  0.5100E-11  0.4060E-11  0.3460E-11
  0.1000E+13  0.5620E-40  0.5660E-30  0.5200E-22  0.4170E-16  0.3160E-13  0.1330E-11  0.3880E-11  0.5180E-11  0.5760E-11  0.6120E-11  0.5950E-11  0.5100E-11  0.4060E-11  0.3460E-11
  0.1000E+14  0.5620E-40  0.5660E-30  0.5200E-22  0.4170E-16  0.3160E-13  0.1330E-11  0.3880E-11  0.5180E-11  0.5760E-11  0.6120E-11  0.5950E-11  0.5100E-11  0.4060E-11  0.3460E-11
  0.1000E+15  0.5620E-40  0.5660E-30  0.5200E-22  0.4170E-16  0.3160E-13  0.1330E-11  0.3880E-11  0.5180E-11  0.5760E-11  0.6120E-11  0.5950E-11  0.5100E-11  0.4060E-11  0.3460E-11
  0.1000E+16  0.5620E-40  0.5660E-30  0.5200E-22  0.4170E-16  0.3160E-13  0.1330E-11  0.3880E-11  0.5180E-11  0.5760E-11  0.6110E-11  0.5940E-11  0.5100E-11  0.4060E-11  0.3460E-11
  0.1000E+17  0.5620E-40  0.5660E-30  0.5200E-22  0.4170E-16  0.3160E-13  0.1330E-11  0.3870E-11  0.5160E-11  0.5730E-11  0.6090E-11  0.5910E-11  0.5070E-11  0.4040E-11  0.3450E-11
WAVELENGTH(A)= 
     6.191
 7 14 t 
excit   
    36.500     54.700     91.200    182.000    365.000    912.000   1820.000   2730.000   3650.000   5470.000   9120.000  18200.000  36500.000  54700.000 
  0.1000E+11  0.2840E-34  0.2170E-26  0.4610E-20  0.2820E-15  0.6720E-13  0.1560E-11  0.3950E-11  0.5120E-11  0.5720E-11  0.6210E-11  0.6370E-11  0.6060E-11  0.5430E-11  0.4980E-11
  0.1000E+12  0.2840E-34  0.2170E-26  0.4610E-20  0.2820E-15  0.6720E-13  0.1560E-11  0.3950E-11  0.5120E-11  0.5720E-11  0.6210E-11  0.6370E-11  0.6060E-11  0.5430E-11  0.4980E-11
  0.1000E+13  0.2840E-34  0.2170E-26  0.4610E-20  0.2820E-15  0.6720E-13  0.1560E-11  0.3950E-11  0.5120E-11  0.5720E-11  0.6210E-11  0.6370E-11  0.6060E-11  0.5430E-11  0.4980E-11
  0.1000E+14  0.2840E-34  0.2170E-26  0.4610E-20  0.2820E-15  0.6720E-13  0.1560E-11  0.3950E-11  0.5120E-11  0.5720E-11  0.6210E-11  0.6370E-11  0.6060E-11  0.5430E-11  0.4980E-11
  0.1000E+15  0.2840E-34  0.2170E-26  0.4610E-20  0.2820E-15  0.6720E-13  0.1560E-11  0.3950E-11  0.5120E-11  0.5720E-11  0.6210E-11  0.6370E-11  0.6060E-11  0.5430E-11  0.4980E-11
  0.1000E+16  0.2840E-34  0.2170E-26  0.4610E-20  0.2820E-15  0.6720E-13  0.1560E-11  0.3950E-11  0.5120E-11  0.5720E-11  0.6210E-11  0.6370E-11  0.6050E-11  0.5430E-11  0.4980E-11
  0.1000E+17  0.2840E-34  0.2170E-26  0.4610E-20  0.2820E-15  0.6720E-13  0.1560E-11  0.3940E-11  0.5100E-11  0.5700E-11  0.6180E-11  0.6340E-11  0.6030E-11  0.5410E-11  0.4960E-11
WAVELENGTH(A)= 
     6.815
 7 14 t 
excit   
    36.500     54.700     91.200    182.000    365.000    912.000   1820.000   2730.000   3650.000   5470.000   9120.000  18200.000  36500.000  54700.000 
  0.1000E+11  0.5640E-33  0.1100E-25  0.1000E-19  0.3290E-15  0.5560E-13  0.1040E-11  0.2440E-11  0.3030E-11  0.3270E-11  0.3390E-11  0.3260E-11  0.2820E-11  0.2300E-11  0.2000E-11
  0.1000E+12  0.5640E-33  0.1100E-25  0.1000E-19  0.3290E-15  0.5560E-13  0.1040E-11  0.2440E-11  0.3030E-11  0.3270E-11  0.3390E-11  0.3260E-11  0.2820E-11  0.2300E-11  0.2000E-11
  0.1000E+13  0.5640E-33  0.1100E-25  0.1000E-19  0.3290E-15  0.5560E-13  0.1040E-11  0.2440E-11  0.3030E-11  0.3270E-11  0.3390E-11  0.3260E-11  0.2820E-11  0.2300E-11  0.2000E-11
  0.1000E+14  0.5640E-33  0.1100E-25  0.1000E-19  0.3290E-15  0.5560E-13  0.1040E-11  0.2440E-11  0.3030E-11  0.3270E-11  0.3390E-11  0.3260E-11  0.2820E-11  0.2300E-11  0.2000E-11
  0.1000E+15  0.5640E-33  0.1100E-25  0.1000E-19  0.3290E-15  0.5560E-13  0.1040E-11  0.2440E-11  0.3030E-11  0.3270E-11  0.3390E-11  0.3260E-11  0.2820E-11  0.2300E-11  0.2000E-11
  0.1000E+16  0.5640E-33  0.1100E-25  0.1000E-19  0.3290E-15  0.5560E-13  0.1040E-11  0.2440E-11  0.3020E-11  0.3270E-11  0.3390E-11  0.3260E-11  0.2820E-11  0.2300E-11  0.2000E-11
  0.1000E+17  0.5640E-33  0.1100E-25  0.1000E-19  0.3290E-15  0.5560E-13  0.1040E-11  0.2430E-11  0.3020E-11  0.3260E-11  0.3380E-11  0.3240E-11  0.2810E-11  0.2290E-11  0.1990E-11
WAVELENGTH(A)= 
     6.872
 7 14 t 
excit   
    36.500     54.700     91.200    182.000    365.000    912.000   1820.000   2730.000   3650.000   5470.000   9120.000  18200.000  36500.000  54700.000 
  0.1000E+11  0.1160E-32  0.1540E-25  0.8700E-20  0.2090E-15  0.3320E-13  0.6660E-12  0.1650E-11  0.2100E-11  0.2320E-11  0.2450E-11  0.2420E-11  0.2170E-11  0.1820E-11  0.1610E-11
  0.1000E+12  0.1160E-32  0.1540E-25  0.8700E-20  0.2090E-15  0.3320E-13  0.6660E-12  0.1650E-11  0.2100E-11  0.2320E-11  0.2450E-11  0.2420E-11  0.2170E-11  0.1820E-11  0.1610E-11
  0.1000E+13  0.1160E-32  0.1540E-25  0.8700E-20  0.2090E-15  0.3320E-13  0.6660E-12  0.1650E-11  0.2100E-11  0.2320E-11  0.2450E-11  0.2420E-11  0.2170E-11  0.1820E-11  0.1610E-11
  0.1000E+14  0.1160E-32  0.1540E-25  0.8700E-20  0.2090E-15  0.3320E-13  0.6660E-12  0.1650E-11  0.2100E-11  0.2320E-11  0.2450E-11  0.2420E-11  0.2170E-11  0.1820E-11  0.1610E-11
  0.1000E+15  0.1160E-32  0.1540E-25  0.8700E-20  0.2090E-15  0.3330E-13  0.6660E-12  0.1650E-11  0.2100E-11  0.2320E-11  0.2450E-11  0.2420E-11  0.2170E-11  0.1820E-11  0.1610E-11
  0.1000E+16  0.1160E-32  0.1540E-25  0.8700E-20  0.2090E-15  0.3330E-13  0.6680E-12  0.1650E-11  0.2110E-11  0.2320E-11  0.2460E-11  0.2420E-11  0.2170E-11  0.1820E-11  0.1620E-11
  0.1000E+17  0.1160E-32  0.1540E-25  0.8720E-20  0.2100E-15  0.3370E-13  0.6800E-12  0.1680E-11  0.2150E-11  0.2360E-11  0.2500E-11  0.2460E-11  0.2190E-11  0.1840E-11  0.1630E-11
WAVELENGTH(A)= 
     7.059
 7 14 t 
excit   
    36.500     54.700     91.200    182.000    365.000    912.000   1820.000   2730.000   3650.000   5470.000   9120.000  18200.000  36500.000  54700.000 
  0.1000E+11  0.2230E-31  0.1820E-24  0.6770E-19  0.1310E-14  0.2090E-12  0.4110E-11  0.9780E-11  0.1230E-10  0.1340E-10  0.1400E-10  0.1360E-10  0.1200E-10  0.9970E-11  0.8770E-11
  0.1000E+12  0.2230E-31  0.1820E-24  0.6770E-19  0.1310E-14  0.2090E-12  0.4110E-11  0.9780E-11  0.1230E-10  0.1340E-10  0.1400E-10  0.1360E-10  0.1200E-10  0.9970E-11  0.8770E-11
  0.1000E+13  0.2230E-31  0.1820E-24  0.6770E-19  0.1310E-14  0.2090E-12  0.4110E-11  0.9780E-11  0.1230E-10  0.1340E-10  0.1400E-10  0.1360E-10  0.1200E-10  0.9970E-11  0.8770E-11
  0.1000E+14  0.2230E-31  0.1820E-24  0.6770E-19  0.1310E-14  0.2090E-12  0.4110E-11  0.9780E-11  0.1230E-10  0.1340E-10  0.1400E-10  0.1360E-10  0.1200E-10  0.9970E-11  0.8770E-11
  0.1000E+15  0.2230E-31  0.1820E-24  0.6770E-19  0.1310E-14  0.2090E-12  0.4110E-11  0.9780E-11  0.1230E-10  0.1340E-10  0.1400E-10  0.1360E-10  0.1200E-10  0.9970E-11  0.8770E-11
  0.1000E+16  0.2230E-31  0.1820E-24  0.6770E-19  0.1310E-14  0.2090E-12  0.4110E-11  0.9780E-11  0.1230E-10  0.1340E-10  0.1400E-10  0.1360E-10  0.1200E-10  0.9970E-11  0.8770E-11
  0.1000E+17  0.2230E-31  0.1820E-24  0.6780E-19  0.1310E-14  0.2100E-12  0.4110E-11  0.9770E-11  0.1230E-10  0.1330E-10  0.1400E-10  0.1360E-10  0.1200E-10  0.9940E-11  0.8750E-11
WAVELENGTH(A)= 
     7.116
 7 14 t 
excit   
    36.500     54.700     91.200    182.000    365.000    912.000   1820.000   2730.000   3650.000   5470.000   9120.000  18200.000  36500.000  54700.000 
  0.1000E+11  0.2970E-31  0.2060E-24  0.6310E-19  0.9390E-15  0.1240E-12  0.2190E-11  0.5140E-11  0.6490E-11  0.7110E-11  0.7540E-11  0.7510E-11  0.6870E-11  0.5960E-11  0.5370E-11
  0.1000E+12  0.2970E-31  0.2060E-24  0.6310E-19  0.9390E-15  0.1240E-12  0.2190E-11  0.5140E-11  0.6490E-11  0.7110E-11  0.7540E-11  0.7510E-11  0.6870E-11  0.5960E-11  0.5370E-11
  0.1000E+13  0.2970E-31  0.2060E-24  0.6310E-19  0.9390E-15  0.1240E-12  0.2190E-11  0.5140E-11  0.6490E-11  0.7110E-11  0.7540E-11  0.7510E-11  0.6870E-11  0.5960E-11  0.5370E-11
  0.1000E+14  0.2970E-31  0.2060E-24  0.6310E-19  0.9390E-15  0.1240E-12  0.2190E-11  0.5140E-11  0.6490E-11  0.7110E-11  0.7540E-11  0.7510E-11  0.6870E-11  0.5960E-11  0.5370E-11
  0.1000E+15  0.2970E-31  0.2060E-24  0.6310E-19  0.9390E-15  0.1240E-12  0.2190E-11  0.5140E-11  0.6490E-11  0.7110E-11  0.7540E-11  0.7510E-11  0.6870E-11  0.5960E-11  0.5370E-11
  0.1000E+16  0.2970E-31  0.2060E-24  0.6310E-19  0.9390E-15  0.1240E-12  0.2190E-11  0.5140E-11  0.6490E-11  0.7110E-11  0.7540E-11  0.7510E-11  0.6870E-11  0.5950E-11  0.5370E-11
  0.1000E+17  0.2970E-31  0.2060E-24  0.6320E-19  0.9410E-15  0.1240E-12  0.2190E-11  0.5150E-11  0.6490E-11  0.7100E-11  0.7520E-11  0.7490E-11  0.6850E-11  0.5940E-11  0.5360E-11
WAVELENGTH(A)= 
     7.120
 7 14 t 
excit   
    36.500     54.700     91.200    182.000    365.000    912.000   1820.000   2730.000   3650.000   5470.000   9120.000  18200.000  36500.000  54700.000 
  0.1000E+11  0.2650E-31  0.1880E-24  0.6070E-19  0.9930E-15  0.1370E-12  0.2480E-11  0.5840E-11  0.7360E-11  0.8030E-11  0.8460E-11  0.8330E-11  0.7490E-11  0.6350E-11  0.5670E-11
  0.1000E+12  0.2650E-31  0.1880E-24  0.6070E-19  0.9930E-15  0.1370E-12  0.2480E-11  0.5840E-11  0.7360E-11  0.8030E-11  0.8460E-11  0.8330E-11  0.7490E-11  0.6350E-11  0.5670E-11
  0.1000E+13  0.2650E-31  0.1880E-24  0.6070E-19  0.9930E-15  0.1370E-12  0.2480E-11  0.5840E-11  0.7360E-11  0.8030E-11  0.8460E-11  0.8330E-11  0.7490E-11  0.6350E-11  0.5670E-11
  0.1000E+14  0.2650E-31  0.1880E-24  0.6070E-19  0.9930E-15  0.1370E-12  0.2480E-11  0.5840E-11  0.7360E-11  0.8030E-11  0.8460E-11  0.8330E-11  0.7490E-11  0.6350E-11  0.5670E-11
  0.1000E+15  0.2650E-31  0.1880E-24  0.6070E-19  0.9930E-15  0.1370E-12  0.2480E-11  0.5840E-11  0.7360E-11  0.8030E-11  0.8460E-11  0.8330E-11  0.7490E-11  0.6360E-11  0.5670E-11
  0.1000E+16  0.2650E-31  0.1880E-24  0.6080E-19  0.9940E-15  0.1370E-12  0.2480E-11  0.5850E-11  0.7380E-11  0.8050E-11  0.8480E-11  0.8350E-11  0.7490E-11  0.6360E-11  0.5670E-11
  0.1000E+17  0.2650E-31  0.1880E-24  0.6090E-19  0.1000E-14  0.1390E-12  0.2520E-11  0.5940E-11  0.7480E-11  0.8150E-11  0.8570E-11  0.8430E-11  0.7550E-11  0.6400E-11  0.5700E-11
WAVELENGTH(A)= 
     7.242
 7 14 t 
excit   
    36.500     54.700     91.200    182.000    365.000    912.000   1820.000   2730.000   3650.000   5470.000   9120.000  18200.000  36500.000  54700.000 
  0.1000E+11  0.3070E-31  0.1690E-24  0.5430E-19  0.1160E-14  0.1870E-12  0.3620E-11  0.8610E-11  0.1080E-10  0.1170E-10  0.1220E-10  0.1170E-10  0.1010E-10  0.8240E-11  0.7160E-11
  0.1000E+12  0.3070E-31  0.1690E-24  0.5430E-19  0.1160E-14  0.1870E-12  0.3620E-11  0.8610E-11  0.1080E-10  0.1170E-10  0.1220E-10  0.1170E-10  0.1010E-10  0.8240E-11  0.7160E-11
  0.1000E+13  0.3070E-31  0.1690E-24  0.5430E-19  0.1160E-14  0.1870E-12  0.3620E-11  0.8610E-11  0.1080E-10  0.1170E-10  0.1220E-10  0.1170E-10  0.1010E-10  0.8240E-11  0.7160E-11
  0.1000E+14  0.3070E-31  0.1690E-24  0.5430E-19  0.1160E-14  0.1870E-12  0.3620E-11  0.8610E-11  0.1080E-10  0.1170E-10  0.1220E-10  0.1170E-10  0.1010E-10  0.8240E-11  0.7160E-11
  0.1000E+15  0.3070E-31  0.1690E-24  0.5430E-19  0.1160E-14  0.1870E-12  0.3620E-11  0.8610E-11  0.1080E-10  0.1170E-10  0.1220E-10  0.1170E-10  0.1010E-10  0.8240E-11  0.7160E-11
  0.1000E+16  0.3070E-31  0.1690E-24  0.5430E-19  0.1160E-14  0.1870E-12  0.3620E-11  0.8600E-11  0.1080E-10  0.1170E-10  0.1220E-10  0.1170E-10  0.1010E-10  0.8230E-11  0.7160E-11
  0.1000E+17  0.3070E-31  0.1690E-24  0.5430E-19  0.1160E-14  0.1870E-12  0.3620E-11  0.8580E-11  0.1070E-10  0.1160E-10  0.1210E-10  0.1160E-10  0.1010E-10  0.8200E-11  0.7130E-11
WAVELENGTH(A)= 
     7.246
 7 14 t 
excit   
    36.500     54.700     91.200    182.000    365.000    912.000   1820.000   2730.000   3650.000   5470.000   9120.000  18200.000  36500.000  54700.000 
  0.1000E+11  0.5940E-31  0.3230E-24  0.1020E-18  0.2080E-14  0.3300E-12  0.6350E-11  0.1510E-10  0.1890E-10  0.2050E-10  0.2130E-10  0.2050E-10  0.1780E-10  0.1450E-10  0.1270E-10
  0.1000E+12  0.5940E-31  0.3230E-24  0.1020E-18  0.2080E-14  0.3300E-12  0.6350E-11  0.1510E-10  0.1890E-10  0.2050E-10  0.2130E-10  0.2050E-10  0.1780E-10  0.1450E-10  0.1270E-10
  0.1000E+13  0.5940E-31  0.3230E-24  0.1020E-18  0.2080E-14  0.3300E-12  0.6350E-11  0.1510E-10  0.1890E-10  0.2050E-10  0.2130E-10  0.2050E-10  0.1780E-10  0.1450E-10  0.1270E-10
  0.1000E+14  0.5940E-31  0.3230E-24  0.1020E-18  0.2080E-14  0.3300E-12  0.6350E-11  0.1510E-10  0.1890E-10  0.2050E-10  0.2130E-10  0.2050E-10  0.1780E-10  0.1450E-10  0.1270E-10
  0.1000E+15  0.5940E-31  0.3230E-24  0.1020E-18  0.2080E-14  0.3300E-12  0.6350E-11  0.1510E-10  0.1890E-10  0.2050E-10  0.2130E-10  0.2050E-10  0.1780E-10  0.1450E-10  0.1270E-10
  0.1000E+16  0.5940E-31  0.3230E-24  0.1020E-18  0.2080E-14  0.3300E-12  0.6350E-11  0.1500E-10  0.1890E-10  0.2040E-10  0.2130E-10  0.2050E-10  0.1780E-10  0.1450E-10  0.1270E-10
  0.1000E+17  0.5940E-31  0.3230E-24  0.1020E-18  0.2080E-14  0.3300E-12  0.6330E-11  0.1500E-10  0.1880E-10  0.2030E-10  0.2120E-10  0.2040E-10  0.1770E-10  0.1450E-10  0.1260E-10
WAVELENGTH(A)= 
     7.279
 7 14 t 
excit   
    36.500     54.700     91.200    182.000    365.000    912.000   1820.000   2730.000   3650.000   5470.000   9120.000  18200.000  36500.000  54700.000 
  0.1000E+11  0.1430E-31  0.7230E-25  0.2140E-19  0.4220E-15  0.6570E-13  0.1300E-11  0.3200E-11  0.4080E-11  0.4470E-11  0.4710E-11  0.4610E-11  0.4060E-11  0.3360E-11  0.2950E-11
  0.1000E+12  0.1430E-31  0.7230E-25  0.2140E-19  0.4220E-15  0.6570E-13  0.1300E-11  0.3200E-11  0.4080E-11  0.4470E-11  0.4710E-11  0.4610E-11  0.4060E-11  0.3360E-11  0.2950E-11
  0.1000E+13  0.1430E-31  0.7230E-25  0.2140E-19  0.4220E-15  0.6570E-13  0.1300E-11  0.3200E-11  0.4080E-11  0.4470E-11  0.4710E-11  0.4610E-11  0.4060E-11  0.3360E-11  0.2950E-11
  0.1000E+14  0.1430E-31  0.7230E-25  0.2140E-19  0.4220E-15  0.6570E-13  0.1300E-11  0.3200E-11  0.4080E-11  0.4470E-11  0.4710E-11  0.4610E-11  0.4060E-11  0.3360E-11  0.2950E-11
  0.1000E+15  0.1430E-31  0.7230E-25  0.2140E-19  0.4220E-15  0.6570E-13  0.1300E-11  0.3200E-11  0.4080E-11  0.4470E-11  0.4710E-11  0.4610E-11  0.4060E-11  0.3360E-11  0.2950E-11
  0.1000E+16  0.1430E-31  0.7230E-25  0.2140E-19  0.4220E-15  0.6570E-13  0.1300E-11  0.3200E-11  0.4080E-11  0.4470E-11  0.4710E-11  0.4610E-11  0.4060E-11  0.3360E-11  0.2950E-11
  0.1000E+17  0.1430E-31  0.7230E-25  0.2140E-19  0.4230E-15  0.6590E-13  0.1310E-11  0.3200E-11  0.4080E-11  0.4470E-11  0.4700E-11  0.4600E-11  0.4050E-11  0.3350E-11  0.2940E-11
WAVELENGTH(A)= 
     7.531
 7 14 t 
excit   
    36.500     54.700     91.200    182.000    365.000    912.000   1820.000   2730.000   3650.000   5470.000   9120.000  18200.000  36500.000  54700.000 
  0.1000E+11  0.2180E-32  0.9410E-26  0.4090E-20  0.1000E-15  0.1790E-13  0.4390E-12  0.1190E-11  0.1580E-11  0.1760E-11  0.1890E-11  0.1880E-11  0.1690E-11  0.1410E-11  0.1240E-11
  0.1000E+12  0.2180E-32  0.9410E-26  0.4090E-20  0.1000E-15  0.1790E-13  0.4390E-12  0.1190E-11  0.1580E-11  0.1760E-11  0.1890E-11  0.1880E-11  0.1690E-11  0.1410E-11  0.1240E-11
  0.1000E+13  0.2180E-32  0.9410E-26  0.4090E-20  0.1000E-15  0.1790E-13  0.4390E-12  0.1190E-11  0.1580E-11  0.1760E-11  0.1890E-11  0.1880E-11  0.1690E-11  0.1410E-11  0.1240E-11
  0.1000E+14  0.2180E-32  0.9410E-26  0.4090E-20  0.1000E-15  0.1790E-13  0.4390E-12  0.1190E-11  0.1580E-11  0.1760E-11  0.1890E-11  0.1880E-11  0.1690E-11  0.1410E-11  0.1240E-11
  0.1000E+15  0.2180E-32  0.9410E-26  0.4090E-20  0.1000E-15  0.1790E-13  0.4400E-12  0.1190E-11  0.1580E-11  0.1760E-11  0.1900E-11  0.1890E-11  0.1690E-11  0.1410E-11  0.1240E-11
  0.1000E+16  0.2180E-32  0.9410E-26  0.4090E-20  0.1000E-15  0.1800E-13  0.4420E-12  0.1200E-11  0.1590E-11  0.1770E-11  0.1900E-11  0.1890E-11  0.1690E-11  0.1410E-11  0.1250E-11
  0.1000E+17  0.2180E-32  0.9430E-26  0.4120E-20  0.1030E-15  0.1870E-13  0.4610E-12  0.1250E-11  0.1640E-11  0.1830E-11  0.1960E-11  0.1940E-11  0.1730E-11  0.1440E-11  0.1270E-11
WAVELENGTH(A)= 
    11.667
 7 14 t 
excit   
    36.500     54.700     91.200    182.000    365.000    912.000   1820.000   2730.000   3650.000   5470.000   9120.000  18200.000  36500.000  54700.000 
  0.1000E+11  0.3460E-23  0.4690E-19  0.8670E-16  0.2170E-13  0.3100E-12  0.1360E-11  0.2080E-11  0.2360E-11  0.2510E-11  0.2670E-11  0.2800E-11  0.2840E-11  0.2730E-11  0.2600E-11
  0.1000E+12  0.3460E-23  0.4690E-19  0.8670E-16  0.2170E-13  0.3100E-12  0.1360E-11  0.2080E-11  0.2360E-11  0.2510E-11  0.2670E-11  0.2800E-11  0.2840E-11  0.2730E-11  0.2600E-11
  0.1000E+13  0.3460E-23  0.4690E-19  0.8670E-16  0.2170E-13  0.3100E-12  0.1360E-11  0.2080E-11  0.2360E-11  0.2510E-11  0.2670E-11  0.2800E-11  0.2840E-11  0.2730E-11  0.2600E-11
  0.1000E+14  0.3460E-23  0.4690E-19  0.8670E-16  0.2170E-13  0.3100E-12  0.1360E-11  0.2080E-11  0.2360E-11  0.2510E-11  0.2670E-11  0.2800E-11  0.2840E-11  0.2730E-11  0.2600E-11
  0.1000E+15  0.3460E-23  0.4690E-19  0.8670E-16  0.2170E-13  0.3100E-12  0.1360E-11  0.2070E-11  0.2360E-11  0.2510E-11  0.2670E-11  0.2800E-11  0.2840E-11  0.2730E-11  0.2600E-11
  0.1000E+16  0.3460E-23  0.4690E-19  0.8670E-16  0.2170E-13  0.3100E-12  0.1360E-11  0.2070E-11  0.2360E-11  0.2510E-11  0.2670E-11  0.2800E-11  0.2830E-11  0.2730E-11  0.2600E-11
  0.1000E+17  0.3460E-23  0.4690E-19  0.8680E-16  0.2170E-13  0.3100E-12  0.1350E-11  0.2070E-11  0.2350E-11  0.2500E-11  0.2660E-11  0.2790E-11  0.2820E-11  0.2710E-11  0.2590E-11
WAVELENGTH(A)= 
    11.983
 7 14 t 
excit   
    36.500     54.700     91.200    182.000    365.000    912.000   1820.000   2730.000   3650.000   5470.000   9120.000  18200.000  36500.000  54700.000 
  0.1000E+11  0.4220E-24  0.1100E-19  0.3410E-16  0.1250E-13  0.2150E-12  0.1130E-11  0.1890E-11  0.2160E-11  0.2260E-11  0.2290E-11  0.2180E-11  0.1880E-11  0.1530E-11  0.1330E-11
  0.1000E+12  0.4220E-24  0.1100E-19  0.3410E-16  0.1250E-13  0.2150E-12  0.1130E-11  0.1890E-11  0.2160E-11  0.2260E-11  0.2290E-11  0.2180E-11  0.1880E-11  0.1530E-11  0.1330E-11
  0.1000E+13  0.4220E-24  0.1100E-19  0.3410E-16  0.1250E-13  0.2150E-12  0.1130E-11  0.1890E-11  0.2160E-11  0.2260E-11  0.2290E-11  0.2180E-11  0.1880E-11  0.1530E-11  0.1330E-11
  0.1000E+14  0.4220E-24  0.1100E-19  0.3410E-16  0.1250E-13  0.2150E-12  0.1130E-11  0.1890E-11  0.2160E-11  0.2260E-11  0.2290E-11  0.2180E-11  0.1880E-11  0.1530E-11  0.1330E-11
  0.1000E+15  0.4220E-24  0.1100E-19  0.3410E-16  0.1250E-13  0.2150E-12  0.1130E-11  0.1890E-11  0.2160E-11  0.2260E-11  0.2290E-11  0.2180E-11  0.1880E-11  0.1530E-11  0.1330E-11
  0.1000E+16  0.4220E-24  0.1100E-19  0.3410E-16  0.1250E-13  0.2150E-12  0.1130E-11  0.1890E-11  0.2160E-11  0.2260E-11  0.2290E-11  0.2170E-11  0.1880E-11  0.1530E-11  0.1330E-11
  0.1000E+17  0.4230E-24  0.1100E-19  0.3410E-16  0.1250E-13  0.2150E-12  0.1130E-11  0.1880E-11  0.2160E-11  0.2250E-11  0.2280E-11  0.2160E-11  0.1870E-11  0.1520E-11  0.1330E-11
WAVELENGTH(A)= 
    13.115
 7 14 t 
excit   
    36.500     54.700     91.200    182.000    365.000    912.000   1820.000   2730.000   3650.000   5470.000   9120.000  18200.000  36500.000  54700.000 
  0.1000E+11  0.5370E-24  0.1530E-19  0.5160E-16  0.1980E-13  0.3420E-12  0.1630E-11  0.2490E-11  0.2760E-11  0.2840E-11  0.2840E-11  0.2680E-11  0.2310E-11  0.1890E-11  0.1650E-11
  0.1000E+12  0.5370E-24  0.1530E-19  0.5160E-16  0.1980E-13  0.3420E-12  0.1630E-11  0.2490E-11  0.2760E-11  0.2840E-11  0.2840E-11  0.2680E-11  0.2310E-11  0.1890E-11  0.1650E-11
  0.1000E+13  0.5370E-24  0.1530E-19  0.5160E-16  0.1980E-13  0.3420E-12  0.1630E-11  0.2490E-11  0.2760E-11  0.2840E-11  0.2840E-11  0.2680E-11  0.2310E-11  0.1890E-11  0.1650E-11
  0.1000E+14  0.5370E-24  0.1530E-19  0.5160E-16  0.1980E-13  0.3420E-12  0.1630E-11  0.2490E-11  0.2760E-11  0.2840E-11  0.2840E-11  0.2680E-11  0.2310E-11  0.1890E-11  0.1650E-11
  0.1000E+15  0.5370E-24  0.1530E-19  0.5160E-16  0.1980E-13  0.3420E-12  0.1630E-11  0.2490E-11  0.2760E-11  0.2840E-11  0.2840E-11  0.2680E-11  0.2310E-11  0.1890E-11  0.1650E-11
  0.1000E+16  0.5370E-24  0.1530E-19  0.5160E-16  0.1980E-13  0.3420E-12  0.1630E-11  0.2490E-11  0.2760E-11  0.2840E-11  0.2840E-11  0.2680E-11  0.2310E-11  0.1890E-11  0.1650E-11
  0.1000E+17  0.5370E-24  0.1530E-19  0.5160E-16  0.1980E-13  0.3420E-12  0.1630E-11  0.2480E-11  0.2750E-11  0.2830E-11  0.2820E-11  0.2660E-11  0.2300E-11  0.1880E-11  0.1640E-11
WAVELENGTH(A)= 
    14.282
 7 14 t 
excit   
    36.500     54.700     91.200    182.000    365.000    912.000   1820.000   2730.000   3650.000   5470.000   9120.000  18200.000  36500.000  54700.000 
  0.1000E+11  0.1710E-21  0.9710E-18  0.8950E-15  0.1290E-12  0.1340E-11  0.4500E-11  0.5950E-11  0.6170E-11  0.6090E-11  0.5740E-11  0.5120E-11  0.4130E-11  0.3180E-11  0.2700E-11
  0.1000E+12  0.1710E-21  0.9710E-18  0.8950E-15  0.1290E-12  0.1340E-11  0.4500E-11  0.5950E-11  0.6170E-11  0.6090E-11  0.5740E-11  0.5120E-11  0.4130E-11  0.3180E-11  0.2700E-11
  0.1000E+13  0.1710E-21  0.9710E-18  0.8950E-15  0.1290E-12  0.1340E-11  0.4500E-11  0.5950E-11  0.6170E-11  0.6090E-11  0.5740E-11  0.5120E-11  0.4130E-11  0.3180E-11  0.2700E-11
  0.1000E+14  0.1710E-21  0.9710E-18  0.8950E-15  0.1290E-12  0.1340E-11  0.4500E-11  0.5950E-11  0.6170E-11  0.6090E-11  0.5740E-11  0.5120E-11  0.4130E-11  0.3180E-11  0.2700E-11
  0.1000E+15  0.1710E-21  0.9710E-18  0.8950E-15  0.1290E-12  0.1340E-11  0.4500E-11  0.5950E-11  0.6170E-11  0.6090E-11  0.5740E-11  0.5120E-11  0.4130E-11  0.3180E-11  0.2700E-11
  0.1000E+16  0.1710E-21  0.9710E-18  0.8950E-15  0.1290E-12  0.1340E-11  0.4500E-11  0.5950E-11  0.6170E-11  0.6090E-11  0.5740E-11  0.5110E-11  0.4120E-11  0.3180E-11  0.2700E-11
  0.1000E+17  0.1710E-21  0.9710E-18  0.8950E-15  0.1290E-12  0.1340E-11  0.4490E-11  0.5940E-11  0.6140E-11  0.6060E-11  0.5710E-11  0.5090E-11  0.4110E-11  0.3170E-11  0.2690E-11
WAVELENGTH(A)= 
    16.132
 7 14 t 
excit   
    36.500     54.700     91.200    182.000    365.000    912.000   1820.000   2730.000   3650.000   5470.000   9120.000  18200.000  36500.000  54700.000 
  0.1000E+11  0.2380E-21  0.1350E-17  0.1240E-14  0.1790E-12  0.1860E-11  0.6240E-11  0.8250E-11  0.8550E-11  0.8440E-11  0.7960E-11  0.7090E-11  0.5720E-11  0.4410E-11  0.3750E-11
  0.1000E+12  0.2380E-21  0.1350E-17  0.1240E-14  0.1790E-12  0.1860E-11  0.6240E-11  0.8250E-11  0.8550E-11  0.8440E-11  0.7960E-11  0.7090E-11  0.5720E-11  0.4410E-11  0.3750E-11
  0.1000E+13  0.2380E-21  0.1350E-17  0.1240E-14  0.1790E-12  0.1860E-11  0.6240E-11  0.8250E-11  0.8550E-11  0.8440E-11  0.7960E-11  0.7090E-11  0.5720E-11  0.4410E-11  0.3750E-11
  0.1000E+14  0.2380E-21  0.1350E-17  0.1240E-14  0.1790E-12  0.1860E-11  0.6240E-11  0.8250E-11  0.8550E-11  0.8440E-11  0.7960E-11  0.7090E-11  0.5720E-11  0.4410E-11  0.3750E-11
  0.1000E+15  0.2380E-21  0.1350E-17  0.1240E-14  0.1790E-12  0.1860E-11  0.6240E-11  0.8250E-11  0.8550E-11  0.8440E-11  0.7960E-11  0.7090E-11  0.5720E-11  0.4410E-11  0.3750E-11
  0.1000E+16  0.2380E-21  0.1350E-17  0.1240E-14  0.1790E-12  0.1860E-11  0.6240E-11  0.8250E-11  0.8550E-11  0.8440E-11  0.7960E-11  0.7090E-11  0.5720E-11  0.4410E-11  0.3750E-11
  0.1000E+17  0.2380E-21  0.1350E-17  0.1240E-14  0.1790E-12  0.1860E-11  0.6230E-11  0.8230E-11  0.8520E-11  0.8400E-11  0.7920E-11  0.7060E-11  0.5690E-11  0.4400E-11  0.3730E-11
WAVELENGTH(A)= 
    17.747
 7 14 t 
excit   
    36.500     54.700     91.200    182.000    365.000    912.000   1820.000   2730.000   3650.000   5470.000   9120.000  18200.000  36500.000  54700.000 
  0.1000E+11  0.1340E-38  0.4020E-29  0.1400E-21  0.5460E-16  0.2880E-13  0.9830E-12  0.2690E-11  0.3520E-11  0.3890E-11  0.4120E-11  0.4010E-11  0.3470E-11  0.2800E-11  0.2410E-11
  0.1000E+12  0.1340E-38  0.4020E-29  0.1400E-21  0.5460E-16  0.2880E-13  0.9830E-12  0.2690E-11  0.3520E-11  0.3890E-11  0.4120E-11  0.4010E-11  0.3470E-11  0.2800E-11  0.2410E-11
  0.1000E+13  0.1340E-38  0.4020E-29  0.1400E-21  0.5460E-16  0.2880E-13  0.9830E-12  0.2690E-11  0.3520E-11  0.3890E-11  0.4120E-11  0.4010E-11  0.3470E-11  0.2800E-11  0.2410E-11
  0.1000E+14  0.1340E-38  0.4020E-29  0.1400E-21  0.5460E-16  0.2880E-13  0.9830E-12  0.2690E-11  0.3520E-11  0.3890E-11  0.4120E-11  0.4010E-11  0.3470E-11  0.2800E-11  0.2410E-11
  0.1000E+15  0.1340E-38  0.4020E-29  0.1400E-21  0.5460E-16  0.2880E-13  0.9830E-12  0.2690E-11  0.3520E-11  0.3890E-11  0.4120E-11  0.4010E-11  0.3470E-11  0.2800E-11  0.2410E-11
  0.1000E+16  0.1340E-38  0.4020E-29  0.1400E-21  0.5460E-16  0.2880E-13  0.9830E-12  0.2690E-11  0.3520E-11  0.3890E-11  0.4120E-11  0.4000E-11  0.3470E-11  0.2800E-11  0.2400E-11
  0.1000E+17  0.1340E-38  0.4020E-29  0.1400E-21  0.5460E-16  0.2880E-13  0.9820E-12  0.2690E-11  0.3510E-11  0.3880E-11  0.4100E-11  0.3980E-11  0.3450E-11  0.2780E-11  0.2400E-11
WAVELENGTH(A)= 
    17.767
 7 14 t 
excit   
    36.500     54.700     91.200    182.000    365.000    912.000   1820.000   2730.000   3650.000   5470.000   9120.000  18200.000  36500.000  54700.000 
  0.1000E+11  0.8620E-39  0.2590E-29  0.9010E-22  0.3520E-16  0.1860E-13  0.6340E-12  0.1740E-11  0.2270E-11  0.2510E-11  0.2660E-11  0.2580E-11  0.2240E-11  0.1800E-11  0.1550E-11
  0.1000E+12  0.8620E-39  0.2590E-29  0.9010E-22  0.3520E-16  0.1860E-13  0.6340E-12  0.1740E-11  0.2270E-11  0.2510E-11  0.2660E-11  0.2580E-11  0.2240E-11  0.1800E-11  0.1550E-11
  0.1000E+13  0.8620E-39  0.2590E-29  0.9010E-22  0.3520E-16  0.1860E-13  0.6340E-12  0.1740E-11  0.2270E-11  0.2510E-11  0.2660E-11  0.2580E-11  0.2240E-11  0.1800E-11  0.1550E-11
  0.1000E+14  0.8620E-39  0.2590E-29  0.9010E-22  0.3520E-16  0.1860E-13  0.6340E-12  0.1740E-11  0.2270E-11  0.2510E-11  0.2660E-11  0.2580E-11  0.2240E-11  0.1800E-11  0.1550E-11
  0.1000E+15  0.8620E-39  0.2590E-29  0.9010E-22  0.3520E-16  0.1860E-13  0.6340E-12  0.1740E-11  0.2270E-11  0.2510E-11  0.2660E-11  0.2580E-11  0.2240E-11  0.1800E-11  0.1550E-11
  0.1000E+16  0.8620E-39  0.2590E-29  0.9010E-22  0.3520E-16  0.1860E-13  0.6340E-12  0.1740E-11  0.2270E-11  0.2510E-11  0.2660E-11  0.2580E-11  0.2240E-11  0.1800E-11  0.1550E-11
  0.1000E+17  0.8620E-39  0.2590E-29  0.9010E-22  0.3520E-16  0.1860E-13  0.6330E-12  0.1730E-11  0.2260E-11  0.2500E-11  0.2640E-11  0.2570E-11  0.2220E-11  0.1800E-11  0.1540E-11
WAVELENGTH(A)= 
    17.909
 7 14 t 
excit   
    36.500     54.700     91.200    182.000    365.000    912.000   1820.000   2730.000   3650.000   5470.000   9120.000  18200.000  36500.000  54700.000 
  0.1000E+11  0.3130E-23  0.4240E-19  0.7860E-16  0.1960E-13  0.2810E-12  0.1230E-11  0.1880E-11  0.2140E-11  0.2280E-11  0.2420E-11  0.2540E-11  0.2570E-11  0.2470E-11  0.2360E-11
  0.1000E+12  0.3130E-23  0.4240E-19  0.7860E-16  0.1960E-13  0.2810E-12  0.1230E-11  0.1880E-11  0.2140E-11  0.2280E-11  0.2420E-11  0.2540E-11  0.2570E-11  0.2470E-11  0.2360E-11
  0.1000E+13  0.3130E-23  0.4240E-19  0.7860E-16  0.1960E-13  0.2810E-12  0.1230E-11  0.1880E-11  0.2140E-11  0.2280E-11  0.2420E-11  0.2540E-11  0.2570E-11  0.2470E-11  0.2360E-11
  0.1000E+14  0.3130E-23  0.4240E-19  0.7860E-16  0.1960E-13  0.2810E-12  0.1230E-11  0.1880E-11  0.2140E-11  0.2280E-11  0.2420E-11  0.2540E-11  0.2570E-11  0.2470E-11  0.2360E-11
  0.1000E+15  0.3130E-23  0.4240E-19  0.7860E-16  0.1960E-13  0.2810E-12  0.1230E-11  0.1880E-11  0.2140E-11  0.2280E-11  0.2420E-11  0.2540E-11  0.2570E-11  0.2470E-11  0.2360E-11
  0.1000E+16  0.3130E-23  0.4240E-19  0.7860E-16  0.1960E-13  0.2810E-12  0.1230E-11  0.1880E-11  0.2140E-11  0.2280E-11  0.2420E-11  0.2540E-11  0.2570E-11  0.2470E-11  0.2360E-11
  0.1000E+17  0.3130E-23  0.4250E-19  0.7860E-16  0.1960E-13  0.2810E-12  0.1230E-11  0.1870E-11  0.2130E-11  0.2270E-11  0.2410E-11  0.2520E-11  0.2560E-11  0.2460E-11  0.2350E-11
WAVELENGTH(A)= 
    27.071
 7 14 t 
excit   
    36.500     54.700     91.200    182.000    365.000    912.000   1820.000   2730.000   3650.000   5470.000   9120.000  18200.000  36500.000  54700.000 
  0.1000E+11  0.3760E-36  0.1890E-27  0.1580E-20  0.2110E-15  0.6530E-13  0.1610E-11  0.3980E-11  0.4990E-11  0.5420E-11  0.5610E-11  0.5350E-11  0.4530E-11  0.3590E-11  0.3060E-11
  0.1000E+12  0.3760E-36  0.1890E-27  0.1580E-20  0.2110E-15  0.6530E-13  0.1610E-11  0.3980E-11  0.4990E-11  0.5420E-11  0.5610E-11  0.5350E-11  0.4530E-11  0.3590E-11  0.3060E-11
  0.1000E+13  0.3760E-36  0.1890E-27  0.1580E-20  0.2110E-15  0.6530E-13  0.1610E-11  0.3980E-11  0.4990E-11  0.5420E-11  0.5610E-11  0.5350E-11  0.4530E-11  0.3590E-11  0.3060E-11
  0.1000E+14  0.3760E-36  0.1890E-27  0.1580E-20  0.2110E-15  0.6530E-13  0.1610E-11  0.3980E-11  0.4990E-11  0.5420E-11  0.5610E-11  0.5350E-11  0.4530E-11  0.3590E-11  0.3060E-11
  0.1000E+15  0.3760E-36  0.1890E-27  0.1580E-20  0.2110E-15  0.6530E-13  0.1610E-11  0.3980E-11  0.4990E-11  0.5420E-11  0.5610E-11  0.5340E-11  0.4530E-11  0.3590E-11  0.3060E-11
  0.1000E+16  0.3760E-36  0.1890E-27  0.1580E-20  0.2110E-15  0.6530E-13  0.1610E-11  0.3980E-11  0.4990E-11  0.5420E-11  0.5600E-11  0.5340E-11  0.4530E-11  0.3590E-11  0.3060E-11
  0.1000E+17  0.3760E-36  0.1890E-27  0.1580E-20  0.2110E-15  0.6530E-13  0.1610E-11  0.3960E-11  0.4970E-11  0.5400E-11  0.5580E-11  0.5310E-11  0.4510E-11  0.3570E-11  0.3050E-11
WAVELENGTH(A)= 
    42.017
 7 14 t 
excit   
    36.500     54.700     91.200    182.000    365.000    912.000   1820.000   2730.000   3650.000   5470.000   9120.000  18200.000  36500.000  54700.000 
  0.1000E+11  0.4630E-34  0.3240E-26  0.5580E-20  0.2280E-15  0.3900E-13  0.6780E-12  0.1490E-11  0.1790E-11  0.1900E-11  0.1920E-11  0.1790E-11  0.1490E-11  0.1170E-11  0.9920E-12
  0.1000E+12  0.4630E-34  0.3240E-26  0.5580E-20  0.2280E-15  0.3900E-13  0.6780E-12  0.1490E-11  0.1790E-11  0.1900E-11  0.1920E-11  0.1790E-11  0.1490E-11  0.1170E-11  0.9920E-12
  0.1000E+13  0.4630E-34  0.3240E-26  0.5580E-20  0.2280E-15  0.3900E-13  0.6780E-12  0.1490E-11  0.1790E-11  0.1900E-11  0.1920E-11  0.1790E-11  0.1490E-11  0.1170E-11  0.9920E-12
  0.1000E+14  0.4630E-34  0.3240E-26  0.5580E-20  0.2280E-15  0.3900E-13  0.6780E-12  0.1490E-11  0.1790E-11  0.1900E-11  0.1920E-11  0.1790E-11  0.1490E-11  0.1170E-11  0.9920E-12
  0.1000E+15  0.4630E-34  0.3240E-26  0.5580E-20  0.2280E-15  0.3900E-13  0.6780E-12  0.1490E-11  0.1790E-11  0.1900E-11  0.1920E-11  0.1790E-11  0.1490E-11  0.1170E-11  0.9920E-12
  0.1000E+16  0.4630E-34  0.3240E-26  0.5580E-20  0.2280E-15  0.3900E-13  0.6780E-12  0.1480E-11  0.1790E-11  0.1900E-11  0.1920E-11  0.1790E-11  0.1490E-11  0.1170E-11  0.9910E-12
  0.1000E+17  0.4630E-34  0.3240E-26  0.5580E-20  0.2280E-15  0.3900E-13  0.6770E-12  0.1480E-11  0.1790E-11  0.1890E-11  0.1910E-11  0.1780E-11  0.1480E-11  0.1160E-11  0.9880E-12
WAVELENGTH(A)= 
    43.141
 7 14 t 
excit   
    36.500     54.700     91.200    182.000    365.000    912.000   1820.000   2730.000   3650.000   5470.000   9120.000  18200.000  36500.000  54700.000 
  0.1000E+11  0.2450E-33  0.1720E-25  0.2960E-19  0.1210E-14  0.2070E-12  0.3600E-11  0.7880E-11  0.9520E-11  0.1010E-10  0.1020E-10  0.9520E-11  0.7910E-11  0.6180E-11  0.5260E-11
  0.1000E+12  0.2450E-33  0.1720E-25  0.2960E-19  0.1210E-14  0.2070E-12  0.3600E-11  0.7880E-11  0.9520E-11  0.1010E-10  0.1020E-10  0.9520E-11  0.7910E-11  0.6180E-11  0.5260E-11
  0.1000E+13  0.2450E-33  0.1720E-25  0.2960E-19  0.1210E-14  0.2070E-12  0.3600E-11  0.7880E-11  0.9520E-11  0.1010E-10  0.1020E-10  0.9520E-11  0.7910E-11  0.6180E-11  0.5260E-11
  0.1000E+14  0.2450E-33  0.1720E-25  0.2960E-19  0.1210E-14  0.2070E-12  0.3600E-11  0.7880E-11  0.9520E-11  0.1010E-10  0.1020E-10  0.9520E-11  0.7910E-11  0.6180E-11  0.5260E-11
  0.1000E+15  0.2450E-33  0.1720E-25  0.2960E-19  0.1210E-14  0.2070E-12  0.3600E-11  0.7880E-11  0.9510E-11  0.1010E-10  0.1020E-10  0.9520E-11  0.7910E-11  0.6180E-11  0.5260E-11
  0.1000E+16  0.2450E-33  0.1720E-25  0.2960E-19  0.1210E-14  0.2070E-12  0.3600E-11  0.7880E-11  0.9510E-11  0.1010E-10  0.1020E-10  0.9510E-11  0.7910E-11  0.6180E-11  0.5260E-11
  0.1000E+17  0.2450E-33  0.1720E-25  0.2960E-19  0.1210E-14  0.2070E-12  0.3590E-11  0.7850E-11  0.9470E-11  0.1000E-10  0.1020E-10  0.9460E-11  0.7870E-11  0.6150E-11  0.5240E-11
WAVELENGTH(A)= 
    43.264
 7 14 t 
excit   
    36.500     54.700     91.200    182.000    365.000    912.000   1820.000   2730.000   3650.000   5470.000   9120.000  18200.000  36500.000  54700.000 
  0.1000E+11  0.1450E-33  0.1020E-25  0.1750E-19  0.7140E-15  0.1220E-12  0.2130E-11  0.4660E-11  0.5620E-11  0.5960E-11  0.6030E-11  0.5630E-11  0.4680E-11  0.3650E-11  0.3110E-11
  0.1000E+12  0.1450E-33  0.1020E-25  0.1750E-19  0.7140E-15  0.1220E-12  0.2130E-11  0.4660E-11  0.5620E-11  0.5960E-11  0.6030E-11  0.5630E-11  0.4680E-11  0.3650E-11  0.3110E-11
  0.1000E+13  0.1450E-33  0.1020E-25  0.1750E-19  0.7140E-15  0.1220E-12  0.2130E-11  0.4660E-11  0.5620E-11  0.5960E-11  0.6030E-11  0.5630E-11  0.4680E-11  0.3650E-11  0.3110E-11
  0.1000E+14  0.1450E-33  0.1020E-25  0.1750E-19  0.7140E-15  0.1220E-12  0.2130E-11  0.4660E-11  0.5620E-11  0.5960E-11  0.6030E-11  0.5630E-11  0.4680E-11  0.3650E-11  0.3110E-11
  0.1000E+15  0.1450E-33  0.1020E-25  0.1750E-19  0.7140E-15  0.1220E-12  0.2130E-11  0.4660E-11  0.5620E-11  0.5960E-11  0.6030E-11  0.5620E-11  0.4680E-11  0.3650E-11  0.3110E-11
  0.1000E+16  0.1450E-33  0.1020E-25  0.1750E-19  0.7140E-15  0.1220E-12  0.2120E-11  0.4650E-11  0.5620E-11  0.5960E-11  0.6030E-11  0.5620E-11  0.4670E-11  0.3650E-11  0.3110E-11
  0.1000E+17  0.1450E-33  0.1020E-25  0.1750E-19  0.7130E-15  0.1220E-12  0.2120E-11  0.4640E-11  0.5600E-11  0.5930E-11  0.6000E-11  0.5590E-11  0.4650E-11  0.3640E-11  0.3100E-11
WAVELENGTH(A)= 
    48.208
 7 14 t 
excit   
    36.500     54.700     91.200    182.000    365.000    912.000   1820.000   2730.000   3650.000   5470.000   9120.000  18200.000  36500.000  54700.000 
  0.1000E+11  0.4640E-34  0.3250E-26  0.5590E-20  0.2280E-15  0.3910E-13  0.6790E-12  0.1490E-11  0.1800E-11  0.1910E-11  0.1930E-11  0.1800E-11  0.1490E-11  0.1170E-11  0.9940E-12
  0.1000E+12  0.4640E-34  0.3250E-26  0.5590E-20  0.2280E-15  0.3910E-13  0.6790E-12  0.1490E-11  0.1800E-11  0.1910E-11  0.1930E-11  0.1800E-11  0.1490E-11  0.1170E-11  0.9940E-12
  0.1000E+13  0.4640E-34  0.3250E-26  0.5590E-20  0.2280E-15  0.3910E-13  0.6790E-12  0.1490E-11  0.1800E-11  0.1910E-11  0.1930E-11  0.1800E-11  0.1490E-11  0.1170E-11  0.9940E-12
  0.1000E+14  0.4640E-34  0.3250E-26  0.5590E-20  0.2280E-15  0.3910E-13  0.6790E-12  0.1490E-11  0.1800E-11  0.1910E-11  0.1930E-11  0.1800E-11  0.1490E-11  0.1170E-11  0.9940E-12
  0.1000E+15  0.4640E-34  0.3250E-26  0.5590E-20  0.2280E-15  0.3910E-13  0.6790E-12  0.1490E-11  0.1800E-11  0.1910E-11  0.1930E-11  0.1800E-11  0.1490E-11  0.1170E-11  0.9940E-12
  0.1000E+16  0.4640E-34  0.3250E-26  0.5590E-20  0.2280E-15  0.3910E-13  0.6790E-12  0.1490E-11  0.1800E-11  0.1900E-11  0.1930E-11  0.1800E-11  0.1490E-11  0.1170E-11  0.9930E-12
  0.1000E+17  0.4640E-34  0.3250E-26  0.5590E-20  0.2280E-15  0.3910E-13  0.6790E-12  0.1480E-11  0.1790E-11  0.1900E-11  0.1920E-11  0.1790E-11  0.1490E-11  0.1160E-11  0.9900E-12
WAVELENGTH(A)= 
    48.398
 7 14 t 
excit   
    36.500     54.700     91.200    182.000    365.000    912.000   1820.000   2730.000   3650.000   5470.000   9120.000  18200.000  36500.000  54700.000 
  0.1000E+11  0.4550E-34  0.3190E-26  0.5490E-20  0.2240E-15  0.3830E-13  0.6670E-12  0.1460E-11  0.1760E-11  0.1870E-11  0.1890E-11  0.1770E-11  0.1470E-11  0.1150E-11  0.9760E-12
  0.1000E+12  0.4550E-34  0.3190E-26  0.5490E-20  0.2240E-15  0.3830E-13  0.6670E-12  0.1460E-11  0.1760E-11  0.1870E-11  0.1890E-11  0.1770E-11  0.1470E-11  0.1150E-11  0.9760E-12
  0.1000E+13  0.4550E-34  0.3190E-26  0.5490E-20  0.2240E-15  0.3830E-13  0.6670E-12  0.1460E-11  0.1760E-11  0.1870E-11  0.1890E-11  0.1770E-11  0.1470E-11  0.1150E-11  0.9760E-12
  0.1000E+14  0.4550E-34  0.3190E-26  0.5490E-20  0.2240E-15  0.3830E-13  0.6670E-12  0.1460E-11  0.1760E-11  0.1870E-11  0.1890E-11  0.1770E-11  0.1470E-11  0.1150E-11  0.9760E-12
  0.1000E+15  0.4550E-34  0.3190E-26  0.5490E-20  0.2240E-15  0.3830E-13  0.6670E-12  0.1460E-11  0.1760E-11  0.1870E-11  0.1890E-11  0.1770E-11  0.1470E-11  0.1150E-11  0.9760E-12
  0.1000E+16  0.4550E-34  0.3190E-26  0.5490E-20  0.2240E-15  0.3830E-13  0.6670E-12  0.1460E-11  0.1760E-11  0.1870E-11  0.1890E-11  0.1760E-11  0.1470E-11  0.1150E-11  0.9750E-12
  0.1000E+17  0.4550E-34  0.3190E-26  0.5490E-20  0.2240E-15  0.3830E-13  0.6660E-12  0.1460E-11  0.1760E-11  0.1860E-11  0.1880E-11  0.1760E-11  0.1460E-11  0.1140E-11  0.9720E-12
WAVELENGTH(A)= 
    49.641
 7 14 t 
excit   
    36.500     54.700     91.200    182.000    365.000    912.000   1820.000   2730.000   3650.000   5470.000   9120.000  18200.000  36500.000  54700.000 
  0.1000E+11  0.2360E-13  0.4690E-12  0.4690E-11  0.2270E-10  0.4250E-10  0.5200E-10  0.5140E-10  0.4920E-10  0.4680E-10  0.4280E-10  0.3710E-10  0.2940E-10  0.2270E-10  0.1930E-10
  0.1000E+12  0.2360E-13  0.4690E-12  0.4690E-11  0.2270E-10  0.4250E-10  0.5200E-10  0.5140E-10  0.4920E-10  0.4680E-10  0.4280E-10  0.3710E-10  0.2940E-10  0.2270E-10  0.1930E-10
  0.1000E+13  0.2360E-13  0.4690E-12  0.4690E-11  0.2270E-10  0.4250E-10  0.5200E-10  0.5140E-10  0.4920E-10  0.4680E-10  0.4280E-10  0.3710E-10  0.2940E-10  0.2270E-10  0.1930E-10
  0.1000E+14  0.2360E-13  0.4690E-12  0.4690E-11  0.2270E-10  0.4250E-10  0.5200E-10  0.5140E-10  0.4920E-10  0.4680E-10  0.4280E-10  0.3710E-10  0.2940E-10  0.2270E-10  0.1930E-10
  0.1000E+15  0.2360E-13  0.4690E-12  0.4690E-11  0.2270E-10  0.4250E-10  0.5200E-10  0.5140E-10  0.4910E-10  0.4680E-10  0.4280E-10  0.3710E-10  0.2940E-10  0.2270E-10  0.1930E-10
  0.1000E+16  0.2360E-13  0.4690E-12  0.4690E-11  0.2270E-10  0.4250E-10  0.5200E-10  0.5140E-10  0.4900E-10  0.4670E-10  0.4270E-10  0.3700E-10  0.2940E-10  0.2260E-10  0.1920E-10
  0.1000E+17  0.2370E-13  0.4710E-12  0.4700E-11  0.2270E-10  0.4260E-10  0.5190E-10  0.5090E-10  0.4850E-10  0.4610E-10  0.4210E-10  0.3650E-10  0.2890E-10  0.2230E-10  0.1900E-10
WAVELENGTH(A)= 
    51.239
 7 14 t 
excit   
    36.500     54.700     91.200    182.000    365.000    912.000   1820.000   2730.000   3650.000   5470.000   9120.000  18200.000  36500.000  54700.000 
  0.1000E+11  0.4840E-34  0.3390E-26  0.5840E-20  0.2380E-15  0.4080E-13  0.7100E-12  0.1550E-11  0.1880E-11  0.1990E-11  0.2010E-11  0.1880E-11  0.1560E-11  0.1220E-11  0.1040E-11
  0.1000E+12  0.4840E-34  0.3390E-26  0.5840E-20  0.2380E-15  0.4080E-13  0.7100E-12  0.1550E-11  0.1880E-11  0.1990E-11  0.2010E-11  0.1880E-11  0.1560E-11  0.1220E-11  0.1040E-11
  0.1000E+13  0.4840E-34  0.3390E-26  0.5840E-20  0.2380E-15  0.4080E-13  0.7100E-12  0.1550E-11  0.1880E-11  0.1990E-11  0.2010E-11  0.1880E-11  0.1560E-11  0.1220E-11  0.1040E-11
  0.1000E+14  0.4840E-34  0.3390E-26  0.5840E-20  0.2380E-15  0.4080E-13  0.7100E-12  0.1550E-11  0.1880E-11  0.1990E-11  0.2010E-11  0.1880E-11  0.1560E-11  0.1220E-11  0.1040E-11
  0.1000E+15  0.4840E-34  0.3390E-26  0.5840E-20  0.2380E-15  0.4080E-13  0.7100E-12  0.1550E-11  0.1880E-11  0.1990E-11  0.2010E-11  0.1880E-11  0.1560E-11  0.1220E-11  0.1040E-11
  0.1000E+16  0.4840E-34  0.3390E-26  0.5840E-20  0.2380E-15  0.4080E-13  0.7090E-12  0.1550E-11  0.1880E-11  0.1990E-11  0.2010E-11  0.1880E-11  0.1560E-11  0.1220E-11  0.1040E-11
  0.1000E+17  0.4840E-34  0.3390E-26  0.5840E-20  0.2380E-15  0.4080E-13  0.7090E-12  0.1550E-11  0.1870E-11  0.1980E-11  0.2000E-11  0.1870E-11  0.1550E-11  0.1210E-11  0.1030E-11
WAVELENGTH(A)= 
    58.522
 7 14 t 
excit   
    36.500     54.700     91.200    182.000    365.000    912.000   1820.000   2730.000   3650.000   5470.000   9120.000  18200.000  36500.000  54700.000 
  0.1000E+11  0.2050E-36  0.1030E-27  0.8640E-21  0.1150E-15  0.3570E-13  0.8810E-12  0.2170E-11  0.2730E-11  0.2960E-11  0.3060E-11  0.2920E-11  0.2480E-11  0.1960E-11  0.1670E-11
  0.1000E+12  0.2050E-36  0.1030E-27  0.8640E-21  0.1150E-15  0.3570E-13  0.8810E-12  0.2170E-11  0.2730E-11  0.2960E-11  0.3060E-11  0.2920E-11  0.2480E-11  0.1960E-11  0.1670E-11
  0.1000E+13  0.2050E-36  0.1030E-27  0.8640E-21  0.1150E-15  0.3570E-13  0.8810E-12  0.2170E-11  0.2730E-11  0.2960E-11  0.3060E-11  0.2920E-11  0.2480E-11  0.1960E-11  0.1670E-11
  0.1000E+14  0.2050E-36  0.1030E-27  0.8640E-21  0.1150E-15  0.3570E-13  0.8810E-12  0.2170E-11  0.2730E-11  0.2960E-11  0.3060E-11  0.2920E-11  0.2480E-11  0.1960E-11  0.1670E-11
  0.1000E+15  0.2050E-36  0.1030E-27  0.8640E-21  0.1150E-15  0.3570E-13  0.8810E-12  0.2170E-11  0.2730E-11  0.2960E-11  0.3060E-11  0.2920E-11  0.2480E-11  0.1960E-11  0.1670E-11
  0.1000E+16  0.2050E-36  0.1030E-27  0.8640E-21  0.1150E-15  0.3570E-13  0.8810E-12  0.2170E-11  0.2720E-11  0.2960E-11  0.3060E-11  0.2920E-11  0.2470E-11  0.1960E-11  0.1670E-11
  0.1000E+17  0.2050E-36  0.1030E-27  0.8630E-21  0.1150E-15  0.3570E-13  0.8800E-12  0.2160E-11  0.2710E-11  0.2950E-11  0.3040E-11  0.2900E-11  0.2460E-11  0.1950E-11  0.1660E-11
WAVELENGTH(A)= 
    62.264
 7 14 t 
excit   
    36.500     54.700     91.200    182.000    365.000    912.000   1820.000   2730.000   3650.000   5470.000   9120.000  18200.000  36500.000  54700.000 
  0.1000E+11  0.1580E-10  0.8080E-10  0.2780E-09  0.6350E-09  0.8660E-09  0.9150E-09  0.8460E-09  0.7870E-09  0.7360E-09  0.6710E-09  0.5820E-09  0.4740E-09  0.3800E-09  0.3310E-09
  0.1000E+12  0.1580E-10  0.8080E-10  0.2780E-09  0.6350E-09  0.8660E-09  0.9150E-09  0.8460E-09  0.7870E-09  0.7360E-09  0.6710E-09  0.5820E-09  0.4740E-09  0.3800E-09  0.3310E-09
  0.1000E+13  0.1580E-10  0.8080E-10  0.2780E-09  0.6350E-09  0.8660E-09  0.9150E-09  0.8460E-09  0.7870E-09  0.7360E-09  0.6710E-09  0.5820E-09  0.4740E-09  0.3800E-09  0.3310E-09
  0.1000E+14  0.1580E-10  0.8080E-10  0.2780E-09  0.6350E-09  0.8660E-09  0.9150E-09  0.8460E-09  0.7870E-09  0.7360E-09  0.6710E-09  0.5820E-09  0.4740E-09  0.3800E-09  0.3310E-09
  0.1000E+15  0.1580E-10  0.8080E-10  0.2780E-09  0.6350E-09  0.8660E-09  0.9150E-09  0.8460E-09  0.7870E-09  0.7360E-09  0.6710E-09  0.5820E-09  0.4740E-09  0.3800E-09  0.3310E-09
  0.1000E+16  0.1580E-10  0.8080E-10  0.2780E-09  0.6350E-09  0.8660E-09  0.9150E-09  0.8450E-09  0.7860E-09  0.7360E-09  0.6710E-09  0.5820E-09  0.4740E-09  0.3800E-09  0.3300E-09
  0.1000E+17  0.1580E-10  0.8080E-10  0.2780E-09  0.6340E-09  0.8660E-09  0.9140E-09  0.8430E-09  0.7830E-09  0.7330E-09  0.6670E-09  0.5790E-09  0.4720E-09  0.3780E-09  0.3290E-09
WAVELENGTH(A)= 
    67.915
 7 14 t 
excit   
    36.500     54.700     91.200    182.000    365.000    912.000   1820.000   2730.000   3650.000   5470.000   9120.000  18200.000  36500.000  54700.000 
  0.1000E+11  0.1520E-24  0.1680E-20  0.5220E-17  0.1980E-14  0.6330E-13  0.1660E-11  0.4990E-11  0.6780E-11  0.7650E-11  0.8220E-11  0.8120E-11  0.7080E-11  0.5700E-11  0.4890E-11
  0.1000E+12  0.9390E-24  0.1740E-20  0.5220E-17  0.1980E-14  0.6330E-13  0.1660E-11  0.4990E-11  0.6780E-11  0.7650E-11  0.8220E-11  0.8120E-11  0.7080E-11  0.5700E-11  0.4890E-11
  0.1000E+13  0.8810E-23  0.2430E-20  0.5240E-17  0.1980E-14  0.6330E-13  0.1660E-11  0.4990E-11  0.6780E-11  0.7650E-11  0.8220E-11  0.8120E-11  0.7080E-11  0.5700E-11  0.4890E-11
  0.1000E+14  0.8760E-22  0.9330E-20  0.5450E-17  0.1980E-14  0.6330E-13  0.1660E-11  0.4990E-11  0.6780E-11  0.7650E-11  0.8220E-11  0.8120E-11  0.7080E-11  0.5700E-11  0.4890E-11
  0.1000E+15  0.8750E-21  0.7830E-19  0.7560E-17  0.2000E-14  0.6340E-13  0.1660E-11  0.4990E-11  0.6780E-11  0.7650E-11  0.8220E-11  0.8120E-11  0.7080E-11  0.5700E-11  0.4890E-11
  0.1000E+16  0.8750E-20  0.7680E-18  0.2870E-16  0.2220E-14  0.6390E-13  0.1660E-11  0.4990E-11  0.6780E-11  0.7640E-11  0.8220E-11  0.8110E-11  0.7070E-11  0.5700E-11  0.4890E-11
  0.1000E+17  0.8750E-19  0.7660E-17  0.2400E-15  0.4350E-14  0.6910E-13  0.1660E-11  0.4980E-11  0.6750E-11  0.7610E-11  0.8180E-11  0.8080E-11  0.7040E-11  0.5670E-11  0.4870E-11
WAVELENGTH(A)= 
    72.385
 7 14 t 
excit   
    36.500     54.700     91.200    182.000    365.000    912.000   1820.000   2730.000   3650.000   5470.000   9120.000  18200.000  36500.000  54700.000 
  0.1000E+11  0.2050E-13  0.4960E-12  0.5770E-11  0.3140E-10  0.6230E-10  0.7750E-10  0.7440E-10  0.6950E-10  0.6510E-10  0.5840E-10  0.4960E-10  0.3850E-10  0.2930E-10  0.2480E-10
  0.1000E+12  0.2050E-13  0.4960E-12  0.5770E-11  0.3140E-10  0.6230E-10  0.7750E-10  0.7440E-10  0.6950E-10  0.6510E-10  0.5840E-10  0.4960E-10  0.3850E-10  0.2930E-10  0.2480E-10
  0.1000E+13  0.2050E-13  0.4960E-12  0.5770E-11  0.3140E-10  0.6230E-10  0.7750E-10  0.7440E-10  0.6950E-10  0.6510E-10  0.5840E-10  0.4960E-10  0.3850E-10  0.2930E-10  0.2480E-10
  0.1000E+14  0.2050E-13  0.4960E-12  0.5770E-11  0.3140E-10  0.6230E-10  0.7750E-10  0.7440E-10  0.6950E-10  0.6510E-10  0.5840E-10  0.4960E-10  0.3850E-10  0.2930E-10  0.2480E-10
  0.1000E+15  0.2050E-13  0.4960E-12  0.5770E-11  0.3140E-10  0.6230E-10  0.7750E-10  0.7440E-10  0.6950E-10  0.6510E-10  0.5840E-10  0.4960E-10  0.3850E-10  0.2930E-10  0.2470E-10
  0.1000E+16  0.2050E-13  0.4960E-12  0.5770E-11  0.3140E-10  0.6230E-10  0.7750E-10  0.7430E-10  0.6940E-10  0.6510E-10  0.5830E-10  0.4950E-10  0.3850E-10  0.2930E-10  0.2470E-10
  0.1000E+17  0.2050E-13  0.4960E-12  0.5770E-11  0.3140E-10  0.6230E-10  0.7740E-10  0.7400E-10  0.6900E-10  0.6470E-10  0.5790E-10  0.4920E-10  0.3830E-10  0.2910E-10  0.2460E-10
WAVELENGTH(A)= 
    74.070
 7 14 t 
excit   
    36.500     54.700     91.200    182.000    365.000    912.000   1820.000   2730.000   3650.000   5470.000   9120.000  18200.000  36500.000  54700.000 
  0.1000E+11  0.1130E-24  0.2420E-20  0.8120E-17  0.3220E-14  0.9500E-13  0.2000E-11  0.5650E-11  0.7520E-11  0.8390E-11  0.8930E-11  0.8730E-11  0.7540E-11  0.6040E-11  0.5180E-11
  0.1000E+12  0.3650E-24  0.2440E-20  0.8120E-17  0.3220E-14  0.9500E-13  0.2000E-11  0.5650E-11  0.7520E-11  0.8390E-11  0.8930E-11  0.8730E-11  0.7540E-11  0.6040E-11  0.5180E-11
  0.1000E+13  0.2890E-23  0.2670E-20  0.8130E-17  0.3230E-14  0.9500E-13  0.2000E-11  0.5650E-11  0.7520E-11  0.8390E-11  0.8930E-11  0.8730E-11  0.7540E-11  0.6040E-11  0.5180E-11
  0.1000E+14  0.2820E-22  0.5000E-20  0.8200E-17  0.3230E-14  0.9500E-13  0.2000E-11  0.5650E-11  0.7520E-11  0.8390E-11  0.8930E-11  0.8730E-11  0.7540E-11  0.6040E-11  0.5180E-11
  0.1000E+15  0.2810E-21  0.2820E-19  0.8940E-17  0.3230E-14  0.9500E-13  0.2000E-11  0.5650E-11  0.7520E-11  0.8390E-11  0.8930E-11  0.8730E-11  0.7540E-11  0.6040E-11  0.5180E-11
  0.1000E+16  0.2810E-20  0.2610E-18  0.1630E-16  0.3310E-14  0.9520E-13  0.2000E-11  0.5650E-11  0.7510E-11  0.8380E-11  0.8920E-11  0.8720E-11  0.7540E-11  0.6040E-11  0.5170E-11
  0.1000E+17  0.2810E-19  0.2580E-17  0.8990E-16  0.4060E-14  0.9700E-13  0.2000E-11  0.5630E-11  0.7490E-11  0.8340E-11  0.8880E-11  0.8680E-11  0.7510E-11  0.6010E-11  0.5150E-11
WAVELENGTH(A)= 
    82.558
 7 14 t 
excit   
    36.500     54.700     91.200    182.000    365.000    912.000   1820.000   2730.000   3650.000   5470.000   9120.000  18200.000  36500.000  54700.000 
  0.1000E+11  0.1020E-14  0.2040E-13  0.2040E-12  0.9850E-12  0.1850E-11  0.2260E-11  0.2240E-11  0.2140E-11  0.2040E-11  0.1860E-11  0.1610E-11  0.1280E-11  0.9860E-12  0.8380E-12
  0.1000E+12  0.1020E-14  0.2040E-13  0.2040E-12  0.9850E-12  0.1850E-11  0.2260E-11  0.2240E-11  0.2140E-11  0.2040E-11  0.1860E-11  0.1610E-11  0.1280E-11  0.9860E-12  0.8380E-12
  0.1000E+13  0.1020E-14  0.2040E-13  0.2040E-12  0.9850E-12  0.1850E-11  0.2260E-11  0.2240E-11  0.2140E-11  0.2040E-11  0.1860E-11  0.1610E-11  0.1280E-11  0.9860E-12  0.8380E-12
  0.1000E+14  0.1020E-14  0.2040E-13  0.2040E-12  0.9850E-12  0.1850E-11  0.2260E-11  0.2240E-11  0.2140E-11  0.2040E-11  0.1860E-11  0.1610E-11  0.1280E-11  0.9860E-12  0.8380E-12
  0.1000E+15  0.1020E-14  0.2040E-13  0.2040E-12  0.9850E-12  0.1850E-11  0.2260E-11  0.2240E-11  0.2140E-11  0.2040E-11  0.1860E-11  0.1610E-11  0.1280E-11  0.9860E-12  0.8370E-12
  0.1000E+16  0.1030E-14  0.2040E-13  0.2040E-12  0.9850E-12  0.1850E-11  0.2260E-11  0.2230E-11  0.2130E-11  0.2030E-11  0.1860E-11  0.1610E-11  0.1280E-11  0.9840E-12  0.8360E-12
  0.1000E+17  0.1030E-14  0.2040E-13  0.2040E-12  0.9870E-12  0.1850E-11  0.2250E-11  0.2210E-11  0.2110E-11  0.2000E-11  0.1830E-11  0.1580E-11  0.1260E-11  0.9700E-12  0.8250E-12
WAVELENGTH(A)= 
   124.559
 7 14 t 
excit   
    36.500     54.700     91.200    182.000    365.000    912.000   1820.000   2730.000   3650.000   5470.000   9120.000  18200.000  36500.000  54700.000 
  0.1000E+11  0.1620E-09  0.3340E-09  0.5580E-09  0.7440E-09  0.7830E-09  0.7040E-09  0.6080E-09  0.5500E-09  0.5090E-09  0.4520E-09  0.3850E-09  0.3050E-09  0.2400E-09  0.2050E-09
  0.1000E+12  0.1620E-09  0.3340E-09  0.5580E-09  0.7440E-09  0.7830E-09  0.7040E-09  0.6080E-09  0.5500E-09  0.5090E-09  0.4520E-09  0.3850E-09  0.3050E-09  0.2400E-09  0.2050E-09
  0.1000E+13  0.1620E-09  0.3340E-09  0.5580E-09  0.7440E-09  0.7830E-09  0.7040E-09  0.6080E-09  0.5500E-09  0.5090E-09  0.4520E-09  0.3850E-09  0.3050E-09  0.2400E-09  0.2050E-09
  0.1000E+14  0.1620E-09  0.3340E-09  0.5580E-09  0.7440E-09  0.7830E-09  0.7040E-09  0.6080E-09  0.5500E-09  0.5090E-09  0.4520E-09  0.3850E-09  0.3050E-09  0.2400E-09  0.2050E-09
  0.1000E+15  0.1620E-09  0.3340E-09  0.5580E-09  0.7440E-09  0.7830E-09  0.7040E-09  0.6080E-09  0.5500E-09  0.5090E-09  0.4520E-09  0.3850E-09  0.3050E-09  0.2400E-09  0.2050E-09
  0.1000E+16  0.1620E-09  0.3340E-09  0.5580E-09  0.7440E-09  0.7830E-09  0.7040E-09  0.6080E-09  0.5490E-09  0.5080E-09  0.4510E-09  0.3850E-09  0.3050E-09  0.2400E-09  0.2050E-09
  0.1000E+17  0.1620E-09  0.3340E-09  0.5580E-09  0.7440E-09  0.7830E-09  0.7030E-09  0.6060E-09  0.5470E-09  0.5060E-09  0.4490E-09  0.3830E-09  0.3030E-09  0.2380E-09  0.2040E-09
