 50  7 14
WAVELENGTH(A)= 
     3.815
 7 14 t 
excit   
    36.500     54.700     91.200    182.000    365.000    912.000   1820.000   2730.000   3650.000   5470.000   9120.000  18200.000  36500.000  54700.000 
  0.1000E+11  0.1000E-73  0.3160E-36  0.5160E-26  0.2030E-18  0.1080E-14  0.1510E-12  0.6870E-12  0.1110E-11  0.1400E-11  0.1760E-11  0.2110E-11  0.2410E-11  0.2510E-11  0.2480E-11
  0.1000E+12  0.1000E-73  0.3160E-36  0.5160E-26  0.2030E-18  0.1080E-14  0.1510E-12  0.6870E-12  0.1110E-11  0.1400E-11  0.1760E-11  0.2110E-11  0.2410E-11  0.2510E-11  0.2480E-11
  0.1000E+13  0.1000E-73  0.3160E-36  0.5160E-26  0.2030E-18  0.1080E-14  0.1510E-12  0.6870E-12  0.1110E-11  0.1400E-11  0.1760E-11  0.2110E-11  0.2410E-11  0.2510E-11  0.2480E-11
  0.1000E+14  0.1000E-73  0.3160E-36  0.5160E-26  0.2030E-18  0.1080E-14  0.1510E-12  0.6870E-12  0.1110E-11  0.1400E-11  0.1760E-11  0.2110E-11  0.2410E-11  0.2510E-11  0.2480E-11
  0.1000E+15  0.1000E-73  0.3160E-36  0.5160E-26  0.2030E-18  0.1080E-14  0.1510E-12  0.6870E-12  0.1110E-11  0.1400E-11  0.1760E-11  0.2110E-11  0.2410E-11  0.2510E-11  0.2480E-11
  0.1000E+16  0.1000E-73  0.3160E-36  0.5160E-26  0.2030E-18  0.1080E-14  0.1510E-12  0.6870E-12  0.1110E-11  0.1400E-11  0.1760E-11  0.2110E-11  0.2410E-11  0.2510E-11  0.2480E-11
  0.1000E+17  0.1000E-73  0.3160E-36  0.5160E-26  0.2030E-18  0.1080E-14  0.1510E-12  0.6860E-12  0.1110E-11  0.1400E-11  0.1760E-11  0.2110E-11  0.2410E-11  0.2510E-11  0.2480E-11
WAVELENGTH(A)= 
     4.030
 7 14 t 
excit   
    36.500     54.700     91.200    182.000    365.000    912.000   1820.000   2730.000   3650.000   5470.000   9120.000  18200.000  36500.000  54700.000 
  0.1000E+11  0.1000E-73  0.7190E-36  0.3350E-26  0.5130E-19  0.1710E-15  0.1780E-13  0.7340E-13  0.1130E-12  0.1380E-12  0.1670E-12  0.1930E-12  0.2120E-12  0.2150E-12  0.2090E-12
  0.1000E+12  0.1000E-73  0.7190E-36  0.3350E-26  0.5130E-19  0.1710E-15  0.1780E-13  0.7340E-13  0.1130E-12  0.1380E-12  0.1670E-12  0.1930E-12  0.2120E-12  0.2150E-12  0.2090E-12
  0.1000E+13  0.1000E-73  0.7190E-36  0.3350E-26  0.5130E-19  0.1710E-15  0.1780E-13  0.7340E-13  0.1130E-12  0.1380E-12  0.1670E-12  0.1930E-12  0.2120E-12  0.2150E-12  0.2090E-12
  0.1000E+14  0.1000E-73  0.7190E-36  0.3350E-26  0.5130E-19  0.1710E-15  0.1780E-13  0.7340E-13  0.1130E-12  0.1380E-12  0.1670E-12  0.1930E-12  0.2120E-12  0.2150E-12  0.2090E-12
  0.1000E+15  0.1000E-73  0.7190E-36  0.3350E-26  0.5130E-19  0.1710E-15  0.1780E-13  0.7340E-13  0.1130E-12  0.1380E-12  0.1670E-12  0.1930E-12  0.2120E-12  0.2150E-12  0.2090E-12
  0.1000E+16  0.1000E-73  0.7190E-36  0.3350E-26  0.5130E-19  0.1710E-15  0.1780E-13  0.7340E-13  0.1130E-12  0.1380E-12  0.1670E-12  0.1930E-12  0.2120E-12  0.2150E-12  0.2090E-12
  0.1000E+17  0.3870E-48  0.7190E-36  0.3350E-26  0.5130E-19  0.1710E-15  0.1780E-13  0.7340E-13  0.1130E-12  0.1380E-12  0.1670E-12  0.1930E-12  0.2120E-12  0.2150E-12  0.2090E-12
WAVELENGTH(A)= 
     4.422
 7 14 t 
excit   
    36.500     54.700     91.200    182.000    365.000    912.000   1820.000   2730.000   3650.000   5470.000   9120.000  18200.000  36500.000  54700.000 
  0.1000E+11  0.1000E-73  0.6490E-32  0.4030E-23  0.1370E-16  0.2150E-13  0.1430E-11  0.5030E-11  0.7250E-11  0.8540E-11  0.9820E-11  0.1060E-10  0.1070E-10  0.9940E-11  0.9330E-11
  0.1000E+12  0.6190E-43  0.6490E-32  0.4030E-23  0.1370E-16  0.2150E-13  0.1430E-11  0.5030E-11  0.7250E-11  0.8540E-11  0.9820E-11  0.1060E-10  0.1070E-10  0.9940E-11  0.9330E-11
  0.1000E+13  0.6190E-43  0.6490E-32  0.4030E-23  0.1370E-16  0.2150E-13  0.1430E-11  0.5030E-11  0.7250E-11  0.8540E-11  0.9820E-11  0.1060E-10  0.1070E-10  0.9940E-11  0.9330E-11
  0.1000E+14  0.5880E-43  0.6490E-32  0.4030E-23  0.1370E-16  0.2150E-13  0.1430E-11  0.5030E-11  0.7250E-11  0.8540E-11  0.9820E-11  0.1060E-10  0.1070E-10  0.9940E-11  0.9330E-11
  0.1000E+15  0.5900E-43  0.6490E-32  0.4030E-23  0.1370E-16  0.2150E-13  0.1430E-11  0.5030E-11  0.7250E-11  0.8540E-11  0.9820E-11  0.1060E-10  0.1070E-10  0.9940E-11  0.9330E-11
  0.1000E+16  0.5900E-43  0.6490E-32  0.4030E-23  0.1370E-16  0.2150E-13  0.1430E-11  0.5030E-11  0.7250E-11  0.8540E-11  0.9820E-11  0.1060E-10  0.1070E-10  0.9940E-11  0.9330E-11
  0.1000E+17  0.5900E-43  0.6490E-32  0.4030E-23  0.1370E-16  0.2150E-13  0.1430E-11  0.5030E-11  0.7250E-11  0.8540E-11  0.9820E-11  0.1060E-10  0.1070E-10  0.9940E-11  0.9330E-11
WAVELENGTH(A)= 
     4.709
 7 14 t 
excit   
    36.500     54.700     91.200    182.000    365.000    912.000   1820.000   2730.000   3650.000   5470.000   9120.000  18200.000  36500.000  54700.000 
  0.1000E+11  0.4430E-43  0.1540E-32  0.2850E-24  0.4300E-18  0.5500E-15  0.3800E-13  0.1370E-12  0.1980E-12  0.2300E-12  0.2580E-12  0.2680E-12  0.2500E-12  0.2180E-12  0.1970E-12
  0.1000E+12  0.6640E-43  0.1540E-32  0.2850E-24  0.4300E-18  0.5500E-15  0.3800E-13  0.1370E-12  0.1980E-12  0.2300E-12  0.2580E-12  0.2680E-12  0.2500E-12  0.2180E-12  0.1970E-12
  0.1000E+13  0.6550E-43  0.1540E-32  0.2850E-24  0.4300E-18  0.5500E-15  0.3800E-13  0.1370E-12  0.1980E-12  0.2300E-12  0.2580E-12  0.2680E-12  0.2500E-12  0.2180E-12  0.1970E-12
  0.1000E+14  0.6570E-43  0.1540E-32  0.2850E-24  0.4300E-18  0.5500E-15  0.3800E-13  0.1370E-12  0.1980E-12  0.2300E-12  0.2580E-12  0.2680E-12  0.2500E-12  0.2180E-12  0.1970E-12
  0.1000E+15  0.6570E-43  0.1540E-32  0.2850E-24  0.4300E-18  0.5500E-15  0.3800E-13  0.1370E-12  0.1980E-12  0.2300E-12  0.2580E-12  0.2680E-12  0.2500E-12  0.2180E-12  0.1970E-12
  0.1000E+16  0.6570E-43  0.1540E-32  0.2850E-24  0.4300E-18  0.5500E-15  0.3800E-13  0.1370E-12  0.1980E-12  0.2300E-12  0.2580E-12  0.2680E-12  0.2500E-12  0.2180E-12  0.1970E-12
  0.1000E+17  0.6570E-43  0.1540E-32  0.2850E-24  0.4300E-18  0.5500E-15  0.3800E-13  0.1370E-12  0.1980E-12  0.2300E-12  0.2580E-12  0.2680E-12  0.2500E-12  0.2180E-12  0.1970E-12
WAVELENGTH(A)= 
     5.036
 7 14 t 
excit   
    36.500     54.700     91.200    182.000    365.000    912.000   1820.000   2730.000   3650.000   5470.000   9120.000  18200.000  36500.000  54700.000 
  0.1000E+11  0.8160E-39  0.3960E-29  0.2040E-21  0.1090E-15  0.7280E-13  0.3350E-11  0.1120E-10  0.1640E-10  0.1960E-10  0.2340E-10  0.2660E-10  0.2880E-10  0.2880E-10  0.2780E-10
  0.1000E+12  0.8160E-39  0.3960E-29  0.2040E-21  0.1090E-15  0.7280E-13  0.3350E-11  0.1120E-10  0.1640E-10  0.1960E-10  0.2340E-10  0.2660E-10  0.2880E-10  0.2880E-10  0.2780E-10
  0.1000E+13  0.8160E-39  0.3960E-29  0.2040E-21  0.1090E-15  0.7280E-13  0.3350E-11  0.1120E-10  0.1640E-10  0.1960E-10  0.2340E-10  0.2660E-10  0.2880E-10  0.2880E-10  0.2780E-10
  0.1000E+14  0.8160E-39  0.3960E-29  0.2040E-21  0.1090E-15  0.7280E-13  0.3350E-11  0.1120E-10  0.1640E-10  0.1960E-10  0.2340E-10  0.2660E-10  0.2880E-10  0.2880E-10  0.2780E-10
  0.1000E+15  0.8160E-39  0.3960E-29  0.2040E-21  0.1090E-15  0.7280E-13  0.3350E-11  0.1120E-10  0.1640E-10  0.1960E-10  0.2340E-10  0.2660E-10  0.2880E-10  0.2880E-10  0.2780E-10
  0.1000E+16  0.8160E-39  0.3960E-29  0.2040E-21  0.1090E-15  0.7280E-13  0.3350E-11  0.1120E-10  0.1640E-10  0.1960E-10  0.2340E-10  0.2660E-10  0.2880E-10  0.2880E-10  0.2780E-10
  0.1000E+17  0.8160E-39  0.3960E-29  0.2040E-21  0.1090E-15  0.7280E-13  0.3350E-11  0.1120E-10  0.1640E-10  0.1960E-10  0.2330E-10  0.2660E-10  0.2880E-10  0.2880E-10  0.2780E-10
WAVELENGTH(A)= 
     5.875
 7 14 t 
excit   
    36.500     54.700     91.200    182.000    365.000    912.000   1820.000   2730.000   3650.000   5470.000   9120.000  18200.000  36500.000  54700.000 
  0.1000E+11  0.1540E-33  0.3010E-25  0.1180E-18  0.8940E-14  0.2130E-11  0.4750E-10  0.1190E-09  0.1560E-09  0.1760E-09  0.1960E-09  0.2080E-09  0.2090E-09  0.1960E-09  0.1850E-09
  0.1000E+12  0.1540E-33  0.3010E-25  0.1180E-18  0.8940E-14  0.2130E-11  0.4750E-10  0.1190E-09  0.1560E-09  0.1760E-09  0.1960E-09  0.2080E-09  0.2090E-09  0.1960E-09  0.1850E-09
  0.1000E+13  0.1540E-33  0.3010E-25  0.1180E-18  0.8940E-14  0.2130E-11  0.4750E-10  0.1190E-09  0.1560E-09  0.1760E-09  0.1960E-09  0.2080E-09  0.2090E-09  0.1960E-09  0.1850E-09
  0.1000E+14  0.1540E-33  0.3010E-25  0.1180E-18  0.8940E-14  0.2130E-11  0.4750E-10  0.1190E-09  0.1560E-09  0.1760E-09  0.1960E-09  0.2080E-09  0.2090E-09  0.1960E-09  0.1850E-09
  0.1000E+15  0.1540E-33  0.3010E-25  0.1180E-18  0.8940E-14  0.2130E-11  0.4750E-10  0.1190E-09  0.1560E-09  0.1760E-09  0.1960E-09  0.2080E-09  0.2090E-09  0.1960E-09  0.1850E-09
  0.1000E+16  0.1540E-33  0.3010E-25  0.1180E-18  0.8940E-14  0.2130E-11  0.4750E-10  0.1190E-09  0.1560E-09  0.1760E-09  0.1960E-09  0.2080E-09  0.2090E-09  0.1960E-09  0.1850E-09
  0.1000E+17  0.1540E-33  0.3010E-25  0.1180E-18  0.8940E-14  0.2130E-11  0.4750E-10  0.1190E-09  0.1560E-09  0.1760E-09  0.1960E-09  0.2080E-09  0.2090E-09  0.1960E-09  0.1850E-09
WAVELENGTH(A)= 
     5.892
 7 14 t 
excit   
    36.500     54.700     91.200    182.000    365.000    912.000   1820.000   2730.000   3650.000   5470.000   9120.000  18200.000  36500.000  54700.000 
  0.1000E+11  0.2260E-35  0.4230E-27  0.1670E-20  0.1360E-15  0.3530E-13  0.8980E-12  0.2460E-11  0.3350E-11  0.3860E-11  0.4400E-11  0.4800E-11  0.4940E-11  0.4760E-11  0.4540E-11
  0.1000E+12  0.2260E-35  0.4230E-27  0.1670E-20  0.1360E-15  0.3530E-13  0.8980E-12  0.2460E-11  0.3350E-11  0.3860E-11  0.4400E-11  0.4800E-11  0.4940E-11  0.4760E-11  0.4540E-11
  0.1000E+13  0.2260E-35  0.4230E-27  0.1670E-20  0.1360E-15  0.3530E-13  0.8980E-12  0.2460E-11  0.3350E-11  0.3860E-11  0.4400E-11  0.4800E-11  0.4940E-11  0.4760E-11  0.4540E-11
  0.1000E+14  0.2260E-35  0.4230E-27  0.1670E-20  0.1360E-15  0.3530E-13  0.8980E-12  0.2460E-11  0.3350E-11  0.3860E-11  0.4400E-11  0.4800E-11  0.4940E-11  0.4760E-11  0.4540E-11
  0.1000E+15  0.2260E-35  0.4230E-27  0.1670E-20  0.1360E-15  0.3530E-13  0.8980E-12  0.2460E-11  0.3350E-11  0.3860E-11  0.4400E-11  0.4800E-11  0.4940E-11  0.4760E-11  0.4540E-11
  0.1000E+16  0.2260E-35  0.4230E-27  0.1670E-20  0.1360E-15  0.3530E-13  0.8980E-12  0.2460E-11  0.3350E-11  0.3860E-11  0.4400E-11  0.4800E-11  0.4940E-11  0.4760E-11  0.4540E-11
  0.1000E+17  0.2260E-35  0.4230E-27  0.1670E-20  0.1360E-15  0.3530E-13  0.8980E-12  0.2460E-11  0.3350E-11  0.3860E-11  0.4390E-11  0.4800E-11  0.4940E-11  0.4760E-11  0.4540E-11
WAVELENGTH(A)= 
     5.905
 7 14 t 
excit   
    36.500     54.700     91.200    182.000    365.000    912.000   1820.000   2730.000   3650.000   5470.000   9120.000  18200.000  36500.000  54700.000 
  0.1000E+11  0.1460E-40  0.3350E-30  0.6060E-22  0.8090E-16  0.7910E-13  0.3890E-11  0.1200E-10  0.1620E-10  0.1830E-10  0.1960E-10  0.1930E-10  0.1670E-10  0.1330E-10  0.1150E-10
  0.1000E+12  0.1430E-40  0.3350E-30  0.6060E-22  0.8090E-16  0.7910E-13  0.3890E-11  0.1200E-10  0.1620E-10  0.1830E-10  0.1960E-10  0.1930E-10  0.1670E-10  0.1330E-10  0.1150E-10
  0.1000E+13  0.1430E-40  0.3350E-30  0.6060E-22  0.8090E-16  0.7910E-13  0.3890E-11  0.1200E-10  0.1620E-10  0.1830E-10  0.1960E-10  0.1930E-10  0.1670E-10  0.1330E-10  0.1150E-10
  0.1000E+14  0.1430E-40  0.3350E-30  0.6060E-22  0.8090E-16  0.7910E-13  0.3890E-11  0.1200E-10  0.1620E-10  0.1830E-10  0.1960E-10  0.1930E-10  0.1670E-10  0.1330E-10  0.1150E-10
  0.1000E+15  0.1430E-40  0.3350E-30  0.6060E-22  0.8090E-16  0.7910E-13  0.3890E-11  0.1200E-10  0.1620E-10  0.1830E-10  0.1960E-10  0.1930E-10  0.1670E-10  0.1330E-10  0.1150E-10
  0.1000E+16  0.1430E-40  0.3350E-30  0.6060E-22  0.8090E-16  0.7910E-13  0.3890E-11  0.1200E-10  0.1620E-10  0.1830E-10  0.1960E-10  0.1930E-10  0.1670E-10  0.1330E-10  0.1150E-10
  0.1000E+17  0.1430E-40  0.3350E-30  0.6050E-22  0.8090E-16  0.7910E-13  0.3890E-11  0.1200E-10  0.1620E-10  0.1830E-10  0.1960E-10  0.1930E-10  0.1670E-10  0.1330E-10  0.1150E-10
WAVELENGTH(A)= 
     6.400
 7 14 t 
excit   
    36.500     54.700     91.200    182.000    365.000    912.000   1820.000   2730.000   3650.000   5470.000   9120.000  18200.000  36500.000  54700.000 
  0.1000E+11  0.2620E-34  0.1050E-26  0.1170E-20  0.3480E-16  0.5400E-14  0.1020E-12  0.2460E-12  0.3120E-12  0.3420E-12  0.3630E-12  0.3590E-12  0.3260E-12  0.2790E-12  0.2520E-12
  0.1000E+12  0.2620E-34  0.1050E-26  0.1170E-20  0.3480E-16  0.5400E-14  0.1020E-12  0.2460E-12  0.3120E-12  0.3420E-12  0.3630E-12  0.3590E-12  0.3260E-12  0.2790E-12  0.2520E-12
  0.1000E+13  0.2620E-34  0.1050E-26  0.1170E-20  0.3480E-16  0.5400E-14  0.1020E-12  0.2460E-12  0.3120E-12  0.3420E-12  0.3630E-12  0.3590E-12  0.3260E-12  0.2790E-12  0.2520E-12
  0.1000E+14  0.2620E-34  0.1050E-26  0.1170E-20  0.3480E-16  0.5400E-14  0.1020E-12  0.2460E-12  0.3120E-12  0.3420E-12  0.3630E-12  0.3590E-12  0.3260E-12  0.2790E-12  0.2520E-12
  0.1000E+15  0.2620E-34  0.1050E-26  0.1170E-20  0.3480E-16  0.5400E-14  0.1020E-12  0.2460E-12  0.3120E-12  0.3420E-12  0.3630E-12  0.3590E-12  0.3260E-12  0.2790E-12  0.2520E-12
  0.1000E+16  0.2620E-34  0.1050E-26  0.1170E-20  0.3480E-16  0.5400E-14  0.1020E-12  0.2460E-12  0.3120E-12  0.3420E-12  0.3630E-12  0.3590E-12  0.3260E-12  0.2790E-12  0.2520E-12
  0.1000E+17  0.2620E-34  0.1050E-26  0.1170E-20  0.3480E-16  0.5400E-14  0.1020E-12  0.2460E-12  0.3110E-12  0.3420E-12  0.3630E-12  0.3590E-12  0.3260E-12  0.2790E-12  0.2520E-12
WAVELENGTH(A)= 
     7.133
 7 14 t 
excit   
    36.500     54.700     91.200    182.000    365.000    912.000   1820.000   2730.000   3650.000   5470.000   9120.000  18200.000  36500.000  54700.000 
  0.1000E+11  0.1590E-30  0.1210E-23  0.5020E-18  0.1040E-13  0.1580E-11  0.3120E-10  0.7690E-10  0.9830E-10  0.1080E-09  0.1160E-09  0.1150E-09  0.1050E-09  0.9040E-10  0.8160E-10
  0.1000E+12  0.1590E-30  0.1210E-23  0.5020E-18  0.1040E-13  0.1580E-11  0.3120E-10  0.7690E-10  0.9830E-10  0.1080E-09  0.1160E-09  0.1150E-09  0.1050E-09  0.9040E-10  0.8160E-10
  0.1000E+13  0.1590E-30  0.1210E-23  0.5020E-18  0.1040E-13  0.1580E-11  0.3120E-10  0.7690E-10  0.9830E-10  0.1080E-09  0.1160E-09  0.1150E-09  0.1050E-09  0.9040E-10  0.8160E-10
  0.1000E+14  0.1590E-30  0.1210E-23  0.5020E-18  0.1040E-13  0.1580E-11  0.3120E-10  0.7690E-10  0.9830E-10  0.1080E-09  0.1160E-09  0.1150E-09  0.1050E-09  0.9040E-10  0.8160E-10
  0.1000E+15  0.1590E-30  0.1210E-23  0.5020E-18  0.1040E-13  0.1580E-11  0.3120E-10  0.7690E-10  0.9830E-10  0.1080E-09  0.1160E-09  0.1150E-09  0.1050E-09  0.9040E-10  0.8160E-10
  0.1000E+16  0.1590E-30  0.1210E-23  0.5020E-18  0.1040E-13  0.1580E-11  0.3120E-10  0.7680E-10  0.9830E-10  0.1080E-09  0.1160E-09  0.1150E-09  0.1050E-09  0.9040E-10  0.8160E-10
  0.1000E+17  0.1590E-30  0.1210E-23  0.5020E-18  0.1040E-13  0.1580E-11  0.3120E-10  0.7680E-10  0.9830E-10  0.1080E-09  0.1150E-09  0.1150E-09  0.1050E-09  0.9040E-10  0.8160E-10
WAVELENGTH(A)= 
     7.662
 7 14 t 
excit   
    36.500     54.700     91.200    182.000    365.000    912.000   1820.000   2730.000   3650.000   5470.000   9120.000  18200.000  36500.000  54700.000 
  0.1000E+11  0.3020E-32  0.2980E-25  0.1070E-19  0.1360E-15  0.1290E-13  0.1600E-12  0.3210E-12  0.3810E-12  0.4030E-12  0.4110E-12  0.3860E-12  0.3260E-12  0.2580E-12  0.2200E-12
  0.1000E+12  0.3020E-32  0.2980E-25  0.1070E-19  0.1360E-15  0.1290E-13  0.1600E-12  0.3210E-12  0.3810E-12  0.4030E-12  0.4110E-12  0.3860E-12  0.3260E-12  0.2580E-12  0.2200E-12
  0.1000E+13  0.3020E-32  0.2980E-25  0.1070E-19  0.1360E-15  0.1290E-13  0.1600E-12  0.3210E-12  0.3810E-12  0.4030E-12  0.4110E-12  0.3860E-12  0.3260E-12  0.2580E-12  0.2200E-12
  0.1000E+14  0.3020E-32  0.2980E-25  0.1070E-19  0.1360E-15  0.1290E-13  0.1600E-12  0.3210E-12  0.3810E-12  0.4030E-12  0.4110E-12  0.3860E-12  0.3260E-12  0.2580E-12  0.2200E-12
  0.1000E+15  0.3020E-32  0.2980E-25  0.1070E-19  0.1360E-15  0.1290E-13  0.1600E-12  0.3210E-12  0.3810E-12  0.4030E-12  0.4110E-12  0.3860E-12  0.3260E-12  0.2580E-12  0.2200E-12
  0.1000E+16  0.3020E-32  0.2980E-25  0.1070E-19  0.1360E-15  0.1290E-13  0.1600E-12  0.3210E-12  0.3810E-12  0.4030E-12  0.4110E-12  0.3860E-12  0.3260E-12  0.2580E-12  0.2200E-12
  0.1000E+17  0.3020E-32  0.2980E-25  0.1070E-19  0.1360E-15  0.1290E-13  0.1600E-12  0.3210E-12  0.3810E-12  0.4030E-12  0.4110E-12  0.3860E-12  0.3260E-12  0.2580E-12  0.2200E-12
WAVELENGTH(A)= 
     7.949
 7 14 t 
excit   
    36.500     54.700     91.200    182.000    365.000    912.000   1820.000   2730.000   3650.000   5470.000   9120.000  18200.000  36500.000  54700.000 
  0.1000E+11  0.1370E-31  0.7930E-25  0.1850E-19  0.1700E-15  0.1370E-13  0.1530E-12  0.2900E-12  0.3330E-12  0.3470E-12  0.3420E-12  0.3130E-12  0.2570E-12  0.1980E-12  0.1670E-12
  0.1000E+12  0.1370E-31  0.7930E-25  0.1850E-19  0.1700E-15  0.1370E-13  0.1530E-12  0.2900E-12  0.3330E-12  0.3470E-12  0.3420E-12  0.3130E-12  0.2570E-12  0.1980E-12  0.1670E-12
  0.1000E+13  0.1370E-31  0.7930E-25  0.1850E-19  0.1700E-15  0.1370E-13  0.1530E-12  0.2900E-12  0.3330E-12  0.3470E-12  0.3420E-12  0.3130E-12  0.2570E-12  0.1980E-12  0.1670E-12
  0.1000E+14  0.1370E-31  0.7930E-25  0.1850E-19  0.1700E-15  0.1370E-13  0.1530E-12  0.2900E-12  0.3330E-12  0.3470E-12  0.3420E-12  0.3130E-12  0.2570E-12  0.1980E-12  0.1670E-12
  0.1000E+15  0.1370E-31  0.7930E-25  0.1850E-19  0.1700E-15  0.1370E-13  0.1530E-12  0.2900E-12  0.3330E-12  0.3470E-12  0.3420E-12  0.3130E-12  0.2570E-12  0.1980E-12  0.1670E-12
  0.1000E+16  0.1370E-31  0.7930E-25  0.1850E-19  0.1700E-15  0.1370E-13  0.1530E-12  0.2900E-12  0.3330E-12  0.3470E-12  0.3420E-12  0.3130E-12  0.2570E-12  0.1980E-12  0.1670E-12
  0.1000E+17  0.1370E-31  0.7930E-25  0.1850E-19  0.1700E-15  0.1370E-13  0.1530E-12  0.2900E-12  0.3330E-12  0.3470E-12  0.3420E-12  0.3130E-12  0.2570E-12  0.1980E-12  0.1670E-12
WAVELENGTH(A)= 
     8.300
 7 14 t 
excit   
    36.500     54.700     91.200    182.000    365.000    912.000   1820.000   2730.000   3650.000   5470.000   9120.000  18200.000  36500.000  54700.000 
  0.1000E+11  0.7280E-29  0.5090E-23  0.2230E-18  0.6070E-15  0.2790E-13  0.2320E-12  0.4260E-12  0.5100E-12  0.5560E-12  0.6050E-12  0.6440E-12  0.6600E-12  0.6390E-12  0.6130E-12
  0.1000E+12  0.7280E-29  0.5090E-23  0.2230E-18  0.6070E-15  0.2790E-13  0.2320E-12  0.4260E-12  0.5100E-12  0.5560E-12  0.6050E-12  0.6440E-12  0.6600E-12  0.6390E-12  0.6130E-12
  0.1000E+13  0.7280E-29  0.5090E-23  0.2230E-18  0.6070E-15  0.2790E-13  0.2320E-12  0.4260E-12  0.5100E-12  0.5560E-12  0.6050E-12  0.6440E-12  0.6600E-12  0.6390E-12  0.6130E-12
  0.1000E+14  0.7280E-29  0.5090E-23  0.2230E-18  0.6070E-15  0.2790E-13  0.2320E-12  0.4260E-12  0.5100E-12  0.5560E-12  0.6050E-12  0.6440E-12  0.6600E-12  0.6390E-12  0.6130E-12
  0.1000E+15  0.7280E-29  0.5090E-23  0.2230E-18  0.6070E-15  0.2790E-13  0.2320E-12  0.4260E-12  0.5100E-12  0.5560E-12  0.6050E-12  0.6440E-12  0.6600E-12  0.6390E-12  0.6130E-12
  0.1000E+16  0.7280E-29  0.5090E-23  0.2230E-18  0.6070E-15  0.2790E-13  0.2320E-12  0.4260E-12  0.5100E-12  0.5560E-12  0.6050E-12  0.6440E-12  0.6600E-12  0.6390E-12  0.6130E-12
  0.1000E+17  0.7280E-29  0.5090E-23  0.2230E-18  0.6070E-15  0.2790E-13  0.2320E-12  0.4260E-12  0.5100E-12  0.5560E-12  0.6050E-12  0.6440E-12  0.6600E-12  0.6390E-12  0.6130E-12
WAVELENGTH(A)= 
     8.986
 7 14 t 
excit   
    36.500     54.700     91.200    182.000    365.000    912.000   1820.000   2730.000   3650.000   5470.000   9120.000  18200.000  36500.000  54700.000 
  0.1000E+11  0.4790E-29  0.5350E-23  0.3380E-18  0.1170E-14  0.5900E-13  0.5070E-12  0.9090E-12  0.1050E-11  0.1100E-11  0.1100E-11  0.1040E-11  0.8900E-12  0.7180E-12  0.6220E-12
  0.1000E+12  0.4790E-29  0.5350E-23  0.3380E-18  0.1170E-14  0.5900E-13  0.5070E-12  0.9090E-12  0.1050E-11  0.1100E-11  0.1100E-11  0.1040E-11  0.8900E-12  0.7180E-12  0.6220E-12
  0.1000E+13  0.4790E-29  0.5350E-23  0.3380E-18  0.1170E-14  0.5900E-13  0.5070E-12  0.9090E-12  0.1050E-11  0.1100E-11  0.1100E-11  0.1040E-11  0.8900E-12  0.7180E-12  0.6220E-12
  0.1000E+14  0.4790E-29  0.5350E-23  0.3380E-18  0.1170E-14  0.5900E-13  0.5070E-12  0.9090E-12  0.1050E-11  0.1100E-11  0.1100E-11  0.1040E-11  0.8900E-12  0.7180E-12  0.6220E-12
  0.1000E+15  0.4790E-29  0.5350E-23  0.3380E-18  0.1170E-14  0.5900E-13  0.5070E-12  0.9090E-12  0.1050E-11  0.1100E-11  0.1100E-11  0.1040E-11  0.8900E-12  0.7180E-12  0.6220E-12
  0.1000E+16  0.4790E-29  0.5350E-23  0.3380E-18  0.1170E-14  0.5900E-13  0.5070E-12  0.9090E-12  0.1050E-11  0.1100E-11  0.1100E-11  0.1040E-11  0.8900E-12  0.7180E-12  0.6220E-12
  0.1000E+17  0.4790E-29  0.5350E-23  0.3380E-18  0.1170E-14  0.5900E-13  0.5070E-12  0.9090E-12  0.1050E-11  0.1100E-11  0.1100E-11  0.1040E-11  0.8900E-12  0.7180E-12  0.6220E-12
WAVELENGTH(A)= 
     9.655
 7 14 t 
excit   
    36.500     54.700     91.200    182.000    365.000    912.000   1820.000   2730.000   3650.000   5470.000   9120.000  18200.000  36500.000  54700.000 
  0.1000E+11  0.8730E-28  0.4070E-22  0.1270E-17  0.2580E-14  0.9860E-13  0.7040E-12  0.1160E-11  0.1280E-11  0.1300E-11  0.1260E-11  0.1140E-11  0.9280E-12  0.7180E-12  0.6090E-12
  0.1000E+12  0.8730E-28  0.4070E-22  0.1270E-17  0.2580E-14  0.9860E-13  0.7040E-12  0.1160E-11  0.1280E-11  0.1300E-11  0.1260E-11  0.1140E-11  0.9280E-12  0.7180E-12  0.6090E-12
  0.1000E+13  0.8730E-28  0.4070E-22  0.1270E-17  0.2580E-14  0.9860E-13  0.7040E-12  0.1160E-11  0.1280E-11  0.1300E-11  0.1260E-11  0.1140E-11  0.9280E-12  0.7180E-12  0.6090E-12
  0.1000E+14  0.8730E-28  0.4070E-22  0.1270E-17  0.2580E-14  0.9860E-13  0.7040E-12  0.1160E-11  0.1280E-11  0.1300E-11  0.1260E-11  0.1140E-11  0.9280E-12  0.7180E-12  0.6090E-12
  0.1000E+15  0.8730E-28  0.4070E-22  0.1270E-17  0.2580E-14  0.9860E-13  0.7040E-12  0.1160E-11  0.1280E-11  0.1300E-11  0.1260E-11  0.1140E-11  0.9280E-12  0.7180E-12  0.6090E-12
  0.1000E+16  0.8730E-28  0.4070E-22  0.1270E-17  0.2580E-14  0.9860E-13  0.7040E-12  0.1160E-11  0.1280E-11  0.1300E-11  0.1260E-11  0.1140E-11  0.9280E-12  0.7180E-12  0.6090E-12
  0.1000E+17  0.8730E-28  0.4070E-22  0.1270E-17  0.2580E-14  0.9860E-13  0.7040E-12  0.1160E-11  0.1280E-11  0.1300E-11  0.1260E-11  0.1140E-11  0.9280E-12  0.7180E-12  0.6090E-12
WAVELENGTH(A)= 
    10.952
 7 14 t 
excit   
    36.500     54.700     91.200    182.000    365.000    912.000   1820.000   2730.000   3650.000   5470.000   9120.000  18200.000  36500.000  54700.000 
  0.1000E+11  0.5160E-29  0.3600E-23  0.1580E-18  0.4300E-15  0.1980E-13  0.1650E-12  0.3020E-12  0.3610E-12  0.3940E-12  0.4290E-12  0.4560E-12  0.4680E-12  0.4530E-12  0.4340E-12
  0.1000E+12  0.5160E-29  0.3600E-23  0.1580E-18  0.4300E-15  0.1980E-13  0.1650E-12  0.3020E-12  0.3610E-12  0.3940E-12  0.4290E-12  0.4560E-12  0.4680E-12  0.4530E-12  0.4340E-12
  0.1000E+13  0.5160E-29  0.3600E-23  0.1580E-18  0.4300E-15  0.1980E-13  0.1650E-12  0.3020E-12  0.3610E-12  0.3940E-12  0.4290E-12  0.4560E-12  0.4680E-12  0.4530E-12  0.4340E-12
  0.1000E+14  0.5160E-29  0.3600E-23  0.1580E-18  0.4300E-15  0.1980E-13  0.1650E-12  0.3020E-12  0.3610E-12  0.3940E-12  0.4290E-12  0.4560E-12  0.4680E-12  0.4530E-12  0.4340E-12
  0.1000E+15  0.5160E-29  0.3600E-23  0.1580E-18  0.4300E-15  0.1980E-13  0.1650E-12  0.3020E-12  0.3610E-12  0.3940E-12  0.4290E-12  0.4560E-12  0.4680E-12  0.4530E-12  0.4340E-12
  0.1000E+16  0.5160E-29  0.3600E-23  0.1580E-18  0.4300E-15  0.1980E-13  0.1650E-12  0.3020E-12  0.3610E-12  0.3940E-12  0.4290E-12  0.4560E-12  0.4680E-12  0.4530E-12  0.4340E-12
  0.1000E+17  0.5160E-29  0.3610E-23  0.1580E-18  0.4300E-15  0.1980E-13  0.1650E-12  0.3020E-12  0.3610E-12  0.3940E-12  0.4290E-12  0.4560E-12  0.4680E-12  0.4530E-12  0.4340E-12
WAVELENGTH(A)= 
    11.774
 7 14 t 
excit   
    36.500     54.700     91.200    182.000    365.000    912.000   1820.000   2730.000   3650.000   5470.000   9120.000  18200.000  36500.000  54700.000 
  0.1000E+11  0.1000E-73  0.1070E-35  0.8830E-26  0.2070E-18  0.8510E-15  0.9800E-13  0.4020E-12  0.5940E-12  0.6990E-12  0.7800E-12  0.7920E-12  0.6990E-12  0.5660E-12  0.4870E-12
  0.1000E+12  0.1000E-73  0.1070E-35  0.8830E-26  0.2070E-18  0.8510E-15  0.9800E-13  0.4020E-12  0.5940E-12  0.6990E-12  0.7800E-12  0.7920E-12  0.6990E-12  0.5660E-12  0.4870E-12
  0.1000E+13  0.1000E-73  0.1070E-35  0.8830E-26  0.2070E-18  0.8510E-15  0.9800E-13  0.4020E-12  0.5940E-12  0.6990E-12  0.7800E-12  0.7920E-12  0.6990E-12  0.5660E-12  0.4870E-12
  0.1000E+14  0.1000E-73  0.1070E-35  0.8830E-26  0.2070E-18  0.8510E-15  0.9800E-13  0.4020E-12  0.5940E-12  0.6990E-12  0.7800E-12  0.7920E-12  0.6990E-12  0.5660E-12  0.4870E-12
  0.1000E+15  0.1000E-73  0.1070E-35  0.8830E-26  0.2070E-18  0.8510E-15  0.9800E-13  0.4020E-12  0.5940E-12  0.6990E-12  0.7800E-12  0.7920E-12  0.6990E-12  0.5660E-12  0.4870E-12
  0.1000E+16  0.1000E-73  0.1070E-35  0.8830E-26  0.2070E-18  0.8510E-15  0.9800E-13  0.4020E-12  0.5940E-12  0.6990E-12  0.7800E-12  0.7920E-12  0.6990E-12  0.5660E-12  0.4870E-12
  0.1000E+17  0.4260E-48  0.1070E-35  0.8830E-26  0.2070E-18  0.8510E-15  0.9800E-13  0.4020E-12  0.5940E-12  0.6990E-12  0.7800E-12  0.7920E-12  0.6990E-12  0.5660E-12  0.4870E-12
WAVELENGTH(A)= 
    11.843
 7 14 t 
excit   
    36.500     54.700     91.200    182.000    365.000    912.000   1820.000   2730.000   3650.000   5470.000   9120.000  18200.000  36500.000  54700.000 
  0.1000E+11  0.8100E-23  0.9500E-19  0.1570E-15  0.3600E-13  0.4960E-12  0.2120E-11  0.3200E-11  0.3610E-11  0.3840E-11  0.4040E-11  0.4210E-11  0.4200E-11  0.4010E-11  0.3810E-11
  0.1000E+12  0.8100E-23  0.9500E-19  0.1570E-15  0.3600E-13  0.4960E-12  0.2120E-11  0.3200E-11  0.3610E-11  0.3840E-11  0.4040E-11  0.4210E-11  0.4200E-11  0.4010E-11  0.3810E-11
  0.1000E+13  0.8100E-23  0.9500E-19  0.1570E-15  0.3600E-13  0.4960E-12  0.2120E-11  0.3200E-11  0.3610E-11  0.3840E-11  0.4040E-11  0.4210E-11  0.4200E-11  0.4010E-11  0.3810E-11
  0.1000E+14  0.8100E-23  0.9500E-19  0.1570E-15  0.3600E-13  0.4960E-12  0.2120E-11  0.3200E-11  0.3610E-11  0.3840E-11  0.4040E-11  0.4210E-11  0.4200E-11  0.4010E-11  0.3810E-11
  0.1000E+15  0.8100E-23  0.9500E-19  0.1570E-15  0.3600E-13  0.4960E-12  0.2120E-11  0.3200E-11  0.3610E-11  0.3840E-11  0.4040E-11  0.4210E-11  0.4200E-11  0.4010E-11  0.3810E-11
  0.1000E+16  0.8100E-23  0.9500E-19  0.1570E-15  0.3600E-13  0.4960E-12  0.2120E-11  0.3200E-11  0.3610E-11  0.3840E-11  0.4040E-11  0.4210E-11  0.4200E-11  0.4010E-11  0.3810E-11
  0.1000E+17  0.8110E-23  0.9510E-19  0.1570E-15  0.3610E-13  0.4960E-12  0.2120E-11  0.3200E-11  0.3610E-11  0.3840E-11  0.4040E-11  0.4210E-11  0.4200E-11  0.4010E-11  0.3810E-11
WAVELENGTH(A)= 
    12.549
 7 14 t 
excit   
    36.500     54.700     91.200    182.000    365.000    912.000   1820.000   2730.000   3650.000   5470.000   9120.000  18200.000  36500.000  54700.000 
  0.1000E+11  0.1000E-73  0.2140E-31  0.7540E-23  0.1670E-16  0.2100E-13  0.1190E-11  0.3820E-11  0.5220E-11  0.5860E-11  0.6260E-11  0.6100E-11  0.5200E-11  0.4090E-11  0.3480E-11
  0.1000E+12  0.4030E-42  0.2140E-31  0.7540E-23  0.1670E-16  0.2100E-13  0.1190E-11  0.3820E-11  0.5220E-11  0.5860E-11  0.6260E-11  0.6100E-11  0.5200E-11  0.4090E-11  0.3480E-11
  0.1000E+13  0.3950E-42  0.2140E-31  0.7540E-23  0.1670E-16  0.2100E-13  0.1190E-11  0.3820E-11  0.5220E-11  0.5860E-11  0.6260E-11  0.6100E-11  0.5200E-11  0.4090E-11  0.3480E-11
  0.1000E+14  0.3930E-42  0.2140E-31  0.7540E-23  0.1670E-16  0.2100E-13  0.1190E-11  0.3820E-11  0.5220E-11  0.5860E-11  0.6260E-11  0.6100E-11  0.5200E-11  0.4090E-11  0.3480E-11
  0.1000E+15  0.3930E-42  0.2140E-31  0.7540E-23  0.1670E-16  0.2100E-13  0.1190E-11  0.3820E-11  0.5220E-11  0.5860E-11  0.6260E-11  0.6100E-11  0.5200E-11  0.4090E-11  0.3480E-11
  0.1000E+16  0.3930E-42  0.2140E-31  0.7540E-23  0.1670E-16  0.2100E-13  0.1190E-11  0.3820E-11  0.5220E-11  0.5860E-11  0.6260E-11  0.6100E-11  0.5200E-11  0.4090E-11  0.3480E-11
  0.1000E+17  0.3930E-42  0.2140E-31  0.7540E-23  0.1670E-16  0.2100E-13  0.1190E-11  0.3820E-11  0.5220E-11  0.5860E-11  0.6260E-11  0.6100E-11  0.5200E-11  0.4090E-11  0.3480E-11
WAVELENGTH(A)= 
    12.566
 7 14 t 
excit   
    36.500     54.700     91.200    182.000    365.000    912.000   1820.000   2730.000   3650.000   5470.000   9120.000  18200.000  36500.000  54700.000 
  0.1000E+11  0.1000E-73  0.4060E-36  0.6620E-26  0.2600E-18  0.1390E-14  0.1930E-12  0.8820E-12  0.1420E-11  0.1800E-11  0.2250E-11  0.2710E-11  0.3090E-11  0.3220E-11  0.3190E-11
  0.1000E+12  0.1000E-73  0.4060E-36  0.6620E-26  0.2600E-18  0.1390E-14  0.1930E-12  0.8820E-12  0.1420E-11  0.1800E-11  0.2250E-11  0.2710E-11  0.3090E-11  0.3220E-11  0.3190E-11
  0.1000E+13  0.1000E-73  0.4060E-36  0.6620E-26  0.2600E-18  0.1390E-14  0.1930E-12  0.8820E-12  0.1420E-11  0.1800E-11  0.2250E-11  0.2710E-11  0.3090E-11  0.3220E-11  0.3190E-11
  0.1000E+14  0.1000E-73  0.4060E-36  0.6620E-26  0.2600E-18  0.1390E-14  0.1930E-12  0.8820E-12  0.1420E-11  0.1800E-11  0.2250E-11  0.2710E-11  0.3090E-11  0.3220E-11  0.3190E-11
  0.1000E+15  0.1000E-73  0.4060E-36  0.6620E-26  0.2600E-18  0.1390E-14  0.1930E-12  0.8820E-12  0.1420E-11  0.1800E-11  0.2250E-11  0.2710E-11  0.3090E-11  0.3220E-11  0.3190E-11
  0.1000E+16  0.1000E-73  0.4060E-36  0.6620E-26  0.2600E-18  0.1390E-14  0.1930E-12  0.8820E-12  0.1420E-11  0.1800E-11  0.2250E-11  0.2710E-11  0.3090E-11  0.3220E-11  0.3190E-11
  0.1000E+17  0.1000E-73  0.4060E-36  0.6620E-26  0.2600E-18  0.1390E-14  0.1930E-12  0.8810E-12  0.1420E-11  0.1800E-11  0.2250E-11  0.2710E-11  0.3090E-11  0.3220E-11  0.3190E-11
WAVELENGTH(A)= 
    12.724
 7 14 t 
excit   
    36.500     54.700     91.200    182.000    365.000    912.000   1820.000   2730.000   3650.000   5470.000   9120.000  18200.000  36500.000  54700.000 
  0.1000E+11  0.1020E-23  0.2790E-19  0.9090E-16  0.3420E-13  0.5790E-12  0.2680E-11  0.4010E-11  0.4400E-11  0.4510E-11  0.4470E-11  0.4170E-11  0.3580E-11  0.2900E-11  0.2550E-11
  0.1000E+12  0.1020E-23  0.2790E-19  0.9090E-16  0.3420E-13  0.5790E-12  0.2680E-11  0.4010E-11  0.4400E-11  0.4510E-11  0.4470E-11  0.4170E-11  0.3580E-11  0.2900E-11  0.2550E-11
  0.1000E+13  0.1020E-23  0.2790E-19  0.9090E-16  0.3420E-13  0.5790E-12  0.2680E-11  0.4010E-11  0.4400E-11  0.4510E-11  0.4470E-11  0.4170E-11  0.3580E-11  0.2900E-11  0.2550E-11
  0.1000E+14  0.1020E-23  0.2790E-19  0.9090E-16  0.3420E-13  0.5790E-12  0.2680E-11  0.4010E-11  0.4400E-11  0.4510E-11  0.4470E-11  0.4170E-11  0.3580E-11  0.2900E-11  0.2550E-11
  0.1000E+15  0.1020E-23  0.2790E-19  0.9090E-16  0.3420E-13  0.5790E-12  0.2680E-11  0.4010E-11  0.4400E-11  0.4510E-11  0.4470E-11  0.4170E-11  0.3580E-11  0.2900E-11  0.2550E-11
  0.1000E+16  0.1020E-23  0.2790E-19  0.9090E-16  0.3420E-13  0.5790E-12  0.2680E-11  0.4010E-11  0.4400E-11  0.4510E-11  0.4470E-11  0.4170E-11  0.3580E-11  0.2900E-11  0.2550E-11
  0.1000E+17  0.1020E-23  0.2790E-19  0.9090E-16  0.3420E-13  0.5790E-12  0.2680E-11  0.4010E-11  0.4400E-11  0.4510E-11  0.4470E-11  0.4170E-11  0.3580E-11  0.2900E-11  0.2550E-11
WAVELENGTH(A)= 
    14.308
 7 14 t 
excit   
    36.500     54.700     91.200    182.000    365.000    912.000   1820.000   2730.000   3650.000   5470.000   9120.000  18200.000  36500.000  54700.000 
  0.1000E+11  0.1000E-73  0.1750E-31  0.1090E-22  0.3680E-16  0.5780E-13  0.3850E-11  0.1350E-10  0.1950E-10  0.2300E-10  0.2640E-10  0.2850E-10  0.2870E-10  0.2680E-10  0.2510E-10
  0.1000E+12  0.1670E-42  0.1750E-31  0.1090E-22  0.3680E-16  0.5780E-13  0.3850E-11  0.1350E-10  0.1950E-10  0.2300E-10  0.2640E-10  0.2850E-10  0.2870E-10  0.2680E-10  0.2510E-10
  0.1000E+13  0.1670E-42  0.1750E-31  0.1090E-22  0.3680E-16  0.5780E-13  0.3850E-11  0.1350E-10  0.1950E-10  0.2300E-10  0.2640E-10  0.2850E-10  0.2870E-10  0.2680E-10  0.2510E-10
  0.1000E+14  0.1580E-42  0.1750E-31  0.1090E-22  0.3680E-16  0.5780E-13  0.3850E-11  0.1350E-10  0.1950E-10  0.2300E-10  0.2640E-10  0.2850E-10  0.2870E-10  0.2680E-10  0.2510E-10
  0.1000E+15  0.1590E-42  0.1750E-31  0.1090E-22  0.3680E-16  0.5780E-13  0.3850E-11  0.1350E-10  0.1950E-10  0.2300E-10  0.2640E-10  0.2850E-10  0.2870E-10  0.2680E-10  0.2510E-10
  0.1000E+16  0.1590E-42  0.1750E-31  0.1090E-22  0.3680E-16  0.5780E-13  0.3850E-11  0.1350E-10  0.1950E-10  0.2300E-10  0.2640E-10  0.2850E-10  0.2870E-10  0.2680E-10  0.2510E-10
  0.1000E+17  0.1590E-42  0.1750E-31  0.1090E-22  0.3680E-16  0.5780E-13  0.3850E-11  0.1350E-10  0.1950E-10  0.2300E-10  0.2640E-10  0.2850E-10  0.2870E-10  0.2680E-10  0.2510E-10
WAVELENGTH(A)= 
    14.320
 7 14 t 
excit   
    36.500     54.700     91.200    182.000    365.000    912.000   1820.000   2730.000   3650.000   5470.000   9120.000  18200.000  36500.000  54700.000 
  0.1000E+11  0.1000E-73  0.2920E-36  0.8360E-26  0.4980E-18  0.3240E-14  0.4940E-12  0.2190E-11  0.3320E-11  0.3940E-11  0.4430E-11  0.4490E-11  0.3930E-11  0.3130E-11  0.2680E-11
  0.1000E+12  0.1000E-73  0.2920E-36  0.8360E-26  0.4980E-18  0.3240E-14  0.4940E-12  0.2190E-11  0.3320E-11  0.3940E-11  0.4430E-11  0.4490E-11  0.3930E-11  0.3130E-11  0.2680E-11
  0.1000E+13  0.1000E-73  0.2920E-36  0.8360E-26  0.4980E-18  0.3240E-14  0.4940E-12  0.2190E-11  0.3320E-11  0.3940E-11  0.4430E-11  0.4490E-11  0.3930E-11  0.3130E-11  0.2680E-11
  0.1000E+14  0.1000E-73  0.2920E-36  0.8360E-26  0.4980E-18  0.3240E-14  0.4940E-12  0.2190E-11  0.3320E-11  0.3940E-11  0.4430E-11  0.4490E-11  0.3930E-11  0.3130E-11  0.2680E-11
  0.1000E+15  0.1000E-73  0.2920E-36  0.8360E-26  0.4980E-18  0.3240E-14  0.4940E-12  0.2190E-11  0.3320E-11  0.3940E-11  0.4430E-11  0.4490E-11  0.3930E-11  0.3130E-11  0.2680E-11
  0.1000E+16  0.1000E-73  0.2920E-36  0.8360E-26  0.4980E-18  0.3240E-14  0.4940E-12  0.2190E-11  0.3320E-11  0.3940E-11  0.4430E-11  0.4490E-11  0.3930E-11  0.3130E-11  0.2680E-11
  0.1000E+17  0.1000E-73  0.2920E-36  0.8360E-26  0.4980E-18  0.3240E-14  0.4940E-12  0.2190E-11  0.3320E-11  0.3940E-11  0.4430E-11  0.4490E-11  0.3930E-11  0.3130E-11  0.2680E-11
WAVELENGTH(A)= 
    15.247
 7 14 t 
excit   
    36.500     54.700     91.200    182.000    365.000    912.000   1820.000   2730.000   3650.000   5470.000   9120.000  18200.000  36500.000  54700.000 
  0.1000E+11  0.1000E-73  0.2590E-35  0.1210E-25  0.1850E-18  0.6180E-15  0.6440E-13  0.2650E-12  0.4080E-12  0.4970E-12  0.6040E-12  0.6970E-12  0.7650E-12  0.7750E-12  0.7560E-12
  0.1000E+12  0.1000E-73  0.2590E-35  0.1210E-25  0.1850E-18  0.6180E-15  0.6440E-13  0.2650E-12  0.4080E-12  0.4970E-12  0.6040E-12  0.6970E-12  0.7650E-12  0.7750E-12  0.7560E-12
  0.1000E+13  0.1000E-73  0.2590E-35  0.1210E-25  0.1850E-18  0.6180E-15  0.6440E-13  0.2650E-12  0.4080E-12  0.4970E-12  0.6040E-12  0.6970E-12  0.7650E-12  0.7750E-12  0.7560E-12
  0.1000E+14  0.1000E-73  0.2590E-35  0.1210E-25  0.1850E-18  0.6180E-15  0.6440E-13  0.2650E-12  0.4080E-12  0.4970E-12  0.6040E-12  0.6970E-12  0.7650E-12  0.7750E-12  0.7560E-12
  0.1000E+15  0.1000E-73  0.2590E-35  0.1210E-25  0.1850E-18  0.6180E-15  0.6440E-13  0.2650E-12  0.4080E-12  0.4970E-12  0.6040E-12  0.6970E-12  0.7650E-12  0.7750E-12  0.7560E-12
  0.1000E+16  0.1000E-73  0.2590E-35  0.1210E-25  0.1850E-18  0.6180E-15  0.6440E-13  0.2650E-12  0.4080E-12  0.4970E-12  0.6040E-12  0.6970E-12  0.7650E-12  0.7750E-12  0.7560E-12
  0.1000E+17  0.1400E-47  0.2590E-35  0.1210E-25  0.1850E-18  0.6180E-15  0.6440E-13  0.2650E-12  0.4080E-12  0.4970E-12  0.6040E-12  0.6970E-12  0.7650E-12  0.7750E-12  0.7560E-12
WAVELENGTH(A)= 
    15.465
 7 14 t 
excit   
    36.500     54.700     91.200    182.000    365.000    912.000   1820.000   2730.000   3650.000   5470.000   9120.000  18200.000  36500.000  54700.000 
  0.1000E+11  0.4180E-21  0.2370E-17  0.2180E-14  0.3140E-12  0.3230E-11  0.1070E-10  0.1390E-10  0.1430E-10  0.1400E-10  0.1320E-10  0.1160E-10  0.9260E-11  0.7140E-11  0.6060E-11
  0.1000E+12  0.4180E-21  0.2370E-17  0.2180E-14  0.3140E-12  0.3230E-11  0.1070E-10  0.1390E-10  0.1430E-10  0.1400E-10  0.1320E-10  0.1160E-10  0.9260E-11  0.7140E-11  0.6060E-11
  0.1000E+13  0.4180E-21  0.2370E-17  0.2180E-14  0.3140E-12  0.3230E-11  0.1070E-10  0.1390E-10  0.1430E-10  0.1400E-10  0.1320E-10  0.1160E-10  0.9260E-11  0.7140E-11  0.6060E-11
  0.1000E+14  0.4180E-21  0.2370E-17  0.2180E-14  0.3140E-12  0.3230E-11  0.1070E-10  0.1390E-10  0.1430E-10  0.1400E-10  0.1320E-10  0.1160E-10  0.9260E-11  0.7140E-11  0.6060E-11
  0.1000E+15  0.4180E-21  0.2370E-17  0.2180E-14  0.3140E-12  0.3230E-11  0.1070E-10  0.1390E-10  0.1430E-10  0.1400E-10  0.1320E-10  0.1160E-10  0.9260E-11  0.7140E-11  0.6060E-11
  0.1000E+16  0.4180E-21  0.2370E-17  0.2180E-14  0.3140E-12  0.3230E-11  0.1070E-10  0.1390E-10  0.1430E-10  0.1400E-10  0.1320E-10  0.1160E-10  0.9260E-11  0.7140E-11  0.6060E-11
  0.1000E+17  0.4180E-21  0.2370E-17  0.2180E-14  0.3140E-12  0.3230E-11  0.1070E-10  0.1390E-10  0.1430E-10  0.1400E-10  0.1320E-10  0.1160E-10  0.9260E-11  0.7140E-11  0.6060E-11
WAVELENGTH(A)= 
    16.879
 7 14 t 
excit   
    36.500     54.700     91.200    182.000    365.000    912.000   1820.000   2730.000   3650.000   5470.000   9120.000  18200.000  36500.000  54700.000 
  0.1000E+11  0.1000E-73  0.1950E-32  0.1640E-23  0.6980E-17  0.1220E-13  0.8470E-12  0.2970E-11  0.4240E-11  0.4910E-11  0.5460E-11  0.5570E-11  0.5060E-11  0.4180E-11  0.3630E-11
  0.1000E+12  0.1000E-73  0.1950E-32  0.1640E-23  0.6980E-17  0.1220E-13  0.8470E-12  0.2970E-11  0.4240E-11  0.4910E-11  0.5460E-11  0.5570E-11  0.5060E-11  0.4180E-11  0.3630E-11
  0.1000E+13  0.1000E-73  0.1950E-32  0.1640E-23  0.6980E-17  0.1220E-13  0.8470E-12  0.2970E-11  0.4240E-11  0.4910E-11  0.5460E-11  0.5570E-11  0.5060E-11  0.4180E-11  0.3630E-11
  0.1000E+14  0.1240E-43  0.1950E-32  0.1640E-23  0.6980E-17  0.1220E-13  0.8470E-12  0.2970E-11  0.4240E-11  0.4910E-11  0.5460E-11  0.5570E-11  0.5060E-11  0.4180E-11  0.3630E-11
  0.1000E+15  0.1210E-43  0.1950E-32  0.1640E-23  0.6980E-17  0.1220E-13  0.8470E-12  0.2970E-11  0.4240E-11  0.4910E-11  0.5460E-11  0.5570E-11  0.5060E-11  0.4180E-11  0.3630E-11
  0.1000E+16  0.1220E-43  0.1950E-32  0.1640E-23  0.6980E-17  0.1220E-13  0.8470E-12  0.2970E-11  0.4240E-11  0.4910E-11  0.5460E-11  0.5570E-11  0.5060E-11  0.4180E-11  0.3630E-11
  0.1000E+17  0.1220E-43  0.1950E-32  0.1640E-23  0.6980E-17  0.1220E-13  0.8470E-12  0.2970E-11  0.4240E-11  0.4910E-11  0.5460E-11  0.5570E-11  0.5060E-11  0.4180E-11  0.3630E-11
WAVELENGTH(A)= 
    17.822
 7 14 t 
excit   
    36.500     54.700     91.200    182.000    365.000    912.000   1820.000   2730.000   3650.000   5470.000   9120.000  18200.000  36500.000  54700.000 
  0.1000E+11  0.4430E-42  0.1540E-31  0.2850E-23  0.4300E-17  0.5500E-14  0.3800E-12  0.1370E-11  0.1980E-11  0.2300E-11  0.2580E-11  0.2680E-11  0.2500E-11  0.2180E-11  0.1970E-11
  0.1000E+12  0.6640E-42  0.1540E-31  0.2850E-23  0.4300E-17  0.5500E-14  0.3800E-12  0.1370E-11  0.1980E-11  0.2300E-11  0.2580E-11  0.2680E-11  0.2500E-11  0.2180E-11  0.1970E-11
  0.1000E+13  0.6550E-42  0.1540E-31  0.2850E-23  0.4300E-17  0.5500E-14  0.3800E-12  0.1370E-11  0.1980E-11  0.2300E-11  0.2580E-11  0.2680E-11  0.2500E-11  0.2180E-11  0.1970E-11
  0.1000E+14  0.6570E-42  0.1540E-31  0.2850E-23  0.4300E-17  0.5500E-14  0.3800E-12  0.1370E-11  0.1980E-11  0.2300E-11  0.2580E-11  0.2680E-11  0.2500E-11  0.2180E-11  0.1970E-11
  0.1000E+15  0.6570E-42  0.1540E-31  0.2850E-23  0.4300E-17  0.5500E-14  0.3800E-12  0.1370E-11  0.1980E-11  0.2300E-11  0.2580E-11  0.2680E-11  0.2500E-11  0.2180E-11  0.1970E-11
  0.1000E+16  0.6570E-42  0.1540E-31  0.2850E-23  0.4300E-17  0.5500E-14  0.3800E-12  0.1370E-11  0.1980E-11  0.2300E-11  0.2580E-11  0.2680E-11  0.2500E-11  0.2180E-11  0.1970E-11
  0.1000E+17  0.6570E-42  0.1540E-31  0.2850E-23  0.4300E-17  0.5500E-14  0.3800E-12  0.1370E-11  0.1980E-11  0.2300E-11  0.2580E-11  0.2680E-11  0.2500E-11  0.2180E-11  0.1970E-11
WAVELENGTH(A)= 
    17.833
 7 14 t 
excit   
    36.500     54.700     91.200    182.000    365.000    912.000   1820.000   2730.000   3650.000   5470.000   9120.000  18200.000  36500.000  54700.000 
  0.1000E+11  0.1000E-73  0.2230E-35  0.1840E-25  0.4310E-18  0.1770E-14  0.2040E-12  0.8350E-12  0.1240E-11  0.1450E-11  0.1620E-11  0.1650E-11  0.1450E-11  0.1180E-11  0.1010E-11
  0.1000E+12  0.1000E-73  0.2230E-35  0.1840E-25  0.4310E-18  0.1770E-14  0.2040E-12  0.8350E-12  0.1240E-11  0.1450E-11  0.1620E-11  0.1650E-11  0.1450E-11  0.1180E-11  0.1010E-11
  0.1000E+13  0.1000E-73  0.2230E-35  0.1840E-25  0.4310E-18  0.1770E-14  0.2040E-12  0.8350E-12  0.1240E-11  0.1450E-11  0.1620E-11  0.1650E-11  0.1450E-11  0.1180E-11  0.1010E-11
  0.1000E+14  0.1000E-73  0.2230E-35  0.1840E-25  0.4310E-18  0.1770E-14  0.2040E-12  0.8350E-12  0.1240E-11  0.1450E-11  0.1620E-11  0.1650E-11  0.1450E-11  0.1180E-11  0.1010E-11
  0.1000E+15  0.1000E-73  0.2230E-35  0.1840E-25  0.4310E-18  0.1770E-14  0.2040E-12  0.8350E-12  0.1240E-11  0.1450E-11  0.1620E-11  0.1650E-11  0.1450E-11  0.1180E-11  0.1010E-11
  0.1000E+16  0.1000E-73  0.2230E-35  0.1840E-25  0.4310E-18  0.1770E-14  0.2040E-12  0.8350E-12  0.1240E-11  0.1450E-11  0.1620E-11  0.1650E-11  0.1450E-11  0.1180E-11  0.1010E-11
  0.1000E+17  0.8860E-48  0.2230E-35  0.1840E-25  0.4310E-18  0.1770E-14  0.2040E-12  0.8350E-12  0.1240E-11  0.1450E-11  0.1620E-11  0.1650E-11  0.1450E-11  0.1180E-11  0.1010E-11
WAVELENGTH(A)= 
    18.099
 7 14 t 
excit   
    36.500     54.700     91.200    182.000    365.000    912.000   1820.000   2730.000   3650.000   5470.000   9120.000  18200.000  36500.000  54700.000 
  0.1000E+11  0.8510E-23  0.9980E-19  0.1650E-15  0.3790E-13  0.5210E-12  0.2230E-11  0.3360E-11  0.3790E-11  0.4040E-11  0.4250E-11  0.4420E-11  0.4410E-11  0.4210E-11  0.4000E-11
  0.1000E+12  0.8510E-23  0.9980E-19  0.1650E-15  0.3790E-13  0.5210E-12  0.2230E-11  0.3360E-11  0.3790E-11  0.4040E-11  0.4250E-11  0.4420E-11  0.4410E-11  0.4210E-11  0.4000E-11
  0.1000E+13  0.8510E-23  0.9980E-19  0.1650E-15  0.3790E-13  0.5210E-12  0.2230E-11  0.3360E-11  0.3790E-11  0.4040E-11  0.4250E-11  0.4420E-11  0.4410E-11  0.4210E-11  0.4000E-11
  0.1000E+14  0.8510E-23  0.9980E-19  0.1650E-15  0.3790E-13  0.5210E-12  0.2230E-11  0.3360E-11  0.3790E-11  0.4040E-11  0.4250E-11  0.4420E-11  0.4410E-11  0.4210E-11  0.4000E-11
  0.1000E+15  0.8510E-23  0.9980E-19  0.1650E-15  0.3790E-13  0.5210E-12  0.2230E-11  0.3360E-11  0.3790E-11  0.4040E-11  0.4250E-11  0.4420E-11  0.4410E-11  0.4210E-11  0.4000E-11
  0.1000E+16  0.8510E-23  0.9980E-19  0.1650E-15  0.3790E-13  0.5210E-12  0.2230E-11  0.3360E-11  0.3790E-11  0.4040E-11  0.4250E-11  0.4420E-11  0.4410E-11  0.4210E-11  0.4000E-11
  0.1000E+17  0.8520E-23  0.9990E-19  0.1650E-15  0.3790E-13  0.5220E-12  0.2230E-11  0.3360E-11  0.3790E-11  0.4040E-11  0.4250E-11  0.4420E-11  0.4410E-11  0.4210E-11  0.4000E-11
WAVELENGTH(A)= 
    18.268
 7 14 t 
excit   
    36.500     54.700     91.200    182.000    365.000    912.000   1820.000   2730.000   3650.000   5470.000   9120.000  18200.000  36500.000  54700.000 
  0.1000E+11  0.9620E-32  0.5560E-25  0.1300E-19  0.1190E-15  0.9620E-14  0.1070E-12  0.2030E-12  0.2340E-12  0.2430E-12  0.2400E-12  0.2200E-12  0.1800E-12  0.1390E-12  0.1170E-12
  0.1000E+12  0.9620E-32  0.5560E-25  0.1300E-19  0.1190E-15  0.9620E-14  0.1070E-12  0.2030E-12  0.2340E-12  0.2430E-12  0.2400E-12  0.2200E-12  0.1800E-12  0.1390E-12  0.1170E-12
  0.1000E+13  0.9620E-32  0.5560E-25  0.1300E-19  0.1190E-15  0.9620E-14  0.1070E-12  0.2030E-12  0.2340E-12  0.2430E-12  0.2400E-12  0.2200E-12  0.1800E-12  0.1390E-12  0.1170E-12
  0.1000E+14  0.9620E-32  0.5560E-25  0.1300E-19  0.1190E-15  0.9620E-14  0.1070E-12  0.2030E-12  0.2340E-12  0.2430E-12  0.2400E-12  0.2200E-12  0.1800E-12  0.1390E-12  0.1170E-12
  0.1000E+15  0.9620E-32  0.5560E-25  0.1300E-19  0.1190E-15  0.9620E-14  0.1070E-12  0.2030E-12  0.2340E-12  0.2430E-12  0.2400E-12  0.2200E-12  0.1800E-12  0.1390E-12  0.1170E-12
  0.1000E+16  0.9620E-32  0.5560E-25  0.1300E-19  0.1190E-15  0.9620E-14  0.1070E-12  0.2030E-12  0.2340E-12  0.2430E-12  0.2400E-12  0.2200E-12  0.1800E-12  0.1390E-12  0.1170E-12
  0.1000E+17  0.9620E-32  0.5560E-25  0.1300E-19  0.1190E-15  0.9620E-14  0.1070E-12  0.2030E-12  0.2340E-12  0.2430E-12  0.2400E-12  0.2200E-12  0.1800E-12  0.1390E-12  0.1170E-12
WAVELENGTH(A)= 
    20.142
 7 14 t 
excit   
    36.500     54.700     91.200    182.000    365.000    912.000   1820.000   2730.000   3650.000   5470.000   9120.000  18200.000  36500.000  54700.000 
  0.1000E+11  0.1000E-73  0.3060E-32  0.1080E-23  0.2390E-17  0.3010E-14  0.1710E-12  0.5470E-12  0.7470E-12  0.8390E-12  0.8970E-12  0.8740E-12  0.7440E-12  0.5860E-12  0.4990E-12
  0.1000E+12  0.5770E-43  0.3060E-32  0.1080E-23  0.2390E-17  0.3010E-14  0.1710E-12  0.5470E-12  0.7470E-12  0.8390E-12  0.8970E-12  0.8740E-12  0.7440E-12  0.5860E-12  0.4990E-12
  0.1000E+13  0.5660E-43  0.3060E-32  0.1080E-23  0.2390E-17  0.3010E-14  0.1710E-12  0.5470E-12  0.7470E-12  0.8390E-12  0.8970E-12  0.8740E-12  0.7440E-12  0.5860E-12  0.4990E-12
  0.1000E+14  0.5630E-43  0.3060E-32  0.1080E-23  0.2390E-17  0.3010E-14  0.1710E-12  0.5470E-12  0.7470E-12  0.8390E-12  0.8970E-12  0.8740E-12  0.7440E-12  0.5860E-12  0.4990E-12
  0.1000E+15  0.5640E-43  0.3060E-32  0.1080E-23  0.2390E-17  0.3010E-14  0.1710E-12  0.5470E-12  0.7470E-12  0.8390E-12  0.8970E-12  0.8740E-12  0.7440E-12  0.5860E-12  0.4990E-12
  0.1000E+16  0.5640E-43  0.3060E-32  0.1080E-23  0.2390E-17  0.3010E-14  0.1710E-12  0.5470E-12  0.7470E-12  0.8390E-12  0.8970E-12  0.8740E-12  0.7440E-12  0.5860E-12  0.4990E-12
  0.1000E+17  0.5640E-43  0.3060E-32  0.1080E-23  0.2390E-17  0.3010E-14  0.1710E-12  0.5470E-12  0.7470E-12  0.8390E-12  0.8970E-12  0.8740E-12  0.7440E-12  0.5860E-12  0.4990E-12
WAVELENGTH(A)= 
    20.145
 7 14 t 
excit   
    36.500     54.700     91.200    182.000    365.000    912.000   1820.000   2730.000   3650.000   5470.000   9120.000  18200.000  36500.000  54700.000 
  0.1000E+11  0.1000E-73  0.5810E-37  0.9480E-27  0.3730E-19  0.1990E-15  0.2770E-13  0.1260E-12  0.2040E-12  0.2580E-12  0.3230E-12  0.3880E-12  0.4430E-12  0.4610E-12  0.4560E-12
  0.1000E+12  0.1000E-73  0.5810E-37  0.9480E-27  0.3730E-19  0.1990E-15  0.2770E-13  0.1260E-12  0.2040E-12  0.2580E-12  0.3230E-12  0.3880E-12  0.4430E-12  0.4610E-12  0.4560E-12
  0.1000E+13  0.1000E-73  0.5810E-37  0.9480E-27  0.3730E-19  0.1990E-15  0.2770E-13  0.1260E-12  0.2040E-12  0.2580E-12  0.3230E-12  0.3880E-12  0.4430E-12  0.4610E-12  0.4560E-12
  0.1000E+14  0.1000E-73  0.5810E-37  0.9480E-27  0.3730E-19  0.1990E-15  0.2770E-13  0.1260E-12  0.2040E-12  0.2580E-12  0.3230E-12  0.3880E-12  0.4430E-12  0.4610E-12  0.4560E-12
  0.1000E+15  0.1000E-73  0.5810E-37  0.9480E-27  0.3730E-19  0.1990E-15  0.2770E-13  0.1260E-12  0.2040E-12  0.2580E-12  0.3230E-12  0.3880E-12  0.4430E-12  0.4610E-12  0.4560E-12
  0.1000E+16  0.1000E-73  0.5810E-37  0.9480E-27  0.3730E-19  0.1990E-15  0.2770E-13  0.1260E-12  0.2040E-12  0.2580E-12  0.3230E-12  0.3880E-12  0.4430E-12  0.4610E-12  0.4560E-12
  0.1000E+17  0.1000E-73  0.5810E-37  0.9480E-27  0.3730E-19  0.1990E-15  0.2770E-13  0.1260E-12  0.2040E-12  0.2580E-12  0.3230E-12  0.3880E-12  0.4430E-12  0.4610E-12  0.4560E-12
WAVELENGTH(A)= 
    20.489
 7 14 t 
excit   
    36.500     54.700     91.200    182.000    365.000    912.000   1820.000   2730.000   3650.000   5470.000   9120.000  18200.000  36500.000  54700.000 
  0.1000E+11  0.1510E-24  0.4170E-20  0.1360E-16  0.5100E-14  0.8630E-13  0.4000E-12  0.5990E-12  0.6560E-12  0.6720E-12  0.6660E-12  0.6230E-12  0.5340E-12  0.4330E-12  0.3800E-12
  0.1000E+12  0.1510E-24  0.4170E-20  0.1360E-16  0.5100E-14  0.8630E-13  0.4000E-12  0.5990E-12  0.6560E-12  0.6720E-12  0.6660E-12  0.6230E-12  0.5340E-12  0.4330E-12  0.3800E-12
  0.1000E+13  0.1510E-24  0.4170E-20  0.1360E-16  0.5100E-14  0.8630E-13  0.4000E-12  0.5990E-12  0.6560E-12  0.6720E-12  0.6660E-12  0.6230E-12  0.5340E-12  0.4330E-12  0.3800E-12
  0.1000E+14  0.1510E-24  0.4170E-20  0.1360E-16  0.5100E-14  0.8630E-13  0.4000E-12  0.5990E-12  0.6560E-12  0.6720E-12  0.6660E-12  0.6230E-12  0.5340E-12  0.4330E-12  0.3800E-12
  0.1000E+15  0.1510E-24  0.4170E-20  0.1360E-16  0.5100E-14  0.8630E-13  0.4000E-12  0.5990E-12  0.6560E-12  0.6720E-12  0.6660E-12  0.6230E-12  0.5340E-12  0.4330E-12  0.3800E-12
  0.1000E+16  0.1510E-24  0.4170E-20  0.1360E-16  0.5100E-14  0.8630E-13  0.4000E-12  0.5990E-12  0.6560E-12  0.6720E-12  0.6660E-12  0.6230E-12  0.5340E-12  0.4330E-12  0.3800E-12
  0.1000E+17  0.1510E-24  0.4170E-20  0.1360E-16  0.5100E-14  0.8630E-13  0.4000E-12  0.5990E-12  0.6560E-12  0.6720E-12  0.6660E-12  0.6230E-12  0.5340E-12  0.4330E-12  0.3800E-12
WAVELENGTH(A)= 
    23.557
 7 14 t 
excit   
    36.500     54.700     91.200    182.000    365.000    912.000   1820.000   2730.000   3650.000   5470.000   9120.000  18200.000  36500.000  54700.000 
  0.1000E+11  0.2880E-29  0.2010E-23  0.8820E-19  0.2400E-15  0.1110E-13  0.9200E-13  0.1690E-12  0.2020E-12  0.2200E-12  0.2400E-12  0.2550E-12  0.2610E-12  0.2530E-12  0.2430E-12
  0.1000E+12  0.2880E-29  0.2010E-23  0.8820E-19  0.2400E-15  0.1110E-13  0.9200E-13  0.1690E-12  0.2020E-12  0.2200E-12  0.2400E-12  0.2550E-12  0.2610E-12  0.2530E-12  0.2430E-12
  0.1000E+13  0.2880E-29  0.2010E-23  0.8820E-19  0.2400E-15  0.1110E-13  0.9200E-13  0.1690E-12  0.2020E-12  0.2200E-12  0.2400E-12  0.2550E-12  0.2610E-12  0.2530E-12  0.2430E-12
  0.1000E+14  0.2880E-29  0.2010E-23  0.8820E-19  0.2400E-15  0.1110E-13  0.9200E-13  0.1690E-12  0.2020E-12  0.2200E-12  0.2400E-12  0.2550E-12  0.2610E-12  0.2530E-12  0.2430E-12
  0.1000E+15  0.2880E-29  0.2010E-23  0.8820E-19  0.2400E-15  0.1110E-13  0.9200E-13  0.1690E-12  0.2020E-12  0.2200E-12  0.2400E-12  0.2550E-12  0.2610E-12  0.2530E-12  0.2430E-12
  0.1000E+16  0.2880E-29  0.2010E-23  0.8820E-19  0.2400E-15  0.1110E-13  0.9200E-13  0.1690E-12  0.2020E-12  0.2200E-12  0.2400E-12  0.2550E-12  0.2610E-12  0.2530E-12  0.2430E-12
  0.1000E+17  0.2880E-29  0.2020E-23  0.8820E-19  0.2400E-15  0.1110E-13  0.9200E-13  0.1690E-12  0.2020E-12  0.2200E-12  0.2400E-12  0.2550E-12  0.2610E-12  0.2530E-12  0.2430E-12
WAVELENGTH(A)= 
    23.592
 7 14 t 
excit   
    36.500     54.700     91.200    182.000    365.000    912.000   1820.000   2730.000   3650.000   5470.000   9120.000  18200.000  36500.000  54700.000 
  0.1000E+11  0.3880E-36  0.3070E-27  0.3690E-20  0.6480E-15  0.2330E-12  0.6510E-11  0.1710E-10  0.2210E-10  0.2450E-10  0.2610E-10  0.2590E-10  0.2320E-10  0.1960E-10  0.1740E-10
  0.1000E+12  0.3880E-36  0.3070E-27  0.3690E-20  0.6480E-15  0.2330E-12  0.6510E-11  0.1710E-10  0.2210E-10  0.2450E-10  0.2610E-10  0.2590E-10  0.2320E-10  0.1960E-10  0.1740E-10
  0.1000E+13  0.3880E-36  0.3070E-27  0.3690E-20  0.6480E-15  0.2330E-12  0.6510E-11  0.1710E-10  0.2210E-10  0.2450E-10  0.2610E-10  0.2590E-10  0.2320E-10  0.1960E-10  0.1740E-10
  0.1000E+14  0.3880E-36  0.3070E-27  0.3690E-20  0.6480E-15  0.2330E-12  0.6510E-11  0.1710E-10  0.2210E-10  0.2450E-10  0.2610E-10  0.2590E-10  0.2320E-10  0.1960E-10  0.1740E-10
  0.1000E+15  0.3880E-36  0.3070E-27  0.3690E-20  0.6480E-15  0.2330E-12  0.6510E-11  0.1710E-10  0.2210E-10  0.2450E-10  0.2610E-10  0.2590E-10  0.2320E-10  0.1960E-10  0.1740E-10
  0.1000E+16  0.3880E-36  0.3070E-27  0.3690E-20  0.6480E-15  0.2330E-12  0.6510E-11  0.1710E-10  0.2210E-10  0.2450E-10  0.2610E-10  0.2590E-10  0.2320E-10  0.1960E-10  0.1740E-10
  0.1000E+17  0.3880E-36  0.3070E-27  0.3690E-20  0.6480E-15  0.2330E-12  0.6500E-11  0.1710E-10  0.2210E-10  0.2450E-10  0.2610E-10  0.2590E-10  0.2320E-10  0.1960E-10  0.1740E-10
WAVELENGTH(A)= 
    23.644
 7 14 t 
excit   
    36.500     54.700     91.200    182.000    365.000    912.000   1820.000   2730.000   3650.000   5470.000   9120.000  18200.000  36500.000  54700.000 
  0.1000E+11  0.1000E-73  0.2180E-35  0.1800E-25  0.4230E-18  0.1740E-14  0.2000E-12  0.8200E-12  0.1210E-11  0.1420E-11  0.1590E-11  0.1620E-11  0.1430E-11  0.1150E-11  0.9940E-12
  0.1000E+12  0.1000E-73  0.2180E-35  0.1800E-25  0.4230E-18  0.1740E-14  0.2000E-12  0.8200E-12  0.1210E-11  0.1420E-11  0.1590E-11  0.1620E-11  0.1430E-11  0.1150E-11  0.9940E-12
  0.1000E+13  0.1000E-73  0.2180E-35  0.1800E-25  0.4230E-18  0.1740E-14  0.2000E-12  0.8200E-12  0.1210E-11  0.1420E-11  0.1590E-11  0.1620E-11  0.1430E-11  0.1150E-11  0.9940E-12
  0.1000E+14  0.1000E-73  0.2180E-35  0.1800E-25  0.4230E-18  0.1740E-14  0.2000E-12  0.8200E-12  0.1210E-11  0.1420E-11  0.1590E-11  0.1620E-11  0.1430E-11  0.1150E-11  0.9940E-12
  0.1000E+15  0.1000E-73  0.2180E-35  0.1800E-25  0.4230E-18  0.1740E-14  0.2000E-12  0.8200E-12  0.1210E-11  0.1420E-11  0.1590E-11  0.1620E-11  0.1430E-11  0.1150E-11  0.9940E-12
  0.1000E+16  0.1000E-73  0.2180E-35  0.1800E-25  0.4230E-18  0.1740E-14  0.2000E-12  0.8190E-12  0.1210E-11  0.1420E-11  0.1590E-11  0.1620E-11  0.1430E-11  0.1150E-11  0.9940E-12
  0.1000E+17  0.8690E-48  0.2180E-35  0.1800E-25  0.4230E-18  0.1740E-14  0.2000E-12  0.8190E-12  0.1210E-11  0.1420E-11  0.1590E-11  0.1620E-11  0.1430E-11  0.1150E-11  0.9940E-12
WAVELENGTH(A)= 
    23.647
 7 14 t 
excit   
    36.500     54.700     91.200    182.000    365.000    912.000   1820.000   2730.000   3650.000   5470.000   9120.000  18200.000  36500.000  54700.000 
  0.1000E+11  0.6950E-41  0.1600E-30  0.2890E-22  0.3860E-16  0.3780E-13  0.1860E-11  0.5730E-11  0.7760E-11  0.8730E-11  0.9370E-11  0.9200E-11  0.7970E-11  0.6370E-11  0.5500E-11
  0.1000E+12  0.6820E-41  0.1600E-30  0.2890E-22  0.3860E-16  0.3780E-13  0.1860E-11  0.5730E-11  0.7760E-11  0.8730E-11  0.9370E-11  0.9200E-11  0.7970E-11  0.6370E-11  0.5500E-11
  0.1000E+13  0.6810E-41  0.1600E-30  0.2890E-22  0.3860E-16  0.3780E-13  0.1860E-11  0.5730E-11  0.7760E-11  0.8730E-11  0.9370E-11  0.9200E-11  0.7970E-11  0.6370E-11  0.5500E-11
  0.1000E+14  0.6810E-41  0.1600E-30  0.2890E-22  0.3860E-16  0.3780E-13  0.1860E-11  0.5730E-11  0.7760E-11  0.8730E-11  0.9370E-11  0.9200E-11  0.7970E-11  0.6370E-11  0.5500E-11
  0.1000E+15  0.6810E-41  0.1600E-30  0.2890E-22  0.3860E-16  0.3780E-13  0.1860E-11  0.5730E-11  0.7760E-11  0.8730E-11  0.9370E-11  0.9200E-11  0.7970E-11  0.6370E-11  0.5500E-11
  0.1000E+16  0.6810E-41  0.1600E-30  0.2890E-22  0.3860E-16  0.3780E-13  0.1860E-11  0.5730E-11  0.7760E-11  0.8730E-11  0.9370E-11  0.9200E-11  0.7970E-11  0.6370E-11  0.5500E-11
  0.1000E+17  0.6810E-41  0.1600E-30  0.2890E-22  0.3860E-16  0.3780E-13  0.1860E-11  0.5730E-11  0.7760E-11  0.8730E-11  0.9370E-11  0.9200E-11  0.7970E-11  0.6370E-11  0.5500E-11
WAVELENGTH(A)= 
    23.659
 7 14 t 
excit   
    36.500     54.700     91.200    182.000    365.000    912.000   1820.000   2730.000   3650.000   5470.000   9120.000  18200.000  36500.000  54700.000 
  0.1000E+11  0.1000E-73  0.7580E-37  0.2170E-26  0.1290E-18  0.8400E-15  0.1280E-12  0.5690E-12  0.8630E-12  0.1020E-11  0.1150E-11  0.1170E-11  0.1020E-11  0.8140E-12  0.6950E-12
  0.1000E+12  0.1000E-73  0.7580E-37  0.2170E-26  0.1290E-18  0.8400E-15  0.1280E-12  0.5690E-12  0.8630E-12  0.1020E-11  0.1150E-11  0.1170E-11  0.1020E-11  0.8140E-12  0.6950E-12
  0.1000E+13  0.1000E-73  0.7580E-37  0.2170E-26  0.1290E-18  0.8400E-15  0.1280E-12  0.5690E-12  0.8630E-12  0.1020E-11  0.1150E-11  0.1170E-11  0.1020E-11  0.8140E-12  0.6950E-12
  0.1000E+14  0.1000E-73  0.7580E-37  0.2170E-26  0.1290E-18  0.8400E-15  0.1280E-12  0.5690E-12  0.8630E-12  0.1020E-11  0.1150E-11  0.1170E-11  0.1020E-11  0.8140E-12  0.6950E-12
  0.1000E+15  0.1000E-73  0.7580E-37  0.2170E-26  0.1290E-18  0.8400E-15  0.1280E-12  0.5690E-12  0.8630E-12  0.1020E-11  0.1150E-11  0.1170E-11  0.1020E-11  0.8140E-12  0.6950E-12
  0.1000E+16  0.1000E-73  0.7580E-37  0.2170E-26  0.1290E-18  0.8400E-15  0.1280E-12  0.5690E-12  0.8620E-12  0.1020E-11  0.1150E-11  0.1170E-11  0.1020E-11  0.8140E-12  0.6950E-12
  0.1000E+17  0.1000E-73  0.7580E-37  0.2170E-26  0.1290E-18  0.8400E-15  0.1280E-12  0.5690E-12  0.8620E-12  0.1020E-11  0.1150E-11  0.1170E-11  0.1020E-11  0.8140E-12  0.6950E-12
WAVELENGTH(A)= 
    24.859
 7 14 t 
excit   
    36.500     54.700     91.200    182.000    365.000    912.000   1820.000   2730.000   3650.000   5470.000   9120.000  18200.000  36500.000  54700.000 
  0.1000E+11  0.1570E-29  0.1750E-23  0.1110E-18  0.3830E-15  0.1930E-13  0.1660E-12  0.2980E-12  0.3430E-12  0.3590E-12  0.3610E-12  0.3420E-12  0.2910E-12  0.2350E-12  0.2040E-12
  0.1000E+12  0.1570E-29  0.1750E-23  0.1110E-18  0.3830E-15  0.1930E-13  0.1660E-12  0.2980E-12  0.3430E-12  0.3590E-12  0.3610E-12  0.3420E-12  0.2910E-12  0.2350E-12  0.2040E-12
  0.1000E+13  0.1570E-29  0.1750E-23  0.1110E-18  0.3830E-15  0.1930E-13  0.1660E-12  0.2980E-12  0.3430E-12  0.3590E-12  0.3610E-12  0.3420E-12  0.2910E-12  0.2350E-12  0.2040E-12
  0.1000E+14  0.1570E-29  0.1750E-23  0.1110E-18  0.3830E-15  0.1930E-13  0.1660E-12  0.2980E-12  0.3430E-12  0.3590E-12  0.3610E-12  0.3420E-12  0.2910E-12  0.2350E-12  0.2040E-12
  0.1000E+15  0.1570E-29  0.1750E-23  0.1110E-18  0.3830E-15  0.1930E-13  0.1660E-12  0.2980E-12  0.3430E-12  0.3590E-12  0.3610E-12  0.3420E-12  0.2910E-12  0.2350E-12  0.2040E-12
  0.1000E+16  0.1570E-29  0.1750E-23  0.1110E-18  0.3830E-15  0.1930E-13  0.1660E-12  0.2980E-12  0.3430E-12  0.3590E-12  0.3610E-12  0.3420E-12  0.2910E-12  0.2350E-12  0.2040E-12
  0.1000E+17  0.1570E-29  0.1750E-23  0.1110E-18  0.3830E-15  0.1930E-13  0.1660E-12  0.2980E-12  0.3430E-12  0.3590E-12  0.3610E-12  0.3420E-12  0.2910E-12  0.2350E-12  0.2040E-12
WAVELENGTH(A)= 
    30.757
 7 14 t 
excit   
    36.500     54.700     91.200    182.000    365.000    912.000   1820.000   2730.000   3650.000   5470.000   9120.000  18200.000  36500.000  54700.000 
  0.1000E+11  0.6540E-28  0.3050E-22  0.9510E-18  0.1930E-14  0.7380E-13  0.5270E-12  0.8680E-12  0.9590E-12  0.9750E-12  0.9460E-12  0.8560E-12  0.6950E-12  0.5380E-12  0.4560E-12
  0.1000E+12  0.6540E-28  0.3050E-22  0.9510E-18  0.1930E-14  0.7380E-13  0.5270E-12  0.8680E-12  0.9590E-12  0.9750E-12  0.9460E-12  0.8560E-12  0.6950E-12  0.5380E-12  0.4560E-12
  0.1000E+13  0.6540E-28  0.3050E-22  0.9510E-18  0.1930E-14  0.7380E-13  0.5270E-12  0.8680E-12  0.9590E-12  0.9750E-12  0.9460E-12  0.8560E-12  0.6950E-12  0.5380E-12  0.4560E-12
  0.1000E+14  0.6540E-28  0.3050E-22  0.9510E-18  0.1930E-14  0.7380E-13  0.5270E-12  0.8680E-12  0.9590E-12  0.9750E-12  0.9460E-12  0.8560E-12  0.6950E-12  0.5380E-12  0.4560E-12
  0.1000E+15  0.6540E-28  0.3050E-22  0.9510E-18  0.1930E-14  0.7380E-13  0.5270E-12  0.8680E-12  0.9590E-12  0.9750E-12  0.9460E-12  0.8560E-12  0.6950E-12  0.5380E-12  0.4560E-12
  0.1000E+16  0.6540E-28  0.3050E-22  0.9510E-18  0.1930E-14  0.7380E-13  0.5270E-12  0.8680E-12  0.9590E-12  0.9750E-12  0.9460E-12  0.8560E-12  0.6950E-12  0.5380E-12  0.4560E-12
  0.1000E+17  0.6540E-28  0.3050E-22  0.9510E-18  0.1930E-14  0.7380E-13  0.5270E-12  0.8680E-12  0.9590E-12  0.9750E-12  0.9460E-12  0.8550E-12  0.6950E-12  0.5380E-12  0.4560E-12
WAVELENGTH(A)= 
    35.060
 7 14 t 
excit   
    36.500     54.700     91.200    182.000    365.000    912.000   1820.000   2730.000   3650.000   5470.000   9120.000  18200.000  36500.000  54700.000 
  0.1000E+11  0.5160E-29  0.3600E-23  0.1580E-18  0.4300E-15  0.1980E-13  0.1650E-12  0.3020E-12  0.3610E-12  0.3940E-12  0.4290E-12  0.4560E-12  0.4680E-12  0.4530E-12  0.4340E-12
  0.1000E+12  0.5160E-29  0.3600E-23  0.1580E-18  0.4300E-15  0.1980E-13  0.1650E-12  0.3020E-12  0.3610E-12  0.3940E-12  0.4290E-12  0.4560E-12  0.4680E-12  0.4530E-12  0.4340E-12
  0.1000E+13  0.5160E-29  0.3600E-23  0.1580E-18  0.4300E-15  0.1980E-13  0.1650E-12  0.3020E-12  0.3610E-12  0.3940E-12  0.4290E-12  0.4560E-12  0.4680E-12  0.4530E-12  0.4340E-12
  0.1000E+14  0.5160E-29  0.3600E-23  0.1580E-18  0.4300E-15  0.1980E-13  0.1650E-12  0.3020E-12  0.3610E-12  0.3940E-12  0.4290E-12  0.4560E-12  0.4680E-12  0.4530E-12  0.4340E-12
  0.1000E+15  0.5160E-29  0.3600E-23  0.1580E-18  0.4300E-15  0.1980E-13  0.1650E-12  0.3020E-12  0.3610E-12  0.3940E-12  0.4290E-12  0.4560E-12  0.4680E-12  0.4530E-12  0.4340E-12
  0.1000E+16  0.5160E-29  0.3600E-23  0.1580E-18  0.4300E-15  0.1980E-13  0.1650E-12  0.3020E-12  0.3610E-12  0.3940E-12  0.4290E-12  0.4560E-12  0.4680E-12  0.4530E-12  0.4340E-12
  0.1000E+17  0.5160E-29  0.3610E-23  0.1580E-18  0.4300E-15  0.1980E-13  0.1650E-12  0.3020E-12  0.3610E-12  0.3940E-12  0.4290E-12  0.4560E-12  0.4680E-12  0.4530E-12  0.4340E-12
WAVELENGTH(A)= 
    62.290
 7 14 t 
excit   
    36.500     54.700     91.200    182.000    365.000    912.000   1820.000   2730.000   3650.000   5470.000   9120.000  18200.000  36500.000  54700.000 
  0.1000E+11  0.5410E-32  0.2170E-24  0.2410E-18  0.7190E-14  0.1110E-11  0.2100E-10  0.5070E-10  0.6430E-10  0.7070E-10  0.7500E-10  0.7400E-10  0.6730E-10  0.5760E-10  0.5190E-10
  0.1000E+12  0.5410E-32  0.2170E-24  0.2410E-18  0.7190E-14  0.1110E-11  0.2100E-10  0.5070E-10  0.6430E-10  0.7070E-10  0.7500E-10  0.7400E-10  0.6730E-10  0.5760E-10  0.5190E-10
  0.1000E+13  0.5410E-32  0.2170E-24  0.2410E-18  0.7190E-14  0.1110E-11  0.2100E-10  0.5070E-10  0.6430E-10  0.7070E-10  0.7500E-10  0.7400E-10  0.6730E-10  0.5760E-10  0.5190E-10
  0.1000E+14  0.5410E-32  0.2170E-24  0.2410E-18  0.7190E-14  0.1110E-11  0.2100E-10  0.5070E-10  0.6430E-10  0.7070E-10  0.7500E-10  0.7400E-10  0.6730E-10  0.5760E-10  0.5190E-10
  0.1000E+15  0.5410E-32  0.2170E-24  0.2410E-18  0.7190E-14  0.1110E-11  0.2100E-10  0.5070E-10  0.6430E-10  0.7070E-10  0.7500E-10  0.7400E-10  0.6730E-10  0.5760E-10  0.5190E-10
  0.1000E+16  0.5410E-32  0.2170E-24  0.2410E-18  0.7190E-14  0.1110E-11  0.2100E-10  0.5070E-10  0.6430E-10  0.7070E-10  0.7500E-10  0.7400E-10  0.6730E-10  0.5760E-10  0.5190E-10
  0.1000E+17  0.5410E-32  0.2170E-24  0.2410E-18  0.7190E-14  0.1110E-11  0.2100E-10  0.5070E-10  0.6430E-10  0.7070E-10  0.7500E-10  0.7400E-10  0.6730E-10  0.5760E-10  0.5190E-10
WAVELENGTH(A)= 
    62.519
 7 14 t 
excit   
    36.500     54.700     91.200    182.000    365.000    912.000   1820.000   2730.000   3650.000   5470.000   9120.000  18200.000  36500.000  54700.000 
  0.1000E+11  0.5010E-40  0.2430E-30  0.1250E-22  0.6700E-17  0.4470E-14  0.2060E-12  0.6900E-12  0.1010E-11  0.1210E-11  0.1430E-11  0.1640E-11  0.1770E-11  0.1770E-11  0.1710E-11
  0.1000E+12  0.5010E-40  0.2430E-30  0.1250E-22  0.6700E-17  0.4470E-14  0.2060E-12  0.6900E-12  0.1010E-11  0.1210E-11  0.1430E-11  0.1640E-11  0.1770E-11  0.1770E-11  0.1710E-11
  0.1000E+13  0.5010E-40  0.2430E-30  0.1250E-22  0.6700E-17  0.4470E-14  0.2060E-12  0.6900E-12  0.1010E-11  0.1210E-11  0.1430E-11  0.1640E-11  0.1770E-11  0.1770E-11  0.1710E-11
  0.1000E+14  0.5010E-40  0.2430E-30  0.1250E-22  0.6700E-17  0.4470E-14  0.2060E-12  0.6900E-12  0.1010E-11  0.1210E-11  0.1430E-11  0.1640E-11  0.1770E-11  0.1770E-11  0.1710E-11
  0.1000E+15  0.5010E-40  0.2430E-30  0.1250E-22  0.6700E-17  0.4470E-14  0.2060E-12  0.6900E-12  0.1010E-11  0.1210E-11  0.1430E-11  0.1640E-11  0.1770E-11  0.1770E-11  0.1710E-11
  0.1000E+16  0.5010E-40  0.2430E-30  0.1250E-22  0.6700E-17  0.4470E-14  0.2060E-12  0.6900E-12  0.1010E-11  0.1210E-11  0.1430E-11  0.1640E-11  0.1770E-11  0.1770E-11  0.1710E-11
  0.1000E+17  0.5010E-40  0.2430E-30  0.1250E-22  0.6700E-17  0.4470E-14  0.2060E-12  0.6900E-12  0.1010E-11  0.1210E-11  0.1430E-11  0.1640E-11  0.1770E-11  0.1770E-11  0.1710E-11
WAVELENGTH(A)= 
    63.266
 7 14 t 
excit   
    36.500     54.700     91.200    182.000    365.000    912.000   1820.000   2730.000   3650.000   5470.000   9120.000  18200.000  36500.000  54700.000 
  0.1000E+11  0.4360E-13  0.9730E-12  0.1060E-10  0.5510E-10  0.1060E-09  0.1310E-09  0.1260E-09  0.1170E-09  0.1100E-09  0.9870E-10  0.8430E-10  0.6540E-10  0.4960E-10  0.4210E-10
  0.1000E+12  0.4360E-13  0.9730E-12  0.1060E-10  0.5510E-10  0.1060E-09  0.1310E-09  0.1260E-09  0.1170E-09  0.1100E-09  0.9870E-10  0.8430E-10  0.6540E-10  0.4960E-10  0.4210E-10
  0.1000E+13  0.4360E-13  0.9730E-12  0.1060E-10  0.5510E-10  0.1060E-09  0.1310E-09  0.1260E-09  0.1170E-09  0.1100E-09  0.9870E-10  0.8430E-10  0.6540E-10  0.4960E-10  0.4210E-10
  0.1000E+14  0.4360E-13  0.9730E-12  0.1060E-10  0.5510E-10  0.1060E-09  0.1310E-09  0.1260E-09  0.1170E-09  0.1100E-09  0.9870E-10  0.8430E-10  0.6540E-10  0.4960E-10  0.4210E-10
  0.1000E+15  0.4360E-13  0.9730E-12  0.1060E-10  0.5510E-10  0.1060E-09  0.1310E-09  0.1260E-09  0.1170E-09  0.1100E-09  0.9870E-10  0.8430E-10  0.6540E-10  0.4960E-10  0.4210E-10
  0.1000E+16  0.4360E-13  0.9730E-12  0.1060E-10  0.5510E-10  0.1060E-09  0.1310E-09  0.1260E-09  0.1170E-09  0.1100E-09  0.9870E-10  0.8430E-10  0.6540E-10  0.4960E-10  0.4210E-10
  0.1000E+17  0.4370E-13  0.9730E-12  0.1060E-10  0.5510E-10  0.1060E-09  0.1310E-09  0.1260E-09  0.1170E-09  0.1100E-09  0.9870E-10  0.8430E-10  0.6540E-10  0.4960E-10  0.4210E-10
WAVELENGTH(A)= 
    71.504
 7 14 t 
excit   
    36.500     54.700     91.200    182.000    365.000    912.000   1820.000   2730.000   3650.000   5470.000   9120.000  18200.000  36500.000  54700.000 
  0.1000E+11  0.3830E-35  0.7490E-27  0.2920E-20  0.2220E-15  0.5310E-13  0.1180E-11  0.2960E-11  0.3880E-11  0.4380E-11  0.4870E-11  0.5180E-11  0.5190E-11  0.4870E-11  0.4590E-11
  0.1000E+12  0.3830E-35  0.7490E-27  0.2920E-20  0.2220E-15  0.5310E-13  0.1180E-11  0.2960E-11  0.3880E-11  0.4380E-11  0.4870E-11  0.5180E-11  0.5190E-11  0.4870E-11  0.4590E-11
  0.1000E+13  0.3830E-35  0.7490E-27  0.2920E-20  0.2220E-15  0.5310E-13  0.1180E-11  0.2960E-11  0.3880E-11  0.4380E-11  0.4870E-11  0.5180E-11  0.5190E-11  0.4870E-11  0.4590E-11
  0.1000E+14  0.3830E-35  0.7490E-27  0.2920E-20  0.2220E-15  0.5310E-13  0.1180E-11  0.2960E-11  0.3880E-11  0.4380E-11  0.4870E-11  0.5180E-11  0.5190E-11  0.4870E-11  0.4590E-11
  0.1000E+15  0.3830E-35  0.7490E-27  0.2920E-20  0.2220E-15  0.5310E-13  0.1180E-11  0.2960E-11  0.3880E-11  0.4380E-11  0.4870E-11  0.5180E-11  0.5190E-11  0.4870E-11  0.4590E-11
  0.1000E+16  0.3830E-35  0.7490E-27  0.2920E-20  0.2220E-15  0.5310E-13  0.1180E-11  0.2960E-11  0.3880E-11  0.4380E-11  0.4870E-11  0.5180E-11  0.5190E-11  0.4870E-11  0.4590E-11
  0.1000E+17  0.3830E-35  0.7490E-27  0.2920E-20  0.2220E-15  0.5310E-13  0.1180E-11  0.2960E-11  0.3880E-11  0.4380E-11  0.4870E-11  0.5180E-11  0.5190E-11  0.4870E-11  0.4590E-11
WAVELENGTH(A)= 
    71.549
 7 14 t 
excit   
    36.500     54.700     91.200    182.000    365.000    912.000   1820.000   2730.000   3650.000   5470.000   9120.000  18200.000  36500.000  54700.000 
  0.1000E+11  0.2140E-24  0.4190E-20  0.1360E-16  0.5290E-14  0.1720E-12  0.4350E-11  0.1270E-10  0.1700E-10  0.1910E-10  0.2040E-10  0.2000E-10  0.1740E-10  0.1390E-10  0.1200E-10
  0.1000E+12  0.7680E-24  0.4240E-20  0.1360E-16  0.5290E-14  0.1720E-12  0.4350E-11  0.1270E-10  0.1700E-10  0.1910E-10  0.2040E-10  0.2000E-10  0.1740E-10  0.1390E-10  0.1200E-10
  0.1000E+13  0.6300E-23  0.4730E-20  0.1360E-16  0.5290E-14  0.1720E-12  0.4350E-11  0.1270E-10  0.1700E-10  0.1910E-10  0.2040E-10  0.2000E-10  0.1740E-10  0.1390E-10  0.1200E-10
  0.1000E+14  0.6170E-22  0.9710E-20  0.1380E-16  0.5290E-14  0.1720E-12  0.4350E-11  0.1270E-10  0.1700E-10  0.1910E-10  0.2040E-10  0.2000E-10  0.1740E-10  0.1390E-10  0.1200E-10
  0.1000E+15  0.6150E-21  0.5950E-19  0.1530E-16  0.5310E-14  0.1720E-12  0.4350E-11  0.1270E-10  0.1700E-10  0.1910E-10  0.2040E-10  0.2000E-10  0.1740E-10  0.1390E-10  0.1200E-10
  0.1000E+16  0.6150E-20  0.5570E-18  0.3070E-16  0.5470E-14  0.1720E-12  0.4350E-11  0.1270E-10  0.1700E-10  0.1910E-10  0.2040E-10  0.2000E-10  0.1740E-10  0.1390E-10  0.1200E-10
  0.1000E+17  0.6150E-19  0.5530E-17  0.1850E-15  0.7040E-14  0.1760E-12  0.4350E-11  0.1270E-10  0.1700E-10  0.1910E-10  0.2040E-10  0.2000E-10  0.1740E-10  0.1390E-10  0.1200E-10
WAVELENGTH(A)= 
    71.707
 7 14 t 
excit   
    36.500     54.700     91.200    182.000    365.000    912.000   1820.000   2730.000   3650.000   5470.000   9120.000  18200.000  36500.000  54700.000 
  0.1000E+11  0.6030E-42  0.1390E-31  0.2510E-23  0.3350E-17  0.3280E-14  0.1610E-12  0.4970E-12  0.6730E-12  0.7570E-12  0.8130E-12  0.7980E-12  0.6920E-12  0.5520E-12  0.4770E-12
  0.1000E+12  0.5920E-42  0.1390E-31  0.2510E-23  0.3350E-17  0.3280E-14  0.1610E-12  0.4970E-12  0.6730E-12  0.7570E-12  0.8130E-12  0.7980E-12  0.6920E-12  0.5520E-12  0.4770E-12
  0.1000E+13  0.5910E-42  0.1390E-31  0.2510E-23  0.3350E-17  0.3280E-14  0.1610E-12  0.4970E-12  0.6730E-12  0.7570E-12  0.8130E-12  0.7980E-12  0.6920E-12  0.5520E-12  0.4770E-12
  0.1000E+14  0.5910E-42  0.1390E-31  0.2510E-23  0.3350E-17  0.3280E-14  0.1610E-12  0.4970E-12  0.6730E-12  0.7570E-12  0.8130E-12  0.7980E-12  0.6920E-12  0.5520E-12  0.4770E-12
  0.1000E+15  0.5910E-42  0.1390E-31  0.2510E-23  0.3350E-17  0.3280E-14  0.1610E-12  0.4970E-12  0.6730E-12  0.7570E-12  0.8130E-12  0.7980E-12  0.6920E-12  0.5520E-12  0.4770E-12
  0.1000E+16  0.5910E-42  0.1390E-31  0.2510E-23  0.3350E-17  0.3280E-14  0.1610E-12  0.4970E-12  0.6730E-12  0.7570E-12  0.8130E-12  0.7980E-12  0.6920E-12  0.5520E-12  0.4770E-12
  0.1000E+17  0.5910E-42  0.1390E-31  0.2510E-23  0.3350E-17  0.3280E-14  0.1610E-12  0.4970E-12  0.6730E-12  0.7570E-12  0.8130E-12  0.7980E-12  0.6920E-12  0.5520E-12  0.4770E-12
WAVELENGTH(A)= 
    74.757
 7 14 t 
excit   
    36.500     54.700     91.200    182.000    365.000    912.000   1820.000   2730.000   3650.000   5470.000   9120.000  18200.000  36500.000  54700.000 
  0.1000E+11  0.6510E-10  0.2450E-09  0.6620E-09  0.1260E-08  0.1570E-08  0.1580E-08  0.1430E-08  0.1310E-08  0.1230E-08  0.1110E-08  0.9590E-09  0.7710E-09  0.6110E-09  0.5300E-09
  0.1000E+12  0.6510E-10  0.2450E-09  0.6620E-09  0.1260E-08  0.1570E-08  0.1580E-08  0.1430E-08  0.1310E-08  0.1230E-08  0.1110E-08  0.9590E-09  0.7710E-09  0.6110E-09  0.5300E-09
  0.1000E+13  0.6510E-10  0.2450E-09  0.6620E-09  0.1260E-08  0.1570E-08  0.1580E-08  0.1430E-08  0.1310E-08  0.1230E-08  0.1110E-08  0.9590E-09  0.7710E-09  0.6110E-09  0.5300E-09
  0.1000E+14  0.6510E-10  0.2450E-09  0.6620E-09  0.1260E-08  0.1570E-08  0.1580E-08  0.1430E-08  0.1310E-08  0.1230E-08  0.1110E-08  0.9590E-09  0.7710E-09  0.6110E-09  0.5300E-09
  0.1000E+15  0.6510E-10  0.2450E-09  0.6620E-09  0.1260E-08  0.1570E-08  0.1580E-08  0.1430E-08  0.1310E-08  0.1230E-08  0.1110E-08  0.9590E-09  0.7710E-09  0.6110E-09  0.5300E-09
  0.1000E+16  0.6510E-10  0.2450E-09  0.6620E-09  0.1260E-08  0.1570E-08  0.1580E-08  0.1430E-08  0.1310E-08  0.1230E-08  0.1110E-08  0.9590E-09  0.7710E-09  0.6110E-09  0.5300E-09
  0.1000E+17  0.6510E-10  0.2450E-09  0.6610E-09  0.1260E-08  0.1570E-08  0.1580E-08  0.1430E-08  0.1310E-08  0.1230E-08  0.1110E-08  0.9590E-09  0.7710E-09  0.6110E-09  0.5300E-09
WAVELENGTH(A)= 
    77.732
 7 14 t 
excit   
    36.500     54.700     91.200    182.000    365.000    912.000   1820.000   2730.000   3650.000   5470.000   9120.000  18200.000  36500.000  54700.000 
  0.1000E+11  0.1390E-37  0.1100E-28  0.1320E-21  0.2330E-16  0.8350E-14  0.2340E-12  0.6130E-12  0.7950E-12  0.8790E-12  0.9370E-12  0.9290E-12  0.8340E-12  0.7040E-12  0.6260E-12
  0.1000E+12  0.1390E-37  0.1100E-28  0.1320E-21  0.2330E-16  0.8350E-14  0.2340E-12  0.6130E-12  0.7950E-12  0.8790E-12  0.9370E-12  0.9290E-12  0.8340E-12  0.7040E-12  0.6260E-12
  0.1000E+13  0.1390E-37  0.1100E-28  0.1320E-21  0.2330E-16  0.8350E-14  0.2340E-12  0.6130E-12  0.7950E-12  0.8790E-12  0.9370E-12  0.9290E-12  0.8340E-12  0.7040E-12  0.6260E-12
  0.1000E+14  0.1390E-37  0.1100E-28  0.1320E-21  0.2330E-16  0.8350E-14  0.2340E-12  0.6130E-12  0.7950E-12  0.8790E-12  0.9370E-12  0.9290E-12  0.8340E-12  0.7040E-12  0.6260E-12
  0.1000E+15  0.1390E-37  0.1100E-28  0.1320E-21  0.2330E-16  0.8350E-14  0.2340E-12  0.6130E-12  0.7950E-12  0.8790E-12  0.9370E-12  0.9290E-12  0.8340E-12  0.7040E-12  0.6260E-12
  0.1000E+16  0.1390E-37  0.1100E-28  0.1320E-21  0.2330E-16  0.8350E-14  0.2340E-12  0.6130E-12  0.7950E-12  0.8790E-12  0.9370E-12  0.9290E-12  0.8340E-12  0.7040E-12  0.6260E-12
  0.1000E+17  0.1390E-37  0.1100E-28  0.1320E-21  0.2330E-16  0.8350E-14  0.2340E-12  0.6130E-12  0.7950E-12  0.8790E-12  0.9370E-12  0.9290E-12  0.8340E-12  0.7040E-12  0.6260E-12
WAVELENGTH(A)= 
   159.804
 7 14 t 
excit   
    36.500     54.700     91.200    182.000    365.000    912.000   1820.000   2730.000   3650.000   5470.000   9120.000  18200.000  36500.000  54700.000 
  0.1000E+11  0.1000E-73  0.1270E-33  0.7880E-25  0.2670E-18  0.4190E-15  0.2800E-13  0.9820E-13  0.1420E-12  0.1670E-12  0.1920E-12  0.2070E-12  0.2090E-12  0.1940E-12  0.1820E-12
  0.1000E+12  0.1210E-44  0.1270E-33  0.7880E-25  0.2670E-18  0.4190E-15  0.2800E-13  0.9820E-13  0.1420E-12  0.1670E-12  0.1920E-12  0.2070E-12  0.2090E-12  0.1940E-12  0.1820E-12
  0.1000E+13  0.1210E-44  0.1270E-33  0.7880E-25  0.2670E-18  0.4190E-15  0.2800E-13  0.9820E-13  0.1420E-12  0.1670E-12  0.1920E-12  0.2070E-12  0.2090E-12  0.1940E-12  0.1820E-12
  0.1000E+14  0.1150E-44  0.1270E-33  0.7880E-25  0.2670E-18  0.4190E-15  0.2800E-13  0.9820E-13  0.1420E-12  0.1670E-12  0.1920E-12  0.2070E-12  0.2090E-12  0.1940E-12  0.1820E-12
  0.1000E+15  0.1150E-44  0.1270E-33  0.7880E-25  0.2670E-18  0.4190E-15  0.2800E-13  0.9820E-13  0.1420E-12  0.1670E-12  0.1920E-12  0.2070E-12  0.2090E-12  0.1940E-12  0.1820E-12
  0.1000E+16  0.1150E-44  0.1270E-33  0.7880E-25  0.2670E-18  0.4190E-15  0.2800E-13  0.9820E-13  0.1420E-12  0.1670E-12  0.1920E-12  0.2070E-12  0.2090E-12  0.1940E-12  0.1820E-12
  0.1000E+17  0.1150E-44  0.1270E-33  0.7880E-25  0.2670E-18  0.4190E-15  0.2800E-13  0.9820E-13  0.1420E-12  0.1670E-12  0.1920E-12  0.2070E-12  0.2090E-12  0.1940E-12  0.1820E-12
