 50  7 14
WAVELENGTH(A)= 
    13.656
 7 14 t 
excit   
    15.500     23.300     38.800     77.500    155.000    388.000    776.000   1160.000   1550.000   2330.000   3880.000   7760.000  15500.000  23300.000 
  0.1000E+11  0.3300E-35  0.8100E-27  0.3780E-20  0.3280E-15  0.8300E-13  0.1930E-11  0.5080E-11  0.6950E-11  0.8190E-11  0.9680E-11  0.1110E-10  0.1230E-10  0.1240E-10  0.1210E-10
  0.1000E+12  0.3300E-35  0.8100E-27  0.3780E-20  0.3280E-15  0.8300E-13  0.1930E-11  0.5080E-11  0.6950E-11  0.8190E-11  0.9680E-11  0.1110E-10  0.1230E-10  0.1240E-10  0.1210E-10
  0.1000E+13  0.3300E-35  0.8100E-27  0.3780E-20  0.3280E-15  0.8300E-13  0.1930E-11  0.5080E-11  0.6950E-11  0.8190E-11  0.9680E-11  0.1110E-10  0.1230E-10  0.1240E-10  0.1210E-10
  0.1000E+14  0.3300E-35  0.8100E-27  0.3780E-20  0.3280E-15  0.8300E-13  0.1930E-11  0.5080E-11  0.6950E-11  0.8190E-11  0.9680E-11  0.1110E-10  0.1230E-10  0.1240E-10  0.1210E-10
  0.1000E+15  0.3300E-35  0.8100E-27  0.3780E-20  0.3280E-15  0.8300E-13  0.1930E-11  0.5080E-11  0.6950E-11  0.8190E-11  0.9680E-11  0.1110E-10  0.1230E-10  0.1240E-10  0.1210E-10
  0.1000E+16  0.3300E-35  0.8100E-27  0.3780E-20  0.3280E-15  0.8300E-13  0.1930E-11  0.5070E-11  0.6950E-11  0.8180E-11  0.9670E-11  0.1110E-10  0.1230E-10  0.1240E-10  0.1210E-10
  0.1000E+17  0.3300E-35  0.8110E-27  0.3780E-20  0.3280E-15  0.8300E-13  0.1920E-11  0.5050E-11  0.6910E-11  0.8140E-11  0.9620E-11  0.1110E-10  0.1220E-10  0.1230E-10  0.1200E-10
WAVELENGTH(A)= 
    14.490
 7 14 t 
excit   
    15.500     23.300     38.800     77.500    155.000    388.000    776.000   1160.000   1550.000   2330.000   3880.000   7760.000  15500.000  23300.000 
  0.1000E+11  0.6680E-35  0.5490E-27  0.1100E-20  0.5060E-16  0.9330E-14  0.1730E-12  0.4060E-12  0.5170E-12  0.5780E-12  0.6340E-12  0.6690E-12  0.6640E-12  0.6200E-12  0.5840E-12
  0.1000E+12  0.6680E-35  0.5490E-27  0.1100E-20  0.5060E-16  0.9330E-14  0.1730E-12  0.4060E-12  0.5170E-12  0.5780E-12  0.6340E-12  0.6690E-12  0.6640E-12  0.6200E-12  0.5840E-12
  0.1000E+13  0.6680E-35  0.5490E-27  0.1100E-20  0.5060E-16  0.9330E-14  0.1730E-12  0.4060E-12  0.5170E-12  0.5780E-12  0.6340E-12  0.6690E-12  0.6640E-12  0.6200E-12  0.5840E-12
  0.1000E+14  0.6690E-35  0.5490E-27  0.1100E-20  0.5060E-16  0.9330E-14  0.1730E-12  0.4060E-12  0.5170E-12  0.5780E-12  0.6340E-12  0.6690E-12  0.6640E-12  0.6200E-12  0.5840E-12
  0.1000E+15  0.6690E-35  0.5490E-27  0.1100E-20  0.5060E-16  0.9330E-14  0.1730E-12  0.4060E-12  0.5180E-12  0.5780E-12  0.6340E-12  0.6690E-12  0.6640E-12  0.6200E-12  0.5840E-12
  0.1000E+16  0.6720E-35  0.5510E-27  0.1100E-20  0.5070E-16  0.9350E-14  0.1740E-12  0.4060E-12  0.5180E-12  0.5780E-12  0.6340E-12  0.6690E-12  0.6640E-12  0.6200E-12  0.5840E-12
  0.1000E+17  0.7010E-35  0.5690E-27  0.1120E-20  0.5150E-16  0.9450E-14  0.1750E-12  0.4070E-12  0.5190E-12  0.5790E-12  0.6340E-12  0.6690E-12  0.6640E-12  0.6200E-12  0.5840E-12
WAVELENGTH(A)= 
    15.505
 7 14 t 
excit   
    15.500     23.300     38.800     77.500    155.000    388.000    776.000   1160.000   1550.000   2330.000   3880.000   7760.000  15500.000  23300.000 
  0.1000E+11  0.8380E-32  0.2000E-24  0.1490E-18  0.3400E-14  0.4540E-12  0.7330E-11  0.1730E-10  0.2290E-10  0.2630E-10  0.3040E-10  0.3430E-10  0.3700E-10  0.3690E-10  0.3580E-10
  0.1000E+12  0.8380E-32  0.2000E-24  0.1490E-18  0.3400E-14  0.4540E-12  0.7330E-11  0.1730E-10  0.2290E-10  0.2630E-10  0.3040E-10  0.3430E-10  0.3700E-10  0.3690E-10  0.3580E-10
  0.1000E+13  0.8380E-32  0.2000E-24  0.1490E-18  0.3400E-14  0.4540E-12  0.7330E-11  0.1730E-10  0.2290E-10  0.2630E-10  0.3040E-10  0.3430E-10  0.3700E-10  0.3690E-10  0.3580E-10
  0.1000E+14  0.8380E-32  0.2000E-24  0.1490E-18  0.3400E-14  0.4540E-12  0.7330E-11  0.1730E-10  0.2290E-10  0.2630E-10  0.3040E-10  0.3430E-10  0.3700E-10  0.3690E-10  0.3580E-10
  0.1000E+15  0.8380E-32  0.2000E-24  0.1490E-18  0.3400E-14  0.4540E-12  0.7330E-11  0.1730E-10  0.2290E-10  0.2630E-10  0.3040E-10  0.3430E-10  0.3700E-10  0.3690E-10  0.3580E-10
  0.1000E+16  0.8380E-32  0.2000E-24  0.1490E-18  0.3400E-14  0.4540E-12  0.7330E-11  0.1730E-10  0.2280E-10  0.2630E-10  0.3040E-10  0.3430E-10  0.3700E-10  0.3690E-10  0.3580E-10
  0.1000E+17  0.8390E-32  0.2000E-24  0.1490E-18  0.3400E-14  0.4540E-12  0.7310E-11  0.1720E-10  0.2270E-10  0.2620E-10  0.3030E-10  0.3410E-10  0.3690E-10  0.3680E-10  0.3570E-10
WAVELENGTH(A)= 
    17.247
 7 14 t 
excit   
    15.500     23.300     38.800     77.500    155.000    388.000    776.000   1160.000   1550.000   2330.000   3880.000   7760.000  15500.000  23300.000 
  0.1000E+11  0.4550E-35  0.1690E-26  0.1100E-19  0.1220E-14  0.3440E-12  0.7980E-11  0.1920E-10  0.2380E-10  0.2550E-10  0.2610E-10  0.2440E-10  0.2020E-10  0.1570E-10  0.1330E-10
  0.1000E+12  0.4550E-35  0.1690E-26  0.1100E-19  0.1220E-14  0.3440E-12  0.7980E-11  0.1920E-10  0.2380E-10  0.2550E-10  0.2610E-10  0.2440E-10  0.2020E-10  0.1570E-10  0.1330E-10
  0.1000E+13  0.4550E-35  0.1690E-26  0.1100E-19  0.1220E-14  0.3440E-12  0.7980E-11  0.1920E-10  0.2380E-10  0.2550E-10  0.2610E-10  0.2440E-10  0.2020E-10  0.1570E-10  0.1330E-10
  0.1000E+14  0.4550E-35  0.1690E-26  0.1100E-19  0.1220E-14  0.3440E-12  0.7980E-11  0.1920E-10  0.2380E-10  0.2550E-10  0.2610E-10  0.2440E-10  0.2020E-10  0.1570E-10  0.1330E-10
  0.1000E+15  0.4550E-35  0.1690E-26  0.1100E-19  0.1220E-14  0.3440E-12  0.7980E-11  0.1920E-10  0.2380E-10  0.2550E-10  0.2610E-10  0.2440E-10  0.2020E-10  0.1570E-10  0.1330E-10
  0.1000E+16  0.4550E-35  0.1690E-26  0.1110E-19  0.1220E-14  0.3440E-12  0.7980E-11  0.1920E-10  0.2380E-10  0.2550E-10  0.2610E-10  0.2440E-10  0.2020E-10  0.1570E-10  0.1330E-10
  0.1000E+17  0.4550E-35  0.1690E-26  0.1110E-19  0.1220E-14  0.3440E-12  0.7950E-11  0.1910E-10  0.2360E-10  0.2540E-10  0.2590E-10  0.2430E-10  0.2010E-10  0.1560E-10  0.1320E-10
WAVELENGTH(A)= 
    17.448
 7 14 t 
excit   
    15.500     23.300     38.800     77.500    155.000    388.000    776.000   1160.000   1550.000   2330.000   3880.000   7760.000  15500.000  23300.000 
  0.1000E+11  0.3220E-30  0.1190E-23  0.2040E-18  0.1590E-14  0.1270E-12  0.1480E-11  0.2990E-11  0.3650E-11  0.3980E-11  0.4250E-11  0.4370E-11  0.4210E-11  0.3840E-11  0.3570E-11
  0.1000E+12  0.3220E-30  0.1190E-23  0.2040E-18  0.1590E-14  0.1270E-12  0.1480E-11  0.2990E-11  0.3650E-11  0.3980E-11  0.4250E-11  0.4370E-11  0.4210E-11  0.3840E-11  0.3570E-11
  0.1000E+13  0.3220E-30  0.1190E-23  0.2040E-18  0.1590E-14  0.1270E-12  0.1480E-11  0.2990E-11  0.3650E-11  0.3980E-11  0.4250E-11  0.4370E-11  0.4210E-11  0.3840E-11  0.3570E-11
  0.1000E+14  0.3220E-30  0.1190E-23  0.2040E-18  0.1590E-14  0.1270E-12  0.1480E-11  0.2990E-11  0.3650E-11  0.3980E-11  0.4250E-11  0.4370E-11  0.4210E-11  0.3840E-11  0.3570E-11
  0.1000E+15  0.3220E-30  0.1190E-23  0.2040E-18  0.1590E-14  0.1270E-12  0.1480E-11  0.2990E-11  0.3650E-11  0.3980E-11  0.4250E-11  0.4370E-11  0.4210E-11  0.3840E-11  0.3570E-11
  0.1000E+16  0.3240E-30  0.1190E-23  0.2050E-18  0.1600E-14  0.1270E-12  0.1480E-11  0.3000E-11  0.3650E-11  0.3980E-11  0.4260E-11  0.4370E-11  0.4210E-11  0.3840E-11  0.3570E-11
  0.1000E+17  0.3460E-30  0.1250E-23  0.2120E-18  0.1630E-14  0.1290E-12  0.1490E-11  0.3010E-11  0.3660E-11  0.3990E-11  0.4260E-11  0.4370E-11  0.4210E-11  0.3840E-11  0.3570E-11
WAVELENGTH(A)= 
    18.425
 7 14 t 
excit   
    15.500     23.300     38.800     77.500    155.000    388.000    776.000   1160.000   1550.000   2330.000   3880.000   7760.000  15500.000  23300.000 
  0.1000E+11  0.1080E-34  0.1500E-26  0.4480E-20  0.2760E-15  0.5790E-13  0.1140E-11  0.2590E-11  0.3170E-11  0.3390E-11  0.3460E-11  0.3280E-11  0.2760E-11  0.2190E-11  0.1880E-11
  0.1000E+12  0.1080E-34  0.1500E-26  0.4480E-20  0.2760E-15  0.5790E-13  0.1140E-11  0.2590E-11  0.3170E-11  0.3390E-11  0.3460E-11  0.3280E-11  0.2760E-11  0.2190E-11  0.1880E-11
  0.1000E+13  0.1080E-34  0.1500E-26  0.4480E-20  0.2760E-15  0.5790E-13  0.1140E-11  0.2590E-11  0.3170E-11  0.3390E-11  0.3460E-11  0.3280E-11  0.2760E-11  0.2190E-11  0.1880E-11
  0.1000E+14  0.1080E-34  0.1500E-26  0.4480E-20  0.2760E-15  0.5790E-13  0.1140E-11  0.2590E-11  0.3170E-11  0.3390E-11  0.3460E-11  0.3280E-11  0.2760E-11  0.2190E-11  0.1880E-11
  0.1000E+15  0.1080E-34  0.1500E-26  0.4480E-20  0.2760E-15  0.5790E-13  0.1140E-11  0.2590E-11  0.3170E-11  0.3390E-11  0.3460E-11  0.3280E-11  0.2760E-11  0.2190E-11  0.1880E-11
  0.1000E+16  0.1080E-34  0.1500E-26  0.4480E-20  0.2760E-15  0.5790E-13  0.1130E-11  0.2590E-11  0.3170E-11  0.3390E-11  0.3460E-11  0.3270E-11  0.2760E-11  0.2190E-11  0.1880E-11
  0.1000E+17  0.1090E-34  0.1510E-26  0.4490E-20  0.2760E-15  0.5790E-13  0.1130E-11  0.2580E-11  0.3160E-11  0.3370E-11  0.3450E-11  0.3260E-11  0.2750E-11  0.2180E-11  0.1880E-11
WAVELENGTH(A)= 
    19.858
 7 14 t 
excit   
    15.500     23.300     38.800     77.500    155.000    388.000    776.000   1160.000   1550.000   2330.000   3880.000   7760.000  15500.000  23300.000 
  0.1000E+11  0.5200E-32  0.2530E-24  0.3260E-18  0.1070E-13  0.1650E-11  0.2680E-10  0.5740E-10  0.6900E-10  0.7300E-10  0.7370E-10  0.6890E-10  0.5730E-10  0.4480E-10  0.3820E-10
  0.1000E+12  0.5200E-32  0.2530E-24  0.3260E-18  0.1070E-13  0.1650E-11  0.2680E-10  0.5740E-10  0.6900E-10  0.7300E-10  0.7370E-10  0.6890E-10  0.5730E-10  0.4480E-10  0.3820E-10
  0.1000E+13  0.5200E-32  0.2530E-24  0.3260E-18  0.1070E-13  0.1650E-11  0.2680E-10  0.5740E-10  0.6900E-10  0.7300E-10  0.7370E-10  0.6890E-10  0.5730E-10  0.4480E-10  0.3820E-10
  0.1000E+14  0.5200E-32  0.2530E-24  0.3260E-18  0.1070E-13  0.1650E-11  0.2680E-10  0.5740E-10  0.6900E-10  0.7300E-10  0.7370E-10  0.6890E-10  0.5730E-10  0.4480E-10  0.3820E-10
  0.1000E+15  0.5200E-32  0.2530E-24  0.3260E-18  0.1070E-13  0.1650E-11  0.2680E-10  0.5740E-10  0.6890E-10  0.7300E-10  0.7370E-10  0.6890E-10  0.5730E-10  0.4480E-10  0.3820E-10
  0.1000E+16  0.5200E-32  0.2530E-24  0.3260E-18  0.1070E-13  0.1650E-11  0.2680E-10  0.5740E-10  0.6890E-10  0.7300E-10  0.7370E-10  0.6880E-10  0.5730E-10  0.4480E-10  0.3810E-10
  0.1000E+17  0.5200E-32  0.2540E-24  0.3270E-18  0.1070E-13  0.1650E-11  0.2670E-10  0.5710E-10  0.6860E-10  0.7260E-10  0.7330E-10  0.6850E-10  0.5700E-10  0.4470E-10  0.3800E-10
WAVELENGTH(A)= 
    20.254
 7 14 t 
excit   
    15.500     23.300     38.800     77.500    155.000    388.000    776.000   1160.000   1550.000   2330.000   3880.000   7760.000  15500.000  23300.000 
  0.1000E+11  0.4160E-26  0.1770E-20  0.5210E-16  0.1090E-12  0.4820E-11  0.4430E-10  0.8970E-10  0.1130E-09  0.1280E-09  0.1450E-09  0.1590E-09  0.1680E-09  0.1650E-09  0.1590E-09
  0.1000E+12  0.4160E-26  0.1770E-20  0.5210E-16  0.1090E-12  0.4820E-11  0.4430E-10  0.8970E-10  0.1130E-09  0.1280E-09  0.1450E-09  0.1590E-09  0.1680E-09  0.1650E-09  0.1590E-09
  0.1000E+13  0.4160E-26  0.1770E-20  0.5210E-16  0.1090E-12  0.4820E-11  0.4430E-10  0.8970E-10  0.1130E-09  0.1280E-09  0.1450E-09  0.1590E-09  0.1680E-09  0.1650E-09  0.1590E-09
  0.1000E+14  0.4160E-26  0.1770E-20  0.5210E-16  0.1090E-12  0.4820E-11  0.4430E-10  0.8970E-10  0.1130E-09  0.1280E-09  0.1450E-09  0.1590E-09  0.1680E-09  0.1650E-09  0.1590E-09
  0.1000E+15  0.4160E-26  0.1770E-20  0.5220E-16  0.1090E-12  0.4820E-11  0.4430E-10  0.8970E-10  0.1130E-09  0.1280E-09  0.1450E-09  0.1590E-09  0.1680E-09  0.1650E-09  0.1590E-09
  0.1000E+16  0.4160E-26  0.1770E-20  0.5220E-16  0.1090E-12  0.4820E-11  0.4430E-10  0.8970E-10  0.1130E-09  0.1280E-09  0.1450E-09  0.1590E-09  0.1680E-09  0.1650E-09  0.1590E-09
  0.1000E+17  0.4180E-26  0.1780E-20  0.5230E-16  0.1090E-12  0.4820E-11  0.4420E-10  0.8930E-10  0.1130E-09  0.1270E-09  0.1440E-09  0.1580E-09  0.1680E-09  0.1640E-09  0.1580E-09
WAVELENGTH(A)= 
    22.700
 7 14 t 
excit   
    15.500     23.300     38.800     77.500    155.000    388.000    776.000   1160.000   1550.000   2330.000   3880.000   7760.000  15500.000  23300.000 
  0.1000E+11  0.1560E-30  0.1420E-23  0.4820E-18  0.5890E-14  0.5580E-12  0.6890E-11  0.1360E-10  0.1600E-10  0.1690E-10  0.1710E-10  0.1620E-10  0.1390E-10  0.1130E-10  0.9920E-11
  0.1000E+12  0.1560E-30  0.1420E-23  0.4820E-18  0.5890E-14  0.5580E-12  0.6890E-11  0.1360E-10  0.1600E-10  0.1690E-10  0.1710E-10  0.1620E-10  0.1390E-10  0.1130E-10  0.9920E-11
  0.1000E+13  0.1560E-30  0.1420E-23  0.4820E-18  0.5890E-14  0.5580E-12  0.6890E-11  0.1360E-10  0.1600E-10  0.1690E-10  0.1710E-10  0.1620E-10  0.1390E-10  0.1130E-10  0.9920E-11
  0.1000E+14  0.1560E-30  0.1420E-23  0.4820E-18  0.5890E-14  0.5580E-12  0.6890E-11  0.1360E-10  0.1600E-10  0.1690E-10  0.1710E-10  0.1620E-10  0.1390E-10  0.1130E-10  0.9920E-11
  0.1000E+15  0.1560E-30  0.1420E-23  0.4820E-18  0.5890E-14  0.5580E-12  0.6890E-11  0.1360E-10  0.1600E-10  0.1690E-10  0.1710E-10  0.1620E-10  0.1390E-10  0.1130E-10  0.9920E-11
  0.1000E+16  0.1560E-30  0.1420E-23  0.4820E-18  0.5890E-14  0.5580E-12  0.6890E-11  0.1360E-10  0.1600E-10  0.1690E-10  0.1710E-10  0.1610E-10  0.1390E-10  0.1130E-10  0.9920E-11
  0.1000E+17  0.1570E-30  0.1430E-23  0.4840E-18  0.5900E-14  0.5590E-12  0.6880E-11  0.1360E-10  0.1600E-10  0.1680E-10  0.1700E-10  0.1610E-10  0.1380E-10  0.1130E-10  0.9890E-11
WAVELENGTH(A)= 
    25.797
 7 14 t 
excit   
    15.500     23.300     38.800     77.500    155.000    388.000    776.000   1160.000   1550.000   2330.000   3880.000   7760.000  15500.000  23300.000 
  0.1000E+11  0.1260E-34  0.1030E-26  0.2060E-20  0.9500E-16  0.1750E-13  0.3260E-12  0.7620E-12  0.9720E-12  0.1090E-11  0.1190E-11  0.1260E-11  0.1250E-11  0.1160E-11  0.1100E-11
  0.1000E+12  0.1260E-34  0.1030E-26  0.2060E-20  0.9500E-16  0.1750E-13  0.3260E-12  0.7620E-12  0.9720E-12  0.1090E-11  0.1190E-11  0.1260E-11  0.1250E-11  0.1160E-11  0.1100E-11
  0.1000E+13  0.1260E-34  0.1030E-26  0.2060E-20  0.9500E-16  0.1750E-13  0.3260E-12  0.7620E-12  0.9720E-12  0.1090E-11  0.1190E-11  0.1260E-11  0.1250E-11  0.1160E-11  0.1100E-11
  0.1000E+14  0.1260E-34  0.1030E-26  0.2060E-20  0.9500E-16  0.1750E-13  0.3260E-12  0.7620E-12  0.9720E-12  0.1090E-11  0.1190E-11  0.1260E-11  0.1250E-11  0.1160E-11  0.1100E-11
  0.1000E+15  0.1260E-34  0.1030E-26  0.2060E-20  0.9510E-16  0.1750E-13  0.3260E-12  0.7620E-12  0.9720E-12  0.1090E-11  0.1190E-11  0.1260E-11  0.1250E-11  0.1160E-11  0.1100E-11
  0.1000E+16  0.1260E-34  0.1030E-26  0.2060E-20  0.9520E-16  0.1760E-13  0.3260E-12  0.7620E-12  0.9720E-12  0.1090E-11  0.1190E-11  0.1260E-11  0.1250E-11  0.1160E-11  0.1100E-11
  0.1000E+17  0.1320E-34  0.1070E-26  0.2110E-20  0.9670E-16  0.1770E-13  0.3280E-12  0.7650E-12  0.9740E-12  0.1090E-11  0.1190E-11  0.1260E-11  0.1250E-11  0.1160E-11  0.1100E-11
WAVELENGTH(A)= 
    26.408
 7 14 t 
excit   
    15.500     23.300     38.800     77.500    155.000    388.000    776.000   1160.000   1550.000   2330.000   3880.000   7760.000  15500.000  23300.000 
  0.1000E+11  0.4010E-27  0.7030E-21  0.6310E-16  0.2820E-12  0.1600E-10  0.1450E-09  0.2600E-09  0.2960E-09  0.3060E-09  0.3020E-09  0.2790E-09  0.2310E-09  0.1810E-09  0.1550E-09
  0.1000E+12  0.4010E-27  0.7030E-21  0.6310E-16  0.2820E-12  0.1600E-10  0.1450E-09  0.2600E-09  0.2960E-09  0.3060E-09  0.3020E-09  0.2790E-09  0.2310E-09  0.1810E-09  0.1550E-09
  0.1000E+13  0.4010E-27  0.7030E-21  0.6310E-16  0.2820E-12  0.1600E-10  0.1450E-09  0.2600E-09  0.2960E-09  0.3060E-09  0.3020E-09  0.2790E-09  0.2310E-09  0.1810E-09  0.1550E-09
  0.1000E+14  0.4010E-27  0.7030E-21  0.6310E-16  0.2820E-12  0.1600E-10  0.1450E-09  0.2600E-09  0.2960E-09  0.3060E-09  0.3020E-09  0.2790E-09  0.2310E-09  0.1810E-09  0.1550E-09
  0.1000E+15  0.4010E-27  0.7030E-21  0.6310E-16  0.2820E-12  0.1600E-10  0.1450E-09  0.2600E-09  0.2960E-09  0.3060E-09  0.3020E-09  0.2790E-09  0.2310E-09  0.1810E-09  0.1550E-09
  0.1000E+16  0.4010E-27  0.7030E-21  0.6310E-16  0.2820E-12  0.1600E-10  0.1450E-09  0.2590E-09  0.2960E-09  0.3060E-09  0.3020E-09  0.2790E-09  0.2310E-09  0.1810E-09  0.1550E-09
  0.1000E+17  0.4010E-27  0.7040E-21  0.6320E-16  0.2820E-12  0.1600E-10  0.1450E-09  0.2580E-09  0.2940E-09  0.3050E-09  0.3010E-09  0.2780E-09  0.2300E-09  0.1810E-09  0.1540E-09
WAVELENGTH(A)= 
    28.062
 7 14 t 
excit   
    15.500     23.300     38.800     77.500    155.000    388.000    776.000   1160.000   1550.000   2330.000   3880.000   7760.000  15500.000  23300.000 
  0.1000E+11  0.2290E-34  0.3180E-26  0.9470E-20  0.5830E-15  0.1220E-12  0.2400E-11  0.5470E-11  0.6710E-11  0.7170E-11  0.7320E-11  0.6930E-11  0.5830E-11  0.4620E-11  0.3980E-11
  0.1000E+12  0.2290E-34  0.3180E-26  0.9470E-20  0.5830E-15  0.1220E-12  0.2400E-11  0.5470E-11  0.6710E-11  0.7170E-11  0.7320E-11  0.6930E-11  0.5830E-11  0.4620E-11  0.3980E-11
  0.1000E+13  0.2290E-34  0.3180E-26  0.9470E-20  0.5830E-15  0.1220E-12  0.2400E-11  0.5470E-11  0.6710E-11  0.7170E-11  0.7320E-11  0.6930E-11  0.5830E-11  0.4620E-11  0.3980E-11
  0.1000E+14  0.2290E-34  0.3180E-26  0.9470E-20  0.5830E-15  0.1220E-12  0.2400E-11  0.5470E-11  0.6710E-11  0.7170E-11  0.7320E-11  0.6930E-11  0.5830E-11  0.4620E-11  0.3980E-11
  0.1000E+15  0.2290E-34  0.3180E-26  0.9470E-20  0.5830E-15  0.1220E-12  0.2400E-11  0.5470E-11  0.6710E-11  0.7170E-11  0.7320E-11  0.6930E-11  0.5830E-11  0.4620E-11  0.3980E-11
  0.1000E+16  0.2290E-34  0.3180E-26  0.9470E-20  0.5830E-15  0.1220E-12  0.2400E-11  0.5470E-11  0.6700E-11  0.7160E-11  0.7320E-11  0.6920E-11  0.5830E-11  0.4620E-11  0.3980E-11
  0.1000E+17  0.2300E-34  0.3190E-26  0.9490E-20  0.5840E-15  0.1220E-12  0.2390E-11  0.5450E-11  0.6670E-11  0.7130E-11  0.7280E-11  0.6890E-11  0.5810E-11  0.4610E-11  0.3970E-11
WAVELENGTH(A)= 
    28.190
 7 14 t 
excit   
    15.500     23.300     38.800     77.500    155.000    388.000    776.000   1160.000   1550.000   2330.000   3880.000   7760.000  15500.000  23300.000 
  0.1000E+11  0.3680E-21  0.3950E-17  0.6580E-14  0.1750E-11  0.2800E-10  0.1380E-09  0.2200E-09  0.2520E-09  0.2660E-09  0.2770E-09  0.2780E-09  0.2640E-09  0.2370E-09  0.2200E-09
  0.1000E+12  0.3680E-21  0.3950E-17  0.6580E-14  0.1750E-11  0.2800E-10  0.1380E-09  0.2200E-09  0.2520E-09  0.2660E-09  0.2770E-09  0.2780E-09  0.2640E-09  0.2370E-09  0.2200E-09
  0.1000E+13  0.3680E-21  0.3960E-17  0.6580E-14  0.1750E-11  0.2800E-10  0.1380E-09  0.2200E-09  0.2520E-09  0.2660E-09  0.2770E-09  0.2780E-09  0.2640E-09  0.2370E-09  0.2200E-09
  0.1000E+14  0.3690E-21  0.3960E-17  0.6590E-14  0.1750E-11  0.2800E-10  0.1380E-09  0.2200E-09  0.2520E-09  0.2660E-09  0.2770E-09  0.2780E-09  0.2640E-09  0.2370E-09  0.2200E-09
  0.1000E+15  0.3730E-21  0.3990E-17  0.6630E-14  0.1760E-11  0.2810E-10  0.1380E-09  0.2210E-09  0.2520E-09  0.2660E-09  0.2780E-09  0.2790E-09  0.2640E-09  0.2380E-09  0.2200E-09
  0.1000E+16  0.4130E-21  0.4350E-17  0.7060E-14  0.1830E-11  0.2890E-10  0.1410E-09  0.2240E-09  0.2550E-09  0.2690E-09  0.2800E-09  0.2810E-09  0.2650E-09  0.2390E-09  0.2210E-09
  0.1000E+17  0.8080E-21  0.7610E-17  0.1070E-13  0.2380E-11  0.3450E-10  0.1590E-09  0.2470E-09  0.2780E-09  0.2910E-09  0.3000E-09  0.2970E-09  0.2780E-09  0.2470E-09  0.2270E-09
WAVELENGTH(A)= 
    31.261
 7 14 t 
excit   
    15.500     23.300     38.800     77.500    155.000    388.000    776.000   1160.000   1550.000   2330.000   3880.000   7760.000  15500.000  23300.000 
  0.1000E+11  0.6550E-34  0.3440E-26  0.4700E-20  0.1610E-15  0.2530E-13  0.4140E-12  0.8810E-12  0.1050E-11  0.1100E-11  0.1100E-11  0.1010E-11  0.8200E-12  0.6300E-12  0.5340E-12
  0.1000E+12  0.6550E-34  0.3440E-26  0.4700E-20  0.1610E-15  0.2530E-13  0.4140E-12  0.8810E-12  0.1050E-11  0.1100E-11  0.1100E-11  0.1010E-11  0.8200E-12  0.6300E-12  0.5340E-12
  0.1000E+13  0.6550E-34  0.3440E-26  0.4700E-20  0.1610E-15  0.2530E-13  0.4140E-12  0.8810E-12  0.1050E-11  0.1100E-11  0.1100E-11  0.1010E-11  0.8200E-12  0.6300E-12  0.5340E-12
  0.1000E+14  0.6550E-34  0.3440E-26  0.4700E-20  0.1610E-15  0.2530E-13  0.4140E-12  0.8810E-12  0.1050E-11  0.1100E-11  0.1100E-11  0.1010E-11  0.8200E-12  0.6300E-12  0.5340E-12
  0.1000E+15  0.6560E-34  0.3440E-26  0.4710E-20  0.1620E-15  0.2540E-13  0.4140E-12  0.8810E-12  0.1050E-11  0.1100E-11  0.1100E-11  0.1010E-11  0.8200E-12  0.6300E-12  0.5340E-12
  0.1000E+16  0.6660E-34  0.3480E-26  0.4760E-20  0.1630E-15  0.2550E-13  0.4160E-12  0.8840E-12  0.1050E-11  0.1100E-11  0.1100E-11  0.1010E-11  0.8220E-12  0.6320E-12  0.5350E-12
  0.1000E+17  0.7630E-34  0.3880E-26  0.5150E-20  0.1720E-15  0.2660E-13  0.4300E-12  0.9090E-12  0.1080E-11  0.1130E-11  0.1130E-11  0.1030E-11  0.8380E-12  0.6420E-12  0.5430E-12
WAVELENGTH(A)= 
    32.396
 7 14 t 
excit   
    15.500     23.300     38.800     77.500    155.000    388.000    776.000   1160.000   1550.000   2330.000   3880.000   7760.000  15500.000  23300.000 
  0.1000E+11  0.3420E-35  0.8390E-27  0.3920E-20  0.3400E-15  0.8610E-13  0.2000E-11  0.5260E-11  0.7210E-11  0.8490E-11  0.1000E-10  0.1160E-10  0.1270E-10  0.1280E-10  0.1250E-10
  0.1000E+12  0.3420E-35  0.8390E-27  0.3920E-20  0.3400E-15  0.8610E-13  0.2000E-11  0.5260E-11  0.7210E-11  0.8490E-11  0.1000E-10  0.1160E-10  0.1270E-10  0.1280E-10  0.1250E-10
  0.1000E+13  0.3420E-35  0.8390E-27  0.3920E-20  0.3400E-15  0.8610E-13  0.2000E-11  0.5260E-11  0.7210E-11  0.8490E-11  0.1000E-10  0.1160E-10  0.1270E-10  0.1280E-10  0.1250E-10
  0.1000E+14  0.3420E-35  0.8390E-27  0.3920E-20  0.3400E-15  0.8610E-13  0.2000E-11  0.5260E-11  0.7210E-11  0.8490E-11  0.1000E-10  0.1160E-10  0.1270E-10  0.1280E-10  0.1250E-10
  0.1000E+15  0.3420E-35  0.8390E-27  0.3920E-20  0.3400E-15  0.8610E-13  0.2000E-11  0.5260E-11  0.7210E-11  0.8490E-11  0.1000E-10  0.1160E-10  0.1270E-10  0.1280E-10  0.1250E-10
  0.1000E+16  0.3420E-35  0.8390E-27  0.3920E-20  0.3400E-15  0.8600E-13  0.2000E-11  0.5260E-11  0.7200E-11  0.8480E-11  0.1000E-10  0.1150E-10  0.1270E-10  0.1280E-10  0.1250E-10
  0.1000E+17  0.3420E-35  0.8400E-27  0.3920E-20  0.3400E-15  0.8600E-13  0.1990E-11  0.5240E-11  0.7170E-11  0.8440E-11  0.9980E-11  0.1150E-10  0.1270E-10  0.1280E-10  0.1250E-10
WAVELENGTH(A)= 
    33.061
 7 14 t 
excit   
    15.500     23.300     38.800     77.500    155.000    388.000    776.000   1160.000   1550.000   2330.000   3880.000   7760.000  15500.000  23300.000 
  0.1000E+11  0.1990E-19  0.5220E-16  0.2650E-13  0.2600E-11  0.2390E-10  0.8060E-10  0.1100E-09  0.1160E-09  0.1170E-09  0.1150E-09  0.1080E-09  0.9420E-10  0.7940E-10  0.7110E-10
  0.1000E+12  0.1990E-19  0.5220E-16  0.2650E-13  0.2600E-11  0.2390E-10  0.8060E-10  0.1100E-09  0.1160E-09  0.1170E-09  0.1150E-09  0.1080E-09  0.9420E-10  0.7940E-10  0.7110E-10
  0.1000E+13  0.1990E-19  0.5220E-16  0.2650E-13  0.2600E-11  0.2390E-10  0.8060E-10  0.1100E-09  0.1160E-09  0.1170E-09  0.1150E-09  0.1080E-09  0.9420E-10  0.7940E-10  0.7110E-10
  0.1000E+14  0.1990E-19  0.5220E-16  0.2650E-13  0.2600E-11  0.2380E-10  0.8060E-10  0.1100E-09  0.1160E-09  0.1170E-09  0.1150E-09  0.1080E-09  0.9410E-10  0.7940E-10  0.7110E-10
  0.1000E+15  0.1990E-19  0.5220E-16  0.2650E-13  0.2590E-11  0.2380E-10  0.8030E-10  0.1090E-09  0.1160E-09  0.1170E-09  0.1150E-09  0.1070E-09  0.9400E-10  0.7930E-10  0.7100E-10
  0.1000E+16  0.1990E-19  0.5180E-16  0.2600E-13  0.2520E-11  0.2290E-10  0.7730E-10  0.1060E-09  0.1120E-09  0.1140E-09  0.1120E-09  0.1050E-09  0.9220E-10  0.7810E-10  0.7010E-10
  0.1000E+17  0.1940E-19  0.4840E-16  0.2230E-13  0.1940E-11  0.1680E-10  0.5640E-10  0.7900E-10  0.8570E-10  0.8780E-10  0.8830E-10  0.8530E-10  0.7760E-10  0.6790E-10  0.6200E-10
WAVELENGTH(A)= 
    36.944
 7 14 t 
excit   
    15.500     23.300     38.800     77.500    155.000    388.000    776.000   1160.000   1550.000   2330.000   3880.000   7760.000  15500.000  23300.000 
  0.1000E+11  0.4310E-30  0.1590E-23  0.2740E-18  0.2140E-14  0.1700E-12  0.1980E-11  0.4020E-11  0.4890E-11  0.5340E-11  0.5700E-11  0.5860E-11  0.5640E-11  0.5140E-11  0.4790E-11
  0.1000E+12  0.4310E-30  0.1590E-23  0.2740E-18  0.2140E-14  0.1700E-12  0.1980E-11  0.4020E-11  0.4890E-11  0.5340E-11  0.5700E-11  0.5860E-11  0.5640E-11  0.5140E-11  0.4790E-11
  0.1000E+13  0.4310E-30  0.1590E-23  0.2740E-18  0.2140E-14  0.1700E-12  0.1980E-11  0.4020E-11  0.4890E-11  0.5340E-11  0.5700E-11  0.5860E-11  0.5640E-11  0.5140E-11  0.4790E-11
  0.1000E+14  0.4310E-30  0.1590E-23  0.2740E-18  0.2140E-14  0.1700E-12  0.1980E-11  0.4020E-11  0.4890E-11  0.5340E-11  0.5700E-11  0.5860E-11  0.5640E-11  0.5140E-11  0.4790E-11
  0.1000E+15  0.4320E-30  0.1590E-23  0.2740E-18  0.2140E-14  0.1700E-12  0.1980E-11  0.4020E-11  0.4890E-11  0.5340E-11  0.5700E-11  0.5860E-11  0.5640E-11  0.5140E-11  0.4790E-11
  0.1000E+16  0.4350E-30  0.1600E-23  0.2750E-18  0.2140E-14  0.1710E-12  0.1990E-11  0.4020E-11  0.4900E-11  0.5340E-11  0.5710E-11  0.5860E-11  0.5640E-11  0.5150E-11  0.4790E-11
  0.1000E+17  0.4640E-30  0.1680E-23  0.2840E-18  0.2190E-14  0.1730E-12  0.2000E-11  0.4040E-11  0.4910E-11  0.5350E-11  0.5720E-11  0.5860E-11  0.5650E-11  0.5150E-11  0.4790E-11
WAVELENGTH(A)= 
    37.521
 7 14 t 
excit   
    15.500     23.300     38.800     77.500    155.000    388.000    776.000   1160.000   1550.000   2330.000   3880.000   7760.000  15500.000  23300.000 
  0.1000E+11  0.2140E-34  0.1760E-26  0.3500E-20  0.1620E-15  0.2990E-13  0.5550E-12  0.1300E-11  0.1660E-11  0.1850E-11  0.2030E-11  0.2140E-11  0.2120E-11  0.1980E-11  0.1870E-11
  0.1000E+12  0.2140E-34  0.1760E-26  0.3500E-20  0.1620E-15  0.2990E-13  0.5550E-12  0.1300E-11  0.1660E-11  0.1850E-11  0.2030E-11  0.2140E-11  0.2120E-11  0.1980E-11  0.1870E-11
  0.1000E+13  0.2140E-34  0.1760E-26  0.3500E-20  0.1620E-15  0.2990E-13  0.5550E-12  0.1300E-11  0.1660E-11  0.1850E-11  0.2030E-11  0.2140E-11  0.2120E-11  0.1980E-11  0.1870E-11
  0.1000E+14  0.2140E-34  0.1760E-26  0.3500E-20  0.1620E-15  0.2990E-13  0.5550E-12  0.1300E-11  0.1660E-11  0.1850E-11  0.2030E-11  0.2140E-11  0.2120E-11  0.1980E-11  0.1870E-11
  0.1000E+15  0.2140E-34  0.1760E-26  0.3510E-20  0.1620E-15  0.2990E-13  0.5550E-12  0.1300E-11  0.1660E-11  0.1850E-11  0.2030E-11  0.2140E-11  0.2120E-11  0.1980E-11  0.1870E-11
  0.1000E+16  0.2150E-34  0.1760E-26  0.3510E-20  0.1620E-15  0.2990E-13  0.5550E-12  0.1300E-11  0.1660E-11  0.1850E-11  0.2030E-11  0.2140E-11  0.2120E-11  0.1980E-11  0.1870E-11
  0.1000E+17  0.2240E-34  0.1820E-26  0.3600E-20  0.1650E-15  0.3020E-13  0.5590E-12  0.1300E-11  0.1660E-11  0.1850E-11  0.2030E-11  0.2140E-11  0.2130E-11  0.1980E-11  0.1870E-11
WAVELENGTH(A)= 
    39.177
 7 14 t 
excit   
    15.500     23.300     38.800     77.500    155.000    388.000    776.000   1160.000   1550.000   2330.000   3880.000   7760.000  15500.000  23300.000 
  0.1000E+11  0.5010E-23  0.3270E-18  0.2140E-14  0.1350E-11  0.2970E-10  0.1610E-09  0.2490E-09  0.2740E-09  0.2800E-09  0.2780E-09  0.2620E-09  0.2290E-09  0.1930E-09  0.1720E-09
  0.1000E+12  0.5010E-23  0.3270E-18  0.2140E-14  0.1350E-11  0.2970E-10  0.1610E-09  0.2490E-09  0.2740E-09  0.2800E-09  0.2780E-09  0.2620E-09  0.2290E-09  0.1930E-09  0.1720E-09
  0.1000E+13  0.5010E-23  0.3270E-18  0.2140E-14  0.1350E-11  0.2970E-10  0.1610E-09  0.2490E-09  0.2740E-09  0.2800E-09  0.2780E-09  0.2620E-09  0.2290E-09  0.1930E-09  0.1720E-09
  0.1000E+14  0.5010E-23  0.3270E-18  0.2140E-14  0.1350E-11  0.2970E-10  0.1610E-09  0.2490E-09  0.2740E-09  0.2800E-09  0.2780E-09  0.2620E-09  0.2290E-09  0.1930E-09  0.1720E-09
  0.1000E+15  0.5020E-23  0.3270E-18  0.2140E-14  0.1350E-11  0.2970E-10  0.1610E-09  0.2490E-09  0.2740E-09  0.2800E-09  0.2780E-09  0.2620E-09  0.2290E-09  0.1930E-09  0.1720E-09
  0.1000E+16  0.5040E-23  0.3280E-18  0.2140E-14  0.1350E-11  0.2970E-10  0.1610E-09  0.2490E-09  0.2740E-09  0.2800E-09  0.2780E-09  0.2620E-09  0.2290E-09  0.1930E-09  0.1720E-09
  0.1000E+17  0.5260E-23  0.3390E-18  0.2190E-14  0.1380E-11  0.3010E-10  0.1620E-09  0.2490E-09  0.2740E-09  0.2810E-09  0.2780E-09  0.2620E-09  0.2290E-09  0.1920E-09  0.1720E-09
WAVELENGTH(A)= 
    39.304
 7 14 t 
excit   
    15.500     23.300     38.800     77.500    155.000    388.000    776.000   1160.000   1550.000   2330.000   3880.000   7760.000  15500.000  23300.000 
  0.1000E+11  0.1330E-35  0.4930E-27  0.3230E-20  0.3580E-15  0.1010E-12  0.2340E-11  0.5610E-11  0.6950E-11  0.7470E-11  0.7630E-11  0.7150E-11  0.5920E-11  0.4580E-11  0.3880E-11
  0.1000E+12  0.1330E-35  0.4930E-27  0.3230E-20  0.3580E-15  0.1010E-12  0.2340E-11  0.5610E-11  0.6950E-11  0.7470E-11  0.7630E-11  0.7150E-11  0.5920E-11  0.4580E-11  0.3880E-11
  0.1000E+13  0.1330E-35  0.4930E-27  0.3230E-20  0.3580E-15  0.1010E-12  0.2340E-11  0.5610E-11  0.6950E-11  0.7470E-11  0.7630E-11  0.7150E-11  0.5920E-11  0.4580E-11  0.3880E-11
  0.1000E+14  0.1330E-35  0.4930E-27  0.3230E-20  0.3580E-15  0.1010E-12  0.2340E-11  0.5610E-11  0.6950E-11  0.7470E-11  0.7630E-11  0.7150E-11  0.5920E-11  0.4580E-11  0.3880E-11
  0.1000E+15  0.1330E-35  0.4930E-27  0.3230E-20  0.3580E-15  0.1010E-12  0.2330E-11  0.5610E-11  0.6950E-11  0.7470E-11  0.7630E-11  0.7150E-11  0.5920E-11  0.4580E-11  0.3880E-11
  0.1000E+16  0.1330E-35  0.4930E-27  0.3230E-20  0.3580E-15  0.1010E-12  0.2330E-11  0.5600E-11  0.6950E-11  0.7460E-11  0.7630E-11  0.7140E-11  0.5910E-11  0.4580E-11  0.3880E-11
  0.1000E+17  0.1330E-35  0.4940E-27  0.3240E-20  0.3580E-15  0.1010E-12  0.2330E-11  0.5580E-11  0.6920E-11  0.7430E-11  0.7590E-11  0.7110E-11  0.5890E-11  0.4560E-11  0.3870E-11
WAVELENGTH(A)= 
    39.348
 7 14 t 
excit   
    15.500     23.300     38.800     77.500    155.000    388.000    776.000   1160.000   1550.000   2330.000   3880.000   7760.000  15500.000  23300.000 
  0.1000E+11  0.1820E-30  0.1650E-23  0.5620E-18  0.6860E-14  0.6500E-12  0.8040E-11  0.1590E-10  0.1870E-10  0.1970E-10  0.1990E-10  0.1880E-10  0.1620E-10  0.1320E-10  0.1160E-10
  0.1000E+12  0.1820E-30  0.1650E-23  0.5620E-18  0.6860E-14  0.6500E-12  0.8040E-11  0.1590E-10  0.1870E-10  0.1970E-10  0.1990E-10  0.1880E-10  0.1620E-10  0.1320E-10  0.1160E-10
  0.1000E+13  0.1820E-30  0.1650E-23  0.5620E-18  0.6860E-14  0.6500E-12  0.8040E-11  0.1590E-10  0.1870E-10  0.1970E-10  0.1990E-10  0.1880E-10  0.1620E-10  0.1320E-10  0.1160E-10
  0.1000E+14  0.1820E-30  0.1650E-23  0.5620E-18  0.6860E-14  0.6500E-12  0.8040E-11  0.1590E-10  0.1870E-10  0.1970E-10  0.1990E-10  0.1880E-10  0.1620E-10  0.1320E-10  0.1160E-10
  0.1000E+15  0.1820E-30  0.1650E-23  0.5620E-18  0.6860E-14  0.6500E-12  0.8040E-11  0.1590E-10  0.1870E-10  0.1970E-10  0.1990E-10  0.1880E-10  0.1620E-10  0.1320E-10  0.1160E-10
  0.1000E+16  0.1820E-30  0.1650E-23  0.5620E-18  0.6860E-14  0.6510E-12  0.8030E-11  0.1590E-10  0.1870E-10  0.1970E-10  0.1990E-10  0.1880E-10  0.1610E-10  0.1320E-10  0.1160E-10
  0.1000E+17  0.1830E-30  0.1660E-23  0.5640E-18  0.6880E-14  0.6510E-12  0.8020E-11  0.1580E-10  0.1860E-10  0.1960E-10  0.1980E-10  0.1870E-10  0.1610E-10  0.1320E-10  0.1150E-10
WAVELENGTH(A)= 
    45.176
 7 14 t 
excit   
    15.500     23.300     38.800     77.500    155.000    388.000    776.000   1160.000   1550.000   2330.000   3880.000   7760.000  15500.000  23300.000 
  0.1000E+11  0.5730E-32  0.1370E-24  0.1020E-18  0.2320E-14  0.3110E-12  0.5020E-11  0.1180E-10  0.1560E-10  0.1800E-10  0.2080E-10  0.2350E-10  0.2530E-10  0.2530E-10  0.2450E-10
  0.1000E+12  0.5730E-32  0.1370E-24  0.1020E-18  0.2320E-14  0.3110E-12  0.5020E-11  0.1180E-10  0.1560E-10  0.1800E-10  0.2080E-10  0.2350E-10  0.2530E-10  0.2530E-10  0.2450E-10
  0.1000E+13  0.5730E-32  0.1370E-24  0.1020E-18  0.2320E-14  0.3110E-12  0.5020E-11  0.1180E-10  0.1560E-10  0.1800E-10  0.2080E-10  0.2350E-10  0.2530E-10  0.2530E-10  0.2450E-10
  0.1000E+14  0.5730E-32  0.1370E-24  0.1020E-18  0.2320E-14  0.3110E-12  0.5020E-11  0.1180E-10  0.1560E-10  0.1800E-10  0.2080E-10  0.2350E-10  0.2530E-10  0.2530E-10  0.2450E-10
  0.1000E+15  0.5730E-32  0.1370E-24  0.1020E-18  0.2320E-14  0.3110E-12  0.5020E-11  0.1180E-10  0.1560E-10  0.1800E-10  0.2080E-10  0.2350E-10  0.2530E-10  0.2530E-10  0.2450E-10
  0.1000E+16  0.5730E-32  0.1370E-24  0.1020E-18  0.2320E-14  0.3110E-12  0.5010E-11  0.1180E-10  0.1560E-10  0.1800E-10  0.2080E-10  0.2350E-10  0.2530E-10  0.2520E-10  0.2450E-10
  0.1000E+17  0.5740E-32  0.1370E-24  0.1020E-18  0.2320E-14  0.3100E-12  0.5000E-11  0.1180E-10  0.1560E-10  0.1790E-10  0.2070E-10  0.2330E-10  0.2520E-10  0.2510E-10  0.2440E-10
WAVELENGTH(A)= 
    46.007
 7 14 t 
excit   
    15.500     23.300     38.800     77.500    155.000    388.000    776.000   1160.000   1550.000   2330.000   3880.000   7760.000  15500.000  23300.000 
  0.1000E+11  0.1150E-34  0.1600E-26  0.4760E-20  0.2930E-15  0.6150E-13  0.1210E-11  0.2750E-11  0.3370E-11  0.3600E-11  0.3680E-11  0.3480E-11  0.2930E-11  0.2320E-11  0.2000E-11
  0.1000E+12  0.1150E-34  0.1600E-26  0.4760E-20  0.2930E-15  0.6150E-13  0.1210E-11  0.2750E-11  0.3370E-11  0.3600E-11  0.3680E-11  0.3480E-11  0.2930E-11  0.2320E-11  0.2000E-11
  0.1000E+13  0.1150E-34  0.1600E-26  0.4760E-20  0.2930E-15  0.6150E-13  0.1210E-11  0.2750E-11  0.3370E-11  0.3600E-11  0.3680E-11  0.3480E-11  0.2930E-11  0.2320E-11  0.2000E-11
  0.1000E+14  0.1150E-34  0.1600E-26  0.4760E-20  0.2930E-15  0.6150E-13  0.1210E-11  0.2750E-11  0.3370E-11  0.3600E-11  0.3680E-11  0.3480E-11  0.2930E-11  0.2320E-11  0.2000E-11
  0.1000E+15  0.1150E-34  0.1600E-26  0.4760E-20  0.2930E-15  0.6150E-13  0.1210E-11  0.2750E-11  0.3370E-11  0.3600E-11  0.3680E-11  0.3480E-11  0.2930E-11  0.2320E-11  0.2000E-11
  0.1000E+16  0.1150E-34  0.1600E-26  0.4760E-20  0.2930E-15  0.6150E-13  0.1210E-11  0.2750E-11  0.3370E-11  0.3600E-11  0.3680E-11  0.3480E-11  0.2930E-11  0.2320E-11  0.2000E-11
  0.1000E+17  0.1160E-34  0.1600E-26  0.4770E-20  0.2930E-15  0.6150E-13  0.1200E-11  0.2740E-11  0.3350E-11  0.3580E-11  0.3660E-11  0.3460E-11  0.2920E-11  0.2310E-11  0.1990E-11
WAVELENGTH(A)= 
    52.162
 7 14 t 
excit   
    15.500     23.300     38.800     77.500    155.000    388.000    776.000   1160.000   1550.000   2330.000   3880.000   7760.000  15500.000  23300.000 
  0.1000E+11  0.9140E-29  0.1580E-22  0.1420E-17  0.6380E-14  0.3690E-12  0.3380E-11  0.6010E-11  0.6780E-11  0.6960E-11  0.6840E-11  0.6240E-11  0.5160E-11  0.4080E-11  0.3510E-11
  0.1000E+12  0.9140E-29  0.1580E-22  0.1420E-17  0.6380E-14  0.3690E-12  0.3380E-11  0.6010E-11  0.6780E-11  0.6960E-11  0.6840E-11  0.6240E-11  0.5160E-11  0.4080E-11  0.3510E-11
  0.1000E+13  0.9140E-29  0.1580E-22  0.1420E-17  0.6380E-14  0.3690E-12  0.3380E-11  0.6010E-11  0.6780E-11  0.6960E-11  0.6840E-11  0.6240E-11  0.5160E-11  0.4080E-11  0.3510E-11
  0.1000E+14  0.9140E-29  0.1580E-22  0.1420E-17  0.6380E-14  0.3690E-12  0.3380E-11  0.6010E-11  0.6780E-11  0.6960E-11  0.6840E-11  0.6240E-11  0.5160E-11  0.4080E-11  0.3510E-11
  0.1000E+15  0.9170E-29  0.1580E-22  0.1420E-17  0.6390E-14  0.3690E-12  0.3380E-11  0.6010E-11  0.6780E-11  0.6970E-11  0.6840E-11  0.6240E-11  0.5160E-11  0.4080E-11  0.3510E-11
  0.1000E+16  0.9410E-29  0.1620E-22  0.1440E-17  0.6480E-14  0.3730E-12  0.3410E-11  0.6060E-11  0.6830E-11  0.7010E-11  0.6880E-11  0.6270E-11  0.5180E-11  0.4090E-11  0.3520E-11
  0.1000E+17  0.1180E-28  0.1940E-22  0.1650E-17  0.7110E-14  0.4010E-12  0.3610E-11  0.6370E-11  0.7160E-11  0.7330E-11  0.7170E-11  0.6520E-11  0.5350E-11  0.4210E-11  0.3610E-11
WAVELENGTH(A)= 
    53.979
 7 14 t 
excit   
    15.500     23.300     38.800     77.500    155.000    388.000    776.000   1160.000   1550.000   2330.000   3880.000   7760.000  15500.000  23300.000 
  0.1000E+11  0.2400E-36  0.5890E-28  0.2750E-21  0.2390E-16  0.6040E-14  0.1400E-12  0.3700E-12  0.5060E-12  0.5960E-12  0.7050E-12  0.8110E-12  0.8930E-12  0.9020E-12  0.8790E-12
  0.1000E+12  0.2400E-36  0.5890E-28  0.2750E-21  0.2390E-16  0.6040E-14  0.1400E-12  0.3700E-12  0.5060E-12  0.5960E-12  0.7050E-12  0.8110E-12  0.8930E-12  0.9020E-12  0.8790E-12
  0.1000E+13  0.2400E-36  0.5890E-28  0.2750E-21  0.2390E-16  0.6040E-14  0.1400E-12  0.3700E-12  0.5060E-12  0.5960E-12  0.7050E-12  0.8110E-12  0.8930E-12  0.9020E-12  0.8790E-12
  0.1000E+14  0.2400E-36  0.5890E-28  0.2750E-21  0.2390E-16  0.6040E-14  0.1400E-12  0.3700E-12  0.5060E-12  0.5960E-12  0.7050E-12  0.8110E-12  0.8930E-12  0.9020E-12  0.8790E-12
  0.1000E+15  0.2400E-36  0.5890E-28  0.2750E-21  0.2390E-16  0.6040E-14  0.1400E-12  0.3700E-12  0.5060E-12  0.5960E-12  0.7040E-12  0.8110E-12  0.8930E-12  0.9020E-12  0.8790E-12
  0.1000E+16  0.2400E-36  0.5890E-28  0.2750E-21  0.2390E-16  0.6040E-14  0.1400E-12  0.3690E-12  0.5060E-12  0.5960E-12  0.7040E-12  0.8110E-12  0.8930E-12  0.9010E-12  0.8790E-12
  0.1000E+17  0.2400E-36  0.5900E-28  0.2750E-21  0.2390E-16  0.6040E-14  0.1400E-12  0.3680E-12  0.5030E-12  0.5930E-12  0.7010E-12  0.8070E-12  0.8890E-12  0.8980E-12  0.8760E-12
WAVELENGTH(A)= 
    56.116
 7 14 t 
excit   
    15.500     23.300     38.800     77.500    155.000    388.000    776.000   1160.000   1550.000   2330.000   3880.000   7760.000  15500.000  23300.000 
  0.1000E+11  0.1100E-32  0.5370E-25  0.6920E-19  0.2280E-14  0.3500E-12  0.5680E-11  0.1220E-10  0.1460E-10  0.1550E-10  0.1560E-10  0.1460E-10  0.1210E-10  0.9500E-11  0.8090E-11
  0.1000E+12  0.1100E-32  0.5370E-25  0.6920E-19  0.2280E-14  0.3500E-12  0.5680E-11  0.1220E-10  0.1460E-10  0.1550E-10  0.1560E-10  0.1460E-10  0.1210E-10  0.9500E-11  0.8090E-11
  0.1000E+13  0.1100E-32  0.5370E-25  0.6920E-19  0.2280E-14  0.3500E-12  0.5680E-11  0.1220E-10  0.1460E-10  0.1550E-10  0.1560E-10  0.1460E-10  0.1210E-10  0.9500E-11  0.8090E-11
  0.1000E+14  0.1100E-32  0.5370E-25  0.6920E-19  0.2280E-14  0.3500E-12  0.5680E-11  0.1220E-10  0.1460E-10  0.1550E-10  0.1560E-10  0.1460E-10  0.1210E-10  0.9500E-11  0.8090E-11
  0.1000E+15  0.1100E-32  0.5370E-25  0.6920E-19  0.2280E-14  0.3500E-12  0.5680E-11  0.1220E-10  0.1460E-10  0.1550E-10  0.1560E-10  0.1460E-10  0.1210E-10  0.9500E-11  0.8090E-11
  0.1000E+16  0.1100E-32  0.5370E-25  0.6920E-19  0.2280E-14  0.3490E-12  0.5680E-11  0.1220E-10  0.1460E-10  0.1550E-10  0.1560E-10  0.1460E-10  0.1210E-10  0.9500E-11  0.8090E-11
  0.1000E+17  0.1100E-32  0.5380E-25  0.6920E-19  0.2280E-14  0.3490E-12  0.5660E-11  0.1210E-10  0.1450E-10  0.1540E-10  0.1550E-10  0.1450E-10  0.1210E-10  0.9460E-11  0.8060E-11
WAVELENGTH(A)= 
    57.785
 7 14 t 
excit   
    15.500     23.300     38.800     77.500    155.000    388.000    776.000   1160.000   1550.000   2330.000   3880.000   7760.000  15500.000  23300.000 
  0.1000E+11  0.3540E-14  0.2910E-12  0.9170E-11  0.1150E-09  0.4200E-09  0.8620E-09  0.9840E-09  0.9690E-09  0.9360E-09  0.8660E-09  0.7620E-09  0.6200E-09  0.4920E-09  0.4260E-09
  0.1000E+12  0.3540E-14  0.2910E-12  0.9170E-11  0.1150E-09  0.4200E-09  0.8620E-09  0.9840E-09  0.9690E-09  0.9360E-09  0.8660E-09  0.7620E-09  0.6200E-09  0.4920E-09  0.4260E-09
  0.1000E+13  0.3540E-14  0.2910E-12  0.9170E-11  0.1150E-09  0.4200E-09  0.8620E-09  0.9840E-09  0.9690E-09  0.9360E-09  0.8660E-09  0.7620E-09  0.6200E-09  0.4920E-09  0.4260E-09
  0.1000E+14  0.3540E-14  0.2910E-12  0.9170E-11  0.1150E-09  0.4200E-09  0.8620E-09  0.9840E-09  0.9690E-09  0.9360E-09  0.8660E-09  0.7620E-09  0.6200E-09  0.4920E-09  0.4260E-09
  0.1000E+15  0.3540E-14  0.2910E-12  0.9170E-11  0.1150E-09  0.4190E-09  0.8620E-09  0.9840E-09  0.9690E-09  0.9360E-09  0.8660E-09  0.7620E-09  0.6200E-09  0.4920E-09  0.4260E-09
  0.1000E+16  0.3540E-14  0.2910E-12  0.9170E-11  0.1150E-09  0.4190E-09  0.8620E-09  0.9830E-09  0.9690E-09  0.9350E-09  0.8660E-09  0.7620E-09  0.6190E-09  0.4920E-09  0.4260E-09
  0.1000E+17  0.3540E-14  0.2910E-12  0.9170E-11  0.1150E-09  0.4190E-09  0.8590E-09  0.9790E-09  0.9640E-09  0.9310E-09  0.8610E-09  0.7580E-09  0.6170E-09  0.4900E-09  0.4240E-09
WAVELENGTH(A)= 
    59.403
 7 14 t 
excit   
    15.500     23.300     38.800     77.500    155.000    388.000    776.000   1160.000   1550.000   2330.000   3880.000   7760.000  15500.000  23300.000 
  0.1000E+11  0.6000E-13  0.4370E-11  0.1240E-09  0.1320E-08  0.3780E-08  0.6330E-08  0.6930E-08  0.6860E-08  0.6710E-08  0.6350E-08  0.5770E-08  0.4910E-08  0.4070E-08  0.3600E-08
  0.1000E+12  0.6000E-13  0.4370E-11  0.1240E-09  0.1320E-08  0.3780E-08  0.6330E-08  0.6930E-08  0.6860E-08  0.6710E-08  0.6350E-08  0.5770E-08  0.4910E-08  0.4070E-08  0.3600E-08
  0.1000E+13  0.6000E-13  0.4370E-11  0.1240E-09  0.1320E-08  0.3780E-08  0.6330E-08  0.6930E-08  0.6860E-08  0.6710E-08  0.6350E-08  0.5770E-08  0.4910E-08  0.4070E-08  0.3600E-08
  0.1000E+14  0.6000E-13  0.4370E-11  0.1240E-09  0.1320E-08  0.3780E-08  0.6330E-08  0.6930E-08  0.6860E-08  0.6710E-08  0.6350E-08  0.5770E-08  0.4910E-08  0.4070E-08  0.3600E-08
  0.1000E+15  0.6000E-13  0.4370E-11  0.1240E-09  0.1320E-08  0.3780E-08  0.6330E-08  0.6930E-08  0.6860E-08  0.6710E-08  0.6350E-08  0.5770E-08  0.4910E-08  0.4070E-08  0.3600E-08
  0.1000E+16  0.6000E-13  0.4370E-11  0.1240E-09  0.1320E-08  0.3780E-08  0.6330E-08  0.6930E-08  0.6860E-08  0.6710E-08  0.6340E-08  0.5770E-08  0.4910E-08  0.4060E-08  0.3590E-08
  0.1000E+17  0.6000E-13  0.4370E-11  0.1240E-09  0.1310E-08  0.3780E-08  0.6310E-08  0.6900E-08  0.6830E-08  0.6680E-08  0.6310E-08  0.5740E-08  0.4890E-08  0.4050E-08  0.3580E-08
WAVELENGTH(A)= 
    60.087
 7 14 t 
excit   
    15.500     23.300     38.800     77.500    155.000    388.000    776.000   1160.000   1550.000   2330.000   3880.000   7760.000  15500.000  23300.000 
  0.1000E+11  0.7960E-20  0.5510E-16  0.5930E-13  0.9580E-11  0.1030E-09  0.3380E-09  0.4210E-09  0.4180E-09  0.4010E-09  0.3640E-09  0.3090E-09  0.2360E-09  0.1740E-09  0.1450E-09
  0.1000E+12  0.7960E-20  0.5510E-16  0.5930E-13  0.9580E-11  0.1030E-09  0.3380E-09  0.4210E-09  0.4180E-09  0.4010E-09  0.3640E-09  0.3090E-09  0.2360E-09  0.1740E-09  0.1450E-09
  0.1000E+13  0.7960E-20  0.5510E-16  0.5930E-13  0.9580E-11  0.1030E-09  0.3380E-09  0.4210E-09  0.4180E-09  0.4010E-09  0.3640E-09  0.3090E-09  0.2360E-09  0.1740E-09  0.1450E-09
  0.1000E+14  0.7960E-20  0.5510E-16  0.5930E-13  0.9580E-11  0.1030E-09  0.3380E-09  0.4210E-09  0.4180E-09  0.4010E-09  0.3640E-09  0.3090E-09  0.2360E-09  0.1740E-09  0.1450E-09
  0.1000E+15  0.7960E-20  0.5510E-16  0.5930E-13  0.9580E-11  0.1030E-09  0.3380E-09  0.4210E-09  0.4180E-09  0.4010E-09  0.3640E-09  0.3090E-09  0.2360E-09  0.1740E-09  0.1450E-09
  0.1000E+16  0.7960E-20  0.5510E-16  0.5930E-13  0.9580E-11  0.1030E-09  0.3370E-09  0.4200E-09  0.4180E-09  0.4010E-09  0.3640E-09  0.3090E-09  0.2360E-09  0.1740E-09  0.1450E-09
  0.1000E+17  0.7960E-20  0.5510E-16  0.5930E-13  0.9580E-11  0.1030E-09  0.3360E-09  0.4190E-09  0.4160E-09  0.3990E-09  0.3620E-09  0.3070E-09  0.2350E-09  0.1740E-09  0.1440E-09
WAVELENGTH(A)= 
    66.868
 7 14 t 
excit   
    15.500     23.300     38.800     77.500    155.000    388.000    776.000   1160.000   1550.000   2330.000   3880.000   7760.000  15500.000  23300.000 
  0.1000E+11  0.1180E-29  0.4370E-23  0.7510E-18  0.5870E-14  0.4670E-12  0.5450E-11  0.1100E-10  0.1340E-10  0.1470E-10  0.1570E-10  0.1610E-10  0.1550E-10  0.1410E-10  0.1310E-10
  0.1000E+12  0.1180E-29  0.4370E-23  0.7510E-18  0.5870E-14  0.4670E-12  0.5450E-11  0.1100E-10  0.1340E-10  0.1470E-10  0.1570E-10  0.1610E-10  0.1550E-10  0.1410E-10  0.1310E-10
  0.1000E+13  0.1180E-29  0.4370E-23  0.7510E-18  0.5870E-14  0.4670E-12  0.5450E-11  0.1100E-10  0.1340E-10  0.1470E-10  0.1570E-10  0.1610E-10  0.1550E-10  0.1410E-10  0.1310E-10
  0.1000E+14  0.1180E-29  0.4370E-23  0.7510E-18  0.5870E-14  0.4670E-12  0.5450E-11  0.1100E-10  0.1340E-10  0.1470E-10  0.1570E-10  0.1610E-10  0.1550E-10  0.1410E-10  0.1310E-10
  0.1000E+15  0.1190E-29  0.4370E-23  0.7510E-18  0.5870E-14  0.4670E-12  0.5450E-11  0.1100E-10  0.1340E-10  0.1470E-10  0.1570E-10  0.1610E-10  0.1550E-10  0.1410E-10  0.1310E-10
  0.1000E+16  0.1190E-29  0.4390E-23  0.7540E-18  0.5890E-14  0.4680E-12  0.5450E-11  0.1100E-10  0.1340E-10  0.1470E-10  0.1570E-10  0.1610E-10  0.1550E-10  0.1410E-10  0.1310E-10
  0.1000E+17  0.1270E-29  0.4620E-23  0.7800E-18  0.6010E-14  0.4750E-12  0.5490E-11  0.1110E-10  0.1350E-10  0.1470E-10  0.1570E-10  0.1610E-10  0.1550E-10  0.1410E-10  0.1310E-10
WAVELENGTH(A)= 
    72.494
 7 14 t 
excit   
    15.500     23.300     38.800     77.500    155.000    388.000    776.000   1160.000   1550.000   2330.000   3880.000   7760.000  15500.000  23300.000 
  0.1000E+11  0.5650E-35  0.7840E-27  0.2340E-20  0.1440E-15  0.3020E-13  0.5920E-12  0.1350E-11  0.1650E-11  0.1770E-11  0.1810E-11  0.1710E-11  0.1440E-11  0.1140E-11  0.9820E-12
  0.1000E+12  0.5650E-35  0.7840E-27  0.2340E-20  0.1440E-15  0.3020E-13  0.5920E-12  0.1350E-11  0.1650E-11  0.1770E-11  0.1810E-11  0.1710E-11  0.1440E-11  0.1140E-11  0.9820E-12
  0.1000E+13  0.5650E-35  0.7840E-27  0.2340E-20  0.1440E-15  0.3020E-13  0.5920E-12  0.1350E-11  0.1650E-11  0.1770E-11  0.1810E-11  0.1710E-11  0.1440E-11  0.1140E-11  0.9820E-12
  0.1000E+14  0.5650E-35  0.7840E-27  0.2340E-20  0.1440E-15  0.3020E-13  0.5920E-12  0.1350E-11  0.1650E-11  0.1770E-11  0.1810E-11  0.1710E-11  0.1440E-11  0.1140E-11  0.9820E-12
  0.1000E+15  0.5650E-35  0.7840E-27  0.2340E-20  0.1440E-15  0.3020E-13  0.5920E-12  0.1350E-11  0.1650E-11  0.1770E-11  0.1810E-11  0.1710E-11  0.1440E-11  0.1140E-11  0.9820E-12
  0.1000E+16  0.5660E-35  0.7840E-27  0.2340E-20  0.1440E-15  0.3020E-13  0.5920E-12  0.1350E-11  0.1650E-11  0.1770E-11  0.1800E-11  0.1710E-11  0.1440E-11  0.1140E-11  0.9820E-12
  0.1000E+17  0.5680E-35  0.7870E-27  0.2340E-20  0.1440E-15  0.3020E-13  0.5900E-12  0.1340E-11  0.1650E-11  0.1760E-11  0.1800E-11  0.1700E-11  0.1430E-11  0.1140E-11  0.9790E-12
WAVELENGTH(A)= 
    76.149
 7 14 t 
excit   
    15.500     23.300     38.800     77.500    155.000    388.000    776.000   1160.000   1550.000   2330.000   3880.000   7760.000  15500.000  23300.000 
  0.1000E+11  0.8540E-20  0.2320E-16  0.1180E-13  0.1090E-11  0.8850E-11  0.2440E-10  0.2880E-10  0.2800E-10  0.2660E-10  0.2380E-10  0.1990E-10  0.1510E-10  0.1110E-10  0.9180E-11
  0.1000E+12  0.8540E-20  0.2320E-16  0.1180E-13  0.1090E-11  0.8850E-11  0.2440E-10  0.2880E-10  0.2800E-10  0.2660E-10  0.2380E-10  0.1990E-10  0.1510E-10  0.1110E-10  0.9180E-11
  0.1000E+13  0.8540E-20  0.2320E-16  0.1180E-13  0.1090E-11  0.8850E-11  0.2440E-10  0.2880E-10  0.2800E-10  0.2660E-10  0.2380E-10  0.1990E-10  0.1510E-10  0.1110E-10  0.9180E-11
  0.1000E+14  0.8540E-20  0.2320E-16  0.1180E-13  0.1090E-11  0.8850E-11  0.2440E-10  0.2880E-10  0.2800E-10  0.2660E-10  0.2380E-10  0.1990E-10  0.1510E-10  0.1110E-10  0.9180E-11
  0.1000E+15  0.8540E-20  0.2320E-16  0.1180E-13  0.1090E-11  0.8850E-11  0.2440E-10  0.2880E-10  0.2800E-10  0.2660E-10  0.2380E-10  0.1990E-10  0.1510E-10  0.1110E-10  0.9180E-11
  0.1000E+16  0.8540E-20  0.2320E-16  0.1180E-13  0.1090E-11  0.8850E-11  0.2440E-10  0.2880E-10  0.2800E-10  0.2660E-10  0.2380E-10  0.1990E-10  0.1500E-10  0.1110E-10  0.9180E-11
  0.1000E+17  0.8540E-20  0.2320E-16  0.1180E-13  0.1090E-11  0.8840E-11  0.2430E-10  0.2860E-10  0.2780E-10  0.2640E-10  0.2370E-10  0.1980E-10  0.1500E-10  0.1100E-10  0.9150E-11
WAVELENGTH(A)= 
    81.036
 7 14 t 
excit   
    15.500     23.300     38.800     77.500    155.000    388.000    776.000   1160.000   1550.000   2330.000   3880.000   7760.000  15500.000  23300.000 
  0.1000E+11  0.7280E-36  0.1790E-27  0.8350E-21  0.7240E-16  0.1830E-13  0.4260E-12  0.1120E-11  0.1540E-11  0.1810E-11  0.2140E-11  0.2460E-11  0.2710E-11  0.2740E-11  0.2670E-11
  0.1000E+12  0.7280E-36  0.1790E-27  0.8350E-21  0.7240E-16  0.1830E-13  0.4260E-12  0.1120E-11  0.1540E-11  0.1810E-11  0.2140E-11  0.2460E-11  0.2710E-11  0.2740E-11  0.2670E-11
  0.1000E+13  0.7280E-36  0.1790E-27  0.8350E-21  0.7240E-16  0.1830E-13  0.4260E-12  0.1120E-11  0.1540E-11  0.1810E-11  0.2140E-11  0.2460E-11  0.2710E-11  0.2740E-11  0.2670E-11
  0.1000E+14  0.7280E-36  0.1790E-27  0.8350E-21  0.7240E-16  0.1830E-13  0.4260E-12  0.1120E-11  0.1540E-11  0.1810E-11  0.2140E-11  0.2460E-11  0.2710E-11  0.2740E-11  0.2670E-11
  0.1000E+15  0.7280E-36  0.1790E-27  0.8350E-21  0.7240E-16  0.1830E-13  0.4260E-12  0.1120E-11  0.1540E-11  0.1810E-11  0.2140E-11  0.2460E-11  0.2710E-11  0.2740E-11  0.2670E-11
  0.1000E+16  0.7280E-36  0.1790E-27  0.8350E-21  0.7240E-16  0.1830E-13  0.4250E-12  0.1120E-11  0.1540E-11  0.1810E-11  0.2140E-11  0.2460E-11  0.2710E-11  0.2740E-11  0.2670E-11
  0.1000E+17  0.7290E-36  0.1790E-27  0.8360E-21  0.7250E-16  0.1830E-13  0.4240E-12  0.1120E-11  0.1530E-11  0.1800E-11  0.2130E-11  0.2450E-11  0.2700E-11  0.2730E-11  0.2660E-11
WAVELENGTH(A)= 
    86.843
 7 14 t 
excit   
    15.500     23.300     38.800     77.500    155.000    388.000    776.000   1160.000   1550.000   2330.000   3880.000   7760.000  15500.000  23300.000 
  0.1000E+11  0.2020E-30  0.1840E-23  0.6250E-18  0.7640E-14  0.7240E-12  0.8950E-11  0.1770E-10  0.2080E-10  0.2190E-10  0.2210E-10  0.2100E-10  0.1800E-10  0.1470E-10  0.1290E-10
  0.1000E+12  0.2020E-30  0.1840E-23  0.6250E-18  0.7640E-14  0.7240E-12  0.8950E-11  0.1770E-10  0.2080E-10  0.2190E-10  0.2210E-10  0.2100E-10  0.1800E-10  0.1470E-10  0.1290E-10
  0.1000E+13  0.2020E-30  0.1840E-23  0.6250E-18  0.7640E-14  0.7240E-12  0.8950E-11  0.1770E-10  0.2080E-10  0.2190E-10  0.2210E-10  0.2100E-10  0.1800E-10  0.1470E-10  0.1290E-10
  0.1000E+14  0.2020E-30  0.1840E-23  0.6250E-18  0.7640E-14  0.7240E-12  0.8950E-11  0.1770E-10  0.2080E-10  0.2190E-10  0.2210E-10  0.2100E-10  0.1800E-10  0.1470E-10  0.1290E-10
  0.1000E+15  0.2020E-30  0.1840E-23  0.6250E-18  0.7640E-14  0.7240E-12  0.8950E-11  0.1770E-10  0.2080E-10  0.2190E-10  0.2210E-10  0.2100E-10  0.1800E-10  0.1470E-10  0.1290E-10
  0.1000E+16  0.2020E-30  0.1840E-23  0.6260E-18  0.7640E-14  0.7240E-12  0.8950E-11  0.1770E-10  0.2080E-10  0.2190E-10  0.2210E-10  0.2100E-10  0.1800E-10  0.1470E-10  0.1290E-10
  0.1000E+17  0.2040E-30  0.1850E-23  0.6280E-18  0.7660E-14  0.7250E-12  0.8930E-11  0.1760E-10  0.2070E-10  0.2180E-10  0.2200E-10  0.2090E-10  0.1790E-10  0.1470E-10  0.1280E-10
WAVELENGTH(A)= 
    96.899
 7 14 t 
excit   
    15.500     23.300     38.800     77.500    155.000    388.000    776.000   1160.000   1550.000   2330.000   3880.000   7760.000  15500.000  23300.000 
  0.1000E+11  0.4030E-36  0.1490E-27  0.9790E-21  0.1080E-15  0.3050E-13  0.7070E-12  0.1700E-11  0.2110E-11  0.2260E-11  0.2310E-11  0.2160E-11  0.1790E-11  0.1390E-11  0.1180E-11
  0.1000E+12  0.4030E-36  0.1490E-27  0.9790E-21  0.1080E-15  0.3050E-13  0.7070E-12  0.1700E-11  0.2110E-11  0.2260E-11  0.2310E-11  0.2160E-11  0.1790E-11  0.1390E-11  0.1180E-11
  0.1000E+13  0.4030E-36  0.1490E-27  0.9790E-21  0.1080E-15  0.3050E-13  0.7070E-12  0.1700E-11  0.2110E-11  0.2260E-11  0.2310E-11  0.2160E-11  0.1790E-11  0.1390E-11  0.1180E-11
  0.1000E+14  0.4030E-36  0.1490E-27  0.9790E-21  0.1080E-15  0.3050E-13  0.7070E-12  0.1700E-11  0.2110E-11  0.2260E-11  0.2310E-11  0.2160E-11  0.1790E-11  0.1390E-11  0.1180E-11
  0.1000E+15  0.4030E-36  0.1490E-27  0.9790E-21  0.1080E-15  0.3050E-13  0.7070E-12  0.1700E-11  0.2110E-11  0.2260E-11  0.2310E-11  0.2160E-11  0.1790E-11  0.1390E-11  0.1180E-11
  0.1000E+16  0.4030E-36  0.1490E-27  0.9790E-21  0.1080E-15  0.3050E-13  0.7070E-12  0.1700E-11  0.2100E-11  0.2260E-11  0.2310E-11  0.2160E-11  0.1790E-11  0.1390E-11  0.1170E-11
  0.1000E+17  0.4030E-36  0.1500E-27  0.9800E-21  0.1080E-15  0.3050E-13  0.7050E-12  0.1690E-11  0.2100E-11  0.2250E-11  0.2300E-11  0.2150E-11  0.1780E-11  0.1380E-11  0.1170E-11
WAVELENGTH(A)= 
    98.544
 7 14 t 
excit   
    15.500     23.300     38.800     77.500    155.000    388.000    776.000   1160.000   1550.000   2330.000   3880.000   7760.000  15500.000  23300.000 
  0.1000E+11  0.4980E-34  0.2620E-26  0.3580E-20  0.1230E-15  0.1930E-13  0.3150E-12  0.6700E-12  0.7960E-12  0.8370E-12  0.8360E-12  0.7660E-12  0.6240E-12  0.4800E-12  0.4060E-12
  0.1000E+12  0.4980E-34  0.2620E-26  0.3580E-20  0.1230E-15  0.1930E-13  0.3150E-12  0.6700E-12  0.7960E-12  0.8370E-12  0.8360E-12  0.7660E-12  0.6240E-12  0.4800E-12  0.4060E-12
  0.1000E+13  0.4980E-34  0.2620E-26  0.3580E-20  0.1230E-15  0.1930E-13  0.3150E-12  0.6700E-12  0.7960E-12  0.8370E-12  0.8360E-12  0.7660E-12  0.6240E-12  0.4800E-12  0.4060E-12
  0.1000E+14  0.4990E-34  0.2620E-26  0.3580E-20  0.1230E-15  0.1930E-13  0.3150E-12  0.6700E-12  0.7960E-12  0.8370E-12  0.8360E-12  0.7660E-12  0.6240E-12  0.4800E-12  0.4060E-12
  0.1000E+15  0.4990E-34  0.2620E-26  0.3580E-20  0.1230E-15  0.1930E-13  0.3150E-12  0.6700E-12  0.7960E-12  0.8370E-12  0.8370E-12  0.7670E-12  0.6240E-12  0.4800E-12  0.4060E-12
  0.1000E+16  0.5070E-34  0.2650E-26  0.3620E-20  0.1240E-15  0.1940E-13  0.3170E-12  0.6730E-12  0.7990E-12  0.8400E-12  0.8390E-12  0.7690E-12  0.6260E-12  0.4810E-12  0.4070E-12
  0.1000E+17  0.5810E-34  0.2960E-26  0.3920E-20  0.1310E-15  0.2030E-13  0.3270E-12  0.6920E-12  0.8200E-12  0.8610E-12  0.8590E-12  0.7860E-12  0.6380E-12  0.4890E-12  0.4130E-12
WAVELENGTH(A)= 
   102.111
 7 14 t 
excit   
    15.500     23.300     38.800     77.500    155.000    388.000    776.000   1160.000   1550.000   2330.000   3880.000   7760.000  15500.000  23300.000 
  0.1000E+11  0.1110E-32  0.2650E-25  0.1980E-19  0.4500E-15  0.6020E-13  0.9730E-12  0.2290E-11  0.3030E-11  0.3490E-11  0.4040E-11  0.4550E-11  0.4910E-11  0.4900E-11  0.4750E-11
  0.1000E+12  0.1110E-32  0.2650E-25  0.1980E-19  0.4500E-15  0.6020E-13  0.9730E-12  0.2290E-11  0.3030E-11  0.3490E-11  0.4040E-11  0.4550E-11  0.4910E-11  0.4900E-11  0.4750E-11
  0.1000E+13  0.1110E-32  0.2650E-25  0.1980E-19  0.4500E-15  0.6020E-13  0.9730E-12  0.2290E-11  0.3030E-11  0.3490E-11  0.4040E-11  0.4550E-11  0.4910E-11  0.4900E-11  0.4750E-11
  0.1000E+14  0.1110E-32  0.2650E-25  0.1980E-19  0.4500E-15  0.6020E-13  0.9730E-12  0.2290E-11  0.3030E-11  0.3490E-11  0.4040E-11  0.4550E-11  0.4910E-11  0.4900E-11  0.4750E-11
  0.1000E+15  0.1110E-32  0.2650E-25  0.1980E-19  0.4500E-15  0.6020E-13  0.9720E-12  0.2290E-11  0.3030E-11  0.3490E-11  0.4030E-11  0.4550E-11  0.4910E-11  0.4900E-11  0.4750E-11
  0.1000E+16  0.1110E-32  0.2650E-25  0.1980E-19  0.4500E-15  0.6020E-13  0.9720E-12  0.2290E-11  0.3030E-11  0.3490E-11  0.4030E-11  0.4550E-11  0.4910E-11  0.4890E-11  0.4750E-11
  0.1000E+17  0.1110E-32  0.2660E-25  0.1980E-19  0.4510E-15  0.6020E-13  0.9690E-12  0.2280E-11  0.3010E-11  0.3470E-11  0.4010E-11  0.4530E-11  0.4890E-11  0.4880E-11  0.4730E-11
WAVELENGTH(A)= 
   123.098
 7 14 t 
excit   
    15.500     23.300     38.800     77.500    155.000    388.000    776.000   1160.000   1550.000   2330.000   3880.000   7760.000  15500.000  23300.000 
  0.1000E+11  0.2030E-34  0.1660E-26  0.3320E-20  0.1530E-15  0.2830E-13  0.5260E-12  0.1230E-11  0.1570E-11  0.1750E-11  0.1920E-11  0.2030E-11  0.2010E-11  0.1880E-11  0.1770E-11
  0.1000E+12  0.2030E-34  0.1660E-26  0.3320E-20  0.1530E-15  0.2830E-13  0.5260E-12  0.1230E-11  0.1570E-11  0.1750E-11  0.1920E-11  0.2030E-11  0.2010E-11  0.1880E-11  0.1770E-11
  0.1000E+13  0.2030E-34  0.1660E-26  0.3320E-20  0.1530E-15  0.2830E-13  0.5260E-12  0.1230E-11  0.1570E-11  0.1750E-11  0.1920E-11  0.2030E-11  0.2010E-11  0.1880E-11  0.1770E-11
  0.1000E+14  0.2030E-34  0.1660E-26  0.3320E-20  0.1530E-15  0.2830E-13  0.5260E-12  0.1230E-11  0.1570E-11  0.1750E-11  0.1920E-11  0.2030E-11  0.2010E-11  0.1880E-11  0.1770E-11
  0.1000E+15  0.2030E-34  0.1660E-26  0.3320E-20  0.1530E-15  0.2830E-13  0.5260E-12  0.1230E-11  0.1570E-11  0.1750E-11  0.1920E-11  0.2030E-11  0.2010E-11  0.1880E-11  0.1770E-11
  0.1000E+16  0.2040E-34  0.1670E-26  0.3330E-20  0.1540E-15  0.2830E-13  0.5260E-12  0.1230E-11  0.1570E-11  0.1750E-11  0.1920E-11  0.2030E-11  0.2010E-11  0.1880E-11  0.1770E-11
  0.1000E+17  0.2120E-34  0.1730E-26  0.3410E-20  0.1560E-15  0.2860E-13  0.5290E-12  0.1230E-11  0.1570E-11  0.1760E-11  0.1920E-11  0.2030E-11  0.2010E-11  0.1880E-11  0.1770E-11
WAVELENGTH(A)= 
   142.591
 7 14 t 
excit   
    15.500     23.300     38.800     77.500    155.000    388.000    776.000   1160.000   1550.000   2330.000   3880.000   7760.000  15500.000  23300.000 
  0.1000E+11  0.1650E-26  0.7020E-21  0.2070E-16  0.4310E-13  0.1910E-11  0.1760E-10  0.3560E-10  0.4490E-10  0.5060E-10  0.5740E-10  0.6300E-10  0.6670E-10  0.6540E-10  0.6300E-10
  0.1000E+12  0.1650E-26  0.7020E-21  0.2070E-16  0.4310E-13  0.1910E-11  0.1760E-10  0.3560E-10  0.4490E-10  0.5060E-10  0.5740E-10  0.6300E-10  0.6670E-10  0.6540E-10  0.6300E-10
  0.1000E+13  0.1650E-26  0.7020E-21  0.2070E-16  0.4310E-13  0.1910E-11  0.1760E-10  0.3560E-10  0.4490E-10  0.5060E-10  0.5740E-10  0.6300E-10  0.6670E-10  0.6540E-10  0.6300E-10
  0.1000E+14  0.1650E-26  0.7020E-21  0.2070E-16  0.4310E-13  0.1910E-11  0.1760E-10  0.3560E-10  0.4490E-10  0.5060E-10  0.5740E-10  0.6300E-10  0.6670E-10  0.6540E-10  0.6300E-10
  0.1000E+15  0.1650E-26  0.7020E-21  0.2070E-16  0.4310E-13  0.1910E-11  0.1760E-10  0.3560E-10  0.4490E-10  0.5060E-10  0.5740E-10  0.6300E-10  0.6670E-10  0.6540E-10  0.6300E-10
  0.1000E+16  0.1650E-26  0.7020E-21  0.2070E-16  0.4310E-13  0.1910E-11  0.1760E-10  0.3550E-10  0.4490E-10  0.5060E-10  0.5730E-10  0.6300E-10  0.6670E-10  0.6540E-10  0.6300E-10
  0.1000E+17  0.1660E-26  0.7040E-21  0.2070E-16  0.4320E-13  0.1910E-11  0.1750E-10  0.3540E-10  0.4470E-10  0.5040E-10  0.5710E-10  0.6270E-10  0.6640E-10  0.6520E-10  0.6280E-10
WAVELENGTH(A)= 
   145.224
 7 14 t 
excit   
    15.500     23.300     38.800     77.500    155.000    388.000    776.000   1160.000   1550.000   2330.000   3880.000   7760.000  15500.000  23300.000 
  0.1000E+11  0.2370E-23  0.1540E-18  0.1010E-14  0.6380E-12  0.1400E-10  0.7580E-10  0.1170E-09  0.1290E-09  0.1320E-09  0.1310E-09  0.1240E-09  0.1080E-09  0.9100E-10  0.8120E-10
  0.1000E+12  0.2370E-23  0.1540E-18  0.1010E-14  0.6380E-12  0.1400E-10  0.7580E-10  0.1170E-09  0.1290E-09  0.1320E-09  0.1310E-09  0.1240E-09  0.1080E-09  0.9100E-10  0.8120E-10
  0.1000E+13  0.2370E-23  0.1540E-18  0.1010E-14  0.6380E-12  0.1400E-10  0.7580E-10  0.1170E-09  0.1290E-09  0.1320E-09  0.1310E-09  0.1240E-09  0.1080E-09  0.9100E-10  0.8120E-10
  0.1000E+14  0.2370E-23  0.1540E-18  0.1010E-14  0.6380E-12  0.1400E-10  0.7580E-10  0.1170E-09  0.1290E-09  0.1320E-09  0.1310E-09  0.1240E-09  0.1080E-09  0.9100E-10  0.8120E-10
  0.1000E+15  0.2370E-23  0.1540E-18  0.1010E-14  0.6380E-12  0.1400E-10  0.7580E-10  0.1170E-09  0.1290E-09  0.1320E-09  0.1310E-09  0.1240E-09  0.1080E-09  0.9100E-10  0.8120E-10
  0.1000E+16  0.2380E-23  0.1550E-18  0.1010E-14  0.6390E-12  0.1400E-10  0.7580E-10  0.1170E-09  0.1290E-09  0.1320E-09  0.1310E-09  0.1240E-09  0.1080E-09  0.9100E-10  0.8110E-10
  0.1000E+17  0.2480E-23  0.1600E-18  0.1040E-14  0.6500E-12  0.1420E-10  0.7630E-10  0.1180E-09  0.1290E-09  0.1320E-09  0.1310E-09  0.1240E-09  0.1080E-09  0.9090E-10  0.8100E-10
WAVELENGTH(A)= 
   151.210
 7 14 t 
excit   
    15.500     23.300     38.800     77.500    155.000    388.000    776.000   1160.000   1550.000   2330.000   3880.000   7760.000  15500.000  23300.000 
  0.1000E+11  0.1480E-34  0.2060E-26  0.6120E-20  0.3770E-15  0.7920E-13  0.1550E-11  0.3540E-11  0.4340E-11  0.4640E-11  0.4730E-11  0.4480E-11  0.3770E-11  0.2990E-11  0.2570E-11
  0.1000E+12  0.1480E-34  0.2060E-26  0.6120E-20  0.3770E-15  0.7920E-13  0.1550E-11  0.3540E-11  0.4340E-11  0.4640E-11  0.4730E-11  0.4480E-11  0.3770E-11  0.2990E-11  0.2570E-11
  0.1000E+13  0.1480E-34  0.2060E-26  0.6120E-20  0.3770E-15  0.7920E-13  0.1550E-11  0.3540E-11  0.4340E-11  0.4640E-11  0.4730E-11  0.4480E-11  0.3770E-11  0.2990E-11  0.2570E-11
  0.1000E+14  0.1480E-34  0.2060E-26  0.6120E-20  0.3770E-15  0.7920E-13  0.1550E-11  0.3540E-11  0.4340E-11  0.4640E-11  0.4730E-11  0.4480E-11  0.3770E-11  0.2990E-11  0.2570E-11
  0.1000E+15  0.1480E-34  0.2060E-26  0.6120E-20  0.3770E-15  0.7920E-13  0.1550E-11  0.3540E-11  0.4340E-11  0.4630E-11  0.4730E-11  0.4480E-11  0.3770E-11  0.2990E-11  0.2570E-11
  0.1000E+16  0.1480E-34  0.2060E-26  0.6130E-20  0.3770E-15  0.7920E-13  0.1550E-11  0.3540E-11  0.4330E-11  0.4630E-11  0.4730E-11  0.4480E-11  0.3770E-11  0.2990E-11  0.2570E-11
  0.1000E+17  0.1490E-34  0.2060E-26  0.6140E-20  0.3770E-15  0.7920E-13  0.1550E-11  0.3520E-11  0.4320E-11  0.4610E-11  0.4710E-11  0.4460E-11  0.3750E-11  0.2980E-11  0.2570E-11
WAVELENGTH(A)= 
   165.697
 7 14 t 
excit   
    15.500     23.300     38.800     77.500    155.000    388.000    776.000   1160.000   1550.000   2330.000   3880.000   7760.000  15500.000  23300.000 
  0.1000E+11  0.5400E-36  0.1330E-27  0.6190E-21  0.5380E-16  0.1360E-13  0.3160E-12  0.8330E-12  0.1140E-11  0.1340E-11  0.1590E-11  0.1830E-11  0.2010E-11  0.2030E-11  0.1980E-11
  0.1000E+12  0.5400E-36  0.1330E-27  0.6190E-21  0.5380E-16  0.1360E-13  0.3160E-12  0.8330E-12  0.1140E-11  0.1340E-11  0.1590E-11  0.1830E-11  0.2010E-11  0.2030E-11  0.1980E-11
  0.1000E+13  0.5400E-36  0.1330E-27  0.6190E-21  0.5380E-16  0.1360E-13  0.3160E-12  0.8330E-12  0.1140E-11  0.1340E-11  0.1590E-11  0.1830E-11  0.2010E-11  0.2030E-11  0.1980E-11
  0.1000E+14  0.5400E-36  0.1330E-27  0.6190E-21  0.5380E-16  0.1360E-13  0.3160E-12  0.8330E-12  0.1140E-11  0.1340E-11  0.1590E-11  0.1830E-11  0.2010E-11  0.2030E-11  0.1980E-11
  0.1000E+15  0.5400E-36  0.1330E-27  0.6190E-21  0.5380E-16  0.1360E-13  0.3160E-12  0.8330E-12  0.1140E-11  0.1340E-11  0.1590E-11  0.1830E-11  0.2010E-11  0.2030E-11  0.1980E-11
  0.1000E+16  0.5400E-36  0.1330E-27  0.6190E-21  0.5380E-16  0.1360E-13  0.3160E-12  0.8320E-12  0.1140E-11  0.1340E-11  0.1590E-11  0.1830E-11  0.2010E-11  0.2030E-11  0.1980E-11
  0.1000E+17  0.5410E-36  0.1330E-27  0.6200E-21  0.5380E-16  0.1360E-13  0.3150E-12  0.8290E-12  0.1130E-11  0.1340E-11  0.1580E-11  0.1820E-11  0.2000E-11  0.2020E-11  0.1970E-11
WAVELENGTH(A)= 
   187.639
 7 14 t 
excit   
    15.500     23.300     38.800     77.500    155.000    388.000    776.000   1160.000   1550.000   2330.000   3880.000   7760.000  15500.000  23300.000 
  0.1000E+11  0.5050E-29  0.8850E-23  0.7950E-18  0.3550E-14  0.2020E-12  0.1830E-11  0.3270E-11  0.3730E-11  0.3850E-11  0.3810E-11  0.3520E-11  0.2910E-11  0.2280E-11  0.1950E-11
  0.1000E+12  0.5050E-29  0.8850E-23  0.7950E-18  0.3550E-14  0.2020E-12  0.1830E-11  0.3270E-11  0.3730E-11  0.3850E-11  0.3810E-11  0.3520E-11  0.2910E-11  0.2280E-11  0.1950E-11
  0.1000E+13  0.5050E-29  0.8850E-23  0.7950E-18  0.3550E-14  0.2020E-12  0.1830E-11  0.3270E-11  0.3730E-11  0.3850E-11  0.3810E-11  0.3520E-11  0.2910E-11  0.2280E-11  0.1950E-11
  0.1000E+14  0.5050E-29  0.8850E-23  0.7950E-18  0.3550E-14  0.2020E-12  0.1830E-11  0.3270E-11  0.3730E-11  0.3850E-11  0.3810E-11  0.3520E-11  0.2910E-11  0.2280E-11  0.1950E-11
  0.1000E+15  0.5050E-29  0.8850E-23  0.7950E-18  0.3550E-14  0.2020E-12  0.1830E-11  0.3270E-11  0.3730E-11  0.3850E-11  0.3810E-11  0.3520E-11  0.2910E-11  0.2280E-11  0.1950E-11
  0.1000E+16  0.5050E-29  0.8860E-23  0.7950E-18  0.3550E-14  0.2020E-12  0.1820E-11  0.3270E-11  0.3720E-11  0.3850E-11  0.3800E-11  0.3510E-11  0.2910E-11  0.2280E-11  0.1950E-11
  0.1000E+17  0.5050E-29  0.8860E-23  0.7950E-18  0.3550E-14  0.2010E-12  0.1820E-11  0.3250E-11  0.3710E-11  0.3830E-11  0.3790E-11  0.3500E-11  0.2900E-11  0.2270E-11  0.1940E-11
WAVELENGTH(A)= 
   191.318
 7 14 t 
excit   
    15.500     23.300     38.800     77.500    155.000    388.000    776.000   1160.000   1550.000   2330.000   3880.000   7760.000  15500.000  23300.000 
  0.1000E+11  0.7160E-22  0.7690E-18  0.1280E-14  0.3400E-12  0.5440E-11  0.2680E-10  0.4280E-10  0.4890E-10  0.5170E-10  0.5390E-10  0.5410E-10  0.5130E-10  0.4620E-10  0.4270E-10
  0.1000E+12  0.7160E-22  0.7690E-18  0.1280E-14  0.3400E-12  0.5440E-11  0.2680E-10  0.4280E-10  0.4890E-10  0.5170E-10  0.5390E-10  0.5410E-10  0.5130E-10  0.4620E-10  0.4270E-10
  0.1000E+13  0.7160E-22  0.7690E-18  0.1280E-14  0.3400E-12  0.5440E-11  0.2680E-10  0.4280E-10  0.4890E-10  0.5170E-10  0.5390E-10  0.5410E-10  0.5130E-10  0.4620E-10  0.4270E-10
  0.1000E+14  0.7170E-22  0.7700E-18  0.1280E-14  0.3400E-12  0.5440E-11  0.2680E-10  0.4280E-10  0.4890E-10  0.5170E-10  0.5390E-10  0.5410E-10  0.5130E-10  0.4620E-10  0.4270E-10
  0.1000E+15  0.7250E-22  0.7760E-18  0.1290E-14  0.3420E-12  0.5460E-11  0.2690E-10  0.4290E-10  0.4900E-10  0.5180E-10  0.5400E-10  0.5420E-10  0.5130E-10  0.4620E-10  0.4280E-10
  0.1000E+16  0.8040E-22  0.8450E-18  0.1370E-14  0.3560E-12  0.5610E-11  0.2740E-10  0.4350E-10  0.4960E-10  0.5230E-10  0.5450E-10  0.5460E-10  0.5160E-10  0.4640E-10  0.4290E-10
  0.1000E+17  0.1570E-21  0.1480E-17  0.2080E-14  0.4620E-12  0.6710E-11  0.3100E-10  0.4800E-10  0.5410E-10  0.5660E-10  0.5840E-10  0.5780E-10  0.5400E-10  0.4800E-10  0.4420E-10
WAVELENGTH(A)= 
   277.192
 7 14 t 
excit   
    15.500     23.300     38.800     77.500    155.000    388.000    776.000   1160.000   1550.000   2330.000   3880.000   7760.000  15500.000  23300.000 
  0.1000E+11  0.1520E-32  0.3620E-25  0.2700E-19  0.6150E-15  0.8220E-13  0.1330E-11  0.3130E-11  0.4140E-11  0.4760E-11  0.5510E-11  0.6210E-11  0.6700E-11  0.6680E-11  0.6480E-11
  0.1000E+12  0.1520E-32  0.3620E-25  0.2700E-19  0.6150E-15  0.8220E-13  0.1330E-11  0.3130E-11  0.4140E-11  0.4760E-11  0.5510E-11  0.6210E-11  0.6700E-11  0.6680E-11  0.6480E-11
  0.1000E+13  0.1520E-32  0.3620E-25  0.2700E-19  0.6150E-15  0.8220E-13  0.1330E-11  0.3130E-11  0.4140E-11  0.4760E-11  0.5510E-11  0.6210E-11  0.6700E-11  0.6680E-11  0.6480E-11
  0.1000E+14  0.1520E-32  0.3620E-25  0.2700E-19  0.6150E-15  0.8220E-13  0.1330E-11  0.3130E-11  0.4140E-11  0.4760E-11  0.5510E-11  0.6210E-11  0.6700E-11  0.6680E-11  0.6480E-11
  0.1000E+15  0.1520E-32  0.3620E-25  0.2700E-19  0.6150E-15  0.8220E-13  0.1330E-11  0.3130E-11  0.4140E-11  0.4760E-11  0.5510E-11  0.6210E-11  0.6700E-11  0.6680E-11  0.6480E-11
  0.1000E+16  0.1520E-32  0.3620E-25  0.2700E-19  0.6150E-15  0.8220E-13  0.1330E-11  0.3130E-11  0.4130E-11  0.4760E-11  0.5500E-11  0.6210E-11  0.6700E-11  0.6680E-11  0.6480E-11
  0.1000E+17  0.1520E-32  0.3630E-25  0.2700E-19  0.6150E-15  0.8210E-13  0.1320E-11  0.3120E-11  0.4120E-11  0.4740E-11  0.5480E-11  0.6180E-11  0.6670E-11  0.6650E-11  0.6460E-11
WAVELENGTH(A)= 
   279.856
 7 14 t 
excit   
    15.500     23.300     38.800     77.500    155.000    388.000    776.000   1160.000   1550.000   2330.000   3880.000   7760.000  15500.000  23300.000 
  0.1000E+11  0.6250E-31  0.5690E-24  0.1930E-18  0.2360E-14  0.2240E-12  0.2770E-11  0.5470E-11  0.6430E-11  0.6780E-11  0.6850E-11  0.6480E-11  0.5560E-11  0.4550E-11  0.3980E-11
  0.1000E+12  0.6250E-31  0.5690E-24  0.1930E-18  0.2360E-14  0.2240E-12  0.2770E-11  0.5470E-11  0.6430E-11  0.6780E-11  0.6850E-11  0.6480E-11  0.5560E-11  0.4550E-11  0.3980E-11
  0.1000E+13  0.6250E-31  0.5690E-24  0.1930E-18  0.2360E-14  0.2240E-12  0.2770E-11  0.5470E-11  0.6430E-11  0.6780E-11  0.6850E-11  0.6480E-11  0.5560E-11  0.4550E-11  0.3980E-11
  0.1000E+14  0.6250E-31  0.5690E-24  0.1930E-18  0.2360E-14  0.2240E-12  0.2770E-11  0.5470E-11  0.6430E-11  0.6780E-11  0.6850E-11  0.6480E-11  0.5560E-11  0.4550E-11  0.3980E-11
  0.1000E+15  0.6250E-31  0.5690E-24  0.1930E-18  0.2360E-14  0.2240E-12  0.2770E-11  0.5470E-11  0.6430E-11  0.6780E-11  0.6850E-11  0.6480E-11  0.5560E-11  0.4550E-11  0.3980E-11
  0.1000E+16  0.6260E-31  0.5700E-24  0.1930E-18  0.2360E-14  0.2240E-12  0.2770E-11  0.5470E-11  0.6430E-11  0.6780E-11  0.6840E-11  0.6480E-11  0.5560E-11  0.4550E-11  0.3980E-11
  0.1000E+17  0.6300E-31  0.5730E-24  0.1940E-18  0.2370E-14  0.2240E-12  0.2760E-11  0.5450E-11  0.6400E-11  0.6750E-11  0.6820E-11  0.6450E-11  0.5540E-11  0.4530E-11  0.3970E-11
WAVELENGTH(A)= 
   370.720
 7 14 t 
excit   
    15.500     23.300     38.800     77.500    155.000    388.000    776.000   1160.000   1550.000   2330.000   3880.000   7760.000  15500.000  23300.000 
  0.1000E+11  0.4720E-34  0.2300E-26  0.2970E-20  0.9760E-16  0.1500E-13  0.2440E-12  0.5220E-12  0.6270E-12  0.6640E-12  0.6700E-12  0.6260E-12  0.5210E-12  0.4070E-12  0.3470E-12
  0.1000E+12  0.4720E-34  0.2300E-26  0.2970E-20  0.9760E-16  0.1500E-13  0.2440E-12  0.5220E-12  0.6270E-12  0.6640E-12  0.6700E-12  0.6260E-12  0.5210E-12  0.4070E-12  0.3470E-12
  0.1000E+13  0.4720E-34  0.2300E-26  0.2970E-20  0.9760E-16  0.1500E-13  0.2440E-12  0.5220E-12  0.6270E-12  0.6640E-12  0.6700E-12  0.6260E-12  0.5210E-12  0.4070E-12  0.3470E-12
  0.1000E+14  0.4720E-34  0.2300E-26  0.2970E-20  0.9760E-16  0.1500E-13  0.2440E-12  0.5220E-12  0.6270E-12  0.6640E-12  0.6700E-12  0.6260E-12  0.5210E-12  0.4070E-12  0.3470E-12
  0.1000E+15  0.4720E-34  0.2300E-26  0.2970E-20  0.9760E-16  0.1500E-13  0.2440E-12  0.5220E-12  0.6270E-12  0.6640E-12  0.6700E-12  0.6260E-12  0.5210E-12  0.4070E-12  0.3470E-12
  0.1000E+16  0.4730E-34  0.2300E-26  0.2970E-20  0.9760E-16  0.1500E-13  0.2430E-12  0.5210E-12  0.6260E-12  0.6630E-12  0.6700E-12  0.6250E-12  0.5200E-12  0.4070E-12  0.3470E-12
  0.1000E+17  0.4730E-34  0.2310E-26  0.2970E-20  0.9760E-16  0.1500E-13  0.2430E-12  0.5190E-12  0.6230E-12  0.6600E-12  0.6660E-12  0.6230E-12  0.5180E-12  0.4060E-12  0.3460E-12
WAVELENGTH(A)= 
   374.576
 7 14 t 
excit   
    15.500     23.300     38.800     77.500    155.000    388.000    776.000   1160.000   1550.000   2330.000   3880.000   7760.000  15500.000  23300.000 
  0.1000E+11  0.4730E-31  0.1740E-24  0.3000E-19  0.2340E-15  0.1870E-13  0.2170E-12  0.4400E-12  0.5360E-12  0.5850E-12  0.6250E-12  0.6420E-12  0.6180E-12  0.5640E-12  0.5250E-12
  0.1000E+12  0.4730E-31  0.1740E-24  0.3000E-19  0.2340E-15  0.1870E-13  0.2170E-12  0.4400E-12  0.5360E-12  0.5850E-12  0.6250E-12  0.6420E-12  0.6180E-12  0.5640E-12  0.5250E-12
  0.1000E+13  0.4730E-31  0.1740E-24  0.3000E-19  0.2340E-15  0.1870E-13  0.2170E-12  0.4400E-12  0.5360E-12  0.5850E-12  0.6250E-12  0.6420E-12  0.6180E-12  0.5640E-12  0.5250E-12
  0.1000E+14  0.4730E-31  0.1740E-24  0.3000E-19  0.2340E-15  0.1870E-13  0.2170E-12  0.4400E-12  0.5360E-12  0.5850E-12  0.6250E-12  0.6420E-12  0.6180E-12  0.5640E-12  0.5250E-12
  0.1000E+15  0.4730E-31  0.1740E-24  0.3000E-19  0.2340E-15  0.1870E-13  0.2170E-12  0.4400E-12  0.5360E-12  0.5850E-12  0.6250E-12  0.6420E-12  0.6180E-12  0.5640E-12  0.5250E-12
  0.1000E+16  0.4760E-31  0.1750E-24  0.3010E-19  0.2350E-15  0.1870E-13  0.2180E-12  0.4400E-12  0.5370E-12  0.5850E-12  0.6250E-12  0.6420E-12  0.6180E-12  0.5640E-12  0.5250E-12
  0.1000E+17  0.5090E-31  0.1840E-24  0.3110E-19  0.2400E-15  0.1900E-13  0.2190E-12  0.4420E-12  0.5380E-12  0.5870E-12  0.6260E-12  0.6430E-12  0.6190E-12  0.5640E-12  0.5250E-12
WAVELENGTH(A)= 
   471.866
 7 14 t 
excit   
    15.500     23.300     38.800     77.500    155.000    388.000    776.000   1160.000   1550.000   2330.000   3880.000   7760.000  15500.000  23300.000 
  0.1000E+11  0.3710E-36  0.9110E-28  0.4250E-21  0.3690E-16  0.9340E-14  0.2170E-12  0.5710E-12  0.7820E-12  0.9210E-12  0.1090E-11  0.1250E-11  0.1380E-11  0.1390E-11  0.1360E-11
  0.1000E+12  0.3710E-36  0.9110E-28  0.4250E-21  0.3690E-16  0.9340E-14  0.2170E-12  0.5710E-12  0.7820E-12  0.9210E-12  0.1090E-11  0.1250E-11  0.1380E-11  0.1390E-11  0.1360E-11
  0.1000E+13  0.3710E-36  0.9110E-28  0.4250E-21  0.3690E-16  0.9340E-14  0.2170E-12  0.5710E-12  0.7820E-12  0.9210E-12  0.1090E-11  0.1250E-11  0.1380E-11  0.1390E-11  0.1360E-11
  0.1000E+14  0.3710E-36  0.9110E-28  0.4250E-21  0.3690E-16  0.9340E-14  0.2170E-12  0.5710E-12  0.7820E-12  0.9210E-12  0.1090E-11  0.1250E-11  0.1380E-11  0.1390E-11  0.1360E-11
  0.1000E+15  0.3710E-36  0.9110E-28  0.4250E-21  0.3690E-16  0.9340E-14  0.2170E-12  0.5710E-12  0.7820E-12  0.9210E-12  0.1090E-11  0.1250E-11  0.1380E-11  0.1390E-11  0.1360E-11
  0.1000E+16  0.3710E-36  0.9110E-28  0.4250E-21  0.3690E-16  0.9340E-14  0.2170E-12  0.5710E-12  0.7820E-12  0.9200E-12  0.1090E-11  0.1250E-11  0.1380E-11  0.1390E-11  0.1360E-11
  0.1000E+17  0.3710E-36  0.9120E-28  0.4250E-21  0.3690E-16  0.9330E-14  0.2160E-12  0.5680E-12  0.7780E-12  0.9160E-12  0.1080E-11  0.1250E-11  0.1370E-11  0.1390E-11  0.1350E-11
WAVELENGTH(A)= 
   476.804
 7 14 t 
excit   
    15.500     23.300     38.800     77.500    155.000    388.000    776.000   1160.000   1550.000   2330.000   3880.000   7760.000  15500.000  23300.000 
  0.1000E+11  0.3440E-35  0.4780E-27  0.1420E-20  0.8760E-16  0.1840E-13  0.3610E-12  0.8230E-12  0.1010E-11  0.1080E-11  0.1100E-11  0.1040E-11  0.8760E-12  0.6950E-12  0.5980E-12
  0.1000E+12  0.3440E-35  0.4780E-27  0.1420E-20  0.8760E-16  0.1840E-13  0.3610E-12  0.8230E-12  0.1010E-11  0.1080E-11  0.1100E-11  0.1040E-11  0.8760E-12  0.6950E-12  0.5980E-12
  0.1000E+13  0.3440E-35  0.4780E-27  0.1420E-20  0.8760E-16  0.1840E-13  0.3610E-12  0.8230E-12  0.1010E-11  0.1080E-11  0.1100E-11  0.1040E-11  0.8760E-12  0.6950E-12  0.5980E-12
  0.1000E+14  0.3440E-35  0.4780E-27  0.1420E-20  0.8760E-16  0.1840E-13  0.3610E-12  0.8230E-12  0.1010E-11  0.1080E-11  0.1100E-11  0.1040E-11  0.8760E-12  0.6950E-12  0.5980E-12
  0.1000E+15  0.3440E-35  0.4780E-27  0.1420E-20  0.8760E-16  0.1840E-13  0.3610E-12  0.8220E-12  0.1010E-11  0.1080E-11  0.1100E-11  0.1040E-11  0.8760E-12  0.6950E-12  0.5980E-12
  0.1000E+16  0.3450E-35  0.4780E-27  0.1420E-20  0.8760E-16  0.1840E-13  0.3610E-12  0.8220E-12  0.1010E-11  0.1080E-11  0.1100E-11  0.1040E-11  0.8760E-12  0.6950E-12  0.5980E-12
  0.1000E+17  0.3460E-35  0.4790E-27  0.1430E-20  0.8770E-16  0.1840E-13  0.3600E-12  0.8190E-12  0.1000E-11  0.1070E-11  0.1090E-11  0.1040E-11  0.8730E-12  0.6920E-12  0.5960E-12
