 50  7 14
WAVELENGTH(A)= 
    51.906
 7 14 t 
excit   
     6.220      9.330     15.600     31.100     62.200    156.000    311.000    467.000    622.000    933.000   1560.000   3110.000   6220.000   9330.000 
  0.1000E+11  0.4930E-26  0.1450E-20  0.3110E-16  0.4770E-13  0.1570E-11  0.1010E-10  0.1640E-10  0.1850E-10  0.1930E-10  0.1970E-10  0.1930E-10  0.1790E-10  0.1590E-10  0.1470E-10
  0.1000E+12  0.5170E-26  0.1460E-20  0.3040E-16  0.4520E-13  0.1410E-11  0.7690E-11  0.1160E-10  0.1280E-10  0.1320E-10  0.1350E-10  0.1330E-10  0.1250E-10  0.1140E-10  0.1060E-10
  0.1000E+13  0.5740E-26  0.1440E-20  0.2670E-16  0.3570E-13  0.9360E-12  0.4500E-11  0.6960E-11  0.7790E-11  0.8110E-11  0.8270E-11  0.8100E-11  0.7500E-11  0.6690E-11  0.6190E-11
  0.1000E+14  0.5250E-26  0.1140E-20  0.1840E-16  0.2200E-13  0.6060E-12  0.3630E-11  0.5980E-11  0.6770E-11  0.7080E-11  0.7230E-11  0.7060E-11  0.6450E-11  0.5630E-11  0.5140E-11
  0.1000E+15  0.4930E-26  0.1030E-20  0.1620E-16  0.1910E-13  0.5550E-12  0.3520E-11  0.5860E-11  0.6660E-11  0.6970E-11  0.7120E-11  0.6940E-11  0.6330E-11  0.5510E-11  0.5010E-11
  0.1000E+16  0.4890E-26  0.1020E-20  0.1600E-16  0.1870E-13  0.5490E-12  0.3510E-11  0.5850E-11  0.6650E-11  0.6960E-11  0.7110E-11  0.6930E-11  0.6310E-11  0.5500E-11  0.5000E-11
  0.1000E+17  0.4890E-26  0.1020E-20  0.1600E-16  0.1870E-13  0.5490E-12  0.3510E-11  0.5850E-11  0.6650E-11  0.6960E-11  0.7100E-11  0.6920E-11  0.6310E-11  0.5490E-11  0.5000E-11
WAVELENGTH(A)= 
    52.579
 7 14 t 
excit   
     6.220      9.330     15.600     31.100     62.200    156.000    311.000    467.000    622.000    933.000   1560.000   3110.000   6220.000   9330.000 
  0.1000E+11  0.2200E-26  0.6840E-21  0.1550E-16  0.2460E-13  0.9150E-12  0.8550E-11  0.1690E-10  0.2010E-10  0.2140E-10  0.2210E-10  0.2140E-10  0.1900E-10  0.1590E-10  0.1410E-10
  0.1000E+12  0.2570E-26  0.7780E-21  0.1720E-16  0.2730E-13  0.1430E-11  0.1890E-10  0.3620E-10  0.4220E-10  0.4460E-10  0.4590E-10  0.4490E-10  0.4070E-10  0.3480E-10  0.3100E-10
  0.1000E+13  0.6950E-26  0.1970E-20  0.4040E-16  0.6050E-13  0.2920E-11  0.2230E-10  0.3630E-10  0.4090E-10  0.4270E-10  0.4370E-10  0.4290E-10  0.3970E-10  0.3530E-10  0.3250E-10
  0.1000E+14  0.1920E-25  0.4530E-20  0.7770E-16  0.9780E-13  0.3100E-11  0.2020E-10  0.3320E-10  0.3760E-10  0.3920E-10  0.4020E-10  0.3930E-10  0.3600E-10  0.3160E-10  0.2890E-10
  0.1000E+15  0.2280E-25  0.5090E-20  0.8380E-16  0.1020E-12  0.3050E-11  0.1980E-10  0.3280E-10  0.3710E-10  0.3880E-10  0.3970E-10  0.3880E-10  0.3550E-10  0.3110E-10  0.2840E-10
  0.1000E+16  0.2320E-25  0.5150E-20  0.8440E-16  0.1020E-12  0.3050E-11  0.1980E-10  0.3270E-10  0.3710E-10  0.3880E-10  0.3970E-10  0.3870E-10  0.3550E-10  0.3110E-10  0.2830E-10
  0.1000E+17  0.2330E-25  0.5160E-20  0.8450E-16  0.1020E-12  0.3050E-11  0.1980E-10  0.3270E-10  0.3710E-10  0.3880E-10  0.3970E-10  0.3870E-10  0.3550E-10  0.3110E-10  0.2830E-10
WAVELENGTH(A)= 
    52.738
 7 14 t 
excit   
     6.220      9.330     15.600     31.100     62.200    156.000    311.000    467.000    622.000    933.000   1560.000   3110.000   6220.000   9330.000 
  0.1000E+11  0.1070E-25  0.2560E-20  0.4700E-16  0.6370E-13  0.1960E-11  0.1160E-10  0.1830E-10  0.2050E-10  0.2140E-10  0.2180E-10  0.2140E-10  0.1990E-10  0.1770E-10  0.1630E-10
  0.1000E+12  0.1060E-25  0.2440E-20  0.4320E-16  0.5670E-13  0.1650E-11  0.9000E-11  0.1370E-10  0.1510E-10  0.1570E-10  0.1600E-10  0.1570E-10  0.1460E-10  0.1320E-10  0.1220E-10
  0.1000E+13  0.1230E-25  0.2530E-20  0.4010E-16  0.4760E-13  0.1210E-11  0.5820E-11  0.8910E-11  0.9920E-11  0.1030E-10  0.1050E-10  0.1030E-10  0.9500E-11  0.8480E-11  0.7830E-11
  0.1000E+14  0.1200E-25  0.2130E-20  0.2930E-16  0.3110E-13  0.8130E-12  0.4710E-11  0.7630E-11  0.8600E-11  0.8980E-11  0.9150E-11  0.8920E-11  0.8130E-11  0.7120E-11  0.6480E-11
  0.1000E+15  0.1140E-25  0.1950E-20  0.2610E-16  0.2720E-13  0.7460E-12  0.4570E-11  0.7470E-11  0.8450E-11  0.8830E-11  0.8990E-11  0.8760E-11  0.7970E-11  0.6950E-11  0.6310E-11
  0.1000E+16  0.1130E-25  0.1930E-20  0.2580E-16  0.2670E-13  0.7380E-12  0.4550E-11  0.7460E-11  0.8430E-11  0.8810E-11  0.8980E-11  0.8740E-11  0.7950E-11  0.6930E-11  0.6300E-11
  0.1000E+17  0.1130E-25  0.1930E-20  0.2570E-16  0.2670E-13  0.7380E-12  0.4550E-11  0.7460E-11  0.8430E-11  0.8810E-11  0.8970E-11  0.8740E-11  0.7950E-11  0.6930E-11  0.6290E-11
WAVELENGTH(A)= 
    53.323
 7 14 t 
excit   
     6.220      9.330     15.600     31.100     62.200    156.000    311.000    467.000    622.000    933.000   1560.000   3110.000   6220.000   9330.000 
  0.1000E+11  0.1230E-25  0.2570E-20  0.4240E-16  0.5280E-13  0.1590E-11  0.9920E-11  0.1600E-10  0.1810E-10  0.1880E-10  0.1920E-10  0.1880E-10  0.1730E-10  0.1520E-10  0.1390E-10
  0.1000E+12  0.1390E-25  0.2790E-20  0.4440E-16  0.5370E-13  0.1550E-11  0.8470E-11  0.1270E-10  0.1410E-10  0.1460E-10  0.1480E-10  0.1450E-10  0.1350E-10  0.1220E-10  0.1130E-10
  0.1000E+13  0.1720E-25  0.3070E-20  0.4340E-16  0.4730E-13  0.1130E-11  0.5180E-11  0.7870E-11  0.8770E-11  0.9100E-11  0.9250E-11  0.9050E-11  0.8350E-11  0.7420E-11  0.6850E-11
  0.1000E+14  0.1580E-25  0.2440E-20  0.3020E-16  0.2940E-13  0.7320E-12  0.4140E-11  0.6700E-11  0.7570E-11  0.7890E-11  0.8030E-11  0.7820E-11  0.7110E-11  0.6190E-11  0.5630E-11
  0.1000E+15  0.1480E-25  0.2210E-20  0.2650E-16  0.2530E-13  0.6670E-12  0.4010E-11  0.6560E-11  0.7430E-11  0.7750E-11  0.7890E-11  0.7680E-11  0.6970E-11  0.6040E-11  0.5480E-11
  0.1000E+16  0.1470E-25  0.2180E-20  0.2610E-16  0.2490E-13  0.6600E-12  0.3990E-11  0.6550E-11  0.7420E-11  0.7740E-11  0.7870E-11  0.7660E-11  0.6950E-11  0.6030E-11  0.5470E-11
  0.1000E+17  0.1470E-25  0.2180E-20  0.2610E-16  0.2490E-13  0.6600E-12  0.3990E-11  0.6550E-11  0.7410E-11  0.7740E-11  0.7870E-11  0.7660E-11  0.6950E-11  0.6030E-11  0.5470E-11
WAVELENGTH(A)= 
    53.396
 7 14 t 
excit   
     6.220      9.330     15.600     31.100     62.200    156.000    311.000    467.000    622.000    933.000   1560.000   3110.000   6220.000   9330.000 
  0.1000E+11  0.4080E-26  0.1170E-20  0.2470E-16  0.3740E-13  0.1260E-11  0.9090E-11  0.1620E-10  0.1880E-10  0.1990E-10  0.2040E-10  0.1990E-10  0.1790E-10  0.1540E-10  0.1390E-10
  0.1000E+12  0.3820E-26  0.1060E-20  0.2160E-16  0.3200E-13  0.1240E-11  0.1310E-10  0.2590E-10  0.3070E-10  0.3250E-10  0.3340E-10  0.3250E-10  0.2900E-10  0.2430E-10  0.2150E-10
  0.1000E+13  0.7340E-26  0.1920E-20  0.3690E-16  0.5230E-13  0.2450E-11  0.2120E-10  0.3570E-10  0.4050E-10  0.4220E-10  0.4310E-10  0.4230E-10  0.3890E-10  0.3420E-10  0.3120E-10
  0.1000E+14  0.2560E-25  0.5590E-20  0.9030E-16  0.1080E-12  0.3390E-11  0.2180E-10  0.3560E-10  0.4020E-10  0.4180E-10  0.4270E-10  0.4180E-10  0.3840E-10  0.3380E-10  0.3090E-10
  0.1000E+15  0.3260E-25  0.6700E-20  0.1030E-15  0.1200E-12  0.3480E-11  0.2180E-10  0.3550E-10  0.4000E-10  0.4170E-10  0.4250E-10  0.4160E-10  0.3830E-10  0.3370E-10  0.3080E-10
  0.1000E+16  0.3340E-25  0.6820E-20  0.1050E-15  0.1210E-12  0.3490E-11  0.2180E-10  0.3550E-10  0.4000E-10  0.4170E-10  0.4250E-10  0.4160E-10  0.3820E-10  0.3360E-10  0.3080E-10
  0.1000E+17  0.3350E-25  0.6830E-20  0.1050E-15  0.1210E-12  0.3490E-11  0.2180E-10  0.3550E-10  0.4000E-10  0.4170E-10  0.4250E-10  0.4160E-10  0.3820E-10  0.3360E-10  0.3080E-10
WAVELENGTH(A)= 
    53.724
 7 14 t 
excit   
     6.220      9.330     15.600     31.100     62.200    156.000    311.000    467.000    622.000    933.000   1560.000   3110.000   6220.000   9330.000 
  0.1000E+11  0.1410E-24  0.2690E-19  0.4090E-15  0.4830E-12  0.1370E-10  0.7610E-10  0.1160E-09  0.1280E-09  0.1330E-09  0.1350E-09  0.1330E-09  0.1240E-09  0.1110E-09  0.1030E-09
  0.1000E+12  0.1270E-24  0.2330E-19  0.3430E-15  0.3920E-12  0.1020E-10  0.4470E-10  0.6210E-10  0.6710E-10  0.6900E-10  0.6980E-10  0.6920E-10  0.6570E-10  0.6070E-10  0.5730E-10
  0.1000E+13  0.1040E-24  0.1710E-19  0.2270E-15  0.2350E-12  0.5040E-11  0.1990E-10  0.2910E-10  0.3220E-10  0.3330E-10  0.3380E-10  0.3310E-10  0.3080E-10  0.2760E-10  0.2570E-10
  0.1000E+14  0.7630E-25  0.1080E-19  0.1240E-15  0.1150E-12  0.2690E-11  0.1460E-10  0.2350E-10  0.2640E-10  0.2750E-10  0.2800E-10  0.2730E-10  0.2480E-10  0.2170E-10  0.1970E-10
  0.1000E+15  0.6710E-25  0.9130E-20  0.1020E-15  0.9200E-13  0.2370E-11  0.1410E-10  0.2290E-10  0.2580E-10  0.2690E-10  0.2730E-10  0.2660E-10  0.2420E-10  0.2100E-10  0.1900E-10
  0.1000E+16  0.6600E-25  0.8940E-20  0.9920E-16  0.8960E-13  0.2340E-11  0.1400E-10  0.2280E-10  0.2580E-10  0.2690E-10  0.2730E-10  0.2660E-10  0.2410E-10  0.2090E-10  0.1900E-10
  0.1000E+17  0.6590E-25  0.8920E-20  0.9890E-16  0.8930E-13  0.2330E-11  0.1400E-10  0.2280E-10  0.2580E-10  0.2680E-10  0.2730E-10  0.2660E-10  0.2410E-10  0.2090E-10  0.1900E-10
WAVELENGTH(A)= 
    53.998
 7 14 t 
excit   
     6.220      9.330     15.600     31.100     62.200    156.000    311.000    467.000    622.000    933.000   1560.000   3110.000   6220.000   9330.000 
  0.1000E+11  0.8000E-26  0.1910E-20  0.3510E-16  0.4750E-13  0.1460E-11  0.8680E-11  0.1370E-10  0.1530E-10  0.1590E-10  0.1630E-10  0.1600E-10  0.1480E-10  0.1320E-10  0.1220E-10
  0.1000E+12  0.7890E-26  0.1820E-20  0.3220E-16  0.4230E-13  0.1230E-11  0.6710E-11  0.1020E-10  0.1130E-10  0.1170E-10  0.1190E-10  0.1170E-10  0.1090E-10  0.9810E-11  0.9090E-11
  0.1000E+13  0.9180E-26  0.1890E-20  0.2990E-16  0.3550E-13  0.9010E-12  0.4340E-11  0.6640E-11  0.7400E-11  0.7690E-11  0.7830E-11  0.7670E-11  0.7090E-11  0.6320E-11  0.5840E-11
  0.1000E+14  0.8940E-26  0.1590E-20  0.2190E-16  0.2320E-13  0.6060E-12  0.3510E-11  0.5690E-11  0.6420E-11  0.6700E-11  0.6820E-11  0.6650E-11  0.6070E-11  0.5310E-11  0.4830E-11
  0.1000E+15  0.8510E-26  0.1460E-20  0.1950E-16  0.2030E-13  0.5560E-12  0.3410E-11  0.5570E-11  0.6300E-11  0.6580E-11  0.6710E-11  0.6530E-11  0.5940E-11  0.5180E-11  0.4710E-11
  0.1000E+16  0.8450E-26  0.1440E-20  0.1920E-16  0.1990E-13  0.5510E-12  0.3390E-11  0.5560E-11  0.6290E-11  0.6570E-11  0.6700E-11  0.6520E-11  0.5930E-11  0.5170E-11  0.4700E-11
  0.1000E+17  0.8450E-26  0.1440E-20  0.1920E-16  0.1990E-13  0.5500E-12  0.3390E-11  0.5560E-11  0.6290E-11  0.6570E-11  0.6690E-11  0.6520E-11  0.5930E-11  0.5170E-11  0.4690E-11
WAVELENGTH(A)= 
    54.459
 7 14 t 
excit   
     6.220      9.330     15.600     31.100     62.200    156.000    311.000    467.000    622.000    933.000   1560.000   3110.000   6220.000   9330.000 
  0.1000E+11  0.1130E-25  0.2350E-20  0.3870E-16  0.4830E-13  0.1450E-11  0.9060E-11  0.1460E-10  0.1650E-10  0.1720E-10  0.1750E-10  0.1720E-10  0.1580E-10  0.1390E-10  0.1270E-10
  0.1000E+12  0.1270E-25  0.2550E-20  0.4050E-16  0.4910E-13  0.1420E-11  0.7740E-11  0.1160E-10  0.1290E-10  0.1330E-10  0.1350E-10  0.1330E-10  0.1240E-10  0.1110E-10  0.1030E-10
  0.1000E+13  0.1570E-25  0.2800E-20  0.3970E-16  0.4320E-13  0.1040E-11  0.4730E-11  0.7190E-11  0.8010E-11  0.8310E-11  0.8450E-11  0.8270E-11  0.7630E-11  0.6780E-11  0.6260E-11
  0.1000E+14  0.1450E-25  0.2230E-20  0.2750E-16  0.2690E-13  0.6690E-12  0.3780E-11  0.6120E-11  0.6910E-11  0.7210E-11  0.7330E-11  0.7140E-11  0.6490E-11  0.5650E-11  0.5140E-11
  0.1000E+15  0.1350E-25  0.2020E-20  0.2420E-16  0.2320E-13  0.6090E-12  0.3660E-11  0.5990E-11  0.6790E-11  0.7080E-11  0.7210E-11  0.7010E-11  0.6360E-11  0.5520E-11  0.5010E-11
  0.1000E+16  0.1340E-25  0.2000E-20  0.2380E-16  0.2270E-13  0.6030E-12  0.3650E-11  0.5980E-11  0.6770E-11  0.7070E-11  0.7190E-11  0.7000E-11  0.6350E-11  0.5510E-11  0.4990E-11
  0.1000E+17  0.1340E-25  0.1990E-20  0.2380E-16  0.2270E-13  0.6030E-12  0.3650E-11  0.5980E-11  0.6770E-11  0.7070E-11  0.7190E-11  0.7000E-11  0.6350E-11  0.5510E-11  0.4990E-11
WAVELENGTH(A)= 
    54.652
 7 14 t 
excit   
     6.220      9.330     15.600     31.100     62.200    156.000    311.000    467.000    622.000    933.000   1560.000   3110.000   6220.000   9330.000 
  0.1000E+11  0.4410E-25  0.6780E-20  0.8750E-16  0.9070E-13  0.2440E-11  0.1310E-10  0.1990E-10  0.2200E-10  0.2280E-10  0.2310E-10  0.2260E-10  0.2100E-10  0.1880E-10  0.1730E-10
  0.1000E+12  0.3830E-25  0.5690E-20  0.7110E-16  0.7150E-13  0.1780E-11  0.8250E-11  0.1200E-10  0.1310E-10  0.1350E-10  0.1370E-10  0.1340E-10  0.1260E-10  0.1140E-10  0.1060E-10
  0.1000E+13  0.3070E-25  0.4150E-20  0.4710E-16  0.4350E-13  0.1010E-11  0.4810E-11  0.7340E-11  0.8150E-11  0.8470E-11  0.8590E-11  0.8350E-11  0.7670E-11  0.6790E-11  0.6250E-11
  0.1000E+14  0.3260E-25  0.3770E-20  0.3690E-16  0.3020E-13  0.7200E-12  0.4020E-11  0.6460E-11  0.7250E-11  0.7550E-11  0.7660E-11  0.7420E-11  0.6730E-11  0.5840E-11  0.5310E-11
  0.1000E+15  0.3370E-25  0.3730E-20  0.3510E-16  0.2800E-13  0.6790E-12  0.3930E-11  0.6360E-11  0.7150E-11  0.7450E-11  0.7560E-11  0.7320E-11  0.6620E-11  0.5740E-11  0.5200E-11
  0.1000E+16  0.3390E-25  0.3720E-20  0.3490E-16  0.2770E-13  0.6750E-12  0.3920E-11  0.6350E-11  0.7140E-11  0.7440E-11  0.7550E-11  0.7310E-11  0.6610E-11  0.5730E-11  0.5180E-11
  0.1000E+17  0.3390E-25  0.3720E-20  0.3490E-16  0.2770E-13  0.6750E-12  0.3920E-11  0.6350E-11  0.7140E-11  0.7440E-11  0.7550E-11  0.7300E-11  0.6610E-11  0.5720E-11  0.5180E-11
WAVELENGTH(A)= 
    54.724
 7 14 t 
excit   
     6.220      9.330     15.600     31.100     62.200    156.000    311.000    467.000    622.000    933.000   1560.000   3110.000   6220.000   9330.000 
  0.1000E+11  0.3830E-25  0.5800E-20  0.7390E-16  0.7590E-13  0.2060E-11  0.1180E-10  0.1850E-10  0.2060E-10  0.2140E-10  0.2170E-10  0.2120E-10  0.1950E-10  0.1720E-10  0.1580E-10
  0.1000E+12  0.4090E-25  0.5970E-20  0.7340E-16  0.7310E-13  0.1880E-11  0.9500E-11  0.1400E-10  0.1540E-10  0.1590E-10  0.1610E-10  0.1570E-10  0.1460E-10  0.1310E-10  0.1220E-10
  0.1000E+13  0.4850E-25  0.6310E-20  0.6930E-16  0.6240E-13  0.1340E-11  0.5690E-11  0.8480E-11  0.9380E-11  0.9710E-11  0.9840E-11  0.9600E-11  0.8830E-11  0.7860E-11  0.7260E-11
  0.1000E+14  0.4280E-25  0.4810E-20  0.4610E-16  0.3720E-13  0.8360E-12  0.4450E-11  0.7110E-11  0.7990E-11  0.8310E-11  0.8430E-11  0.8180E-11  0.7410E-11  0.6450E-11  0.5860E-11
  0.1000E+15  0.3940E-25  0.4280E-20  0.3970E-16  0.3130E-13  0.7530E-12  0.4300E-11  0.6950E-11  0.7830E-11  0.8150E-11  0.8270E-11  0.8020E-11  0.7250E-11  0.6280E-11  0.5690E-11
  0.1000E+16  0.3890E-25  0.4210E-20  0.3900E-16  0.3070E-13  0.7440E-12  0.4290E-11  0.6940E-11  0.7810E-11  0.8130E-11  0.8250E-11  0.8000E-11  0.7230E-11  0.6260E-11  0.5670E-11
  0.1000E+17  0.3890E-25  0.4210E-20  0.3890E-16  0.3060E-13  0.7430E-12  0.4280E-11  0.6930E-11  0.7810E-11  0.8130E-11  0.8250E-11  0.8000E-11  0.7230E-11  0.6260E-11  0.5670E-11
WAVELENGTH(A)= 
    54.751
 7 14 t 
excit   
     6.220      9.330     15.600     31.100     62.200    156.000    311.000    467.000    622.000    933.000   1560.000   3110.000   6220.000   9330.000 
  0.1000E+11  0.2830E-24  0.4270E-19  0.5400E-15  0.5540E-12  0.1480E-10  0.7860E-10  0.1190E-09  0.1300E-09  0.1350E-09  0.1370E-09  0.1340E-09  0.1250E-09  0.1120E-09  0.1040E-09
  0.1000E+12  0.2490E-24  0.3620E-19  0.4440E-15  0.4420E-12  0.1070E-10  0.4510E-10  0.6190E-10  0.6660E-10  0.6840E-10  0.6910E-10  0.6820E-10  0.6470E-10  0.5980E-10  0.5670E-10
  0.1000E+13  0.1830E-24  0.2420E-19  0.2680E-15  0.2430E-12  0.5000E-11  0.1960E-10  0.2860E-10  0.3140E-10  0.3250E-10  0.3290E-10  0.3220E-10  0.2970E-10  0.2670E-10  0.2480E-10
  0.1000E+14  0.1400E-24  0.1570E-19  0.1510E-15  0.1220E-12  0.2740E-11  0.1460E-10  0.2320E-10  0.2600E-10  0.2700E-10  0.2740E-10  0.2660E-10  0.2410E-10  0.2100E-10  0.1910E-10
  0.1000E+15  0.1280E-24  0.1390E-19  0.1280E-15  0.1010E-12  0.2440E-11  0.1400E-10  0.2260E-10  0.2540E-10  0.2640E-10  0.2680E-10  0.2600E-10  0.2350E-10  0.2040E-10  0.1850E-10
  0.1000E+16  0.1270E-24  0.1370E-19  0.1260E-15  0.9880E-13  0.2410E-11  0.1400E-10  0.2250E-10  0.2530E-10  0.2640E-10  0.2670E-10  0.2590E-10  0.2340E-10  0.2030E-10  0.1850E-10
  0.1000E+17  0.1270E-24  0.1360E-19  0.1260E-15  0.9860E-13  0.2410E-11  0.1400E-10  0.2250E-10  0.2530E-10  0.2640E-10  0.2670E-10  0.2590E-10  0.2340E-10  0.2030E-10  0.1850E-10
WAVELENGTH(A)= 
    54.784
 7 14 t 
excit   
     6.220      9.330     15.600     31.100     62.200    156.000    311.000    467.000    622.000    933.000   1560.000   3110.000   6220.000   9330.000 
  0.1000E+11  0.8620E-26  0.2060E-20  0.3780E-16  0.5120E-13  0.1570E-11  0.9350E-11  0.1470E-10  0.1650E-10  0.1720E-10  0.1750E-10  0.1720E-10  0.1600E-10  0.1420E-10  0.1310E-10
  0.1000E+12  0.8500E-26  0.1960E-20  0.3470E-16  0.4560E-13  0.1330E-11  0.7240E-11  0.1100E-10  0.1220E-10  0.1260E-10  0.1290E-10  0.1260E-10  0.1180E-10  0.1060E-10  0.9800E-11
  0.1000E+13  0.9900E-26  0.2030E-20  0.3220E-16  0.3830E-13  0.9710E-12  0.4680E-11  0.7160E-11  0.7980E-11  0.8290E-11  0.8440E-11  0.8270E-11  0.7640E-11  0.6820E-11  0.6300E-11
  0.1000E+14  0.9640E-26  0.1710E-20  0.2360E-16  0.2500E-13  0.6540E-12  0.3780E-11  0.6130E-11  0.6920E-11  0.7220E-11  0.7360E-11  0.7170E-11  0.6540E-11  0.5720E-11  0.5210E-11
  0.1000E+15  0.9170E-26  0.1570E-20  0.2100E-16  0.2190E-13  0.5990E-12  0.3670E-11  0.6010E-11  0.6790E-11  0.7100E-11  0.7230E-11  0.7040E-11  0.6410E-11  0.5590E-11  0.5080E-11
  0.1000E+16  0.9110E-26  0.1550E-20  0.2070E-16  0.2150E-13  0.5940E-12  0.3660E-11  0.6000E-11  0.6780E-11  0.7080E-11  0.7220E-11  0.7030E-11  0.6390E-11  0.5570E-11  0.5060E-11
  0.1000E+17  0.9110E-26  0.1550E-20  0.2070E-16  0.2150E-13  0.5930E-12  0.3660E-11  0.5990E-11  0.6780E-11  0.7080E-11  0.7210E-11  0.7030E-11  0.6390E-11  0.5570E-11  0.5060E-11
WAVELENGTH(A)= 
    55.032
 7 14 t 
excit   
     6.220      9.330     15.600     31.100     62.200    156.000    311.000    467.000    622.000    933.000   1560.000   3110.000   6220.000   9330.000 
  0.1000E+11  0.4420E-25  0.8400E-20  0.1280E-15  0.1510E-12  0.4300E-11  0.2380E-10  0.3620E-10  0.4000E-10  0.4150E-10  0.4210E-10  0.4160E-10  0.3870E-10  0.3480E-10  0.3220E-10
  0.1000E+12  0.3970E-25  0.7290E-20  0.1070E-15  0.1230E-12  0.3180E-11  0.1400E-10  0.1940E-10  0.2100E-10  0.2160E-10  0.2180E-10  0.2160E-10  0.2050E-10  0.1900E-10  0.1790E-10
  0.1000E+13  0.3250E-25  0.5350E-20  0.7090E-16  0.7350E-13  0.1580E-11  0.6210E-11  0.9110E-11  0.1010E-10  0.1040E-10  0.1060E-10  0.1040E-10  0.9610E-11  0.8630E-11  0.8020E-11
  0.1000E+14  0.2380E-25  0.3370E-20  0.3870E-16  0.3580E-13  0.8420E-12  0.4580E-11  0.7340E-11  0.8260E-11  0.8610E-11  0.8740E-11  0.8520E-11  0.7760E-11  0.6770E-11  0.6160E-11
  0.1000E+15  0.2100E-25  0.2850E-20  0.3180E-16  0.2880E-13  0.7410E-12  0.4390E-11  0.7150E-11  0.8070E-11  0.8410E-11  0.8550E-11  0.8330E-11  0.7560E-11  0.6570E-11  0.5950E-11
  0.1000E+16  0.2060E-25  0.2790E-20  0.3100E-16  0.2800E-13  0.7300E-12  0.4380E-11  0.7130E-11  0.8050E-11  0.8390E-11  0.8530E-11  0.8310E-11  0.7540E-11  0.6540E-11  0.5930E-11
  0.1000E+17  0.2060E-25  0.2790E-20  0.3090E-16  0.2790E-13  0.7290E-12  0.4370E-11  0.7130E-11  0.8050E-11  0.8390E-11  0.8530E-11  0.8300E-11  0.7530E-11  0.6540E-11  0.5930E-11
WAVELENGTH(A)= 
    55.673
 7 14 t 
excit   
     6.220      9.330     15.600     31.100     62.200    156.000    311.000    467.000    622.000    933.000   1560.000   3110.000   6220.000   9330.000 
  0.1000E+11  0.4250E-25  0.6540E-20  0.8440E-16  0.8750E-13  0.2350E-11  0.1270E-10  0.1920E-10  0.2120E-10  0.2200E-10  0.2230E-10  0.2180E-10  0.2030E-10  0.1810E-10  0.1670E-10
  0.1000E+12  0.3690E-25  0.5490E-20  0.6850E-16  0.6890E-13  0.1710E-11  0.7950E-11  0.1150E-10  0.1260E-10  0.1310E-10  0.1320E-10  0.1300E-10  0.1220E-10  0.1100E-10  0.1030E-10
  0.1000E+13  0.2960E-25  0.4000E-20  0.4540E-16  0.4190E-13  0.9740E-12  0.4630E-11  0.7080E-11  0.7860E-11  0.8170E-11  0.8280E-11  0.8050E-11  0.7400E-11  0.6550E-11  0.6030E-11
  0.1000E+14  0.3150E-25  0.3640E-20  0.3560E-16  0.2920E-13  0.6950E-12  0.3880E-11  0.6230E-11  0.6990E-11  0.7280E-11  0.7390E-11  0.7150E-11  0.6490E-11  0.5640E-11  0.5120E-11
  0.1000E+15  0.3250E-25  0.3590E-20  0.3380E-16  0.2700E-13  0.6550E-12  0.3790E-11  0.6130E-11  0.6890E-11  0.7190E-11  0.7290E-11  0.7050E-11  0.6390E-11  0.5530E-11  0.5010E-11
  0.1000E+16  0.3270E-25  0.3590E-20  0.3370E-16  0.2670E-13  0.6510E-12  0.3780E-11  0.6120E-11  0.6880E-11  0.7180E-11  0.7280E-11  0.7040E-11  0.6380E-11  0.5520E-11  0.5000E-11
  0.1000E+17  0.3270E-25  0.3590E-20  0.3360E-16  0.2670E-13  0.6510E-12  0.3780E-11  0.6120E-11  0.6880E-11  0.7170E-11  0.7280E-11  0.7040E-11  0.6380E-11  0.5520E-11  0.5000E-11
WAVELENGTH(A)= 
    55.776
 7 14 t 
excit   
     6.220      9.330     15.600     31.100     62.200    156.000    311.000    467.000    622.000    933.000   1560.000   3110.000   6220.000   9330.000 
  0.1000E+11  0.1100E-24  0.1660E-19  0.2100E-15  0.2150E-12  0.5730E-11  0.3050E-10  0.4600E-10  0.5060E-10  0.5240E-10  0.5300E-10  0.5210E-10  0.4840E-10  0.4340E-10  0.4030E-10
  0.1000E+12  0.9650E-25  0.1410E-19  0.1720E-15  0.1710E-12  0.4160E-11  0.1750E-10  0.2400E-10  0.2580E-10  0.2650E-10  0.2680E-10  0.2650E-10  0.2510E-10  0.2320E-10  0.2200E-10
  0.1000E+13  0.7120E-25  0.9380E-20  0.1040E-15  0.9430E-13  0.1940E-11  0.7600E-11  0.1110E-10  0.1220E-10  0.1260E-10  0.1280E-10  0.1250E-10  0.1150E-10  0.1030E-10  0.9630E-11
  0.1000E+14  0.5420E-25  0.6110E-20  0.5860E-16  0.4730E-13  0.1060E-11  0.5660E-11  0.8990E-11  0.1010E-10  0.1050E-10  0.1060E-10  0.1030E-10  0.9360E-11  0.8150E-11  0.7430E-11
  0.1000E+15  0.4980E-25  0.5380E-20  0.4980E-16  0.3920E-13  0.9480E-12  0.5450E-11  0.8770E-11  0.9850E-11  0.1030E-10  0.1040E-10  0.1010E-10  0.9120E-11  0.7910E-11  0.7190E-11
  0.1000E+16  0.4930E-25  0.5300E-20  0.4880E-16  0.3840E-13  0.9360E-12  0.5430E-11  0.8750E-11  0.9830E-11  0.1020E-10  0.1040E-10  0.1010E-10  0.9100E-11  0.7890E-11  0.7160E-11
  0.1000E+17  0.4930E-25  0.5290E-20  0.4870E-16  0.3830E-13  0.9350E-12  0.5420E-11  0.8750E-11  0.9830E-11  0.1020E-10  0.1040E-10  0.1010E-10  0.9100E-11  0.7890E-11  0.7160E-11
WAVELENGTH(A)= 
    55.849
 7 14 t 
excit   
     6.220      9.330     15.600     31.100     62.200    156.000    311.000    467.000    622.000    933.000   1560.000   3110.000   6220.000   9330.000 
  0.1000E+11  0.2540E-25  0.4830E-20  0.7360E-16  0.8680E-13  0.2470E-11  0.1370E-10  0.2080E-10  0.2300E-10  0.2390E-10  0.2420E-10  0.2390E-10  0.2230E-10  0.2000E-10  0.1850E-10
  0.1000E+12  0.2280E-25  0.4190E-20  0.6170E-16  0.7050E-13  0.1830E-11  0.8040E-11  0.1120E-10  0.1210E-10  0.1240E-10  0.1250E-10  0.1240E-10  0.1180E-10  0.1090E-10  0.1030E-10
  0.1000E+13  0.1870E-25  0.3080E-20  0.4080E-16  0.4220E-13  0.9060E-12  0.3570E-11  0.5240E-11  0.5780E-11  0.5990E-11  0.6070E-11  0.5960E-11  0.5530E-11  0.4960E-11  0.4610E-11
  0.1000E+14  0.1370E-25  0.1940E-20  0.2230E-16  0.2060E-13  0.4840E-12  0.2630E-11  0.4220E-11  0.4750E-11  0.4950E-11  0.5030E-11  0.4900E-11  0.4460E-11  0.3890E-11  0.3540E-11
  0.1000E+15  0.1210E-25  0.1640E-20  0.1830E-16  0.1650E-13  0.4260E-12  0.2530E-11  0.4110E-11  0.4640E-11  0.4840E-11  0.4920E-11  0.4790E-11  0.4350E-11  0.3780E-11  0.3420E-11
  0.1000E+16  0.1190E-25  0.1610E-20  0.1780E-16  0.1610E-13  0.4200E-12  0.2520E-11  0.4100E-11  0.4630E-11  0.4830E-11  0.4910E-11  0.4780E-11  0.4330E-11  0.3760E-11  0.3410E-11
  0.1000E+17  0.1180E-25  0.1600E-20  0.1780E-16  0.1610E-13  0.4190E-12  0.2520E-11  0.4100E-11  0.4630E-11  0.4830E-11  0.4900E-11  0.4780E-11  0.4330E-11  0.3760E-11  0.3410E-11
WAVELENGTH(A)= 
    56.081
 7 14 t 
excit   
     6.220      9.330     15.600     31.100     62.200    156.000    311.000    467.000    622.000    933.000   1560.000   3110.000   6220.000   9330.000 
  0.1000E+11  0.4970E-25  0.7530E-20  0.9590E-16  0.9860E-13  0.2670E-11  0.1530E-10  0.2400E-10  0.2670E-10  0.2780E-10  0.2820E-10  0.2750E-10  0.2530E-10  0.2230E-10  0.2050E-10
  0.1000E+12  0.5310E-25  0.7750E-20  0.9530E-16  0.9500E-13  0.2450E-11  0.1230E-10  0.1820E-10  0.2000E-10  0.2060E-10  0.2090E-10  0.2040E-10  0.1900E-10  0.1700E-10  0.1580E-10
  0.1000E+13  0.6300E-25  0.8200E-20  0.8990E-16  0.8100E-13  0.1740E-11  0.7390E-11  0.1100E-10  0.1220E-10  0.1260E-10  0.1280E-10  0.1250E-10  0.1150E-10  0.1020E-10  0.9420E-11
  0.1000E+14  0.5550E-25  0.6250E-20  0.5980E-16  0.4830E-13  0.1090E-11  0.5780E-11  0.9230E-11  0.1040E-10  0.1080E-10  0.1090E-10  0.1060E-10  0.9620E-11  0.8370E-11  0.7610E-11
  0.1000E+15  0.5110E-25  0.5550E-20  0.5150E-16  0.4070E-13  0.9780E-12  0.5590E-11  0.9030E-11  0.1020E-10  0.1060E-10  0.1070E-10  0.1040E-10  0.9410E-11  0.8150E-11  0.7390E-11
  0.1000E+16  0.5060E-25  0.5470E-20  0.5060E-16  0.3990E-13  0.9660E-12  0.5570E-11  0.9010E-11  0.1010E-10  0.1060E-10  0.1070E-10  0.1040E-10  0.9390E-11  0.8130E-11  0.7360E-11
  0.1000E+17  0.5050E-25  0.5460E-20  0.5050E-16  0.3980E-13  0.9650E-12  0.5560E-11  0.9000E-11  0.1010E-10  0.1060E-10  0.1070E-10  0.1040E-10  0.9390E-11  0.8130E-11  0.7360E-11
WAVELENGTH(A)= 
    56.340
 7 14 t 
excit   
     6.220      9.330     15.600     31.100     62.200    156.000    311.000    467.000    622.000    933.000   1560.000   3110.000   6220.000   9330.000 
  0.1000E+11  0.1530E-24  0.1640E-19  0.1580E-15  0.1320E-12  0.3170E-11  0.1600E-10  0.2370E-10  0.2600E-10  0.2680E-10  0.2710E-10  0.2650E-10  0.2450E-10  0.2190E-10  0.2020E-10
  0.1000E+12  0.1310E-24  0.1360E-19  0.1270E-15  0.1030E-12  0.2260E-11  0.9480E-11  0.1330E-10  0.1440E-10  0.1480E-10  0.1500E-10  0.1470E-10  0.1370E-10  0.1250E-10  0.1170E-10
  0.1000E+13  0.9660E-25  0.9090E-20  0.7740E-16  0.5750E-13  0.1160E-11  0.4940E-11  0.7390E-11  0.8170E-11  0.8460E-11  0.8550E-11  0.8300E-11  0.7590E-11  0.6720E-11  0.6180E-11
  0.1000E+14  0.9120E-25  0.7340E-20  0.5380E-16  0.3550E-13  0.7510E-12  0.3980E-11  0.6330E-11  0.7100E-11  0.7380E-11  0.7460E-11  0.7210E-11  0.6490E-11  0.5610E-11  0.5080E-11
  0.1000E+15  0.9180E-25  0.7040E-20  0.4960E-16  0.3180E-13  0.6960E-12  0.3870E-11  0.6210E-11  0.6980E-11  0.7260E-11  0.7350E-11  0.7090E-11  0.6370E-11  0.5490E-11  0.4960E-11
  0.1000E+16  0.9190E-25  0.7010E-20  0.4910E-16  0.3140E-13  0.6900E-12  0.3860E-11  0.6200E-11  0.6970E-11  0.7250E-11  0.7330E-11  0.7070E-11  0.6360E-11  0.5480E-11  0.4940E-11
  0.1000E+17  0.9190E-25  0.7000E-20  0.4910E-16  0.3140E-13  0.6900E-12  0.3850E-11  0.6200E-11  0.6970E-11  0.7250E-11  0.7330E-11  0.7070E-11  0.6360E-11  0.5480E-11  0.4940E-11
WAVELENGTH(A)= 
    56.550
 7 14 t 
excit   
     6.220      9.330     15.600     31.100     62.200    156.000    311.000    467.000    622.000    933.000   1560.000   3110.000   6220.000   9330.000 
  0.1000E+11  0.1070E-24  0.1100E-19  0.1020E-15  0.8280E-13  0.1970E-11  0.9890E-11  0.1470E-10  0.1610E-10  0.1670E-10  0.1690E-10  0.1650E-10  0.1530E-10  0.1360E-10  0.1260E-10
  0.1000E+12  0.9390E-25  0.9280E-20  0.8320E-16  0.6570E-13  0.1430E-11  0.5910E-11  0.8300E-11  0.8980E-11  0.9260E-11  0.9370E-11  0.9160E-11  0.8560E-11  0.7750E-11  0.7260E-11
  0.1000E+13  0.7530E-25  0.6700E-20  0.5430E-16  0.3910E-13  0.7440E-12  0.3060E-11  0.4620E-11  0.5130E-11  0.5330E-11  0.5400E-11  0.5230E-11  0.4770E-11  0.4190E-11  0.3850E-11
  0.1000E+14  0.6610E-25  0.5050E-20  0.3550E-16  0.2270E-13  0.4650E-12  0.2450E-11  0.3960E-11  0.4460E-11  0.4650E-11  0.4720E-11  0.4550E-11  0.4090E-11  0.3510E-11  0.3170E-11
  0.1000E+15  0.6360E-25  0.4670E-20  0.3170E-16  0.1980E-13  0.4270E-12  0.2380E-11  0.3880E-11  0.4380E-11  0.4570E-11  0.4640E-11  0.4470E-11  0.4010E-11  0.3430E-11  0.3100E-11
  0.1000E+16  0.6330E-25  0.4620E-20  0.3120E-16  0.1950E-13  0.4230E-12  0.2370E-11  0.3870E-11  0.4370E-11  0.4570E-11  0.4640E-11  0.4470E-11  0.4000E-11  0.3430E-11  0.3090E-11
  0.1000E+17  0.6320E-25  0.4620E-20  0.3120E-16  0.1940E-13  0.4220E-12  0.2370E-11  0.3870E-11  0.4370E-11  0.4570E-11  0.4630E-11  0.4470E-11  0.4000E-11  0.3430E-11  0.3090E-11
WAVELENGTH(A)= 
    56.752
 7 14 t 
excit   
     6.220      9.330     15.600     31.100     62.200    156.000    311.000    467.000    622.000    933.000   1560.000   3110.000   6220.000   9330.000 
  0.1000E+11  0.2740E-24  0.2690E-19  0.2420E-15  0.1920E-12  0.4520E-11  0.2280E-10  0.3410E-10  0.3750E-10  0.3880E-10  0.3920E-10  0.3820E-10  0.3530E-10  0.3130E-10  0.2890E-10
  0.1000E+12  0.2450E-24  0.2320E-19  0.2030E-15  0.1550E-12  0.3340E-11  0.1340E-10  0.1830E-10  0.1980E-10  0.2030E-10  0.2050E-10  0.2010E-10  0.1880E-10  0.1720E-10  0.1620E-10
  0.1000E+13  0.1930E-24  0.1640E-19  0.1290E-15  0.8990E-13  0.1620E-11  0.6060E-11  0.8960E-11  0.9920E-11  0.1030E-10  0.1040E-10  0.1010E-10  0.9210E-11  0.8120E-11  0.7480E-11
  0.1000E+14  0.1470E-24  0.1080E-19  0.7330E-16  0.4560E-13  0.9000E-12  0.4610E-11  0.7410E-11  0.8360E-11  0.8710E-11  0.8810E-11  0.8500E-11  0.7630E-11  0.6550E-11  0.5910E-11
  0.1000E+15  0.1340E-24  0.9400E-20  0.6180E-16  0.3760E-13  0.8030E-12  0.4440E-11  0.7240E-11  0.8190E-11  0.8540E-11  0.8640E-11  0.8330E-11  0.7460E-11  0.6370E-11  0.5740E-11
  0.1000E+16  0.1320E-24  0.9240E-20  0.6050E-16  0.3670E-13  0.7930E-12  0.4430E-11  0.7220E-11  0.8170E-11  0.8520E-11  0.8630E-11  0.8310E-11  0.7440E-11  0.6360E-11  0.5720E-11
  0.1000E+17  0.1320E-24  0.9230E-20  0.6040E-16  0.3670E-13  0.7920E-12  0.4430E-11  0.7220E-11  0.8170E-11  0.8520E-11  0.8620E-11  0.8310E-11  0.7440E-11  0.6360E-11  0.5720E-11
WAVELENGTH(A)= 
    57.425
 7 14 t 
excit   
     6.220      9.330     15.600     31.100     62.200    156.000    311.000    467.000    622.000    933.000   1560.000   3110.000   6220.000   9330.000 
  0.1000E+11  0.1160E-24  0.1240E-19  0.1200E-15  0.9960E-13  0.2390E-11  0.1200E-10  0.1790E-10  0.1960E-10  0.2020E-10  0.2050E-10  0.2000E-10  0.1850E-10  0.1660E-10  0.1530E-10
  0.1000E+12  0.9910E-25  0.1020E-19  0.9580E-16  0.7740E-13  0.1710E-11  0.7150E-11  0.1000E-10  0.1090E-10  0.1120E-10  0.1130E-10  0.1110E-10  0.1040E-10  0.9440E-11  0.8830E-11
  0.1000E+13  0.7290E-25  0.6860E-20  0.5840E-16  0.4340E-13  0.8720E-12  0.3720E-11  0.5570E-11  0.6170E-11  0.6380E-11  0.6450E-11  0.6260E-11  0.5730E-11  0.5070E-11  0.4660E-11
  0.1000E+14  0.6890E-25  0.5540E-20  0.4060E-16  0.2680E-13  0.5670E-12  0.3000E-11  0.4780E-11  0.5360E-11  0.5570E-11  0.5630E-11  0.5440E-11  0.4900E-11  0.4240E-11  0.3830E-11
  0.1000E+15  0.6930E-25  0.5310E-20  0.3740E-16  0.2400E-13  0.5250E-12  0.2920E-11  0.4690E-11  0.5270E-11  0.5480E-11  0.5540E-11  0.5350E-11  0.4810E-11  0.4140E-11  0.3740E-11
  0.1000E+16  0.6930E-25  0.5290E-20  0.3710E-16  0.2370E-13  0.5210E-12  0.2910E-11  0.4680E-11  0.5260E-11  0.5470E-11  0.5540E-11  0.5340E-11  0.4800E-11  0.4130E-11  0.3730E-11
  0.1000E+17  0.6930E-25  0.5290E-20  0.3700E-16  0.2370E-13  0.5210E-12  0.2910E-11  0.4680E-11  0.5260E-11  0.5470E-11  0.5530E-11  0.5340E-11  0.4800E-11  0.4130E-11  0.3730E-11
WAVELENGTH(A)= 
    58.372
 7 14 t 
excit   
     6.220      9.330     15.600     31.100     62.200    156.000    311.000    467.000    622.000    933.000   1560.000   3110.000   6220.000   9330.000 
  0.1000E+11  0.7590E-24  0.5390E-19  0.3730E-15  0.2450E-12  0.5260E-11  0.2610E-10  0.3910E-10  0.4290E-10  0.4430E-10  0.4480E-10  0.4330E-10  0.3960E-10  0.3490E-10  0.3200E-10
  0.1000E+12  0.7180E-24  0.4930E-19  0.3300E-15  0.2100E-12  0.4120E-11  0.1560E-10  0.2080E-10  0.2220E-10  0.2260E-10  0.2280E-10  0.2230E-10  0.2090E-10  0.1910E-10  0.1800E-10
  0.1000E+13  0.5600E-24  0.3440E-19  0.2070E-15  0.1190E-12  0.1860E-11  0.6070E-11  0.8690E-11  0.9550E-11  0.9850E-11  0.9960E-11  0.9630E-11  0.8780E-11  0.7760E-11  0.7160E-11
  0.1000E+14  0.3600E-24  0.1900E-19  0.9920E-16  0.5090E-13  0.8870E-12  0.4260E-11  0.6800E-11  0.7660E-11  0.7960E-11  0.8070E-11  0.7740E-11  0.6900E-11  0.5900E-11  0.5310E-11
  0.1000E+15  0.3030E-24  0.1540E-19  0.7780E-16  0.3910E-13  0.7610E-12  0.4060E-11  0.6610E-11  0.7460E-11  0.7770E-11  0.7870E-11  0.7550E-11  0.6710E-11  0.5700E-11  0.5110E-11
  0.1000E+16  0.2960E-24  0.1500E-19  0.7550E-16  0.3790E-13  0.7480E-12  0.4040E-11  0.6590E-11  0.7440E-11  0.7750E-11  0.7850E-11  0.7530E-11  0.6690E-11  0.5680E-11  0.5090E-11
  0.1000E+17  0.2960E-24  0.1500E-19  0.7530E-16  0.3780E-13  0.7470E-12  0.4040E-11  0.6580E-11  0.7440E-11  0.7750E-11  0.7850E-11  0.7520E-11  0.6680E-11  0.5680E-11  0.5090E-11
WAVELENGTH(A)= 
    59.245
 7 14 t 
excit   
     6.220      9.330     15.600     31.100     62.200    156.000    311.000    467.000    622.000    933.000   1560.000   3110.000   6220.000   9330.000 
  0.1000E+11  0.2680E-24  0.1900E-19  0.1320E-15  0.8630E-13  0.1860E-11  0.9220E-11  0.1380E-10  0.1520E-10  0.1560E-10  0.1580E-10  0.1530E-10  0.1400E-10  0.1230E-10  0.1130E-10
  0.1000E+12  0.2530E-24  0.1740E-19  0.1170E-15  0.7410E-13  0.1450E-11  0.5510E-11  0.7330E-11  0.7820E-11  0.7990E-11  0.8050E-11  0.7860E-11  0.7380E-11  0.6750E-11  0.6350E-11
  0.1000E+13  0.1970E-24  0.1210E-19  0.7310E-16  0.4200E-13  0.6570E-12  0.2140E-11  0.3070E-11  0.3370E-11  0.3480E-11  0.3510E-11  0.3400E-11  0.3100E-11  0.2740E-11  0.2530E-11
  0.1000E+14  0.1270E-24  0.6700E-20  0.3500E-16  0.1800E-13  0.3130E-12  0.1500E-11  0.2400E-11  0.2700E-11  0.2810E-11  0.2850E-11  0.2730E-11  0.2440E-11  0.2080E-11  0.1870E-11
  0.1000E+15  0.1070E-24  0.5430E-20  0.2750E-16  0.1380E-13  0.2690E-12  0.1430E-11  0.2330E-11  0.2630E-11  0.2740E-11  0.2780E-11  0.2660E-11  0.2370E-11  0.2010E-11  0.1800E-11
  0.1000E+16  0.1050E-24  0.5290E-20  0.2660E-16  0.1340E-13  0.2640E-12  0.1430E-11  0.2320E-11  0.2630E-11  0.2730E-11  0.2770E-11  0.2660E-11  0.2360E-11  0.2000E-11  0.1800E-11
  0.1000E+17  0.1040E-24  0.5280E-20  0.2660E-16  0.1330E-13  0.2640E-12  0.1430E-11  0.2320E-11  0.2620E-11  0.2730E-11  0.2770E-11  0.2660E-11  0.2360E-11  0.2000E-11  0.1800E-11
WAVELENGTH(A)= 
  1412.570
 7 14 t 
excit   
     6.220      9.330     15.600     31.100     62.200    156.000    311.000    467.000    622.000    933.000   1560.000   3110.000   6220.000   9330.000 
  0.1000E+11  0.3810E-11  0.5510E-11  0.7310E-11  0.9190E-11  0.1910E-10  0.6770E-10  0.1020E-09  0.1130E-09  0.1170E-09  0.1180E-09  0.1150E-09  0.1050E-09  0.9260E-10  0.8470E-10
  0.1000E+12  0.3730E-11  0.5300E-11  0.6930E-11  0.8620E-11  0.1680E-10  0.4380E-10  0.5470E-10  0.5730E-10  0.5820E-10  0.5860E-10  0.5790E-10  0.5570E-10  0.5230E-10  0.4990E-10
  0.1000E+13  0.2580E-11  0.3390E-11  0.4100E-11  0.4680E-11  0.6220E-11  0.7340E-11  0.7360E-11  0.7370E-11  0.7370E-11  0.7380E-11  0.7400E-11  0.7430E-11  0.7470E-11  0.7490E-11
  0.1000E+14  0.5200E-12  0.6090E-12  0.6570E-12  0.6750E-12  0.6890E-12  0.6930E-12  0.6950E-12  0.6970E-12  0.6970E-12  0.6980E-12  0.6980E-12  0.6980E-12  0.6980E-12  0.6980E-12
  0.1000E+15  0.5670E-13  0.6430E-13  0.6790E-13  0.6830E-13  0.6790E-13  0.6830E-13  0.6880E-13  0.6900E-13  0.6910E-13  0.6920E-13  0.6920E-13  0.6900E-13  0.6890E-13  0.6880E-13
  0.1000E+16  0.5710E-14  0.6470E-14  0.6800E-14  0.6840E-14  0.6780E-14  0.6820E-14  0.6870E-14  0.6890E-14  0.6900E-14  0.6910E-14  0.6910E-14  0.6900E-14  0.6880E-14  0.6870E-14
  0.1000E+17  0.5720E-15  0.6470E-15  0.6800E-15  0.6840E-15  0.6780E-15  0.6820E-15  0.6870E-15  0.6890E-15  0.6900E-15  0.6910E-15  0.6910E-15  0.6900E-15  0.6880E-15  0.6870E-15
WAVELENGTH(A)= 
  1659.420
 7 14 t 
excit   
     6.220      9.330     15.600     31.100     62.200    156.000    311.000    467.000    622.000    933.000   1560.000   3110.000   6220.000   9330.000 
  0.1000E+11  0.1750E-11  0.2440E-11  0.3130E-11  0.3950E-11  0.1100E-10  0.4560E-10  0.6990E-10  0.7760E-10  0.8050E-10  0.8170E-10  0.7970E-10  0.7320E-10  0.6460E-10  0.5930E-10
  0.1000E+12  0.1680E-11  0.2290E-11  0.2900E-11  0.3620E-11  0.9150E-11  0.2750E-10  0.3490E-10  0.3670E-10  0.3730E-10  0.3760E-10  0.3730E-10  0.3610E-10  0.3400E-10  0.3260E-10
  0.1000E+13  0.1310E-11  0.1680E-11  0.1980E-11  0.2280E-11  0.3540E-11  0.4560E-11  0.4600E-11  0.4600E-11  0.4600E-11  0.4610E-11  0.4630E-11  0.4650E-11  0.4680E-11  0.4710E-11
  0.1000E+14  0.3620E-12  0.4020E-12  0.4160E-12  0.4140E-12  0.4290E-12  0.4350E-12  0.4350E-12  0.4350E-12  0.4350E-12  0.4350E-12  0.4360E-12  0.4360E-12  0.4370E-12  0.4380E-12
  0.1000E+15  0.4290E-13  0.4550E-13  0.4540E-13  0.4390E-13  0.4300E-13  0.4300E-13  0.4310E-13  0.4310E-13  0.4310E-13  0.4310E-13  0.4320E-13  0.4320E-13  0.4310E-13  0.4310E-13
  0.1000E+16  0.4370E-14  0.4610E-14  0.4580E-14  0.4420E-14  0.4300E-14  0.4300E-14  0.4310E-14  0.4310E-14  0.4310E-14  0.4310E-14  0.4310E-14  0.4310E-14  0.4310E-14  0.4310E-14
  0.1000E+17  0.4370E-15  0.4610E-15  0.4590E-15  0.4420E-15  0.4300E-15  0.4300E-15  0.4310E-15  0.4310E-15  0.4310E-15  0.4310E-15  0.4310E-15  0.4310E-15  0.4300E-15  0.4310E-15
WAVELENGTH(A)= 
  1756.800
 7 14 t 
excit   
     6.220      9.330     15.600     31.100     62.200    156.000    311.000    467.000    622.000    933.000   1560.000   3110.000   6220.000   9330.000 
  0.1000E+11  0.1160E-12  0.1860E-12  0.2690E-12  0.3840E-12  0.1440E-11  0.7500E-11  0.1230E-10  0.1390E-10  0.1450E-10  0.1470E-10  0.1430E-10  0.1290E-10  0.1110E-10  0.1000E-10
  0.1000E+12  0.2950E-12  0.4630E-12  0.6640E-12  0.9040E-12  0.2260E-11  0.7630E-11  0.1040E-10  0.1110E-10  0.1130E-10  0.1140E-10  0.1110E-10  0.1040E-10  0.9480E-11  0.8850E-11
  0.1000E+13  0.5140E-12  0.7300E-12  0.9470E-12  0.1150E-11  0.1570E-11  0.2030E-11  0.2110E-11  0.2130E-11  0.2130E-11  0.2140E-11  0.2130E-11  0.2120E-11  0.2100E-11  0.2080E-11
  0.1000E+14  0.1300E-12  0.1630E-12  0.1880E-12  0.2030E-12  0.2100E-12  0.2150E-12  0.2170E-12  0.2190E-12  0.2190E-12  0.2190E-12  0.2190E-12  0.2190E-12  0.2180E-12  0.2180E-12
  0.1000E+15  0.1440E-13  0.1760E-13  0.1970E-13  0.2080E-13  0.2110E-13  0.2140E-13  0.2170E-13  0.2190E-13  0.2190E-13  0.2190E-13  0.2190E-13  0.2190E-13  0.2180E-13  0.2180E-13
  0.1000E+16  0.1450E-14  0.1770E-14  0.1980E-14  0.2080E-14  0.2100E-14  0.2140E-14  0.2170E-14  0.2190E-14  0.2190E-14  0.2190E-14  0.2190E-14  0.2190E-14  0.2180E-14  0.2180E-14
  0.1000E+17  0.1450E-15  0.1770E-15  0.1980E-15  0.2080E-15  0.2100E-15  0.2140E-15  0.2170E-15  0.2190E-15  0.2190E-15  0.2190E-15  0.2190E-15  0.2190E-15  0.2180E-15  0.2180E-15
WAVELENGTH(A)= 
  2090.320
 7 14 t 
excit   
     6.220      9.330     15.600     31.100     62.200    156.000    311.000    467.000    622.000    933.000   1560.000   3110.000   6220.000   9330.000 
  0.1000E+11  0.2380E-12  0.3710E-12  0.5330E-12  0.7360E-12  0.1880E-11  0.7960E-11  0.1260E-10  0.1410E-10  0.1460E-10  0.1470E-10  0.1430E-10  0.1290E-10  0.1110E-10  0.1010E-10
  0.1000E+12  0.4710E-12  0.7050E-12  0.9750E-12  0.1280E-11  0.2510E-11  0.6450E-11  0.8080E-11  0.8460E-11  0.8590E-11  0.8620E-11  0.8490E-11  0.8100E-11  0.7540E-11  0.7160E-11
  0.1000E+13  0.4780E-12  0.6340E-12  0.7760E-12  0.8940E-12  0.1070E-11  0.1180E-11  0.1200E-11  0.1200E-11  0.1200E-11  0.1200E-11  0.1200E-11  0.1200E-11  0.1200E-11  0.1200E-11
  0.1000E+14  0.8760E-13  0.1030E-12  0.1130E-12  0.1170E-12  0.1160E-12  0.1160E-12  0.1170E-12  0.1180E-12  0.1180E-12  0.1180E-12  0.1180E-12  0.1180E-12  0.1170E-12  0.1170E-12
  0.1000E+15  0.9160E-14  0.1050E-13  0.1130E-13  0.1140E-13  0.1140E-13  0.1150E-13  0.1160E-13  0.1170E-13  0.1170E-13  0.1170E-13  0.1170E-13  0.1170E-13  0.1170E-13  0.1160E-13
  0.1000E+16  0.9190E-15  0.1060E-14  0.1120E-14  0.1140E-14  0.1140E-14  0.1150E-14  0.1160E-14  0.1170E-14  0.1170E-14  0.1170E-14  0.1170E-14  0.1170E-14  0.1170E-14  0.1160E-14
  0.1000E+17  0.9190E-16  0.1060E-15  0.1120E-15  0.1140E-15  0.1140E-15  0.1150E-15  0.1160E-15  0.1170E-15  0.1170E-15  0.1170E-15  0.1170E-15  0.1170E-15  0.1170E-15  0.1160E-15
WAVELENGTH(A)= 
  2260.960
 7 14 t 
excit   
     6.220      9.330     15.600     31.100     62.200    156.000    311.000    467.000    622.000    933.000   1560.000   3110.000   6220.000   9330.000 
  0.1000E+11  0.2490E-10  0.3130E-10  0.3770E-10  0.4380E-10  0.6130E-10  0.1390E-09  0.1900E-09  0.2040E-09  0.2090E-09  0.2090E-09  0.2020E-09  0.1840E-09  0.1620E-09  0.1490E-09
  0.1000E+12  0.2170E-10  0.2680E-10  0.3170E-10  0.3600E-10  0.4480E-10  0.6260E-10  0.6590E-10  0.6620E-10  0.6620E-10  0.6600E-10  0.6550E-10  0.6450E-10  0.6280E-10  0.6140E-10
  0.1000E+13  0.7260E-11  0.8160E-11  0.8730E-11  0.8950E-11  0.7660E-11  0.5650E-11  0.5220E-11  0.5130E-11  0.5100E-11  0.5090E-11  0.5110E-11  0.5180E-11  0.5280E-11  0.5360E-11
  0.1000E+14  0.6540E-12  0.6420E-12  0.6060E-12  0.5600E-12  0.4840E-12  0.4330E-12  0.4280E-12  0.4270E-12  0.4270E-12  0.4270E-12  0.4260E-12  0.4260E-12  0.4260E-12  0.4260E-12
  0.1000E+15  0.5650E-13  0.5380E-13  0.4930E-13  0.4480E-13  0.4240E-13  0.4150E-13  0.4160E-13  0.4170E-13  0.4170E-13  0.4170E-13  0.4160E-13  0.4140E-13  0.4120E-13  0.4110E-13
  0.1000E+16  0.5540E-14  0.5250E-14  0.4800E-14  0.4350E-14  0.4180E-14  0.4130E-14  0.4150E-14  0.4160E-14  0.4160E-14  0.4160E-14  0.4150E-14  0.4130E-14  0.4110E-14  0.4090E-14
  0.1000E+17  0.5530E-15  0.5240E-15  0.4790E-15  0.4340E-15  0.4170E-15  0.4130E-15  0.4150E-15  0.4160E-15  0.4160E-15  0.4160E-15  0.4150E-15  0.4130E-15  0.4110E-15  0.4090E-15
WAVELENGTH(A)= 
  2322.900
 7 14 t 
excit   
     6.220      9.330     15.600     31.100     62.200    156.000    311.000    467.000    622.000    933.000   1560.000   3110.000   6220.000   9330.000 
  0.1000E+11  0.2140E-12  0.3440E-12  0.4980E-12  0.7100E-12  0.2670E-11  0.1390E-10  0.2280E-10  0.2580E-10  0.2690E-10  0.2730E-10  0.2640E-10  0.2380E-10  0.2050E-10  0.1850E-10
  0.1000E+12  0.5460E-12  0.8580E-12  0.1230E-11  0.1670E-11  0.4190E-11  0.1410E-10  0.1920E-10  0.2050E-10  0.2090E-10  0.2100E-10  0.2060E-10  0.1930E-10  0.1760E-10  0.1640E-10
  0.1000E+13  0.9510E-12  0.1350E-11  0.1750E-11  0.2130E-11  0.2900E-11  0.3750E-11  0.3900E-11  0.3940E-11  0.3950E-11  0.3960E-11  0.3950E-11  0.3920E-11  0.3880E-11  0.3850E-11
  0.1000E+14  0.2400E-12  0.3030E-12  0.3480E-12  0.3750E-12  0.3890E-12  0.3970E-12  0.4030E-12  0.4050E-12  0.4060E-12  0.4060E-12  0.4060E-12  0.4060E-12  0.4040E-12  0.4040E-12
  0.1000E+15  0.2660E-13  0.3250E-13  0.3650E-13  0.3850E-13  0.3900E-13  0.3970E-13  0.4020E-13  0.4050E-13  0.4060E-13  0.4060E-13  0.4060E-13  0.4050E-13  0.4040E-13  0.4030E-13
  0.1000E+16  0.2680E-14  0.3280E-14  0.3660E-14  0.3850E-14  0.3900E-14  0.3970E-14  0.4020E-14  0.4050E-14  0.4060E-14  0.4060E-14  0.4060E-14  0.4050E-14  0.4040E-14  0.4030E-14
  0.1000E+17  0.2690E-15  0.3280E-15  0.3660E-15  0.3850E-15  0.3900E-15  0.3970E-15  0.4020E-15  0.4050E-15  0.4060E-15  0.4060E-15  0.4060E-15  0.4050E-15  0.4040E-15  0.4030E-15
WAVELENGTH(A)= 
  2531.970
 7 14 t 
excit   
     6.220      9.330     15.600     31.100     62.200    156.000    311.000    467.000    622.000    933.000   1560.000   3110.000   6220.000   9330.000 
  0.1000E+11  0.5080E-12  0.7630E-12  0.1060E-11  0.1430E-11  0.3600E-11  0.1580E-10  0.2530E-10  0.2840E-10  0.2940E-10  0.2970E-10  0.2870E-10  0.2580E-10  0.2210E-10  0.1990E-10
  0.1000E+12  0.1250E-11  0.1800E-11  0.2410E-11  0.3070E-11  0.5500E-11  0.1240E-10  0.1470E-10  0.1520E-10  0.1530E-10  0.1530E-10  0.1520E-10  0.1460E-10  0.1390E-10  0.1330E-10
  0.1000E+13  0.1010E-11  0.1280E-11  0.1510E-11  0.1680E-11  0.1790E-11  0.1700E-11  0.1650E-11  0.1650E-11  0.1640E-11  0.1640E-11  0.1650E-11  0.1660E-11  0.1670E-11  0.1680E-11
  0.1000E+14  0.1380E-12  0.1540E-12  0.1610E-12  0.1610E-12  0.1540E-12  0.1480E-12  0.1480E-12  0.1490E-12  0.1490E-12  0.1490E-12  0.1490E-12  0.1490E-12  0.1480E-12  0.1480E-12
  0.1000E+15  0.1330E-13  0.1450E-13  0.1490E-13  0.1460E-13  0.1440E-13  0.1440E-13  0.1460E-13  0.1470E-13  0.1470E-13  0.1470E-13  0.1470E-13  0.1460E-13  0.1460E-13  0.1450E-13
  0.1000E+16  0.1330E-14  0.1440E-14  0.1470E-14  0.1440E-14  0.1420E-14  0.1440E-14  0.1460E-14  0.1460E-14  0.1470E-14  0.1470E-14  0.1470E-14  0.1460E-14  0.1450E-14  0.1450E-14
  0.1000E+17  0.1330E-15  0.1440E-15  0.1470E-15  0.1440E-15  0.1420E-15  0.1430E-15  0.1460E-15  0.1460E-15  0.1470E-15  0.1470E-15  0.1470E-15  0.1460E-15  0.1450E-15  0.1450E-15
WAVELENGTH(A)= 
  2557.020
 7 14 t 
excit   
     6.220      9.330     15.600     31.100     62.200    156.000    311.000    467.000    622.000    933.000   1560.000   3110.000   6220.000   9330.000 
  0.1000E+11  0.9380E-11  0.1200E-10  0.1470E-10  0.1760E-10  0.2780E-10  0.7430E-10  0.1050E-09  0.1130E-09  0.1160E-09  0.1170E-09  0.1130E-09  0.1040E-09  0.9200E-10  0.8450E-10
  0.1000E+12  0.8910E-11  0.1110E-10  0.1340E-10  0.1550E-10  0.2100E-10  0.3080E-10  0.3190E-10  0.3190E-10  0.3180E-10  0.3180E-10  0.3170E-10  0.3150E-10  0.3120E-10  0.3080E-10
  0.1000E+13  0.3140E-11  0.3440E-11  0.3620E-11  0.3680E-11  0.3260E-11  0.2410E-11  0.2210E-11  0.2170E-11  0.2160E-11  0.2150E-11  0.2160E-11  0.2190E-11  0.2250E-11  0.2290E-11
  0.1000E+14  0.2900E-12  0.2750E-12  0.2520E-12  0.2290E-12  0.2000E-12  0.1800E-12  0.1780E-12  0.1780E-12  0.1770E-12  0.1770E-12  0.1770E-12  0.1770E-12  0.1770E-12  0.1770E-12
  0.1000E+15  0.2580E-13  0.2380E-13  0.2120E-13  0.1890E-13  0.1770E-13  0.1720E-13  0.1730E-13  0.1730E-13  0.1730E-13  0.1730E-13  0.1720E-13  0.1720E-13  0.1710E-13  0.1700E-13
  0.1000E+16  0.2540E-14  0.2330E-14  0.2070E-14  0.1840E-14  0.1740E-14  0.1710E-14  0.1720E-14  0.1720E-14  0.1730E-14  0.1720E-14  0.1720E-14  0.1710E-14  0.1700E-14  0.1700E-14
  0.1000E+17  0.2540E-15  0.2330E-15  0.2070E-15  0.1840E-15  0.1740E-15  0.1710E-15  0.1720E-15  0.1720E-15  0.1730E-15  0.1720E-15  0.1720E-15  0.1710E-15  0.1700E-15  0.1700E-15
WAVELENGTH(A)= 
  2597.940
 7 14 t 
excit   
     6.220      9.330     15.600     31.100     62.200    156.000    311.000    467.000    622.000    933.000   1560.000   3110.000   6220.000   9330.000 
  0.1000E+11  0.2020E-12  0.3080E-12  0.4240E-12  0.6090E-12  0.2970E-11  0.1470E-10  0.2310E-10  0.2580E-10  0.2680E-10  0.2720E-10  0.2660E-10  0.2440E-10  0.2150E-10  0.1970E-10
  0.1000E+12  0.2500E-12  0.3770E-12  0.5170E-12  0.7200E-12  0.2750E-11  0.1000E-10  0.1330E-10  0.1420E-10  0.1450E-10  0.1470E-10  0.1450E-10  0.1380E-10  0.1290E-10  0.1220E-10
  0.1000E+13  0.3650E-12  0.5120E-12  0.6570E-12  0.8060E-12  0.1440E-11  0.2110E-11  0.2200E-11  0.2210E-11  0.2220E-11  0.2230E-11  0.2230E-11  0.2230E-11  0.2220E-11  0.2220E-11
  0.1000E+14  0.1390E-12  0.1670E-12  0.1850E-12  0.1940E-12  0.2080E-12  0.2190E-12  0.2210E-12  0.2220E-12  0.2230E-12  0.2230E-12  0.2230E-12  0.2230E-12  0.2230E-12  0.2230E-12
  0.1000E+15  0.1740E-13  0.1990E-13  0.2120E-13  0.2150E-13  0.2150E-13  0.2190E-13  0.2210E-13  0.2220E-13  0.2220E-13  0.2230E-13  0.2230E-13  0.2230E-13  0.2220E-13  0.2220E-13
  0.1000E+16  0.1780E-14  0.2030E-14  0.2150E-14  0.2170E-14  0.2160E-14  0.2190E-14  0.2210E-14  0.2220E-14  0.2220E-14  0.2230E-14  0.2230E-14  0.2230E-14  0.2220E-14  0.2220E-14
  0.1000E+17  0.1780E-15  0.2030E-15  0.2150E-15  0.2170E-15  0.2160E-15  0.2190E-15  0.2210E-15  0.2220E-15  0.2220E-15  0.2230E-15  0.2230E-15  0.2230E-15  0.2220E-15  0.2220E-15
WAVELENGTH(A)= 
  2980.800
 7 14 t 
excit   
     6.220      9.330     15.600     31.100     62.200    156.000    311.000    467.000    622.000    933.000   1560.000   3110.000   6220.000   9330.000 
  0.1000E+11  0.3580E-11  0.4630E-11  0.5690E-11  0.7740E-11  0.3830E-10  0.1780E-09  0.2690E-09  0.2970E-09  0.3070E-09  0.3110E-09  0.3050E-09  0.2830E-09  0.2530E-09  0.2340E-09
  0.1000E+12  0.3410E-11  0.4350E-11  0.5280E-11  0.6930E-11  0.2760E-10  0.8370E-10  0.1010E-09  0.1050E-09  0.1060E-09  0.1070E-09  0.1060E-09  0.1040E-09  0.1010E-09  0.9790E-10
  0.1000E+13  0.3460E-11  0.4070E-11  0.4500E-11  0.4990E-11  0.8680E-11  0.1040E-10  0.1020E-10  0.1010E-10  0.1010E-10  0.1010E-10  0.1010E-10  0.1020E-10  0.1040E-10  0.1050E-10
  0.1000E+14  0.1190E-11  0.1120E-11  0.1020E-11  0.9190E-12  0.9260E-12  0.9170E-12  0.9080E-12  0.9060E-12  0.9050E-12  0.9030E-12  0.9030E-12  0.9030E-12  0.9050E-12  0.9060E-12
  0.1000E+15  0.1430E-12  0.1270E-12  0.1100E-12  0.9600E-13  0.9050E-13  0.8970E-13  0.8940E-13  0.8930E-13  0.8920E-13  0.8910E-13  0.8890E-13  0.8880E-13  0.8870E-13  0.8860E-13
  0.1000E+16  0.1460E-13  0.1290E-13  0.1110E-13  0.9640E-14  0.9030E-14  0.8950E-14  0.8920E-14  0.8910E-14  0.8910E-14  0.8890E-14  0.8880E-14  0.8860E-14  0.8850E-14  0.8840E-14
  0.1000E+17  0.1460E-14  0.1290E-14  0.1110E-14  0.9640E-15  0.9030E-15  0.8950E-15  0.8920E-15  0.8910E-15  0.8900E-15  0.8890E-15  0.8880E-15  0.8860E-15  0.8850E-15  0.8840E-15
WAVELENGTH(A)= 
  3039.880
 7 14 t 
excit   
     6.220      9.330     15.600     31.100     62.200    156.000    311.000    467.000    622.000    933.000   1560.000   3110.000   6220.000   9330.000 
  0.1000E+11  0.4450E-12  0.6320E-12  0.8410E-12  0.1080E-11  0.2340E-11  0.9860E-11  0.1590E-10  0.1790E-10  0.1860E-10  0.1880E-10  0.1810E-10  0.1630E-10  0.1390E-10  0.1250E-10
  0.1000E+12  0.7220E-12  0.1010E-11  0.1330E-11  0.1670E-11  0.3120E-11  0.7380E-11  0.8760E-11  0.9060E-11  0.9150E-11  0.9180E-11  0.9100E-11  0.8840E-11  0.8420E-11  0.8110E-11
  0.1000E+13  0.5350E-12  0.6610E-12  0.7640E-12  0.8450E-12  0.9610E-12  0.9440E-12  0.9170E-12  0.9130E-12  0.9110E-12  0.9120E-12  0.9150E-12  0.9210E-12  0.9320E-12  0.9400E-12
  0.1000E+14  0.8150E-13  0.8740E-13  0.8840E-13  0.8670E-13  0.8340E-13  0.8040E-13  0.8060E-13  0.8100E-13  0.8110E-13  0.8110E-13  0.8110E-13  0.8090E-13  0.8070E-13  0.8070E-13
  0.1000E+15  0.8200E-14  0.8550E-14  0.8430E-14  0.8090E-14  0.7840E-14  0.7810E-14  0.7910E-14  0.7960E-14  0.7970E-14  0.7980E-14  0.7970E-14  0.7930E-14  0.7890E-14  0.7870E-14
  0.1000E+16  0.8190E-15  0.8520E-15  0.8380E-15  0.8010E-15  0.7780E-15  0.7790E-15  0.7900E-15  0.7940E-15  0.7960E-15  0.7960E-15  0.7950E-15  0.7920E-15  0.7870E-15  0.7850E-15
  0.1000E+17  0.8190E-16  0.8520E-16  0.8370E-16  0.8010E-16  0.7770E-16  0.7790E-16  0.7890E-16  0.7940E-16  0.7960E-16  0.7960E-16  0.7950E-16  0.7910E-16  0.7870E-16  0.7850E-16
WAVELENGTH(A)= 
  3074.940
 7 14 t 
excit   
     6.220      9.330     15.600     31.100     62.200    156.000    311.000    467.000    622.000    933.000   1560.000   3110.000   6220.000   9330.000 
  0.1000E+11  0.1360E-11  0.1840E-11  0.2340E-11  0.2840E-11  0.5130E-11  0.1670E-10  0.2510E-10  0.2770E-10  0.2860E-10  0.2880E-10  0.2790E-10  0.2530E-10  0.2200E-10  0.2000E-10
  0.1000E+12  0.1660E-11  0.2210E-11  0.2770E-11  0.3310E-11  0.5250E-11  0.1070E-10  0.1250E-10  0.1290E-10  0.1300E-10  0.1300E-10  0.1280E-10  0.1240E-10  0.1180E-10  0.1140E-10
  0.1000E+13  0.9950E-12  0.1190E-11  0.1350E-11  0.1450E-11  0.1510E-11  0.1430E-11  0.1390E-11  0.1380E-11  0.1380E-11  0.1380E-11  0.1380E-11  0.1390E-11  0.1400E-11  0.1410E-11
  0.1000E+14  0.1340E-12  0.1430E-12  0.1430E-12  0.1400E-12  0.1320E-12  0.1260E-12  0.1260E-12  0.1260E-12  0.1260E-12  0.1260E-12  0.1260E-12  0.1260E-12  0.1260E-12  0.1260E-12
  0.1000E+15  0.1300E-13  0.1350E-13  0.1330E-13  0.1270E-13  0.1240E-13  0.1230E-13  0.1240E-13  0.1240E-13  0.1250E-13  0.1250E-13  0.1240E-13  0.1240E-13  0.1230E-13  0.1230E-13
  0.1000E+16  0.1290E-14  0.1340E-14  0.1320E-14  0.1260E-14  0.1230E-14  0.1230E-14  0.1240E-14  0.1240E-14  0.1240E-14  0.1240E-14  0.1240E-14  0.1240E-14  0.1230E-14  0.1230E-14
  0.1000E+17  0.1290E-15  0.1340E-15  0.1310E-15  0.1260E-15  0.1230E-15  0.1230E-15  0.1240E-15  0.1240E-15  0.1240E-15  0.1240E-15  0.1240E-15  0.1240E-15  0.1230E-15  0.1230E-15
WAVELENGTH(A)= 
  3156.070
 7 14 t 
excit   
     6.220      9.330     15.600     31.100     62.200    156.000    311.000    467.000    622.000    933.000   1560.000   3110.000   6220.000   9330.000 
  0.1000E+11  0.4690E-12  0.6790E-12  0.9010E-12  0.1130E-11  0.2350E-11  0.8350E-11  0.1260E-10  0.1390E-10  0.1440E-10  0.1460E-10  0.1420E-10  0.1300E-10  0.1140E-10  0.1040E-10
  0.1000E+12  0.4590E-12  0.6530E-12  0.8550E-12  0.1060E-11  0.2070E-11  0.5390E-11  0.6740E-11  0.7070E-11  0.7180E-11  0.7220E-11  0.7140E-11  0.6870E-11  0.6450E-11  0.6150E-11
  0.1000E+13  0.3180E-12  0.4180E-12  0.5060E-12  0.5780E-12  0.7670E-12  0.9040E-12  0.9080E-12  0.9080E-12  0.9090E-12  0.9100E-12  0.9120E-12  0.9160E-12  0.9200E-12  0.9230E-12
  0.1000E+14  0.6410E-13  0.7500E-13  0.8100E-13  0.8320E-13  0.8500E-13  0.8540E-13  0.8570E-13  0.8590E-13  0.8590E-13  0.8600E-13  0.8610E-13  0.8600E-13  0.8600E-13  0.8600E-13
  0.1000E+15  0.6980E-14  0.7930E-14  0.8360E-14  0.8430E-14  0.8370E-14  0.8420E-14  0.8480E-14  0.8510E-14  0.8520E-14  0.8520E-14  0.8520E-14  0.8510E-14  0.8500E-14  0.8480E-14
  0.1000E+16  0.7040E-15  0.7970E-15  0.8380E-15  0.8430E-15  0.8360E-15  0.8410E-15  0.8470E-15  0.8500E-15  0.8510E-15  0.8520E-15  0.8520E-15  0.8500E-15  0.8480E-15  0.8470E-15
  0.1000E+17  0.7050E-16  0.7970E-16  0.8390E-16  0.8430E-16  0.8350E-16  0.8410E-16  0.8470E-16  0.8500E-16  0.8510E-16  0.8520E-16  0.8510E-16  0.8500E-16  0.8480E-16  0.8470E-16
WAVELENGTH(A)= 
  3304.470
 7 14 t 
excit   
     6.220      9.330     15.600     31.100     62.200    156.000    311.000    467.000    622.000    933.000   1560.000   3110.000   6220.000   9330.000 
  0.1000E+11  0.4640E-12  0.6590E-12  0.8780E-12  0.1120E-11  0.2440E-11  0.1030E-10  0.1660E-10  0.1870E-10  0.1940E-10  0.1960E-10  0.1890E-10  0.1700E-10  0.1450E-10  0.1310E-10
  0.1000E+12  0.7540E-12  0.1060E-11  0.1390E-11  0.1750E-11  0.3260E-11  0.7700E-11  0.9150E-11  0.9450E-11  0.9550E-11  0.9580E-11  0.9500E-11  0.9220E-11  0.8790E-11  0.8460E-11
  0.1000E+13  0.5590E-12  0.6900E-12  0.7980E-12  0.8820E-12  0.1000E-11  0.9850E-12  0.9570E-12  0.9530E-12  0.9510E-12  0.9520E-12  0.9540E-12  0.9620E-12  0.9730E-12  0.9810E-12
  0.1000E+14  0.8500E-13  0.9120E-13  0.9230E-13  0.9040E-13  0.8710E-13  0.8390E-13  0.8420E-13  0.8450E-13  0.8460E-13  0.8470E-13  0.8460E-13  0.8440E-13  0.8420E-13  0.8420E-13
  0.1000E+15  0.8560E-14  0.8930E-14  0.8800E-14  0.8440E-14  0.8180E-14  0.8150E-14  0.8260E-14  0.8300E-14  0.8320E-14  0.8330E-14  0.8320E-14  0.8280E-14  0.8230E-14  0.8210E-14
  0.1000E+16  0.8550E-15  0.8890E-15  0.8750E-15  0.8360E-15  0.8120E-15  0.8130E-15  0.8240E-15  0.8290E-15  0.8310E-15  0.8310E-15  0.8300E-15  0.8260E-15  0.8220E-15  0.8190E-15
  0.1000E+17  0.8550E-16  0.8890E-16  0.8740E-16  0.8360E-16  0.8110E-16  0.8130E-16  0.8240E-16  0.8290E-16  0.8300E-16  0.8310E-16  0.8300E-16  0.8260E-16  0.8210E-16  0.8190E-16
WAVELENGTH(A)= 
  3417.160
 7 14 t 
excit   
     6.220      9.330     15.600     31.100     62.200    156.000    311.000    467.000    622.000    933.000   1560.000   3110.000   6220.000   9330.000 
  0.1000E+11  0.3920E-12  0.6070E-12  0.8610E-12  0.1170E-11  0.3220E-11  0.1420E-10  0.2240E-10  0.2500E-10  0.2590E-10  0.2610E-10  0.2510E-10  0.2250E-10  0.1930E-10  0.1730E-10
  0.1000E+12  0.1370E-11  0.1990E-11  0.2670E-11  0.3360E-11  0.5610E-11  0.1190E-10  0.1430E-10  0.1480E-10  0.1490E-10  0.1490E-10  0.1470E-10  0.1400E-10  0.1310E-10  0.1250E-10
  0.1000E+13  0.1010E-11  0.1330E-11  0.1610E-11  0.1840E-11  0.1940E-11  0.1860E-11  0.1830E-11  0.1820E-11  0.1820E-11  0.1820E-11  0.1820E-11  0.1830E-11  0.1840E-11  0.1840E-11
  0.1000E+14  0.1330E-12  0.1580E-12  0.1720E-12  0.1790E-12  0.1730E-12  0.1680E-12  0.1680E-12  0.1690E-12  0.1690E-12  0.1690E-12  0.1690E-12  0.1690E-12  0.1690E-12  0.1690E-12
  0.1000E+15  0.1290E-13  0.1490E-13  0.1600E-13  0.1630E-13  0.1630E-13  0.1640E-13  0.1660E-13  0.1670E-13  0.1670E-13  0.1670E-13  0.1670E-13  0.1670E-13  0.1660E-13  0.1660E-13
  0.1000E+16  0.1290E-14  0.1480E-14  0.1580E-14  0.1610E-14  0.1610E-14  0.1640E-14  0.1660E-14  0.1670E-14  0.1670E-14  0.1670E-14  0.1670E-14  0.1670E-14  0.1660E-14  0.1650E-14
  0.1000E+17  0.1290E-15  0.1480E-15  0.1580E-15  0.1610E-15  0.1610E-15  0.1630E-15  0.1660E-15  0.1670E-15  0.1670E-15  0.1670E-15  0.1670E-15  0.1670E-15  0.1660E-15  0.1650E-15
WAVELENGTH(A)= 
  3466.630
 7 14 t 
excit   
     6.220      9.330     15.600     31.100     62.200    156.000    311.000    467.000    622.000    933.000   1560.000   3110.000   6220.000   9330.000 
  0.1000E+11  0.2630E-12  0.4090E-12  0.5870E-12  0.8110E-12  0.2070E-11  0.8780E-11  0.1390E-10  0.1550E-10  0.1610E-10  0.1630E-10  0.1570E-10  0.1420E-10  0.1230E-10  0.1110E-10
  0.1000E+12  0.5200E-12  0.7780E-12  0.1080E-11  0.1410E-11  0.2770E-11  0.7120E-11  0.8910E-11  0.9340E-11  0.9470E-11  0.9500E-11  0.9360E-11  0.8940E-11  0.8320E-11  0.7890E-11
  0.1000E+13  0.5270E-12  0.7000E-12  0.8560E-12  0.9860E-12  0.1180E-11  0.1310E-11  0.1320E-11  0.1320E-11  0.1330E-11  0.1330E-11  0.1330E-11  0.1330E-11  0.1320E-11  0.1320E-11
  0.1000E+14  0.9660E-13  0.1140E-12  0.1240E-12  0.1290E-12  0.1280E-12  0.1280E-12  0.1290E-12  0.1300E-12  0.1300E-12  0.1300E-12  0.1300E-12  0.1300E-12  0.1300E-12  0.1290E-12
  0.1000E+15  0.1010E-13  0.1160E-13  0.1240E-13  0.1260E-13  0.1260E-13  0.1270E-13  0.1280E-13  0.1290E-13  0.1290E-13  0.1300E-13  0.1290E-13  0.1290E-13  0.1290E-13  0.1280E-13
  0.1000E+16  0.1010E-14  0.1160E-14  0.1240E-14  0.1260E-14  0.1250E-14  0.1270E-14  0.1280E-14  0.1290E-14  0.1290E-14  0.1290E-14  0.1290E-14  0.1290E-14  0.1290E-14  0.1280E-14
  0.1000E+17  0.1010E-15  0.1160E-15  0.1240E-15  0.1260E-15  0.1250E-15  0.1270E-15  0.1280E-15  0.1290E-15  0.1290E-15  0.1290E-15  0.1290E-15  0.1290E-15  0.1290E-15  0.1280E-15
WAVELENGTH(A)= 
  3743.360
 7 14 t 
excit   
     6.220      9.330     15.600     31.100     62.200    156.000    311.000    467.000    622.000    933.000   1560.000   3110.000   6220.000   9330.000 
  0.1000E+11  0.6830E-12  0.9500E-12  0.1220E-11  0.1540E-11  0.4270E-11  0.1780E-10  0.2720E-10  0.3020E-10  0.3140E-10  0.3180E-10  0.3100E-10  0.2850E-10  0.2520E-10  0.2310E-10
  0.1000E+12  0.6550E-12  0.8930E-12  0.1130E-11  0.1410E-11  0.3570E-11  0.1070E-10  0.1360E-10  0.1430E-10  0.1450E-10  0.1470E-10  0.1450E-10  0.1410E-10  0.1330E-10  0.1270E-10
  0.1000E+13  0.5110E-12  0.6530E-12  0.7730E-12  0.8870E-12  0.1380E-11  0.1780E-11  0.1790E-11  0.1790E-11  0.1790E-11  0.1800E-11  0.1800E-11  0.1810E-11  0.1820E-11  0.1830E-11
  0.1000E+14  0.1410E-12  0.1560E-12  0.1620E-12  0.1610E-12  0.1670E-12  0.1700E-12  0.1700E-12  0.1700E-12  0.1700E-12  0.1700E-12  0.1700E-12  0.1700E-12  0.1700E-12  0.1710E-12
  0.1000E+15  0.1670E-13  0.1770E-13  0.1770E-13  0.1710E-13  0.1670E-13  0.1680E-13  0.1680E-13  0.1680E-13  0.1680E-13  0.1680E-13  0.1680E-13  0.1680E-13  0.1680E-13  0.1680E-13
  0.1000E+16  0.1700E-14  0.1800E-14  0.1790E-14  0.1720E-14  0.1670E-14  0.1670E-14  0.1680E-14  0.1680E-14  0.1680E-14  0.1680E-14  0.1680E-14  0.1680E-14  0.1680E-14  0.1680E-14
  0.1000E+17  0.1700E-15  0.1800E-15  0.1790E-15  0.1720E-15  0.1670E-15  0.1670E-15  0.1680E-15  0.1680E-15  0.1680E-15  0.1680E-15  0.1680E-15  0.1680E-15  0.1680E-15  0.1680E-15
WAVELENGTH(A)= 
  3764.490
 7 14 t 
excit   
     6.220      9.330     15.600     31.100     62.200    156.000    311.000    467.000    622.000    933.000   1560.000   3110.000   6220.000   9330.000 
  0.1000E+11  0.6030E-12  0.8730E-12  0.1160E-11  0.1460E-11  0.3020E-11  0.1070E-10  0.1620E-10  0.1790E-10  0.1850E-10  0.1870E-10  0.1820E-10  0.1670E-10  0.1470E-10  0.1340E-10
  0.1000E+12  0.5900E-12  0.8390E-12  0.1100E-11  0.1370E-11  0.2660E-11  0.6930E-11  0.8670E-11  0.9080E-11  0.9220E-11  0.9280E-11  0.9170E-11  0.8820E-11  0.8290E-11  0.7910E-11
  0.1000E+13  0.4080E-12  0.5380E-12  0.6500E-12  0.7420E-12  0.9850E-12  0.1160E-11  0.1170E-11  0.1170E-11  0.1170E-11  0.1170E-11  0.1170E-11  0.1180E-11  0.1180E-11  0.1190E-11
  0.1000E+14  0.8240E-13  0.9640E-13  0.1040E-12  0.1070E-12  0.1090E-12  0.1100E-12  0.1100E-12  0.1100E-12  0.1100E-12  0.1110E-12  0.1110E-12  0.1110E-12  0.1110E-12  0.1110E-12
  0.1000E+15  0.8980E-14  0.1020E-13  0.1070E-13  0.1080E-13  0.1080E-13  0.1080E-13  0.1090E-13  0.1090E-13  0.1090E-13  0.1100E-13  0.1100E-13  0.1090E-13  0.1090E-13  0.1090E-13
  0.1000E+16  0.9050E-15  0.1020E-14  0.1080E-14  0.1080E-14  0.1070E-14  0.1080E-14  0.1090E-14  0.1090E-14  0.1090E-14  0.1090E-14  0.1090E-14  0.1090E-14  0.1090E-14  0.1090E-14
  0.1000E+17  0.9060E-16  0.1020E-15  0.1080E-15  0.1080E-15  0.1070E-15  0.1080E-15  0.1090E-15  0.1090E-15  0.1090E-15  0.1090E-15  0.1090E-15  0.1090E-15  0.1090E-15  0.1090E-15
WAVELENGTH(A)= 
  3902.740
 7 14 t 
excit   
     6.220      9.330     15.600     31.100     62.200    156.000    311.000    467.000    622.000    933.000   1560.000   3110.000   6220.000   9330.000 
  0.1000E+11  0.2910E-12  0.4360E-12  0.6080E-12  0.8170E-12  0.2060E-11  0.9050E-11  0.1450E-10  0.1620E-10  0.1680E-10  0.1700E-10  0.1640E-10  0.1470E-10  0.1260E-10  0.1140E-10
  0.1000E+12  0.7170E-12  0.1030E-11  0.1380E-11  0.1750E-11  0.3140E-11  0.7060E-11  0.8390E-11  0.8670E-11  0.8750E-11  0.8770E-11  0.8670E-11  0.8370E-11  0.7920E-11  0.7590E-11
  0.1000E+13  0.5770E-12  0.7310E-12  0.8610E-12  0.9610E-12  0.1020E-11  0.9710E-12  0.9460E-12  0.9420E-12  0.9400E-12  0.9400E-12  0.9420E-12  0.9470E-12  0.9550E-12  0.9610E-12
  0.1000E+14  0.7900E-13  0.8820E-13  0.9210E-13  0.9230E-13  0.8790E-13  0.8440E-13  0.8480E-13  0.8510E-13  0.8520E-13  0.8530E-13  0.8530E-13  0.8510E-13  0.8490E-13  0.8490E-13
  0.1000E+15  0.7630E-14  0.8320E-14  0.8490E-14  0.8350E-14  0.8210E-14  0.8230E-14  0.8340E-14  0.8380E-14  0.8400E-14  0.8410E-14  0.8400E-14  0.8370E-14  0.8330E-14  0.8300E-14
  0.1000E+16  0.7580E-15  0.8250E-15  0.8400E-15  0.8250E-15  0.8140E-15  0.8210E-15  0.8320E-15  0.8370E-15  0.8380E-15  0.8390E-15  0.8390E-15  0.8350E-15  0.8310E-15  0.8290E-15
  0.1000E+17  0.7580E-16  0.8240E-16  0.8390E-16  0.8240E-16  0.8130E-16  0.8200E-16  0.8320E-16  0.8370E-16  0.8380E-16  0.8390E-16  0.8380E-16  0.8350E-16  0.8310E-16  0.8280E-16
WAVELENGTH(A)= 
  3962.590
 7 14 t 
excit   
     6.220      9.330     15.600     31.100     62.200    156.000    311.000    467.000    622.000    933.000   1560.000   3110.000   6220.000   9330.000 
  0.1000E+11  0.2990E-10  0.3740E-10  0.4490E-10  0.5270E-10  0.8290E-10  0.1780E-09  0.2160E-09  0.2250E-09  0.2270E-09  0.2280E-09  0.2260E-09  0.2180E-09  0.2050E-09  0.1970E-09
  0.1000E+12  0.1640E-10  0.1880E-10  0.2090E-10  0.2250E-10  0.2570E-10  0.2390E-10  0.2110E-10  0.2030E-10  0.2000E-10  0.2000E-10  0.2020E-10  0.2100E-10  0.2200E-10  0.2270E-10
  0.1000E+13  0.2330E-11  0.2310E-11  0.2230E-11  0.2110E-11  0.1640E-11  0.1010E-11  0.8990E-12  0.8760E-12  0.8690E-12  0.8670E-12  0.8710E-12  0.8890E-12  0.9190E-12  0.9430E-12
  0.1000E+14  0.1520E-12  0.1310E-12  0.1120E-12  0.9590E-13  0.7960E-13  0.6920E-13  0.6820E-13  0.6810E-13  0.6810E-13  0.6800E-13  0.6780E-13  0.6760E-13  0.6760E-13  0.6760E-13
  0.1000E+15  0.1270E-13  0.1070E-13  0.8860E-14  0.7460E-14  0.6810E-14  0.6570E-14  0.6590E-14  0.6610E-14  0.6610E-14  0.6600E-14  0.6580E-14  0.6540E-14  0.6490E-14  0.6470E-14
  0.1000E+16  0.1250E-14  0.1040E-14  0.8610E-15  0.7230E-15  0.6690E-15  0.6540E-15  0.6570E-15  0.6590E-15  0.6590E-15  0.6580E-15  0.6560E-15  0.6520E-15  0.6470E-15  0.6440E-15
  0.1000E+17  0.1240E-15  0.1040E-15  0.8580E-16  0.7210E-16  0.6680E-16  0.6530E-16  0.6570E-16  0.6580E-16  0.6590E-16  0.6580E-16  0.6560E-16  0.6510E-16  0.6460E-16  0.6440E-16
WAVELENGTH(A)= 
  4359.200
 7 14 t 
excit   
     6.220      9.330     15.600     31.100     62.200    156.000    311.000    467.000    622.000    933.000   1560.000   3110.000   6220.000   9330.000 
  0.1000E+11  0.1320E-11  0.1780E-11  0.2290E-11  0.2830E-11  0.4480E-11  0.1360E-10  0.2070E-10  0.2290E-10  0.2370E-10  0.2380E-10  0.2290E-10  0.2060E-10  0.1770E-10  0.1590E-10
  0.1000E+12  0.1530E-11  0.2040E-11  0.2580E-11  0.3130E-11  0.4690E-11  0.8690E-11  0.9730E-11  0.9910E-11  0.9950E-11  0.9950E-11  0.9880E-11  0.9670E-11  0.9320E-11  0.9040E-11
  0.1000E+13  0.8180E-12  0.9590E-12  0.1070E-11  0.1130E-11  0.1100E-11  0.9090E-12  0.8550E-12  0.8440E-12  0.8400E-12  0.8390E-12  0.8420E-12  0.8510E-12  0.8670E-12  0.8780E-12
  0.1000E+14  0.9530E-13  0.9610E-13  0.9250E-13  0.8710E-13  0.7860E-13  0.7220E-13  0.7170E-13  0.7180E-13  0.7180E-13  0.7180E-13  0.7170E-13  0.7150E-13  0.7150E-13  0.7150E-13
  0.1000E+15  0.8860E-14  0.8660E-14  0.8100E-14  0.7470E-14  0.7100E-14  0.6950E-14  0.7000E-14  0.7020E-14  0.7030E-14  0.7030E-14  0.7010E-14  0.6980E-14  0.6950E-14  0.6920E-14
  0.1000E+16  0.8760E-15  0.8530E-15  0.7960E-15  0.7320E-15  0.7010E-15  0.6930E-15  0.6980E-15  0.7000E-15  0.7010E-15  0.7010E-15  0.7000E-15  0.6960E-15  0.6930E-15  0.6900E-15
  0.1000E+17  0.8750E-16  0.8520E-16  0.7950E-16  0.7310E-16  0.7000E-16  0.6920E-16  0.6980E-16  0.7000E-16  0.7010E-16  0.7010E-16  0.6990E-16  0.6960E-16  0.6920E-16  0.6900E-16
WAVELENGTH(A)= 
  4536.280
 7 14 t 
excit   
     6.220      9.330     15.600     31.100     62.200    156.000    311.000    467.000    622.000    933.000   1560.000   3110.000   6220.000   9330.000 
  0.1000E+11  0.4100E-12  0.6350E-12  0.8810E-12  0.1170E-11  0.3420E-11  0.1490E-10  0.2340E-10  0.2620E-10  0.2720E-10  0.2760E-10  0.2680E-10  0.2450E-10  0.2140E-10  0.1950E-10
  0.1000E+12  0.4750E-12  0.7210E-12  0.9910E-12  0.1300E-11  0.3400E-11  0.1130E-10  0.1520E-10  0.1620E-10  0.1660E-10  0.1670E-10  0.1650E-10  0.1560E-10  0.1440E-10  0.1360E-10
  0.1000E+13  0.5220E-12  0.7430E-12  0.9600E-12  0.1170E-11  0.1870E-11  0.2690E-11  0.2830E-11  0.2860E-11  0.2870E-11  0.2880E-11  0.2870E-11  0.2860E-11  0.2840E-11  0.2820E-11
  0.1000E+14  0.1630E-12  0.2080E-12  0.2400E-12  0.2600E-12  0.2800E-12  0.2930E-12  0.2960E-12  0.2970E-12  0.2970E-12  0.2980E-12  0.2980E-12  0.2980E-12  0.2980E-12  0.2980E-12
  0.1000E+15  0.1970E-13  0.2420E-13  0.2720E-13  0.2860E-13  0.2900E-13  0.2940E-13  0.2970E-13  0.2980E-13  0.2980E-13  0.2980E-13  0.2990E-13  0.2990E-13  0.2980E-13  0.2980E-13
  0.1000E+16  0.2010E-14  0.2460E-14  0.2750E-14  0.2890E-14  0.2910E-14  0.2940E-14  0.2970E-14  0.2980E-14  0.2980E-14  0.2980E-14  0.2990E-14  0.2990E-14  0.2980E-14  0.2980E-14
  0.1000E+17  0.2020E-15  0.2460E-15  0.2750E-15  0.2890E-15  0.2910E-15  0.2940E-15  0.2970E-15  0.2980E-15  0.2980E-15  0.2980E-15  0.2990E-15  0.2990E-15  0.2980E-15  0.2980E-15
WAVELENGTH(A)= 
  4653.980
 7 14 t 
excit   
     6.220      9.330     15.600     31.100     62.200    156.000    311.000    467.000    622.000    933.000   1560.000   3110.000   6220.000   9330.000 
  0.1000E+11  0.7840E-13  0.1140E-12  0.1530E-12  0.2690E-12  0.2440E-11  0.1250E-10  0.1910E-10  0.2120E-10  0.2200E-10  0.2240E-10  0.2190E-10  0.2030E-10  0.1800E-10  0.1660E-10
  0.1000E+12  0.9310E-13  0.1360E-12  0.1840E-12  0.2910E-12  0.1830E-11  0.6880E-11  0.9100E-11  0.9660E-11  0.9870E-11  0.9980E-11  0.9880E-11  0.9500E-11  0.8910E-11  0.8490E-11
  0.1000E+13  0.2180E-12  0.2990E-12  0.3720E-12  0.4490E-12  0.9100E-12  0.1410E-11  0.1450E-11  0.1450E-11  0.1460E-11  0.1460E-11  0.1460E-11  0.1460E-11  0.1470E-11  0.1470E-11
  0.1000E+14  0.1250E-12  0.1370E-12  0.1400E-12  0.1370E-12  0.1440E-12  0.1480E-12  0.1470E-12  0.1460E-12  0.1460E-12  0.1460E-12  0.1460E-12  0.1460E-12  0.1470E-12  0.1470E-12
  0.1000E+15  0.1670E-13  0.1710E-13  0.1660E-13  0.1580E-13  0.1520E-13  0.1490E-13  0.1470E-13  0.1460E-13  0.1450E-13  0.1450E-13  0.1450E-13  0.1460E-13  0.1460E-13  0.1470E-13
  0.1000E+16  0.1720E-14  0.1750E-14  0.1690E-14  0.1600E-14  0.1520E-14  0.1490E-14  0.1470E-14  0.1460E-14  0.1450E-14  0.1450E-14  0.1450E-14  0.1460E-14  0.1460E-14  0.1470E-14
  0.1000E+17  0.1720E-15  0.1760E-15  0.1700E-15  0.1600E-15  0.1520E-15  0.1490E-15  0.1470E-15  0.1460E-15  0.1450E-15  0.1450E-15  0.1450E-15  0.1460E-15  0.1460E-15  0.1470E-15
WAVELENGTH(A)= 
  5265.100
 7 14 t 
excit   
     6.220      9.330     15.600     31.100     62.200    156.000    311.000    467.000    622.000    933.000   1560.000   3110.000   6220.000   9330.000 
  0.1000E+11  0.1060E-10  0.1330E-10  0.1610E-10  0.1870E-10  0.2610E-10  0.5920E-10  0.8090E-10  0.8710E-10  0.8900E-10  0.8900E-10  0.8610E-10  0.7850E-10  0.6920E-10  0.6330E-10
  0.1000E+12  0.9220E-11  0.1140E-10  0.1350E-10  0.1530E-10  0.1910E-10  0.2670E-10  0.2810E-10  0.2820E-10  0.2820E-10  0.2810E-10  0.2790E-10  0.2750E-10  0.2670E-10  0.2610E-10
  0.1000E+13  0.3090E-11  0.3480E-11  0.3720E-11  0.3810E-11  0.3260E-11  0.2410E-11  0.2220E-11  0.2190E-11  0.2170E-11  0.2170E-11  0.2180E-11  0.2200E-11  0.2250E-11  0.2280E-11
  0.1000E+14  0.2780E-12  0.2740E-12  0.2580E-12  0.2380E-12  0.2060E-12  0.1840E-12  0.1820E-12  0.1820E-12  0.1820E-12  0.1820E-12  0.1820E-12  0.1810E-12  0.1810E-12  0.1810E-12
  0.1000E+15  0.2410E-13  0.2290E-13  0.2100E-13  0.1910E-13  0.1810E-13  0.1770E-13  0.1770E-13  0.1780E-13  0.1780E-13  0.1780E-13  0.1770E-13  0.1760E-13  0.1760E-13  0.1750E-13
  0.1000E+16  0.2360E-14  0.2240E-14  0.2040E-14  0.1850E-14  0.1780E-14  0.1760E-14  0.1770E-14  0.1770E-14  0.1770E-14  0.1770E-14  0.1770E-14  0.1760E-14  0.1750E-14  0.1740E-14
  0.1000E+17  0.2350E-15  0.2230E-15  0.2040E-15  0.1850E-15  0.1780E-15  0.1760E-15  0.1770E-15  0.1770E-15  0.1770E-15  0.1770E-15  0.1770E-15  0.1760E-15  0.1750E-15  0.1740E-15
WAVELENGTH(A)= 
  5954.150
 7 14 t 
excit   
     6.220      9.330     15.600     31.100     62.200    156.000    311.000    467.000    622.000    933.000   1560.000   3110.000   6220.000   9330.000 
  0.1000E+11  0.6970E-12  0.9320E-12  0.1170E-11  0.1610E-11  0.8510E-11  0.4230E-10  0.6620E-10  0.7410E-10  0.7700E-10  0.7830E-10  0.7650E-10  0.7030E-10  0.6210E-10  0.5700E-10
  0.1000E+12  0.7020E-12  0.9400E-12  0.1180E-11  0.1590E-11  0.6870E-11  0.2600E-10  0.3510E-10  0.3750E-10  0.3840E-10  0.3870E-10  0.3830E-10  0.3650E-10  0.3390E-10  0.3210E-10
  0.1000E+13  0.1070E-11  0.1410E-11  0.1710E-11  0.2010E-11  0.3790E-11  0.5740E-11  0.5910E-11  0.5920E-11  0.5920E-11  0.5920E-11  0.5930E-11  0.5940E-11  0.5940E-11  0.5930E-11
  0.1000E+14  0.5510E-12  0.5840E-12  0.5820E-12  0.5630E-12  0.5880E-12  0.6030E-12  0.5960E-12  0.5930E-12  0.5920E-12  0.5910E-12  0.5910E-12  0.5930E-12  0.5950E-12  0.5960E-12
  0.1000E+15  0.7200E-13  0.7170E-13  0.6800E-13  0.6330E-13  0.6100E-13  0.6030E-13  0.5950E-13  0.5910E-13  0.5900E-13  0.5890E-13  0.5890E-13  0.5900E-13  0.5930E-13  0.5940E-13
  0.1000E+16  0.7410E-14  0.7320E-14  0.6910E-14  0.6400E-14  0.6120E-14  0.6030E-14  0.5950E-14  0.5910E-14  0.5900E-14  0.5890E-14  0.5890E-14  0.5900E-14  0.5930E-14  0.5930E-14
  0.1000E+17  0.7430E-15  0.7340E-15  0.6920E-15  0.6410E-15  0.6120E-15  0.6030E-15  0.5950E-15  0.5910E-15  0.5900E-15  0.5890E-15  0.5890E-15  0.5900E-15  0.5920E-15  0.5930E-15
WAVELENGTH(A)= 
  6112.840
 7 14 t 
excit   
     6.220      9.330     15.600     31.100     62.200    156.000    311.000    467.000    622.000    933.000   1560.000   3110.000   6220.000   9330.000 
  0.1000E+11  0.3810E-11  0.4800E-11  0.5780E-11  0.6710E-11  0.9380E-11  0.2130E-10  0.2910E-10  0.3130E-10  0.3200E-10  0.3200E-10  0.3090E-10  0.2820E-10  0.2480E-10  0.2280E-10
  0.1000E+12  0.3310E-11  0.4100E-11  0.4850E-11  0.5520E-11  0.6860E-11  0.9580E-11  0.1010E-10  0.1010E-10  0.1010E-10  0.1010E-10  0.1000E-10  0.9870E-11  0.9610E-11  0.9400E-11
  0.1000E+13  0.1110E-11  0.1250E-11  0.1340E-11  0.1370E-11  0.1170E-11  0.8650E-12  0.7990E-12  0.7850E-12  0.7810E-12  0.7790E-12  0.7820E-12  0.7920E-12  0.8080E-12  0.8210E-12
  0.1000E+14  0.1000E-12  0.9830E-13  0.9270E-13  0.8570E-13  0.7400E-13  0.6630E-13  0.6550E-13  0.6540E-13  0.6540E-13  0.6530E-13  0.6530E-13  0.6510E-13  0.6510E-13  0.6520E-13
  0.1000E+15  0.8650E-14  0.8230E-14  0.7550E-14  0.6850E-14  0.6490E-14  0.6350E-14  0.6370E-14  0.6380E-14  0.6380E-14  0.6380E-14  0.6370E-14  0.6340E-14  0.6310E-14  0.6290E-14
  0.1000E+16  0.8470E-15  0.8040E-15  0.7350E-15  0.6660E-15  0.6390E-15  0.6320E-15  0.6350E-15  0.6360E-15  0.6370E-15  0.6360E-15  0.6350E-15  0.6320E-15  0.6290E-15  0.6270E-15
  0.1000E+17  0.8460E-16  0.8020E-16  0.7320E-16  0.6640E-16  0.6380E-16  0.6320E-16  0.6350E-16  0.6360E-16  0.6360E-16  0.6360E-16  0.6350E-16  0.6320E-16  0.6280E-16  0.6260E-16
WAVELENGTH(A)= 
  7208.770
 7 14 t 
excit   
     6.220      9.330     15.600     31.100     62.200    156.000    311.000    467.000    622.000    933.000   1560.000   3110.000   6220.000   9330.000 
  0.1000E+11  0.7920E-11  0.1010E-10  0.1240E-10  0.1490E-10  0.2340E-10  0.6270E-10  0.8830E-10  0.9570E-10  0.9820E-10  0.9860E-10  0.9570E-10  0.8790E-10  0.7770E-10  0.7130E-10
  0.1000E+12  0.7520E-11  0.9380E-11  0.1130E-10  0.1310E-10  0.1770E-10  0.2600E-10  0.2690E-10  0.2690E-10  0.2690E-10  0.2680E-10  0.2670E-10  0.2660E-10  0.2630E-10  0.2600E-10
  0.1000E+13  0.2650E-11  0.2900E-11  0.3050E-11  0.3110E-11  0.2750E-11  0.2030E-11  0.1860E-11  0.1830E-11  0.1820E-11  0.1810E-11  0.1820E-11  0.1850E-11  0.1900E-11  0.1930E-11
  0.1000E+14  0.2450E-12  0.2320E-12  0.2130E-12  0.1930E-12  0.1690E-12  0.1520E-12  0.1500E-12  0.1500E-12  0.1500E-12  0.1500E-12  0.1490E-12  0.1490E-12  0.1490E-12  0.1490E-12
  0.1000E+15  0.2180E-13  0.2010E-13  0.1790E-13  0.1590E-13  0.1490E-13  0.1450E-13  0.1460E-13  0.1460E-13  0.1460E-13  0.1460E-13  0.1450E-13  0.1450E-13  0.1440E-13  0.1440E-13
  0.1000E+16  0.2150E-14  0.1970E-14  0.1750E-14  0.1550E-14  0.1470E-14  0.1450E-14  0.1450E-14  0.1460E-14  0.1460E-14  0.1450E-14  0.1450E-14  0.1440E-14  0.1440E-14  0.1430E-14
  0.1000E+17  0.2140E-15  0.1960E-15  0.1750E-15  0.1550E-15  0.1470E-15  0.1440E-15  0.1450E-15  0.1450E-15  0.1460E-15  0.1450E-15  0.1450E-15  0.1440E-15  0.1440E-15  0.1430E-15
