 50  7 14
WAVELENGTH(A)= 
     2.497
 7 14 t 
excit   
    56.000     84.000    140.000    280.000    560.000   1400.000   2800.000   4200.000   5600.000   8400.000  14000.000  28000.000  56000.000  84000.000 
  0.1000E+11  0.1000E-73  0.3340E-37  0.4860E-27  0.1780E-19  0.9320E-16  0.1300E-13  0.5920E-13  0.9500E-13  0.1190E-12  0.1500E-12  0.1800E-12  0.2050E-12  0.2140E-12  0.2130E-12
  0.1000E+12  0.1000E-73  0.3340E-37  0.4860E-27  0.1780E-19  0.9320E-16  0.1300E-13  0.5920E-13  0.9500E-13  0.1190E-12  0.1500E-12  0.1800E-12  0.2050E-12  0.2140E-12  0.2130E-12
  0.1000E+13  0.1000E-73  0.3340E-37  0.4860E-27  0.1780E-19  0.9320E-16  0.1300E-13  0.5920E-13  0.9500E-13  0.1190E-12  0.1500E-12  0.1800E-12  0.2050E-12  0.2140E-12  0.2130E-12
  0.1000E+14  0.1000E-73  0.3340E-37  0.4860E-27  0.1780E-19  0.9320E-16  0.1300E-13  0.5920E-13  0.9500E-13  0.1190E-12  0.1500E-12  0.1800E-12  0.2050E-12  0.2140E-12  0.2130E-12
  0.1000E+15  0.1000E-73  0.3340E-37  0.4860E-27  0.1780E-19  0.9320E-16  0.1300E-13  0.5920E-13  0.9500E-13  0.1190E-12  0.1500E-12  0.1800E-12  0.2050E-12  0.2140E-12  0.2130E-12
  0.1000E+16  0.1000E-73  0.3340E-37  0.4860E-27  0.1780E-19  0.9320E-16  0.1300E-13  0.5920E-13  0.9500E-13  0.1190E-12  0.1500E-12  0.1800E-12  0.2050E-12  0.2140E-12  0.2130E-12
  0.1000E+17  0.1000E-73  0.3340E-37  0.4860E-27  0.1780E-19  0.9320E-16  0.1300E-13  0.5920E-13  0.9500E-13  0.1190E-12  0.1500E-12  0.1800E-12  0.2050E-12  0.2140E-12  0.2130E-12
WAVELENGTH(A)= 
     2.527
 7 14 t 
excit   
    56.000     84.000    140.000    280.000    560.000   1400.000   2800.000   4200.000   5600.000   8400.000  14000.000  28000.000  56000.000  84000.000 
  0.1000E+11  0.1000E-73  0.9500E-37  0.1030E-26  0.3040E-19  0.1410E-15  0.1820E-13  0.8020E-13  0.1260E-12  0.1560E-12  0.1900E-12  0.2190E-12  0.2360E-12  0.2330E-12  0.2240E-12
  0.1000E+12  0.1000E-73  0.9500E-37  0.1030E-26  0.3040E-19  0.1410E-15  0.1820E-13  0.8020E-13  0.1260E-12  0.1560E-12  0.1900E-12  0.2190E-12  0.2360E-12  0.2330E-12  0.2240E-12
  0.1000E+13  0.1000E-73  0.9500E-37  0.1030E-26  0.3040E-19  0.1410E-15  0.1820E-13  0.8020E-13  0.1260E-12  0.1560E-12  0.1900E-12  0.2190E-12  0.2360E-12  0.2330E-12  0.2240E-12
  0.1000E+14  0.1000E-73  0.9500E-37  0.1030E-26  0.3040E-19  0.1410E-15  0.1820E-13  0.8020E-13  0.1260E-12  0.1560E-12  0.1900E-12  0.2190E-12  0.2360E-12  0.2330E-12  0.2240E-12
  0.1000E+15  0.1000E-73  0.9500E-37  0.1030E-26  0.3040E-19  0.1410E-15  0.1820E-13  0.8020E-13  0.1260E-12  0.1560E-12  0.1900E-12  0.2190E-12  0.2360E-12  0.2330E-12  0.2240E-12
  0.1000E+16  0.1000E-73  0.9500E-37  0.1030E-26  0.3040E-19  0.1410E-15  0.1820E-13  0.8020E-13  0.1260E-12  0.1560E-12  0.1900E-12  0.2190E-12  0.2360E-12  0.2330E-12  0.2240E-12
  0.1000E+17  0.1000E-73  0.9500E-37  0.1030E-26  0.3040E-19  0.1410E-15  0.1820E-13  0.8020E-13  0.1260E-12  0.1560E-12  0.1900E-12  0.2190E-12  0.2360E-12  0.2330E-12  0.2240E-12
WAVELENGTH(A)= 
     2.719
 7 14 t 
excit   
    56.000     84.000    140.000    280.000    560.000   1400.000   2800.000   4200.000   5600.000   8400.000  14000.000  28000.000  56000.000  84000.000 
  0.1000E+11  0.1000E-73  0.1280E-34  0.2700E-25  0.2340E-18  0.5980E-15  0.5420E-13  0.2130E-12  0.3240E-12  0.3940E-12  0.4730E-12  0.5390E-12  0.5760E-12  0.5660E-12  0.5440E-12
  0.1000E+12  0.1000E-73  0.1280E-34  0.2700E-25  0.2340E-18  0.5980E-15  0.5420E-13  0.2130E-12  0.3240E-12  0.3940E-12  0.4730E-12  0.5390E-12  0.5760E-12  0.5660E-12  0.5440E-12
  0.1000E+13  0.1000E-73  0.1280E-34  0.2700E-25  0.2340E-18  0.5980E-15  0.5420E-13  0.2130E-12  0.3240E-12  0.3940E-12  0.4730E-12  0.5390E-12  0.5760E-12  0.5660E-12  0.5440E-12
  0.1000E+14  0.1000E-73  0.1280E-34  0.2700E-25  0.2340E-18  0.5980E-15  0.5420E-13  0.2130E-12  0.3240E-12  0.3940E-12  0.4730E-12  0.5390E-12  0.5760E-12  0.5660E-12  0.5440E-12
  0.1000E+15  0.1000E-73  0.1280E-34  0.2700E-25  0.2340E-18  0.5980E-15  0.5420E-13  0.2130E-12  0.3240E-12  0.3940E-12  0.4730E-12  0.5390E-12  0.5760E-12  0.5660E-12  0.5440E-12
  0.1000E+16  0.2510E-46  0.1280E-34  0.2700E-25  0.2340E-18  0.5980E-15  0.5420E-13  0.2130E-12  0.3240E-12  0.3940E-12  0.4730E-12  0.5390E-12  0.5760E-12  0.5660E-12  0.5440E-12
  0.1000E+17  0.2510E-46  0.1280E-34  0.2700E-25  0.2340E-18  0.5980E-15  0.5420E-13  0.2130E-12  0.3240E-12  0.3940E-12  0.4730E-12  0.5390E-12  0.5760E-12  0.5660E-12  0.5440E-12
WAVELENGTH(A)= 
     2.748
 7 14 t 
excit   
    56.000     84.000    140.000    280.000    560.000   1400.000   2800.000   4200.000   5600.000   8400.000  14000.000  28000.000  56000.000  84000.000 
  0.1000E+11  0.1000E-73  0.1820E-36  0.2160E-26  0.6640E-19  0.3100E-15  0.3830E-13  0.1570E-12  0.2330E-12  0.2700E-12  0.2960E-12  0.2920E-12  0.2470E-12  0.1920E-12  0.1610E-12
  0.1000E+12  0.1000E-73  0.1820E-36  0.2160E-26  0.6640E-19  0.3100E-15  0.3830E-13  0.1570E-12  0.2330E-12  0.2700E-12  0.2960E-12  0.2920E-12  0.2470E-12  0.1920E-12  0.1610E-12
  0.1000E+13  0.1000E-73  0.1820E-36  0.2160E-26  0.6640E-19  0.3100E-15  0.3830E-13  0.1570E-12  0.2330E-12  0.2700E-12  0.2960E-12  0.2920E-12  0.2470E-12  0.1920E-12  0.1610E-12
  0.1000E+14  0.1000E-73  0.1820E-36  0.2160E-26  0.6640E-19  0.3100E-15  0.3830E-13  0.1570E-12  0.2330E-12  0.2700E-12  0.2960E-12  0.2920E-12  0.2470E-12  0.1920E-12  0.1610E-12
  0.1000E+15  0.1000E-73  0.1820E-36  0.2160E-26  0.6640E-19  0.3100E-15  0.3830E-13  0.1570E-12  0.2330E-12  0.2700E-12  0.2960E-12  0.2920E-12  0.2470E-12  0.1920E-12  0.1610E-12
  0.1000E+16  0.1000E-73  0.1820E-36  0.2160E-26  0.6640E-19  0.3100E-15  0.3830E-13  0.1570E-12  0.2330E-12  0.2700E-12  0.2960E-12  0.2920E-12  0.2470E-12  0.1920E-12  0.1610E-12
  0.1000E+17  0.1000E-73  0.1820E-36  0.2160E-26  0.6640E-19  0.3100E-15  0.3830E-13  0.1570E-12  0.2330E-12  0.2700E-12  0.2960E-12  0.2920E-12  0.2470E-12  0.1920E-12  0.1610E-12
WAVELENGTH(A)= 
     2.851
 7 14 t 
excit   
    56.000     84.000    140.000    280.000    560.000   1400.000   2800.000   4200.000   5600.000   8400.000  14000.000  28000.000  56000.000  84000.000 
  0.1000E+11  0.1000E-73  0.1370E-33  0.1050E-24  0.4280E-18  0.7730E-15  0.5990E-13  0.2290E-12  0.3480E-12  0.4240E-12  0.5190E-12  0.6070E-12  0.6770E-12  0.6930E-12  0.6800E-12
  0.1000E+12  0.1000E-73  0.1370E-33  0.1050E-24  0.4280E-18  0.7730E-15  0.5990E-13  0.2290E-12  0.3480E-12  0.4240E-12  0.5190E-12  0.6070E-12  0.6770E-12  0.6930E-12  0.6800E-12
  0.1000E+13  0.1000E-73  0.1370E-33  0.1050E-24  0.4280E-18  0.7730E-15  0.5990E-13  0.2290E-12  0.3480E-12  0.4240E-12  0.5190E-12  0.6070E-12  0.6770E-12  0.6930E-12  0.6800E-12
  0.1000E+14  0.1470E-44  0.1370E-33  0.1050E-24  0.4280E-18  0.7730E-15  0.5990E-13  0.2290E-12  0.3480E-12  0.4240E-12  0.5190E-12  0.6070E-12  0.6770E-12  0.6930E-12  0.6800E-12
  0.1000E+15  0.8830E-45  0.1370E-33  0.1050E-24  0.4280E-18  0.7730E-15  0.5990E-13  0.2290E-12  0.3480E-12  0.4240E-12  0.5190E-12  0.6070E-12  0.6770E-12  0.6930E-12  0.6800E-12
  0.1000E+16  0.9560E-45  0.1370E-33  0.1050E-24  0.4280E-18  0.7730E-15  0.5990E-13  0.2290E-12  0.3480E-12  0.4240E-12  0.5190E-12  0.6070E-12  0.6770E-12  0.6930E-12  0.6800E-12
  0.1000E+17  0.9530E-45  0.1370E-33  0.1050E-24  0.4280E-18  0.7730E-15  0.5990E-13  0.2290E-12  0.3480E-12  0.4240E-12  0.5190E-12  0.6070E-12  0.6770E-12  0.6930E-12  0.6800E-12
WAVELENGTH(A)= 
     2.968
 7 14 t 
excit   
    56.000     84.000    140.000    280.000    560.000   1400.000   2800.000   4200.000   5600.000   8400.000  14000.000  28000.000  56000.000  84000.000 
  0.1000E+11  0.1000E-73  0.2290E-34  0.5540E-25  0.5190E-18  0.1340E-14  0.1170E-12  0.4320E-12  0.6130E-12  0.7010E-12  0.7580E-12  0.7400E-12  0.6270E-12  0.4910E-12  0.4160E-12
  0.1000E+12  0.1000E-73  0.2290E-34  0.5540E-25  0.5190E-18  0.1340E-14  0.1170E-12  0.4320E-12  0.6130E-12  0.7010E-12  0.7580E-12  0.7400E-12  0.6270E-12  0.4910E-12  0.4160E-12
  0.1000E+13  0.1000E-73  0.2290E-34  0.5540E-25  0.5190E-18  0.1340E-14  0.1170E-12  0.4320E-12  0.6130E-12  0.7010E-12  0.7580E-12  0.7400E-12  0.6270E-12  0.4910E-12  0.4160E-12
  0.1000E+14  0.1000E-73  0.2290E-34  0.5540E-25  0.5190E-18  0.1340E-14  0.1170E-12  0.4320E-12  0.6130E-12  0.7010E-12  0.7580E-12  0.7400E-12  0.6270E-12  0.4910E-12  0.4160E-12
  0.1000E+15  0.1000E-73  0.2290E-34  0.5540E-25  0.5190E-18  0.1340E-14  0.1170E-12  0.4320E-12  0.6130E-12  0.7010E-12  0.7580E-12  0.7400E-12  0.6270E-12  0.4910E-12  0.4160E-12
  0.1000E+16  0.4750E-46  0.2290E-34  0.5540E-25  0.5190E-18  0.1340E-14  0.1170E-12  0.4320E-12  0.6130E-12  0.7010E-12  0.7580E-12  0.7400E-12  0.6270E-12  0.4910E-12  0.4160E-12
  0.1000E+17  0.3800E-46  0.2290E-34  0.5540E-25  0.5190E-18  0.1340E-14  0.1170E-12  0.4320E-12  0.6130E-12  0.7010E-12  0.7580E-12  0.7400E-12  0.6270E-12  0.4910E-12  0.4160E-12
WAVELENGTH(A)= 
     3.024
 7 14 t 
excit   
    56.000     84.000    140.000    280.000    560.000   1400.000   2800.000   4200.000   5600.000   8400.000  14000.000  28000.000  56000.000  84000.000 
  0.1000E+11  0.1000E-73  0.1490E-34  0.2500E-25  0.1800E-18  0.4110E-15  0.3380E-13  0.1230E-12  0.1770E-12  0.2040E-12  0.2250E-12  0.2260E-12  0.2000E-12  0.1630E-12  0.1420E-12
  0.1000E+12  0.1000E-73  0.1490E-34  0.2500E-25  0.1800E-18  0.4110E-15  0.3380E-13  0.1230E-12  0.1770E-12  0.2040E-12  0.2250E-12  0.2260E-12  0.2000E-12  0.1630E-12  0.1420E-12
  0.1000E+13  0.1000E-73  0.1490E-34  0.2500E-25  0.1800E-18  0.4110E-15  0.3380E-13  0.1230E-12  0.1770E-12  0.2040E-12  0.2250E-12  0.2260E-12  0.2000E-12  0.1630E-12  0.1420E-12
  0.1000E+14  0.1000E-73  0.1490E-34  0.2500E-25  0.1800E-18  0.4110E-15  0.3380E-13  0.1230E-12  0.1770E-12  0.2040E-12  0.2250E-12  0.2260E-12  0.2000E-12  0.1630E-12  0.1420E-12
  0.1000E+15  0.3310E-46  0.1490E-34  0.2500E-25  0.1800E-18  0.4110E-15  0.3380E-13  0.1230E-12  0.1770E-12  0.2040E-12  0.2250E-12  0.2260E-12  0.2000E-12  0.1630E-12  0.1420E-12
  0.1000E+16  0.3970E-46  0.1490E-34  0.2500E-25  0.1800E-18  0.4110E-15  0.3380E-13  0.1230E-12  0.1770E-12  0.2040E-12  0.2250E-12  0.2260E-12  0.2000E-12  0.1630E-12  0.1420E-12
  0.1000E+17  0.3940E-46  0.1490E-34  0.2500E-25  0.1800E-18  0.4110E-15  0.3380E-13  0.1230E-12  0.1770E-12  0.2040E-12  0.2250E-12  0.2260E-12  0.2000E-12  0.1630E-12  0.1420E-12
WAVELENGTH(A)= 
     3.115
 7 14 t 
excit   
    56.000     84.000    140.000    280.000    560.000   1400.000   2800.000   4200.000   5600.000   8400.000  14000.000  28000.000  56000.000  84000.000 
  0.1000E+11  0.2200E-41  0.3980E-31  0.5290E-23  0.5700E-17  0.5200E-14  0.2600E-12  0.8570E-12  0.1240E-11  0.1470E-11  0.1730E-11  0.1960E-11  0.2090E-11  0.2060E-11  0.1980E-11
  0.1000E+12  0.2530E-41  0.3980E-31  0.5290E-23  0.5700E-17  0.5200E-14  0.2600E-12  0.8570E-12  0.1240E-11  0.1470E-11  0.1730E-11  0.1960E-11  0.2090E-11  0.2060E-11  0.1980E-11
  0.1000E+13  0.2490E-41  0.3980E-31  0.5290E-23  0.5700E-17  0.5200E-14  0.2600E-12  0.8570E-12  0.1240E-11  0.1470E-11  0.1730E-11  0.1960E-11  0.2090E-11  0.2060E-11  0.1980E-11
  0.1000E+14  0.2500E-41  0.3980E-31  0.5290E-23  0.5700E-17  0.5200E-14  0.2600E-12  0.8570E-12  0.1240E-11  0.1470E-11  0.1730E-11  0.1960E-11  0.2090E-11  0.2060E-11  0.1980E-11
  0.1000E+15  0.2500E-41  0.3980E-31  0.5290E-23  0.5700E-17  0.5200E-14  0.2600E-12  0.8570E-12  0.1240E-11  0.1470E-11  0.1730E-11  0.1960E-11  0.2090E-11  0.2060E-11  0.1980E-11
  0.1000E+16  0.2500E-41  0.3980E-31  0.5290E-23  0.5700E-17  0.5200E-14  0.2600E-12  0.8570E-12  0.1240E-11  0.1470E-11  0.1730E-11  0.1960E-11  0.2090E-11  0.2060E-11  0.1980E-11
  0.1000E+17  0.2500E-41  0.3980E-31  0.5290E-23  0.5700E-17  0.5200E-14  0.2600E-12  0.8570E-12  0.1240E-11  0.1470E-11  0.1730E-11  0.1960E-11  0.2090E-11  0.2060E-11  0.1980E-11
WAVELENGTH(A)= 
     3.253
 7 14 t 
excit   
    56.000     84.000    140.000    280.000    560.000   1400.000   2800.000   4200.000   5600.000   8400.000  14000.000  28000.000  56000.000  84000.000 
  0.1000E+11  0.4180E-41  0.2390E-31  0.1430E-23  0.8680E-18  0.6270E-15  0.2910E-13  0.9350E-13  0.1320E-12  0.1540E-12  0.1760E-12  0.1920E-12  0.1950E-12  0.1850E-12  0.1750E-12
  0.1000E+12  0.4060E-41  0.2390E-31  0.1430E-23  0.8680E-18  0.6270E-15  0.2910E-13  0.9350E-13  0.1320E-12  0.1540E-12  0.1760E-12  0.1920E-12  0.1950E-12  0.1850E-12  0.1750E-12
  0.1000E+13  0.4080E-41  0.2390E-31  0.1430E-23  0.8680E-18  0.6270E-15  0.2910E-13  0.9350E-13  0.1320E-12  0.1540E-12  0.1760E-12  0.1920E-12  0.1950E-12  0.1850E-12  0.1750E-12
  0.1000E+14  0.4080E-41  0.2390E-31  0.1430E-23  0.8680E-18  0.6270E-15  0.2910E-13  0.9350E-13  0.1320E-12  0.1540E-12  0.1760E-12  0.1920E-12  0.1950E-12  0.1850E-12  0.1750E-12
  0.1000E+15  0.4080E-41  0.2390E-31  0.1430E-23  0.8680E-18  0.6270E-15  0.2910E-13  0.9350E-13  0.1320E-12  0.1540E-12  0.1760E-12  0.1920E-12  0.1950E-12  0.1850E-12  0.1750E-12
  0.1000E+16  0.4080E-41  0.2390E-31  0.1430E-23  0.8680E-18  0.6270E-15  0.2910E-13  0.9350E-13  0.1320E-12  0.1540E-12  0.1760E-12  0.1920E-12  0.1950E-12  0.1850E-12  0.1750E-12
  0.1000E+17  0.4080E-41  0.2390E-31  0.1430E-23  0.8680E-18  0.6270E-15  0.2910E-13  0.9350E-13  0.1320E-12  0.1540E-12  0.1760E-12  0.1920E-12  0.1950E-12  0.1850E-12  0.1750E-12
WAVELENGTH(A)= 
     3.424
 7 14 t 
excit   
    56.000     84.000    140.000    280.000    560.000   1400.000   2800.000   4200.000   5600.000   8400.000  14000.000  28000.000  56000.000  84000.000 
  0.1000E+11  0.1000E-73  0.5990E-31  0.1030E-22  0.1320E-16  0.1260E-13  0.6110E-12  0.1850E-11  0.2480E-11  0.2750E-11  0.2900E-11  0.2780E-11  0.2340E-11  0.1830E-11  0.1550E-11
  0.1000E+12  0.2920E-41  0.5990E-31  0.1030E-22  0.1320E-16  0.1260E-13  0.6110E-12  0.1850E-11  0.2480E-11  0.2750E-11  0.2900E-11  0.2780E-11  0.2340E-11  0.1830E-11  0.1550E-11
  0.1000E+13  0.2730E-41  0.5990E-31  0.1030E-22  0.1320E-16  0.1260E-13  0.6110E-12  0.1850E-11  0.2480E-11  0.2750E-11  0.2900E-11  0.2780E-11  0.2340E-11  0.1830E-11  0.1550E-11
  0.1000E+14  0.2730E-41  0.5990E-31  0.1030E-22  0.1320E-16  0.1260E-13  0.6110E-12  0.1850E-11  0.2480E-11  0.2750E-11  0.2900E-11  0.2780E-11  0.2340E-11  0.1830E-11  0.1550E-11
  0.1000E+15  0.2720E-41  0.5990E-31  0.1030E-22  0.1320E-16  0.1260E-13  0.6110E-12  0.1850E-11  0.2480E-11  0.2750E-11  0.2900E-11  0.2780E-11  0.2340E-11  0.1830E-11  0.1550E-11
  0.1000E+16  0.2720E-41  0.5990E-31  0.1030E-22  0.1320E-16  0.1260E-13  0.6110E-12  0.1850E-11  0.2480E-11  0.2750E-11  0.2900E-11  0.2780E-11  0.2340E-11  0.1830E-11  0.1550E-11
  0.1000E+17  0.2720E-41  0.5990E-31  0.1030E-22  0.1320E-16  0.1260E-13  0.6110E-12  0.1850E-11  0.2480E-11  0.2750E-11  0.2900E-11  0.2780E-11  0.2340E-11  0.1830E-11  0.1550E-11
WAVELENGTH(A)= 
     3.559
 7 14 t 
excit   
    56.000     84.000    140.000    280.000    560.000   1400.000   2800.000   4200.000   5600.000   8400.000  14000.000  28000.000  56000.000  84000.000 
  0.1000E+11  0.9690E-41  0.9350E-31  0.8310E-23  0.6590E-17  0.5090E-14  0.2250E-12  0.6800E-12  0.9190E-12  0.1040E-11  0.1120E-11  0.1120E-11  0.9990E-12  0.8340E-12  0.7360E-12
  0.1000E+12  0.9630E-41  0.9350E-31  0.8310E-23  0.6590E-17  0.5090E-14  0.2250E-12  0.6800E-12  0.9190E-12  0.1040E-11  0.1120E-11  0.1120E-11  0.9990E-12  0.8340E-12  0.7360E-12
  0.1000E+13  0.9640E-41  0.9350E-31  0.8310E-23  0.6590E-17  0.5090E-14  0.2250E-12  0.6800E-12  0.9190E-12  0.1040E-11  0.1120E-11  0.1120E-11  0.9990E-12  0.8340E-12  0.7360E-12
  0.1000E+14  0.9640E-41  0.9350E-31  0.8310E-23  0.6590E-17  0.5090E-14  0.2250E-12  0.6800E-12  0.9190E-12  0.1040E-11  0.1120E-11  0.1120E-11  0.9990E-12  0.8340E-12  0.7360E-12
  0.1000E+15  0.9640E-41  0.9350E-31  0.8310E-23  0.6590E-17  0.5090E-14  0.2250E-12  0.6800E-12  0.9190E-12  0.1040E-11  0.1120E-11  0.1120E-11  0.9990E-12  0.8340E-12  0.7360E-12
  0.1000E+16  0.9640E-41  0.9350E-31  0.8310E-23  0.6590E-17  0.5090E-14  0.2250E-12  0.6800E-12  0.9190E-12  0.1040E-11  0.1120E-11  0.1120E-11  0.9990E-12  0.8340E-12  0.7360E-12
  0.1000E+17  0.9640E-41  0.9350E-31  0.8310E-23  0.6590E-17  0.5090E-14  0.2250E-12  0.6800E-12  0.9190E-12  0.1040E-11  0.1120E-11  0.1120E-11  0.9990E-12  0.8340E-12  0.7360E-12
WAVELENGTH(A)= 
     3.705
 7 14 t 
excit   
    56.000     84.000    140.000    280.000    560.000   1400.000   2800.000   4200.000   5600.000   8400.000  14000.000  28000.000  56000.000  84000.000 
  0.1000E+11  0.2620E-36  0.9580E-28  0.6200E-21  0.6830E-16  0.1930E-13  0.4650E-12  0.1160E-11  0.1490E-11  0.1640E-11  0.1730E-11  0.1710E-11  0.1520E-11  0.1260E-11  0.1100E-11
  0.1000E+12  0.2620E-36  0.9580E-28  0.6200E-21  0.6830E-16  0.1930E-13  0.4650E-12  0.1160E-11  0.1490E-11  0.1640E-11  0.1730E-11  0.1710E-11  0.1520E-11  0.1260E-11  0.1100E-11
  0.1000E+13  0.2620E-36  0.9580E-28  0.6200E-21  0.6830E-16  0.1930E-13  0.4650E-12  0.1160E-11  0.1490E-11  0.1640E-11  0.1730E-11  0.1710E-11  0.1520E-11  0.1260E-11  0.1100E-11
  0.1000E+14  0.2620E-36  0.9580E-28  0.6200E-21  0.6830E-16  0.1930E-13  0.4650E-12  0.1160E-11  0.1490E-11  0.1640E-11  0.1730E-11  0.1710E-11  0.1520E-11  0.1260E-11  0.1100E-11
  0.1000E+15  0.2620E-36  0.9580E-28  0.6200E-21  0.6830E-16  0.1930E-13  0.4650E-12  0.1160E-11  0.1490E-11  0.1640E-11  0.1730E-11  0.1710E-11  0.1520E-11  0.1260E-11  0.1100E-11
  0.1000E+16  0.2620E-36  0.9580E-28  0.6200E-21  0.6830E-16  0.1930E-13  0.4650E-12  0.1160E-11  0.1490E-11  0.1640E-11  0.1730E-11  0.1710E-11  0.1520E-11  0.1260E-11  0.1100E-11
  0.1000E+17  0.2620E-36  0.9580E-28  0.6200E-21  0.6830E-16  0.1930E-13  0.4650E-12  0.1160E-11  0.1490E-11  0.1640E-11  0.1730E-11  0.1710E-11  0.1520E-11  0.1260E-11  0.1100E-11
WAVELENGTH(A)= 
     3.906
 7 14 t 
excit   
    56.000     84.000    140.000    280.000    560.000   1400.000   2800.000   4200.000   5600.000   8400.000  14000.000  28000.000  56000.000  84000.000 
  0.1000E+11  0.6510E-35  0.9490E-27  0.3240E-20  0.2430E-15  0.6080E-13  0.1500E-11  0.4030E-11  0.5410E-11  0.6190E-11  0.6970E-11  0.7500E-11  0.7580E-11  0.7180E-11  0.6770E-11
  0.1000E+12  0.6510E-35  0.9490E-27  0.3240E-20  0.2430E-15  0.6080E-13  0.1500E-11  0.4030E-11  0.5410E-11  0.6190E-11  0.6970E-11  0.7500E-11  0.7580E-11  0.7180E-11  0.6770E-11
  0.1000E+13  0.6510E-35  0.9490E-27  0.3240E-20  0.2430E-15  0.6080E-13  0.1500E-11  0.4030E-11  0.5410E-11  0.6190E-11  0.6970E-11  0.7500E-11  0.7580E-11  0.7180E-11  0.6770E-11
  0.1000E+14  0.6510E-35  0.9490E-27  0.3240E-20  0.2430E-15  0.6080E-13  0.1500E-11  0.4030E-11  0.5410E-11  0.6190E-11  0.6970E-11  0.7500E-11  0.7580E-11  0.7180E-11  0.6770E-11
  0.1000E+15  0.6510E-35  0.9490E-27  0.3240E-20  0.2430E-15  0.6080E-13  0.1500E-11  0.4030E-11  0.5410E-11  0.6190E-11  0.6970E-11  0.7500E-11  0.7580E-11  0.7180E-11  0.6770E-11
  0.1000E+16  0.6510E-35  0.9490E-27  0.3240E-20  0.2430E-15  0.6080E-13  0.1500E-11  0.4030E-11  0.5410E-11  0.6190E-11  0.6970E-11  0.7500E-11  0.7580E-11  0.7180E-11  0.6770E-11
  0.1000E+17  0.6510E-35  0.9490E-27  0.3240E-20  0.2430E-15  0.6080E-13  0.1500E-11  0.4030E-11  0.5410E-11  0.6190E-11  0.6970E-11  0.7500E-11  0.7580E-11  0.7180E-11  0.6770E-11
WAVELENGTH(A)= 
     4.285
 7 14 t 
excit   
    56.000     84.000    140.000    280.000    560.000   1400.000   2800.000   4200.000   5600.000   8400.000  14000.000  28000.000  56000.000  84000.000 
  0.1000E+11  0.6170E-32  0.1520E-24  0.1150E-18  0.2530E-14  0.3330E-12  0.5570E-11  0.1350E-10  0.1800E-10  0.2080E-10  0.2400E-10  0.2690E-10  0.2860E-10  0.2830E-10  0.2740E-10
  0.1000E+12  0.6170E-32  0.1520E-24  0.1150E-18  0.2530E-14  0.3330E-12  0.5570E-11  0.1350E-10  0.1800E-10  0.2080E-10  0.2400E-10  0.2690E-10  0.2860E-10  0.2830E-10  0.2740E-10
  0.1000E+13  0.6170E-32  0.1520E-24  0.1150E-18  0.2530E-14  0.3330E-12  0.5570E-11  0.1350E-10  0.1800E-10  0.2080E-10  0.2400E-10  0.2690E-10  0.2860E-10  0.2830E-10  0.2740E-10
  0.1000E+14  0.6170E-32  0.1520E-24  0.1150E-18  0.2530E-14  0.3330E-12  0.5570E-11  0.1350E-10  0.1800E-10  0.2080E-10  0.2400E-10  0.2690E-10  0.2860E-10  0.2830E-10  0.2740E-10
  0.1000E+15  0.6170E-32  0.1520E-24  0.1150E-18  0.2530E-14  0.3330E-12  0.5570E-11  0.1350E-10  0.1800E-10  0.2080E-10  0.2400E-10  0.2690E-10  0.2860E-10  0.2830E-10  0.2740E-10
  0.1000E+16  0.6170E-32  0.1520E-24  0.1150E-18  0.2530E-14  0.3330E-12  0.5570E-11  0.1350E-10  0.1800E-10  0.2080E-10  0.2400E-10  0.2690E-10  0.2860E-10  0.2830E-10  0.2740E-10
  0.1000E+17  0.6170E-32  0.1520E-24  0.1150E-18  0.2530E-14  0.3330E-12  0.5570E-11  0.1350E-10  0.1800E-10  0.2080E-10  0.2400E-10  0.2690E-10  0.2860E-10  0.2830E-10  0.2740E-10
WAVELENGTH(A)= 
     4.776
 7 14 t 
excit   
    56.000     84.000    140.000    280.000    560.000   1400.000   2800.000   4200.000   5600.000   8400.000  14000.000  28000.000  56000.000  84000.000 
  0.1000E+11  0.2030E-32  0.9980E-25  0.1300E-18  0.4280E-14  0.6560E-12  0.1070E-10  0.2290E-10  0.2740E-10  0.2900E-10  0.2930E-10  0.2730E-10  0.2260E-10  0.1760E-10  0.1500E-10
  0.1000E+12  0.2030E-32  0.9980E-25  0.1300E-18  0.4280E-14  0.6560E-12  0.1070E-10  0.2290E-10  0.2740E-10  0.2900E-10  0.2930E-10  0.2730E-10  0.2260E-10  0.1760E-10  0.1500E-10
  0.1000E+13  0.2030E-32  0.9980E-25  0.1300E-18  0.4280E-14  0.6560E-12  0.1070E-10  0.2290E-10  0.2740E-10  0.2900E-10  0.2930E-10  0.2730E-10  0.2260E-10  0.1760E-10  0.1500E-10
  0.1000E+14  0.2030E-32  0.9980E-25  0.1300E-18  0.4280E-14  0.6560E-12  0.1070E-10  0.2290E-10  0.2740E-10  0.2900E-10  0.2930E-10  0.2730E-10  0.2260E-10  0.1760E-10  0.1500E-10
  0.1000E+15  0.2030E-32  0.9980E-25  0.1300E-18  0.4280E-14  0.6560E-12  0.1070E-10  0.2290E-10  0.2740E-10  0.2900E-10  0.2930E-10  0.2730E-10  0.2260E-10  0.1760E-10  0.1500E-10
  0.1000E+16  0.2030E-32  0.9980E-25  0.1300E-18  0.4280E-14  0.6560E-12  0.1070E-10  0.2290E-10  0.2740E-10  0.2900E-10  0.2930E-10  0.2730E-10  0.2260E-10  0.1760E-10  0.1500E-10
  0.1000E+17  0.2030E-32  0.9980E-25  0.1300E-18  0.4280E-14  0.6560E-12  0.1070E-10  0.2290E-10  0.2740E-10  0.2900E-10  0.2930E-10  0.2730E-10  0.2260E-10  0.1760E-10  0.1500E-10
WAVELENGTH(A)= 
     4.863
 7 14 t 
excit   
    56.000     84.000    140.000    280.000    560.000   1400.000   2800.000   4200.000   5600.000   8400.000  14000.000  28000.000  56000.000  84000.000 
  0.1000E+11  0.5580E-30  0.1800E-23  0.2700E-18  0.1820E-14  0.1360E-12  0.1800E-11  0.4160E-11  0.5400E-11  0.6090E-11  0.6800E-11  0.7300E-11  0.7370E-11  0.6990E-11  0.6620E-11
  0.1000E+12  0.5580E-30  0.1800E-23  0.2700E-18  0.1820E-14  0.1360E-12  0.1800E-11  0.4160E-11  0.5400E-11  0.6090E-11  0.6800E-11  0.7300E-11  0.7370E-11  0.6990E-11  0.6620E-11
  0.1000E+13  0.5580E-30  0.1800E-23  0.2700E-18  0.1820E-14  0.1360E-12  0.1800E-11  0.4160E-11  0.5400E-11  0.6090E-11  0.6800E-11  0.7300E-11  0.7370E-11  0.6990E-11  0.6620E-11
  0.1000E+14  0.5580E-30  0.1800E-23  0.2700E-18  0.1820E-14  0.1360E-12  0.1800E-11  0.4160E-11  0.5400E-11  0.6090E-11  0.6800E-11  0.7300E-11  0.7370E-11  0.6990E-11  0.6620E-11
  0.1000E+15  0.5580E-30  0.1800E-23  0.2700E-18  0.1820E-14  0.1360E-12  0.1800E-11  0.4160E-11  0.5400E-11  0.6090E-11  0.6800E-11  0.7300E-11  0.7370E-11  0.6990E-11  0.6620E-11
  0.1000E+16  0.5580E-30  0.1800E-23  0.2700E-18  0.1820E-14  0.1360E-12  0.1800E-11  0.4160E-11  0.5400E-11  0.6090E-11  0.6800E-11  0.7300E-11  0.7370E-11  0.6990E-11  0.6620E-11
  0.1000E+17  0.5580E-30  0.1800E-23  0.2700E-18  0.1820E-14  0.1360E-12  0.1800E-11  0.4160E-11  0.5400E-11  0.6090E-11  0.6800E-11  0.7300E-11  0.7370E-11  0.6990E-11  0.6620E-11
WAVELENGTH(A)= 
     4.998
 7 14 t 
excit   
    56.000     84.000    140.000    280.000    560.000   1400.000   2800.000   4200.000   5600.000   8400.000  14000.000  28000.000  56000.000  84000.000 
  0.1000E+11  0.2420E-34  0.5970E-27  0.4500E-21  0.9900E-17  0.1310E-14  0.2180E-13  0.5300E-13  0.7050E-13  0.8140E-13  0.9390E-13  0.1050E-12  0.1120E-12  0.1110E-12  0.1070E-12
  0.1000E+12  0.2420E-34  0.5970E-27  0.4500E-21  0.9900E-17  0.1310E-14  0.2180E-13  0.5300E-13  0.7050E-13  0.8140E-13  0.9390E-13  0.1050E-12  0.1120E-12  0.1110E-12  0.1070E-12
  0.1000E+13  0.2420E-34  0.5970E-27  0.4500E-21  0.9900E-17  0.1310E-14  0.2180E-13  0.5300E-13  0.7050E-13  0.8140E-13  0.9390E-13  0.1050E-12  0.1120E-12  0.1110E-12  0.1070E-12
  0.1000E+14  0.2420E-34  0.5970E-27  0.4500E-21  0.9900E-17  0.1310E-14  0.2180E-13  0.5300E-13  0.7050E-13  0.8140E-13  0.9390E-13  0.1050E-12  0.1120E-12  0.1110E-12  0.1070E-12
  0.1000E+15  0.2420E-34  0.5970E-27  0.4500E-21  0.9900E-17  0.1310E-14  0.2180E-13  0.5300E-13  0.7050E-13  0.8140E-13  0.9390E-13  0.1050E-12  0.1120E-12  0.1110E-12  0.1070E-12
  0.1000E+16  0.2420E-34  0.5970E-27  0.4500E-21  0.9900E-17  0.1310E-14  0.2180E-13  0.5300E-13  0.7050E-13  0.8140E-13  0.9390E-13  0.1050E-12  0.1120E-12  0.1110E-12  0.1070E-12
  0.1000E+17  0.2420E-34  0.5970E-27  0.4500E-21  0.9900E-17  0.1310E-14  0.2180E-13  0.5300E-13  0.7050E-13  0.8130E-13  0.9390E-13  0.1050E-12  0.1120E-12  0.1110E-12  0.1070E-12
WAVELENGTH(A)= 
     5.328
 7 14 t 
excit   
    56.000     84.000    140.000    280.000    560.000   1400.000   2800.000   4200.000   5600.000   8400.000  14000.000  28000.000  56000.000  84000.000 
  0.1000E+11  0.1000E-73  0.1610E-36  0.1530E-26  0.3990E-19  0.1730E-15  0.2090E-13  0.8650E-13  0.1290E-12  0.1520E-12  0.1700E-12  0.1740E-12  0.1550E-12  0.1280E-12  0.1110E-12
  0.1000E+12  0.1000E-73  0.1610E-36  0.1530E-26  0.3990E-19  0.1730E-15  0.2090E-13  0.8650E-13  0.1290E-12  0.1520E-12  0.1700E-12  0.1740E-12  0.1550E-12  0.1280E-12  0.1110E-12
  0.1000E+13  0.1000E-73  0.1610E-36  0.1530E-26  0.3990E-19  0.1730E-15  0.2090E-13  0.8650E-13  0.1290E-12  0.1520E-12  0.1700E-12  0.1740E-12  0.1550E-12  0.1280E-12  0.1110E-12
  0.1000E+14  0.1000E-73  0.1610E-36  0.1530E-26  0.3990E-19  0.1730E-15  0.2090E-13  0.8650E-13  0.1290E-12  0.1520E-12  0.1700E-12  0.1740E-12  0.1550E-12  0.1280E-12  0.1110E-12
  0.1000E+15  0.1000E-73  0.1610E-36  0.1530E-26  0.3990E-19  0.1730E-15  0.2090E-13  0.8650E-13  0.1290E-12  0.1520E-12  0.1700E-12  0.1740E-12  0.1550E-12  0.1280E-12  0.1110E-12
  0.1000E+16  0.1000E-73  0.1610E-36  0.1530E-26  0.3990E-19  0.1730E-15  0.2090E-13  0.8650E-13  0.1290E-12  0.1520E-12  0.1700E-12  0.1740E-12  0.1550E-12  0.1280E-12  0.1110E-12
  0.1000E+17  0.1000E-73  0.1610E-36  0.1530E-26  0.3990E-19  0.1730E-15  0.2090E-13  0.8650E-13  0.1290E-12  0.1520E-12  0.1700E-12  0.1740E-12  0.1550E-12  0.1280E-12  0.1110E-12
WAVELENGTH(A)= 
     5.369
 7 14 t 
excit   
    56.000     84.000    140.000    280.000    560.000   1400.000   2800.000   4200.000   5600.000   8400.000  14000.000  28000.000  56000.000  84000.000 
  0.1000E+11  0.2030E-30  0.1810E-23  0.6010E-18  0.7160E-14  0.6720E-12  0.8650E-11  0.1800E-10  0.2170E-10  0.2330E-10  0.2410E-10  0.2340E-10  0.2080E-10  0.1750E-10  0.1560E-10
  0.1000E+12  0.2030E-30  0.1810E-23  0.6010E-18  0.7160E-14  0.6720E-12  0.8650E-11  0.1800E-10  0.2170E-10  0.2330E-10  0.2410E-10  0.2340E-10  0.2080E-10  0.1750E-10  0.1560E-10
  0.1000E+13  0.2030E-30  0.1810E-23  0.6010E-18  0.7160E-14  0.6720E-12  0.8650E-11  0.1800E-10  0.2170E-10  0.2330E-10  0.2410E-10  0.2340E-10  0.2080E-10  0.1750E-10  0.1560E-10
  0.1000E+14  0.2030E-30  0.1810E-23  0.6010E-18  0.7160E-14  0.6720E-12  0.8650E-11  0.1800E-10  0.2170E-10  0.2330E-10  0.2410E-10  0.2340E-10  0.2080E-10  0.1750E-10  0.1560E-10
  0.1000E+15  0.2030E-30  0.1810E-23  0.6010E-18  0.7160E-14  0.6720E-12  0.8650E-11  0.1800E-10  0.2170E-10  0.2330E-10  0.2410E-10  0.2340E-10  0.2080E-10  0.1750E-10  0.1560E-10
  0.1000E+16  0.2030E-30  0.1810E-23  0.6010E-18  0.7160E-14  0.6720E-12  0.8650E-11  0.1800E-10  0.2170E-10  0.2330E-10  0.2410E-10  0.2340E-10  0.2080E-10  0.1750E-10  0.1560E-10
  0.1000E+17  0.2030E-30  0.1810E-23  0.6010E-18  0.7160E-14  0.6720E-12  0.8650E-11  0.1800E-10  0.2170E-10  0.2330E-10  0.2410E-10  0.2340E-10  0.2080E-10  0.1750E-10  0.1560E-10
WAVELENGTH(A)= 
     5.677
 7 14 t 
excit   
    56.000     84.000    140.000    280.000    560.000   1400.000   2800.000   4200.000   5600.000   8400.000  14000.000  28000.000  56000.000  84000.000 
  0.1000E+11  0.1000E-73  0.3160E-39  0.2960E-28  0.4300E-20  0.4360E-16  0.8680E-14  0.4240E-13  0.6660E-13  0.8040E-13  0.9260E-13  0.9570E-13  0.8560E-13  0.6910E-13  0.5940E-13
  0.1000E+12  0.1000E-73  0.3160E-39  0.2960E-28  0.4300E-20  0.4360E-16  0.8680E-14  0.4240E-13  0.6660E-13  0.8040E-13  0.9260E-13  0.9570E-13  0.8560E-13  0.6910E-13  0.5940E-13
  0.1000E+13  0.1000E-73  0.3160E-39  0.2960E-28  0.4300E-20  0.4360E-16  0.8680E-14  0.4240E-13  0.6660E-13  0.8040E-13  0.9260E-13  0.9570E-13  0.8560E-13  0.6910E-13  0.5940E-13
  0.1000E+14  0.1000E-73  0.3160E-39  0.2960E-28  0.4300E-20  0.4360E-16  0.8680E-14  0.4240E-13  0.6660E-13  0.8040E-13  0.9260E-13  0.9570E-13  0.8560E-13  0.6910E-13  0.5940E-13
  0.1000E+15  0.1000E-73  0.3160E-39  0.2960E-28  0.4300E-20  0.4360E-16  0.8680E-14  0.4240E-13  0.6660E-13  0.8040E-13  0.9260E-13  0.9570E-13  0.8560E-13  0.6910E-13  0.5940E-13
  0.1000E+16  0.1000E-73  0.3160E-39  0.2960E-28  0.4300E-20  0.4360E-16  0.8680E-14  0.4240E-13  0.6660E-13  0.8040E-13  0.9260E-13  0.9570E-13  0.8560E-13  0.6910E-13  0.5940E-13
  0.1000E+17  0.1000E-73  0.3160E-39  0.2960E-28  0.4300E-20  0.4360E-16  0.8680E-14  0.4240E-13  0.6660E-13  0.8040E-13  0.9260E-13  0.9570E-13  0.8560E-13  0.6910E-13  0.5940E-13
WAVELENGTH(A)= 
     5.678
 7 14 t 
excit   
    56.000     84.000    140.000    280.000    560.000   1400.000   2800.000   4200.000   5600.000   8400.000  14000.000  28000.000  56000.000  84000.000 
  0.1000E+11  0.1000E-73  0.2070E-36  0.2250E-26  0.6620E-19  0.3070E-15  0.3970E-13  0.1750E-12  0.2750E-12  0.3390E-12  0.4140E-12  0.4780E-12  0.5140E-12  0.5070E-12  0.4880E-12
  0.1000E+12  0.1000E-73  0.2070E-36  0.2250E-26  0.6620E-19  0.3070E-15  0.3970E-13  0.1750E-12  0.2750E-12  0.3390E-12  0.4140E-12  0.4780E-12  0.5140E-12  0.5070E-12  0.4880E-12
  0.1000E+13  0.1000E-73  0.2070E-36  0.2250E-26  0.6620E-19  0.3070E-15  0.3970E-13  0.1750E-12  0.2750E-12  0.3390E-12  0.4140E-12  0.4780E-12  0.5140E-12  0.5070E-12  0.4880E-12
  0.1000E+14  0.1000E-73  0.2070E-36  0.2250E-26  0.6620E-19  0.3070E-15  0.3970E-13  0.1750E-12  0.2750E-12  0.3390E-12  0.4140E-12  0.4780E-12  0.5140E-12  0.5070E-12  0.4880E-12
  0.1000E+15  0.1000E-73  0.2070E-36  0.2250E-26  0.6620E-19  0.3070E-15  0.3970E-13  0.1750E-12  0.2750E-12  0.3390E-12  0.4140E-12  0.4780E-12  0.5140E-12  0.5070E-12  0.4880E-12
  0.1000E+16  0.1000E-73  0.2070E-36  0.2250E-26  0.6620E-19  0.3070E-15  0.3970E-13  0.1750E-12  0.2750E-12  0.3390E-12  0.4140E-12  0.4780E-12  0.5140E-12  0.5070E-12  0.4880E-12
  0.1000E+17  0.1000E-73  0.2070E-36  0.2250E-26  0.6620E-19  0.3070E-15  0.3970E-13  0.1750E-12  0.2750E-12  0.3390E-12  0.4140E-12  0.4780E-12  0.5140E-12  0.5070E-12  0.4880E-12
WAVELENGTH(A)= 
     6.105
 7 14 t 
excit   
    56.000     84.000    140.000    280.000    560.000   1400.000   2800.000   4200.000   5600.000   8400.000  14000.000  28000.000  56000.000  84000.000 
  0.1000E+11  0.1000E-73  0.8770E-37  0.1040E-26  0.3200E-19  0.1490E-15  0.1850E-13  0.7590E-13  0.1120E-12  0.1300E-12  0.1430E-12  0.1410E-12  0.1190E-12  0.9260E-13  0.7790E-13
  0.1000E+12  0.1000E-73  0.8770E-37  0.1040E-26  0.3200E-19  0.1490E-15  0.1850E-13  0.7590E-13  0.1120E-12  0.1300E-12  0.1430E-12  0.1410E-12  0.1190E-12  0.9260E-13  0.7790E-13
  0.1000E+13  0.1000E-73  0.8770E-37  0.1040E-26  0.3200E-19  0.1490E-15  0.1850E-13  0.7590E-13  0.1120E-12  0.1300E-12  0.1430E-12  0.1410E-12  0.1190E-12  0.9260E-13  0.7790E-13
  0.1000E+14  0.1000E-73  0.8770E-37  0.1040E-26  0.3200E-19  0.1490E-15  0.1850E-13  0.7590E-13  0.1120E-12  0.1300E-12  0.1430E-12  0.1410E-12  0.1190E-12  0.9260E-13  0.7790E-13
  0.1000E+15  0.1000E-73  0.8770E-37  0.1040E-26  0.3200E-19  0.1490E-15  0.1850E-13  0.7590E-13  0.1120E-12  0.1300E-12  0.1430E-12  0.1410E-12  0.1190E-12  0.9260E-13  0.7790E-13
  0.1000E+16  0.1000E-73  0.8770E-37  0.1040E-26  0.3200E-19  0.1490E-15  0.1850E-13  0.7590E-13  0.1120E-12  0.1300E-12  0.1430E-12  0.1410E-12  0.1190E-12  0.9260E-13  0.7790E-13
  0.1000E+17  0.1000E-73  0.8770E-37  0.1040E-26  0.3200E-19  0.1490E-15  0.1850E-13  0.7590E-13  0.1120E-12  0.1300E-12  0.1430E-12  0.1410E-12  0.1190E-12  0.9270E-13  0.7790E-13
WAVELENGTH(A)= 
     6.316
 7 14 t 
excit   
    56.000     84.000    140.000    280.000    560.000   1400.000   2800.000   4200.000   5600.000   8400.000  14000.000  28000.000  56000.000  84000.000 
  0.1000E+11  0.1000E-73  0.2760E-34  0.4630E-25  0.3330E-18  0.7610E-15  0.6250E-13  0.2280E-12  0.3270E-12  0.3780E-12  0.4160E-12  0.4180E-12  0.3710E-12  0.3030E-12  0.2640E-12
  0.1000E+12  0.1000E-73  0.2760E-34  0.4630E-25  0.3330E-18  0.7610E-15  0.6250E-13  0.2280E-12  0.3270E-12  0.3780E-12  0.4160E-12  0.4180E-12  0.3710E-12  0.3030E-12  0.2640E-12
  0.1000E+13  0.1000E-73  0.2760E-34  0.4630E-25  0.3330E-18  0.7610E-15  0.6250E-13  0.2280E-12  0.3270E-12  0.3780E-12  0.4160E-12  0.4180E-12  0.3710E-12  0.3030E-12  0.2640E-12
  0.1000E+14  0.1000E-73  0.2760E-34  0.4630E-25  0.3330E-18  0.7610E-15  0.6250E-13  0.2280E-12  0.3270E-12  0.3780E-12  0.4160E-12  0.4180E-12  0.3710E-12  0.3030E-12  0.2640E-12
  0.1000E+15  0.6120E-46  0.2760E-34  0.4630E-25  0.3330E-18  0.7610E-15  0.6250E-13  0.2280E-12  0.3270E-12  0.3780E-12  0.4160E-12  0.4180E-12  0.3710E-12  0.3030E-12  0.2640E-12
  0.1000E+16  0.7350E-46  0.2760E-34  0.4630E-25  0.3330E-18  0.7610E-15  0.6250E-13  0.2280E-12  0.3270E-12  0.3780E-12  0.4160E-12  0.4180E-12  0.3710E-12  0.3030E-12  0.2640E-12
  0.1000E+17  0.7290E-46  0.2760E-34  0.4630E-25  0.3320E-18  0.7610E-15  0.6250E-13  0.2280E-12  0.3270E-12  0.3780E-12  0.4160E-12  0.4180E-12  0.3710E-12  0.3030E-12  0.2640E-12
WAVELENGTH(A)= 
     6.745
 7 14 t 
excit   
    56.000     84.000    140.000    280.000    560.000   1400.000   2800.000   4200.000   5600.000   8400.000  14000.000  28000.000  56000.000  84000.000 
  0.1000E+11  0.1000E-73  0.4550E-37  0.8220E-27  0.3490E-19  0.1920E-15  0.2660E-13  0.1160E-12  0.1750E-12  0.2080E-12  0.2360E-12  0.2420E-12  0.2180E-12  0.1780E-12  0.1550E-12
  0.1000E+12  0.1000E-73  0.4550E-37  0.8220E-27  0.3490E-19  0.1920E-15  0.2660E-13  0.1160E-12  0.1750E-12  0.2080E-12  0.2360E-12  0.2420E-12  0.2180E-12  0.1780E-12  0.1550E-12
  0.1000E+13  0.1000E-73  0.4550E-37  0.8220E-27  0.3490E-19  0.1920E-15  0.2660E-13  0.1160E-12  0.1750E-12  0.2080E-12  0.2360E-12  0.2420E-12  0.2180E-12  0.1780E-12  0.1550E-12
  0.1000E+14  0.1000E-73  0.4550E-37  0.8220E-27  0.3490E-19  0.1920E-15  0.2660E-13  0.1160E-12  0.1750E-12  0.2080E-12  0.2360E-12  0.2420E-12  0.2180E-12  0.1780E-12  0.1550E-12
  0.1000E+15  0.1000E-73  0.4550E-37  0.8220E-27  0.3490E-19  0.1920E-15  0.2660E-13  0.1160E-12  0.1750E-12  0.2080E-12  0.2360E-12  0.2420E-12  0.2180E-12  0.1780E-12  0.1550E-12
  0.1000E+16  0.1000E-73  0.4550E-37  0.8220E-27  0.3490E-19  0.1920E-15  0.2660E-13  0.1160E-12  0.1750E-12  0.2080E-12  0.2360E-12  0.2420E-12  0.2180E-12  0.1780E-12  0.1550E-12
  0.1000E+17  0.1000E-73  0.4550E-37  0.8220E-27  0.3490E-19  0.1920E-15  0.2660E-13  0.1160E-12  0.1750E-12  0.2080E-12  0.2360E-12  0.2420E-12  0.2180E-12  0.1780E-12  0.1550E-12
WAVELENGTH(A)= 
     6.746
 7 14 t 
excit   
    56.000     84.000    140.000    280.000    560.000   1400.000   2800.000   4200.000   5600.000   8400.000  14000.000  28000.000  56000.000  84000.000 
  0.1000E+11  0.1000E-73  0.2670E-34  0.5630E-25  0.4890E-18  0.1250E-14  0.1130E-12  0.4450E-12  0.6750E-12  0.8210E-12  0.9860E-12  0.1120E-11  0.1200E-11  0.1180E-11  0.1130E-11
  0.1000E+12  0.1000E-73  0.2670E-34  0.5630E-25  0.4890E-18  0.1250E-14  0.1130E-12  0.4450E-12  0.6750E-12  0.8210E-12  0.9860E-12  0.1120E-11  0.1200E-11  0.1180E-11  0.1130E-11
  0.1000E+13  0.1000E-73  0.2670E-34  0.5630E-25  0.4890E-18  0.1250E-14  0.1130E-12  0.4450E-12  0.6750E-12  0.8210E-12  0.9860E-12  0.1120E-11  0.1200E-11  0.1180E-11  0.1130E-11
  0.1000E+14  0.1000E-73  0.2670E-34  0.5630E-25  0.4890E-18  0.1250E-14  0.1130E-12  0.4450E-12  0.6750E-12  0.8210E-12  0.9860E-12  0.1120E-11  0.1200E-11  0.1180E-11  0.1130E-11
  0.1000E+15  0.1000E-73  0.2670E-34  0.5630E-25  0.4890E-18  0.1250E-14  0.1130E-12  0.4450E-12  0.6750E-12  0.8210E-12  0.9860E-12  0.1120E-11  0.1200E-11  0.1180E-11  0.1130E-11
  0.1000E+16  0.5240E-46  0.2670E-34  0.5630E-25  0.4890E-18  0.1250E-14  0.1130E-12  0.4450E-12  0.6750E-12  0.8210E-12  0.9860E-12  0.1120E-11  0.1200E-11  0.1180E-11  0.1130E-11
  0.1000E+17  0.5240E-46  0.2670E-34  0.5630E-25  0.4890E-18  0.1250E-14  0.1130E-12  0.4450E-12  0.6750E-12  0.8210E-12  0.9860E-12  0.1120E-11  0.1200E-11  0.1180E-11  0.1130E-11
WAVELENGTH(A)= 
     7.114
 7 14 t 
excit   
    56.000     84.000    140.000    280.000    560.000   1400.000   2800.000   4200.000   5600.000   8400.000  14000.000  28000.000  56000.000  84000.000 
  0.1000E+11  0.1000E-73  0.9600E-35  0.1300E-25  0.8170E-19  0.1810E-15  0.1500E-13  0.5710E-13  0.8470E-13  0.1010E-12  0.1190E-12  0.1320E-12  0.1370E-12  0.1330E-12  0.1270E-12
  0.1000E+12  0.1000E-73  0.9600E-35  0.1300E-25  0.8170E-19  0.1810E-15  0.1500E-13  0.5710E-13  0.8470E-13  0.1010E-12  0.1190E-12  0.1320E-12  0.1370E-12  0.1330E-12  0.1270E-12
  0.1000E+13  0.1000E-73  0.9600E-35  0.1300E-25  0.8170E-19  0.1810E-15  0.1500E-13  0.5710E-13  0.8470E-13  0.1010E-12  0.1190E-12  0.1320E-12  0.1370E-12  0.1330E-12  0.1270E-12
  0.1000E+14  0.1000E-73  0.9600E-35  0.1300E-25  0.8170E-19  0.1810E-15  0.1500E-13  0.5710E-13  0.8470E-13  0.1010E-12  0.1190E-12  0.1320E-12  0.1370E-12  0.1330E-12  0.1270E-12
  0.1000E+15  0.1000E-73  0.9600E-35  0.1300E-25  0.8170E-19  0.1810E-15  0.1500E-13  0.5710E-13  0.8470E-13  0.1010E-12  0.1190E-12  0.1320E-12  0.1370E-12  0.1330E-12  0.1270E-12
  0.1000E+16  0.3540E-46  0.9600E-35  0.1300E-25  0.8170E-19  0.1810E-15  0.1500E-13  0.5710E-13  0.8470E-13  0.1010E-12  0.1190E-12  0.1320E-12  0.1370E-12  0.1330E-12  0.1270E-12
  0.1000E+17  0.3300E-46  0.9600E-35  0.1300E-25  0.8170E-19  0.1810E-15  0.1500E-13  0.5710E-13  0.8470E-13  0.1010E-12  0.1190E-12  0.1320E-12  0.1370E-12  0.1330E-12  0.1270E-12
WAVELENGTH(A)= 
     7.307
 7 14 t 
excit   
    56.000     84.000    140.000    280.000    560.000   1400.000   2800.000   4200.000   5600.000   8400.000  14000.000  28000.000  56000.000  84000.000 
  0.1000E+11  0.1000E-73  0.1070E-34  0.2580E-25  0.2420E-18  0.6250E-15  0.5460E-13  0.2010E-12  0.2850E-12  0.3270E-12  0.3530E-12  0.3450E-12  0.2920E-12  0.2290E-12  0.1940E-12
  0.1000E+12  0.1000E-73  0.1070E-34  0.2580E-25  0.2420E-18  0.6250E-15  0.5460E-13  0.2010E-12  0.2850E-12  0.3270E-12  0.3530E-12  0.3450E-12  0.2920E-12  0.2290E-12  0.1940E-12
  0.1000E+13  0.1000E-73  0.1070E-34  0.2580E-25  0.2420E-18  0.6250E-15  0.5460E-13  0.2010E-12  0.2850E-12  0.3270E-12  0.3530E-12  0.3450E-12  0.2920E-12  0.2290E-12  0.1940E-12
  0.1000E+14  0.1000E-73  0.1070E-34  0.2580E-25  0.2420E-18  0.6250E-15  0.5460E-13  0.2010E-12  0.2850E-12  0.3270E-12  0.3530E-12  0.3450E-12  0.2920E-12  0.2290E-12  0.1940E-12
  0.1000E+15  0.1000E-73  0.1070E-34  0.2580E-25  0.2420E-18  0.6250E-15  0.5460E-13  0.2010E-12  0.2850E-12  0.3270E-12  0.3530E-12  0.3450E-12  0.2920E-12  0.2290E-12  0.1940E-12
  0.1000E+16  0.2210E-46  0.1070E-34  0.2580E-25  0.2420E-18  0.6250E-15  0.5460E-13  0.2010E-12  0.2850E-12  0.3270E-12  0.3530E-12  0.3450E-12  0.2920E-12  0.2290E-12  0.1940E-12
  0.1000E+17  0.1770E-46  0.1070E-34  0.2580E-25  0.2420E-18  0.6250E-15  0.5460E-13  0.2010E-12  0.2850E-12  0.3270E-12  0.3530E-12  0.3450E-12  0.2920E-12  0.2290E-12  0.1940E-12
WAVELENGTH(A)= 
     7.657
 7 14 t 
excit   
    56.000     84.000    140.000    280.000    560.000   1400.000   2800.000   4200.000   5600.000   8400.000  14000.000  28000.000  56000.000  84000.000 
  0.1000E+11  0.1000E-73  0.1490E-34  0.2500E-25  0.1800E-18  0.4110E-15  0.3380E-13  0.1230E-12  0.1770E-12  0.2040E-12  0.2250E-12  0.2260E-12  0.2000E-12  0.1630E-12  0.1420E-12
  0.1000E+12  0.1000E-73  0.1490E-34  0.2500E-25  0.1800E-18  0.4110E-15  0.3380E-13  0.1230E-12  0.1770E-12  0.2040E-12  0.2250E-12  0.2260E-12  0.2000E-12  0.1630E-12  0.1420E-12
  0.1000E+13  0.1000E-73  0.1490E-34  0.2500E-25  0.1800E-18  0.4110E-15  0.3380E-13  0.1230E-12  0.1770E-12  0.2040E-12  0.2250E-12  0.2260E-12  0.2000E-12  0.1630E-12  0.1420E-12
  0.1000E+14  0.1000E-73  0.1490E-34  0.2500E-25  0.1800E-18  0.4110E-15  0.3380E-13  0.1230E-12  0.1770E-12  0.2040E-12  0.2250E-12  0.2260E-12  0.2000E-12  0.1630E-12  0.1420E-12
  0.1000E+15  0.3310E-46  0.1490E-34  0.2500E-25  0.1800E-18  0.4110E-15  0.3380E-13  0.1230E-12  0.1770E-12  0.2040E-12  0.2250E-12  0.2260E-12  0.2000E-12  0.1630E-12  0.1420E-12
  0.1000E+16  0.3970E-46  0.1490E-34  0.2500E-25  0.1800E-18  0.4110E-15  0.3380E-13  0.1230E-12  0.1770E-12  0.2040E-12  0.2250E-12  0.2260E-12  0.2000E-12  0.1630E-12  0.1420E-12
  0.1000E+17  0.3940E-46  0.1490E-34  0.2500E-25  0.1800E-18  0.4110E-15  0.3380E-13  0.1230E-12  0.1770E-12  0.2040E-12  0.2250E-12  0.2260E-12  0.2000E-12  0.1630E-12  0.1420E-12
WAVELENGTH(A)= 
     9.207
 7 14 t 
excit   
    56.000     84.000    140.000    280.000    560.000   1400.000   2800.000   4200.000   5600.000   8400.000  14000.000  28000.000  56000.000  84000.000 
  0.1000E+11  0.1390E-40  0.1340E-30  0.1190E-22  0.9440E-17  0.7280E-14  0.3220E-12  0.9740E-12  0.1320E-11  0.1480E-11  0.1600E-11  0.1600E-11  0.1430E-11  0.1190E-11  0.1050E-11
  0.1000E+12  0.1380E-40  0.1340E-30  0.1190E-22  0.9440E-17  0.7280E-14  0.3220E-12  0.9740E-12  0.1320E-11  0.1480E-11  0.1600E-11  0.1600E-11  0.1430E-11  0.1190E-11  0.1050E-11
  0.1000E+13  0.1380E-40  0.1340E-30  0.1190E-22  0.9440E-17  0.7280E-14  0.3220E-12  0.9740E-12  0.1320E-11  0.1480E-11  0.1600E-11  0.1600E-11  0.1430E-11  0.1190E-11  0.1050E-11
  0.1000E+14  0.1380E-40  0.1340E-30  0.1190E-22  0.9440E-17  0.7280E-14  0.3220E-12  0.9740E-12  0.1320E-11  0.1480E-11  0.1600E-11  0.1600E-11  0.1430E-11  0.1190E-11  0.1050E-11
  0.1000E+15  0.1380E-40  0.1340E-30  0.1190E-22  0.9440E-17  0.7280E-14  0.3220E-12  0.9740E-12  0.1320E-11  0.1480E-11  0.1600E-11  0.1600E-11  0.1430E-11  0.1190E-11  0.1050E-11
  0.1000E+16  0.1380E-40  0.1340E-30  0.1190E-22  0.9440E-17  0.7280E-14  0.3220E-12  0.9740E-12  0.1320E-11  0.1480E-11  0.1600E-11  0.1600E-11  0.1430E-11  0.1190E-11  0.1050E-11
  0.1000E+17  0.1380E-40  0.1340E-30  0.1190E-22  0.9440E-17  0.7280E-14  0.3220E-12  0.9740E-12  0.1320E-11  0.1480E-11  0.1600E-11  0.1600E-11  0.1430E-11  0.1190E-11  0.1050E-11
WAVELENGTH(A)= 
     9.853
 7 14 t 
excit   
    56.000     84.000    140.000    280.000    560.000   1400.000   2800.000   4200.000   5600.000   8400.000  14000.000  28000.000  56000.000  84000.000 
  0.1000E+11  0.1000E-73  0.1780E-33  0.2040E-24  0.1090E-17  0.2150E-14  0.1630E-12  0.5830E-12  0.8300E-12  0.9610E-12  0.1060E-11  0.1080E-11  0.9730E-12  0.8050E-12  0.7040E-12
  0.1000E+12  0.1000E-73  0.1780E-33  0.2040E-24  0.1090E-17  0.2150E-14  0.1630E-12  0.5830E-12  0.8300E-12  0.9610E-12  0.1060E-11  0.1080E-11  0.9730E-12  0.8050E-12  0.7040E-12
  0.1000E+13  0.1000E-73  0.1780E-33  0.2040E-24  0.1090E-17  0.2150E-14  0.1630E-12  0.5830E-12  0.8300E-12  0.9610E-12  0.1060E-11  0.1080E-11  0.9730E-12  0.8050E-12  0.7040E-12
  0.1000E+14  0.1000E-73  0.1780E-33  0.2040E-24  0.1090E-17  0.2150E-14  0.1630E-12  0.5830E-12  0.8300E-12  0.9610E-12  0.1060E-11  0.1080E-11  0.9730E-12  0.8050E-12  0.7040E-12
  0.1000E+15  0.7960E-45  0.1780E-33  0.2040E-24  0.1090E-17  0.2150E-14  0.1630E-12  0.5830E-12  0.8300E-12  0.9610E-12  0.1060E-11  0.1080E-11  0.9730E-12  0.8050E-12  0.7040E-12
  0.1000E+16  0.7560E-45  0.1780E-33  0.2040E-24  0.1090E-17  0.2150E-14  0.1630E-12  0.5830E-12  0.8300E-12  0.9610E-12  0.1060E-11  0.1080E-11  0.9730E-12  0.8050E-12  0.7040E-12
  0.1000E+17  0.7580E-45  0.1780E-33  0.2040E-24  0.1090E-17  0.2150E-14  0.1630E-12  0.5830E-12  0.8300E-12  0.9610E-12  0.1060E-11  0.1080E-11  0.9730E-12  0.8050E-12  0.7040E-12
WAVELENGTH(A)= 
     9.856
 7 14 t 
excit   
    56.000     84.000    140.000    280.000    560.000   1400.000   2800.000   4200.000   5600.000   8400.000  14000.000  28000.000  56000.000  84000.000 
  0.1000E+11  0.3980E-41  0.7200E-31  0.9570E-23  0.1030E-16  0.9410E-14  0.4710E-12  0.1550E-11  0.2240E-11  0.2660E-11  0.3140E-11  0.3550E-11  0.3790E-11  0.3730E-11  0.3590E-11
  0.1000E+12  0.4580E-41  0.7200E-31  0.9570E-23  0.1030E-16  0.9410E-14  0.4710E-12  0.1550E-11  0.2240E-11  0.2660E-11  0.3140E-11  0.3550E-11  0.3790E-11  0.3730E-11  0.3590E-11
  0.1000E+13  0.4520E-41  0.7200E-31  0.9570E-23  0.1030E-16  0.9410E-14  0.4710E-12  0.1550E-11  0.2240E-11  0.2660E-11  0.3140E-11  0.3550E-11  0.3790E-11  0.3730E-11  0.3590E-11
  0.1000E+14  0.4520E-41  0.7200E-31  0.9570E-23  0.1030E-16  0.9410E-14  0.4710E-12  0.1550E-11  0.2240E-11  0.2660E-11  0.3140E-11  0.3550E-11  0.3790E-11  0.3730E-11  0.3590E-11
  0.1000E+15  0.4530E-41  0.7200E-31  0.9570E-23  0.1030E-16  0.9410E-14  0.4710E-12  0.1550E-11  0.2240E-11  0.2660E-11  0.3140E-11  0.3550E-11  0.3790E-11  0.3730E-11  0.3590E-11
  0.1000E+16  0.4530E-41  0.7200E-31  0.9570E-23  0.1030E-16  0.9410E-14  0.4710E-12  0.1550E-11  0.2240E-11  0.2660E-11  0.3140E-11  0.3550E-11  0.3790E-11  0.3730E-11  0.3590E-11
  0.1000E+17  0.4530E-41  0.7200E-31  0.9570E-23  0.1030E-16  0.9410E-14  0.4710E-12  0.1550E-11  0.2240E-11  0.2660E-11  0.3140E-11  0.3550E-11  0.3790E-11  0.3730E-11  0.3590E-11
WAVELENGTH(A)= 
    10.868
 7 14 t 
excit   
    56.000     84.000    140.000    280.000    560.000   1400.000   2800.000   4200.000   5600.000   8400.000  14000.000  28000.000  56000.000  84000.000 
  0.1000E+11  0.1000E-73  0.2460E-31  0.4210E-23  0.5400E-17  0.5180E-14  0.2510E-12  0.7600E-12  0.1020E-11  0.1130E-11  0.1190E-11  0.1140E-11  0.9590E-12  0.7500E-12  0.6370E-12
  0.1000E+12  0.1200E-41  0.2460E-31  0.4210E-23  0.5400E-17  0.5180E-14  0.2510E-12  0.7600E-12  0.1020E-11  0.1130E-11  0.1190E-11  0.1140E-11  0.9590E-12  0.7500E-12  0.6370E-12
  0.1000E+13  0.1120E-41  0.2460E-31  0.4210E-23  0.5400E-17  0.5180E-14  0.2510E-12  0.7600E-12  0.1020E-11  0.1130E-11  0.1190E-11  0.1140E-11  0.9590E-12  0.7500E-12  0.6370E-12
  0.1000E+14  0.1120E-41  0.2460E-31  0.4210E-23  0.5400E-17  0.5180E-14  0.2510E-12  0.7600E-12  0.1020E-11  0.1130E-11  0.1190E-11  0.1140E-11  0.9590E-12  0.7500E-12  0.6370E-12
  0.1000E+15  0.1120E-41  0.2460E-31  0.4210E-23  0.5400E-17  0.5180E-14  0.2510E-12  0.7600E-12  0.1020E-11  0.1130E-11  0.1190E-11  0.1140E-11  0.9590E-12  0.7500E-12  0.6370E-12
  0.1000E+16  0.1120E-41  0.2460E-31  0.4210E-23  0.5400E-17  0.5180E-14  0.2510E-12  0.7600E-12  0.1020E-11  0.1130E-11  0.1190E-11  0.1140E-11  0.9590E-12  0.7500E-12  0.6370E-12
  0.1000E+17  0.1120E-41  0.2460E-31  0.4210E-23  0.5400E-17  0.5180E-14  0.2510E-12  0.7600E-12  0.1020E-11  0.1130E-11  0.1190E-11  0.1140E-11  0.9590E-12  0.7500E-12  0.6370E-12
WAVELENGTH(A)= 
    11.382
 7 14 t 
excit   
    56.000     84.000    140.000    280.000    560.000   1400.000   2800.000   4200.000   5600.000   8400.000  14000.000  28000.000  56000.000  84000.000 
  0.1000E+11  0.1620E-40  0.9260E-31  0.5540E-23  0.3360E-17  0.2430E-14  0.1130E-12  0.3620E-12  0.5120E-12  0.5970E-12  0.6830E-12  0.7430E-12  0.7550E-12  0.7150E-12  0.6790E-12
  0.1000E+12  0.1570E-40  0.9260E-31  0.5540E-23  0.3360E-17  0.2430E-14  0.1130E-12  0.3620E-12  0.5120E-12  0.5970E-12  0.6830E-12  0.7430E-12  0.7550E-12  0.7150E-12  0.6790E-12
  0.1000E+13  0.1580E-40  0.9260E-31  0.5540E-23  0.3360E-17  0.2430E-14  0.1130E-12  0.3620E-12  0.5120E-12  0.5970E-12  0.6830E-12  0.7430E-12  0.7550E-12  0.7150E-12  0.6790E-12
  0.1000E+14  0.1580E-40  0.9260E-31  0.5540E-23  0.3360E-17  0.2430E-14  0.1130E-12  0.3620E-12  0.5120E-12  0.5970E-12  0.6830E-12  0.7430E-12  0.7550E-12  0.7150E-12  0.6790E-12
  0.1000E+15  0.1580E-40  0.9260E-31  0.5540E-23  0.3360E-17  0.2430E-14  0.1130E-12  0.3620E-12  0.5120E-12  0.5970E-12  0.6830E-12  0.7430E-12  0.7550E-12  0.7150E-12  0.6790E-12
  0.1000E+16  0.1580E-40  0.9260E-31  0.5540E-23  0.3360E-17  0.2430E-14  0.1130E-12  0.3620E-12  0.5120E-12  0.5970E-12  0.6830E-12  0.7430E-12  0.7550E-12  0.7150E-12  0.6790E-12
  0.1000E+17  0.1580E-40  0.9260E-31  0.5540E-23  0.3360E-17  0.2430E-14  0.1130E-12  0.3620E-12  0.5120E-12  0.5970E-12  0.6830E-12  0.7430E-12  0.7550E-12  0.7150E-12  0.6790E-12
WAVELENGTH(A)= 
    12.283
 7 14 t 
excit   
    56.000     84.000    140.000    280.000    560.000   1400.000   2800.000   4200.000   5600.000   8400.000  14000.000  28000.000  56000.000  84000.000 
  0.1000E+11  0.1000E-73  0.9460E-37  0.1030E-26  0.3030E-19  0.1400E-15  0.1810E-13  0.7990E-13  0.1260E-12  0.1550E-12  0.1890E-12  0.2190E-12  0.2350E-12  0.2320E-12  0.2230E-12
  0.1000E+12  0.1000E-73  0.9460E-37  0.1030E-26  0.3030E-19  0.1400E-15  0.1810E-13  0.7990E-13  0.1260E-12  0.1550E-12  0.1890E-12  0.2190E-12  0.2350E-12  0.2320E-12  0.2230E-12
  0.1000E+13  0.1000E-73  0.9460E-37  0.1030E-26  0.3030E-19  0.1400E-15  0.1810E-13  0.7990E-13  0.1260E-12  0.1550E-12  0.1890E-12  0.2190E-12  0.2350E-12  0.2320E-12  0.2230E-12
  0.1000E+14  0.1000E-73  0.9460E-37  0.1030E-26  0.3030E-19  0.1400E-15  0.1810E-13  0.7990E-13  0.1260E-12  0.1550E-12  0.1890E-12  0.2190E-12  0.2350E-12  0.2320E-12  0.2230E-12
  0.1000E+15  0.1000E-73  0.9460E-37  0.1030E-26  0.3030E-19  0.1400E-15  0.1810E-13  0.7990E-13  0.1260E-12  0.1550E-12  0.1890E-12  0.2190E-12  0.2350E-12  0.2320E-12  0.2230E-12
  0.1000E+16  0.1000E-73  0.9460E-37  0.1030E-26  0.3030E-19  0.1400E-15  0.1810E-13  0.7990E-13  0.1260E-12  0.1550E-12  0.1890E-12  0.2190E-12  0.2350E-12  0.2320E-12  0.2230E-12
  0.1000E+17  0.1000E-73  0.9460E-37  0.1030E-26  0.3030E-19  0.1400E-15  0.1810E-13  0.7990E-13  0.1260E-12  0.1550E-12  0.1890E-12  0.2190E-12  0.2350E-12  0.2320E-12  0.2230E-12
WAVELENGTH(A)= 
    12.364
 7 14 t 
excit   
    56.000     84.000    140.000    280.000    560.000   1400.000   2800.000   4200.000   5600.000   8400.000  14000.000  28000.000  56000.000  84000.000 
  0.1000E+11  0.1060E-40  0.1020E-30  0.9040E-23  0.7180E-17  0.5540E-14  0.2450E-12  0.7410E-12  0.1000E-11  0.1130E-11  0.1220E-11  0.1220E-11  0.1090E-11  0.9080E-12  0.8020E-12
  0.1000E+12  0.1050E-40  0.1020E-30  0.9040E-23  0.7180E-17  0.5540E-14  0.2450E-12  0.7410E-12  0.1000E-11  0.1130E-11  0.1220E-11  0.1220E-11  0.1090E-11  0.9080E-12  0.8020E-12
  0.1000E+13  0.1050E-40  0.1020E-30  0.9040E-23  0.7180E-17  0.5540E-14  0.2450E-12  0.7410E-12  0.1000E-11  0.1130E-11  0.1220E-11  0.1220E-11  0.1090E-11  0.9080E-12  0.8020E-12
  0.1000E+14  0.1050E-40  0.1020E-30  0.9040E-23  0.7180E-17  0.5540E-14  0.2450E-12  0.7410E-12  0.1000E-11  0.1130E-11  0.1220E-11  0.1220E-11  0.1090E-11  0.9080E-12  0.8020E-12
  0.1000E+15  0.1050E-40  0.1020E-30  0.9040E-23  0.7180E-17  0.5540E-14  0.2450E-12  0.7410E-12  0.1000E-11  0.1130E-11  0.1220E-11  0.1220E-11  0.1090E-11  0.9080E-12  0.8020E-12
  0.1000E+16  0.1050E-40  0.1020E-30  0.9040E-23  0.7180E-17  0.5540E-14  0.2450E-12  0.7410E-12  0.1000E-11  0.1130E-11  0.1220E-11  0.1220E-11  0.1090E-11  0.9080E-12  0.8020E-12
  0.1000E+17  0.1050E-40  0.1020E-30  0.9040E-23  0.7180E-17  0.5540E-14  0.2450E-12  0.7410E-12  0.1000E-11  0.1130E-11  0.1220E-11  0.1220E-11  0.1090E-11  0.9080E-12  0.8020E-12
WAVELENGTH(A)= 
    12.367
 7 14 t 
excit   
    56.000     84.000    140.000    280.000    560.000   1400.000   2800.000   4200.000   5600.000   8400.000  14000.000  28000.000  56000.000  84000.000 
  0.1000E+11  0.1000E-73  0.6530E-34  0.5030E-25  0.2040E-18  0.3700E-15  0.2860E-13  0.1100E-12  0.1670E-12  0.2030E-12  0.2480E-12  0.2900E-12  0.3230E-12  0.3310E-12  0.3250E-12
  0.1000E+12  0.1000E-73  0.6530E-34  0.5030E-25  0.2040E-18  0.3700E-15  0.2860E-13  0.1100E-12  0.1670E-12  0.2030E-12  0.2480E-12  0.2900E-12  0.3230E-12  0.3310E-12  0.3250E-12
  0.1000E+13  0.1000E-73  0.6530E-34  0.5030E-25  0.2040E-18  0.3700E-15  0.2860E-13  0.1100E-12  0.1670E-12  0.2030E-12  0.2480E-12  0.2900E-12  0.3230E-12  0.3310E-12  0.3250E-12
  0.1000E+14  0.7030E-45  0.6530E-34  0.5030E-25  0.2040E-18  0.3700E-15  0.2860E-13  0.1100E-12  0.1670E-12  0.2030E-12  0.2480E-12  0.2900E-12  0.3230E-12  0.3310E-12  0.3250E-12
  0.1000E+15  0.4220E-45  0.6530E-34  0.5030E-25  0.2040E-18  0.3700E-15  0.2860E-13  0.1100E-12  0.1670E-12  0.2030E-12  0.2480E-12  0.2900E-12  0.3230E-12  0.3310E-12  0.3250E-12
  0.1000E+16  0.4570E-45  0.6530E-34  0.5030E-25  0.2040E-18  0.3690E-15  0.2860E-13  0.1100E-12  0.1670E-12  0.2030E-12  0.2480E-12  0.2900E-12  0.3230E-12  0.3310E-12  0.3250E-12
  0.1000E+17  0.4560E-45  0.6530E-34  0.5030E-25  0.2040E-18  0.3690E-15  0.2860E-13  0.1100E-12  0.1670E-12  0.2030E-12  0.2480E-12  0.2900E-12  0.3230E-12  0.3310E-12  0.3250E-12
WAVELENGTH(A)= 
    12.770
 7 14 t 
excit   
    56.000     84.000    140.000    280.000    560.000   1400.000   2800.000   4200.000   5600.000   8400.000  14000.000  28000.000  56000.000  84000.000 
  0.1000E+11  0.3250E-42  0.5880E-32  0.7820E-24  0.8440E-18  0.7690E-15  0.3850E-13  0.1270E-12  0.1830E-12  0.2170E-12  0.2560E-12  0.2900E-12  0.3100E-12  0.3050E-12  0.2930E-12
  0.1000E+12  0.3740E-42  0.5880E-32  0.7820E-24  0.8440E-18  0.7690E-15  0.3850E-13  0.1270E-12  0.1830E-12  0.2170E-12  0.2560E-12  0.2900E-12  0.3100E-12  0.3050E-12  0.2930E-12
  0.1000E+13  0.3690E-42  0.5880E-32  0.7820E-24  0.8440E-18  0.7690E-15  0.3850E-13  0.1270E-12  0.1830E-12  0.2170E-12  0.2560E-12  0.2900E-12  0.3100E-12  0.3050E-12  0.2930E-12
  0.1000E+14  0.3700E-42  0.5880E-32  0.7820E-24  0.8440E-18  0.7690E-15  0.3850E-13  0.1270E-12  0.1830E-12  0.2170E-12  0.2560E-12  0.2900E-12  0.3100E-12  0.3050E-12  0.2930E-12
  0.1000E+15  0.3700E-42  0.5880E-32  0.7820E-24  0.8440E-18  0.7690E-15  0.3850E-13  0.1270E-12  0.1830E-12  0.2170E-12  0.2560E-12  0.2900E-12  0.3100E-12  0.3050E-12  0.2930E-12
  0.1000E+16  0.3700E-42  0.5880E-32  0.7820E-24  0.8440E-18  0.7690E-15  0.3850E-13  0.1270E-12  0.1830E-12  0.2170E-12  0.2560E-12  0.2900E-12  0.3100E-12  0.3050E-12  0.2930E-12
  0.1000E+17  0.3700E-42  0.5880E-32  0.7820E-24  0.8440E-18  0.7690E-15  0.3850E-13  0.1270E-12  0.1830E-12  0.2170E-12  0.2560E-12  0.2900E-12  0.3100E-12  0.3050E-12  0.2930E-12
WAVELENGTH(A)= 
    17.672
 7 14 t 
excit   
    56.000     84.000    140.000    280.000    560.000   1400.000   2800.000   4200.000   5600.000   8400.000  14000.000  28000.000  56000.000  84000.000 
  0.1000E+11  0.1000E-73  0.1210E-34  0.2020E-25  0.1450E-18  0.3330E-15  0.2730E-13  0.9980E-13  0.1430E-12  0.1650E-12  0.1820E-12  0.1830E-12  0.1620E-12  0.1320E-12  0.1150E-12
  0.1000E+12  0.1000E-73  0.1210E-34  0.2020E-25  0.1450E-18  0.3330E-15  0.2730E-13  0.9980E-13  0.1430E-12  0.1650E-12  0.1820E-12  0.1830E-12  0.1620E-12  0.1320E-12  0.1150E-12
  0.1000E+13  0.1000E-73  0.1210E-34  0.2020E-25  0.1450E-18  0.3330E-15  0.2730E-13  0.9980E-13  0.1430E-12  0.1650E-12  0.1820E-12  0.1830E-12  0.1620E-12  0.1320E-12  0.1150E-12
  0.1000E+14  0.1000E-73  0.1210E-34  0.2020E-25  0.1450E-18  0.3330E-15  0.2730E-13  0.9980E-13  0.1430E-12  0.1650E-12  0.1820E-12  0.1830E-12  0.1620E-12  0.1320E-12  0.1150E-12
  0.1000E+15  0.2680E-46  0.1210E-34  0.2020E-25  0.1450E-18  0.3330E-15  0.2730E-13  0.9980E-13  0.1430E-12  0.1650E-12  0.1820E-12  0.1830E-12  0.1620E-12  0.1320E-12  0.1150E-12
  0.1000E+16  0.3210E-46  0.1210E-34  0.2020E-25  0.1450E-18  0.3330E-15  0.2730E-13  0.9980E-13  0.1430E-12  0.1650E-12  0.1820E-12  0.1830E-12  0.1620E-12  0.1320E-12  0.1150E-12
  0.1000E+17  0.3190E-46  0.1210E-34  0.2020E-25  0.1450E-18  0.3330E-15  0.2730E-13  0.9980E-13  0.1430E-12  0.1650E-12  0.1820E-12  0.1830E-12  0.1620E-12  0.1320E-12  0.1150E-12
WAVELENGTH(A)= 
    18.682
 7 14 t 
excit   
    56.000     84.000    140.000    280.000    560.000   1400.000   2800.000   4200.000   5600.000   8400.000  14000.000  28000.000  56000.000  84000.000 
  0.1000E+11  0.1000E-73  0.1830E-37  0.3300E-27  0.1400E-19  0.7720E-16  0.1070E-13  0.4650E-13  0.7040E-13  0.8360E-13  0.9480E-13  0.9740E-13  0.8760E-13  0.7170E-13  0.6220E-13
  0.1000E+12  0.1000E-73  0.1830E-37  0.3300E-27  0.1400E-19  0.7720E-16  0.1070E-13  0.4650E-13  0.7040E-13  0.8360E-13  0.9480E-13  0.9740E-13  0.8760E-13  0.7170E-13  0.6220E-13
  0.1000E+13  0.1000E-73  0.1830E-37  0.3300E-27  0.1400E-19  0.7720E-16  0.1070E-13  0.4650E-13  0.7040E-13  0.8360E-13  0.9480E-13  0.9740E-13  0.8760E-13  0.7170E-13  0.6220E-13
  0.1000E+14  0.1000E-73  0.1830E-37  0.3300E-27  0.1400E-19  0.7720E-16  0.1070E-13  0.4650E-13  0.7040E-13  0.8360E-13  0.9480E-13  0.9740E-13  0.8760E-13  0.7170E-13  0.6220E-13
  0.1000E+15  0.1000E-73  0.1830E-37  0.3300E-27  0.1400E-19  0.7720E-16  0.1070E-13  0.4650E-13  0.7040E-13  0.8360E-13  0.9480E-13  0.9740E-13  0.8760E-13  0.7170E-13  0.6220E-13
  0.1000E+16  0.1000E-73  0.1830E-37  0.3300E-27  0.1400E-19  0.7720E-16  0.1070E-13  0.4650E-13  0.7040E-13  0.8360E-13  0.9480E-13  0.9740E-13  0.8760E-13  0.7170E-13  0.6220E-13
  0.1000E+17  0.1000E-73  0.1830E-37  0.3300E-27  0.1400E-19  0.7720E-16  0.1070E-13  0.4650E-13  0.7040E-13  0.8360E-13  0.9480E-13  0.9740E-13  0.8760E-13  0.7170E-13  0.6220E-13
WAVELENGTH(A)= 
    18.684
 7 14 t 
excit   
    56.000     84.000    140.000    280.000    560.000   1400.000   2800.000   4200.000   5600.000   8400.000  14000.000  28000.000  56000.000  84000.000 
  0.1000E+11  0.1000E-73  0.1070E-34  0.2260E-25  0.1960E-18  0.5010E-15  0.4530E-13  0.1780E-12  0.2710E-12  0.3290E-12  0.3960E-12  0.4510E-12  0.4820E-12  0.4740E-12  0.4560E-12
  0.1000E+12  0.1000E-73  0.1070E-34  0.2260E-25  0.1960E-18  0.5010E-15  0.4530E-13  0.1780E-12  0.2710E-12  0.3290E-12  0.3960E-12  0.4510E-12  0.4820E-12  0.4740E-12  0.4560E-12
  0.1000E+13  0.1000E-73  0.1070E-34  0.2260E-25  0.1960E-18  0.5010E-15  0.4530E-13  0.1780E-12  0.2710E-12  0.3290E-12  0.3960E-12  0.4510E-12  0.4820E-12  0.4740E-12  0.4560E-12
  0.1000E+14  0.1000E-73  0.1070E-34  0.2260E-25  0.1960E-18  0.5010E-15  0.4530E-13  0.1780E-12  0.2710E-12  0.3290E-12  0.3960E-12  0.4510E-12  0.4820E-12  0.4740E-12  0.4560E-12
  0.1000E+15  0.1000E-73  0.1070E-34  0.2260E-25  0.1960E-18  0.5010E-15  0.4530E-13  0.1780E-12  0.2710E-12  0.3290E-12  0.3960E-12  0.4510E-12  0.4820E-12  0.4740E-12  0.4560E-12
  0.1000E+16  0.2100E-46  0.1070E-34  0.2260E-25  0.1960E-18  0.5010E-15  0.4530E-13  0.1780E-12  0.2710E-12  0.3290E-12  0.3960E-12  0.4510E-12  0.4820E-12  0.4740E-12  0.4560E-12
  0.1000E+17  0.2100E-46  0.1070E-34  0.2260E-25  0.1960E-18  0.5010E-15  0.4530E-13  0.1780E-12  0.2710E-12  0.3290E-12  0.3960E-12  0.4510E-12  0.4820E-12  0.4740E-12  0.4560E-12
WAVELENGTH(A)= 
    20.314
 7 14 t 
excit   
    56.000     84.000    140.000    280.000    560.000   1400.000   2800.000   4200.000   5600.000   8400.000  14000.000  28000.000  56000.000  84000.000 
  0.1000E+11  0.1000E-73  0.4880E-35  0.1180E-25  0.1110E-18  0.2860E-15  0.2500E-13  0.9200E-13  0.1310E-12  0.1500E-12  0.1620E-12  0.1580E-12  0.1340E-12  0.1050E-12  0.8880E-13
  0.1000E+12  0.1000E-73  0.4880E-35  0.1180E-25  0.1110E-18  0.2860E-15  0.2500E-13  0.9200E-13  0.1310E-12  0.1500E-12  0.1620E-12  0.1580E-12  0.1340E-12  0.1050E-12  0.8880E-13
  0.1000E+13  0.1000E-73  0.4880E-35  0.1180E-25  0.1110E-18  0.2860E-15  0.2500E-13  0.9200E-13  0.1310E-12  0.1500E-12  0.1620E-12  0.1580E-12  0.1340E-12  0.1050E-12  0.8880E-13
  0.1000E+14  0.1000E-73  0.4880E-35  0.1180E-25  0.1110E-18  0.2860E-15  0.2500E-13  0.9200E-13  0.1310E-12  0.1500E-12  0.1620E-12  0.1580E-12  0.1340E-12  0.1050E-12  0.8880E-13
  0.1000E+15  0.1000E-73  0.4880E-35  0.1180E-25  0.1110E-18  0.2860E-15  0.2500E-13  0.9200E-13  0.1310E-12  0.1500E-12  0.1620E-12  0.1580E-12  0.1340E-12  0.1050E-12  0.8880E-13
  0.1000E+16  0.1010E-46  0.4880E-35  0.1180E-25  0.1110E-18  0.2860E-15  0.2500E-13  0.9200E-13  0.1310E-12  0.1500E-12  0.1620E-12  0.1580E-12  0.1340E-12  0.1050E-12  0.8880E-13
  0.1000E+17  0.8110E-47  0.4880E-35  0.1180E-25  0.1110E-18  0.2860E-15  0.2500E-13  0.9200E-13  0.1310E-12  0.1500E-12  0.1620E-12  0.1580E-12  0.1340E-12  0.1050E-12  0.8880E-13
WAVELENGTH(A)= 
    21.812
 7 14 t 
excit   
    56.000     84.000    140.000    280.000    560.000   1400.000   2800.000   4200.000   5600.000   8400.000  14000.000  28000.000  56000.000  84000.000 
  0.1000E+11  0.1000E-73  0.7260E-35  0.9830E-26  0.6180E-19  0.1370E-15  0.1140E-13  0.4320E-13  0.6400E-13  0.7670E-13  0.8990E-13  0.1000E-12  0.1040E-12  0.1000E-12  0.9580E-13
  0.1000E+12  0.1000E-73  0.7260E-35  0.9830E-26  0.6180E-19  0.1370E-15  0.1140E-13  0.4320E-13  0.6400E-13  0.7670E-13  0.8990E-13  0.1000E-12  0.1040E-12  0.1000E-12  0.9580E-13
  0.1000E+13  0.1000E-73  0.7260E-35  0.9830E-26  0.6180E-19  0.1370E-15  0.1140E-13  0.4320E-13  0.6400E-13  0.7670E-13  0.8990E-13  0.1000E-12  0.1040E-12  0.1000E-12  0.9580E-13
  0.1000E+14  0.1000E-73  0.7260E-35  0.9830E-26  0.6180E-19  0.1370E-15  0.1140E-13  0.4320E-13  0.6400E-13  0.7670E-13  0.8990E-13  0.1000E-12  0.1040E-12  0.1000E-12  0.9580E-13
  0.1000E+15  0.1000E-73  0.7260E-35  0.9830E-26  0.6180E-19  0.1370E-15  0.1140E-13  0.4320E-13  0.6400E-13  0.7670E-13  0.8990E-13  0.1000E-12  0.1040E-12  0.1000E-12  0.9580E-13
  0.1000E+16  0.2670E-46  0.7260E-35  0.9830E-26  0.6180E-19  0.1370E-15  0.1140E-13  0.4320E-13  0.6400E-13  0.7670E-13  0.8990E-13  0.1000E-12  0.1040E-12  0.1000E-12  0.9580E-13
  0.1000E+17  0.2500E-46  0.7260E-35  0.9830E-26  0.6180E-19  0.1370E-15  0.1140E-13  0.4320E-13  0.6400E-13  0.7670E-13  0.8990E-13  0.1000E-12  0.1040E-12  0.1000E-12  0.9580E-13
WAVELENGTH(A)= 
    23.265
 7 14 t 
excit   
    56.000     84.000    140.000    280.000    560.000   1400.000   2800.000   4200.000   5600.000   8400.000  14000.000  28000.000  56000.000  84000.000 
  0.1000E+11  0.1000E-73  0.1480E-34  0.2490E-25  0.1790E-18  0.4090E-15  0.3360E-13  0.1230E-12  0.1760E-12  0.2030E-12  0.2240E-12  0.2250E-12  0.1990E-12  0.1630E-12  0.1420E-12
  0.1000E+12  0.1000E-73  0.1480E-34  0.2490E-25  0.1790E-18  0.4090E-15  0.3360E-13  0.1230E-12  0.1760E-12  0.2030E-12  0.2240E-12  0.2250E-12  0.1990E-12  0.1630E-12  0.1420E-12
  0.1000E+13  0.1000E-73  0.1480E-34  0.2490E-25  0.1790E-18  0.4090E-15  0.3360E-13  0.1230E-12  0.1760E-12  0.2030E-12  0.2240E-12  0.2250E-12  0.1990E-12  0.1630E-12  0.1420E-12
  0.1000E+14  0.1000E-73  0.1480E-34  0.2490E-25  0.1790E-18  0.4090E-15  0.3360E-13  0.1230E-12  0.1760E-12  0.2030E-12  0.2240E-12  0.2250E-12  0.1990E-12  0.1630E-12  0.1420E-12
  0.1000E+15  0.3290E-46  0.1480E-34  0.2490E-25  0.1790E-18  0.4090E-15  0.3360E-13  0.1230E-12  0.1760E-12  0.2030E-12  0.2240E-12  0.2250E-12  0.1990E-12  0.1630E-12  0.1420E-12
  0.1000E+16  0.3950E-46  0.1480E-34  0.2490E-25  0.1790E-18  0.4090E-15  0.3360E-13  0.1230E-12  0.1760E-12  0.2030E-12  0.2240E-12  0.2250E-12  0.1990E-12  0.1630E-12  0.1420E-12
  0.1000E+17  0.3920E-46  0.1480E-34  0.2490E-25  0.1790E-18  0.4090E-15  0.3360E-13  0.1230E-12  0.1760E-12  0.2030E-12  0.2240E-12  0.2250E-12  0.1990E-12  0.1630E-12  0.1420E-12
WAVELENGTH(A)= 
    23.593
 7 14 t 
excit   
    56.000     84.000    140.000    280.000    560.000   1400.000   2800.000   4200.000   5600.000   8400.000  14000.000  28000.000  56000.000  84000.000 
  0.1000E+11  0.1000E-73  0.2350E-35  0.4960E-26  0.4310E-19  0.1100E-15  0.9950E-14  0.3920E-13  0.5940E-13  0.7230E-13  0.8690E-13  0.9900E-13  0.1060E-12  0.1040E-12  0.1000E-12
  0.1000E+12  0.1000E-73  0.2350E-35  0.4960E-26  0.4310E-19  0.1100E-15  0.9950E-14  0.3920E-13  0.5940E-13  0.7230E-13  0.8690E-13  0.9900E-13  0.1060E-12  0.1040E-12  0.1000E-12
  0.1000E+13  0.1000E-73  0.2350E-35  0.4960E-26  0.4310E-19  0.1100E-15  0.9950E-14  0.3920E-13  0.5940E-13  0.7230E-13  0.8690E-13  0.9900E-13  0.1060E-12  0.1040E-12  0.1000E-12
  0.1000E+14  0.1000E-73  0.2350E-35  0.4960E-26  0.4310E-19  0.1100E-15  0.9950E-14  0.3920E-13  0.5940E-13  0.7230E-13  0.8690E-13  0.9900E-13  0.1060E-12  0.1040E-12  0.1000E-12
  0.1000E+15  0.1000E-73  0.2350E-35  0.4960E-26  0.4310E-19  0.1100E-15  0.9950E-14  0.3920E-13  0.5940E-13  0.7230E-13  0.8690E-13  0.9900E-13  0.1060E-12  0.1040E-12  0.1000E-12
  0.1000E+16  0.4610E-47  0.2350E-35  0.4960E-26  0.4310E-19  0.1100E-15  0.9950E-14  0.3920E-13  0.5940E-13  0.7230E-13  0.8690E-13  0.9900E-13  0.1060E-12  0.1040E-12  0.1000E-12
  0.1000E+17  0.4610E-47  0.2350E-35  0.4960E-26  0.4310E-19  0.1100E-15  0.9950E-14  0.3920E-13  0.5940E-13  0.7230E-13  0.8690E-13  0.9900E-13  0.1060E-12  0.1040E-12  0.1000E-12
WAVELENGTH(A)= 
    27.407
 7 14 t 
excit   
    56.000     84.000    140.000    280.000    560.000   1400.000   2800.000   4200.000   5600.000   8400.000  14000.000  28000.000  56000.000  84000.000 
  0.1000E+11  0.1000E-73  0.1650E-37  0.2980E-27  0.1260E-19  0.6960E-16  0.9640E-14  0.4190E-13  0.6340E-13  0.7540E-13  0.8550E-13  0.8780E-13  0.7900E-13  0.6460E-13  0.5610E-13
  0.1000E+12  0.1000E-73  0.1650E-37  0.2980E-27  0.1260E-19  0.6960E-16  0.9640E-14  0.4190E-13  0.6340E-13  0.7540E-13  0.8550E-13  0.8780E-13  0.7900E-13  0.6460E-13  0.5610E-13
  0.1000E+13  0.1000E-73  0.1650E-37  0.2980E-27  0.1260E-19  0.6960E-16  0.9640E-14  0.4190E-13  0.6340E-13  0.7540E-13  0.8550E-13  0.8780E-13  0.7900E-13  0.6460E-13  0.5610E-13
  0.1000E+14  0.1000E-73  0.1650E-37  0.2980E-27  0.1260E-19  0.6960E-16  0.9640E-14  0.4190E-13  0.6340E-13  0.7540E-13  0.8550E-13  0.8780E-13  0.7900E-13  0.6460E-13  0.5610E-13
  0.1000E+15  0.1000E-73  0.1650E-37  0.2980E-27  0.1260E-19  0.6960E-16  0.9640E-14  0.4190E-13  0.6340E-13  0.7540E-13  0.8550E-13  0.8780E-13  0.7900E-13  0.6460E-13  0.5610E-13
  0.1000E+16  0.1000E-73  0.1650E-37  0.2980E-27  0.1260E-19  0.6960E-16  0.9640E-14  0.4190E-13  0.6340E-13  0.7540E-13  0.8550E-13  0.8780E-13  0.7900E-13  0.6460E-13  0.5610E-13
  0.1000E+17  0.1000E-73  0.1650E-37  0.2980E-27  0.1260E-19  0.6960E-16  0.9640E-14  0.4190E-13  0.6340E-13  0.7540E-13  0.8550E-13  0.8780E-13  0.7900E-13  0.6460E-13  0.5610E-13
WAVELENGTH(A)= 
    30.026
 7 14 t 
excit   
    56.000     84.000    140.000    280.000    560.000   1400.000   2800.000   4200.000   5600.000   8400.000  14000.000  28000.000  56000.000  84000.000 
  0.1000E+11  0.2560E-11  0.2450E-10  0.1380E-09  0.4380E-09  0.6850E-09  0.7760E-09  0.7390E-09  0.6940E-09  0.6560E-09  0.5980E-09  0.5240E-09  0.4250E-09  0.3390E-09  0.2940E-09
  0.1000E+12  0.2560E-11  0.2450E-10  0.1380E-09  0.4380E-09  0.6850E-09  0.7760E-09  0.7390E-09  0.6940E-09  0.6560E-09  0.5980E-09  0.5240E-09  0.4250E-09  0.3390E-09  0.2940E-09
  0.1000E+13  0.2560E-11  0.2450E-10  0.1380E-09  0.4380E-09  0.6850E-09  0.7760E-09  0.7390E-09  0.6940E-09  0.6560E-09  0.5980E-09  0.5240E-09  0.4250E-09  0.3390E-09  0.2940E-09
  0.1000E+14  0.2560E-11  0.2450E-10  0.1380E-09  0.4380E-09  0.6850E-09  0.7760E-09  0.7390E-09  0.6940E-09  0.6560E-09  0.5980E-09  0.5240E-09  0.4250E-09  0.3390E-09  0.2940E-09
  0.1000E+15  0.2560E-11  0.2450E-10  0.1380E-09  0.4380E-09  0.6850E-09  0.7760E-09  0.7390E-09  0.6940E-09  0.6560E-09  0.5980E-09  0.5240E-09  0.4250E-09  0.3390E-09  0.2940E-09
  0.1000E+16  0.2560E-11  0.2450E-10  0.1380E-09  0.4380E-09  0.6850E-09  0.7760E-09  0.7390E-09  0.6940E-09  0.6560E-09  0.5980E-09  0.5240E-09  0.4250E-09  0.3390E-09  0.2940E-09
  0.1000E+17  0.2560E-11  0.2450E-10  0.1380E-09  0.4380E-09  0.6850E-09  0.7760E-09  0.7390E-09  0.6940E-09  0.6560E-09  0.5980E-09  0.5240E-09  0.4250E-09  0.3390E-09  0.2940E-09
WAVELENGTH(A)= 
    31.560
 7 14 t 
excit   
    56.000     84.000    140.000    280.000    560.000   1400.000   2800.000   4200.000   5600.000   8400.000  14000.000  28000.000  56000.000  84000.000 
  0.1000E+11  0.1000E-73  0.4440E-37  0.4830E-27  0.1420E-19  0.6580E-16  0.8520E-14  0.3750E-13  0.5910E-13  0.7280E-13  0.8880E-13  0.1030E-12  0.1100E-12  0.1090E-12  0.1050E-12
  0.1000E+12  0.1000E-73  0.4440E-37  0.4830E-27  0.1420E-19  0.6580E-16  0.8520E-14  0.3750E-13  0.5910E-13  0.7280E-13  0.8880E-13  0.1030E-12  0.1100E-12  0.1090E-12  0.1050E-12
  0.1000E+13  0.1000E-73  0.4440E-37  0.4830E-27  0.1420E-19  0.6580E-16  0.8520E-14  0.3750E-13  0.5910E-13  0.7280E-13  0.8880E-13  0.1030E-12  0.1100E-12  0.1090E-12  0.1050E-12
  0.1000E+14  0.1000E-73  0.4440E-37  0.4830E-27  0.1420E-19  0.6580E-16  0.8520E-14  0.3750E-13  0.5910E-13  0.7280E-13  0.8880E-13  0.1030E-12  0.1100E-12  0.1090E-12  0.1050E-12
  0.1000E+15  0.1000E-73  0.4440E-37  0.4830E-27  0.1420E-19  0.6580E-16  0.8520E-14  0.3750E-13  0.5910E-13  0.7280E-13  0.8880E-13  0.1030E-12  0.1100E-12  0.1090E-12  0.1050E-12
  0.1000E+16  0.1000E-73  0.4440E-37  0.4830E-27  0.1420E-19  0.6580E-16  0.8520E-14  0.3750E-13  0.5910E-13  0.7280E-13  0.8880E-13  0.1030E-12  0.1100E-12  0.1090E-12  0.1050E-12
  0.1000E+17  0.1000E-73  0.4440E-37  0.4830E-27  0.1420E-19  0.6580E-16  0.8520E-14  0.3750E-13  0.5910E-13  0.7270E-13  0.8880E-13  0.1030E-12  0.1100E-12  0.1090E-12  0.1050E-12
WAVELENGTH(A)= 
    72.002
 7 14 t 
excit   
    56.000     84.000    140.000    280.000    560.000   1400.000   2800.000   4200.000   5600.000   8400.000  14000.000  28000.000  56000.000  84000.000 
  0.1000E+11  0.4120E-32  0.3670E-25  0.1220E-19  0.1450E-15  0.1360E-13  0.1750E-12  0.3650E-12  0.4410E-12  0.4720E-12  0.4880E-12  0.4740E-12  0.4220E-12  0.3550E-12  0.3170E-12
  0.1000E+12  0.4120E-32  0.3670E-25  0.1220E-19  0.1450E-15  0.1360E-13  0.1750E-12  0.3650E-12  0.4410E-12  0.4720E-12  0.4880E-12  0.4740E-12  0.4220E-12  0.3550E-12  0.3170E-12
  0.1000E+13  0.4120E-32  0.3670E-25  0.1220E-19  0.1450E-15  0.1360E-13  0.1750E-12  0.3650E-12  0.4410E-12  0.4720E-12  0.4880E-12  0.4740E-12  0.4220E-12  0.3550E-12  0.3170E-12
  0.1000E+14  0.4120E-32  0.3670E-25  0.1220E-19  0.1450E-15  0.1360E-13  0.1750E-12  0.3650E-12  0.4410E-12  0.4720E-12  0.4880E-12  0.4740E-12  0.4220E-12  0.3550E-12  0.3170E-12
  0.1000E+15  0.4120E-32  0.3670E-25  0.1220E-19  0.1450E-15  0.1360E-13  0.1750E-12  0.3650E-12  0.4410E-12  0.4720E-12  0.4880E-12  0.4740E-12  0.4220E-12  0.3550E-12  0.3170E-12
  0.1000E+16  0.4120E-32  0.3670E-25  0.1220E-19  0.1450E-15  0.1360E-13  0.1750E-12  0.3650E-12  0.4410E-12  0.4720E-12  0.4880E-12  0.4740E-12  0.4220E-12  0.3550E-12  0.3170E-12
  0.1000E+17  0.4120E-32  0.3670E-25  0.1220E-19  0.1450E-15  0.1360E-13  0.1750E-12  0.3650E-12  0.4410E-12  0.4720E-12  0.4880E-12  0.4740E-12  0.4220E-12  0.3550E-12  0.3170E-12
WAVELENGTH(A)= 
    72.067
 7 14 t 
excit   
    56.000     84.000    140.000    280.000    560.000   1400.000   2800.000   4200.000   5600.000   8400.000  14000.000  28000.000  56000.000  84000.000 
  0.1000E+11  0.4020E-36  0.1470E-27  0.9520E-21  0.1050E-15  0.2970E-13  0.7140E-12  0.1780E-11  0.2280E-11  0.2510E-11  0.2660E-11  0.2630E-11  0.2330E-11  0.1930E-11  0.1690E-11
  0.1000E+12  0.4020E-36  0.1470E-27  0.9520E-21  0.1050E-15  0.2970E-13  0.7140E-12  0.1780E-11  0.2280E-11  0.2510E-11  0.2660E-11  0.2630E-11  0.2330E-11  0.1930E-11  0.1690E-11
  0.1000E+13  0.4020E-36  0.1470E-27  0.9520E-21  0.1050E-15  0.2970E-13  0.7140E-12  0.1780E-11  0.2280E-11  0.2510E-11  0.2660E-11  0.2630E-11  0.2330E-11  0.1930E-11  0.1690E-11
  0.1000E+14  0.4020E-36  0.1470E-27  0.9520E-21  0.1050E-15  0.2970E-13  0.7140E-12  0.1780E-11  0.2280E-11  0.2510E-11  0.2660E-11  0.2630E-11  0.2330E-11  0.1930E-11  0.1690E-11
  0.1000E+15  0.4020E-36  0.1470E-27  0.9520E-21  0.1050E-15  0.2970E-13  0.7140E-12  0.1780E-11  0.2280E-11  0.2510E-11  0.2660E-11  0.2630E-11  0.2330E-11  0.1930E-11  0.1690E-11
  0.1000E+16  0.4020E-36  0.1470E-27  0.9520E-21  0.1050E-15  0.2970E-13  0.7140E-12  0.1780E-11  0.2280E-11  0.2510E-11  0.2660E-11  0.2630E-11  0.2330E-11  0.1930E-11  0.1690E-11
  0.1000E+17  0.4020E-36  0.1470E-27  0.9520E-21  0.1050E-15  0.2970E-13  0.7140E-12  0.1780E-11  0.2280E-11  0.2510E-11  0.2660E-11  0.2630E-11  0.2330E-11  0.1930E-11  0.1690E-11
WAVELENGTH(A)= 
    72.255
 7 14 t 
excit   
    56.000     84.000    140.000    280.000    560.000   1400.000   2800.000   4200.000   5600.000   8400.000  14000.000  28000.000  56000.000  84000.000 
  0.1000E+11  0.1050E-33  0.2610E-26  0.1960E-20  0.4320E-16  0.5690E-14  0.9520E-13  0.2310E-12  0.3080E-12  0.3550E-12  0.4100E-12  0.4590E-12  0.4900E-12  0.4840E-12  0.4680E-12
  0.1000E+12  0.1050E-33  0.2610E-26  0.1960E-20  0.4320E-16  0.5690E-14  0.9520E-13  0.2310E-12  0.3080E-12  0.3550E-12  0.4100E-12  0.4590E-12  0.4900E-12  0.4840E-12  0.4680E-12
  0.1000E+13  0.1050E-33  0.2610E-26  0.1960E-20  0.4320E-16  0.5690E-14  0.9520E-13  0.2310E-12  0.3080E-12  0.3550E-12  0.4100E-12  0.4590E-12  0.4900E-12  0.4840E-12  0.4680E-12
  0.1000E+14  0.1050E-33  0.2610E-26  0.1960E-20  0.4320E-16  0.5690E-14  0.9520E-13  0.2310E-12  0.3080E-12  0.3550E-12  0.4100E-12  0.4590E-12  0.4900E-12  0.4840E-12  0.4680E-12
  0.1000E+15  0.1050E-33  0.2610E-26  0.1960E-20  0.4320E-16  0.5690E-14  0.9520E-13  0.2310E-12  0.3080E-12  0.3550E-12  0.4100E-12  0.4590E-12  0.4900E-12  0.4840E-12  0.4680E-12
  0.1000E+16  0.1050E-33  0.2610E-26  0.1960E-20  0.4320E-16  0.5690E-14  0.9520E-13  0.2310E-12  0.3080E-12  0.3550E-12  0.4100E-12  0.4590E-12  0.4900E-12  0.4840E-12  0.4680E-12
  0.1000E+17  0.1050E-33  0.2610E-26  0.1960E-20  0.4320E-16  0.5690E-14  0.9520E-13  0.2310E-12  0.3080E-12  0.3550E-12  0.4100E-12  0.4590E-12  0.4900E-12  0.4840E-12  0.4680E-12
