 50  7 14
WAVELENGTH(A)= 
    12.157
 7 14 t 
excit   
    24.900     37.300     62.200    124.000    249.000    622.000   1240.000   1870.000   2490.000   3730.000   6220.000  12400.000  24900.000  37300.000 
  0.1000E+11  0.6100E-28  0.4290E-22  0.1890E-17  0.5110E-14  0.2340E-12  0.2010E-11  0.3890E-11  0.4810E-11  0.5350E-11  0.5950E-11  0.6450E-11  0.6630E-11  0.6380E-11  0.6110E-11
  0.1000E+12  0.6100E-28  0.4290E-22  0.1890E-17  0.5110E-14  0.2340E-12  0.2010E-11  0.3890E-11  0.4810E-11  0.5350E-11  0.5950E-11  0.6450E-11  0.6630E-11  0.6380E-11  0.6110E-11
  0.1000E+13  0.6100E-28  0.4290E-22  0.1890E-17  0.5110E-14  0.2340E-12  0.2010E-11  0.3890E-11  0.4810E-11  0.5350E-11  0.5950E-11  0.6450E-11  0.6630E-11  0.6380E-11  0.6100E-11
  0.1000E+14  0.6100E-28  0.4290E-22  0.1890E-17  0.5110E-14  0.2340E-12  0.2010E-11  0.3880E-11  0.4800E-11  0.5350E-11  0.5950E-11  0.6450E-11  0.6630E-11  0.6380E-11  0.6100E-11
  0.1000E+15  0.6100E-28  0.4290E-22  0.1890E-17  0.5100E-14  0.2340E-12  0.2010E-11  0.3870E-11  0.4790E-11  0.5330E-11  0.5940E-11  0.6430E-11  0.6620E-11  0.6370E-11  0.6100E-11
  0.1000E+16  0.6100E-28  0.4290E-22  0.1890E-17  0.5090E-14  0.2310E-12  0.1970E-11  0.3800E-11  0.4700E-11  0.5230E-11  0.5830E-11  0.6330E-11  0.6530E-11  0.6300E-11  0.6040E-11
  0.1000E+17  0.6100E-28  0.4290E-22  0.1890E-17  0.5040E-14  0.2260E-12  0.1900E-11  0.3640E-11  0.4510E-11  0.5020E-11  0.5610E-11  0.6100E-11  0.6310E-11  0.6110E-11  0.5870E-11
WAVELENGTH(A)= 
    14.942
 7 14 t 
excit   
    24.900     37.300     62.200    124.000    249.000    622.000   1240.000   1870.000   2490.000   3730.000   6220.000  12400.000  24900.000  37300.000 
  0.1000E+11  0.1580E-24  0.8670E-20  0.4930E-16  0.2800E-13  0.5800E-12  0.3080E-11  0.5210E-11  0.6290E-11  0.7010E-11  0.7940E-11  0.8930E-11  0.9730E-11  0.9810E-11  0.9610E-11
  0.1000E+12  0.1580E-24  0.8670E-20  0.4930E-16  0.2800E-13  0.5800E-12  0.3080E-11  0.5210E-11  0.6290E-11  0.7010E-11  0.7940E-11  0.8930E-11  0.9730E-11  0.9810E-11  0.9610E-11
  0.1000E+13  0.1580E-24  0.8670E-20  0.4930E-16  0.2800E-13  0.5800E-12  0.3080E-11  0.5210E-11  0.6290E-11  0.7010E-11  0.7940E-11  0.8930E-11  0.9730E-11  0.9810E-11  0.9610E-11
  0.1000E+14  0.1580E-24  0.8670E-20  0.4930E-16  0.2800E-13  0.5800E-12  0.3080E-11  0.5210E-11  0.6290E-11  0.7010E-11  0.7940E-11  0.8930E-11  0.9730E-11  0.9810E-11  0.9610E-11
  0.1000E+15  0.1580E-24  0.8670E-20  0.4930E-16  0.2800E-13  0.5790E-12  0.3070E-11  0.5190E-11  0.6260E-11  0.6990E-11  0.7920E-11  0.8900E-11  0.9710E-11  0.9800E-11  0.9600E-11
  0.1000E+16  0.1580E-24  0.8670E-20  0.4930E-16  0.2790E-13  0.5730E-12  0.3020E-11  0.5090E-11  0.6150E-11  0.6860E-11  0.7780E-11  0.8770E-11  0.9580E-11  0.9690E-11  0.9510E-11
  0.1000E+17  0.1580E-24  0.8680E-20  0.4930E-16  0.2770E-13  0.5620E-12  0.2910E-11  0.4890E-11  0.5910E-11  0.6590E-11  0.7490E-11  0.8450E-11  0.9270E-11  0.9410E-11  0.9240E-11
WAVELENGTH(A)= 
    14.967
 7 14 t 
excit   
    24.900     37.300     62.200    124.000    249.000    622.000   1240.000   1870.000   2490.000   3730.000   6220.000  12400.000  24900.000  37300.000 
  0.1000E+11  0.1150E-24  0.6190E-20  0.3480E-16  0.1950E-13  0.4040E-12  0.2140E-11  0.3610E-11  0.4360E-11  0.4850E-11  0.5490E-11  0.6150E-11  0.6680E-11  0.6740E-11  0.6590E-11
  0.1000E+12  0.1150E-24  0.6190E-20  0.3480E-16  0.1950E-13  0.4040E-12  0.2140E-11  0.3610E-11  0.4360E-11  0.4850E-11  0.5490E-11  0.6150E-11  0.6680E-11  0.6740E-11  0.6590E-11
  0.1000E+13  0.1150E-24  0.6190E-20  0.3480E-16  0.1950E-13  0.4040E-12  0.2140E-11  0.3610E-11  0.4360E-11  0.4850E-11  0.5490E-11  0.6150E-11  0.6680E-11  0.6740E-11  0.6590E-11
  0.1000E+14  0.1150E-24  0.6190E-20  0.3480E-16  0.1950E-13  0.4040E-12  0.2140E-11  0.3610E-11  0.4360E-11  0.4850E-11  0.5490E-11  0.6150E-11  0.6680E-11  0.6740E-11  0.6580E-11
  0.1000E+15  0.1150E-24  0.6190E-20  0.3480E-16  0.1950E-13  0.4030E-12  0.2130E-11  0.3600E-11  0.4340E-11  0.4830E-11  0.5470E-11  0.6140E-11  0.6670E-11  0.6730E-11  0.6580E-11
  0.1000E+16  0.1150E-24  0.6190E-20  0.3480E-16  0.1940E-13  0.3990E-12  0.2100E-11  0.3530E-11  0.4260E-11  0.4740E-11  0.5380E-11  0.6040E-11  0.6590E-11  0.6660E-11  0.6520E-11
  0.1000E+17  0.1150E-24  0.6190E-20  0.3470E-16  0.1930E-13  0.3900E-12  0.2020E-11  0.3390E-11  0.4090E-11  0.4560E-11  0.5170E-11  0.5820E-11  0.6370E-11  0.6460E-11  0.6330E-11
WAVELENGTH(A)= 
    16.660
 7 14 t 
excit   
    24.900     37.300     62.200    124.000    249.000    622.000   1240.000   1870.000   2490.000   3730.000   6220.000  12400.000  24900.000  37300.000 
  0.1000E+11  0.1130E-22  0.1980E-18  0.4550E-15  0.1370E-12  0.2240E-11  0.1140E-10  0.1940E-10  0.2340E-10  0.2580E-10  0.2860E-10  0.3080E-10  0.3180E-10  0.3060E-10  0.2920E-10
  0.1000E+12  0.1130E-22  0.1980E-18  0.4550E-15  0.1370E-12  0.2240E-11  0.1140E-10  0.1940E-10  0.2340E-10  0.2580E-10  0.2860E-10  0.3080E-10  0.3180E-10  0.3060E-10  0.2920E-10
  0.1000E+13  0.1130E-22  0.1980E-18  0.4550E-15  0.1370E-12  0.2240E-11  0.1140E-10  0.1940E-10  0.2340E-10  0.2580E-10  0.2860E-10  0.3080E-10  0.3180E-10  0.3060E-10  0.2920E-10
  0.1000E+14  0.1130E-22  0.1980E-18  0.4550E-15  0.1370E-12  0.2240E-11  0.1140E-10  0.1940E-10  0.2340E-10  0.2580E-10  0.2860E-10  0.3080E-10  0.3180E-10  0.3060E-10  0.2920E-10
  0.1000E+15  0.1130E-22  0.1980E-18  0.4550E-15  0.1370E-12  0.2230E-11  0.1130E-10  0.1930E-10  0.2330E-10  0.2570E-10  0.2850E-10  0.3080E-10  0.3180E-10  0.3050E-10  0.2910E-10
  0.1000E+16  0.1130E-22  0.1980E-18  0.4540E-15  0.1360E-12  0.2210E-11  0.1110E-10  0.1890E-10  0.2280E-10  0.2520E-10  0.2800E-10  0.3030E-10  0.3140E-10  0.3020E-10  0.2890E-10
  0.1000E+17  0.1130E-22  0.1980E-18  0.4540E-15  0.1350E-12  0.2160E-11  0.1070E-10  0.1820E-10  0.2190E-10  0.2420E-10  0.2690E-10  0.2920E-10  0.3030E-10  0.2930E-10  0.2810E-10
WAVELENGTH(A)= 
    20.904
 7 14 t 
excit   
    24.900     37.300     62.200    124.000    249.000    622.000   1240.000   1870.000   2490.000   3730.000   6220.000  12400.000  24900.000  37300.000 
  0.1000E+11  0.2490E-23  0.9600E-19  0.4090E-15  0.1850E-12  0.3360E-11  0.1540E-10  0.2190E-10  0.2310E-10  0.2300E-10  0.2180E-10  0.1940E-10  0.1550E-10  0.1180E-10  0.9950E-11
  0.1000E+12  0.2490E-23  0.9600E-19  0.4090E-15  0.1850E-12  0.3360E-11  0.1540E-10  0.2190E-10  0.2310E-10  0.2300E-10  0.2180E-10  0.1940E-10  0.1550E-10  0.1180E-10  0.9950E-11
  0.1000E+13  0.2490E-23  0.9600E-19  0.4090E-15  0.1850E-12  0.3360E-11  0.1540E-10  0.2190E-10  0.2310E-10  0.2300E-10  0.2180E-10  0.1940E-10  0.1550E-10  0.1180E-10  0.9950E-11
  0.1000E+14  0.2490E-23  0.9600E-19  0.4090E-15  0.1850E-12  0.3360E-11  0.1540E-10  0.2190E-10  0.2310E-10  0.2300E-10  0.2180E-10  0.1940E-10  0.1550E-10  0.1180E-10  0.9950E-11
  0.1000E+15  0.2490E-23  0.9600E-19  0.4090E-15  0.1850E-12  0.3350E-11  0.1540E-10  0.2180E-10  0.2300E-10  0.2290E-10  0.2180E-10  0.1930E-10  0.1540E-10  0.1180E-10  0.9930E-11
  0.1000E+16  0.2490E-23  0.9600E-19  0.4090E-15  0.1840E-12  0.3320E-11  0.1510E-10  0.2140E-10  0.2260E-10  0.2250E-10  0.2140E-10  0.1900E-10  0.1520E-10  0.1170E-10  0.9840E-11
  0.1000E+17  0.2490E-23  0.9610E-19  0.4090E-15  0.1830E-12  0.3240E-11  0.1450E-10  0.2060E-10  0.2170E-10  0.2160E-10  0.2060E-10  0.1830E-10  0.1470E-10  0.1130E-10  0.9570E-11
WAVELENGTH(A)= 
    21.882
 7 14 t 
excit   
    24.900     37.300     62.200    124.000    249.000    622.000   1240.000   1870.000   2490.000   3730.000   6220.000  12400.000  24900.000  37300.000 
  0.1000E+11  0.3970E-23  0.9400E-19  0.2710E-15  0.9240E-13  0.1460E-11  0.6220E-11  0.8740E-11  0.9200E-11  0.9200E-11  0.8760E-11  0.7890E-11  0.6440E-11  0.5040E-11  0.4280E-11
  0.1000E+12  0.3970E-23  0.9400E-19  0.2710E-15  0.9240E-13  0.1460E-11  0.6220E-11  0.8740E-11  0.9200E-11  0.9200E-11  0.8760E-11  0.7890E-11  0.6440E-11  0.5040E-11  0.4280E-11
  0.1000E+13  0.3970E-23  0.9400E-19  0.2710E-15  0.9240E-13  0.1460E-11  0.6220E-11  0.8740E-11  0.9200E-11  0.9200E-11  0.8760E-11  0.7890E-11  0.6440E-11  0.5040E-11  0.4280E-11
  0.1000E+14  0.3970E-23  0.9400E-19  0.2710E-15  0.9240E-13  0.1460E-11  0.6220E-11  0.8740E-11  0.9190E-11  0.9190E-11  0.8760E-11  0.7890E-11  0.6440E-11  0.5040E-11  0.4280E-11
  0.1000E+15  0.3970E-23  0.9400E-19  0.2710E-15  0.9230E-13  0.1460E-11  0.6200E-11  0.8710E-11  0.9170E-11  0.9170E-11  0.8740E-11  0.7870E-11  0.6420E-11  0.5040E-11  0.4270E-11
  0.1000E+16  0.3970E-23  0.9400E-19  0.2710E-15  0.9210E-13  0.1440E-11  0.6100E-11  0.8560E-11  0.9010E-11  0.9020E-11  0.8600E-11  0.7770E-11  0.6350E-11  0.4990E-11  0.4240E-11
  0.1000E+17  0.3970E-23  0.9400E-19  0.2710E-15  0.9150E-13  0.1420E-11  0.5900E-11  0.8250E-11  0.8680E-11  0.8690E-11  0.8300E-11  0.7510E-11  0.6160E-11  0.4850E-11  0.4130E-11
WAVELENGTH(A)= 
    21.919
 7 14 t 
excit   
    24.900     37.300     62.200    124.000    249.000    622.000   1240.000   1870.000   2490.000   3730.000   6220.000  12400.000  24900.000  37300.000 
  0.1000E+11  0.6810E-20  0.1160E-16  0.4420E-14  0.3720E-12  0.3320E-11  0.1160E-10  0.1660E-10  0.1830E-10  0.1900E-10  0.1930E-10  0.1900E-10  0.1770E-10  0.1560E-10  0.1430E-10
  0.1000E+12  0.6810E-20  0.1160E-16  0.4420E-14  0.3720E-12  0.3320E-11  0.1160E-10  0.1660E-10  0.1830E-10  0.1900E-10  0.1930E-10  0.1900E-10  0.1770E-10  0.1560E-10  0.1430E-10
  0.1000E+13  0.6810E-20  0.1160E-16  0.4420E-14  0.3720E-12  0.3320E-11  0.1160E-10  0.1660E-10  0.1830E-10  0.1900E-10  0.1930E-10  0.1900E-10  0.1770E-10  0.1560E-10  0.1430E-10
  0.1000E+14  0.6810E-20  0.1160E-16  0.4420E-14  0.3720E-12  0.3320E-11  0.1160E-10  0.1660E-10  0.1830E-10  0.1900E-10  0.1930E-10  0.1900E-10  0.1770E-10  0.1560E-10  0.1430E-10
  0.1000E+15  0.6810E-20  0.1160E-16  0.4420E-14  0.3720E-12  0.3320E-11  0.1160E-10  0.1660E-10  0.1820E-10  0.1890E-10  0.1930E-10  0.1900E-10  0.1760E-10  0.1560E-10  0.1430E-10
  0.1000E+16  0.6830E-20  0.1160E-16  0.4420E-14  0.3710E-12  0.3280E-11  0.1140E-10  0.1630E-10  0.1790E-10  0.1850E-10  0.1890E-10  0.1870E-10  0.1740E-10  0.1540E-10  0.1420E-10
  0.1000E+17  0.7040E-20  0.1190E-16  0.4490E-14  0.3720E-12  0.3230E-11  0.1100E-10  0.1570E-10  0.1720E-10  0.1780E-10  0.1820E-10  0.1800E-10  0.1680E-10  0.1500E-10  0.1380E-10
WAVELENGTH(A)= 
    22.291
 7 14 t 
excit   
    24.900     37.300     62.200    124.000    249.000    622.000   1240.000   1870.000   2490.000   3730.000   6220.000  12400.000  24900.000  37300.000 
  0.1000E+11  0.1610E-22  0.3250E-18  0.8220E-15  0.2520E-12  0.3770E-11  0.1550E-10  0.2140E-10  0.2220E-10  0.2200E-10  0.2080E-10  0.1840E-10  0.1470E-10  0.1120E-10  0.9470E-11
  0.1000E+12  0.1610E-22  0.3250E-18  0.8220E-15  0.2520E-12  0.3770E-11  0.1550E-10  0.2140E-10  0.2220E-10  0.2200E-10  0.2080E-10  0.1840E-10  0.1470E-10  0.1120E-10  0.9470E-11
  0.1000E+13  0.1610E-22  0.3250E-18  0.8220E-15  0.2520E-12  0.3770E-11  0.1550E-10  0.2140E-10  0.2220E-10  0.2200E-10  0.2080E-10  0.1840E-10  0.1470E-10  0.1120E-10  0.9470E-11
  0.1000E+14  0.1610E-22  0.3250E-18  0.8220E-15  0.2520E-12  0.3770E-11  0.1550E-10  0.2130E-10  0.2220E-10  0.2200E-10  0.2080E-10  0.1840E-10  0.1470E-10  0.1120E-10  0.9470E-11
  0.1000E+15  0.1610E-22  0.3250E-18  0.8220E-15  0.2520E-12  0.3770E-11  0.1540E-10  0.2130E-10  0.2220E-10  0.2190E-10  0.2070E-10  0.1840E-10  0.1470E-10  0.1120E-10  0.9460E-11
  0.1000E+16  0.1610E-22  0.3250E-18  0.8220E-15  0.2510E-12  0.3730E-11  0.1510E-10  0.2090E-10  0.2170E-10  0.2150E-10  0.2040E-10  0.1810E-10  0.1450E-10  0.1110E-10  0.9370E-11
  0.1000E+17  0.1610E-22  0.3250E-18  0.8210E-15  0.2490E-12  0.3640E-11  0.1460E-10  0.2000E-10  0.2080E-10  0.2070E-10  0.1960E-10  0.1740E-10  0.1400E-10  0.1080E-10  0.9110E-11
WAVELENGTH(A)= 
    22.767
 7 14 t 
excit   
    24.900     37.300     62.200    124.000    249.000    622.000   1240.000   1870.000   2490.000   3730.000   6220.000  12400.000  24900.000  37300.000 
  0.1000E+11  0.5760E-23  0.1160E-18  0.2940E-15  0.9010E-13  0.1350E-11  0.5530E-11  0.7630E-11  0.7950E-11  0.7870E-11  0.7440E-11  0.6590E-11  0.5260E-11  0.4020E-11  0.3390E-11
  0.1000E+12  0.5760E-23  0.1160E-18  0.2940E-15  0.9010E-13  0.1350E-11  0.5530E-11  0.7630E-11  0.7950E-11  0.7870E-11  0.7440E-11  0.6590E-11  0.5260E-11  0.4020E-11  0.3390E-11
  0.1000E+13  0.5760E-23  0.1160E-18  0.2940E-15  0.9010E-13  0.1350E-11  0.5530E-11  0.7630E-11  0.7950E-11  0.7870E-11  0.7440E-11  0.6590E-11  0.5260E-11  0.4020E-11  0.3390E-11
  0.1000E+14  0.5760E-23  0.1160E-18  0.2940E-15  0.9010E-13  0.1350E-11  0.5530E-11  0.7630E-11  0.7940E-11  0.7870E-11  0.7440E-11  0.6590E-11  0.5260E-11  0.4020E-11  0.3390E-11
  0.1000E+15  0.5760E-23  0.1160E-18  0.2940E-15  0.9010E-13  0.1350E-11  0.5510E-11  0.7600E-11  0.7920E-11  0.7840E-11  0.7410E-11  0.6570E-11  0.5250E-11  0.4010E-11  0.3380E-11
  0.1000E+16  0.5760E-23  0.1160E-18  0.2940E-15  0.8980E-13  0.1330E-11  0.5410E-11  0.7460E-11  0.7770E-11  0.7700E-11  0.7290E-11  0.6470E-11  0.5190E-11  0.3970E-11  0.3350E-11
  0.1000E+17  0.5760E-23  0.1160E-18  0.2930E-15  0.8900E-13  0.1300E-11  0.5210E-11  0.7150E-11  0.7450E-11  0.7390E-11  0.7000E-11  0.6230E-11  0.5010E-11  0.3850E-11  0.3260E-11
WAVELENGTH(A)= 
    23.811
 7 14 t 
excit   
    24.900     37.300     62.200    124.000    249.000    622.000   1240.000   1870.000   2490.000   3730.000   6220.000  12400.000  24900.000  37300.000 
  0.1000E+11  0.6670E-23  0.1340E-18  0.3400E-15  0.1040E-12  0.1560E-11  0.6400E-11  0.8840E-11  0.9200E-11  0.9110E-11  0.8610E-11  0.7630E-11  0.6100E-11  0.4650E-11  0.3920E-11
  0.1000E+12  0.6670E-23  0.1340E-18  0.3400E-15  0.1040E-12  0.1560E-11  0.6400E-11  0.8840E-11  0.9200E-11  0.9110E-11  0.8610E-11  0.7630E-11  0.6100E-11  0.4650E-11  0.3920E-11
  0.1000E+13  0.6670E-23  0.1340E-18  0.3400E-15  0.1040E-12  0.1560E-11  0.6400E-11  0.8840E-11  0.9200E-11  0.9110E-11  0.8610E-11  0.7630E-11  0.6100E-11  0.4650E-11  0.3920E-11
  0.1000E+14  0.6670E-23  0.1340E-18  0.3400E-15  0.1040E-12  0.1560E-11  0.6400E-11  0.8830E-11  0.9200E-11  0.9110E-11  0.8610E-11  0.7630E-11  0.6090E-11  0.4650E-11  0.3920E-11
  0.1000E+15  0.6670E-23  0.1340E-18  0.3400E-15  0.1040E-12  0.1560E-11  0.6380E-11  0.8800E-11  0.9170E-11  0.9080E-11  0.8580E-11  0.7610E-11  0.6080E-11  0.4640E-11  0.3910E-11
  0.1000E+16  0.6670E-23  0.1340E-18  0.3400E-15  0.1040E-12  0.1540E-11  0.6260E-11  0.8630E-11  0.8990E-11  0.8910E-11  0.8440E-11  0.7490E-11  0.6000E-11  0.4600E-11  0.3880E-11
  0.1000E+17  0.6670E-23  0.1340E-18  0.3400E-15  0.1030E-12  0.1510E-11  0.6030E-11  0.8280E-11  0.8630E-11  0.8560E-11  0.8110E-11  0.7220E-11  0.5800E-11  0.4460E-11  0.3770E-11
WAVELENGTH(A)= 
    27.705
 7 14 t 
excit   
    24.900     37.300     62.200    124.000    249.000    622.000   1240.000   1870.000   2490.000   3730.000   6220.000  12400.000  24900.000  37300.000 
  0.1000E+11  0.2770E-21  0.1530E-17  0.1370E-14  0.1940E-12  0.2000E-11  0.6750E-11  0.8870E-11  0.9160E-11  0.9040E-11  0.8610E-11  0.7740E-11  0.6390E-11  0.5080E-11  0.4390E-11
  0.1000E+12  0.2770E-21  0.1530E-17  0.1370E-14  0.1940E-12  0.2000E-11  0.6750E-11  0.8870E-11  0.9160E-11  0.9040E-11  0.8610E-11  0.7740E-11  0.6390E-11  0.5080E-11  0.4390E-11
  0.1000E+13  0.2770E-21  0.1530E-17  0.1370E-14  0.1940E-12  0.2000E-11  0.6750E-11  0.8870E-11  0.9160E-11  0.9040E-11  0.8610E-11  0.7740E-11  0.6390E-11  0.5080E-11  0.4390E-11
  0.1000E+14  0.2770E-21  0.1530E-17  0.1370E-14  0.1940E-12  0.2000E-11  0.6750E-11  0.8870E-11  0.9160E-11  0.9040E-11  0.8610E-11  0.7740E-11  0.6390E-11  0.5080E-11  0.4390E-11
  0.1000E+15  0.2770E-21  0.1530E-17  0.1370E-14  0.1940E-12  0.2000E-11  0.6730E-11  0.8840E-11  0.9130E-11  0.9010E-11  0.8590E-11  0.7720E-11  0.6380E-11  0.5070E-11  0.4380E-11
  0.1000E+16  0.2770E-21  0.1530E-17  0.1370E-14  0.1930E-12  0.1980E-11  0.6610E-11  0.8660E-11  0.8950E-11  0.8850E-11  0.8440E-11  0.7600E-11  0.6300E-11  0.5020E-11  0.4340E-11
  0.1000E+17  0.2780E-21  0.1530E-17  0.1370E-14  0.1910E-12  0.1930E-11  0.6360E-11  0.8310E-11  0.8590E-11  0.8490E-11  0.8110E-11  0.7320E-11  0.6090E-11  0.4870E-11  0.4220E-11
WAVELENGTH(A)= 
    45.947
 7 14 t 
excit   
    24.900     37.300     62.200    124.000    249.000    622.000   1240.000   1870.000   2490.000   3730.000   6220.000  12400.000  24900.000  37300.000 
  0.1000E+11  0.1110E-12  0.3380E-11  0.4780E-10  0.3070E-09  0.6880E-09  0.9740E-09  0.9980E-09  0.9660E-09  0.9310E-09  0.8700E-09  0.7840E-09  0.6630E-09  0.5440E-09  0.4830E-09
  0.1000E+12  0.1110E-12  0.3380E-11  0.4780E-10  0.3070E-09  0.6880E-09  0.9740E-09  0.9980E-09  0.9660E-09  0.9310E-09  0.8700E-09  0.7840E-09  0.6630E-09  0.5440E-09  0.4830E-09
  0.1000E+13  0.1110E-12  0.3380E-11  0.4780E-10  0.3070E-09  0.6880E-09  0.9740E-09  0.9980E-09  0.9660E-09  0.9310E-09  0.8700E-09  0.7840E-09  0.6630E-09  0.5440E-09  0.4830E-09
  0.1000E+14  0.1110E-12  0.3380E-11  0.4780E-10  0.3070E-09  0.6880E-09  0.9730E-09  0.9980E-09  0.9650E-09  0.9310E-09  0.8700E-09  0.7840E-09  0.6630E-09  0.5440E-09  0.4830E-09
  0.1000E+15  0.1110E-12  0.3380E-11  0.4780E-10  0.3070E-09  0.6870E-09  0.9700E-09  0.9940E-09  0.9620E-09  0.9280E-09  0.8670E-09  0.7820E-09  0.6610E-09  0.5430E-09  0.4820E-09
  0.1000E+16  0.1110E-12  0.3380E-11  0.4780E-10  0.3060E-09  0.6800E-09  0.9530E-09  0.9750E-09  0.9440E-09  0.9110E-09  0.8530E-09  0.7700E-09  0.6530E-09  0.5370E-09  0.4780E-09
  0.1000E+17  0.1110E-12  0.3380E-11  0.4770E-10  0.3030E-09  0.6650E-09  0.9190E-09  0.9360E-09  0.9060E-09  0.8750E-09  0.8200E-09  0.7420E-09  0.6310E-09  0.5210E-09  0.4650E-09
WAVELENGTH(A)= 
    47.092
 7 14 t 
excit   
    24.900     37.300     62.200    124.000    249.000    622.000   1240.000   1870.000   2490.000   3730.000   6220.000  12400.000  24900.000  37300.000 
  0.1000E+11  0.1030E-17  0.4190E-15  0.4660E-13  0.1380E-11  0.6350E-11  0.1270E-10  0.1330E-10  0.1250E-10  0.1180E-10  0.1040E-10  0.8630E-11  0.6570E-11  0.4840E-11  0.4040E-11
  0.1000E+12  0.1030E-17  0.4190E-15  0.4660E-13  0.1380E-11  0.6350E-11  0.1270E-10  0.1330E-10  0.1250E-10  0.1180E-10  0.1040E-10  0.8630E-11  0.6570E-11  0.4840E-11  0.4040E-11
  0.1000E+13  0.1030E-17  0.4190E-15  0.4660E-13  0.1380E-11  0.6350E-11  0.1270E-10  0.1330E-10  0.1250E-10  0.1180E-10  0.1040E-10  0.8630E-11  0.6570E-11  0.4840E-11  0.4040E-11
  0.1000E+14  0.1030E-17  0.4190E-15  0.4660E-13  0.1380E-11  0.6350E-11  0.1270E-10  0.1330E-10  0.1250E-10  0.1180E-10  0.1040E-10  0.8630E-11  0.6570E-11  0.4830E-11  0.4040E-11
  0.1000E+15  0.1030E-17  0.4190E-15  0.4660E-13  0.1380E-11  0.6340E-11  0.1260E-10  0.1330E-10  0.1250E-10  0.1170E-10  0.1030E-10  0.8620E-11  0.6560E-11  0.4830E-11  0.4040E-11
  0.1000E+16  0.1030E-17  0.4190E-15  0.4660E-13  0.1380E-11  0.6310E-11  0.1250E-10  0.1310E-10  0.1240E-10  0.1160E-10  0.1020E-10  0.8540E-11  0.6510E-11  0.4800E-11  0.4020E-11
  0.1000E+17  0.1030E-17  0.4200E-15  0.4700E-13  0.1390E-11  0.6290E-11  0.1230E-10  0.1290E-10  0.1210E-10  0.1140E-10  0.1010E-10  0.8430E-11  0.6450E-11  0.4770E-11  0.3990E-11
WAVELENGTH(A)= 
    47.486
 7 14 t 
excit   
    24.900     37.300     62.200    124.000    249.000    622.000   1240.000   1870.000   2490.000   3730.000   6220.000  12400.000  24900.000  37300.000 
  0.1000E+11  0.7690E-18  0.3300E-15  0.3840E-13  0.1170E-11  0.5480E-11  0.1100E-10  0.1160E-10  0.1100E-10  0.1030E-10  0.9050E-11  0.7540E-11  0.5630E-11  0.4160E-11  0.3440E-11
  0.1000E+12  0.7690E-18  0.3300E-15  0.3840E-13  0.1170E-11  0.5480E-11  0.1100E-10  0.1160E-10  0.1100E-10  0.1030E-10  0.9050E-11  0.7540E-11  0.5630E-11  0.4160E-11  0.3440E-11
  0.1000E+13  0.7690E-18  0.3300E-15  0.3840E-13  0.1170E-11  0.5480E-11  0.1100E-10  0.1170E-10  0.1100E-10  0.1030E-10  0.9060E-11  0.7550E-11  0.5630E-11  0.4160E-11  0.3440E-11
  0.1000E+14  0.7690E-18  0.3300E-15  0.3840E-13  0.1170E-11  0.5500E-11  0.1110E-10  0.1170E-10  0.1100E-10  0.1030E-10  0.9100E-11  0.7580E-11  0.5650E-11  0.4180E-11  0.3450E-11
  0.1000E+15  0.7700E-18  0.3310E-15  0.3870E-13  0.1200E-11  0.5720E-11  0.1160E-10  0.1230E-10  0.1160E-10  0.1080E-10  0.9510E-11  0.7900E-11  0.5860E-11  0.4310E-11  0.3550E-11
  0.1000E+16  0.7710E-18  0.3350E-15  0.4100E-13  0.1380E-11  0.6850E-11  0.1420E-10  0.1520E-10  0.1430E-10  0.1340E-10  0.1180E-10  0.9740E-11  0.7170E-11  0.5200E-11  0.4240E-11
  0.1000E+17  0.7790E-18  0.3560E-15  0.4830E-13  0.1690E-11  0.8390E-11  0.1740E-10  0.1880E-10  0.1790E-10  0.1690E-10  0.1500E-10  0.1260E-10  0.9450E-11  0.6970E-11  0.5750E-11
WAVELENGTH(A)= 
    49.894
 7 14 t 
excit   
    24.900     37.300     62.200    124.000    249.000    622.000   1240.000   1870.000   2490.000   3730.000   6220.000  12400.000  24900.000  37300.000 
  0.1000E+11  0.1090E-12  0.2500E-11  0.2810E-10  0.1550E-09  0.3260E-09  0.4470E-09  0.4510E-09  0.4350E-09  0.4160E-09  0.3870E-09  0.3440E-09  0.2880E-09  0.2350E-09  0.2070E-09
  0.1000E+12  0.1090E-12  0.2500E-11  0.2810E-10  0.1550E-09  0.3260E-09  0.4470E-09  0.4510E-09  0.4350E-09  0.4160E-09  0.3870E-09  0.3440E-09  0.2880E-09  0.2350E-09  0.2070E-09
  0.1000E+13  0.1090E-12  0.2500E-11  0.2810E-10  0.1550E-09  0.3260E-09  0.4470E-09  0.4510E-09  0.4350E-09  0.4160E-09  0.3870E-09  0.3440E-09  0.2880E-09  0.2350E-09  0.2070E-09
  0.1000E+14  0.1090E-12  0.2500E-11  0.2810E-10  0.1550E-09  0.3260E-09  0.4470E-09  0.4510E-09  0.4350E-09  0.4160E-09  0.3870E-09  0.3440E-09  0.2880E-09  0.2350E-09  0.2070E-09
  0.1000E+15  0.1090E-12  0.2500E-11  0.2810E-10  0.1550E-09  0.3260E-09  0.4460E-09  0.4500E-09  0.4330E-09  0.4150E-09  0.3850E-09  0.3440E-09  0.2870E-09  0.2350E-09  0.2070E-09
  0.1000E+16  0.1090E-12  0.2500E-11  0.2810E-10  0.1540E-09  0.3220E-09  0.4380E-09  0.4410E-09  0.4250E-09  0.4070E-09  0.3790E-09  0.3380E-09  0.2840E-09  0.2320E-09  0.2050E-09
  0.1000E+17  0.1090E-12  0.2500E-11  0.2800E-10  0.1530E-09  0.3150E-09  0.4220E-09  0.4230E-09  0.4080E-09  0.3910E-09  0.3640E-09  0.3260E-09  0.2740E-09  0.2250E-09  0.1990E-09
WAVELENGTH(A)= 
    50.732
 7 14 t 
excit   
    24.900     37.300     62.200    124.000    249.000    622.000   1240.000   1870.000   2490.000   3730.000   6220.000  12400.000  24900.000  37300.000 
  0.1000E+11  0.1170E-13  0.2560E-12  0.2850E-11  0.1640E-10  0.3780E-10  0.5730E-10  0.6030E-10  0.5830E-10  0.5580E-10  0.5160E-10  0.4560E-10  0.3740E-10  0.2980E-10  0.2590E-10
  0.1000E+12  0.1170E-13  0.2560E-12  0.2850E-11  0.1640E-10  0.3780E-10  0.5730E-10  0.6030E-10  0.5830E-10  0.5580E-10  0.5160E-10  0.4560E-10  0.3740E-10  0.2980E-10  0.2590E-10
  0.1000E+13  0.1170E-13  0.2560E-12  0.2850E-11  0.1640E-10  0.3780E-10  0.5730E-10  0.6030E-10  0.5830E-10  0.5580E-10  0.5160E-10  0.4560E-10  0.3740E-10  0.2980E-10  0.2590E-10
  0.1000E+14  0.1170E-13  0.2560E-12  0.2850E-11  0.1640E-10  0.3770E-10  0.5730E-10  0.6030E-10  0.5830E-10  0.5580E-10  0.5160E-10  0.4560E-10  0.3740E-10  0.2980E-10  0.2590E-10
  0.1000E+15  0.1170E-13  0.2560E-12  0.2850E-11  0.1640E-10  0.3770E-10  0.5710E-10  0.6010E-10  0.5810E-10  0.5570E-10  0.5150E-10  0.4550E-10  0.3730E-10  0.2980E-10  0.2590E-10
  0.1000E+16  0.1170E-13  0.2560E-12  0.2850E-11  0.1630E-10  0.3730E-10  0.5620E-10  0.5900E-10  0.5710E-10  0.5470E-10  0.5070E-10  0.4490E-10  0.3690E-10  0.2950E-10  0.2570E-10
  0.1000E+17  0.1170E-13  0.2560E-12  0.2850E-11  0.1620E-10  0.3660E-10  0.5440E-10  0.5690E-10  0.5510E-10  0.5280E-10  0.4890E-10  0.4340E-10  0.3580E-10  0.2870E-10  0.2500E-10
WAVELENGTH(A)= 
    52.948
 7 14 t 
excit   
    24.900     37.300     62.200    124.000    249.000    622.000   1240.000   1870.000   2490.000   3730.000   6220.000  12400.000  24900.000  37300.000 
  0.1000E+11  0.3260E-12  0.6160E-11  0.5950E-10  0.2870E-09  0.5620E-09  0.7430E-09  0.7490E-09  0.7210E-09  0.6920E-09  0.6440E-09  0.5760E-09  0.4840E-09  0.3960E-09  0.3490E-09
  0.1000E+12  0.3260E-12  0.6160E-11  0.5950E-10  0.2870E-09  0.5620E-09  0.7430E-09  0.7490E-09  0.7210E-09  0.6920E-09  0.6440E-09  0.5760E-09  0.4840E-09  0.3960E-09  0.3490E-09
  0.1000E+13  0.3260E-12  0.6160E-11  0.5950E-10  0.2870E-09  0.5620E-09  0.7430E-09  0.7490E-09  0.7210E-09  0.6920E-09  0.6440E-09  0.5760E-09  0.4840E-09  0.3960E-09  0.3490E-09
  0.1000E+14  0.3260E-12  0.6160E-11  0.5950E-10  0.2870E-09  0.5610E-09  0.7430E-09  0.7490E-09  0.7210E-09  0.6910E-09  0.6430E-09  0.5760E-09  0.4840E-09  0.3960E-09  0.3490E-09
  0.1000E+15  0.3260E-12  0.6160E-11  0.5950E-10  0.2870E-09  0.5610E-09  0.7400E-09  0.7460E-09  0.7180E-09  0.6890E-09  0.6420E-09  0.5750E-09  0.4830E-09  0.3950E-09  0.3490E-09
  0.1000E+16  0.3260E-12  0.6160E-11  0.5950E-10  0.2860E-09  0.5550E-09  0.7280E-09  0.7320E-09  0.7050E-09  0.6770E-09  0.6310E-09  0.5670E-09  0.4770E-09  0.3910E-09  0.3460E-09
  0.1000E+17  0.3260E-12  0.6160E-11  0.5940E-10  0.2840E-09  0.5430E-09  0.7030E-09  0.7040E-09  0.6780E-09  0.6520E-09  0.6080E-09  0.5470E-09  0.4620E-09  0.3800E-09  0.3360E-09
WAVELENGTH(A)= 
    53.049
 7 14 t 
excit   
    24.900     37.300     62.200    124.000    249.000    622.000   1240.000   1870.000   2490.000   3730.000   6220.000  12400.000  24900.000  37300.000 
  0.1000E+11  0.1170E-12  0.2210E-11  0.2140E-10  0.1060E-09  0.2130E-09  0.2870E-09  0.2870E-09  0.2720E-09  0.2600E-09  0.2400E-09  0.2120E-09  0.1750E-09  0.1420E-09  0.1240E-09
  0.1000E+12  0.1170E-12  0.2210E-11  0.2140E-10  0.1060E-09  0.2130E-09  0.2870E-09  0.2870E-09  0.2720E-09  0.2600E-09  0.2400E-09  0.2120E-09  0.1750E-09  0.1420E-09  0.1240E-09
  0.1000E+13  0.1170E-12  0.2210E-11  0.2140E-10  0.1060E-09  0.2130E-09  0.2870E-09  0.2870E-09  0.2720E-09  0.2600E-09  0.2400E-09  0.2120E-09  0.1750E-09  0.1420E-09  0.1240E-09
  0.1000E+14  0.1170E-12  0.2210E-11  0.2140E-10  0.1060E-09  0.2130E-09  0.2870E-09  0.2870E-09  0.2720E-09  0.2600E-09  0.2400E-09  0.2120E-09  0.1750E-09  0.1420E-09  0.1240E-09
  0.1000E+15  0.1170E-12  0.2210E-11  0.2140E-10  0.1060E-09  0.2130E-09  0.2860E-09  0.2860E-09  0.2710E-09  0.2590E-09  0.2390E-09  0.2110E-09  0.1750E-09  0.1410E-09  0.1240E-09
  0.1000E+16  0.1170E-12  0.2210E-11  0.2140E-10  0.1050E-09  0.2110E-09  0.2810E-09  0.2810E-09  0.2670E-09  0.2550E-09  0.2350E-09  0.2080E-09  0.1730E-09  0.1400E-09  0.1230E-09
  0.1000E+17  0.1170E-12  0.2210E-11  0.2140E-10  0.1050E-09  0.2070E-09  0.2720E-09  0.2710E-09  0.2570E-09  0.2460E-09  0.2270E-09  0.2020E-09  0.1680E-09  0.1360E-09  0.1200E-09
WAVELENGTH(A)= 
    54.603
 7 14 t 
excit   
    24.900     37.300     62.200    124.000    249.000    622.000   1240.000   1870.000   2490.000   3730.000   6220.000  12400.000  24900.000  37300.000 
  0.1000E+11  0.2730E-17  0.6370E-15  0.4570E-13  0.9660E-12  0.3760E-11  0.6760E-11  0.6890E-11  0.6390E-11  0.5910E-11  0.5190E-11  0.4280E-11  0.3200E-11  0.2350E-11  0.1950E-11
  0.1000E+12  0.2730E-17  0.6370E-15  0.4570E-13  0.9660E-12  0.3760E-11  0.6760E-11  0.6890E-11  0.6390E-11  0.5910E-11  0.5190E-11  0.4280E-11  0.3200E-11  0.2350E-11  0.1950E-11
  0.1000E+13  0.2730E-17  0.6370E-15  0.4570E-13  0.9660E-12  0.3760E-11  0.6760E-11  0.6890E-11  0.6380E-11  0.5910E-11  0.5190E-11  0.4280E-11  0.3200E-11  0.2350E-11  0.1950E-11
  0.1000E+14  0.2730E-17  0.6370E-15  0.4570E-13  0.9660E-12  0.3760E-11  0.6760E-11  0.6890E-11  0.6380E-11  0.5910E-11  0.5190E-11  0.4270E-11  0.3200E-11  0.2350E-11  0.1950E-11
  0.1000E+15  0.2730E-17  0.6370E-15  0.4570E-13  0.9660E-12  0.3760E-11  0.6750E-11  0.6880E-11  0.6380E-11  0.5900E-11  0.5190E-11  0.4270E-11  0.3200E-11  0.2350E-11  0.1950E-11
  0.1000E+16  0.2730E-17  0.6370E-15  0.4580E-13  0.9690E-12  0.3750E-11  0.6700E-11  0.6820E-11  0.6320E-11  0.5850E-11  0.5150E-11  0.4250E-11  0.3180E-11  0.2340E-11  0.1940E-11
  0.1000E+17  0.2730E-17  0.6390E-15  0.4610E-13  0.9740E-12  0.3740E-11  0.6600E-11  0.6700E-11  0.6210E-11  0.5750E-11  0.5070E-11  0.4190E-11  0.3150E-11  0.2320E-11  0.1930E-11
WAVELENGTH(A)= 
    54.799
 7 14 t 
excit   
    24.900     37.300     62.200    124.000    249.000    622.000   1240.000   1870.000   2490.000   3730.000   6220.000  12400.000  24900.000  37300.000 
  0.1000E+11  0.1370E-14  0.2420E-13  0.2660E-12  0.2240E-11  0.8150E-11  0.1860E-10  0.2250E-10  0.2260E-10  0.2200E-10  0.2050E-10  0.1800E-10  0.1440E-10  0.1120E-10  0.9520E-11
  0.1000E+12  0.1370E-14  0.2420E-13  0.2660E-12  0.2240E-11  0.8150E-11  0.1860E-10  0.2250E-10  0.2260E-10  0.2200E-10  0.2050E-10  0.1800E-10  0.1440E-10  0.1120E-10  0.9520E-11
  0.1000E+13  0.1370E-14  0.2420E-13  0.2660E-12  0.2240E-11  0.8150E-11  0.1860E-10  0.2250E-10  0.2260E-10  0.2200E-10  0.2050E-10  0.1800E-10  0.1440E-10  0.1120E-10  0.9520E-11
  0.1000E+14  0.1370E-14  0.2420E-13  0.2660E-12  0.2240E-11  0.8150E-11  0.1860E-10  0.2250E-10  0.2250E-10  0.2190E-10  0.2050E-10  0.1800E-10  0.1440E-10  0.1120E-10  0.9520E-11
  0.1000E+15  0.1370E-14  0.2420E-13  0.2660E-12  0.2240E-11  0.8140E-11  0.1860E-10  0.2240E-10  0.2250E-10  0.2190E-10  0.2040E-10  0.1800E-10  0.1440E-10  0.1120E-10  0.9510E-11
  0.1000E+16  0.1370E-14  0.2420E-13  0.2660E-12  0.2230E-11  0.8080E-11  0.1830E-10  0.2200E-10  0.2210E-10  0.2150E-10  0.2010E-10  0.1770E-10  0.1430E-10  0.1110E-10  0.9430E-11
  0.1000E+17  0.1370E-14  0.2420E-13  0.2670E-12  0.2240E-11  0.8020E-11  0.1790E-10  0.2140E-10  0.2140E-10  0.2090E-10  0.1950E-10  0.1720E-10  0.1390E-10  0.1080E-10  0.9230E-11
WAVELENGTH(A)= 
    54.908
 7 14 t 
excit   
    24.900     37.300     62.200    124.000    249.000    622.000   1240.000   1870.000   2490.000   3730.000   6220.000  12400.000  24900.000  37300.000 
  0.1000E+11  0.1020E-16  0.1260E-14  0.6420E-13  0.1130E-11  0.4260E-11  0.8070E-11  0.8690E-11  0.8330E-11  0.7880E-11  0.7120E-11  0.6090E-11  0.4760E-11  0.3640E-11  0.3090E-11
  0.1000E+12  0.1020E-16  0.1260E-14  0.6420E-13  0.1130E-11  0.4260E-11  0.8070E-11  0.8690E-11  0.8330E-11  0.7880E-11  0.7120E-11  0.6090E-11  0.4760E-11  0.3640E-11  0.3090E-11
  0.1000E+13  0.1020E-16  0.1260E-14  0.6420E-13  0.1130E-11  0.4260E-11  0.8070E-11  0.8690E-11  0.8330E-11  0.7880E-11  0.7120E-11  0.6090E-11  0.4760E-11  0.3640E-11  0.3090E-11
  0.1000E+14  0.1020E-16  0.1260E-14  0.6410E-13  0.1130E-11  0.4260E-11  0.8070E-11  0.8690E-11  0.8320E-11  0.7880E-11  0.7120E-11  0.6090E-11  0.4760E-11  0.3640E-11  0.3090E-11
  0.1000E+15  0.1020E-16  0.1260E-14  0.6410E-13  0.1130E-11  0.4240E-11  0.8030E-11  0.8640E-11  0.8280E-11  0.7850E-11  0.7090E-11  0.6070E-11  0.4750E-11  0.3630E-11  0.3080E-11
  0.1000E+16  0.1010E-16  0.1250E-14  0.6270E-13  0.1060E-11  0.3850E-11  0.7160E-11  0.7750E-11  0.7480E-11  0.7130E-11  0.6510E-11  0.5640E-11  0.4490E-11  0.3480E-11  0.2980E-11
  0.1000E+17  0.9360E-17  0.1090E-14  0.4560E-13  0.5620E-12  0.1680E-11  0.2900E-11  0.3200E-11  0.3190E-11  0.3130E-11  0.2980E-11  0.2740E-11  0.2390E-11  0.2030E-11  0.1830E-11
WAVELENGTH(A)= 
    55.627
 7 14 t 
excit   
    24.900     37.300     62.200    124.000    249.000    622.000   1240.000   1870.000   2490.000   3730.000   6220.000  12400.000  24900.000  37300.000 
  0.1000E+11  0.8800E-17  0.1360E-14  0.7030E-13  0.1160E-11  0.4010E-11  0.6690E-11  0.6650E-11  0.6110E-11  0.5650E-11  0.4930E-11  0.4060E-11  0.3030E-11  0.2220E-11  0.1850E-11
  0.1000E+12  0.8800E-17  0.1360E-14  0.7030E-13  0.1160E-11  0.4010E-11  0.6690E-11  0.6650E-11  0.6110E-11  0.5650E-11  0.4930E-11  0.4060E-11  0.3030E-11  0.2220E-11  0.1850E-11
  0.1000E+13  0.8800E-17  0.1360E-14  0.7030E-13  0.1160E-11  0.4010E-11  0.6690E-11  0.6650E-11  0.6110E-11  0.5650E-11  0.4930E-11  0.4060E-11  0.3030E-11  0.2220E-11  0.1850E-11
  0.1000E+14  0.8800E-17  0.1360E-14  0.7030E-13  0.1160E-11  0.4010E-11  0.6690E-11  0.6650E-11  0.6110E-11  0.5650E-11  0.4930E-11  0.4060E-11  0.3030E-11  0.2220E-11  0.1850E-11
  0.1000E+15  0.8800E-17  0.1360E-14  0.7030E-13  0.1160E-11  0.4010E-11  0.6680E-11  0.6640E-11  0.6100E-11  0.5640E-11  0.4920E-11  0.4050E-11  0.3030E-11  0.2220E-11  0.1850E-11
  0.1000E+16  0.8800E-17  0.1360E-14  0.7050E-13  0.1170E-11  0.4010E-11  0.6650E-11  0.6600E-11  0.6070E-11  0.5610E-11  0.4900E-11  0.4040E-11  0.3020E-11  0.2220E-11  0.1850E-11
  0.1000E+17  0.8810E-17  0.1370E-14  0.7140E-13  0.1190E-11  0.4050E-11  0.6640E-11  0.6580E-11  0.6050E-11  0.5600E-11  0.4900E-11  0.4050E-11  0.3040E-11  0.2240E-11  0.1860E-11
WAVELENGTH(A)= 
    55.694
 7 14 t 
excit   
    24.900     37.300     62.200    124.000    249.000    622.000   1240.000   1870.000   2490.000   3730.000   6220.000  12400.000  24900.000  37300.000 
  0.1000E+11  0.2120E-13  0.3490E-12  0.3260E-11  0.1930E-10  0.5030E-10  0.8610E-10  0.9280E-10  0.8960E-10  0.8550E-10  0.7820E-10  0.6770E-10  0.5380E-10  0.4170E-10  0.3560E-10
  0.1000E+12  0.2120E-13  0.3490E-12  0.3260E-11  0.1930E-10  0.5030E-10  0.8610E-10  0.9280E-10  0.8960E-10  0.8550E-10  0.7820E-10  0.6770E-10  0.5380E-10  0.4170E-10  0.3560E-10
  0.1000E+13  0.2120E-13  0.3490E-12  0.3260E-11  0.1930E-10  0.5030E-10  0.8610E-10  0.9280E-10  0.8960E-10  0.8550E-10  0.7820E-10  0.6770E-10  0.5380E-10  0.4170E-10  0.3560E-10
  0.1000E+14  0.2120E-13  0.3490E-12  0.3260E-11  0.1930E-10  0.5030E-10  0.8610E-10  0.9280E-10  0.8960E-10  0.8550E-10  0.7820E-10  0.6770E-10  0.5380E-10  0.4170E-10  0.3560E-10
  0.1000E+15  0.2120E-13  0.3490E-12  0.3260E-11  0.1930E-10  0.5030E-10  0.8590E-10  0.9250E-10  0.8940E-10  0.8530E-10  0.7800E-10  0.6760E-10  0.5370E-10  0.4160E-10  0.3560E-10
  0.1000E+16  0.2120E-13  0.3490E-12  0.3260E-11  0.1930E-10  0.5000E-10  0.8480E-10  0.9120E-10  0.8810E-10  0.8410E-10  0.7700E-10  0.6680E-10  0.5320E-10  0.4130E-10  0.3540E-10
  0.1000E+17  0.2120E-13  0.3490E-12  0.3270E-11  0.1930E-10  0.4960E-10  0.8300E-10  0.8890E-10  0.8590E-10  0.8200E-10  0.7510E-10  0.6530E-10  0.5210E-10  0.4060E-10  0.3480E-10
WAVELENGTH(A)= 
    56.906
 7 14 t 
excit   
    24.900     37.300     62.200    124.000    249.000    622.000   1240.000   1870.000   2490.000   3730.000   6220.000  12400.000  24900.000  37300.000 
  0.1000E+11  0.1600E-16  0.2470E-14  0.1270E-12  0.2100E-11  0.7270E-11  0.1210E-10  0.1210E-10  0.1110E-10  0.1020E-10  0.8930E-11  0.7360E-11  0.5500E-11  0.4030E-11  0.3350E-11
  0.1000E+12  0.1600E-16  0.2470E-14  0.1270E-12  0.2100E-11  0.7270E-11  0.1210E-10  0.1210E-10  0.1110E-10  0.1020E-10  0.8930E-11  0.7360E-11  0.5500E-11  0.4030E-11  0.3350E-11
  0.1000E+13  0.1600E-16  0.2470E-14  0.1270E-12  0.2100E-11  0.7270E-11  0.1210E-10  0.1210E-10  0.1110E-10  0.1020E-10  0.8930E-11  0.7360E-11  0.5490E-11  0.4030E-11  0.3350E-11
  0.1000E+14  0.1600E-16  0.2470E-14  0.1270E-12  0.2100E-11  0.7270E-11  0.1210E-10  0.1210E-10  0.1110E-10  0.1020E-10  0.8930E-11  0.7360E-11  0.5490E-11  0.4030E-11  0.3350E-11
  0.1000E+15  0.1600E-16  0.2470E-14  0.1270E-12  0.2110E-11  0.7270E-11  0.1210E-10  0.1200E-10  0.1110E-10  0.1020E-10  0.8920E-11  0.7350E-11  0.5490E-11  0.4030E-11  0.3350E-11
  0.1000E+16  0.1600E-16  0.2470E-14  0.1280E-12  0.2110E-11  0.7270E-11  0.1210E-10  0.1200E-10  0.1100E-10  0.1020E-10  0.8880E-11  0.7330E-11  0.5480E-11  0.4030E-11  0.3350E-11
  0.1000E+17  0.1600E-16  0.2480E-14  0.1290E-12  0.2150E-11  0.7340E-11  0.1200E-10  0.1190E-10  0.1100E-10  0.1020E-10  0.8880E-11  0.7340E-11  0.5500E-11  0.4050E-11  0.3370E-11
WAVELENGTH(A)= 
    58.380
 7 14 t 
excit   
    24.900     37.300     62.200    124.000    249.000    622.000   1240.000   1870.000   2490.000   3730.000   6220.000  12400.000  24900.000  37300.000 
  0.1000E+11  0.8450E-17  0.1730E-14  0.1120E-12  0.2190E-11  0.8200E-11  0.1440E-10  0.1460E-10  0.1350E-10  0.1250E-10  0.1100E-10  0.9080E-11  0.6800E-11  0.5000E-11  0.4160E-11
  0.1000E+12  0.8450E-17  0.1730E-14  0.1120E-12  0.2190E-11  0.8200E-11  0.1440E-10  0.1460E-10  0.1350E-10  0.1250E-10  0.1100E-10  0.9080E-11  0.6800E-11  0.5000E-11  0.4160E-11
  0.1000E+13  0.8450E-17  0.1730E-14  0.1120E-12  0.2190E-11  0.8200E-11  0.1440E-10  0.1460E-10  0.1350E-10  0.1250E-10  0.1100E-10  0.9080E-11  0.6800E-11  0.5000E-11  0.4160E-11
  0.1000E+14  0.8450E-17  0.1730E-14  0.1120E-12  0.2190E-11  0.8200E-11  0.1440E-10  0.1460E-10  0.1350E-10  0.1250E-10  0.1100E-10  0.9080E-11  0.6800E-11  0.5000E-11  0.4160E-11
  0.1000E+15  0.8450E-17  0.1730E-14  0.1120E-12  0.2190E-11  0.8200E-11  0.1440E-10  0.1460E-10  0.1350E-10  0.1250E-10  0.1100E-10  0.9070E-11  0.6800E-11  0.5000E-11  0.4160E-11
  0.1000E+16  0.8450E-17  0.1730E-14  0.1120E-12  0.2190E-11  0.8180E-11  0.1430E-10  0.1440E-10  0.1340E-10  0.1240E-10  0.1090E-10  0.9010E-11  0.6760E-11  0.4980E-11  0.4150E-11
  0.1000E+17  0.8460E-17  0.1740E-14  0.1130E-12  0.2200E-11  0.8130E-11  0.1400E-10  0.1410E-10  0.1310E-10  0.1220E-10  0.1070E-10  0.8870E-11  0.6680E-11  0.4940E-11  0.4120E-11
WAVELENGTH(A)= 
    58.957
 7 14 t 
excit   
    24.900     37.300     62.200    124.000    249.000    622.000   1240.000   1870.000   2490.000   3730.000   6220.000  12400.000  24900.000  37300.000 
  0.1000E+11  0.9820E-12  0.1350E-10  0.1010E-09  0.4010E-09  0.7150E-09  0.8960E-09  0.8830E-09  0.8410E-09  0.8030E-09  0.7410E-09  0.6580E-09  0.5460E-09  0.4430E-09  0.3890E-09
  0.1000E+12  0.9820E-12  0.1350E-10  0.1010E-09  0.4010E-09  0.7150E-09  0.8960E-09  0.8830E-09  0.8410E-09  0.8030E-09  0.7410E-09  0.6580E-09  0.5460E-09  0.4430E-09  0.3890E-09
  0.1000E+13  0.9820E-12  0.1350E-10  0.1010E-09  0.4010E-09  0.7150E-09  0.8960E-09  0.8820E-09  0.8410E-09  0.8030E-09  0.7410E-09  0.6580E-09  0.5460E-09  0.4430E-09  0.3890E-09
  0.1000E+14  0.9820E-12  0.1350E-10  0.1010E-09  0.4010E-09  0.7140E-09  0.8950E-09  0.8820E-09  0.8400E-09  0.8030E-09  0.7410E-09  0.6580E-09  0.5460E-09  0.4420E-09  0.3890E-09
  0.1000E+15  0.9820E-12  0.1350E-10  0.1010E-09  0.4000E-09  0.7130E-09  0.8930E-09  0.8790E-09  0.8380E-09  0.8000E-09  0.7390E-09  0.6560E-09  0.5450E-09  0.4420E-09  0.3880E-09
  0.1000E+16  0.9820E-12  0.1350E-10  0.1010E-09  0.3990E-09  0.7060E-09  0.8770E-09  0.8620E-09  0.8220E-09  0.7860E-09  0.7270E-09  0.6460E-09  0.5380E-09  0.4370E-09  0.3850E-09
  0.1000E+17  0.9820E-12  0.1350E-10  0.1010E-09  0.3960E-09  0.6900E-09  0.8450E-09  0.8280E-09  0.7890E-09  0.7550E-09  0.6990E-09  0.6230E-09  0.5200E-09  0.4240E-09  0.3740E-09
WAVELENGTH(A)= 
    59.655
 7 14 t 
excit   
    24.900     37.300     62.200    124.000    249.000    622.000   1240.000   1870.000   2490.000   3730.000   6220.000  12400.000  24900.000  37300.000 
  0.1000E+11  0.2140E-16  0.2700E-14  0.1180E-12  0.1730E-11  0.5640E-11  0.9070E-11  0.8910E-11  0.8150E-11  0.7520E-11  0.6590E-11  0.5410E-11  0.4050E-11  0.2980E-11  0.2480E-11
  0.1000E+12  0.2140E-16  0.2700E-14  0.1180E-12  0.1730E-11  0.5640E-11  0.9070E-11  0.8910E-11  0.8150E-11  0.7520E-11  0.6590E-11  0.5410E-11  0.4050E-11  0.2980E-11  0.2480E-11
  0.1000E+13  0.2140E-16  0.2700E-14  0.1180E-12  0.1730E-11  0.5640E-11  0.9070E-11  0.8900E-11  0.8150E-11  0.7520E-11  0.6590E-11  0.5410E-11  0.4050E-11  0.2980E-11  0.2480E-11
  0.1000E+14  0.2140E-16  0.2700E-14  0.1180E-12  0.1730E-11  0.5640E-11  0.9070E-11  0.8900E-11  0.8150E-11  0.7520E-11  0.6580E-11  0.5400E-11  0.4050E-11  0.2980E-11  0.2480E-11
  0.1000E+15  0.2140E-16  0.2700E-14  0.1180E-12  0.1730E-11  0.5630E-11  0.9050E-11  0.8880E-11  0.8130E-11  0.7500E-11  0.6570E-11  0.5400E-11  0.4040E-11  0.2980E-11  0.2480E-11
  0.1000E+16  0.2140E-16  0.2700E-14  0.1180E-12  0.1730E-11  0.5600E-11  0.8940E-11  0.8760E-11  0.8020E-11  0.7410E-11  0.6500E-11  0.5340E-11  0.4010E-11  0.2960E-11  0.2470E-11
  0.1000E+17  0.2140E-16  0.2710E-14  0.1190E-12  0.1740E-11  0.5600E-11  0.8850E-11  0.8660E-11  0.7930E-11  0.7330E-11  0.6430E-11  0.5290E-11  0.3980E-11  0.2940E-11  0.2460E-11
WAVELENGTH(A)= 
    59.673
 7 14 t 
excit   
    24.900     37.300     62.200    124.000    249.000    622.000   1240.000   1870.000   2490.000   3730.000   6220.000  12400.000  24900.000  37300.000 
  0.1000E+11  0.3400E-17  0.8850E-15  0.6940E-13  0.1560E-11  0.6300E-11  0.1160E-10  0.1180E-10  0.1110E-10  0.1030E-10  0.9020E-11  0.7480E-11  0.5600E-11  0.4120E-11  0.3430E-11
  0.1000E+12  0.3400E-17  0.8850E-15  0.6940E-13  0.1560E-11  0.6300E-11  0.1160E-10  0.1180E-10  0.1110E-10  0.1030E-10  0.9020E-11  0.7480E-11  0.5600E-11  0.4120E-11  0.3430E-11
  0.1000E+13  0.3400E-17  0.8850E-15  0.6940E-13  0.1560E-11  0.6300E-11  0.1160E-10  0.1180E-10  0.1110E-10  0.1030E-10  0.9020E-11  0.7480E-11  0.5600E-11  0.4120E-11  0.3430E-11
  0.1000E+14  0.3400E-17  0.8850E-15  0.6940E-13  0.1560E-11  0.6300E-11  0.1150E-10  0.1180E-10  0.1110E-10  0.1030E-10  0.9020E-11  0.7480E-11  0.5600E-11  0.4120E-11  0.3430E-11
  0.1000E+15  0.3400E-17  0.8850E-15  0.6940E-13  0.1560E-11  0.6290E-11  0.1150E-10  0.1180E-10  0.1100E-10  0.1020E-10  0.9000E-11  0.7460E-11  0.5590E-11  0.4120E-11  0.3430E-11
  0.1000E+16  0.3400E-17  0.8850E-15  0.6950E-13  0.1560E-11  0.6250E-11  0.1140E-10  0.1160E-10  0.1090E-10  0.1010E-10  0.8880E-11  0.7380E-11  0.5540E-11  0.4090E-11  0.3410E-11
  0.1000E+17  0.3400E-17  0.8870E-15  0.6980E-13  0.1560E-11  0.6190E-11  0.1110E-10  0.1140E-10  0.1060E-10  0.9870E-11  0.8690E-11  0.7230E-11  0.5440E-11  0.4030E-11  0.3370E-11
WAVELENGTH(A)= 
    60.946
 7 14 t 
excit   
    24.900     37.300     62.200    124.000    249.000    622.000   1240.000   1870.000   2490.000   3730.000   6220.000  12400.000  24900.000  37300.000 
  0.1000E+11  0.5170E-18  0.2390E-15  0.2960E-13  0.9430E-12  0.4520E-11  0.9210E-11  0.9820E-11  0.9280E-11  0.8690E-11  0.7710E-11  0.6430E-11  0.4880E-11  0.3610E-11  0.3020E-11
  0.1000E+12  0.5170E-18  0.2390E-15  0.2960E-13  0.9430E-12  0.4520E-11  0.9210E-11  0.9820E-11  0.9280E-11  0.8690E-11  0.7710E-11  0.6430E-11  0.4880E-11  0.3610E-11  0.3020E-11
  0.1000E+13  0.5170E-18  0.2390E-15  0.2960E-13  0.9430E-12  0.4520E-11  0.9210E-11  0.9820E-11  0.9280E-11  0.8690E-11  0.7710E-11  0.6430E-11  0.4880E-11  0.3610E-11  0.3020E-11
  0.1000E+14  0.5170E-18  0.2390E-15  0.2960E-13  0.9430E-12  0.4520E-11  0.9200E-11  0.9820E-11  0.9280E-11  0.8690E-11  0.7700E-11  0.6430E-11  0.4880E-11  0.3610E-11  0.3020E-11
  0.1000E+15  0.5170E-18  0.2390E-15  0.2960E-13  0.9430E-12  0.4520E-11  0.9180E-11  0.9790E-11  0.9260E-11  0.8660E-11  0.7690E-11  0.6420E-11  0.4870E-11  0.3610E-11  0.3010E-11
  0.1000E+16  0.5170E-18  0.2390E-15  0.2960E-13  0.9420E-12  0.4490E-11  0.9060E-11  0.9650E-11  0.9120E-11  0.8540E-11  0.7590E-11  0.6350E-11  0.4830E-11  0.3580E-11  0.3000E-11
  0.1000E+17  0.5170E-18  0.2400E-15  0.2970E-13  0.9410E-12  0.4420E-11  0.8810E-11  0.9360E-11  0.8850E-11  0.8290E-11  0.7380E-11  0.6190E-11  0.4720E-11  0.3520E-11  0.2940E-11
WAVELENGTH(A)= 
    61.926
 7 14 t 
excit   
    24.900     37.300     62.200    124.000    249.000    622.000   1240.000   1870.000   2490.000   3730.000   6220.000  12400.000  24900.000  37300.000 
  0.1000E+11  0.5820E-12  0.6950E-11  0.4740E-10  0.1810E-09  0.3290E-09  0.4220E-09  0.4160E-09  0.3960E-09  0.3780E-09  0.3470E-09  0.3070E-09  0.2540E-09  0.2050E-09  0.1800E-09
  0.1000E+12  0.5820E-12  0.6950E-11  0.4740E-10  0.1810E-09  0.3290E-09  0.4220E-09  0.4160E-09  0.3960E-09  0.3780E-09  0.3470E-09  0.3070E-09  0.2540E-09  0.2050E-09  0.1800E-09
  0.1000E+13  0.5820E-12  0.6950E-11  0.4740E-10  0.1810E-09  0.3290E-09  0.4220E-09  0.4160E-09  0.3960E-09  0.3780E-09  0.3470E-09  0.3070E-09  0.2540E-09  0.2050E-09  0.1800E-09
  0.1000E+14  0.5820E-12  0.6950E-11  0.4740E-10  0.1810E-09  0.3290E-09  0.4220E-09  0.4160E-09  0.3960E-09  0.3780E-09  0.3470E-09  0.3070E-09  0.2540E-09  0.2050E-09  0.1800E-09
  0.1000E+15  0.5820E-12  0.6950E-11  0.4740E-10  0.1810E-09  0.3290E-09  0.4210E-09  0.4160E-09  0.3950E-09  0.3780E-09  0.3470E-09  0.3070E-09  0.2540E-09  0.2050E-09  0.1800E-09
  0.1000E+16  0.5820E-12  0.6950E-11  0.4740E-10  0.1810E-09  0.3280E-09  0.4190E-09  0.4130E-09  0.3930E-09  0.3760E-09  0.3450E-09  0.3060E-09  0.2530E-09  0.2050E-09  0.1800E-09
  0.1000E+17  0.5820E-12  0.6950E-11  0.4740E-10  0.1800E-09  0.3240E-09  0.4090E-09  0.4030E-09  0.3830E-09  0.3660E-09  0.3370E-09  0.2990E-09  0.2480E-09  0.2020E-09  0.1780E-09
WAVELENGTH(A)= 
    62.228
 7 14 t 
excit   
    24.900     37.300     62.200    124.000    249.000    622.000   1240.000   1870.000   2490.000   3730.000   6220.000  12400.000  24900.000  37300.000 
  0.1000E+11  0.3170E-17  0.1040E-14  0.9780E-13  0.2540E-11  0.1090E-10  0.2090E-10  0.2170E-10  0.2030E-10  0.1890E-10  0.1660E-10  0.1370E-10  0.1020E-10  0.7510E-11  0.6220E-11
  0.1000E+12  0.3170E-17  0.1040E-14  0.9780E-13  0.2540E-11  0.1090E-10  0.2090E-10  0.2170E-10  0.2030E-10  0.1890E-10  0.1660E-10  0.1370E-10  0.1020E-10  0.7510E-11  0.6220E-11
  0.1000E+13  0.3170E-17  0.1040E-14  0.9780E-13  0.2540E-11  0.1090E-10  0.2090E-10  0.2170E-10  0.2030E-10  0.1890E-10  0.1660E-10  0.1370E-10  0.1020E-10  0.7510E-11  0.6220E-11
  0.1000E+14  0.3170E-17  0.1040E-14  0.9780E-13  0.2540E-11  0.1090E-10  0.2090E-10  0.2170E-10  0.2030E-10  0.1890E-10  0.1660E-10  0.1370E-10  0.1020E-10  0.7510E-11  0.6220E-11
  0.1000E+15  0.3170E-17  0.1040E-14  0.9780E-13  0.2540E-11  0.1090E-10  0.2090E-10  0.2160E-10  0.2030E-10  0.1880E-10  0.1650E-10  0.1370E-10  0.1020E-10  0.7490E-11  0.6210E-11
  0.1000E+16  0.3170E-17  0.1040E-14  0.9770E-13  0.2530E-11  0.1080E-10  0.2050E-10  0.2120E-10  0.1990E-10  0.1850E-10  0.1630E-10  0.1350E-10  0.1010E-10  0.7420E-11  0.6150E-11
  0.1000E+17  0.3170E-17  0.1040E-14  0.9770E-13  0.2510E-11  0.1060E-10  0.1970E-10  0.2040E-10  0.1910E-10  0.1770E-10  0.1560E-10  0.1300E-10  0.9750E-11  0.7200E-11  0.5980E-11
WAVELENGTH(A)= 
    62.409
 7 14 t 
excit   
    24.900     37.300     62.200    124.000    249.000    622.000   1240.000   1870.000   2490.000   3730.000   6220.000  12400.000  24900.000  37300.000 
  0.1000E+11  0.9920E-12  0.1170E-10  0.7690E-10  0.2820E-09  0.4860E-09  0.6020E-09  0.5920E-09  0.5620E-09  0.5360E-09  0.4940E-09  0.4360E-09  0.3600E-09  0.2910E-09  0.2550E-09
  0.1000E+12  0.9920E-12  0.1170E-10  0.7690E-10  0.2820E-09  0.4860E-09  0.6020E-09  0.5920E-09  0.5620E-09  0.5360E-09  0.4940E-09  0.4360E-09  0.3600E-09  0.2910E-09  0.2550E-09
  0.1000E+13  0.9920E-12  0.1170E-10  0.7690E-10  0.2820E-09  0.4860E-09  0.6020E-09  0.5920E-09  0.5620E-09  0.5360E-09  0.4940E-09  0.4360E-09  0.3600E-09  0.2910E-09  0.2550E-09
  0.1000E+14  0.9920E-12  0.1170E-10  0.7690E-10  0.2820E-09  0.4860E-09  0.6020E-09  0.5920E-09  0.5620E-09  0.5360E-09  0.4940E-09  0.4360E-09  0.3600E-09  0.2910E-09  0.2550E-09
  0.1000E+15  0.9920E-12  0.1170E-10  0.7690E-10  0.2820E-09  0.4850E-09  0.6000E-09  0.5900E-09  0.5600E-09  0.5350E-09  0.4930E-09  0.4350E-09  0.3600E-09  0.2910E-09  0.2550E-09
  0.1000E+16  0.9920E-12  0.1170E-10  0.7690E-10  0.2810E-09  0.4810E-09  0.5900E-09  0.5790E-09  0.5500E-09  0.5250E-09  0.4850E-09  0.4290E-09  0.3560E-09  0.2880E-09  0.2520E-09
  0.1000E+17  0.9920E-12  0.1170E-10  0.7680E-10  0.2790E-09  0.4710E-09  0.5700E-09  0.5580E-09  0.5300E-09  0.5060E-09  0.4680E-09  0.4140E-09  0.3450E-09  0.2800E-09  0.2460E-09
WAVELENGTH(A)= 
    62.860
 7 14 t 
excit   
    24.900     37.300     62.200    124.000    249.000    622.000   1240.000   1870.000   2490.000   3730.000   6220.000  12400.000  24900.000  37300.000 
  0.1000E+11  0.1670E-12  0.1930E-11  0.1300E-10  0.5390E-10  0.1080E-09  0.1510E-09  0.1510E-09  0.1440E-09  0.1370E-09  0.1250E-09  0.1090E-09  0.8860E-10  0.7040E-10  0.6110E-10
  0.1000E+12  0.1670E-12  0.1930E-11  0.1300E-10  0.5390E-10  0.1080E-09  0.1510E-09  0.1510E-09  0.1440E-09  0.1370E-09  0.1250E-09  0.1090E-09  0.8860E-10  0.7040E-10  0.6110E-10
  0.1000E+13  0.1670E-12  0.1930E-11  0.1300E-10  0.5390E-10  0.1080E-09  0.1510E-09  0.1510E-09  0.1440E-09  0.1370E-09  0.1250E-09  0.1090E-09  0.8850E-10  0.7040E-10  0.6110E-10
  0.1000E+14  0.1670E-12  0.1930E-11  0.1300E-10  0.5390E-10  0.1080E-09  0.1510E-09  0.1510E-09  0.1440E-09  0.1360E-09  0.1250E-09  0.1090E-09  0.8850E-10  0.7040E-10  0.6110E-10
  0.1000E+15  0.1670E-12  0.1930E-11  0.1300E-10  0.5390E-10  0.1080E-09  0.1500E-09  0.1510E-09  0.1430E-09  0.1360E-09  0.1240E-09  0.1090E-09  0.8840E-10  0.7030E-10  0.6110E-10
  0.1000E+16  0.1670E-12  0.1930E-11  0.1300E-10  0.5380E-10  0.1080E-09  0.1490E-09  0.1490E-09  0.1420E-09  0.1350E-09  0.1230E-09  0.1080E-09  0.8780E-10  0.6990E-10  0.6080E-10
  0.1000E+17  0.1670E-12  0.1930E-11  0.1300E-10  0.5370E-10  0.1070E-09  0.1460E-09  0.1460E-09  0.1390E-09  0.1320E-09  0.1210E-09  0.1060E-09  0.8640E-10  0.6890E-10  0.6000E-10
WAVELENGTH(A)= 
    62.953
 7 14 t 
excit   
    24.900     37.300     62.200    124.000    249.000    622.000   1240.000   1870.000   2490.000   3730.000   6220.000  12400.000  24900.000  37300.000 
  0.1000E+11  0.1250E-16  0.1940E-14  0.1010E-12  0.1670E-11  0.5810E-11  0.9730E-11  0.9690E-11  0.8950E-11  0.8310E-11  0.7250E-11  0.6000E-11  0.4520E-11  0.3370E-11  0.2820E-11
  0.1000E+12  0.1250E-16  0.1940E-14  0.1010E-12  0.1670E-11  0.5810E-11  0.9730E-11  0.9690E-11  0.8950E-11  0.8310E-11  0.7250E-11  0.6000E-11  0.4520E-11  0.3370E-11  0.2820E-11
  0.1000E+13  0.1250E-16  0.1940E-14  0.1010E-12  0.1670E-11  0.5810E-11  0.9730E-11  0.9690E-11  0.8950E-11  0.8310E-11  0.7250E-11  0.6000E-11  0.4520E-11  0.3370E-11  0.2820E-11
  0.1000E+14  0.1250E-16  0.1940E-14  0.1010E-12  0.1670E-11  0.5810E-11  0.9730E-11  0.9690E-11  0.8950E-11  0.8310E-11  0.7250E-11  0.6000E-11  0.4520E-11  0.3370E-11  0.2820E-11
  0.1000E+15  0.1250E-16  0.1940E-14  0.1010E-12  0.1670E-11  0.5810E-11  0.9720E-11  0.9680E-11  0.8940E-11  0.8300E-11  0.7250E-11  0.6000E-11  0.4520E-11  0.3370E-11  0.2820E-11
  0.1000E+16  0.1250E-16  0.1940E-14  0.1010E-12  0.1680E-11  0.5800E-11  0.9650E-11  0.9590E-11  0.8860E-11  0.8240E-11  0.7190E-11  0.5960E-11  0.4500E-11  0.3360E-11  0.2820E-11
  0.1000E+17  0.1250E-16  0.1950E-14  0.1020E-12  0.1690E-11  0.5770E-11  0.9480E-11  0.9400E-11  0.8690E-11  0.8080E-11  0.7070E-11  0.5870E-11  0.4450E-11  0.3320E-11  0.2790E-11
WAVELENGTH(A)= 
    63.527
 7 14 t 
excit   
    24.900     37.300     62.200    124.000    249.000    622.000   1240.000   1870.000   2490.000   3730.000   6220.000  12400.000  24900.000  37300.000 
  0.1000E+11  0.3120E-12  0.3510E-11  0.2280E-10  0.8750E-10  0.1640E-09  0.2160E-09  0.2150E-09  0.2040E-09  0.1930E-09  0.1770E-09  0.1560E-09  0.1280E-09  0.1030E-09  0.8990E-10
  0.1000E+12  0.3120E-12  0.3510E-11  0.2280E-10  0.8750E-10  0.1640E-09  0.2160E-09  0.2150E-09  0.2040E-09  0.1930E-09  0.1770E-09  0.1560E-09  0.1280E-09  0.1030E-09  0.8990E-10
  0.1000E+13  0.3120E-12  0.3510E-11  0.2280E-10  0.8750E-10  0.1640E-09  0.2160E-09  0.2150E-09  0.2040E-09  0.1930E-09  0.1770E-09  0.1560E-09  0.1280E-09  0.1030E-09  0.8990E-10
  0.1000E+14  0.3120E-12  0.3510E-11  0.2280E-10  0.8750E-10  0.1640E-09  0.2160E-09  0.2140E-09  0.2040E-09  0.1930E-09  0.1770E-09  0.1560E-09  0.1280E-09  0.1030E-09  0.8990E-10
  0.1000E+15  0.3120E-12  0.3510E-11  0.2280E-10  0.8740E-10  0.1640E-09  0.2150E-09  0.2140E-09  0.2030E-09  0.1930E-09  0.1770E-09  0.1560E-09  0.1270E-09  0.1030E-09  0.8970E-10
  0.1000E+16  0.3120E-12  0.3510E-11  0.2280E-10  0.8710E-10  0.1620E-09  0.2110E-09  0.2090E-09  0.1980E-09  0.1890E-09  0.1730E-09  0.1530E-09  0.1260E-09  0.1010E-09  0.8870E-10
  0.1000E+17  0.3120E-12  0.3510E-11  0.2270E-10  0.8660E-10  0.1590E-09  0.2060E-09  0.2030E-09  0.1920E-09  0.1830E-09  0.1680E-09  0.1480E-09  0.1220E-09  0.9870E-10  0.8660E-10
WAVELENGTH(A)= 
    63.804
 7 14 t 
excit   
    24.900     37.300     62.200    124.000    249.000    622.000   1240.000   1870.000   2490.000   3730.000   6220.000  12400.000  24900.000  37300.000 
  0.1000E+11  0.8590E-17  0.1330E-14  0.6860E-13  0.1130E-11  0.3910E-11  0.6530E-11  0.6490E-11  0.5960E-11  0.5510E-11  0.4810E-11  0.3960E-11  0.2960E-11  0.2170E-11  0.1800E-11
  0.1000E+12  0.8590E-17  0.1330E-14  0.6860E-13  0.1130E-11  0.3910E-11  0.6530E-11  0.6490E-11  0.5960E-11  0.5510E-11  0.4810E-11  0.3960E-11  0.2960E-11  0.2170E-11  0.1800E-11
  0.1000E+13  0.8590E-17  0.1330E-14  0.6860E-13  0.1130E-11  0.3910E-11  0.6530E-11  0.6490E-11  0.5960E-11  0.5510E-11  0.4810E-11  0.3960E-11  0.2960E-11  0.2170E-11  0.1800E-11
  0.1000E+14  0.8590E-17  0.1330E-14  0.6860E-13  0.1130E-11  0.3910E-11  0.6530E-11  0.6490E-11  0.5960E-11  0.5510E-11  0.4810E-11  0.3960E-11  0.2960E-11  0.2170E-11  0.1800E-11
  0.1000E+15  0.8590E-17  0.1330E-14  0.6860E-13  0.1130E-11  0.3910E-11  0.6520E-11  0.6480E-11  0.5950E-11  0.5500E-11  0.4800E-11  0.3960E-11  0.2960E-11  0.2170E-11  0.1800E-11
  0.1000E+16  0.8590E-17  0.1330E-14  0.6880E-13  0.1140E-11  0.3910E-11  0.6490E-11  0.6440E-11  0.5920E-11  0.5470E-11  0.4780E-11  0.3940E-11  0.2950E-11  0.2170E-11  0.1800E-11
  0.1000E+17  0.8600E-17  0.1340E-14  0.6970E-13  0.1160E-11  0.3950E-11  0.6480E-11  0.6420E-11  0.5910E-11  0.5460E-11  0.4780E-11  0.3950E-11  0.2960E-11  0.2180E-11  0.1810E-11
WAVELENGTH(A)= 
    64.189
 7 14 t 
excit   
    24.900     37.300     62.200    124.000    249.000    622.000   1240.000   1870.000   2490.000   3730.000   6220.000  12400.000  24900.000  37300.000 
  0.1000E+11  0.1440E-17  0.4350E-15  0.3830E-13  0.9510E-12  0.4010E-11  0.7510E-11  0.7810E-11  0.7250E-11  0.6730E-11  0.5950E-11  0.4900E-11  0.3680E-11  0.2690E-11  0.2240E-11
  0.1000E+12  0.1440E-17  0.4350E-15  0.3830E-13  0.9510E-12  0.4010E-11  0.7510E-11  0.7810E-11  0.7250E-11  0.6730E-11  0.5950E-11  0.4900E-11  0.3680E-11  0.2690E-11  0.2240E-11
  0.1000E+13  0.1440E-17  0.4350E-15  0.3830E-13  0.9510E-12  0.4010E-11  0.7510E-11  0.7810E-11  0.7250E-11  0.6730E-11  0.5950E-11  0.4900E-11  0.3680E-11  0.2690E-11  0.2240E-11
  0.1000E+14  0.1440E-17  0.4350E-15  0.3830E-13  0.9510E-12  0.4010E-11  0.7510E-11  0.7800E-11  0.7250E-11  0.6730E-11  0.5950E-11  0.4890E-11  0.3680E-11  0.2690E-11  0.2240E-11
  0.1000E+15  0.1440E-17  0.4350E-15  0.3830E-13  0.9500E-12  0.4000E-11  0.7480E-11  0.7780E-11  0.7220E-11  0.6710E-11  0.5930E-11  0.4880E-11  0.3670E-11  0.2690E-11  0.2240E-11
  0.1000E+16  0.1440E-17  0.4350E-15  0.3830E-13  0.9470E-12  0.3960E-11  0.7350E-11  0.7630E-11  0.7090E-11  0.6590E-11  0.5830E-11  0.4810E-11  0.3620E-11  0.2660E-11  0.2220E-11
  0.1000E+17  0.1440E-17  0.4350E-15  0.3820E-13  0.9400E-12  0.3870E-11  0.7090E-11  0.7330E-11  0.6810E-11  0.6330E-11  0.5610E-11  0.4640E-11  0.3510E-11  0.2580E-11  0.2160E-11
WAVELENGTH(A)= 
    64.276
 7 14 t 
excit   
    24.900     37.300     62.200    124.000    249.000    622.000   1240.000   1870.000   2490.000   3730.000   6220.000  12400.000  24900.000  37300.000 
  0.1000E+11  0.8640E-17  0.1340E-14  0.6900E-13  0.1140E-11  0.3940E-11  0.6570E-11  0.6530E-11  0.6000E-11  0.5540E-11  0.4840E-11  0.3980E-11  0.2980E-11  0.2180E-11  0.1810E-11
  0.1000E+12  0.8640E-17  0.1340E-14  0.6900E-13  0.1140E-11  0.3940E-11  0.6570E-11  0.6530E-11  0.6000E-11  0.5540E-11  0.4840E-11  0.3980E-11  0.2980E-11  0.2180E-11  0.1810E-11
  0.1000E+13  0.8640E-17  0.1340E-14  0.6900E-13  0.1140E-11  0.3940E-11  0.6570E-11  0.6530E-11  0.6000E-11  0.5540E-11  0.4840E-11  0.3980E-11  0.2980E-11  0.2180E-11  0.1810E-11
  0.1000E+14  0.8640E-17  0.1340E-14  0.6900E-13  0.1140E-11  0.3940E-11  0.6570E-11  0.6530E-11  0.6000E-11  0.5540E-11  0.4840E-11  0.3980E-11  0.2980E-11  0.2180E-11  0.1810E-11
  0.1000E+15  0.8640E-17  0.1340E-14  0.6900E-13  0.1140E-11  0.3930E-11  0.6560E-11  0.6520E-11  0.5990E-11  0.5540E-11  0.4830E-11  0.3980E-11  0.2970E-11  0.2180E-11  0.1810E-11
  0.1000E+16  0.8640E-17  0.1340E-14  0.6920E-13  0.1140E-11  0.3940E-11  0.6530E-11  0.6480E-11  0.5960E-11  0.5510E-11  0.4810E-11  0.3970E-11  0.2970E-11  0.2180E-11  0.1810E-11
  0.1000E+17  0.8650E-17  0.1340E-14  0.7010E-13  0.1160E-11  0.3970E-11  0.6520E-11  0.6460E-11  0.5940E-11  0.5500E-11  0.4810E-11  0.3970E-11  0.2980E-11  0.2190E-11  0.1820E-11
WAVELENGTH(A)= 
    65.266
 7 14 t 
excit   
    24.900     37.300     62.200    124.000    249.000    622.000   1240.000   1870.000   2490.000   3730.000   6220.000  12400.000  24900.000  37300.000 
  0.1000E+11  0.5630E-17  0.1160E-14  0.7440E-13  0.1460E-11  0.5470E-11  0.9620E-11  0.9730E-11  0.9020E-11  0.8350E-11  0.7330E-11  0.6050E-11  0.4530E-11  0.3330E-11  0.2770E-11
  0.1000E+12  0.5630E-17  0.1160E-14  0.7440E-13  0.1460E-11  0.5470E-11  0.9620E-11  0.9730E-11  0.9020E-11  0.8350E-11  0.7330E-11  0.6050E-11  0.4530E-11  0.3330E-11  0.2770E-11
  0.1000E+13  0.5630E-17  0.1160E-14  0.7440E-13  0.1460E-11  0.5470E-11  0.9610E-11  0.9730E-11  0.9020E-11  0.8350E-11  0.7330E-11  0.6050E-11  0.4530E-11  0.3330E-11  0.2770E-11
  0.1000E+14  0.5630E-17  0.1160E-14  0.7440E-13  0.1460E-11  0.5470E-11  0.9610E-11  0.9730E-11  0.9020E-11  0.8350E-11  0.7330E-11  0.6050E-11  0.4530E-11  0.3330E-11  0.2770E-11
  0.1000E+15  0.5630E-17  0.1160E-14  0.7440E-13  0.1460E-11  0.5470E-11  0.9600E-11  0.9710E-11  0.9000E-11  0.8340E-11  0.7320E-11  0.6050E-11  0.4530E-11  0.3330E-11  0.2770E-11
  0.1000E+16  0.5630E-17  0.1160E-14  0.7460E-13  0.1460E-11  0.5450E-11  0.9520E-11  0.9620E-11  0.8920E-11  0.8260E-11  0.7260E-11  0.6010E-11  0.4510E-11  0.3320E-11  0.2770E-11
  0.1000E+17  0.5640E-17  0.1160E-14  0.7510E-13  0.1470E-11  0.5420E-11  0.9350E-11  0.9420E-11  0.8740E-11  0.8100E-11  0.7130E-11  0.5910E-11  0.4450E-11  0.3290E-11  0.2750E-11
WAVELENGTH(A)= 
    69.935
 7 14 t 
excit   
    24.900     37.300     62.200    124.000    249.000    622.000   1240.000   1870.000   2490.000   3730.000   6220.000  12400.000  24900.000  37300.000 
  0.1000E+11  0.1750E-16  0.2160E-14  0.9280E-13  0.1340E-11  0.4320E-11  0.6990E-11  0.6920E-11  0.6380E-11  0.5900E-11  0.5180E-11  0.4300E-11  0.3300E-11  0.2480E-11  0.2090E-11
  0.1000E+12  0.1750E-16  0.2160E-14  0.9280E-13  0.1340E-11  0.4320E-11  0.6990E-11  0.6920E-11  0.6380E-11  0.5900E-11  0.5180E-11  0.4300E-11  0.3300E-11  0.2480E-11  0.2090E-11
  0.1000E+13  0.1750E-16  0.2160E-14  0.9280E-13  0.1340E-11  0.4320E-11  0.6990E-11  0.6920E-11  0.6380E-11  0.5900E-11  0.5180E-11  0.4300E-11  0.3300E-11  0.2480E-11  0.2090E-11
  0.1000E+14  0.1750E-16  0.2160E-14  0.9280E-13  0.1340E-11  0.4320E-11  0.6990E-11  0.6920E-11  0.6380E-11  0.5900E-11  0.5180E-11  0.4300E-11  0.3300E-11  0.2480E-11  0.2090E-11
  0.1000E+15  0.1760E-16  0.2160E-14  0.9290E-13  0.1340E-11  0.4330E-11  0.6990E-11  0.6920E-11  0.6380E-11  0.5900E-11  0.5180E-11  0.4300E-11  0.3300E-11  0.2480E-11  0.2090E-11
  0.1000E+16  0.1760E-16  0.2170E-14  0.9320E-13  0.1350E-11  0.4350E-11  0.6990E-11  0.6910E-11  0.6380E-11  0.5900E-11  0.5180E-11  0.4310E-11  0.3310E-11  0.2490E-11  0.2090E-11
  0.1000E+17  0.1760E-16  0.2180E-14  0.9460E-13  0.1390E-11  0.4460E-11  0.7130E-11  0.7040E-11  0.6500E-11  0.6020E-11  0.5290E-11  0.4400E-11  0.3380E-11  0.2540E-11  0.2130E-11
WAVELENGTH(A)= 
    70.794
 7 14 t 
excit   
    24.900     37.300     62.200    124.000    249.000    622.000   1240.000   1870.000   2490.000   3730.000   6220.000  12400.000  24900.000  37300.000 
  0.1000E+11  0.1830E-13  0.1650E-12  0.1220E-11  0.9150E-11  0.2740E-10  0.4610E-10  0.4740E-10  0.4460E-10  0.4190E-10  0.3750E-10  0.3170E-10  0.2460E-10  0.1870E-10  0.1590E-10
  0.1000E+12  0.1830E-13  0.1650E-12  0.1220E-11  0.9150E-11  0.2740E-10  0.4610E-10  0.4740E-10  0.4460E-10  0.4190E-10  0.3750E-10  0.3170E-10  0.2460E-10  0.1870E-10  0.1590E-10
  0.1000E+13  0.1830E-13  0.1650E-12  0.1220E-11  0.9150E-11  0.2740E-10  0.4610E-10  0.4740E-10  0.4460E-10  0.4190E-10  0.3750E-10  0.3170E-10  0.2460E-10  0.1870E-10  0.1590E-10
  0.1000E+14  0.1830E-13  0.1650E-12  0.1220E-11  0.9150E-11  0.2740E-10  0.4610E-10  0.4740E-10  0.4460E-10  0.4190E-10  0.3750E-10  0.3170E-10  0.2460E-10  0.1870E-10  0.1590E-10
  0.1000E+15  0.1830E-13  0.1650E-12  0.1220E-11  0.9150E-11  0.2740E-10  0.4600E-10  0.4730E-10  0.4460E-10  0.4180E-10  0.3740E-10  0.3170E-10  0.2460E-10  0.1870E-10  0.1590E-10
  0.1000E+16  0.1830E-13  0.1650E-12  0.1230E-11  0.9190E-11  0.2750E-10  0.4590E-10  0.4710E-10  0.4440E-10  0.4160E-10  0.3730E-10  0.3160E-10  0.2460E-10  0.1870E-10  0.1590E-10
  0.1000E+17  0.1830E-13  0.1650E-12  0.1240E-11  0.9360E-11  0.2780E-10  0.4580E-10  0.4690E-10  0.4420E-10  0.4140E-10  0.3720E-10  0.3150E-10  0.2460E-10  0.1880E-10  0.1590E-10
WAVELENGTH(A)= 
    71.386
 7 14 t 
excit   
    24.900     37.300     62.200    124.000    249.000    622.000   1240.000   1870.000   2490.000   3730.000   6220.000  12400.000  24900.000  37300.000 
  0.1000E+11  0.3380E-13  0.2910E-12  0.1740E-11  0.9270E-11  0.2450E-10  0.3980E-10  0.4110E-10  0.3880E-10  0.3650E-10  0.3280E-10  0.2800E-10  0.2190E-10  0.1680E-10  0.1430E-10
  0.1000E+12  0.3380E-13  0.2910E-12  0.1740E-11  0.9270E-11  0.2450E-10  0.3980E-10  0.4110E-10  0.3880E-10  0.3650E-10  0.3280E-10  0.2800E-10  0.2190E-10  0.1680E-10  0.1430E-10
  0.1000E+13  0.3380E-13  0.2910E-12  0.1740E-11  0.9270E-11  0.2450E-10  0.3980E-10  0.4110E-10  0.3880E-10  0.3650E-10  0.3280E-10  0.2800E-10  0.2190E-10  0.1680E-10  0.1430E-10
  0.1000E+14  0.3380E-13  0.2910E-12  0.1740E-11  0.9270E-11  0.2450E-10  0.3980E-10  0.4100E-10  0.3880E-10  0.3650E-10  0.3280E-10  0.2800E-10  0.2190E-10  0.1680E-10  0.1430E-10
  0.1000E+15  0.3380E-13  0.2910E-12  0.1740E-11  0.9270E-11  0.2450E-10  0.3970E-10  0.4100E-10  0.3870E-10  0.3650E-10  0.3280E-10  0.2800E-10  0.2190E-10  0.1680E-10  0.1430E-10
  0.1000E+16  0.3380E-13  0.2910E-12  0.1740E-11  0.9300E-11  0.2450E-10  0.3960E-10  0.4080E-10  0.3850E-10  0.3630E-10  0.3260E-10  0.2780E-10  0.2180E-10  0.1670E-10  0.1420E-10
  0.1000E+17  0.3380E-13  0.2910E-12  0.1740E-11  0.9430E-11  0.2480E-10  0.3970E-10  0.4070E-10  0.3850E-10  0.3630E-10  0.3260E-10  0.2790E-10  0.2190E-10  0.1680E-10  0.1430E-10
WAVELENGTH(A)= 
    72.435
 7 14 t 
excit   
    24.900     37.300     62.200    124.000    249.000    622.000   1240.000   1870.000   2490.000   3730.000   6220.000  12400.000  24900.000  37300.000 
  0.1000E+11  0.1230E-14  0.1290E-13  0.1920E-12  0.2420E-11  0.8270E-11  0.1480E-10  0.1560E-10  0.1490E-10  0.1400E-10  0.1260E-10  0.1070E-10  0.8310E-11  0.6310E-11  0.5330E-11
  0.1000E+12  0.1230E-14  0.1290E-13  0.1920E-12  0.2420E-11  0.8270E-11  0.1480E-10  0.1560E-10  0.1490E-10  0.1400E-10  0.1260E-10  0.1070E-10  0.8310E-11  0.6310E-11  0.5330E-11
  0.1000E+13  0.1230E-14  0.1290E-13  0.1920E-12  0.2420E-11  0.8270E-11  0.1480E-10  0.1560E-10  0.1490E-10  0.1400E-10  0.1260E-10  0.1070E-10  0.8310E-11  0.6310E-11  0.5330E-11
  0.1000E+14  0.1230E-14  0.1290E-13  0.1920E-12  0.2420E-11  0.8270E-11  0.1480E-10  0.1560E-10  0.1490E-10  0.1400E-10  0.1260E-10  0.1070E-10  0.8310E-11  0.6310E-11  0.5330E-11
  0.1000E+15  0.1230E-14  0.1290E-13  0.1920E-12  0.2420E-11  0.8260E-11  0.1480E-10  0.1560E-10  0.1480E-10  0.1400E-10  0.1260E-10  0.1070E-10  0.8300E-11  0.6300E-11  0.5330E-11
  0.1000E+16  0.1230E-14  0.1290E-13  0.1920E-12  0.2420E-11  0.8220E-11  0.1460E-10  0.1540E-10  0.1460E-10  0.1380E-10  0.1240E-10  0.1050E-10  0.8220E-11  0.6250E-11  0.5290E-11
  0.1000E+17  0.1230E-14  0.1290E-13  0.1940E-12  0.2410E-11  0.7990E-11  0.1390E-10  0.1460E-10  0.1390E-10  0.1310E-10  0.1180E-10  0.1010E-10  0.7940E-11  0.6080E-11  0.5160E-11
WAVELENGTH(A)= 
    72.622
 7 14 t 
excit   
    24.900     37.300     62.200    124.000    249.000    622.000   1240.000   1870.000   2490.000   3730.000   6220.000  12400.000  24900.000  37300.000 
  0.1000E+11  0.2440E-16  0.2870E-14  0.1180E-12  0.1660E-11  0.5280E-11  0.8440E-11  0.8300E-11  0.7600E-11  0.7050E-11  0.6150E-11  0.5100E-11  0.3860E-11  0.2870E-11  0.2420E-11
  0.1000E+12  0.2440E-16  0.2870E-14  0.1180E-12  0.1660E-11  0.5280E-11  0.8440E-11  0.8310E-11  0.7600E-11  0.7050E-11  0.6150E-11  0.5100E-11  0.3860E-11  0.2870E-11  0.2420E-11
  0.1000E+13  0.2440E-16  0.2870E-14  0.1180E-12  0.1660E-11  0.5280E-11  0.8450E-11  0.8310E-11  0.7600E-11  0.7060E-11  0.6160E-11  0.5100E-11  0.3860E-11  0.2870E-11  0.2420E-11
  0.1000E+14  0.2450E-16  0.2870E-14  0.1180E-12  0.1670E-11  0.5300E-11  0.8480E-11  0.8340E-11  0.7630E-11  0.7080E-11  0.6180E-11  0.5120E-11  0.3870E-11  0.2880E-11  0.2420E-11
  0.1000E+15  0.2450E-16  0.2870E-14  0.1190E-12  0.1700E-11  0.5460E-11  0.8800E-11  0.8660E-11  0.7920E-11  0.7340E-11  0.6390E-11  0.5290E-11  0.3980E-11  0.2950E-11  0.2470E-11
  0.1000E+16  0.2450E-16  0.2900E-14  0.1250E-12  0.1890E-11  0.6300E-11  0.1040E-10  0.1030E-10  0.9380E-11  0.8700E-11  0.7570E-11  0.6230E-11  0.4650E-11  0.3400E-11  0.2830E-11
  0.1000E+17  0.2470E-16  0.3040E-14  0.1410E-12  0.2250E-11  0.7550E-11  0.1250E-10  0.1240E-10  0.1150E-10  0.1070E-10  0.9380E-11  0.7800E-11  0.5880E-11  0.4340E-11  0.3620E-11
WAVELENGTH(A)= 
    73.505
 7 14 t 
excit   
    24.900     37.300     62.200    124.000    249.000    622.000   1240.000   1870.000   2490.000   3730.000   6220.000  12400.000  24900.000  37300.000 
  0.1000E+11  0.1340E-11  0.1050E-10  0.5100E-10  0.1540E-09  0.2500E-09  0.3040E-09  0.2940E-09  0.2770E-09  0.2610E-09  0.2380E-09  0.2090E-09  0.1700E-09  0.1360E-09  0.1180E-09
  0.1000E+12  0.1340E-11  0.1050E-10  0.5100E-10  0.1540E-09  0.2500E-09  0.3040E-09  0.2940E-09  0.2770E-09  0.2610E-09  0.2380E-09  0.2090E-09  0.1700E-09  0.1360E-09  0.1180E-09
  0.1000E+13  0.1340E-11  0.1050E-10  0.5100E-10  0.1540E-09  0.2500E-09  0.3040E-09  0.2940E-09  0.2770E-09  0.2610E-09  0.2380E-09  0.2090E-09  0.1700E-09  0.1360E-09  0.1180E-09
  0.1000E+14  0.1340E-11  0.1050E-10  0.5100E-10  0.1540E-09  0.2500E-09  0.3030E-09  0.2930E-09  0.2770E-09  0.2610E-09  0.2380E-09  0.2090E-09  0.1700E-09  0.1360E-09  0.1180E-09
  0.1000E+15  0.1340E-11  0.1050E-10  0.5100E-10  0.1540E-09  0.2500E-09  0.3030E-09  0.2930E-09  0.2760E-09  0.2610E-09  0.2380E-09  0.2080E-09  0.1700E-09  0.1360E-09  0.1180E-09
  0.1000E+16  0.1340E-11  0.1050E-10  0.5100E-10  0.1530E-09  0.2480E-09  0.2990E-09  0.2890E-09  0.2720E-09  0.2580E-09  0.2350E-09  0.2060E-09  0.1680E-09  0.1350E-09  0.1170E-09
  0.1000E+17  0.1340E-11  0.1050E-10  0.5100E-10  0.1520E-09  0.2450E-09  0.2930E-09  0.2820E-09  0.2660E-09  0.2510E-09  0.2290E-09  0.2010E-09  0.1650E-09  0.1320E-09  0.1150E-09
WAVELENGTH(A)= 
    75.403
 7 14 t 
excit   
    24.900     37.300     62.200    124.000    249.000    622.000   1240.000   1870.000   2490.000   3730.000   6220.000  12400.000  24900.000  37300.000 
  0.1000E+11  0.2640E-16  0.3100E-14  0.1280E-12  0.1800E-11  0.5700E-11  0.9110E-11  0.8960E-11  0.8200E-11  0.7610E-11  0.6640E-11  0.5510E-11  0.4170E-11  0.3100E-11  0.2610E-11
  0.1000E+12  0.2640E-16  0.3100E-14  0.1280E-12  0.1800E-11  0.5700E-11  0.9110E-11  0.8960E-11  0.8200E-11  0.7610E-11  0.6640E-11  0.5510E-11  0.4170E-11  0.3100E-11  0.2610E-11
  0.1000E+13  0.2640E-16  0.3100E-14  0.1280E-12  0.1800E-11  0.5700E-11  0.9120E-11  0.8970E-11  0.8200E-11  0.7620E-11  0.6640E-11  0.5510E-11  0.4170E-11  0.3100E-11  0.2610E-11
  0.1000E+14  0.2640E-16  0.3100E-14  0.1280E-12  0.1800E-11  0.5720E-11  0.9150E-11  0.9010E-11  0.8240E-11  0.7650E-11  0.6670E-11  0.5530E-11  0.4180E-11  0.3110E-11  0.2610E-11
  0.1000E+15  0.2640E-16  0.3100E-14  0.1290E-12  0.1830E-11  0.5890E-11  0.9500E-11  0.9350E-11  0.8540E-11  0.7920E-11  0.6900E-11  0.5710E-11  0.4300E-11  0.3180E-11  0.2670E-11
  0.1000E+16  0.2640E-16  0.3130E-14  0.1340E-12  0.2040E-11  0.6800E-11  0.1120E-10  0.1110E-10  0.1010E-10  0.9390E-11  0.8170E-11  0.6730E-11  0.5020E-11  0.3670E-11  0.3050E-11
  0.1000E+17  0.2670E-16  0.3280E-14  0.1520E-12  0.2430E-11  0.8150E-11  0.1350E-10  0.1340E-10  0.1240E-10  0.1150E-10  0.1010E-10  0.8420E-11  0.6350E-11  0.4690E-11  0.3910E-11
WAVELENGTH(A)= 
    77.057
 7 14 t 
excit   
    24.900     37.300     62.200    124.000    249.000    622.000   1240.000   1870.000   2490.000   3730.000   6220.000  12400.000  24900.000  37300.000 
  0.1000E+11  0.9600E-15  0.1800E-13  0.5800E-12  0.9140E-11  0.3320E-10  0.6120E-10  0.6500E-10  0.6190E-10  0.5850E-10  0.5260E-10  0.4490E-10  0.3510E-10  0.2680E-10  0.2280E-10
  0.1000E+12  0.9600E-15  0.1800E-13  0.5800E-12  0.9140E-11  0.3320E-10  0.6120E-10  0.6500E-10  0.6190E-10  0.5850E-10  0.5260E-10  0.4490E-10  0.3510E-10  0.2680E-10  0.2280E-10
  0.1000E+13  0.9600E-15  0.1800E-13  0.5800E-12  0.9140E-11  0.3320E-10  0.6120E-10  0.6500E-10  0.6190E-10  0.5850E-10  0.5260E-10  0.4490E-10  0.3510E-10  0.2680E-10  0.2280E-10
  0.1000E+14  0.9600E-15  0.1800E-13  0.5790E-12  0.9120E-11  0.3300E-10  0.6090E-10  0.6470E-10  0.6160E-10  0.5820E-10  0.5240E-10  0.4470E-10  0.3500E-10  0.2680E-10  0.2280E-10
  0.1000E+15  0.9590E-15  0.1790E-13  0.5750E-12  0.8940E-11  0.3200E-10  0.5860E-10  0.6230E-10  0.5940E-10  0.5620E-10  0.5070E-10  0.4350E-10  0.3410E-10  0.2630E-10  0.2240E-10
  0.1000E+16  0.9550E-15  0.1750E-13  0.5400E-12  0.7780E-11  0.2620E-10  0.4650E-10  0.4950E-10  0.4750E-10  0.4520E-10  0.4130E-10  0.3590E-10  0.2880E-10  0.2270E-10  0.1960E-10
  0.1000E+17  0.9260E-15  0.1550E-13  0.4220E-12  0.5130E-11  0.1490E-10  0.2420E-10  0.2570E-10  0.2490E-10  0.2400E-10  0.2240E-10  0.2010E-10  0.1690E-10  0.1390E-10  0.1230E-10
WAVELENGTH(A)= 
    77.483
 7 14 t 
excit   
    24.900     37.300     62.200    124.000    249.000    622.000   1240.000   1870.000   2490.000   3730.000   6220.000  12400.000  24900.000  37300.000 
  0.1000E+11  0.1230E-16  0.1960E-14  0.1040E-12  0.1740E-11  0.6060E-11  0.1010E-10  0.1010E-10  0.9270E-11  0.8550E-11  0.7460E-11  0.6120E-11  0.4560E-11  0.3330E-11  0.2760E-11
  0.1000E+12  0.1230E-16  0.1960E-14  0.1040E-12  0.1740E-11  0.6050E-11  0.1010E-10  0.1010E-10  0.9270E-11  0.8550E-11  0.7460E-11  0.6120E-11  0.4560E-11  0.3330E-11  0.2760E-11
  0.1000E+13  0.1230E-16  0.1960E-14  0.1040E-12  0.1740E-11  0.6050E-11  0.1010E-10  0.1010E-10  0.9270E-11  0.8550E-11  0.7460E-11  0.6120E-11  0.4560E-11  0.3330E-11  0.2760E-11
  0.1000E+14  0.1230E-16  0.1960E-14  0.1040E-12  0.1740E-11  0.6050E-11  0.1010E-10  0.1010E-10  0.9260E-11  0.8550E-11  0.7460E-11  0.6120E-11  0.4550E-11  0.3330E-11  0.2760E-11
  0.1000E+15  0.1230E-16  0.1960E-14  0.1040E-12  0.1740E-11  0.6040E-11  0.1010E-10  0.1000E-10  0.9230E-11  0.8520E-11  0.7440E-11  0.6110E-11  0.4550E-11  0.3320E-11  0.2750E-11
  0.1000E+16  0.1230E-16  0.1960E-14  0.1030E-12  0.1730E-11  0.5980E-11  0.9920E-11  0.9830E-11  0.9060E-11  0.8360E-11  0.7310E-11  0.6010E-11  0.4490E-11  0.3290E-11  0.2730E-11
  0.1000E+17  0.1230E-16  0.1960E-14  0.1030E-12  0.1720E-11  0.5850E-11  0.9560E-11  0.9440E-11  0.8690E-11  0.8030E-11  0.7030E-11  0.5790E-11  0.4340E-11  0.3190E-11  0.2650E-11
WAVELENGTH(A)= 
   271.813
 7 14 t 
excit   
    24.900     37.300     62.200    124.000    249.000    622.000   1240.000   1870.000   2490.000   3730.000   6220.000  12400.000  24900.000  37300.000 
  0.1000E+11  0.3440E-16  0.4320E-14  0.2070E-12  0.3570E-11  0.1350E-10  0.2530E-10  0.2700E-10  0.2560E-10  0.2420E-10  0.2170E-10  0.1850E-10  0.1440E-10  0.1100E-10  0.9300E-11
  0.1000E+12  0.3440E-16  0.4320E-14  0.2070E-12  0.3570E-11  0.1350E-10  0.2530E-10  0.2700E-10  0.2560E-10  0.2420E-10  0.2170E-10  0.1850E-10  0.1440E-10  0.1100E-10  0.9300E-11
  0.1000E+13  0.3430E-16  0.4320E-14  0.2060E-12  0.3570E-11  0.1350E-10  0.2530E-10  0.2690E-10  0.2560E-10  0.2420E-10  0.2170E-10  0.1850E-10  0.1440E-10  0.1100E-10  0.9290E-11
  0.1000E+14  0.3430E-16  0.4320E-14  0.2060E-12  0.3550E-11  0.1330E-10  0.2500E-10  0.2670E-10  0.2540E-10  0.2400E-10  0.2160E-10  0.1840E-10  0.1430E-10  0.1090E-10  0.9250E-11
  0.1000E+15  0.3410E-16  0.4270E-14  0.2010E-12  0.3350E-11  0.1230E-10  0.2270E-10  0.2430E-10  0.2320E-10  0.2210E-10  0.1990E-10  0.1720E-10  0.1350E-10  0.1040E-10  0.8870E-11
  0.1000E+16  0.3170E-16  0.3840E-14  0.1620E-12  0.2170E-11  0.6810E-11  0.1190E-10  0.1300E-10  0.1270E-10  0.1230E-10  0.1150E-10  0.1040E-10  0.8680E-11  0.7140E-11  0.6310E-11
  0.1000E+17  0.1920E-16  0.1950E-14  0.5720E-13  0.5080E-12  0.1350E-11  0.2220E-11  0.2460E-11  0.2460E-11  0.2440E-11  0.2350E-11  0.2220E-11  0.2020E-11  0.1820E-11  0.1700E-11
WAVELENGTH(A)= 
   484.496
 7 14 t 
excit   
    24.900     37.300     62.200    124.000    249.000    622.000   1240.000   1870.000   2490.000   3730.000   6220.000  12400.000  24900.000  37300.000 
  0.1000E+11  0.1510E-16  0.1880E-14  0.9520E-13  0.1670E-11  0.6320E-11  0.1200E-10  0.1290E-10  0.1240E-10  0.1170E-10  0.1060E-10  0.9030E-11  0.7060E-11  0.5400E-11  0.4580E-11
  0.1000E+12  0.1510E-16  0.1880E-14  0.9520E-13  0.1670E-11  0.6320E-11  0.1200E-10  0.1290E-10  0.1240E-10  0.1170E-10  0.1060E-10  0.9030E-11  0.7060E-11  0.5400E-11  0.4580E-11
  0.1000E+13  0.1510E-16  0.1880E-14  0.9520E-13  0.1670E-11  0.6320E-11  0.1200E-10  0.1290E-10  0.1240E-10  0.1170E-10  0.1060E-10  0.9030E-11  0.7060E-11  0.5400E-11  0.4580E-11
  0.1000E+14  0.1510E-16  0.1880E-14  0.9520E-13  0.1670E-11  0.6320E-11  0.1200E-10  0.1290E-10  0.1230E-10  0.1170E-10  0.1060E-10  0.9030E-11  0.7060E-11  0.5400E-11  0.4580E-11
  0.1000E+15  0.1510E-16  0.1880E-14  0.9500E-13  0.1670E-11  0.6290E-11  0.1190E-10  0.1280E-10  0.1230E-10  0.1160E-10  0.1050E-10  0.9000E-11  0.7040E-11  0.5390E-11  0.4570E-11
  0.1000E+16  0.1500E-16  0.1860E-14  0.9300E-13  0.1570E-11  0.5710E-11  0.1060E-10  0.1150E-10  0.1110E-10  0.1060E-10  0.9660E-11  0.8370E-11  0.6660E-11  0.5170E-11  0.4420E-11
  0.1000E+17  0.1390E-16  0.1610E-14  0.6760E-13  0.8330E-12  0.2490E-11  0.4300E-11  0.4750E-11  0.4740E-11  0.4640E-11  0.4420E-11  0.4070E-11  0.3540E-11  0.3010E-11  0.2720E-11
