 50  7 14
WAVELENGTH(A)= 
   212.736
 7 14 t 
excit   
     0.431      0.646      1.080      2.150      4.310     10.800     21.500     32.300     43.100     64.600    108.000    215.000    431.000    646.000 
  0.1000E+11  0.1000E-73  0.1000E-73  0.1140E-30  0.2840E-19  0.1120E-13  0.1950E-10  0.1800E-09  0.3330E-09  0.4280E-09  0.5140E-09  0.5550E-09  0.5530E-09  0.5280E-09  0.5110E-09
  0.1000E+12  0.1000E-73  0.1000E-73  0.9650E-31  0.2340E-19  0.9190E-14  0.1720E-10  0.1690E-09  0.3180E-09  0.4110E-09  0.4930E-09  0.5290E-09  0.5180E-09  0.4820E-09  0.4580E-09
  0.1000E+13  0.1000E-73  0.1000E-73  0.9460E-31  0.2290E-19  0.8980E-14  0.1690E-10  0.1680E-09  0.3160E-09  0.4090E-09  0.4910E-09  0.5270E-09  0.5140E-09  0.4770E-09  0.4520E-09
  0.1000E+14  0.1000E-73  0.4500E-46  0.9440E-31  0.2280E-19  0.8950E-14  0.1690E-10  0.1680E-09  0.3160E-09  0.4090E-09  0.4910E-09  0.5260E-09  0.5140E-09  0.4760E-09  0.4520E-09
  0.1000E+15  0.1000E-73  0.4050E-46  0.9440E-31  0.2280E-19  0.8950E-14  0.1690E-10  0.1670E-09  0.3160E-09  0.4080E-09  0.4900E-09  0.5250E-09  0.5130E-09  0.4760E-09  0.4510E-09
  0.1000E+16  0.1000E-73  0.3960E-46  0.9440E-31  0.2280E-19  0.8940E-14  0.1680E-10  0.1650E-09  0.3110E-09  0.4010E-09  0.4830E-09  0.5180E-09  0.5070E-09  0.4720E-09  0.4480E-09
  0.1000E+17  0.1000E-73  0.3950E-46  0.9410E-31  0.2280E-19  0.8830E-14  0.1560E-10  0.1450E-09  0.2700E-09  0.3480E-09  0.4200E-09  0.4560E-09  0.4550E-09  0.4310E-09  0.4130E-09
WAVELENGTH(A)= 
   214.009
 7 14 t 
excit   
     0.431      0.646      1.080      2.150      4.310     10.800     21.500     32.300     43.100     64.600    108.000    215.000    431.000    646.000 
  0.1000E+11  0.1000E-73  0.1000E-73  0.1930E-31  0.1030E-19  0.5800E-14  0.1220E-10  0.1260E-09  0.2450E-09  0.3230E-09  0.3990E-09  0.4390E-09  0.4430E-09  0.4250E-09  0.4100E-09
  0.1000E+12  0.1000E-73  0.1000E-73  0.2100E-31  0.1050E-19  0.5750E-14  0.1200E-10  0.1250E-09  0.2430E-09  0.3200E-09  0.3930E-09  0.4290E-09  0.4240E-09  0.3970E-09  0.3770E-09
  0.1000E+13  0.1000E-73  0.1000E-73  0.2120E-31  0.1050E-19  0.5730E-14  0.1200E-10  0.1250E-09  0.2430E-09  0.3200E-09  0.3930E-09  0.4270E-09  0.4220E-09  0.3940E-09  0.3740E-09
  0.1000E+14  0.1000E-73  0.1000E-73  0.2120E-31  0.1050E-19  0.5730E-14  0.1200E-10  0.1250E-09  0.2430E-09  0.3200E-09  0.3930E-09  0.4270E-09  0.4220E-09  0.3940E-09  0.3730E-09
  0.1000E+15  0.1000E-73  0.4290E-47  0.2120E-31  0.1050E-19  0.5730E-14  0.1200E-10  0.1240E-09  0.2430E-09  0.3190E-09  0.3920E-09  0.4260E-09  0.4210E-09  0.3930E-09  0.3730E-09
  0.1000E+16  0.1000E-73  0.3430E-47  0.2120E-31  0.1050E-19  0.5730E-14  0.1190E-10  0.1230E-09  0.2390E-09  0.3140E-09  0.3860E-09  0.4200E-09  0.4150E-09  0.3890E-09  0.3690E-09
  0.1000E+17  0.1000E-73  0.3390E-47  0.2110E-31  0.1050E-19  0.5700E-14  0.1140E-10  0.1120E-09  0.2140E-09  0.2790E-09  0.3420E-09  0.3750E-09  0.3760E-09  0.3570E-09  0.3410E-09
WAVELENGTH(A)= 
   214.434
 7 14 t 
excit   
     0.431      0.646      1.080      2.150      4.310     10.800     21.500     32.300     43.100     64.600    108.000    215.000    431.000    646.000 
  0.1000E+11  0.1000E-73  0.1000E-73  0.9930E-31  0.3060E-19  0.1330E-13  0.2440E-10  0.2350E-09  0.4430E-09  0.5740E-09  0.6960E-09  0.7570E-09  0.7560E-09  0.7210E-09  0.6940E-09
  0.1000E+12  0.1000E-73  0.1000E-73  0.1050E-30  0.2950E-19  0.1240E-13  0.2340E-10  0.2300E-09  0.4360E-09  0.5640E-09  0.6810E-09  0.7340E-09  0.7190E-09  0.6690E-09  0.6330E-09
  0.1000E+13  0.1000E-73  0.1000E-73  0.1060E-30  0.2930E-19  0.1230E-13  0.2330E-10  0.2290E-09  0.4350E-09  0.5630E-09  0.6790E-09  0.7320E-09  0.7150E-09  0.6640E-09  0.6270E-09
  0.1000E+14  0.1000E-73  0.3900E-46  0.1060E-30  0.2930E-19  0.1220E-13  0.2330E-10  0.2290E-09  0.4350E-09  0.5620E-09  0.6790E-09  0.7310E-09  0.7150E-09  0.6630E-09  0.6260E-09
  0.1000E+15  0.1000E-73  0.3700E-46  0.1060E-30  0.2930E-19  0.1220E-13  0.2320E-10  0.2290E-09  0.4330E-09  0.5610E-09  0.6770E-09  0.7290E-09  0.7130E-09  0.6610E-09  0.6240E-09
  0.1000E+16  0.1000E-73  0.3720E-46  0.1060E-30  0.2930E-19  0.1220E-13  0.2300E-10  0.2250E-09  0.4260E-09  0.5510E-09  0.6650E-09  0.7160E-09  0.7020E-09  0.6530E-09  0.6170E-09
  0.1000E+17  0.1000E-73  0.3720E-46  0.1060E-30  0.2920E-19  0.1210E-13  0.2170E-10  0.2030E-09  0.3770E-09  0.4850E-09  0.5870E-09  0.6380E-09  0.6350E-09  0.5990E-09  0.5710E-09
WAVELENGTH(A)= 
   217.931
 7 14 t 
excit   
     0.431      0.646      1.080      2.150      4.310     10.800     21.500     32.300     43.100     64.600    108.000    215.000    431.000    646.000 
  0.1000E+11  0.1000E-73  0.1000E-73  0.1380E-30  0.3640E-19  0.1440E-13  0.2510E-10  0.2470E-09  0.4710E-09  0.6090E-09  0.7440E-09  0.8110E-09  0.8140E-09  0.7820E-09  0.7550E-09
  0.1000E+12  0.1000E-73  0.1000E-73  0.1710E-30  0.4210E-19  0.1610E-13  0.2660E-10  0.2550E-09  0.4820E-09  0.6200E-09  0.7510E-09  0.8080E-09  0.7960E-09  0.7470E-09  0.7110E-09
  0.1000E+13  0.1000E-73  0.1000E-73  0.1750E-30  0.4280E-19  0.1620E-13  0.2670E-10  0.2560E-09  0.4830E-09  0.6210E-09  0.7510E-09  0.8080E-09  0.7940E-09  0.7430E-09  0.7060E-09
  0.1000E+14  0.1000E-73  0.6800E-46  0.1750E-30  0.4280E-19  0.1620E-13  0.2680E-10  0.2560E-09  0.4830E-09  0.6210E-09  0.7510E-09  0.8080E-09  0.7940E-09  0.7430E-09  0.7050E-09
  0.1000E+15  0.1000E-73  0.7310E-46  0.1750E-30  0.4280E-19  0.1630E-13  0.2680E-10  0.2560E-09  0.4830E-09  0.6210E-09  0.7500E-09  0.8060E-09  0.7920E-09  0.7410E-09  0.7040E-09
  0.1000E+16  0.1000E-73  0.7240E-46  0.1750E-30  0.4280E-19  0.1630E-13  0.2680E-10  0.2550E-09  0.4800E-09  0.6170E-09  0.7440E-09  0.7990E-09  0.7850E-09  0.7350E-09  0.6990E-09
  0.1000E+17  0.1000E-73  0.7220E-46  0.1750E-30  0.4270E-19  0.1620E-13  0.2630E-10  0.2400E-09  0.4440E-09  0.5670E-09  0.6830E-09  0.7390E-09  0.7330E-09  0.6920E-09  0.6610E-09
WAVELENGTH(A)= 
   218.879
 7 14 t 
excit   
     0.431      0.646      1.080      2.150      4.310     10.800     21.500     32.300     43.100     64.600    108.000    215.000    431.000    646.000 
  0.1000E+11  0.1000E-73  0.1000E-73  0.4930E-31  0.2290E-19  0.1190E-13  0.2470E-10  0.2680E-09  0.5270E-09  0.6960E-09  0.8600E-09  0.9540E-09  0.9640E-09  0.9330E-09  0.9020E-09
  0.1000E+12  0.1000E-73  0.1000E-73  0.7090E-31  0.3170E-19  0.1580E-13  0.2890E-10  0.2890E-09  0.5560E-09  0.7250E-09  0.8850E-09  0.9670E-09  0.9580E-09  0.9070E-09  0.8660E-09
  0.1000E+13  0.1000E-73  0.1000E-73  0.7390E-31  0.3290E-19  0.1630E-13  0.2940E-10  0.2920E-09  0.5590E-09  0.7280E-09  0.8880E-09  0.9680E-09  0.9570E-09  0.9040E-09  0.8610E-09
  0.1000E+14  0.1000E-73  0.2390E-46  0.7420E-31  0.3300E-19  0.1640E-13  0.2950E-10  0.2920E-09  0.5590E-09  0.7290E-09  0.8880E-09  0.9680E-09  0.9570E-09  0.9030E-09  0.8600E-09
  0.1000E+15  0.1000E-73  0.1440E-46  0.7430E-31  0.3300E-19  0.1640E-13  0.2950E-10  0.2920E-09  0.5590E-09  0.7280E-09  0.8870E-09  0.9670E-09  0.9560E-09  0.9020E-09  0.8590E-09
  0.1000E+16  0.1000E-73  0.1390E-46  0.7420E-31  0.3300E-19  0.1640E-13  0.2950E-10  0.2910E-09  0.5560E-09  0.7230E-09  0.8790E-09  0.9570E-09  0.9460E-09  0.8930E-09  0.8500E-09
  0.1000E+17  0.1000E-73  0.1390E-46  0.7400E-31  0.3290E-19  0.1640E-13  0.2970E-10  0.2840E-09  0.5320E-09  0.6870E-09  0.8320E-09  0.9090E-09  0.9010E-09  0.8520E-09  0.8130E-09
WAVELENGTH(A)= 
   219.757
 7 14 t 
excit   
     0.431      0.646      1.080      2.150      4.310     10.800     21.500     32.300     43.100     64.600    108.000    215.000    431.000    646.000 
  0.1000E+11  0.1000E-73  0.1000E-73  0.6760E-31  0.2080E-19  0.9050E-14  0.1660E-10  0.1600E-09  0.3020E-09  0.3900E-09  0.4730E-09  0.5150E-09  0.5150E-09  0.4910E-09  0.4720E-09
  0.1000E+12  0.1000E-73  0.1000E-73  0.7170E-31  0.2010E-19  0.8440E-14  0.1590E-10  0.1560E-09  0.2960E-09  0.3840E-09  0.4630E-09  0.4990E-09  0.4890E-09  0.4550E-09  0.4310E-09
  0.1000E+13  0.1000E-73  0.1000E-73  0.7200E-31  0.1990E-19  0.8340E-14  0.1580E-10  0.1560E-09  0.2960E-09  0.3830E-09  0.4620E-09  0.4980E-09  0.4870E-09  0.4520E-09  0.4260E-09
  0.1000E+14  0.1000E-73  0.2650E-46  0.7200E-31  0.1990E-19  0.8330E-14  0.1580E-10  0.1560E-09  0.2960E-09  0.3830E-09  0.4620E-09  0.4970E-09  0.4860E-09  0.4510E-09  0.4260E-09
  0.1000E+15  0.1000E-73  0.2520E-46  0.7200E-31  0.1990E-19  0.8330E-14  0.1580E-10  0.1550E-09  0.2950E-09  0.3820E-09  0.4610E-09  0.4960E-09  0.4850E-09  0.4500E-09  0.4250E-09
  0.1000E+16  0.1000E-73  0.2530E-46  0.7200E-31  0.1990E-19  0.8320E-14  0.1570E-10  0.1530E-09  0.2900E-09  0.3750E-09  0.4520E-09  0.4870E-09  0.4780E-09  0.4440E-09  0.4200E-09
  0.1000E+17  0.1000E-73  0.2530E-46  0.7180E-31  0.1990E-19  0.8240E-14  0.1480E-10  0.1380E-09  0.2570E-09  0.3300E-09  0.3990E-09  0.4340E-09  0.4320E-09  0.4080E-09  0.3880E-09
WAVELENGTH(A)= 
   220.099
 7 14 t 
excit   
     0.431      0.646      1.080      2.150      4.310     10.800     21.500     32.300     43.100     64.600    108.000    215.000    431.000    646.000 
  0.1000E+11  0.1000E-73  0.1000E-73  0.1050E-30  0.4210E-19  0.2040E-13  0.4050E-10  0.4330E-09  0.8490E-09  0.1120E-08  0.1380E-08  0.1520E-08  0.1540E-08  0.1500E-08  0.1450E-08
  0.1000E+12  0.1000E-73  0.1000E-73  0.1520E-30  0.5830E-19  0.2720E-13  0.4770E-10  0.4680E-09  0.8970E-09  0.1170E-08  0.1420E-08  0.1550E-08  0.1540E-08  0.1460E-08  0.1390E-08
  0.1000E+13  0.1000E-73  0.1000E-73  0.1590E-30  0.6060E-19  0.2810E-13  0.4850E-10  0.4720E-09  0.9020E-09  0.1170E-08  0.1430E-08  0.1550E-08  0.1530E-08  0.1450E-08  0.1390E-08
  0.1000E+14  0.1000E-73  0.3000E-46  0.1590E-30  0.6080E-19  0.2820E-13  0.4860E-10  0.4720E-09  0.9020E-09  0.1170E-08  0.1430E-08  0.1550E-08  0.1530E-08  0.1450E-08  0.1380E-08
  0.1000E+15  0.1000E-73  0.3600E-46  0.1590E-30  0.6080E-19  0.2830E-13  0.4860E-10  0.4720E-09  0.9020E-09  0.1170E-08  0.1420E-08  0.1550E-08  0.1530E-08  0.1450E-08  0.1380E-08
  0.1000E+16  0.1000E-73  0.3600E-46  0.1590E-30  0.6080E-19  0.2830E-13  0.4860E-10  0.4710E-09  0.8980E-09  0.1170E-08  0.1410E-08  0.1530E-08  0.1520E-08  0.1430E-08  0.1370E-08
  0.1000E+17  0.1000E-73  0.3600E-46  0.1590E-30  0.6070E-19  0.2830E-13  0.4900E-10  0.4610E-09  0.8610E-09  0.1110E-08  0.1340E-08  0.1460E-08  0.1450E-08  0.1370E-08  0.1310E-08
WAVELENGTH(A)= 
   220.535
 7 14 t 
excit   
     0.431      0.646      1.080      2.150      4.310     10.800     21.500     32.300     43.100     64.600    108.000    215.000    431.000    646.000 
  0.1000E+11  0.1000E-73  0.1000E-73  0.3640E-31  0.1430E-19  0.6860E-14  0.1300E-10  0.1330E-09  0.2600E-09  0.3420E-09  0.4210E-09  0.4630E-09  0.4660E-09  0.4480E-09  0.4300E-09
  0.1000E+12  0.1000E-73  0.1000E-73  0.4440E-31  0.1670E-19  0.7790E-14  0.1420E-10  0.1400E-09  0.2690E-09  0.3520E-09  0.4290E-09  0.4650E-09  0.4590E-09  0.4320E-09  0.4090E-09
  0.1000E+13  0.1000E-73  0.1000E-73  0.4540E-31  0.1690E-19  0.7900E-14  0.1430E-10  0.1410E-09  0.2700E-09  0.3530E-09  0.4300E-09  0.4660E-09  0.4590E-09  0.4300E-09  0.4060E-09
  0.1000E+14  0.1000E-73  0.1000E-73  0.4550E-31  0.1700E-19  0.7910E-14  0.1430E-10  0.1410E-09  0.2700E-09  0.3530E-09  0.4300E-09  0.4660E-09  0.4580E-09  0.4300E-09  0.4060E-09
  0.1000E+15  0.1000E-73  0.9580E-47  0.4550E-31  0.1700E-19  0.7910E-14  0.1430E-10  0.1400E-09  0.2700E-09  0.3520E-09  0.4290E-09  0.4650E-09  0.4580E-09  0.4290E-09  0.4050E-09
  0.1000E+16  0.1000E-73  0.1080E-46  0.4550E-31  0.1700E-19  0.7910E-14  0.1420E-10  0.1390E-09  0.2670E-09  0.3480E-09  0.4240E-09  0.4590E-09  0.4530E-09  0.4250E-09  0.4020E-09
  0.1000E+17  0.1000E-73  0.1070E-46  0.4540E-31  0.1690E-19  0.7880E-14  0.1380E-10  0.1290E-09  0.2420E-09  0.3140E-09  0.3820E-09  0.4170E-09  0.4160E-09  0.3950E-09  0.3760E-09
WAVELENGTH(A)= 
   220.797
 7 14 t 
excit   
     0.431      0.646      1.080      2.150      4.310     10.800     21.500     32.300     43.100     64.600    108.000    215.000    431.000    646.000 
  0.1000E+11  0.1000E-73  0.1000E-73  0.3690E-30  0.5230E-19  0.1550E-13  0.2290E-10  0.2080E-09  0.3840E-09  0.4920E-09  0.5910E-09  0.6360E-09  0.6340E-09  0.6030E-09  0.5800E-09
  0.1000E+12  0.1000E-73  0.1000E-73  0.4090E-30  0.5280E-19  0.1500E-13  0.2230E-10  0.2050E-09  0.3790E-09  0.4850E-09  0.5800E-09  0.6180E-09  0.6040E-09  0.5620E-09  0.5310E-09
  0.1000E+13  0.1000E-73  0.4320E-45  0.4130E-30  0.5270E-19  0.1490E-13  0.2220E-10  0.2040E-09  0.3790E-09  0.4840E-09  0.5780E-09  0.6160E-09  0.6010E-09  0.5570E-09  0.5260E-09
  0.1000E+14  0.1000E-73  0.4090E-45  0.4140E-30  0.5270E-19  0.1480E-13  0.2220E-10  0.2040E-09  0.3780E-09  0.4840E-09  0.5780E-09  0.6160E-09  0.6000E-09  0.5560E-09  0.5250E-09
  0.1000E+15  0.1000E-73  0.4080E-45  0.4140E-30  0.5270E-19  0.1480E-13  0.2220E-10  0.2040E-09  0.3780E-09  0.4830E-09  0.5760E-09  0.6140E-09  0.5990E-09  0.5550E-09  0.5240E-09
  0.1000E+16  0.1000E-73  0.4080E-45  0.4140E-30  0.5270E-19  0.1480E-13  0.2200E-10  0.2010E-09  0.3720E-09  0.4750E-09  0.5670E-09  0.6040E-09  0.5900E-09  0.5480E-09  0.5180E-09
  0.1000E+17  0.1000E-73  0.4090E-45  0.4140E-30  0.5270E-19  0.1470E-13  0.2090E-10  0.1820E-09  0.3310E-09  0.4220E-09  0.5050E-09  0.5430E-09  0.5380E-09  0.5070E-09  0.4820E-09
WAVELENGTH(A)= 
   221.675
 7 14 t 
excit   
     0.431      0.646      1.080      2.150      4.310     10.800     21.500     32.300     43.100     64.600    108.000    215.000    431.000    646.000 
  0.1000E+11  0.1000E-73  0.1000E-73  0.1650E-30  0.2770E-19  0.8710E-14  0.1310E-10  0.1240E-09  0.2330E-09  0.3020E-09  0.3660E-09  0.3990E-09  0.4000E-09  0.3830E-09  0.3710E-09
  0.1000E+12  0.1000E-73  0.1000E-73  0.2020E-30  0.3190E-19  0.9710E-14  0.1400E-10  0.1280E-09  0.2390E-09  0.3080E-09  0.3700E-09  0.3980E-09  0.3910E-09  0.3670E-09  0.3500E-09
  0.1000E+13  0.1000E-73  0.1590E-45  0.2070E-30  0.3240E-19  0.9820E-14  0.1410E-10  0.1290E-09  0.2400E-09  0.3090E-09  0.3710E-09  0.3980E-09  0.3900E-09  0.3650E-09  0.3470E-09
  0.1000E+14  0.1000E-73  0.1580E-45  0.2070E-30  0.3240E-19  0.9830E-14  0.1410E-10  0.1290E-09  0.2400E-09  0.3090E-09  0.3710E-09  0.3980E-09  0.3900E-09  0.3650E-09  0.3470E-09
  0.1000E+15  0.1000E-73  0.1550E-45  0.2070E-30  0.3240E-19  0.9830E-14  0.1410E-10  0.1290E-09  0.2400E-09  0.3080E-09  0.3700E-09  0.3970E-09  0.3890E-09  0.3640E-09  0.3470E-09
  0.1000E+16  0.1000E-73  0.1550E-45  0.2070E-30  0.3240E-19  0.9830E-14  0.1410E-10  0.1280E-09  0.2380E-09  0.3060E-09  0.3670E-09  0.3930E-09  0.3860E-09  0.3610E-09  0.3440E-09
  0.1000E+17  0.1000E-73  0.1560E-45  0.2070E-30  0.3240E-19  0.9820E-14  0.1370E-10  0.1200E-09  0.2190E-09  0.2790E-09  0.3350E-09  0.3620E-09  0.3580E-09  0.3390E-09  0.3240E-09
WAVELENGTH(A)= 
   222.158
 7 14 t 
excit   
     0.431      0.646      1.080      2.150      4.310     10.800     21.500     32.300     43.100     64.600    108.000    215.000    431.000    646.000 
  0.1000E+11  0.1000E-73  0.1000E-73  0.6870E-30  0.1110E-18  0.3450E-13  0.5280E-10  0.4950E-09  0.9210E-09  0.1190E-08  0.1430E-08  0.1550E-08  0.1550E-08  0.1490E-08  0.1440E-08
  0.1000E+12  0.1000E-73  0.1000E-73  0.8560E-30  0.1280E-18  0.3810E-13  0.5530E-10  0.5070E-09  0.9370E-09  0.1200E-08  0.1440E-08  0.1540E-08  0.1510E-08  0.1420E-08  0.1350E-08
  0.1000E+13  0.1000E-73  0.7150E-45  0.8770E-30  0.1300E-18  0.3840E-13  0.5560E-10  0.5080E-09  0.9390E-09  0.1210E-08  0.1440E-08  0.1530E-08  0.1510E-08  0.1410E-08  0.1340E-08
  0.1000E+14  0.1000E-73  0.7140E-45  0.8790E-30  0.1300E-18  0.3850E-13  0.5560E-10  0.5090E-09  0.9390E-09  0.1210E-08  0.1440E-08  0.1530E-08  0.1500E-08  0.1410E-08  0.1340E-08
  0.1000E+15  0.1000E-73  0.7090E-45  0.8790E-30  0.1300E-18  0.3850E-13  0.5560E-10  0.5090E-09  0.9390E-09  0.1200E-08  0.1430E-08  0.1530E-08  0.1500E-08  0.1410E-08  0.1330E-08
  0.1000E+16  0.1000E-73  0.7070E-45  0.8790E-30  0.1300E-18  0.3850E-13  0.5580E-10  0.5090E-09  0.9370E-09  0.1200E-08  0.1430E-08  0.1520E-08  0.1490E-08  0.1400E-08  0.1320E-08
  0.1000E+17  0.1000E-73  0.7080E-45  0.8780E-30  0.1300E-18  0.3850E-13  0.5510E-10  0.4840E-09  0.8760E-09  0.1120E-08  0.1320E-08  0.1420E-08  0.1410E-08  0.1320E-08  0.1260E-08
WAVELENGTH(A)= 
   224.160
 7 14 t 
excit   
     0.431      0.646      1.080      2.150      4.310     10.800     21.500     32.300     43.100     64.600    108.000    215.000    431.000    646.000 
  0.1000E+11  0.1000E-73  0.1000E-73  0.8440E-31  0.2220E-19  0.8790E-14  0.1530E-10  0.1510E-09  0.2870E-09  0.3720E-09  0.4540E-09  0.4950E-09  0.4970E-09  0.4770E-09  0.4610E-09
  0.1000E+12  0.1000E-73  0.1000E-73  0.1040E-30  0.2570E-19  0.9800E-14  0.1620E-10  0.1560E-09  0.2940E-09  0.3790E-09  0.4580E-09  0.4930E-09  0.4860E-09  0.4560E-09  0.4340E-09
  0.1000E+13  0.1000E-73  0.1000E-73  0.1070E-30  0.2610E-19  0.9910E-14  0.1630E-10  0.1560E-09  0.2950E-09  0.3790E-09  0.4580E-09  0.4930E-09  0.4850E-09  0.4540E-09  0.4310E-09
  0.1000E+14  0.1000E-73  0.4150E-46  0.1070E-30  0.2610E-19  0.9920E-14  0.1630E-10  0.1560E-09  0.2950E-09  0.3790E-09  0.4580E-09  0.4930E-09  0.4840E-09  0.4530E-09  0.4300E-09
  0.1000E+15  0.1000E-73  0.4460E-46  0.1070E-30  0.2610E-19  0.9920E-14  0.1630E-10  0.1560E-09  0.2950E-09  0.3790E-09  0.4580E-09  0.4920E-09  0.4840E-09  0.4530E-09  0.4300E-09
  0.1000E+16  0.1000E-73  0.4420E-46  0.1070E-30  0.2610E-19  0.9920E-14  0.1630E-10  0.1560E-09  0.2930E-09  0.3760E-09  0.4540E-09  0.4880E-09  0.4790E-09  0.4490E-09  0.4260E-09
  0.1000E+17  0.1000E-73  0.4410E-46  0.1070E-30  0.2610E-19  0.9900E-14  0.1600E-10  0.1470E-09  0.2710E-09  0.3460E-09  0.4170E-09  0.4510E-09  0.4470E-09  0.4220E-09  0.4030E-09
WAVELENGTH(A)= 
   225.184
 7 14 t 
excit   
     0.431      0.646      1.080      2.150      4.310     10.800     21.500     32.300     43.100     64.600    108.000    215.000    431.000    646.000 
  0.1000E+11  0.1000E-73  0.1000E-73  0.1440E-30  0.3310E-19  0.1210E-13  0.1960E-10  0.1900E-09  0.3650E-09  0.4770E-09  0.5840E-09  0.6410E-09  0.6450E-09  0.6160E-09  0.5960E-09
  0.1000E+12  0.1000E-73  0.1000E-73  0.1760E-30  0.3860E-19  0.1380E-13  0.2140E-10  0.2000E-09  0.3790E-09  0.4910E-09  0.5950E-09  0.6450E-09  0.6360E-09  0.5950E-09  0.5670E-09
  0.1000E+13  0.1000E-73  0.1000E-73  0.1800E-30  0.3920E-19  0.1400E-13  0.2150E-10  0.2010E-09  0.3810E-09  0.4930E-09  0.5960E-09  0.6460E-09  0.6350E-09  0.5920E-09  0.5640E-09
  0.1000E+14  0.1000E-73  0.9340E-46  0.1800E-30  0.3920E-19  0.1400E-13  0.2160E-10  0.2010E-09  0.3810E-09  0.4930E-09  0.5960E-09  0.6460E-09  0.6350E-09  0.5920E-09  0.5630E-09
  0.1000E+15  0.1000E-73  0.8780E-46  0.1800E-30  0.3930E-19  0.1400E-13  0.2160E-10  0.2010E-09  0.3800E-09  0.4920E-09  0.5950E-09  0.6440E-09  0.6340E-09  0.5910E-09  0.5620E-09
  0.1000E+16  0.1000E-73  0.8720E-46  0.1800E-30  0.3920E-19  0.1400E-13  0.2150E-10  0.1990E-09  0.3760E-09  0.4860E-09  0.5880E-09  0.6370E-09  0.6270E-09  0.5860E-09  0.5580E-09
  0.1000E+17  0.1000E-73  0.8730E-46  0.1800E-30  0.3920E-19  0.1400E-13  0.2080E-10  0.1850E-09  0.3420E-09  0.4390E-09  0.5310E-09  0.5790E-09  0.5770E-09  0.5450E-09  0.5220E-09
WAVELENGTH(A)= 
   225.419
 7 14 t 
excit   
     0.431      0.646      1.080      2.150      4.310     10.800     21.500     32.300     43.100     64.600    108.000    215.000    431.000    646.000 
  0.1000E+11  0.1000E-73  0.1000E-73  0.1890E-30  0.2680E-19  0.7930E-14  0.1180E-10  0.1070E-09  0.1970E-09  0.2520E-09  0.3030E-09  0.3260E-09  0.3250E-09  0.3090E-09  0.2970E-09
  0.1000E+12  0.1000E-73  0.1000E-73  0.2100E-30  0.2710E-19  0.7670E-14  0.1140E-10  0.1050E-09  0.1940E-09  0.2490E-09  0.2970E-09  0.3170E-09  0.3100E-09  0.2880E-09  0.2720E-09
  0.1000E+13  0.1000E-73  0.2210E-45  0.2120E-30  0.2700E-19  0.7620E-14  0.1140E-10  0.1050E-09  0.1940E-09  0.2480E-09  0.2970E-09  0.3160E-09  0.3080E-09  0.2860E-09  0.2690E-09
  0.1000E+14  0.1000E-73  0.2100E-45  0.2120E-30  0.2700E-19  0.7610E-14  0.1140E-10  0.1050E-09  0.1940E-09  0.2480E-09  0.2960E-09  0.3160E-09  0.3080E-09  0.2850E-09  0.2690E-09
  0.1000E+15  0.1000E-73  0.2090E-45  0.2120E-30  0.2700E-19  0.7610E-14  0.1140E-10  0.1050E-09  0.1940E-09  0.2480E-09  0.2950E-09  0.3150E-09  0.3070E-09  0.2850E-09  0.2680E-09
  0.1000E+16  0.1000E-73  0.2090E-45  0.2120E-30  0.2700E-19  0.7600E-14  0.1130E-10  0.1030E-09  0.1900E-09  0.2430E-09  0.2910E-09  0.3100E-09  0.3020E-09  0.2810E-09  0.2650E-09
  0.1000E+17  0.1000E-73  0.2090E-45  0.2120E-30  0.2700E-19  0.7550E-14  0.1070E-10  0.9340E-10  0.1700E-09  0.2160E-09  0.2590E-09  0.2780E-09  0.2760E-09  0.2600E-09  0.2470E-09
WAVELENGTH(A)= 
   225.695
 7 14 t 
excit   
     0.431      0.646      1.080      2.150      4.310     10.800     21.500     32.300     43.100     64.600    108.000    215.000    431.000    646.000 
  0.1000E+11  0.1000E-73  0.1000E-73  0.6190E-32  0.5680E-20  0.4070E-14  0.9190E-11  0.9610E-10  0.1880E-09  0.2490E-09  0.3080E-09  0.3400E-09  0.3430E-09  0.3290E-09  0.3170E-09
  0.1000E+12  0.1000E-73  0.1000E-73  0.7340E-32  0.6460E-20  0.4530E-14  0.9880E-11  0.1010E-09  0.1960E-09  0.2580E-09  0.3160E-09  0.3450E-09  0.3410E-09  0.3200E-09  0.3050E-09
  0.1000E+13  0.1000E-73  0.1000E-73  0.7480E-32  0.6550E-20  0.4580E-14  0.9960E-11  0.1010E-09  0.1970E-09  0.2590E-09  0.3170E-09  0.3450E-09  0.3410E-09  0.3190E-09  0.3030E-09
  0.1000E+14  0.1000E-73  0.1000E-73  0.7500E-32  0.6560E-20  0.4590E-14  0.9960E-11  0.1020E-09  0.1970E-09  0.2590E-09  0.3170E-09  0.3450E-09  0.3410E-09  0.3190E-09  0.3030E-09
  0.1000E+15  0.1000E-73  0.1000E-73  0.7500E-32  0.6560E-20  0.4590E-14  0.9960E-11  0.1010E-09  0.1970E-09  0.2580E-09  0.3170E-09  0.3450E-09  0.3400E-09  0.3190E-09  0.3030E-09
  0.1000E+16  0.1000E-73  0.6460E-48  0.7500E-32  0.6560E-20  0.4590E-14  0.9930E-11  0.1010E-09  0.1950E-09  0.2550E-09  0.3130E-09  0.3410E-09  0.3370E-09  0.3160E-09  0.3000E-09
  0.1000E+17  0.1000E-73  0.5600E-48  0.7480E-32  0.6540E-20  0.4590E-14  0.9670E-11  0.9340E-10  0.1770E-09  0.2300E-09  0.2820E-09  0.3090E-09  0.3090E-09  0.2940E-09  0.2810E-09
WAVELENGTH(A)= 
   226.512
 7 14 t 
excit   
     0.431      0.646      1.080      2.150      4.310     10.800     21.500     32.300     43.100     64.600    108.000    215.000    431.000    646.000 
  0.1000E+11  0.1000E-73  0.1000E-73  0.5830E-30  0.5560E-19  0.1320E-13  0.1720E-10  0.1580E-09  0.2930E-09  0.3770E-09  0.4550E-09  0.4930E-09  0.4990E-09  0.4810E-09  0.4670E-09
  0.1000E+12  0.1000E-73  0.1330E-44  0.8020E-30  0.7260E-19  0.1660E-13  0.1940E-10  0.1670E-09  0.3060E-09  0.3890E-09  0.4650E-09  0.4970E-09  0.4930E-09  0.4650E-09  0.4450E-09
  0.1000E+13  0.1000E-73  0.1310E-44  0.8320E-30  0.7490E-19  0.1700E-13  0.1970E-10  0.1680E-09  0.3070E-09  0.3910E-09  0.4660E-09  0.4980E-09  0.4920E-09  0.4630E-09  0.4420E-09
  0.1000E+14  0.1000E-73  0.1310E-44  0.8350E-30  0.7510E-19  0.1710E-13  0.1970E-10  0.1690E-09  0.3070E-09  0.3910E-09  0.4660E-09  0.4980E-09  0.4920E-09  0.4630E-09  0.4420E-09
  0.1000E+15  0.1000E-73  0.1310E-44  0.8360E-30  0.7520E-19  0.1710E-13  0.1970E-10  0.1690E-09  0.3070E-09  0.3900E-09  0.4660E-09  0.4970E-09  0.4910E-09  0.4620E-09  0.4410E-09
  0.1000E+16  0.1000E-73  0.1310E-44  0.8360E-30  0.7520E-19  0.1710E-13  0.1980E-10  0.1690E-09  0.3060E-09  0.3890E-09  0.4630E-09  0.4930E-09  0.4870E-09  0.4590E-09  0.4380E-09
  0.1000E+17  0.1000E-73  0.1320E-44  0.8390E-30  0.7530E-19  0.1710E-13  0.1980E-10  0.1640E-09  0.2920E-09  0.3680E-09  0.4380E-09  0.4680E-09  0.4640E-09  0.4390E-09  0.4190E-09
WAVELENGTH(A)= 
   228.123
 7 14 t 
excit   
     0.431      0.646      1.080      2.150      4.310     10.800     21.500     32.300     43.100     64.600    108.000    215.000    431.000    646.000 
  0.1000E+11  0.1000E-73  0.1000E-73  0.2170E-30  0.3630E-19  0.1140E-13  0.1720E-10  0.1620E-09  0.3060E-09  0.3960E-09  0.4810E-09  0.5230E-09  0.5240E-09  0.5030E-09  0.4860E-09
  0.1000E+12  0.1000E-73  0.1000E-73  0.2650E-30  0.4190E-19  0.1270E-13  0.1840E-10  0.1680E-09  0.3140E-09  0.4040E-09  0.4860E-09  0.5220E-09  0.5130E-09  0.4820E-09  0.4590E-09
  0.1000E+13  0.1000E-73  0.2080E-45  0.2710E-30  0.4250E-19  0.1290E-13  0.1850E-10  0.1690E-09  0.3150E-09  0.4050E-09  0.4860E-09  0.5220E-09  0.5120E-09  0.4790E-09  0.4560E-09
  0.1000E+14  0.1000E-73  0.2080E-45  0.2720E-30  0.4250E-19  0.1290E-13  0.1850E-10  0.1690E-09  0.3150E-09  0.4050E-09  0.4860E-09  0.5220E-09  0.5120E-09  0.4790E-09  0.4550E-09
  0.1000E+15  0.1000E-73  0.2030E-45  0.2720E-30  0.4250E-19  0.1290E-13  0.1850E-10  0.1690E-09  0.3140E-09  0.4040E-09  0.4850E-09  0.5210E-09  0.5110E-09  0.4780E-09  0.4550E-09
  0.1000E+16  0.1000E-73  0.2040E-45  0.2720E-30  0.4250E-19  0.1290E-13  0.1850E-10  0.1680E-09  0.3120E-09  0.4010E-09  0.4810E-09  0.5160E-09  0.5060E-09  0.4740E-09  0.4510E-09
  0.1000E+17  0.1000E-73  0.2040E-45  0.2720E-30  0.4250E-19  0.1290E-13  0.1800E-10  0.1570E-09  0.2870E-09  0.3660E-09  0.4390E-09  0.4740E-09  0.4700E-09  0.4450E-09  0.4250E-09
WAVELENGTH(A)= 
   229.110
 7 14 t 
excit   
     0.431      0.646      1.080      2.150      4.310     10.800     21.500     32.300     43.100     64.600    108.000    215.000    431.000    646.000 
  0.1000E+11  0.1000E-73  0.3030E-43  0.6390E-29  0.2330E-18  0.3540E-13  0.3550E-10  0.2730E-09  0.4740E-09  0.5900E-09  0.6870E-09  0.7250E-09  0.7050E-09  0.6710E-09  0.6410E-09
  0.1000E+12  0.1000E-73  0.3010E-43  0.5450E-29  0.1910E-18  0.2870E-13  0.3090E-10  0.2550E-09  0.4510E-09  0.5640E-09  0.6570E-09  0.6890E-09  0.6580E-09  0.6100E-09  0.5730E-09
  0.1000E+13  0.1000E-73  0.2960E-43  0.5340E-29  0.1870E-18  0.2800E-13  0.3050E-10  0.2530E-09  0.4490E-09  0.5610E-09  0.6540E-09  0.6850E-09  0.6530E-09  0.6040E-09  0.5650E-09
  0.1000E+14  0.1000E-73  0.2950E-43  0.5330E-29  0.1860E-18  0.2790E-13  0.3040E-10  0.2530E-09  0.4480E-09  0.5610E-09  0.6540E-09  0.6840E-09  0.6520E-09  0.6030E-09  0.5650E-09
  0.1000E+15  0.1000E-73  0.2950E-43  0.5330E-29  0.1860E-18  0.2790E-13  0.3040E-10  0.2520E-09  0.4480E-09  0.5600E-09  0.6530E-09  0.6830E-09  0.6510E-09  0.6020E-09  0.5640E-09
  0.1000E+16  0.1000E-73  0.2950E-43  0.5330E-29  0.1860E-18  0.2790E-13  0.3010E-10  0.2480E-09  0.4400E-09  0.5510E-09  0.6430E-09  0.6740E-09  0.6450E-09  0.5970E-09  0.5600E-09
  0.1000E+17  0.1000E-73  0.2960E-43  0.5330E-29  0.1860E-18  0.2760E-13  0.2780E-10  0.2180E-09  0.3810E-09  0.4760E-09  0.5580E-09  0.5930E-09  0.5790E-09  0.5460E-09  0.5170E-09
WAVELENGTH(A)= 
   229.703
 7 14 t 
excit   
     0.431      0.646      1.080      2.150      4.310     10.800     21.500     32.300     43.100     64.600    108.000    215.000    431.000    646.000 
  0.1000E+11  0.1000E-73  0.1470E-43  0.3220E-29  0.1120E-18  0.1640E-13  0.1590E-10  0.1240E-09  0.2190E-09  0.2740E-09  0.3220E-09  0.3410E-09  0.3340E-09  0.3160E-09  0.3030E-09
  0.1000E+12  0.1000E-73  0.1840E-43  0.3090E-29  0.1020E-18  0.1460E-13  0.1450E-10  0.1190E-09  0.2110E-09  0.2660E-09  0.3110E-09  0.3270E-09  0.3150E-09  0.2910E-09  0.2740E-09
  0.1000E+13  0.1000E-73  0.1860E-43  0.3080E-29  0.1010E-18  0.1440E-13  0.1440E-10  0.1180E-09  0.2110E-09  0.2650E-09  0.3100E-09  0.3260E-09  0.3130E-09  0.2880E-09  0.2710E-09
  0.1000E+14  0.1000E-73  0.1860E-43  0.3080E-29  0.1010E-18  0.1440E-13  0.1440E-10  0.1180E-09  0.2110E-09  0.2650E-09  0.3100E-09  0.3250E-09  0.3130E-09  0.2870E-09  0.2710E-09
  0.1000E+15  0.1000E-73  0.1860E-43  0.3080E-29  0.1010E-18  0.1440E-13  0.1440E-10  0.1180E-09  0.2100E-09  0.2640E-09  0.3090E-09  0.3250E-09  0.3120E-09  0.2870E-09  0.2700E-09
  0.1000E+16  0.1000E-73  0.1860E-43  0.3080E-29  0.1010E-18  0.1440E-13  0.1430E-10  0.1160E-09  0.2070E-09  0.2600E-09  0.3050E-09  0.3200E-09  0.3090E-09  0.2840E-09  0.2680E-09
  0.1000E+17  0.1000E-73  0.1870E-43  0.3080E-29  0.1010E-18  0.1420E-13  0.1340E-10  0.1040E-09  0.1820E-09  0.2270E-09  0.2670E-09  0.2840E-09  0.2780E-09  0.2610E-09  0.2480E-09
WAVELENGTH(A)= 
   233.009
 7 14 t 
excit   
     0.431      0.646      1.080      2.150      4.310     10.800     21.500     32.300     43.100     64.600    108.000    215.000    431.000    646.000 
  0.1000E+11  0.1000E-73  0.1000E-73  0.8570E-30  0.8170E-19  0.1940E-13  0.2520E-10  0.2310E-09  0.4300E-09  0.5530E-09  0.6690E-09  0.7250E-09  0.7320E-09  0.7070E-09  0.6860E-09
  0.1000E+12  0.1000E-73  0.1960E-44  0.1180E-29  0.1070E-18  0.2430E-13  0.2850E-10  0.2460E-09  0.4490E-09  0.5720E-09  0.6830E-09  0.7300E-09  0.7240E-09  0.6840E-09  0.6540E-09
  0.1000E+13  0.1000E-73  0.1920E-44  0.1220E-29  0.1100E-18  0.2500E-13  0.2890E-10  0.2470E-09  0.4510E-09  0.5740E-09  0.6850E-09  0.7310E-09  0.7230E-09  0.6810E-09  0.6500E-09
  0.1000E+14  0.1000E-73  0.1930E-44  0.1230E-29  0.1100E-18  0.2500E-13  0.2890E-10  0.2480E-09  0.4510E-09  0.5740E-09  0.6850E-09  0.7310E-09  0.7220E-09  0.6800E-09  0.6490E-09
  0.1000E+15  0.1000E-73  0.1930E-44  0.1230E-29  0.1100E-18  0.2510E-13  0.2900E-10  0.2480E-09  0.4510E-09  0.5730E-09  0.6840E-09  0.7300E-09  0.7210E-09  0.6790E-09  0.6480E-09
  0.1000E+16  0.1000E-73  0.1930E-44  0.1230E-29  0.1100E-18  0.2510E-13  0.2900E-10  0.2480E-09  0.4500E-09  0.5710E-09  0.6800E-09  0.7240E-09  0.7150E-09  0.6730E-09  0.6430E-09
  0.1000E+17  0.1000E-73  0.1940E-44  0.1230E-29  0.1110E-18  0.2510E-13  0.2910E-10  0.2410E-09  0.4290E-09  0.5410E-09  0.6430E-09  0.6870E-09  0.6820E-09  0.6440E-09  0.6160E-09
WAVELENGTH(A)= 
   238.214
 7 14 t 
excit   
     0.431      0.646      1.080      2.150      4.310     10.800     21.500     32.300     43.100     64.600    108.000    215.000    431.000    646.000 
  0.1000E+11  0.1000E-73  0.2280E-42  0.2080E-28  0.4380E-18  0.4980E-13  0.4160E-10  0.3130E-09  0.5440E-09  0.6760E-09  0.7870E-09  0.8290E-09  0.8110E-09  0.7630E-09  0.7280E-09
  0.1000E+12  0.1000E-73  0.2820E-42  0.2300E-28  0.4410E-18  0.4810E-13  0.4030E-10  0.3070E-09  0.5360E-09  0.6660E-09  0.7720E-09  0.8040E-09  0.7720E-09  0.7090E-09  0.6650E-09
  0.1000E+13  0.1000E-73  0.2900E-42  0.2320E-28  0.4400E-18  0.4770E-13  0.4010E-10  0.3060E-09  0.5350E-09  0.6640E-09  0.7700E-09  0.8020E-09  0.7680E-09  0.7030E-09  0.6580E-09
  0.1000E+14  0.1000E-73  0.2910E-42  0.2320E-28  0.4400E-18  0.4770E-13  0.4010E-10  0.3060E-09  0.5340E-09  0.6640E-09  0.7700E-09  0.8010E-09  0.7670E-09  0.7020E-09  0.6570E-09
  0.1000E+15  0.1000E-73  0.2910E-42  0.2320E-28  0.4400E-18  0.4770E-13  0.4000E-10  0.3060E-09  0.5330E-09  0.6620E-09  0.7670E-09  0.7990E-09  0.7650E-09  0.7010E-09  0.6560E-09
  0.1000E+16  0.1000E-73  0.2900E-42  0.2320E-28  0.4400E-18  0.4770E-13  0.3970E-10  0.3010E-09  0.5240E-09  0.6510E-09  0.7540E-09  0.7850E-09  0.7540E-09  0.6920E-09  0.6480E-09
  0.1000E+17  0.1000E-73  0.2930E-42  0.2330E-28  0.4400E-18  0.4730E-13  0.3760E-10  0.2720E-09  0.4660E-09  0.5760E-09  0.6690E-09  0.7030E-09  0.6850E-09  0.6380E-09  0.6020E-09
WAVELENGTH(A)= 
   242.335
 7 14 t 
excit   
     0.431      0.646      1.080      2.150      4.310     10.800     21.500     32.300     43.100     64.600    108.000    215.000    431.000    646.000 
  0.1000E+11  0.1000E-73  0.1520E-42  0.1180E-28  0.2190E-18  0.2300E-13  0.1850E-10  0.1410E-09  0.2470E-09  0.3090E-09  0.3620E-09  0.3840E-09  0.3800E-09  0.3620E-09  0.3480E-09
  0.1000E+12  0.1000E-73  0.2120E-42  0.1500E-28  0.2600E-18  0.2620E-13  0.1970E-10  0.1460E-09  0.2530E-09  0.3140E-09  0.3650E-09  0.3830E-09  0.3710E-09  0.3460E-09  0.3280E-09
  0.1000E+13  0.1000E-73  0.2210E-42  0.1540E-28  0.2650E-18  0.2650E-13  0.1980E-10  0.1460E-09  0.2530E-09  0.3150E-09  0.3650E-09  0.3830E-09  0.3700E-09  0.3440E-09  0.3250E-09
  0.1000E+14  0.1000E-73  0.2220E-42  0.1550E-28  0.2650E-18  0.2660E-13  0.1980E-10  0.1460E-09  0.2540E-09  0.3150E-09  0.3650E-09  0.3830E-09  0.3700E-09  0.3440E-09  0.3250E-09
  0.1000E+15  0.1000E-73  0.2220E-42  0.1550E-28  0.2650E-18  0.2660E-13  0.1980E-10  0.1460E-09  0.2540E-09  0.3150E-09  0.3650E-09  0.3820E-09  0.3700E-09  0.3430E-09  0.3250E-09
  0.1000E+16  0.1000E-73  0.2220E-42  0.1550E-28  0.2650E-18  0.2660E-13  0.1990E-10  0.1470E-09  0.2530E-09  0.3140E-09  0.3630E-09  0.3800E-09  0.3670E-09  0.3410E-09  0.3220E-09
  0.1000E+17  0.1000E-73  0.2260E-42  0.1560E-28  0.2660E-18  0.2670E-13  0.1980E-10  0.1410E-09  0.2390E-09  0.2940E-09  0.3400E-09  0.3580E-09  0.3480E-09  0.3250E-09  0.3080E-09
WAVELENGTH(A)= 
   242.905
 7 14 t 
excit   
     0.431      0.646      1.080      2.150      4.310     10.800     21.500     32.300     43.100     64.600    108.000    215.000    431.000    646.000 
  0.1000E+11  0.1000E-73  0.1290E-41  0.6490E-28  0.8760E-18  0.8030E-13  0.5940E-10  0.4250E-09  0.7290E-09  0.8950E-09  0.1030E-08  0.1080E-08  0.1050E-08  0.9920E-09  0.9520E-09
  0.1000E+12  0.1000E-73  0.1660E-41  0.7270E-28  0.8800E-18  0.7710E-13  0.5780E-10  0.4180E-09  0.7190E-09  0.8830E-09  0.1010E-08  0.1050E-08  0.1000E-08  0.9230E-09  0.8710E-09
  0.1000E+13  0.1000E-73  0.1710E-41  0.7350E-28  0.8770E-18  0.7640E-13  0.5750E-10  0.4180E-09  0.7180E-09  0.8810E-09  0.1010E-08  0.1050E-08  0.1000E-08  0.9160E-09  0.8620E-09
  0.1000E+14  0.1000E-73  0.1720E-41  0.7360E-28  0.8760E-18  0.7630E-13  0.5750E-10  0.4170E-09  0.7180E-09  0.8810E-09  0.1010E-08  0.1050E-08  0.9990E-09  0.9140E-09  0.8610E-09
  0.1000E+15  0.1000E-73  0.1720E-41  0.7360E-28  0.8760E-18  0.7630E-13  0.5740E-10  0.4160E-09  0.7160E-09  0.8780E-09  0.1000E-08  0.1040E-08  0.9960E-09  0.9120E-09  0.8590E-09
  0.1000E+16  0.1000E-73  0.1720E-41  0.7360E-28  0.8760E-18  0.7620E-13  0.5690E-10  0.4100E-09  0.7040E-09  0.8630E-09  0.9870E-09  0.1030E-08  0.9810E-09  0.9000E-09  0.8480E-09
  0.1000E+17  0.1000E-73  0.1750E-41  0.7440E-28  0.8800E-18  0.7570E-13  0.5370E-10  0.3710E-09  0.6280E-09  0.7680E-09  0.8810E-09  0.9260E-09  0.8970E-09  0.8330E-09  0.7910E-09
WAVELENGTH(A)= 
   243.604
 7 14 t 
excit   
     0.431      0.646      1.080      2.150      4.310     10.800     21.500     32.300     43.100     64.600    108.000    215.000    431.000    646.000 
  0.1000E+11  0.1000E-73  0.1780E-42  0.1620E-28  0.3410E-18  0.3880E-13  0.3240E-10  0.2440E-09  0.4240E-09  0.5270E-09  0.6130E-09  0.6450E-09  0.6310E-09  0.5940E-09  0.5670E-09
  0.1000E+12  0.1000E-73  0.2200E-42  0.1790E-28  0.3440E-18  0.3740E-13  0.3140E-10  0.2390E-09  0.4170E-09  0.5180E-09  0.6010E-09  0.6260E-09  0.6010E-09  0.5520E-09  0.5180E-09
  0.1000E+13  0.1000E-73  0.2260E-42  0.1800E-28  0.3430E-18  0.3720E-13  0.3120E-10  0.2390E-09  0.4160E-09  0.5170E-09  0.6000E-09  0.6240E-09  0.5980E-09  0.5480E-09  0.5130E-09
  0.1000E+14  0.1000E-73  0.2260E-42  0.1810E-28  0.3430E-18  0.3720E-13  0.3120E-10  0.2390E-09  0.4160E-09  0.5170E-09  0.5990E-09  0.6240E-09  0.5970E-09  0.5470E-09  0.5120E-09
  0.1000E+15  0.1000E-73  0.2260E-42  0.1810E-28  0.3430E-18  0.3710E-13  0.3120E-10  0.2380E-09  0.4150E-09  0.5160E-09  0.5980E-09  0.6220E-09  0.5960E-09  0.5460E-09  0.5110E-09
  0.1000E+16  0.1000E-73  0.2260E-42  0.1810E-28  0.3430E-18  0.3710E-13  0.3090E-10  0.2350E-09  0.4080E-09  0.5070E-09  0.5870E-09  0.6120E-09  0.5870E-09  0.5390E-09  0.5050E-09
  0.1000E+17  0.1000E-73  0.2280E-42  0.1810E-28  0.3430E-18  0.3690E-13  0.2930E-10  0.2120E-09  0.3630E-09  0.4490E-09  0.5210E-09  0.5480E-09  0.5340E-09  0.4970E-09  0.4690E-09
WAVELENGTH(A)= 
   245.925
 7 14 t 
excit   
     0.431      0.646      1.080      2.150      4.310     10.800     21.500     32.300     43.100     64.600    108.000    215.000    431.000    646.000 
  0.1000E+11  0.1000E-73  0.5140E-42  0.2510E-28  0.3250E-18  0.2860E-13  0.2050E-10  0.1530E-09  0.2660E-09  0.3320E-09  0.3870E-09  0.4110E-09  0.4060E-09  0.3870E-09  0.3720E-09
  0.1000E+12  0.1000E-73  0.7500E-42  0.3340E-28  0.4070E-18  0.3430E-13  0.2250E-10  0.1600E-09  0.2760E-09  0.3400E-09  0.3940E-09  0.4120E-09  0.3990E-09  0.3720E-09  0.3530E-09
  0.1000E+13  0.1000E-73  0.7830E-42  0.3450E-28  0.4170E-18  0.3500E-13  0.2280E-10  0.1610E-09  0.2760E-09  0.3410E-09  0.3940E-09  0.4120E-09  0.3980E-09  0.3700E-09  0.3500E-09
  0.1000E+14  0.1000E-73  0.7870E-42  0.3460E-28  0.4180E-18  0.3510E-13  0.2280E-10  0.1610E-09  0.2770E-09  0.3410E-09  0.3940E-09  0.4120E-09  0.3980E-09  0.3700E-09  0.3500E-09
  0.1000E+15  0.1000E-73  0.7870E-42  0.3460E-28  0.4180E-18  0.3510E-13  0.2280E-10  0.1610E-09  0.2760E-09  0.3410E-09  0.3940E-09  0.4120E-09  0.3970E-09  0.3700E-09  0.3490E-09
  0.1000E+16  0.1000E-73  0.7870E-42  0.3460E-28  0.4180E-18  0.3510E-13  0.2290E-10  0.1620E-09  0.2760E-09  0.3400E-09  0.3920E-09  0.4090E-09  0.3940E-09  0.3670E-09  0.3470E-09
  0.1000E+17  0.1000E-73  0.8090E-42  0.3510E-28  0.4210E-18  0.3530E-13  0.2290E-10  0.1560E-09  0.2620E-09  0.3210E-09  0.3700E-09  0.3870E-09  0.3760E-09  0.3510E-09  0.3320E-09
WAVELENGTH(A)= 
   258.368
 7 14 t 
excit   
     0.431      0.646      1.080      2.150      4.310     10.800     21.500     32.300     43.100     64.600    108.000    215.000    431.000    646.000 
  0.1000E+11  0.1000E-73  0.7690E-39  0.3270E-26  0.6990E-17  0.2560E-12  0.1100E-09  0.6380E-09  0.1020E-08  0.1210E-08  0.1350E-08  0.1370E-08  0.1320E-08  0.1220E-08  0.1170E-08
  0.1000E+12  0.1000E-73  0.6770E-39  0.2760E-26  0.5680E-17  0.2050E-12  0.9550E-10  0.5930E-09  0.9620E-09  0.1150E-08  0.1290E-08  0.1300E-08  0.1230E-08  0.1110E-08  0.1040E-08
  0.1000E+13  0.1000E-73  0.6650E-39  0.2700E-26  0.5540E-17  0.2000E-12  0.9400E-10  0.5890E-09  0.9570E-09  0.1150E-08  0.1280E-08  0.1300E-08  0.1220E-08  0.1100E-08  0.1030E-08
  0.1000E+14  0.1000E-73  0.6630E-39  0.2700E-26  0.5530E-17  0.1990E-12  0.9390E-10  0.5880E-09  0.9560E-09  0.1150E-08  0.1280E-08  0.1300E-08  0.1220E-08  0.1100E-08  0.1030E-08
  0.1000E+15  0.1000E-73  0.6630E-39  0.2700E-26  0.5530E-17  0.1990E-12  0.9380E-10  0.5870E-09  0.9540E-09  0.1140E-08  0.1280E-08  0.1290E-08  0.1210E-08  0.1100E-08  0.1030E-08
  0.1000E+16  0.1000E-73  0.6640E-39  0.2700E-26  0.5530E-17  0.1990E-12  0.9290E-10  0.5780E-09  0.9390E-09  0.1130E-08  0.1260E-08  0.1280E-08  0.1200E-08  0.1090E-08  0.1020E-08
  0.1000E+17  0.1000E-73  0.7210E-39  0.2830E-26  0.5650E-17  0.1990E-12  0.8630E-10  0.5090E-09  0.8150E-09  0.9760E-09  0.1100E-08  0.1130E-08  0.1080E-08  0.9960E-09  0.9430E-09
WAVELENGTH(A)= 
   268.937
 7 14 t 
excit   
     0.431      0.646      1.080      2.150      4.310     10.800     21.500     32.300     43.100     64.600    108.000    215.000    431.000    646.000 
  0.1000E+11  0.1000E-73  0.3450E-38  0.4710E-26  0.4260E-17  0.1020E-12  0.3360E-10  0.1830E-09  0.2850E-09  0.3350E-09  0.3720E-09  0.3770E-09  0.3560E-09  0.3290E-09  0.3120E-09
  0.1000E+12  0.1000E-73  0.3520E-38  0.4500E-26  0.3840E-17  0.8940E-13  0.3080E-10  0.1750E-09  0.2760E-09  0.3260E-09  0.3610E-09  0.3620E-09  0.3350E-09  0.3030E-09  0.2820E-09
  0.1000E+13  0.1000E-73  0.3530E-38  0.4470E-26  0.3800E-17  0.8800E-13  0.3050E-10  0.1740E-09  0.2750E-09  0.3250E-09  0.3590E-09  0.3600E-09  0.3330E-09  0.3000E-09  0.2790E-09
  0.1000E+14  0.1000E-73  0.3530E-38  0.4470E-26  0.3790E-17  0.8790E-13  0.3050E-10  0.1740E-09  0.2750E-09  0.3240E-09  0.3590E-09  0.3600E-09  0.3330E-09  0.3000E-09  0.2790E-09
  0.1000E+15  0.1000E-73  0.3530E-38  0.4460E-26  0.3790E-17  0.8780E-13  0.3050E-10  0.1730E-09  0.2740E-09  0.3240E-09  0.3580E-09  0.3590E-09  0.3320E-09  0.2990E-09  0.2780E-09
  0.1000E+16  0.1000E-73  0.3530E-38  0.4460E-26  0.3780E-17  0.8760E-13  0.3020E-10  0.1710E-09  0.2700E-09  0.3190E-09  0.3530E-09  0.3550E-09  0.3290E-09  0.2960E-09  0.2760E-09
  0.1000E+17  0.1000E-73  0.6470E-38  0.6720E-26  0.4690E-17  0.9660E-13  0.2970E-10  0.1580E-09  0.2450E-09  0.2880E-09  0.3190E-09  0.3230E-09  0.3020E-09  0.2750E-09  0.2580E-09
WAVELENGTH(A)= 
   276.229
 7 14 t 
excit   
     0.431      0.646      1.080      2.150      4.310     10.800     21.500     32.300     43.100     64.600    108.000    215.000    431.000    646.000 
  0.1000E+11  0.1000E-73  0.3640E-38  0.5840E-26  0.5870E-17  0.1440E-12  0.4830E-10  0.2770E-09  0.4420E-09  0.5280E-09  0.5920E-09  0.6070E-09  0.5840E-09  0.5440E-09  0.5170E-09
  0.1000E+12  0.1000E-73  0.5160E-38  0.7490E-26  0.7020E-17  0.1650E-12  0.5170E-10  0.2870E-09  0.4530E-09  0.5380E-09  0.5980E-09  0.6050E-09  0.5710E-09  0.5210E-09  0.4880E-09
  0.1000E+13  0.1000E-73  0.5370E-38  0.7700E-26  0.7160E-17  0.1670E-12  0.5210E-10  0.2880E-09  0.4540E-09  0.5390E-09  0.5990E-09  0.6050E-09  0.5700E-09  0.5180E-09  0.4840E-09
  0.1000E+14  0.1000E-73  0.5390E-38  0.7720E-26  0.7170E-17  0.1680E-12  0.5210E-10  0.2880E-09  0.4540E-09  0.5390E-09  0.5980E-09  0.6050E-09  0.5690E-09  0.5180E-09  0.4830E-09
  0.1000E+15  0.1000E-73  0.5390E-38  0.7720E-26  0.7170E-17  0.1680E-12  0.5210E-10  0.2880E-09  0.4540E-09  0.5390E-09  0.5980E-09  0.6040E-09  0.5680E-09  0.5170E-09  0.4830E-09
  0.1000E+16  0.1000E-73  0.5410E-38  0.7730E-26  0.7160E-17  0.1670E-12  0.5220E-10  0.2880E-09  0.4530E-09  0.5370E-09  0.5940E-09  0.5990E-09  0.5640E-09  0.5120E-09  0.4780E-09
  0.1000E+17  0.1000E-73  0.1180E-37  0.1340E-25  0.9790E-17  0.1990E-12  0.5690E-10  0.2960E-09  0.4540E-09  0.5320E-09  0.5850E-09  0.5870E-09  0.5470E-09  0.4950E-09  0.4610E-09
WAVELENGTH(A)= 
   427.904
 7 14 t 
excit   
     0.431      0.646      1.080      2.150      4.310     10.800     21.500     32.300     43.100     64.600    108.000    215.000    431.000    646.000 
  0.1000E+11  0.3200E-36  0.1170E-26  0.3960E-19  0.1260E-13  0.5760E-11  0.1870E-09  0.4930E-09  0.6270E-09  0.6790E-09  0.7030E-09  0.6890E-09  0.6440E-09  0.5950E-09  0.5640E-09
  0.1000E+12  0.3300E-36  0.1130E-26  0.3590E-19  0.1090E-13  0.4850E-11  0.1670E-09  0.4660E-09  0.6010E-09  0.6540E-09  0.6770E-09  0.6580E-09  0.6050E-09  0.5440E-09  0.5080E-09
  0.1000E+13  0.3310E-36  0.1120E-26  0.3540E-19  0.1070E-13  0.4760E-11  0.1650E-09  0.4630E-09  0.5990E-09  0.6510E-09  0.6740E-09  0.6550E-09  0.6010E-09  0.5390E-09  0.5010E-09
  0.1000E+14  0.3320E-36  0.1120E-26  0.3540E-19  0.1070E-13  0.4750E-11  0.1650E-09  0.4630E-09  0.5980E-09  0.6510E-09  0.6740E-09  0.6550E-09  0.6000E-09  0.5380E-09  0.5010E-09
  0.1000E+15  0.3370E-36  0.1130E-26  0.3580E-19  0.1070E-13  0.4780E-11  0.1650E-09  0.4640E-09  0.6000E-09  0.6520E-09  0.6750E-09  0.6550E-09  0.6000E-09  0.5380E-09  0.5010E-09
  0.1000E+16  0.3930E-36  0.1290E-26  0.3940E-19  0.1150E-13  0.5040E-11  0.1710E-09  0.4750E-09  0.6110E-09  0.6620E-09  0.6830E-09  0.6610E-09  0.6030E-09  0.5400E-09  0.5020E-09
  0.1000E+17  0.8780E-36  0.2670E-26  0.7310E-19  0.1860E-13  0.7240E-11  0.2080E-09  0.5220E-09  0.6460E-09  0.6880E-09  0.6980E-09  0.6650E-09  0.5990E-09  0.5310E-09  0.4920E-09
WAVELENGTH(A)= 
   428.691
 7 14 t 
excit   
     0.431      0.646      1.080      2.150      4.310     10.800     21.500     32.300     43.100     64.600    108.000    215.000    431.000    646.000 
  0.1000E+11  0.5430E-37  0.3710E-27  0.2110E-19  0.9910E-14  0.5430E-11  0.1960E-09  0.5510E-09  0.7160E-09  0.7850E-09  0.8230E-09  0.8130E-09  0.7650E-09  0.7080E-09  0.6670E-09
  0.1000E+12  0.8100E-37  0.4810E-27  0.2380E-19  0.1000E-13  0.5260E-11  0.1920E-09  0.5450E-09  0.7090E-09  0.7770E-09  0.8100E-09  0.7920E-09  0.7320E-09  0.6610E-09  0.6130E-09
  0.1000E+13  0.8510E-37  0.4950E-27  0.2410E-19  0.1000E-13  0.5220E-11  0.1910E-09  0.5440E-09  0.7090E-09  0.7760E-09  0.8090E-09  0.7900E-09  0.7280E-09  0.6560E-09  0.6070E-09
  0.1000E+14  0.8560E-37  0.4970E-27  0.2410E-19  0.1000E-13  0.5220E-11  0.1910E-09  0.5440E-09  0.7090E-09  0.7760E-09  0.8090E-09  0.7900E-09  0.7270E-09  0.6550E-09  0.6060E-09
  0.1000E+15  0.8720E-37  0.5040E-27  0.2440E-19  0.1010E-13  0.5260E-11  0.1920E-09  0.5460E-09  0.7110E-09  0.7780E-09  0.8100E-09  0.7910E-09  0.7280E-09  0.6550E-09  0.6060E-09
  0.1000E+16  0.1030E-36  0.5780E-27  0.2710E-19  0.1090E-13  0.5580E-11  0.2010E-09  0.5640E-09  0.7300E-09  0.7950E-09  0.8240E-09  0.8000E-09  0.7320E-09  0.6570E-09  0.6070E-09
  0.1000E+17  0.2270E-36  0.1180E-26  0.4980E-19  0.1760E-13  0.8030E-11  0.2490E-09  0.6400E-09  0.7980E-09  0.8530E-09  0.8670E-09  0.8270E-09  0.7440E-09  0.6580E-09  0.6050E-09
WAVELENGTH(A)= 
   433.257
 7 14 t 
excit   
     0.431      0.646      1.080      2.150      4.310     10.800     21.500     32.300     43.100     64.600    108.000    215.000    431.000    646.000 
  0.1000E+11  0.3930E-36  0.1090E-26  0.3000E-19  0.8130E-14  0.3440E-11  0.1080E-09  0.2910E-09  0.3750E-09  0.4090E-09  0.4270E-09  0.4190E-09  0.3890E-09  0.3540E-09  0.3340E-09
  0.1000E+12  0.4220E-36  0.1090E-26  0.2800E-19  0.7180E-14  0.2960E-11  0.9800E-10  0.2760E-09  0.3610E-09  0.3950E-09  0.4120E-09  0.4010E-09  0.3660E-09  0.3250E-09  0.3010E-09
  0.1000E+13  0.4260E-36  0.1090E-26  0.2780E-19  0.7080E-14  0.2910E-11  0.9690E-10  0.2750E-09  0.3590E-09  0.3940E-09  0.4110E-09  0.4000E-09  0.3630E-09  0.3220E-09  0.2970E-09
  0.1000E+14  0.4270E-36  0.1090E-26  0.2770E-19  0.7070E-14  0.2900E-11  0.9680E-10  0.2740E-09  0.3590E-09  0.3940E-09  0.4110E-09  0.3990E-09  0.3630E-09  0.3220E-09  0.2970E-09
  0.1000E+15  0.4320E-36  0.1100E-26  0.2790E-19  0.7100E-14  0.2920E-11  0.9710E-10  0.2750E-09  0.3590E-09  0.3940E-09  0.4110E-09  0.4000E-09  0.3630E-09  0.3220E-09  0.2970E-09
  0.1000E+16  0.5090E-36  0.1260E-26  0.3070E-19  0.7580E-14  0.3060E-11  0.1000E-09  0.2810E-09  0.3650E-09  0.3990E-09  0.4150E-09  0.4030E-09  0.3650E-09  0.3230E-09  0.2980E-09
  0.1000E+17  0.1250E-35  0.2910E-26  0.6360E-19  0.1350E-13  0.4710E-11  0.1250E-09  0.3120E-09  0.3880E-09  0.4150E-09  0.4220E-09  0.4030E-09  0.3610E-09  0.3180E-09  0.2920E-09
WAVELENGTH(A)= 
   435.716
 7 14 t 
excit   
     0.431      0.646      1.080      2.150      4.310     10.800     21.500     32.300     43.100     64.600    108.000    215.000    431.000    646.000 
  0.1000E+11  0.6030E-37  0.4720E-27  0.2940E-19  0.1460E-13  0.8110E-11  0.2940E-09  0.8440E-09  0.1110E-08  0.1220E-08  0.1280E-08  0.1270E-08  0.1200E-08  0.1110E-08  0.1060E-08
  0.1000E+12  0.9500E-37  0.6560E-27  0.3670E-19  0.1690E-13  0.8960E-11  0.3080E-09  0.8670E-09  0.1130E-08  0.1230E-08  0.1280E-08  0.1260E-08  0.1170E-08  0.1060E-08  0.9910E-09
  0.1000E+13  0.1000E-36  0.6820E-27  0.3760E-19  0.1710E-13  0.9050E-11  0.3100E-09  0.8690E-09  0.1130E-08  0.1230E-08  0.1280E-08  0.1260E-08  0.1160E-08  0.1050E-08  0.9830E-09
  0.1000E+14  0.1010E-36  0.6850E-27  0.3770E-19  0.1720E-13  0.9060E-11  0.3100E-09  0.8690E-09  0.1130E-08  0.1230E-08  0.1290E-08  0.1260E-08  0.1160E-08  0.1050E-08  0.9820E-09
  0.1000E+15  0.1030E-36  0.6930E-27  0.3810E-19  0.1730E-13  0.9120E-11  0.3110E-09  0.8730E-09  0.1130E-08  0.1240E-08  0.1290E-08  0.1260E-08  0.1160E-08  0.1050E-08  0.9830E-09
  0.1000E+16  0.1190E-36  0.7790E-27  0.4160E-19  0.1840E-13  0.9590E-11  0.3260E-09  0.9070E-09  0.1170E-08  0.1270E-08  0.1320E-08  0.1280E-08  0.1170E-08  0.1050E-08  0.9860E-09
  0.1000E+17  0.2500E-36  0.1530E-26  0.7330E-19  0.2860E-13  0.1350E-10  0.4140E-09  0.1070E-08  0.1320E-08  0.1410E-08  0.1430E-08  0.1360E-08  0.1220E-08  0.1080E-08  0.9990E-09
WAVELENGTH(A)= 
   441.972
 7 14 t 
excit   
     0.431      0.646      1.080      2.150      4.310     10.800     21.500     32.300     43.100     64.600    108.000    215.000    431.000    646.000 
  0.1000E+11  0.5440E-38  0.9510E-28  0.1120E-19  0.8890E-14  0.6160E-11  0.2520E-09  0.8050E-09  0.1100E-08  0.1240E-08  0.1340E-08  0.1360E-08  0.1300E-08  0.1220E-08  0.1160E-08
  0.1000E+12  0.9070E-38  0.1480E-27  0.1650E-19  0.1270E-13  0.8500E-11  0.3020E-09  0.8780E-09  0.1170E-08  0.1300E-08  0.1380E-08  0.1380E-08  0.1300E-08  0.1190E-08  0.1120E-08
  0.1000E+13  0.9660E-38  0.1560E-27  0.1720E-19  0.1320E-13  0.8810E-11  0.3080E-09  0.8860E-09  0.1180E-08  0.1310E-08  0.1390E-08  0.1380E-08  0.1300E-08  0.1180E-08  0.1110E-08
  0.1000E+14  0.9740E-38  0.1570E-27  0.1730E-19  0.1330E-13  0.8850E-11  0.3090E-09  0.8870E-09  0.1180E-08  0.1310E-08  0.1390E-08  0.1380E-08  0.1300E-08  0.1180E-08  0.1110E-08
  0.1000E+15  0.9910E-38  0.1590E-27  0.1750E-19  0.1340E-13  0.8910E-11  0.3100E-09  0.8910E-09  0.1180E-08  0.1310E-08  0.1390E-08  0.1390E-08  0.1300E-08  0.1180E-08  0.1110E-08
  0.1000E+16  0.1140E-37  0.1790E-27  0.1920E-19  0.1430E-13  0.9400E-11  0.3250E-09  0.9260E-09  0.1220E-08  0.1350E-08  0.1420E-08  0.1400E-08  0.1300E-08  0.1190E-08  0.1110E-08
  0.1000E+17  0.2260E-37  0.3310E-27  0.3190E-19  0.2090E-13  0.1260E-10  0.4110E-09  0.1090E-08  0.1380E-08  0.1490E-08  0.1530E-08  0.1480E-08  0.1350E-08  0.1200E-08  0.1110E-08
WAVELENGTH(A)= 
   443.666
 7 14 t 
excit   
     0.431      0.646      1.080      2.150      4.310     10.800     21.500     32.300     43.100     64.600    108.000    215.000    431.000    646.000 
  0.1000E+11  0.2570E-37  0.1920E-27  0.1160E-19  0.5640E-14  0.3120E-11  0.1110E-09  0.3230E-09  0.4270E-09  0.4750E-09  0.5030E-09  0.5010E-09  0.4730E-09  0.4360E-09  0.4130E-09
  0.1000E+12  0.3540E-37  0.2390E-27  0.1310E-19  0.5980E-14  0.3170E-11  0.1110E-09  0.3200E-09  0.4250E-09  0.4710E-09  0.4970E-09  0.4890E-09  0.4530E-09  0.4080E-09  0.3800E-09
  0.1000E+13  0.3690E-37  0.2450E-27  0.1330E-19  0.6010E-14  0.3170E-11  0.1100E-09  0.3200E-09  0.4240E-09  0.4700E-09  0.4960E-09  0.4880E-09  0.4510E-09  0.4050E-09  0.3770E-09
  0.1000E+14  0.3710E-37  0.2460E-27  0.1330E-19  0.6020E-14  0.3170E-11  0.1100E-09  0.3200E-09  0.4240E-09  0.4700E-09  0.4960E-09  0.4880E-09  0.4510E-09  0.4050E-09  0.3760E-09
  0.1000E+15  0.3780E-37  0.2500E-27  0.1350E-19  0.6070E-14  0.3200E-11  0.1110E-09  0.3220E-09  0.4260E-09  0.4720E-09  0.4970E-09  0.4890E-09  0.4520E-09  0.4050E-09  0.3760E-09
  0.1000E+16  0.4560E-37  0.2910E-27  0.1520E-19  0.6620E-14  0.3420E-11  0.1180E-09  0.3360E-09  0.4410E-09  0.4860E-09  0.5080E-09  0.4970E-09  0.4560E-09  0.4070E-09  0.3780E-09
  0.1000E+17  0.9920E-37  0.5930E-27  0.2790E-19  0.1070E-13  0.4990E-11  0.1510E-09  0.3890E-09  0.4880E-09  0.5250E-09  0.5360E-09  0.5130E-09  0.4620E-09  0.4070E-09  0.3760E-09
WAVELENGTH(A)= 
   446.732
 7 14 t 
excit   
     0.431      0.646      1.080      2.150      4.310     10.800     21.500     32.300     43.100     64.600    108.000    215.000    431.000    646.000 
  0.1000E+11  0.3490E-36  0.9620E-27  0.2660E-19  0.7280E-14  0.3080E-11  0.9670E-10  0.2650E-09  0.3460E-09  0.3810E-09  0.4010E-09  0.3960E-09  0.3680E-09  0.3340E-09  0.3120E-09
  0.1000E+12  0.5180E-36  0.1240E-26  0.2990E-19  0.7340E-14  0.2970E-11  0.9430E-10  0.2610E-09  0.3430E-09  0.3760E-09  0.3940E-09  0.3860E-09  0.3520E-09  0.3110E-09  0.2870E-09
  0.1000E+13  0.5440E-36  0.1280E-26  0.3020E-19  0.7320E-14  0.2940E-11  0.9400E-10  0.2610E-09  0.3420E-09  0.3760E-09  0.3940E-09  0.3850E-09  0.3500E-09  0.3090E-09  0.2840E-09
  0.1000E+14  0.5470E-36  0.1290E-26  0.3030E-19  0.7320E-14  0.2940E-11  0.9400E-10  0.2610E-09  0.3420E-09  0.3760E-09  0.3940E-09  0.3850E-09  0.3500E-09  0.3090E-09  0.2830E-09
  0.1000E+15  0.5530E-36  0.1300E-26  0.3050E-19  0.7350E-14  0.2950E-11  0.9450E-10  0.2630E-09  0.3440E-09  0.3780E-09  0.3960E-09  0.3860E-09  0.3510E-09  0.3090E-09  0.2840E-09
  0.1000E+16  0.6820E-36  0.1520E-26  0.3430E-19  0.7960E-14  0.3140E-11  0.9990E-10  0.2770E-09  0.3610E-09  0.3950E-09  0.4110E-09  0.3970E-09  0.3580E-09  0.3140E-09  0.2870E-09
  0.1000E+17  0.1730E-35  0.3750E-26  0.7790E-19  0.1580E-13  0.5340E-11  0.1370E-09  0.3390E-09  0.4200E-09  0.4470E-09  0.4530E-09  0.4290E-09  0.3790E-09  0.3270E-09  0.2970E-09
WAVELENGTH(A)= 
   453.540
 7 14 t 
excit   
     0.431      0.646      1.080      2.150      4.310     10.800     21.500     32.300     43.100     64.600    108.000    215.000    431.000    646.000 
  0.1000E+11  0.1170E-37  0.1260E-27  0.1020E-19  0.6060E-14  0.3640E-11  0.1340E-09  0.3970E-09  0.5340E-09  0.5970E-09  0.6360E-09  0.6360E-09  0.6000E-09  0.5520E-09  0.5230E-09
  0.1000E+12  0.1710E-37  0.1680E-27  0.1250E-19  0.7090E-14  0.4160E-11  0.1460E-09  0.4160E-09  0.5530E-09  0.6120E-09  0.6460E-09  0.6380E-09  0.5900E-09  0.5310E-09  0.4960E-09
  0.1000E+13  0.1790E-37  0.1740E-27  0.1280E-19  0.7210E-14  0.4220E-11  0.1470E-09  0.4180E-09  0.5550E-09  0.6140E-09  0.6470E-09  0.6380E-09  0.5890E-09  0.5280E-09  0.4920E-09
  0.1000E+14  0.1810E-37  0.1750E-27  0.1280E-19  0.7230E-14  0.4230E-11  0.1470E-09  0.4180E-09  0.5550E-09  0.6140E-09  0.6480E-09  0.6380E-09  0.5890E-09  0.5280E-09  0.4920E-09
  0.1000E+15  0.1840E-37  0.1780E-27  0.1300E-19  0.7300E-14  0.4260E-11  0.1480E-09  0.4200E-09  0.5570E-09  0.6160E-09  0.6490E-09  0.6380E-09  0.5890E-09  0.5280E-09  0.4920E-09
  0.1000E+16  0.2200E-37  0.2050E-27  0.1450E-19  0.7910E-14  0.4530E-11  0.1560E-09  0.4360E-09  0.5730E-09  0.6310E-09  0.6610E-09  0.6470E-09  0.5930E-09  0.5300E-09  0.4930E-09
  0.1000E+17  0.4450E-37  0.3870E-27  0.2470E-19  0.1190E-13  0.6220E-11  0.1910E-09  0.4930E-09  0.6220E-09  0.6690E-09  0.6860E-09  0.6600E-09  0.5960E-09  0.5270E-09  0.4880E-09
WAVELENGTH(A)= 
   749.068
 7 14 t 
excit   
     0.431      0.646      1.080      2.150      4.310     10.800     21.500     32.300     43.100     64.600    108.000    215.000    431.000    646.000 
  0.1000E+11  0.3060E-25  0.2400E-19  0.9440E-15  0.1880E-11  0.6790E-10  0.5270E-09  0.9600E-09  0.1080E-08  0.1100E-08  0.1060E-08  0.9510E-09  0.8060E-09  0.6820E-09  0.6210E-09
  0.1000E+12  0.4810E-25  0.3330E-19  0.1180E-14  0.2170E-11  0.7480E-10  0.5520E-09  0.9840E-09  0.1100E-08  0.1110E-08  0.1060E-08  0.9440E-09  0.7860E-09  0.6500E-09  0.5830E-09
  0.1000E+13  0.5080E-25  0.3460E-19  0.1200E-14  0.2200E-11  0.7550E-10  0.5540E-09  0.9860E-09  0.1100E-08  0.1120E-08  0.1060E-08  0.9430E-09  0.7830E-09  0.6460E-09  0.5790E-09
  0.1000E+14  0.5110E-25  0.3470E-19  0.1210E-14  0.2200E-11  0.7560E-10  0.5550E-09  0.9860E-09  0.1100E-08  0.1120E-08  0.1060E-08  0.9420E-09  0.7820E-09  0.6440E-09  0.5770E-09
  0.1000E+15  0.5110E-25  0.3470E-19  0.1210E-14  0.2200E-11  0.7550E-10  0.5550E-09  0.9860E-09  0.1100E-08  0.1110E-08  0.1060E-08  0.9370E-09  0.7770E-09  0.6400E-09  0.5740E-09
  0.1000E+16  0.5020E-25  0.3420E-19  0.1190E-14  0.2190E-11  0.7510E-10  0.5530E-09  0.9840E-09  0.1100E-08  0.1110E-08  0.1050E-08  0.9330E-09  0.7740E-09  0.6380E-09  0.5720E-09
  0.1000E+17  0.4080E-25  0.2890E-19  0.1050E-14  0.2000E-11  0.6860E-10  0.4550E-09  0.7390E-09  0.8030E-09  0.8040E-09  0.7700E-09  0.7040E-09  0.6170E-09  0.5390E-09  0.4980E-09
WAVELENGTH(A)= 
   772.363
 7 14 t 
excit   
     0.431      0.646      1.080      2.150      4.310     10.800     21.500     32.300     43.100     64.600    108.000    215.000    431.000    646.000 
  0.1000E+11  0.1340E-26  0.2330E-20  0.1730E-15  0.5470E-12  0.2430E-10  0.1960E-09  0.3580E-09  0.4060E-09  0.4120E-09  0.3940E-09  0.3530E-09  0.2980E-09  0.2520E-09  0.2280E-09
  0.1000E+12  0.1870E-26  0.2980E-20  0.2050E-15  0.6210E-12  0.2700E-10  0.2090E-09  0.3720E-09  0.4180E-09  0.4220E-09  0.4000E-09  0.3540E-09  0.2930E-09  0.2420E-09  0.2170E-09
  0.1000E+13  0.1960E-26  0.3070E-20  0.2090E-15  0.6290E-12  0.2730E-10  0.2110E-09  0.3740E-09  0.4200E-09  0.4230E-09  0.4010E-09  0.3540E-09  0.2920E-09  0.2410E-09  0.2150E-09
  0.1000E+14  0.1960E-26  0.3080E-20  0.2090E-15  0.6300E-12  0.2730E-10  0.2110E-09  0.3740E-09  0.4200E-09  0.4230E-09  0.4010E-09  0.3540E-09  0.2920E-09  0.2410E-09  0.2150E-09
  0.1000E+15  0.1960E-26  0.3070E-20  0.2090E-15  0.6290E-12  0.2730E-10  0.2100E-09  0.3710E-09  0.4170E-09  0.4200E-09  0.3980E-09  0.3520E-09  0.2910E-09  0.2400E-09  0.2140E-09
  0.1000E+16  0.1890E-26  0.2980E-20  0.2040E-15  0.6180E-12  0.2670E-10  0.2030E-09  0.3530E-09  0.3950E-09  0.3990E-09  0.3790E-09  0.3370E-09  0.2810E-09  0.2340E-09  0.2090E-09
  0.1000E+17  0.1400E-26  0.2310E-20  0.1660E-15  0.5280E-12  0.2270E-10  0.1560E-09  0.2480E-09  0.2690E-09  0.2690E-09  0.2580E-09  0.2360E-09  0.2060E-09  0.1810E-09  0.1670E-09
WAVELENGTH(A)= 
   773.613
 7 14 t 
excit   
     0.431      0.646      1.080      2.150      4.310     10.800     21.500     32.300     43.100     64.600    108.000    215.000    431.000    646.000 
  0.1000E+11  0.4070E-24  0.1260E-18  0.2400E-14  0.2790E-11  0.7720E-10  0.4950E-09  0.8240E-09  0.8970E-09  0.8930E-09  0.8380E-09  0.7400E-09  0.6180E-09  0.5200E-09  0.4720E-09
  0.1000E+12  0.5730E-24  0.1570E-18  0.2670E-14  0.2830E-11  0.7490E-10  0.4810E-09  0.8100E-09  0.8840E-09  0.8810E-09  0.8220E-09  0.7190E-09  0.5890E-09  0.4840E-09  0.4320E-09
  0.1000E+13  0.5990E-24  0.1620E-18  0.2690E-14  0.2830E-11  0.7440E-10  0.4790E-09  0.8080E-09  0.8830E-09  0.8790E-09  0.8200E-09  0.7170E-09  0.5860E-09  0.4800E-09  0.4270E-09
  0.1000E+14  0.6010E-24  0.1620E-18  0.2700E-14  0.2820E-11  0.7440E-10  0.4790E-09  0.8080E-09  0.8820E-09  0.8780E-09  0.8190E-09  0.7160E-09  0.5850E-09  0.4800E-09  0.4270E-09
  0.1000E+15  0.5990E-24  0.1620E-18  0.2690E-14  0.2820E-11  0.7430E-10  0.4770E-09  0.8030E-09  0.8770E-09  0.8730E-09  0.8150E-09  0.7130E-09  0.5830E-09  0.4780E-09  0.4250E-09
  0.1000E+16  0.5790E-24  0.1570E-18  0.2630E-14  0.2780E-11  0.7320E-10  0.4650E-09  0.7730E-09  0.8420E-09  0.8380E-09  0.7840E-09  0.6880E-09  0.5670E-09  0.4680E-09  0.4180E-09
  0.1000E+17  0.4310E-24  0.1220E-18  0.2150E-14  0.2390E-11  0.6320E-10  0.3610E-09  0.5500E-09  0.5840E-09  0.5790E-09  0.5480E-09  0.4960E-09  0.4300E-09  0.3740E-09  0.3440E-09
WAVELENGTH(A)= 
   782.798
 7 14 t 
excit   
     0.431      0.646      1.080      2.150      4.310     10.800     21.500     32.300     43.100     64.600    108.000    215.000    431.000    646.000 
  0.1000E+11  0.3360E-24  0.1500E-18  0.3790E-14  0.5370E-11  0.1620E-09  0.1090E-08  0.1860E-08  0.2040E-08  0.2030E-08  0.1920E-08  0.1700E-08  0.1430E-08  0.1210E-08  0.1100E-08
  0.1000E+12  0.5230E-24  0.2080E-18  0.4730E-14  0.6240E-11  0.1800E-09  0.1150E-08  0.1910E-08  0.2080E-08  0.2060E-08  0.1930E-08  0.1680E-08  0.1390E-08  0.1160E-08  0.1040E-08
  0.1000E+13  0.5530E-24  0.2160E-18  0.4850E-14  0.6340E-11  0.1820E-09  0.1150E-08  0.1910E-08  0.2080E-08  0.2060E-08  0.1930E-08  0.1680E-08  0.1390E-08  0.1150E-08  0.1030E-08
  0.1000E+14  0.5560E-24  0.2170E-18  0.4860E-14  0.6350E-11  0.1820E-09  0.1150E-08  0.1910E-08  0.2080E-08  0.2060E-08  0.1930E-08  0.1680E-08  0.1390E-08  0.1150E-08  0.1030E-08
  0.1000E+15  0.5540E-24  0.2160E-18  0.4850E-14  0.6340E-11  0.1820E-09  0.1150E-08  0.1910E-08  0.2080E-08  0.2060E-08  0.1920E-08  0.1680E-08  0.1390E-08  0.1150E-08  0.1020E-08
  0.1000E+16  0.5370E-24  0.2110E-18  0.4750E-14  0.6240E-11  0.1800E-09  0.1130E-08  0.1870E-08  0.2030E-08  0.2010E-08  0.1880E-08  0.1650E-08  0.1360E-08  0.1130E-08  0.1010E-08
  0.1000E+17  0.4040E-24  0.1660E-18  0.3920E-14  0.5420E-11  0.1580E-09  0.9500E-09  0.1470E-08  0.1550E-08  0.1540E-08  0.1440E-08  0.1300E-08  0.1120E-08  0.9640E-09  0.8820E-09
WAVELENGTH(A)= 
   783.117
 7 14 t 
excit   
     0.431      0.646      1.080      2.150      4.310     10.800     21.500     32.300     43.100     64.600    108.000    215.000    431.000    646.000 
  0.1000E+11  0.8060E-24  0.2170E-18  0.3700E-14  0.3980E-11  0.1080E-09  0.7360E-09  0.1280E-08  0.1410E-08  0.1400E-08  0.1310E-08  0.1150E-08  0.9530E-09  0.7930E-09  0.7140E-09
  0.1000E+12  0.1170E-23  0.2780E-18  0.4170E-14  0.4060E-11  0.1060E-09  0.7250E-09  0.1270E-08  0.1400E-08  0.1390E-08  0.1300E-08  0.1130E-08  0.9150E-09  0.7430E-09  0.6580E-09
  0.1000E+13  0.1230E-23  0.2860E-18  0.4220E-14  0.4060E-11  0.1050E-09  0.7240E-09  0.1270E-08  0.1400E-08  0.1390E-08  0.1300E-08  0.1130E-08  0.9100E-09  0.7380E-09  0.6520E-09
  0.1000E+14  0.1230E-23  0.2860E-18  0.4220E-14  0.4050E-11  0.1050E-09  0.7230E-09  0.1270E-08  0.1400E-08  0.1390E-08  0.1300E-08  0.1120E-08  0.9090E-09  0.7370E-09  0.6510E-09
  0.1000E+15  0.1230E-23  0.2860E-18  0.4210E-14  0.4050E-11  0.1050E-09  0.7200E-09  0.1260E-08  0.1390E-08  0.1380E-08  0.1290E-08  0.1120E-08  0.9050E-09  0.7340E-09  0.6490E-09
  0.1000E+16  0.1190E-23  0.2770E-18  0.4120E-14  0.3980E-11  0.1030E-09  0.6910E-09  0.1190E-08  0.1310E-08  0.1310E-08  0.1220E-08  0.1070E-08  0.8730E-09  0.7140E-09  0.6340E-09
  0.1000E+17  0.8800E-24  0.2150E-18  0.3350E-14  0.3400E-11  0.8730E-10  0.5090E-09  0.7910E-09  0.8460E-09  0.8410E-09  0.7980E-09  0.7230E-09  0.6290E-09  0.5480E-09  0.5040E-09
WAVELENGTH(A)= 
   786.003
 7 14 t 
excit   
     0.431      0.646      1.080      2.150      4.310     10.800     21.500     32.300     43.100     64.600    108.000    215.000    431.000    646.000 
  0.1000E+11  0.1020E-23  0.2600E-18  0.4200E-14  0.4340E-11  0.1140E-09  0.7250E-09  0.1200E-08  0.1300E-08  0.1290E-08  0.1210E-08  0.1060E-08  0.8740E-09  0.7280E-09  0.6570E-09
  0.1000E+12  0.1370E-23  0.3110E-18  0.4490E-14  0.4250E-11  0.1070E-09  0.6960E-09  0.1170E-08  0.1280E-08  0.1270E-08  0.1180E-08  0.1030E-08  0.8320E-09  0.6770E-09  0.6010E-09
  0.1000E+13  0.1420E-23  0.3170E-18  0.4510E-14  0.4220E-11  0.1060E-09  0.6920E-09  0.1170E-08  0.1280E-08  0.1270E-08  0.1180E-08  0.1020E-08  0.8280E-09  0.6710E-09  0.5940E-09
  0.1000E+14  0.1430E-23  0.3180E-18  0.4520E-14  0.4220E-11  0.1060E-09  0.6910E-09  0.1170E-08  0.1280E-08  0.1270E-08  0.1180E-08  0.1020E-08  0.8270E-09  0.6700E-09  0.5930E-09
  0.1000E+15  0.1420E-23  0.3170E-18  0.4500E-14  0.4210E-11  0.1060E-09  0.6890E-09  0.1160E-08  0.1270E-08  0.1260E-08  0.1170E-08  0.1020E-08  0.8240E-09  0.6680E-09  0.5920E-09
  0.1000E+16  0.1370E-23  0.3070E-18  0.4390E-14  0.4130E-11  0.1040E-09  0.6650E-09  0.1110E-08  0.1210E-08  0.1200E-08  0.1120E-08  0.9790E-09  0.7990E-09  0.6530E-09  0.5810E-09
  0.1000E+17  0.9990E-24  0.2340E-18  0.3530E-14  0.3490E-11  0.8850E-10  0.5080E-09  0.7760E-09  0.8250E-09  0.8180E-09  0.7720E-09  0.6960E-09  0.6000E-09  0.5190E-09  0.4750E-09
WAVELENGTH(A)= 
   789.376
 7 14 t 
excit   
     0.431      0.646      1.080      2.150      4.310     10.800     21.500     32.300     43.100     64.600    108.000    215.000    431.000    646.000 
  0.1000E+11  0.1070E-22  0.1330E-17  0.1190E-13  0.7870E-11  0.1660E-09  0.9050E-09  0.1370E-08  0.1430E-08  0.1400E-08  0.1290E-08  0.1120E-08  0.9240E-09  0.7760E-09  0.6990E-09
  0.1000E+12  0.9820E-23  0.1160E-17  0.1000E-13  0.6410E-11  0.1340E-09  0.7900E-09  0.1280E-08  0.1360E-08  0.1340E-08  0.1230E-08  0.1070E-08  0.8640E-09  0.7070E-09  0.6260E-09
  0.1000E+13  0.9690E-23  0.1140E-17  0.9810E-14  0.6260E-11  0.1310E-09  0.7780E-09  0.1270E-08  0.1360E-08  0.1330E-08  0.1230E-08  0.1060E-08  0.8580E-09  0.7000E-09  0.6180E-09
  0.1000E+14  0.9670E-23  0.1140E-17  0.9780E-14  0.6240E-11  0.1300E-09  0.7770E-09  0.1270E-08  0.1350E-08  0.1330E-08  0.1230E-08  0.1060E-08  0.8570E-09  0.6990E-09  0.6170E-09
  0.1000E+15  0.9640E-23  0.1130E-17  0.9760E-14  0.6230E-11  0.1300E-09  0.7750E-09  0.1260E-08  0.1350E-08  0.1330E-08  0.1220E-08  0.1060E-08  0.8550E-09  0.6980E-09  0.6160E-09
  0.1000E+16  0.9290E-23  0.1100E-17  0.9530E-14  0.6120E-11  0.1280E-09  0.7530E-09  0.1210E-08  0.1300E-08  0.1280E-08  0.1180E-08  0.1030E-08  0.8370E-09  0.6880E-09  0.6090E-09
  0.1000E+17  0.6810E-23  0.8460E-18  0.7700E-14  0.5220E-11  0.1100E-09  0.5840E-09  0.8670E-09  0.9090E-09  0.8940E-09  0.8380E-09  0.7520E-09  0.6460E-09  0.5600E-09  0.5100E-09
WAVELENGTH(A)= 
   797.174
 7 14 t 
excit   
     0.431      0.646      1.080      2.150      4.310     10.800     21.500     32.300     43.100     64.600    108.000    215.000    431.000    646.000 
  0.1000E+11  0.5560E-25  0.2770E-19  0.7620E-15  0.1160E-11  0.3630E-10  0.2400E-09  0.3990E-09  0.4390E-09  0.4400E-09  0.4150E-09  0.3700E-09  0.3120E-09  0.2640E-09  0.2400E-09
  0.1000E+12  0.6620E-25  0.3060E-19  0.7830E-15  0.1130E-11  0.3440E-10  0.2300E-09  0.3910E-09  0.4320E-09  0.4320E-09  0.4070E-09  0.3590E-09  0.2970E-09  0.2450E-09  0.2200E-09
  0.1000E+13  0.6780E-25  0.3090E-19  0.7850E-15  0.1130E-11  0.3420E-10  0.2290E-09  0.3900E-09  0.4310E-09  0.4320E-09  0.4060E-09  0.3580E-09  0.2960E-09  0.2430E-09  0.2170E-09
  0.1000E+14  0.6800E-25  0.3100E-19  0.7850E-15  0.1120E-11  0.3420E-10  0.2290E-09  0.3890E-09  0.4310E-09  0.4310E-09  0.4060E-09  0.3580E-09  0.2950E-09  0.2430E-09  0.2170E-09
  0.1000E+15  0.6780E-25  0.3090E-19  0.7830E-15  0.1120E-11  0.3410E-10  0.2280E-09  0.3880E-09  0.4290E-09  0.4290E-09  0.4040E-09  0.3560E-09  0.2940E-09  0.2420E-09  0.2160E-09
  0.1000E+16  0.6570E-25  0.3010E-19  0.7680E-15  0.1110E-11  0.3370E-10  0.2230E-09  0.3740E-09  0.4120E-09  0.4130E-09  0.3890E-09  0.3440E-09  0.2860E-09  0.2370E-09  0.2120E-09
  0.1000E+17  0.4950E-25  0.2370E-19  0.6340E-15  0.9590E-12  0.2930E-10  0.1760E-09  0.2710E-09  0.2900E-09  0.2880E-09  0.2730E-09  0.2490E-09  0.2170E-09  0.1890E-09  0.1740E-09
WAVELENGTH(A)= 
   799.070
 7 14 t 
excit   
     0.431      0.646      1.080      2.150      4.310     10.800     21.500     32.300     43.100     64.600    108.000    215.000    431.000    646.000 
  0.1000E+11  0.2790E-25  0.3000E-19  0.1520E-14  0.3610E-11  0.1400E-09  0.1100E-08  0.2080E-08  0.2370E-08  0.2400E-08  0.2290E-08  0.2050E-08  0.1740E-08  0.1480E-08  0.1350E-08
  0.1000E+12  0.4620E-25  0.4620E-19  0.2210E-14  0.5070E-11  0.1900E-09  0.1310E-08  0.2260E-08  0.2500E-08  0.2510E-08  0.2360E-08  0.2080E-08  0.1730E-08  0.1450E-08  0.1300E-08
  0.1000E+13  0.4920E-25  0.4870E-19  0.2310E-14  0.5270E-11  0.1970E-09  0.1330E-08  0.2280E-08  0.2520E-08  0.2530E-08  0.2370E-08  0.2090E-08  0.1730E-08  0.1440E-08  0.1290E-08
  0.1000E+14  0.4950E-25  0.4890E-19  0.2320E-14  0.5290E-11  0.1980E-09  0.1330E-08  0.2280E-08  0.2520E-08  0.2530E-08  0.2370E-08  0.2080E-08  0.1730E-08  0.1440E-08  0.1290E-08
  0.1000E+15  0.4930E-25  0.4880E-19  0.2310E-14  0.5280E-11  0.1970E-09  0.1330E-08  0.2270E-08  0.2510E-08  0.2520E-08  0.2360E-08  0.2080E-08  0.1720E-08  0.1440E-08  0.1290E-08
  0.1000E+16  0.4770E-25  0.4750E-19  0.2260E-14  0.5200E-11  0.1940E-09  0.1300E-08  0.2200E-08  0.2430E-08  0.2430E-08  0.2280E-08  0.2010E-08  0.1680E-08  0.1400E-08  0.1260E-08
  0.1000E+17  0.3570E-25  0.3720E-19  0.1860E-14  0.4490E-11  0.1700E-09  0.1100E-08  0.1750E-08  0.1880E-08  0.1870E-08  0.1760E-08  0.1590E-08  0.1370E-08  0.1180E-08  0.1080E-08
WAVELENGTH(A)= 
   809.317
 7 14 t 
excit   
     0.431      0.646      1.080      2.150      4.310     10.800     21.500     32.300     43.100     64.600    108.000    215.000    431.000    646.000 
  0.1000E+11  0.1970E-22  0.1830E-17  0.1300E-13  0.7250E-11  0.1420E-09  0.7640E-09  0.1180E-08  0.1250E-08  0.1230E-08  0.1130E-08  0.9900E-09  0.8140E-09  0.6780E-09  0.6120E-09
  0.1000E+12  0.1900E-22  0.1670E-17  0.1130E-13  0.6080E-11  0.1170E-09  0.6740E-09  0.1110E-08  0.1200E-08  0.1180E-08  0.1090E-08  0.9440E-09  0.7630E-09  0.6200E-09  0.5500E-09
  0.1000E+13  0.1890E-22  0.1650E-17  0.1120E-13  0.5960E-11  0.1140E-09  0.6650E-09  0.1100E-08  0.1190E-08  0.1170E-08  0.1090E-08  0.9400E-09  0.7580E-09  0.6140E-09  0.5430E-09
  0.1000E+14  0.1890E-22  0.1650E-17  0.1110E-13  0.5950E-11  0.1140E-09  0.6640E-09  0.1100E-08  0.1190E-08  0.1170E-08  0.1080E-08  0.9390E-09  0.7570E-09  0.6130E-09  0.5430E-09
  0.1000E+15  0.1880E-22  0.1640E-17  0.1110E-13  0.5930E-11  0.1140E-09  0.6630E-09  0.1100E-08  0.1190E-08  0.1170E-08  0.1080E-08  0.9380E-09  0.7570E-09  0.6130E-09  0.5430E-09
  0.1000E+16  0.1810E-22  0.1590E-17  0.1080E-13  0.5810E-11  0.1120E-09  0.6420E-09  0.1060E-08  0.1140E-08  0.1130E-08  0.1050E-08  0.9180E-09  0.7480E-09  0.6100E-09  0.5410E-09
  0.1000E+17  0.1290E-22  0.1190E-17  0.8540E-14  0.4830E-11  0.9310E-10  0.4660E-09  0.6910E-09  0.7310E-09  0.7230E-09  0.6840E-09  0.6220E-09  0.5420E-09  0.4740E-09  0.4370E-09
WAVELENGTH(A)= 
   815.181
 7 14 t 
excit   
     0.431      0.646      1.080      2.150      4.310     10.800     21.500     32.300     43.100     64.600    108.000    215.000    431.000    646.000 
  0.1000E+11  0.2020E-25  0.1850E-19  0.8200E-15  0.1780E-11  0.6620E-10  0.5020E-09  0.9100E-09  0.1030E-08  0.1040E-08  0.9960E-09  0.8890E-09  0.7470E-09  0.6280E-09  0.5710E-09
  0.1000E+12  0.2880E-25  0.2390E-19  0.9740E-15  0.2000E-11  0.7270E-10  0.5330E-09  0.9420E-09  0.1060E-08  0.1070E-08  0.1010E-08  0.8870E-09  0.7310E-09  0.6010E-09  0.5380E-09
  0.1000E+13  0.3010E-25  0.2460E-19  0.9920E-15  0.2030E-11  0.7340E-10  0.5360E-09  0.9460E-09  0.1060E-08  0.1070E-08  0.1010E-08  0.8870E-09  0.7290E-09  0.5970E-09  0.5340E-09
  0.1000E+14  0.3020E-25  0.2470E-19  0.9940E-15  0.2030E-11  0.7340E-10  0.5360E-09  0.9450E-09  0.1060E-08  0.1070E-08  0.1010E-08  0.8860E-09  0.7280E-09  0.5970E-09  0.5340E-09
  0.1000E+15  0.3010E-25  0.2460E-19  0.9920E-15  0.2020E-11  0.7330E-10  0.5340E-09  0.9400E-09  0.1050E-08  0.1060E-08  0.1000E-08  0.8820E-09  0.7250E-09  0.5950E-09  0.5320E-09
  0.1000E+16  0.2910E-25  0.2390E-19  0.9680E-15  0.1990E-11  0.7200E-10  0.5160E-09  0.8970E-09  0.1000E-08  0.1010E-08  0.9550E-09  0.8460E-09  0.7020E-09  0.5800E-09  0.5210E-09
  0.1000E+17  0.2150E-25  0.1850E-19  0.7870E-15  0.1700E-11  0.6140E-10  0.3970E-09  0.6280E-09  0.6790E-09  0.6800E-09  0.6490E-09  0.5920E-09  0.5170E-09  0.4510E-09  0.4170E-09
WAVELENGTH(A)= 
   833.501
 7 14 t 
excit   
     0.431      0.646      1.080      2.150      4.310     10.800     21.500     32.300     43.100     64.600    108.000    215.000    431.000    646.000 
  0.1000E+11  0.2690E-24  0.8310E-19  0.1580E-14  0.1840E-11  0.5100E-10  0.3270E-09  0.5440E-09  0.5920E-09  0.5900E-09  0.5530E-09  0.4890E-09  0.4080E-09  0.3440E-09  0.3110E-09
  0.1000E+12  0.3790E-24  0.1040E-18  0.1760E-14  0.1870E-11  0.4950E-10  0.3180E-09  0.5350E-09  0.5840E-09  0.5820E-09  0.5430E-09  0.4750E-09  0.3890E-09  0.3200E-09  0.2850E-09
  0.1000E+13  0.3950E-24  0.1070E-18  0.1780E-14  0.1870E-11  0.4920E-10  0.3160E-09  0.5340E-09  0.5830E-09  0.5810E-09  0.5420E-09  0.4730E-09  0.3870E-09  0.3170E-09  0.2820E-09
  0.1000E+14  0.3970E-24  0.1070E-18  0.1780E-14  0.1870E-11  0.4910E-10  0.3160E-09  0.5330E-09  0.5820E-09  0.5800E-09  0.5410E-09  0.4730E-09  0.3870E-09  0.3170E-09  0.2820E-09
  0.1000E+15  0.3960E-24  0.1070E-18  0.1780E-14  0.1860E-11  0.4900E-10  0.3150E-09  0.5310E-09  0.5790E-09  0.5770E-09  0.5380E-09  0.4710E-09  0.3850E-09  0.3160E-09  0.2810E-09
  0.1000E+16  0.3830E-24  0.1040E-18  0.1740E-14  0.1830E-11  0.4830E-10  0.3070E-09  0.5110E-09  0.5560E-09  0.5540E-09  0.5180E-09  0.4550E-09  0.3750E-09  0.3090E-09  0.2760E-09
  0.1000E+17  0.2840E-24  0.8080E-19  0.1420E-14  0.1580E-11  0.4170E-10  0.2380E-09  0.3630E-09  0.3860E-09  0.3830E-09  0.3620E-09  0.3270E-09  0.2840E-09  0.2470E-09  0.2270E-09
WAVELENGTH(A)= 
   847.902
 7 14 t 
excit   
     0.431      0.646      1.080      2.150      4.310     10.800     21.500     32.300     43.100     64.600    108.000    215.000    431.000    646.000 
  0.1000E+11  0.3350E-24  0.8520E-19  0.1380E-14  0.1420E-11  0.3740E-10  0.2380E-09  0.3930E-09  0.4270E-09  0.4240E-09  0.3960E-09  0.3470E-09  0.2870E-09  0.2390E-09  0.2150E-09
  0.1000E+12  0.4490E-24  0.1020E-18  0.1470E-14  0.1390E-11  0.3520E-10  0.2280E-09  0.3850E-09  0.4200E-09  0.4170E-09  0.3880E-09  0.3370E-09  0.2730E-09  0.2220E-09  0.1970E-09
  0.1000E+13  0.4670E-24  0.1040E-18  0.1480E-14  0.1380E-11  0.3490E-10  0.2270E-09  0.3840E-09  0.4190E-09  0.4160E-09  0.3870E-09  0.3360E-09  0.2710E-09  0.2200E-09  0.1950E-09
  0.1000E+14  0.4680E-24  0.1040E-18  0.1480E-14  0.1380E-11  0.3480E-10  0.2270E-09  0.3830E-09  0.4190E-09  0.4160E-09  0.3870E-09  0.3350E-09  0.2710E-09  0.2200E-09  0.1950E-09
  0.1000E+15  0.4670E-24  0.1040E-18  0.1480E-14  0.1380E-11  0.3480E-10  0.2260E-09  0.3810E-09  0.4160E-09  0.4130E-09  0.3840E-09  0.3340E-09  0.2700E-09  0.2190E-09  0.1940E-09
  0.1000E+16  0.4490E-24  0.1010E-18  0.1440E-14  0.1360E-11  0.3410E-10  0.2180E-09  0.3640E-09  0.3960E-09  0.3940E-09  0.3680E-09  0.3210E-09  0.2620E-09  0.2140E-09  0.1900E-09
  0.1000E+17  0.3270E-24  0.7690E-19  0.1160E-14  0.1140E-11  0.2900E-10  0.1660E-09  0.2540E-09  0.2700E-09  0.2680E-09  0.2530E-09  0.2280E-09  0.1970E-09  0.1700E-09  0.1560E-09
WAVELENGTH(A)= 
  1149.380
 7 14 t 
excit   
     0.431      0.646      1.080      2.150      4.310     10.800     21.500     32.300     43.100     64.600    108.000    215.000    431.000    646.000 
  0.1000E+11  0.1210E-36  0.5480E-27  0.2180E-19  0.7710E-14  0.3580E-11  0.1150E-09  0.3210E-09  0.4030E-09  0.4230E-09  0.4090E-09  0.3610E-09  0.2900E-09  0.2300E-09  0.2010E-09
  0.1000E+12  0.2020E-36  0.8500E-27  0.3200E-19  0.1090E-13  0.4890E-11  0.1370E-09  0.3490E-09  0.4270E-09  0.4430E-09  0.4230E-09  0.3670E-09  0.2890E-09  0.2240E-09  0.1930E-09
  0.1000E+13  0.2150E-36  0.8950E-27  0.3340E-19  0.1140E-13  0.5070E-11  0.1400E-09  0.3520E-09  0.4300E-09  0.4450E-09  0.4240E-09  0.3670E-09  0.2880E-09  0.2230E-09  0.1920E-09
  0.1000E+14  0.2160E-36  0.9000E-27  0.3360E-19  0.1140E-13  0.5080E-11  0.1400E-09  0.3530E-09  0.4300E-09  0.4450E-09  0.4240E-09  0.3670E-09  0.2880E-09  0.2230E-09  0.1920E-09
  0.1000E+15  0.2170E-36  0.9010E-27  0.3350E-19  0.1130E-13  0.5040E-11  0.1390E-09  0.3510E-09  0.4290E-09  0.4440E-09  0.4230E-09  0.3670E-09  0.2890E-09  0.2240E-09  0.1920E-09
  0.1000E+16  0.2260E-36  0.9150E-27  0.3290E-19  0.1080E-13  0.4710E-11  0.1300E-09  0.3330E-09  0.4090E-09  0.4260E-09  0.4110E-09  0.3610E-09  0.2880E-09  0.2260E-09  0.1950E-09
  0.1000E+17  0.2730E-36  0.1080E-26  0.3600E-19  0.1050E-13  0.4200E-11  0.1090E-09  0.2690E-09  0.3310E-09  0.3500E-09  0.3480E-09  0.3230E-09  0.2780E-09  0.2330E-09  0.2080E-09
