 50  7 14
WAVELENGTH(A)= 
    11.383
 7 14 t 
excit   
    18.800     28.200     46.900     93.800    188.000    469.000    938.000   1410.000   1880.000   2820.000   4690.000   9380.000  18800.000  28200.000 
  0.1000E+11  0.2900E-35  0.5960E-27  0.2430E-20  0.1900E-15  0.4590E-13  0.1020E-11  0.2630E-11  0.3570E-11  0.4150E-11  0.4830E-11  0.5450E-11  0.5860E-11  0.5810E-11  0.5600E-11
  0.1000E+12  0.2900E-35  0.5960E-27  0.2430E-20  0.1900E-15  0.4590E-13  0.1020E-11  0.2630E-11  0.3570E-11  0.4150E-11  0.4830E-11  0.5450E-11  0.5860E-11  0.5810E-11  0.5600E-11
  0.1000E+13  0.2900E-35  0.5960E-27  0.2430E-20  0.1900E-15  0.4590E-13  0.1020E-11  0.2630E-11  0.3570E-11  0.4150E-11  0.4830E-11  0.5450E-11  0.5860E-11  0.5810E-11  0.5600E-11
  0.1000E+14  0.2900E-35  0.5960E-27  0.2430E-20  0.1900E-15  0.4590E-13  0.1020E-11  0.2630E-11  0.3570E-11  0.4150E-11  0.4830E-11  0.5450E-11  0.5860E-11  0.5810E-11  0.5600E-11
  0.1000E+15  0.2900E-35  0.5960E-27  0.2430E-20  0.1900E-15  0.4590E-13  0.1020E-11  0.2630E-11  0.3570E-11  0.4150E-11  0.4830E-11  0.5450E-11  0.5860E-11  0.5810E-11  0.5600E-11
  0.1000E+16  0.2900E-35  0.5960E-27  0.2430E-20  0.1900E-15  0.4590E-13  0.1020E-11  0.2630E-11  0.3570E-11  0.4150E-11  0.4830E-11  0.5450E-11  0.5860E-11  0.5810E-11  0.5600E-11
  0.1000E+17  0.2900E-35  0.5970E-27  0.2430E-20  0.1910E-15  0.4590E-13  0.1020E-11  0.2630E-11  0.3570E-11  0.4150E-11  0.4830E-11  0.5450E-11  0.5850E-11  0.5800E-11  0.5600E-11
WAVELENGTH(A)= 
    12.296
 7 14 t 
excit   
    18.800     28.200     46.900     93.800    188.000    469.000    938.000   1410.000   1880.000   2820.000   4690.000   9380.000  18800.000  28200.000 
  0.1000E+11  0.4020E-33  0.2000E-25  0.2630E-19  0.9020E-15  0.1450E-12  0.2560E-11  0.6130E-11  0.8100E-11  0.9320E-11  0.1070E-10  0.1200E-10  0.1270E-10  0.1250E-10  0.1200E-10
  0.1000E+12  0.4020E-33  0.2000E-25  0.2630E-19  0.9020E-15  0.1450E-12  0.2560E-11  0.6130E-11  0.8100E-11  0.9320E-11  0.1070E-10  0.1200E-10  0.1270E-10  0.1250E-10  0.1200E-10
  0.1000E+13  0.4020E-33  0.2000E-25  0.2630E-19  0.9020E-15  0.1450E-12  0.2560E-11  0.6130E-11  0.8100E-11  0.9320E-11  0.1070E-10  0.1200E-10  0.1270E-10  0.1250E-10  0.1200E-10
  0.1000E+14  0.4020E-33  0.2000E-25  0.2630E-19  0.9020E-15  0.1450E-12  0.2560E-11  0.6130E-11  0.8100E-11  0.9320E-11  0.1070E-10  0.1200E-10  0.1270E-10  0.1250E-10  0.1200E-10
  0.1000E+15  0.4020E-33  0.2000E-25  0.2630E-19  0.9020E-15  0.1450E-12  0.2560E-11  0.6130E-11  0.8100E-11  0.9320E-11  0.1070E-10  0.1200E-10  0.1270E-10  0.1250E-10  0.1200E-10
  0.1000E+16  0.4020E-33  0.2000E-25  0.2630E-19  0.9020E-15  0.1450E-12  0.2560E-11  0.6130E-11  0.8100E-11  0.9320E-11  0.1070E-10  0.1200E-10  0.1270E-10  0.1250E-10  0.1200E-10
  0.1000E+17  0.4030E-33  0.2000E-25  0.2630E-19  0.9020E-15  0.1450E-12  0.2560E-11  0.6120E-11  0.8100E-11  0.9310E-11  0.1070E-10  0.1190E-10  0.1270E-10  0.1250E-10  0.1200E-10
WAVELENGTH(A)= 
    13.865
 7 14 t 
excit   
    18.800     28.200     46.900     93.800    188.000    469.000    938.000   1410.000   1880.000   2820.000   4690.000   9380.000  18800.000  28200.000 
  0.1000E+11  0.3050E-35  0.7850E-27  0.3820E-20  0.3390E-15  0.8540E-13  0.1850E-11  0.4300E-11  0.5250E-11  0.5590E-11  0.5640E-11  0.5210E-11  0.4250E-11  0.3250E-11  0.2730E-11
  0.1000E+12  0.3050E-35  0.7850E-27  0.3820E-20  0.3390E-15  0.8540E-13  0.1850E-11  0.4300E-11  0.5250E-11  0.5590E-11  0.5640E-11  0.5210E-11  0.4250E-11  0.3250E-11  0.2730E-11
  0.1000E+13  0.3050E-35  0.7850E-27  0.3820E-20  0.3390E-15  0.8540E-13  0.1850E-11  0.4300E-11  0.5250E-11  0.5590E-11  0.5640E-11  0.5210E-11  0.4250E-11  0.3250E-11  0.2730E-11
  0.1000E+14  0.3050E-35  0.7850E-27  0.3820E-20  0.3390E-15  0.8540E-13  0.1850E-11  0.4300E-11  0.5250E-11  0.5590E-11  0.5640E-11  0.5210E-11  0.4250E-11  0.3250E-11  0.2730E-11
  0.1000E+15  0.3050E-35  0.7850E-27  0.3820E-20  0.3390E-15  0.8540E-13  0.1850E-11  0.4300E-11  0.5250E-11  0.5590E-11  0.5640E-11  0.5210E-11  0.4250E-11  0.3250E-11  0.2730E-11
  0.1000E+16  0.3050E-35  0.7850E-27  0.3820E-20  0.3390E-15  0.8540E-13  0.1850E-11  0.4300E-11  0.5250E-11  0.5590E-11  0.5640E-11  0.5210E-11  0.4250E-11  0.3250E-11  0.2730E-11
  0.1000E+17  0.3060E-35  0.7860E-27  0.3820E-20  0.3390E-15  0.8540E-13  0.1850E-11  0.4300E-11  0.5250E-11  0.5590E-11  0.5630E-11  0.5210E-11  0.4250E-11  0.3250E-11  0.2730E-11
WAVELENGTH(A)= 
    14.074
 7 14 t 
excit   
    18.800     28.200     46.900     93.800    188.000    469.000    938.000   1410.000   1880.000   2820.000   4690.000   9380.000  18800.000  28200.000 
  0.1000E+11  0.7980E-30  0.4100E-23  0.8890E-18  0.8030E-14  0.6860E-12  0.8600E-11  0.1870E-10  0.2400E-10  0.2710E-10  0.3080E-10  0.3390E-10  0.3570E-10  0.3490E-10  0.3340E-10
  0.1000E+12  0.7980E-30  0.4100E-23  0.8890E-18  0.8030E-14  0.6860E-12  0.8600E-11  0.1870E-10  0.2400E-10  0.2710E-10  0.3080E-10  0.3390E-10  0.3570E-10  0.3490E-10  0.3340E-10
  0.1000E+13  0.7980E-30  0.4100E-23  0.8890E-18  0.8030E-14  0.6860E-12  0.8600E-11  0.1870E-10  0.2400E-10  0.2710E-10  0.3080E-10  0.3390E-10  0.3570E-10  0.3490E-10  0.3340E-10
  0.1000E+14  0.7980E-30  0.4100E-23  0.8890E-18  0.8030E-14  0.6860E-12  0.8600E-11  0.1870E-10  0.2400E-10  0.2710E-10  0.3080E-10  0.3390E-10  0.3570E-10  0.3490E-10  0.3340E-10
  0.1000E+15  0.7980E-30  0.4100E-23  0.8890E-18  0.8030E-14  0.6860E-12  0.8600E-11  0.1870E-10  0.2400E-10  0.2710E-10  0.3080E-10  0.3390E-10  0.3570E-10  0.3490E-10  0.3340E-10
  0.1000E+16  0.7980E-30  0.4100E-23  0.8890E-18  0.8030E-14  0.6860E-12  0.8600E-11  0.1870E-10  0.2400E-10  0.2710E-10  0.3080E-10  0.3390E-10  0.3570E-10  0.3490E-10  0.3340E-10
  0.1000E+17  0.7990E-30  0.4100E-23  0.8890E-18  0.8030E-14  0.6860E-12  0.8590E-11  0.1870E-10  0.2400E-10  0.2710E-10  0.3070E-10  0.3390E-10  0.3570E-10  0.3480E-10  0.3340E-10
WAVELENGTH(A)= 
    15.114
 7 14 t 
excit   
    18.800     28.200     46.900     93.800    188.000    469.000    938.000   1410.000   1880.000   2820.000   4690.000   9380.000  18800.000  28200.000 
  0.1000E+11  0.3410E-33  0.2360E-25  0.4030E-19  0.1640E-14  0.2780E-12  0.4780E-11  0.1040E-10  0.1240E-10  0.1310E-10  0.1310E-10  0.1210E-10  0.9890E-11  0.7630E-11  0.6450E-11
  0.1000E+12  0.3410E-33  0.2360E-25  0.4030E-19  0.1640E-14  0.2780E-12  0.4780E-11  0.1040E-10  0.1240E-10  0.1310E-10  0.1310E-10  0.1210E-10  0.9890E-11  0.7630E-11  0.6450E-11
  0.1000E+13  0.3410E-33  0.2360E-25  0.4030E-19  0.1640E-14  0.2780E-12  0.4780E-11  0.1040E-10  0.1240E-10  0.1310E-10  0.1310E-10  0.1210E-10  0.9890E-11  0.7630E-11  0.6450E-11
  0.1000E+14  0.3410E-33  0.2360E-25  0.4030E-19  0.1640E-14  0.2780E-12  0.4780E-11  0.1040E-10  0.1240E-10  0.1310E-10  0.1310E-10  0.1210E-10  0.9890E-11  0.7630E-11  0.6450E-11
  0.1000E+15  0.3410E-33  0.2360E-25  0.4030E-19  0.1640E-14  0.2780E-12  0.4780E-11  0.1040E-10  0.1240E-10  0.1310E-10  0.1310E-10  0.1210E-10  0.9890E-11  0.7630E-11  0.6450E-11
  0.1000E+16  0.3410E-33  0.2360E-25  0.4030E-19  0.1640E-14  0.2780E-12  0.4780E-11  0.1040E-10  0.1240E-10  0.1310E-10  0.1310E-10  0.1210E-10  0.9890E-11  0.7630E-11  0.6450E-11
  0.1000E+17  0.3410E-33  0.2360E-25  0.4030E-19  0.1640E-14  0.2780E-12  0.4780E-11  0.1030E-10  0.1240E-10  0.1310E-10  0.1310E-10  0.1210E-10  0.9890E-11  0.7620E-11  0.6440E-11
WAVELENGTH(A)= 
    15.720
 7 14 t 
excit   
    18.800     28.200     46.900     93.800    188.000    469.000    938.000   1410.000   1880.000   2820.000   4690.000   9380.000  18800.000  28200.000 
  0.1000E+11  0.1470E-28  0.1530E-22  0.9500E-18  0.3460E-14  0.1910E-12  0.1840E-11  0.3500E-11  0.4180E-11  0.4500E-11  0.4770E-11  0.4820E-11  0.4590E-11  0.4140E-11  0.3820E-11
  0.1000E+12  0.1470E-28  0.1530E-22  0.9500E-18  0.3460E-14  0.1910E-12  0.1840E-11  0.3500E-11  0.4180E-11  0.4500E-11  0.4770E-11  0.4820E-11  0.4590E-11  0.4140E-11  0.3820E-11
  0.1000E+13  0.1470E-28  0.1530E-22  0.9500E-18  0.3460E-14  0.1910E-12  0.1840E-11  0.3500E-11  0.4180E-11  0.4500E-11  0.4770E-11  0.4820E-11  0.4590E-11  0.4140E-11  0.3820E-11
  0.1000E+14  0.1470E-28  0.1530E-22  0.9500E-18  0.3460E-14  0.1910E-12  0.1840E-11  0.3500E-11  0.4180E-11  0.4500E-11  0.4770E-11  0.4820E-11  0.4590E-11  0.4140E-11  0.3820E-11
  0.1000E+15  0.1470E-28  0.1530E-22  0.9510E-18  0.3460E-14  0.1910E-12  0.1840E-11  0.3500E-11  0.4180E-11  0.4500E-11  0.4770E-11  0.4820E-11  0.4590E-11  0.4140E-11  0.3820E-11
  0.1000E+16  0.1480E-28  0.1530E-22  0.9510E-18  0.3460E-14  0.1910E-12  0.1840E-11  0.3500E-11  0.4190E-11  0.4510E-11  0.4770E-11  0.4820E-11  0.4590E-11  0.4140E-11  0.3820E-11
  0.1000E+17  0.1500E-28  0.1550E-22  0.9600E-18  0.3480E-14  0.1920E-12  0.1840E-11  0.3500E-11  0.4190E-11  0.4510E-11  0.4770E-11  0.4820E-11  0.4590E-11  0.4140E-11  0.3820E-11
WAVELENGTH(A)= 
    15.838
 7 14 t 
excit   
    18.800     28.200     46.900     93.800    188.000    469.000    938.000   1410.000   1880.000   2820.000   4690.000   9380.000  18800.000  28200.000 
  0.1000E+11  0.8240E-28  0.7410E-22  0.3960E-17  0.1230E-13  0.5920E-12  0.5080E-11  0.9670E-11  0.1200E-10  0.1340E-10  0.1530E-10  0.1730E-10  0.1900E-10  0.1930E-10  0.1910E-10
  0.1000E+12  0.8240E-28  0.7410E-22  0.3960E-17  0.1230E-13  0.5920E-12  0.5080E-11  0.9670E-11  0.1200E-10  0.1340E-10  0.1530E-10  0.1730E-10  0.1900E-10  0.1930E-10  0.1910E-10
  0.1000E+13  0.8240E-28  0.7410E-22  0.3960E-17  0.1230E-13  0.5920E-12  0.5080E-11  0.9670E-11  0.1200E-10  0.1340E-10  0.1530E-10  0.1730E-10  0.1900E-10  0.1930E-10  0.1910E-10
  0.1000E+14  0.8240E-28  0.7410E-22  0.3960E-17  0.1230E-13  0.5920E-12  0.5080E-11  0.9670E-11  0.1200E-10  0.1340E-10  0.1530E-10  0.1730E-10  0.1900E-10  0.1930E-10  0.1910E-10
  0.1000E+15  0.8240E-28  0.7410E-22  0.3960E-17  0.1230E-13  0.5920E-12  0.5080E-11  0.9670E-11  0.1200E-10  0.1340E-10  0.1530E-10  0.1730E-10  0.1900E-10  0.1930E-10  0.1910E-10
  0.1000E+16  0.8240E-28  0.7410E-22  0.3960E-17  0.1230E-13  0.5920E-12  0.5080E-11  0.9670E-11  0.1200E-10  0.1340E-10  0.1530E-10  0.1730E-10  0.1900E-10  0.1930E-10  0.1910E-10
  0.1000E+17  0.8260E-28  0.7430E-22  0.3970E-17  0.1230E-13  0.5920E-12  0.5080E-11  0.9670E-11  0.1200E-10  0.1340E-10  0.1530E-10  0.1720E-10  0.1900E-10  0.1930E-10  0.1910E-10
WAVELENGTH(A)= 
    16.020
 7 14 t 
excit   
    18.800     28.200     46.900     93.800    188.000    469.000    938.000   1410.000   1880.000   2820.000   4690.000   9380.000  18800.000  28200.000 
  0.1000E+11  0.4860E-33  0.1480E-25  0.1310E-19  0.3280E-15  0.4390E-13  0.6620E-12  0.1380E-11  0.1650E-11  0.1740E-11  0.1750E-11  0.1640E-11  0.1370E-11  0.1080E-11  0.9290E-12
  0.1000E+12  0.4860E-33  0.1480E-25  0.1310E-19  0.3280E-15  0.4390E-13  0.6620E-12  0.1380E-11  0.1650E-11  0.1740E-11  0.1750E-11  0.1640E-11  0.1370E-11  0.1080E-11  0.9290E-12
  0.1000E+13  0.4860E-33  0.1480E-25  0.1310E-19  0.3280E-15  0.4390E-13  0.6620E-12  0.1380E-11  0.1650E-11  0.1740E-11  0.1750E-11  0.1640E-11  0.1370E-11  0.1080E-11  0.9290E-12
  0.1000E+14  0.4860E-33  0.1480E-25  0.1310E-19  0.3280E-15  0.4390E-13  0.6620E-12  0.1380E-11  0.1650E-11  0.1740E-11  0.1750E-11  0.1640E-11  0.1370E-11  0.1080E-11  0.9290E-12
  0.1000E+15  0.4860E-33  0.1480E-25  0.1310E-19  0.3280E-15  0.4390E-13  0.6620E-12  0.1380E-11  0.1650E-11  0.1740E-11  0.1750E-11  0.1640E-11  0.1370E-11  0.1080E-11  0.9290E-12
  0.1000E+16  0.4860E-33  0.1480E-25  0.1310E-19  0.3280E-15  0.4390E-13  0.6620E-12  0.1380E-11  0.1650E-11  0.1740E-11  0.1750E-11  0.1630E-11  0.1370E-11  0.1080E-11  0.9290E-12
  0.1000E+17  0.4860E-33  0.1480E-25  0.1310E-19  0.3280E-15  0.4390E-13  0.6620E-12  0.1380E-11  0.1650E-11  0.1740E-11  0.1750E-11  0.1630E-11  0.1370E-11  0.1080E-11  0.9290E-12
WAVELENGTH(A)= 
    17.554
 7 14 t 
excit   
    18.800     28.200     46.900     93.800    188.000    469.000    938.000   1410.000   1880.000   2820.000   4690.000   9380.000  18800.000  28200.000 
  0.1000E+11  0.4220E-30  0.3860E-23  0.1300E-17  0.1570E-13  0.1460E-11  0.1750E-10  0.3390E-10  0.3930E-10  0.4080E-10  0.4040E-10  0.3690E-10  0.3040E-10  0.2340E-10  0.1980E-10
  0.1000E+12  0.4220E-30  0.3860E-23  0.1300E-17  0.1570E-13  0.1460E-11  0.1750E-10  0.3390E-10  0.3930E-10  0.4080E-10  0.4040E-10  0.3690E-10  0.3040E-10  0.2340E-10  0.1980E-10
  0.1000E+13  0.4220E-30  0.3860E-23  0.1300E-17  0.1570E-13  0.1460E-11  0.1750E-10  0.3390E-10  0.3930E-10  0.4080E-10  0.4040E-10  0.3690E-10  0.3040E-10  0.2340E-10  0.1980E-10
  0.1000E+14  0.4220E-30  0.3860E-23  0.1300E-17  0.1570E-13  0.1460E-11  0.1750E-10  0.3390E-10  0.3930E-10  0.4080E-10  0.4040E-10  0.3690E-10  0.3040E-10  0.2340E-10  0.1980E-10
  0.1000E+15  0.4220E-30  0.3860E-23  0.1300E-17  0.1570E-13  0.1460E-11  0.1750E-10  0.3390E-10  0.3930E-10  0.4080E-10  0.4040E-10  0.3690E-10  0.3040E-10  0.2340E-10  0.1980E-10
  0.1000E+16  0.4220E-30  0.3860E-23  0.1300E-17  0.1570E-13  0.1460E-11  0.1750E-10  0.3390E-10  0.3930E-10  0.4080E-10  0.4040E-10  0.3690E-10  0.3040E-10  0.2340E-10  0.1980E-10
  0.1000E+17  0.4220E-30  0.3860E-23  0.1300E-17  0.1570E-13  0.1460E-11  0.1750E-10  0.3390E-10  0.3930E-10  0.4080E-10  0.4040E-10  0.3690E-10  0.3030E-10  0.2330E-10  0.1980E-10
WAVELENGTH(A)= 
    18.729
 7 14 t 
excit   
    18.800     28.200     46.900     93.800    188.000    469.000    938.000   1410.000   1880.000   2820.000   4690.000   9380.000  18800.000  28200.000 
  0.1000E+11  0.2550E-24  0.2680E-19  0.2570E-15  0.2290E-12  0.6600E-11  0.4760E-10  0.8990E-10  0.1120E-09  0.1240E-09  0.1390E-09  0.1520E-09  0.1580E-09  0.1530E-09  0.1470E-09
  0.1000E+12  0.2550E-24  0.2680E-19  0.2570E-15  0.2290E-12  0.6600E-11  0.4760E-10  0.8990E-10  0.1120E-09  0.1240E-09  0.1390E-09  0.1520E-09  0.1580E-09  0.1530E-09  0.1470E-09
  0.1000E+13  0.2550E-24  0.2680E-19  0.2570E-15  0.2290E-12  0.6600E-11  0.4760E-10  0.8990E-10  0.1120E-09  0.1240E-09  0.1390E-09  0.1520E-09  0.1580E-09  0.1530E-09  0.1470E-09
  0.1000E+14  0.2550E-24  0.2680E-19  0.2570E-15  0.2290E-12  0.6600E-11  0.4760E-10  0.8990E-10  0.1120E-09  0.1240E-09  0.1390E-09  0.1520E-09  0.1580E-09  0.1530E-09  0.1470E-09
  0.1000E+15  0.2550E-24  0.2680E-19  0.2570E-15  0.2290E-12  0.6600E-11  0.4760E-10  0.8990E-10  0.1120E-09  0.1240E-09  0.1390E-09  0.1520E-09  0.1580E-09  0.1530E-09  0.1470E-09
  0.1000E+16  0.2550E-24  0.2680E-19  0.2570E-15  0.2290E-12  0.6600E-11  0.4760E-10  0.8990E-10  0.1120E-09  0.1240E-09  0.1390E-09  0.1520E-09  0.1580E-09  0.1530E-09  0.1470E-09
  0.1000E+17  0.2560E-24  0.2680E-19  0.2580E-15  0.2300E-12  0.6600E-11  0.4760E-10  0.8980E-10  0.1110E-09  0.1240E-09  0.1390E-09  0.1510E-09  0.1580E-09  0.1530E-09  0.1470E-09
WAVELENGTH(A)= 
    18.779
 7 14 t 
excit   
    18.800     28.200     46.900     93.800    188.000    469.000    938.000   1410.000   1880.000   2820.000   4690.000   9380.000  18800.000  28200.000 
  0.1000E+11  0.2590E-29  0.1100E-22  0.1990E-17  0.1510E-13  0.1120E-11  0.1220E-10  0.2390E-10  0.2850E-10  0.3040E-10  0.3130E-10  0.3030E-10  0.2630E-10  0.2130E-10  0.1840E-10
  0.1000E+12  0.2590E-29  0.1100E-22  0.1990E-17  0.1510E-13  0.1120E-11  0.1220E-10  0.2390E-10  0.2850E-10  0.3040E-10  0.3130E-10  0.3030E-10  0.2630E-10  0.2130E-10  0.1840E-10
  0.1000E+13  0.2590E-29  0.1100E-22  0.1990E-17  0.1510E-13  0.1120E-11  0.1220E-10  0.2390E-10  0.2850E-10  0.3040E-10  0.3130E-10  0.3030E-10  0.2630E-10  0.2130E-10  0.1840E-10
  0.1000E+14  0.2590E-29  0.1100E-22  0.1990E-17  0.1510E-13  0.1120E-11  0.1220E-10  0.2390E-10  0.2850E-10  0.3040E-10  0.3130E-10  0.3030E-10  0.2630E-10  0.2130E-10  0.1840E-10
  0.1000E+15  0.2590E-29  0.1100E-22  0.1990E-17  0.1510E-13  0.1120E-11  0.1220E-10  0.2390E-10  0.2850E-10  0.3040E-10  0.3130E-10  0.3030E-10  0.2630E-10  0.2130E-10  0.1840E-10
  0.1000E+16  0.2590E-29  0.1100E-22  0.1990E-17  0.1510E-13  0.1120E-11  0.1220E-10  0.2390E-10  0.2850E-10  0.3040E-10  0.3130E-10  0.3030E-10  0.2630E-10  0.2130E-10  0.1840E-10
  0.1000E+17  0.2590E-29  0.1100E-22  0.1990E-17  0.1510E-13  0.1120E-11  0.1220E-10  0.2390E-10  0.2850E-10  0.3040E-10  0.3130E-10  0.3030E-10  0.2630E-10  0.2120E-10  0.1840E-10
WAVELENGTH(A)= 
    19.744
 7 14 t 
excit   
    18.800     28.200     46.900     93.800    188.000    469.000    938.000   1410.000   1880.000   2820.000   4690.000   9380.000  18800.000  28200.000 
  0.1000E+11  0.5010E-29  0.1140E-22  0.1270E-17  0.6750E-14  0.4230E-12  0.4090E-11  0.7470E-11  0.8560E-11  0.8880E-11  0.8840E-11  0.8240E-11  0.6970E-11  0.5620E-11  0.4890E-11
  0.1000E+12  0.5010E-29  0.1140E-22  0.1270E-17  0.6750E-14  0.4230E-12  0.4090E-11  0.7470E-11  0.8560E-11  0.8880E-11  0.8840E-11  0.8240E-11  0.6970E-11  0.5620E-11  0.4890E-11
  0.1000E+13  0.5010E-29  0.1140E-22  0.1270E-17  0.6750E-14  0.4230E-12  0.4090E-11  0.7470E-11  0.8560E-11  0.8880E-11  0.8840E-11  0.8240E-11  0.6970E-11  0.5620E-11  0.4890E-11
  0.1000E+14  0.5010E-29  0.1140E-22  0.1270E-17  0.6750E-14  0.4230E-12  0.4090E-11  0.7470E-11  0.8560E-11  0.8880E-11  0.8840E-11  0.8240E-11  0.6970E-11  0.5620E-11  0.4890E-11
  0.1000E+15  0.5010E-29  0.1140E-22  0.1270E-17  0.6750E-14  0.4230E-12  0.4090E-11  0.7470E-11  0.8550E-11  0.8880E-11  0.8840E-11  0.8240E-11  0.6970E-11  0.5620E-11  0.4890E-11
  0.1000E+16  0.5010E-29  0.1140E-22  0.1270E-17  0.6750E-14  0.4230E-12  0.4090E-11  0.7460E-11  0.8550E-11  0.8880E-11  0.8840E-11  0.8240E-11  0.6970E-11  0.5620E-11  0.4890E-11
  0.1000E+17  0.5020E-29  0.1140E-22  0.1270E-17  0.6750E-14  0.4230E-12  0.4090E-11  0.7460E-11  0.8550E-11  0.8880E-11  0.8840E-11  0.8240E-11  0.6960E-11  0.5620E-11  0.4880E-11
WAVELENGTH(A)= 
    21.156
 7 14 t 
excit   
    18.800     28.200     46.900     93.800    188.000    469.000    938.000   1410.000   1880.000   2820.000   4690.000   9380.000  18800.000  28200.000 
  0.1000E+11  0.5140E-35  0.7780E-27  0.2480E-20  0.1600E-15  0.3460E-13  0.6870E-12  0.1570E-11  0.1910E-11  0.2030E-11  0.2060E-11  0.1930E-11  0.1610E-11  0.1250E-11  0.1060E-11
  0.1000E+12  0.5140E-35  0.7780E-27  0.2480E-20  0.1600E-15  0.3460E-13  0.6870E-12  0.1570E-11  0.1910E-11  0.2030E-11  0.2060E-11  0.1930E-11  0.1610E-11  0.1250E-11  0.1060E-11
  0.1000E+13  0.5140E-35  0.7780E-27  0.2480E-20  0.1600E-15  0.3460E-13  0.6870E-12  0.1570E-11  0.1910E-11  0.2030E-11  0.2060E-11  0.1930E-11  0.1610E-11  0.1250E-11  0.1060E-11
  0.1000E+14  0.5140E-35  0.7780E-27  0.2480E-20  0.1600E-15  0.3460E-13  0.6870E-12  0.1570E-11  0.1910E-11  0.2030E-11  0.2060E-11  0.1930E-11  0.1610E-11  0.1250E-11  0.1060E-11
  0.1000E+15  0.5140E-35  0.7780E-27  0.2480E-20  0.1600E-15  0.3460E-13  0.6870E-12  0.1570E-11  0.1910E-11  0.2030E-11  0.2060E-11  0.1930E-11  0.1610E-11  0.1250E-11  0.1060E-11
  0.1000E+16  0.5140E-35  0.7780E-27  0.2480E-20  0.1600E-15  0.3460E-13  0.6870E-12  0.1570E-11  0.1910E-11  0.2030E-11  0.2060E-11  0.1930E-11  0.1610E-11  0.1250E-11  0.1060E-11
  0.1000E+17  0.5130E-35  0.7780E-27  0.2480E-20  0.1600E-15  0.3460E-13  0.6860E-12  0.1560E-11  0.1900E-11  0.2030E-11  0.2060E-11  0.1930E-11  0.1610E-11  0.1250E-11  0.1060E-11
WAVELENGTH(A)= 
    23.895
 7 14 t 
excit   
    18.800     28.200     46.900     93.800    188.000    469.000    938.000   1410.000   1880.000   2820.000   4690.000   9380.000  18800.000  28200.000 
  0.1000E+11  0.4050E-25  0.1330E-19  0.3130E-15  0.5130E-12  0.1760E-10  0.1180E-09  0.1920E-09  0.2110E-09  0.2140E-09  0.2080E-09  0.1890E-09  0.1530E-09  0.1190E-09  0.1010E-09
  0.1000E+12  0.4050E-25  0.1330E-19  0.3130E-15  0.5130E-12  0.1760E-10  0.1180E-09  0.1920E-09  0.2110E-09  0.2140E-09  0.2080E-09  0.1890E-09  0.1530E-09  0.1190E-09  0.1010E-09
  0.1000E+13  0.4050E-25  0.1330E-19  0.3130E-15  0.5130E-12  0.1760E-10  0.1180E-09  0.1920E-09  0.2110E-09  0.2140E-09  0.2080E-09  0.1890E-09  0.1530E-09  0.1190E-09  0.1010E-09
  0.1000E+14  0.4050E-25  0.1330E-19  0.3130E-15  0.5130E-12  0.1760E-10  0.1180E-09  0.1920E-09  0.2110E-09  0.2140E-09  0.2080E-09  0.1890E-09  0.1530E-09  0.1190E-09  0.1010E-09
  0.1000E+15  0.4050E-25  0.1330E-19  0.3130E-15  0.5130E-12  0.1760E-10  0.1180E-09  0.1920E-09  0.2110E-09  0.2140E-09  0.2080E-09  0.1890E-09  0.1530E-09  0.1190E-09  0.1010E-09
  0.1000E+16  0.4050E-25  0.1330E-19  0.3130E-15  0.5130E-12  0.1760E-10  0.1180E-09  0.1920E-09  0.2110E-09  0.2140E-09  0.2080E-09  0.1880E-09  0.1530E-09  0.1190E-09  0.1010E-09
  0.1000E+17  0.4050E-25  0.1330E-19  0.3130E-15  0.5130E-12  0.1760E-10  0.1180E-09  0.1920E-09  0.2110E-09  0.2140E-09  0.2080E-09  0.1880E-09  0.1530E-09  0.1190E-09  0.1010E-09
WAVELENGTH(A)= 
    24.099
 7 14 t 
excit   
    18.800     28.200     46.900     93.800    188.000    469.000    938.000   1410.000   1880.000   2820.000   4690.000   9380.000  18800.000  28200.000 
  0.1000E+11  0.1620E-35  0.3340E-27  0.1360E-20  0.1070E-15  0.2570E-13  0.5680E-12  0.1470E-11  0.2000E-11  0.2320E-11  0.2700E-11  0.3050E-11  0.3280E-11  0.3250E-11  0.3140E-11
  0.1000E+12  0.1620E-35  0.3340E-27  0.1360E-20  0.1070E-15  0.2570E-13  0.5680E-12  0.1470E-11  0.2000E-11  0.2320E-11  0.2700E-11  0.3050E-11  0.3280E-11  0.3250E-11  0.3140E-11
  0.1000E+13  0.1620E-35  0.3340E-27  0.1360E-20  0.1070E-15  0.2570E-13  0.5680E-12  0.1470E-11  0.2000E-11  0.2320E-11  0.2700E-11  0.3050E-11  0.3280E-11  0.3250E-11  0.3140E-11
  0.1000E+14  0.1620E-35  0.3340E-27  0.1360E-20  0.1070E-15  0.2570E-13  0.5680E-12  0.1470E-11  0.2000E-11  0.2320E-11  0.2700E-11  0.3050E-11  0.3280E-11  0.3250E-11  0.3140E-11
  0.1000E+15  0.1620E-35  0.3340E-27  0.1360E-20  0.1070E-15  0.2570E-13  0.5680E-12  0.1470E-11  0.2000E-11  0.2320E-11  0.2700E-11  0.3050E-11  0.3280E-11  0.3250E-11  0.3140E-11
  0.1000E+16  0.1620E-35  0.3340E-27  0.1360E-20  0.1070E-15  0.2570E-13  0.5680E-12  0.1470E-11  0.2000E-11  0.2320E-11  0.2700E-11  0.3050E-11  0.3280E-11  0.3250E-11  0.3140E-11
  0.1000E+17  0.1620E-35  0.3340E-27  0.1360E-20  0.1070E-15  0.2570E-13  0.5680E-12  0.1470E-11  0.2000E-11  0.2320E-11  0.2700E-11  0.3050E-11  0.3280E-11  0.3250E-11  0.3130E-11
WAVELENGTH(A)= 
    25.016
 7 14 t 
excit   
    18.800     28.200     46.900     93.800    188.000    469.000    938.000   1410.000   1880.000   2820.000   4690.000   9380.000  18800.000  28200.000 
  0.1000E+11  0.1330E-32  0.4050E-25  0.3590E-19  0.8970E-15  0.1200E-12  0.1810E-11  0.3770E-11  0.4510E-11  0.4750E-11  0.4800E-11  0.4470E-11  0.3750E-11  0.2950E-11  0.2540E-11
  0.1000E+12  0.1330E-32  0.4050E-25  0.3590E-19  0.8970E-15  0.1200E-12  0.1810E-11  0.3770E-11  0.4510E-11  0.4750E-11  0.4800E-11  0.4470E-11  0.3750E-11  0.2950E-11  0.2540E-11
  0.1000E+13  0.1330E-32  0.4050E-25  0.3590E-19  0.8970E-15  0.1200E-12  0.1810E-11  0.3770E-11  0.4510E-11  0.4750E-11  0.4800E-11  0.4470E-11  0.3750E-11  0.2950E-11  0.2540E-11
  0.1000E+14  0.1330E-32  0.4050E-25  0.3590E-19  0.8970E-15  0.1200E-12  0.1810E-11  0.3770E-11  0.4510E-11  0.4750E-11  0.4800E-11  0.4470E-11  0.3750E-11  0.2950E-11  0.2540E-11
  0.1000E+15  0.1330E-32  0.4050E-25  0.3590E-19  0.8970E-15  0.1200E-12  0.1810E-11  0.3770E-11  0.4510E-11  0.4750E-11  0.4800E-11  0.4470E-11  0.3750E-11  0.2950E-11  0.2540E-11
  0.1000E+16  0.1330E-32  0.4050E-25  0.3590E-19  0.8970E-15  0.1200E-12  0.1810E-11  0.3770E-11  0.4510E-11  0.4750E-11  0.4800E-11  0.4470E-11  0.3750E-11  0.2950E-11  0.2540E-11
  0.1000E+17  0.1330E-32  0.4050E-25  0.3590E-19  0.8970E-15  0.1200E-12  0.1810E-11  0.3770E-11  0.4500E-11  0.4750E-11  0.4790E-11  0.4470E-11  0.3750E-11  0.2950E-11  0.2540E-11
WAVELENGTH(A)= 
    25.521
 7 14 t 
excit   
    18.800     28.200     46.900     93.800    188.000    469.000    938.000   1410.000   1880.000   2820.000   4690.000   9380.000  18800.000  28200.000 
  0.1000E+11  0.2550E-20  0.1220E-16  0.1070E-13  0.1740E-11  0.2150E-10  0.9140E-10  0.1390E-09  0.1570E-09  0.1640E-09  0.1690E-09  0.1680E-09  0.1570E-09  0.1400E-09  0.1290E-09
  0.1000E+12  0.2550E-20  0.1220E-16  0.1070E-13  0.1740E-11  0.2150E-10  0.9140E-10  0.1390E-09  0.1570E-09  0.1640E-09  0.1690E-09  0.1680E-09  0.1570E-09  0.1400E-09  0.1290E-09
  0.1000E+13  0.2550E-20  0.1220E-16  0.1070E-13  0.1740E-11  0.2150E-10  0.9140E-10  0.1390E-09  0.1570E-09  0.1640E-09  0.1690E-09  0.1680E-09  0.1570E-09  0.1400E-09  0.1290E-09
  0.1000E+14  0.2550E-20  0.1220E-16  0.1070E-13  0.1750E-11  0.2150E-10  0.9140E-10  0.1390E-09  0.1570E-09  0.1640E-09  0.1690E-09  0.1680E-09  0.1570E-09  0.1400E-09  0.1290E-09
  0.1000E+15  0.2560E-20  0.1220E-16  0.1070E-13  0.1750E-11  0.2160E-10  0.9140E-10  0.1390E-09  0.1570E-09  0.1640E-09  0.1690E-09  0.1680E-09  0.1570E-09  0.1400E-09  0.1290E-09
  0.1000E+16  0.2620E-20  0.1250E-16  0.1090E-13  0.1760E-11  0.2170E-10  0.9180E-10  0.1400E-09  0.1570E-09  0.1640E-09  0.1690E-09  0.1680E-09  0.1570E-09  0.1400E-09  0.1290E-09
  0.1000E+17  0.3290E-20  0.1500E-16  0.1240E-13  0.1910E-11  0.2290E-10  0.9490E-10  0.1430E-09  0.1600E-09  0.1670E-09  0.1720E-09  0.1700E-09  0.1580E-09  0.1410E-09  0.1300E-09
WAVELENGTH(A)= 
    25.597
 7 14 t 
excit   
    18.800     28.200     46.900     93.800    188.000    469.000    938.000   1410.000   1880.000   2820.000   4690.000   9380.000  18800.000  28200.000 
  0.1000E+11  0.1570E-24  0.2920E-19  0.4390E-15  0.5130E-12  0.1500E-10  0.9180E-10  0.1450E-09  0.1590E-09  0.1620E-09  0.1570E-09  0.1440E-09  0.1190E-09  0.9450E-10  0.8110E-10
  0.1000E+12  0.1570E-24  0.2920E-19  0.4390E-15  0.5130E-12  0.1500E-10  0.9180E-10  0.1450E-09  0.1590E-09  0.1620E-09  0.1570E-09  0.1440E-09  0.1190E-09  0.9450E-10  0.8110E-10
  0.1000E+13  0.1570E-24  0.2920E-19  0.4390E-15  0.5130E-12  0.1500E-10  0.9180E-10  0.1450E-09  0.1590E-09  0.1620E-09  0.1570E-09  0.1440E-09  0.1190E-09  0.9450E-10  0.8110E-10
  0.1000E+14  0.1570E-24  0.2920E-19  0.4390E-15  0.5130E-12  0.1500E-10  0.9180E-10  0.1450E-09  0.1590E-09  0.1620E-09  0.1570E-09  0.1440E-09  0.1190E-09  0.9450E-10  0.8110E-10
  0.1000E+15  0.1570E-24  0.2920E-19  0.4390E-15  0.5130E-12  0.1500E-10  0.9180E-10  0.1450E-09  0.1590E-09  0.1620E-09  0.1570E-09  0.1440E-09  0.1190E-09  0.9450E-10  0.8110E-10
  0.1000E+16  0.1570E-24  0.2920E-19  0.4390E-15  0.5130E-12  0.1500E-10  0.9180E-10  0.1450E-09  0.1590E-09  0.1620E-09  0.1570E-09  0.1440E-09  0.1190E-09  0.9450E-10  0.8110E-10
  0.1000E+17  0.1570E-24  0.2920E-19  0.4390E-15  0.5130E-12  0.1500E-10  0.9170E-10  0.1450E-09  0.1590E-09  0.1610E-09  0.1570E-09  0.1440E-09  0.1190E-09  0.9440E-10  0.8110E-10
WAVELENGTH(A)= 
    28.197
 7 14 t 
excit   
    18.800     28.200     46.900     93.800    188.000    469.000    938.000   1410.000   1880.000   2820.000   4690.000   9380.000  18800.000  28200.000 
  0.1000E+11  0.1220E-35  0.3120E-27  0.1520E-20  0.1350E-15  0.3400E-13  0.7360E-12  0.1710E-11  0.2090E-11  0.2220E-11  0.2240E-11  0.2080E-11  0.1690E-11  0.1290E-11  0.1090E-11
  0.1000E+12  0.1220E-35  0.3120E-27  0.1520E-20  0.1350E-15  0.3400E-13  0.7360E-12  0.1710E-11  0.2090E-11  0.2220E-11  0.2240E-11  0.2080E-11  0.1690E-11  0.1290E-11  0.1090E-11
  0.1000E+13  0.1220E-35  0.3120E-27  0.1520E-20  0.1350E-15  0.3400E-13  0.7360E-12  0.1710E-11  0.2090E-11  0.2220E-11  0.2240E-11  0.2080E-11  0.1690E-11  0.1290E-11  0.1090E-11
  0.1000E+14  0.1220E-35  0.3120E-27  0.1520E-20  0.1350E-15  0.3400E-13  0.7360E-12  0.1710E-11  0.2090E-11  0.2220E-11  0.2240E-11  0.2080E-11  0.1690E-11  0.1290E-11  0.1090E-11
  0.1000E+15  0.1220E-35  0.3120E-27  0.1520E-20  0.1350E-15  0.3400E-13  0.7360E-12  0.1710E-11  0.2090E-11  0.2220E-11  0.2240E-11  0.2080E-11  0.1690E-11  0.1290E-11  0.1090E-11
  0.1000E+16  0.1220E-35  0.3120E-27  0.1520E-20  0.1350E-15  0.3400E-13  0.7360E-12  0.1710E-11  0.2090E-11  0.2220E-11  0.2240E-11  0.2080E-11  0.1690E-11  0.1290E-11  0.1090E-11
  0.1000E+17  0.1220E-35  0.3130E-27  0.1520E-20  0.1350E-15  0.3400E-13  0.7360E-12  0.1710E-11  0.2090E-11  0.2220E-11  0.2240E-11  0.2070E-11  0.1690E-11  0.1290E-11  0.1090E-11
WAVELENGTH(A)= 
    28.589
 7 14 t 
excit   
    18.800     28.200     46.900     93.800    188.000    469.000    938.000   1410.000   1880.000   2820.000   4690.000   9380.000  18800.000  28200.000 
  0.1000E+11  0.2020E-33  0.1000E-25  0.1320E-19  0.4520E-15  0.7270E-13  0.1280E-11  0.3070E-11  0.4070E-11  0.4670E-11  0.5370E-11  0.6000E-11  0.6370E-11  0.6260E-11  0.6020E-11
  0.1000E+12  0.2020E-33  0.1000E-25  0.1320E-19  0.4520E-15  0.7270E-13  0.1280E-11  0.3070E-11  0.4070E-11  0.4670E-11  0.5370E-11  0.6000E-11  0.6370E-11  0.6260E-11  0.6020E-11
  0.1000E+13  0.2020E-33  0.1000E-25  0.1320E-19  0.4520E-15  0.7270E-13  0.1280E-11  0.3070E-11  0.4070E-11  0.4670E-11  0.5370E-11  0.6000E-11  0.6370E-11  0.6260E-11  0.6020E-11
  0.1000E+14  0.2020E-33  0.1000E-25  0.1320E-19  0.4520E-15  0.7270E-13  0.1280E-11  0.3070E-11  0.4070E-11  0.4670E-11  0.5370E-11  0.6000E-11  0.6370E-11  0.6260E-11  0.6020E-11
  0.1000E+15  0.2020E-33  0.1000E-25  0.1320E-19  0.4520E-15  0.7270E-13  0.1280E-11  0.3070E-11  0.4070E-11  0.4670E-11  0.5370E-11  0.6000E-11  0.6370E-11  0.6260E-11  0.6020E-11
  0.1000E+16  0.2020E-33  0.1000E-25  0.1320E-19  0.4520E-15  0.7270E-13  0.1280E-11  0.3070E-11  0.4060E-11  0.4670E-11  0.5370E-11  0.5990E-11  0.6370E-11  0.6260E-11  0.6020E-11
  0.1000E+17  0.2020E-33  0.1000E-25  0.1320E-19  0.4530E-15  0.7270E-13  0.1280E-11  0.3070E-11  0.4060E-11  0.4670E-11  0.5370E-11  0.5990E-11  0.6360E-11  0.6260E-11  0.6020E-11
WAVELENGTH(A)= 
    29.691
 7 14 t 
excit   
    18.800     28.200     46.900     93.800    188.000    469.000    938.000   1410.000   1880.000   2820.000   4690.000   9380.000  18800.000  28200.000 
  0.1000E+11  0.7360E-19  0.1010E-15  0.3010E-13  0.1910E-11  0.1360E-10  0.3800E-10  0.4780E-10  0.4890E-10  0.4820E-10  0.4580E-10  0.4140E-10  0.3460E-10  0.2810E-10  0.2460E-10
  0.1000E+12  0.7360E-19  0.1010E-15  0.3010E-13  0.1910E-11  0.1360E-10  0.3800E-10  0.4780E-10  0.4890E-10  0.4820E-10  0.4580E-10  0.4140E-10  0.3460E-10  0.2810E-10  0.2460E-10
  0.1000E+13  0.7360E-19  0.1010E-15  0.3010E-13  0.1910E-11  0.1360E-10  0.3800E-10  0.4780E-10  0.4890E-10  0.4820E-10  0.4580E-10  0.4140E-10  0.3460E-10  0.2810E-10  0.2460E-10
  0.1000E+14  0.7360E-19  0.1010E-15  0.3010E-13  0.1910E-11  0.1360E-10  0.3800E-10  0.4780E-10  0.4890E-10  0.4820E-10  0.4580E-10  0.4140E-10  0.3460E-10  0.2810E-10  0.2460E-10
  0.1000E+15  0.7360E-19  0.1010E-15  0.3000E-13  0.1910E-11  0.1360E-10  0.3800E-10  0.4770E-10  0.4890E-10  0.4820E-10  0.4580E-10  0.4140E-10  0.3460E-10  0.2810E-10  0.2460E-10
  0.1000E+16  0.7350E-19  0.1010E-15  0.2990E-13  0.1890E-11  0.1340E-10  0.3760E-10  0.4730E-10  0.4850E-10  0.4780E-10  0.4550E-10  0.4110E-10  0.3440E-10  0.2800E-10  0.2450E-10
  0.1000E+17  0.7270E-19  0.9790E-16  0.2830E-13  0.1740E-11  0.1210E-10  0.3410E-10  0.4330E-10  0.4470E-10  0.4430E-10  0.4240E-10  0.3870E-10  0.3280E-10  0.2690E-10  0.2370E-10
WAVELENGTH(A)= 
    32.708
 7 14 t 
excit   
    18.800     28.200     46.900     93.800    188.000    469.000    938.000   1410.000   1880.000   2820.000   4690.000   9380.000  18800.000  28200.000 
  0.1000E+11  0.7770E-33  0.1490E-25  0.9380E-20  0.1860E-15  0.2290E-13  0.3370E-12  0.7280E-12  0.9060E-12  0.9940E-12  0.1070E-11  0.1110E-11  0.1080E-11  0.9930E-12  0.9200E-12
  0.1000E+12  0.7770E-33  0.1490E-25  0.9380E-20  0.1860E-15  0.2290E-13  0.3370E-12  0.7280E-12  0.9060E-12  0.9940E-12  0.1070E-11  0.1110E-11  0.1080E-11  0.9930E-12  0.9200E-12
  0.1000E+13  0.7770E-33  0.1490E-25  0.9380E-20  0.1860E-15  0.2290E-13  0.3370E-12  0.7280E-12  0.9060E-12  0.9940E-12  0.1070E-11  0.1110E-11  0.1080E-11  0.9930E-12  0.9200E-12
  0.1000E+14  0.7770E-33  0.1490E-25  0.9380E-20  0.1860E-15  0.2290E-13  0.3370E-12  0.7280E-12  0.9060E-12  0.9940E-12  0.1070E-11  0.1110E-11  0.1080E-11  0.9930E-12  0.9200E-12
  0.1000E+15  0.7770E-33  0.1490E-25  0.9380E-20  0.1860E-15  0.2290E-13  0.3370E-12  0.7280E-12  0.9060E-12  0.9940E-12  0.1070E-11  0.1110E-11  0.1080E-11  0.9930E-12  0.9200E-12
  0.1000E+16  0.7780E-33  0.1500E-25  0.9390E-20  0.1860E-15  0.2290E-13  0.3370E-12  0.7280E-12  0.9060E-12  0.9940E-12  0.1070E-11  0.1110E-11  0.1080E-11  0.9930E-12  0.9200E-12
  0.1000E+17  0.7850E-33  0.1510E-25  0.9450E-20  0.1870E-15  0.2300E-13  0.3380E-12  0.7290E-12  0.9070E-12  0.9950E-12  0.1070E-11  0.1110E-11  0.1080E-11  0.9930E-12  0.9200E-12
WAVELENGTH(A)= 
    33.409
 7 14 t 
excit   
    18.800     28.200     46.900     93.800    188.000    469.000    938.000   1410.000   1880.000   2820.000   4690.000   9380.000  18800.000  28200.000 
  0.1000E+11  0.9130E-29  0.9500E-23  0.5890E-18  0.2140E-14  0.1190E-12  0.1140E-11  0.2170E-11  0.2590E-11  0.2790E-11  0.2950E-11  0.2990E-11  0.2840E-11  0.2560E-11  0.2370E-11
  0.1000E+12  0.9130E-29  0.9500E-23  0.5890E-18  0.2140E-14  0.1190E-12  0.1140E-11  0.2170E-11  0.2590E-11  0.2790E-11  0.2950E-11  0.2990E-11  0.2840E-11  0.2560E-11  0.2370E-11
  0.1000E+13  0.9130E-29  0.9500E-23  0.5890E-18  0.2140E-14  0.1190E-12  0.1140E-11  0.2170E-11  0.2590E-11  0.2790E-11  0.2950E-11  0.2990E-11  0.2840E-11  0.2560E-11  0.2370E-11
  0.1000E+14  0.9130E-29  0.9500E-23  0.5890E-18  0.2140E-14  0.1190E-12  0.1140E-11  0.2170E-11  0.2590E-11  0.2790E-11  0.2950E-11  0.2990E-11  0.2840E-11  0.2560E-11  0.2370E-11
  0.1000E+15  0.9130E-29  0.9500E-23  0.5890E-18  0.2140E-14  0.1190E-12  0.1140E-11  0.2170E-11  0.2590E-11  0.2790E-11  0.2950E-11  0.2990E-11  0.2840E-11  0.2560E-11  0.2370E-11
  0.1000E+16  0.9150E-29  0.9510E-23  0.5900E-18  0.2140E-14  0.1190E-12  0.1140E-11  0.2170E-11  0.2590E-11  0.2790E-11  0.2950E-11  0.2990E-11  0.2840E-11  0.2560E-11  0.2370E-11
  0.1000E+17  0.9290E-29  0.9620E-23  0.5950E-18  0.2160E-14  0.1190E-12  0.1140E-11  0.2170E-11  0.2600E-11  0.2800E-11  0.2960E-11  0.2990E-11  0.2850E-11  0.2570E-11  0.2370E-11
WAVELENGTH(A)= 
    33.717
 7 14 t 
excit   
    18.800     28.200     46.900     93.800    188.000    469.000    938.000   1410.000   1880.000   2820.000   4690.000   9380.000  18800.000  28200.000 
  0.1000E+11  0.1010E-27  0.9130E-22  0.4880E-17  0.1510E-13  0.7290E-12  0.6260E-11  0.1190E-10  0.1480E-10  0.1650E-10  0.1880E-10  0.2120E-10  0.2340E-10  0.2380E-10  0.2350E-10
  0.1000E+12  0.1010E-27  0.9130E-22  0.4880E-17  0.1510E-13  0.7290E-12  0.6260E-11  0.1190E-10  0.1480E-10  0.1650E-10  0.1880E-10  0.2120E-10  0.2340E-10  0.2380E-10  0.2350E-10
  0.1000E+13  0.1010E-27  0.9130E-22  0.4880E-17  0.1510E-13  0.7290E-12  0.6260E-11  0.1190E-10  0.1480E-10  0.1650E-10  0.1880E-10  0.2120E-10  0.2340E-10  0.2380E-10  0.2350E-10
  0.1000E+14  0.1010E-27  0.9130E-22  0.4880E-17  0.1510E-13  0.7290E-12  0.6260E-11  0.1190E-10  0.1480E-10  0.1650E-10  0.1880E-10  0.2120E-10  0.2340E-10  0.2380E-10  0.2350E-10
  0.1000E+15  0.1010E-27  0.9130E-22  0.4880E-17  0.1510E-13  0.7290E-12  0.6260E-11  0.1190E-10  0.1480E-10  0.1650E-10  0.1880E-10  0.2120E-10  0.2340E-10  0.2380E-10  0.2350E-10
  0.1000E+16  0.1010E-27  0.9130E-22  0.4880E-17  0.1510E-13  0.7290E-12  0.6250E-11  0.1190E-10  0.1480E-10  0.1650E-10  0.1880E-10  0.2120E-10  0.2340E-10  0.2380E-10  0.2350E-10
  0.1000E+17  0.1020E-27  0.9150E-22  0.4890E-17  0.1510E-13  0.7290E-12  0.6250E-11  0.1190E-10  0.1480E-10  0.1650E-10  0.1880E-10  0.2120E-10  0.2340E-10  0.2380E-10  0.2350E-10
WAVELENGTH(A)= 
    33.767
 7 14 t 
excit   
    18.800     28.200     46.900     93.800    188.000    469.000    938.000   1410.000   1880.000   2820.000   4690.000   9380.000  18800.000  28200.000 
  0.1000E+11  0.7640E-22  0.1700E-17  0.4640E-14  0.1530E-11  0.2400E-10  0.1050E-09  0.1510E-09  0.1610E-09  0.1620E-09  0.1570E-09  0.1450E-09  0.1220E-09  0.9960E-10  0.8730E-10
  0.1000E+12  0.7640E-22  0.1700E-17  0.4640E-14  0.1530E-11  0.2400E-10  0.1050E-09  0.1510E-09  0.1610E-09  0.1620E-09  0.1570E-09  0.1450E-09  0.1220E-09  0.9960E-10  0.8730E-10
  0.1000E+13  0.7640E-22  0.1700E-17  0.4640E-14  0.1530E-11  0.2400E-10  0.1050E-09  0.1510E-09  0.1610E-09  0.1620E-09  0.1570E-09  0.1450E-09  0.1220E-09  0.9960E-10  0.8730E-10
  0.1000E+14  0.7640E-22  0.1700E-17  0.4640E-14  0.1530E-11  0.2400E-10  0.1050E-09  0.1510E-09  0.1610E-09  0.1620E-09  0.1570E-09  0.1450E-09  0.1220E-09  0.9960E-10  0.8730E-10
  0.1000E+15  0.7640E-22  0.1700E-17  0.4640E-14  0.1530E-11  0.2400E-10  0.1050E-09  0.1510E-09  0.1610E-09  0.1620E-09  0.1570E-09  0.1450E-09  0.1220E-09  0.9960E-10  0.8730E-10
  0.1000E+16  0.7650E-22  0.1700E-17  0.4650E-14  0.1530E-11  0.2400E-10  0.1050E-09  0.1510E-09  0.1610E-09  0.1620E-09  0.1570E-09  0.1450E-09  0.1220E-09  0.9960E-10  0.8730E-10
  0.1000E+17  0.7720E-22  0.1710E-17  0.4670E-14  0.1530E-11  0.2400E-10  0.1050E-09  0.1510E-09  0.1610E-09  0.1620E-09  0.1570E-09  0.1450E-09  0.1220E-09  0.9960E-10  0.8730E-10
WAVELENGTH(A)= 
    33.892
 7 14 t 
excit   
    18.800     28.200     46.900     93.800    188.000    469.000    938.000   1410.000   1880.000   2820.000   4690.000   9380.000  18800.000  28200.000 
  0.1000E+11  0.1240E-33  0.8590E-26  0.1470E-19  0.5950E-15  0.1010E-12  0.1740E-11  0.3770E-11  0.4510E-11  0.4760E-11  0.4770E-11  0.4400E-11  0.3600E-11  0.2770E-11  0.2350E-11
  0.1000E+12  0.1240E-33  0.8590E-26  0.1470E-19  0.5950E-15  0.1010E-12  0.1740E-11  0.3770E-11  0.4510E-11  0.4760E-11  0.4770E-11  0.4400E-11  0.3600E-11  0.2770E-11  0.2350E-11
  0.1000E+13  0.1240E-33  0.8590E-26  0.1470E-19  0.5950E-15  0.1010E-12  0.1740E-11  0.3770E-11  0.4510E-11  0.4760E-11  0.4770E-11  0.4400E-11  0.3600E-11  0.2770E-11  0.2350E-11
  0.1000E+14  0.1240E-33  0.8590E-26  0.1470E-19  0.5950E-15  0.1010E-12  0.1740E-11  0.3770E-11  0.4510E-11  0.4760E-11  0.4770E-11  0.4400E-11  0.3600E-11  0.2770E-11  0.2350E-11
  0.1000E+15  0.1240E-33  0.8590E-26  0.1470E-19  0.5950E-15  0.1010E-12  0.1740E-11  0.3770E-11  0.4510E-11  0.4760E-11  0.4770E-11  0.4400E-11  0.3600E-11  0.2770E-11  0.2350E-11
  0.1000E+16  0.1240E-33  0.8590E-26  0.1470E-19  0.5950E-15  0.1010E-12  0.1740E-11  0.3770E-11  0.4510E-11  0.4760E-11  0.4770E-11  0.4400E-11  0.3600E-11  0.2770E-11  0.2350E-11
  0.1000E+17  0.1240E-33  0.8600E-26  0.1470E-19  0.5950E-15  0.1010E-12  0.1740E-11  0.3760E-11  0.4510E-11  0.4750E-11  0.4770E-11  0.4400E-11  0.3600E-11  0.2770E-11  0.2340E-11
WAVELENGTH(A)= 
    35.460
 7 14 t 
excit   
    18.800     28.200     46.900     93.800    188.000    469.000    938.000   1410.000   1880.000   2820.000   4690.000   9380.000  18800.000  28200.000 
  0.1000E+11  0.7810E-29  0.1780E-22  0.1980E-17  0.1050E-13  0.6590E-12  0.6370E-11  0.1160E-10  0.1330E-10  0.1380E-10  0.1380E-10  0.1280E-10  0.1090E-10  0.8760E-11  0.7610E-11
  0.1000E+12  0.7810E-29  0.1780E-22  0.1980E-17  0.1050E-13  0.6590E-12  0.6370E-11  0.1160E-10  0.1330E-10  0.1380E-10  0.1380E-10  0.1280E-10  0.1090E-10  0.8760E-11  0.7610E-11
  0.1000E+13  0.7810E-29  0.1780E-22  0.1980E-17  0.1050E-13  0.6590E-12  0.6370E-11  0.1160E-10  0.1330E-10  0.1380E-10  0.1380E-10  0.1280E-10  0.1090E-10  0.8760E-11  0.7610E-11
  0.1000E+14  0.7810E-29  0.1780E-22  0.1980E-17  0.1050E-13  0.6590E-12  0.6370E-11  0.1160E-10  0.1330E-10  0.1380E-10  0.1380E-10  0.1280E-10  0.1090E-10  0.8760E-11  0.7610E-11
  0.1000E+15  0.7810E-29  0.1780E-22  0.1980E-17  0.1050E-13  0.6590E-12  0.6370E-11  0.1160E-10  0.1330E-10  0.1380E-10  0.1380E-10  0.1280E-10  0.1090E-10  0.8760E-11  0.7610E-11
  0.1000E+16  0.7810E-29  0.1780E-22  0.1980E-17  0.1050E-13  0.6590E-12  0.6370E-11  0.1160E-10  0.1330E-10  0.1380E-10  0.1380E-10  0.1280E-10  0.1090E-10  0.8760E-11  0.7610E-11
  0.1000E+17  0.7820E-29  0.1780E-22  0.1990E-17  0.1050E-13  0.6590E-12  0.6370E-11  0.1160E-10  0.1330E-10  0.1380E-10  0.1380E-10  0.1280E-10  0.1080E-10  0.8750E-11  0.7610E-11
WAVELENGTH(A)= 
    38.812
 7 14 t 
excit   
    18.800     28.200     46.900     93.800    188.000    469.000    938.000   1410.000   1880.000   2820.000   4690.000   9380.000  18800.000  28200.000 
  0.1000E+11  0.5760E-33  0.1750E-25  0.1560E-19  0.3890E-15  0.5210E-13  0.7850E-12  0.1640E-11  0.1950E-11  0.2060E-11  0.2080E-11  0.1940E-11  0.1620E-11  0.1280E-11  0.1100E-11
  0.1000E+12  0.5760E-33  0.1750E-25  0.1560E-19  0.3890E-15  0.5210E-13  0.7850E-12  0.1640E-11  0.1950E-11  0.2060E-11  0.2080E-11  0.1940E-11  0.1620E-11  0.1280E-11  0.1100E-11
  0.1000E+13  0.5760E-33  0.1750E-25  0.1560E-19  0.3890E-15  0.5210E-13  0.7850E-12  0.1640E-11  0.1950E-11  0.2060E-11  0.2080E-11  0.1940E-11  0.1620E-11  0.1280E-11  0.1100E-11
  0.1000E+14  0.5760E-33  0.1750E-25  0.1560E-19  0.3890E-15  0.5210E-13  0.7850E-12  0.1640E-11  0.1950E-11  0.2060E-11  0.2080E-11  0.1940E-11  0.1620E-11  0.1280E-11  0.1100E-11
  0.1000E+15  0.5760E-33  0.1750E-25  0.1560E-19  0.3890E-15  0.5210E-13  0.7850E-12  0.1640E-11  0.1950E-11  0.2060E-11  0.2080E-11  0.1940E-11  0.1620E-11  0.1280E-11  0.1100E-11
  0.1000E+16  0.5760E-33  0.1750E-25  0.1560E-19  0.3890E-15  0.5210E-13  0.7850E-12  0.1640E-11  0.1950E-11  0.2060E-11  0.2080E-11  0.1940E-11  0.1620E-11  0.1280E-11  0.1100E-11
  0.1000E+17  0.5760E-33  0.1760E-25  0.1560E-19  0.3890E-15  0.5210E-13  0.7850E-12  0.1630E-11  0.1950E-11  0.2060E-11  0.2080E-11  0.1940E-11  0.1620E-11  0.1280E-11  0.1100E-11
WAVELENGTH(A)= 
    40.483
 7 14 t 
excit   
    18.800     28.200     46.900     93.800    188.000    469.000    938.000   1410.000   1880.000   2820.000   4690.000   9380.000  18800.000  28200.000 
  0.1000E+11  0.2860E-30  0.1470E-23  0.3190E-18  0.2880E-14  0.2460E-12  0.3080E-11  0.6700E-11  0.8600E-11  0.9730E-11  0.1100E-10  0.1220E-10  0.1280E-10  0.1250E-10  0.1200E-10
  0.1000E+12  0.2860E-30  0.1470E-23  0.3190E-18  0.2880E-14  0.2460E-12  0.3080E-11  0.6700E-11  0.8600E-11  0.9730E-11  0.1100E-10  0.1220E-10  0.1280E-10  0.1250E-10  0.1200E-10
  0.1000E+13  0.2860E-30  0.1470E-23  0.3190E-18  0.2880E-14  0.2460E-12  0.3080E-11  0.6700E-11  0.8600E-11  0.9730E-11  0.1100E-10  0.1220E-10  0.1280E-10  0.1250E-10  0.1200E-10
  0.1000E+14  0.2860E-30  0.1470E-23  0.3190E-18  0.2880E-14  0.2460E-12  0.3080E-11  0.6700E-11  0.8600E-11  0.9730E-11  0.1100E-10  0.1220E-10  0.1280E-10  0.1250E-10  0.1200E-10
  0.1000E+15  0.2860E-30  0.1470E-23  0.3190E-18  0.2880E-14  0.2460E-12  0.3080E-11  0.6690E-11  0.8600E-11  0.9730E-11  0.1100E-10  0.1220E-10  0.1280E-10  0.1250E-10  0.1200E-10
  0.1000E+16  0.2860E-30  0.1470E-23  0.3190E-18  0.2880E-14  0.2460E-12  0.3080E-11  0.6690E-11  0.8590E-11  0.9730E-11  0.1100E-10  0.1220E-10  0.1280E-10  0.1250E-10  0.1200E-10
  0.1000E+17  0.2860E-30  0.1470E-23  0.3190E-18  0.2880E-14  0.2460E-12  0.3080E-11  0.6690E-11  0.8590E-11  0.9720E-11  0.1100E-10  0.1220E-10  0.1280E-10  0.1250E-10  0.1200E-10
WAVELENGTH(A)= 
    46.370
 7 14 t 
excit   
    18.800     28.200     46.900     93.800    188.000    469.000    938.000   1410.000   1880.000   2820.000   4690.000   9380.000  18800.000  28200.000 
  0.1000E+11  0.1750E-27  0.9270E-22  0.3220E-17  0.7110E-14  0.2880E-12  0.2160E-11  0.3590E-11  0.3970E-11  0.4040E-11  0.3920E-11  0.3560E-11  0.2920E-11  0.2310E-11  0.1980E-11
  0.1000E+12  0.1750E-27  0.9270E-22  0.3220E-17  0.7110E-14  0.2880E-12  0.2160E-11  0.3590E-11  0.3970E-11  0.4040E-11  0.3920E-11  0.3560E-11  0.2920E-11  0.2310E-11  0.1980E-11
  0.1000E+13  0.1750E-27  0.9270E-22  0.3220E-17  0.7110E-14  0.2880E-12  0.2160E-11  0.3590E-11  0.3970E-11  0.4040E-11  0.3920E-11  0.3560E-11  0.2920E-11  0.2310E-11  0.1980E-11
  0.1000E+14  0.1750E-27  0.9270E-22  0.3220E-17  0.7110E-14  0.2880E-12  0.2160E-11  0.3590E-11  0.3970E-11  0.4040E-11  0.3920E-11  0.3560E-11  0.2920E-11  0.2310E-11  0.1980E-11
  0.1000E+15  0.1750E-27  0.9270E-22  0.3220E-17  0.7110E-14  0.2880E-12  0.2160E-11  0.3590E-11  0.3970E-11  0.4040E-11  0.3930E-11  0.3560E-11  0.2920E-11  0.2310E-11  0.1980E-11
  0.1000E+16  0.1760E-27  0.9320E-22  0.3230E-17  0.7130E-14  0.2890E-12  0.2160E-11  0.3600E-11  0.3980E-11  0.4040E-11  0.3930E-11  0.3560E-11  0.2920E-11  0.2310E-11  0.1980E-11
  0.1000E+17  0.1870E-27  0.9760E-22  0.3350E-17  0.7310E-14  0.2950E-12  0.2190E-11  0.3640E-11  0.4020E-11  0.4080E-11  0.3960E-11  0.3590E-11  0.2940E-11  0.2320E-11  0.1990E-11
WAVELENGTH(A)= 
    48.870
 7 14 t 
excit   
    18.800     28.200     46.900     93.800    188.000    469.000    938.000   1410.000   1880.000   2820.000   4690.000   9380.000  18800.000  28200.000 
  0.1000E+11  0.5990E-36  0.1230E-27  0.5020E-21  0.3940E-16  0.9490E-14  0.2100E-12  0.5430E-12  0.7380E-12  0.8570E-12  0.9980E-12  0.1130E-11  0.1210E-11  0.1200E-11  0.1160E-11
  0.1000E+12  0.5990E-36  0.1230E-27  0.5020E-21  0.3940E-16  0.9490E-14  0.2100E-12  0.5430E-12  0.7380E-12  0.8570E-12  0.9980E-12  0.1130E-11  0.1210E-11  0.1200E-11  0.1160E-11
  0.1000E+13  0.5990E-36  0.1230E-27  0.5020E-21  0.3940E-16  0.9490E-14  0.2100E-12  0.5430E-12  0.7380E-12  0.8570E-12  0.9980E-12  0.1130E-11  0.1210E-11  0.1200E-11  0.1160E-11
  0.1000E+14  0.5990E-36  0.1230E-27  0.5020E-21  0.3940E-16  0.9490E-14  0.2100E-12  0.5430E-12  0.7380E-12  0.8570E-12  0.9980E-12  0.1130E-11  0.1210E-11  0.1200E-11  0.1160E-11
  0.1000E+15  0.5990E-36  0.1230E-27  0.5020E-21  0.3940E-16  0.9490E-14  0.2100E-12  0.5430E-12  0.7380E-12  0.8570E-12  0.9980E-12  0.1130E-11  0.1210E-11  0.1200E-11  0.1160E-11
  0.1000E+16  0.5990E-36  0.1230E-27  0.5020E-21  0.3940E-16  0.9490E-14  0.2100E-12  0.5430E-12  0.7380E-12  0.8570E-12  0.9980E-12  0.1130E-11  0.1210E-11  0.1200E-11  0.1160E-11
  0.1000E+17  0.5990E-36  0.1230E-27  0.5020E-21  0.3940E-16  0.9490E-14  0.2100E-12  0.5430E-12  0.7370E-12  0.8570E-12  0.9980E-12  0.1130E-11  0.1210E-11  0.1200E-11  0.1160E-11
WAVELENGTH(A)= 
    49.239
 7 14 t 
excit   
    18.800     28.200     46.900     93.800    188.000    469.000    938.000   1410.000   1880.000   2820.000   4690.000   9380.000  18800.000  28200.000 
  0.1000E+11  0.1180E-30  0.1080E-23  0.3640E-18  0.4390E-14  0.4080E-12  0.4910E-11  0.9490E-11  0.1100E-10  0.1140E-10  0.1130E-10  0.1030E-10  0.8500E-11  0.6540E-11  0.5550E-11
  0.1000E+12  0.1180E-30  0.1080E-23  0.3640E-18  0.4390E-14  0.4080E-12  0.4910E-11  0.9490E-11  0.1100E-10  0.1140E-10  0.1130E-10  0.1030E-10  0.8500E-11  0.6540E-11  0.5550E-11
  0.1000E+13  0.1180E-30  0.1080E-23  0.3640E-18  0.4390E-14  0.4080E-12  0.4910E-11  0.9490E-11  0.1100E-10  0.1140E-10  0.1130E-10  0.1030E-10  0.8500E-11  0.6540E-11  0.5550E-11
  0.1000E+14  0.1180E-30  0.1080E-23  0.3640E-18  0.4390E-14  0.4080E-12  0.4910E-11  0.9490E-11  0.1100E-10  0.1140E-10  0.1130E-10  0.1030E-10  0.8500E-11  0.6540E-11  0.5550E-11
  0.1000E+15  0.1180E-30  0.1080E-23  0.3640E-18  0.4390E-14  0.4080E-12  0.4910E-11  0.9490E-11  0.1100E-10  0.1140E-10  0.1130E-10  0.1030E-10  0.8500E-11  0.6530E-11  0.5550E-11
  0.1000E+16  0.1180E-30  0.1080E-23  0.3640E-18  0.4390E-14  0.4080E-12  0.4910E-11  0.9490E-11  0.1100E-10  0.1140E-10  0.1130E-10  0.1030E-10  0.8500E-11  0.6530E-11  0.5550E-11
  0.1000E+17  0.1180E-30  0.1080E-23  0.3650E-18  0.4390E-14  0.4080E-12  0.4900E-11  0.9480E-11  0.1100E-10  0.1140E-10  0.1130E-10  0.1030E-10  0.8490E-11  0.6530E-11  0.5550E-11
WAVELENGTH(A)= 
    57.933
 7 14 t 
excit   
    18.800     28.200     46.900     93.800    188.000    469.000    938.000   1410.000   1880.000   2820.000   4690.000   9380.000  18800.000  28200.000 
  0.1000E+11  0.2300E-28  0.2390E-22  0.1490E-17  0.5400E-14  0.2990E-12  0.2870E-11  0.5470E-11  0.6540E-11  0.7040E-11  0.7450E-11  0.7530E-11  0.7170E-11  0.6460E-11  0.5970E-11
  0.1000E+12  0.2300E-28  0.2390E-22  0.1490E-17  0.5400E-14  0.2990E-12  0.2870E-11  0.5470E-11  0.6540E-11  0.7040E-11  0.7450E-11  0.7530E-11  0.7170E-11  0.6460E-11  0.5970E-11
  0.1000E+13  0.2300E-28  0.2390E-22  0.1490E-17  0.5400E-14  0.2990E-12  0.2870E-11  0.5470E-11  0.6540E-11  0.7040E-11  0.7450E-11  0.7530E-11  0.7170E-11  0.6460E-11  0.5970E-11
  0.1000E+14  0.2300E-28  0.2390E-22  0.1490E-17  0.5400E-14  0.2990E-12  0.2870E-11  0.5470E-11  0.6540E-11  0.7040E-11  0.7450E-11  0.7530E-11  0.7170E-11  0.6460E-11  0.5970E-11
  0.1000E+15  0.2300E-28  0.2390E-22  0.1490E-17  0.5400E-14  0.2990E-12  0.2870E-11  0.5470E-11  0.6540E-11  0.7040E-11  0.7450E-11  0.7530E-11  0.7170E-11  0.6460E-11  0.5970E-11
  0.1000E+16  0.2310E-28  0.2400E-22  0.1490E-17  0.5400E-14  0.2990E-12  0.2870E-11  0.5470E-11  0.6540E-11  0.7040E-11  0.7450E-11  0.7530E-11  0.7170E-11  0.6460E-11  0.5970E-11
  0.1000E+17  0.2340E-28  0.2430E-22  0.1500E-17  0.5430E-14  0.3000E-12  0.2880E-11  0.5480E-11  0.6550E-11  0.7050E-11  0.7450E-11  0.7530E-11  0.7170E-11  0.6470E-11  0.5970E-11
WAVELENGTH(A)= 
    59.027
 7 14 t 
excit   
    18.800     28.200     46.900     93.800    188.000    469.000    938.000   1410.000   1880.000   2820.000   4690.000   9380.000  18800.000  28200.000 
  0.1000E+11  0.1790E-12  0.6150E-11  0.9520E-10  0.6690E-09  0.1640E-08  0.2550E-08  0.2710E-08  0.2630E-08  0.2540E-08  0.2360E-08  0.2110E-08  0.1760E-08  0.1430E-08  0.1250E-08
  0.1000E+12  0.1790E-12  0.6150E-11  0.9520E-10  0.6690E-09  0.1640E-08  0.2550E-08  0.2710E-08  0.2630E-08  0.2540E-08  0.2360E-08  0.2110E-08  0.1760E-08  0.1430E-08  0.1250E-08
  0.1000E+13  0.1790E-12  0.6150E-11  0.9520E-10  0.6690E-09  0.1640E-08  0.2550E-08  0.2710E-08  0.2630E-08  0.2540E-08  0.2360E-08  0.2110E-08  0.1760E-08  0.1430E-08  0.1250E-08
  0.1000E+14  0.1790E-12  0.6150E-11  0.9520E-10  0.6690E-09  0.1640E-08  0.2550E-08  0.2710E-08  0.2630E-08  0.2540E-08  0.2360E-08  0.2110E-08  0.1760E-08  0.1430E-08  0.1250E-08
  0.1000E+15  0.1790E-12  0.6150E-11  0.9520E-10  0.6690E-09  0.1640E-08  0.2550E-08  0.2710E-08  0.2630E-08  0.2540E-08  0.2360E-08  0.2110E-08  0.1760E-08  0.1430E-08  0.1250E-08
  0.1000E+16  0.1790E-12  0.6150E-11  0.9520E-10  0.6690E-09  0.1640E-08  0.2550E-08  0.2710E-08  0.2630E-08  0.2540E-08  0.2360E-08  0.2110E-08  0.1760E-08  0.1430E-08  0.1250E-08
  0.1000E+17  0.1790E-12  0.6150E-11  0.9520E-10  0.6690E-09  0.1640E-08  0.2550E-08  0.2700E-08  0.2630E-08  0.2530E-08  0.2360E-08  0.2110E-08  0.1750E-08  0.1430E-08  0.1250E-08
WAVELENGTH(A)= 
    59.751
 7 14 t 
excit   
    18.800     28.200     46.900     93.800    188.000    469.000    938.000   1410.000   1880.000   2820.000   4690.000   9380.000  18800.000  28200.000 
  0.1000E+11  0.3880E-12  0.1270E-10  0.1890E-09  0.1250E-08  0.2870E-08  0.4210E-08  0.4410E-08  0.4310E-08  0.4170E-08  0.3900E-08  0.3510E-08  0.2950E-08  0.2420E-08  0.2130E-08
  0.1000E+12  0.3880E-12  0.1270E-10  0.1890E-09  0.1250E-08  0.2870E-08  0.4210E-08  0.4410E-08  0.4310E-08  0.4170E-08  0.3900E-08  0.3510E-08  0.2950E-08  0.2420E-08  0.2130E-08
  0.1000E+13  0.3880E-12  0.1270E-10  0.1890E-09  0.1250E-08  0.2870E-08  0.4210E-08  0.4410E-08  0.4310E-08  0.4170E-08  0.3900E-08  0.3510E-08  0.2950E-08  0.2420E-08  0.2130E-08
  0.1000E+14  0.3880E-12  0.1270E-10  0.1890E-09  0.1250E-08  0.2870E-08  0.4210E-08  0.4410E-08  0.4310E-08  0.4170E-08  0.3900E-08  0.3510E-08  0.2950E-08  0.2420E-08  0.2130E-08
  0.1000E+15  0.3880E-12  0.1270E-10  0.1890E-09  0.1250E-08  0.2870E-08  0.4210E-08  0.4410E-08  0.4310E-08  0.4170E-08  0.3900E-08  0.3510E-08  0.2950E-08  0.2420E-08  0.2130E-08
  0.1000E+16  0.3880E-12  0.1270E-10  0.1890E-09  0.1250E-08  0.2870E-08  0.4210E-08  0.4410E-08  0.4310E-08  0.4170E-08  0.3900E-08  0.3510E-08  0.2950E-08  0.2420E-08  0.2130E-08
  0.1000E+17  0.3880E-12  0.1270E-10  0.1890E-09  0.1250E-08  0.2870E-08  0.4210E-08  0.4410E-08  0.4310E-08  0.4170E-08  0.3900E-08  0.3510E-08  0.2950E-08  0.2420E-08  0.2130E-08
WAVELENGTH(A)= 
    60.460
 7 14 t 
excit   
    18.800     28.200     46.900     93.800    188.000    469.000    938.000   1410.000   1880.000   2820.000   4690.000   9380.000  18800.000  28200.000 
  0.1000E+11  0.1040E-17  0.1360E-14  0.3840E-12  0.2270E-10  0.1490E-09  0.3660E-09  0.4180E-09  0.4050E-09  0.3840E-09  0.3470E-09  0.2950E-09  0.2300E-09  0.1750E-09  0.1490E-09
  0.1000E+12  0.1040E-17  0.1360E-14  0.3840E-12  0.2270E-10  0.1490E-09  0.3660E-09  0.4180E-09  0.4050E-09  0.3840E-09  0.3470E-09  0.2950E-09  0.2300E-09  0.1750E-09  0.1490E-09
  0.1000E+13  0.1040E-17  0.1360E-14  0.3840E-12  0.2270E-10  0.1490E-09  0.3660E-09  0.4180E-09  0.4050E-09  0.3840E-09  0.3470E-09  0.2950E-09  0.2300E-09  0.1750E-09  0.1490E-09
  0.1000E+14  0.1040E-17  0.1360E-14  0.3840E-12  0.2270E-10  0.1490E-09  0.3660E-09  0.4180E-09  0.4050E-09  0.3840E-09  0.3470E-09  0.2950E-09  0.2300E-09  0.1750E-09  0.1490E-09
  0.1000E+15  0.1040E-17  0.1360E-14  0.3840E-12  0.2270E-10  0.1490E-09  0.3660E-09  0.4180E-09  0.4050E-09  0.3840E-09  0.3470E-09  0.2950E-09  0.2300E-09  0.1750E-09  0.1490E-09
  0.1000E+16  0.1040E-17  0.1360E-14  0.3840E-12  0.2270E-10  0.1490E-09  0.3660E-09  0.4180E-09  0.4050E-09  0.3840E-09  0.3470E-09  0.2950E-09  0.2300E-09  0.1750E-09  0.1490E-09
  0.1000E+17  0.1040E-17  0.1360E-14  0.3840E-12  0.2270E-10  0.1490E-09  0.3660E-09  0.4180E-09  0.4050E-09  0.3840E-09  0.3460E-09  0.2950E-09  0.2300E-09  0.1750E-09  0.1490E-09
WAVELENGTH(A)= 
    64.325
 7 14 t 
excit   
    18.800     28.200     46.900     93.800    188.000    469.000    938.000   1410.000   1880.000   2820.000   4690.000   9380.000  18800.000  28200.000 
  0.1000E+11  0.3730E-33  0.1140E-25  0.1010E-19  0.2520E-15  0.3380E-13  0.5090E-12  0.1060E-11  0.1270E-11  0.1330E-11  0.1350E-11  0.1260E-11  0.1050E-11  0.8300E-12  0.7140E-12
  0.1000E+12  0.3730E-33  0.1140E-25  0.1010E-19  0.2520E-15  0.3380E-13  0.5090E-12  0.1060E-11  0.1270E-11  0.1330E-11  0.1350E-11  0.1260E-11  0.1050E-11  0.8300E-12  0.7140E-12
  0.1000E+13  0.3730E-33  0.1140E-25  0.1010E-19  0.2520E-15  0.3380E-13  0.5090E-12  0.1060E-11  0.1270E-11  0.1330E-11  0.1350E-11  0.1260E-11  0.1050E-11  0.8300E-12  0.7140E-12
  0.1000E+14  0.3730E-33  0.1140E-25  0.1010E-19  0.2520E-15  0.3380E-13  0.5090E-12  0.1060E-11  0.1270E-11  0.1330E-11  0.1350E-11  0.1260E-11  0.1050E-11  0.8300E-12  0.7140E-12
  0.1000E+15  0.3730E-33  0.1140E-25  0.1010E-19  0.2520E-15  0.3380E-13  0.5090E-12  0.1060E-11  0.1270E-11  0.1330E-11  0.1350E-11  0.1260E-11  0.1050E-11  0.8300E-12  0.7140E-12
  0.1000E+16  0.3730E-33  0.1140E-25  0.1010E-19  0.2520E-15  0.3380E-13  0.5090E-12  0.1060E-11  0.1270E-11  0.1330E-11  0.1350E-11  0.1260E-11  0.1050E-11  0.8300E-12  0.7140E-12
  0.1000E+17  0.3730E-33  0.1140E-25  0.1010E-19  0.2520E-15  0.3370E-13  0.5080E-12  0.1060E-11  0.1270E-11  0.1330E-11  0.1350E-11  0.1260E-11  0.1050E-11  0.8290E-12  0.7130E-12
WAVELENGTH(A)= 
    71.476
 7 14 t 
excit   
    18.800     28.200     46.900     93.800    188.000    469.000    938.000   1410.000   1880.000   2820.000   4690.000   9380.000  18800.000  28200.000 
  0.1000E+11  0.7060E-29  0.1610E-22  0.1790E-17  0.9510E-14  0.5960E-12  0.5760E-11  0.1050E-10  0.1210E-10  0.1250E-10  0.1250E-10  0.1160E-10  0.9810E-11  0.7920E-11  0.6880E-11
  0.1000E+12  0.7060E-29  0.1610E-22  0.1790E-17  0.9510E-14  0.5960E-12  0.5760E-11  0.1050E-10  0.1210E-10  0.1250E-10  0.1250E-10  0.1160E-10  0.9810E-11  0.7920E-11  0.6880E-11
  0.1000E+13  0.7060E-29  0.1610E-22  0.1790E-17  0.9510E-14  0.5960E-12  0.5760E-11  0.1050E-10  0.1210E-10  0.1250E-10  0.1250E-10  0.1160E-10  0.9810E-11  0.7920E-11  0.6880E-11
  0.1000E+14  0.7060E-29  0.1610E-22  0.1790E-17  0.9510E-14  0.5960E-12  0.5760E-11  0.1050E-10  0.1210E-10  0.1250E-10  0.1250E-10  0.1160E-10  0.9810E-11  0.7920E-11  0.6880E-11
  0.1000E+15  0.7060E-29  0.1610E-22  0.1790E-17  0.9510E-14  0.5960E-12  0.5760E-11  0.1050E-10  0.1210E-10  0.1250E-10  0.1250E-10  0.1160E-10  0.9810E-11  0.7920E-11  0.6880E-11
  0.1000E+16  0.7060E-29  0.1610E-22  0.1790E-17  0.9510E-14  0.5960E-12  0.5760E-11  0.1050E-10  0.1210E-10  0.1250E-10  0.1250E-10  0.1160E-10  0.9810E-11  0.7920E-11  0.6880E-11
  0.1000E+17  0.7070E-29  0.1610E-22  0.1800E-17  0.9520E-14  0.5960E-12  0.5760E-11  0.1050E-10  0.1200E-10  0.1250E-10  0.1250E-10  0.1160E-10  0.9810E-11  0.7910E-11  0.6880E-11
WAVELENGTH(A)= 
    71.709
 7 14 t 
excit   
    18.800     28.200     46.900     93.800    188.000    469.000    938.000   1410.000   1880.000   2820.000   4690.000   9380.000  18800.000  28200.000 
  0.1000E+11  0.5290E-34  0.2630E-26  0.3460E-20  0.1190E-15  0.1910E-13  0.3370E-12  0.8060E-12  0.1070E-11  0.1230E-11  0.1410E-11  0.1570E-11  0.1670E-11  0.1640E-11  0.1580E-11
  0.1000E+12  0.5290E-34  0.2630E-26  0.3460E-20  0.1190E-15  0.1910E-13  0.3370E-12  0.8060E-12  0.1070E-11  0.1230E-11  0.1410E-11  0.1570E-11  0.1670E-11  0.1640E-11  0.1580E-11
  0.1000E+13  0.5290E-34  0.2630E-26  0.3460E-20  0.1190E-15  0.1910E-13  0.3370E-12  0.8060E-12  0.1070E-11  0.1230E-11  0.1410E-11  0.1570E-11  0.1670E-11  0.1640E-11  0.1580E-11
  0.1000E+14  0.5290E-34  0.2630E-26  0.3460E-20  0.1190E-15  0.1910E-13  0.3370E-12  0.8060E-12  0.1070E-11  0.1230E-11  0.1410E-11  0.1570E-11  0.1670E-11  0.1640E-11  0.1580E-11
  0.1000E+15  0.5290E-34  0.2630E-26  0.3460E-20  0.1190E-15  0.1910E-13  0.3370E-12  0.8060E-12  0.1070E-11  0.1230E-11  0.1410E-11  0.1570E-11  0.1670E-11  0.1640E-11  0.1580E-11
  0.1000E+16  0.5290E-34  0.2630E-26  0.3460E-20  0.1190E-15  0.1910E-13  0.3370E-12  0.8060E-12  0.1070E-11  0.1230E-11  0.1410E-11  0.1570E-11  0.1670E-11  0.1640E-11  0.1580E-11
  0.1000E+17  0.5300E-34  0.2630E-26  0.3470E-20  0.1190E-15  0.1910E-13  0.3360E-12  0.8060E-12  0.1070E-11  0.1230E-11  0.1410E-11  0.1570E-11  0.1670E-11  0.1640E-11  0.1580E-11
WAVELENGTH(A)= 
    80.213
 7 14 t 
excit   
    18.800     28.200     46.900     93.800    188.000    469.000    938.000   1410.000   1880.000   2820.000   4690.000   9380.000  18800.000  28200.000 
  0.1000E+11  0.3870E-31  0.1990E-24  0.4310E-19  0.3890E-15  0.3330E-13  0.4170E-12  0.9060E-12  0.1160E-11  0.1320E-11  0.1490E-11  0.1650E-11  0.1730E-11  0.1690E-11  0.1620E-11
  0.1000E+12  0.3870E-31  0.1990E-24  0.4310E-19  0.3890E-15  0.3330E-13  0.4170E-12  0.9060E-12  0.1160E-11  0.1320E-11  0.1490E-11  0.1650E-11  0.1730E-11  0.1690E-11  0.1620E-11
  0.1000E+13  0.3870E-31  0.1990E-24  0.4310E-19  0.3890E-15  0.3330E-13  0.4170E-12  0.9060E-12  0.1160E-11  0.1320E-11  0.1490E-11  0.1650E-11  0.1730E-11  0.1690E-11  0.1620E-11
  0.1000E+14  0.3870E-31  0.1990E-24  0.4310E-19  0.3890E-15  0.3330E-13  0.4170E-12  0.9060E-12  0.1160E-11  0.1320E-11  0.1490E-11  0.1650E-11  0.1730E-11  0.1690E-11  0.1620E-11
  0.1000E+15  0.3870E-31  0.1990E-24  0.4310E-19  0.3890E-15  0.3330E-13  0.4170E-12  0.9060E-12  0.1160E-11  0.1320E-11  0.1490E-11  0.1650E-11  0.1730E-11  0.1690E-11  0.1620E-11
  0.1000E+16  0.3870E-31  0.1990E-24  0.4310E-19  0.3890E-15  0.3330E-13  0.4170E-12  0.9050E-12  0.1160E-11  0.1320E-11  0.1490E-11  0.1650E-11  0.1730E-11  0.1690E-11  0.1620E-11
  0.1000E+17  0.3870E-31  0.1990E-24  0.4310E-19  0.3890E-15  0.3330E-13  0.4170E-12  0.9050E-12  0.1160E-11  0.1310E-11  0.1490E-11  0.1650E-11  0.1730E-11  0.1690E-11  0.1620E-11
WAVELENGTH(A)= 
    84.416
 7 14 t 
excit   
    18.800     28.200     46.900     93.800    188.000    469.000    938.000   1410.000   1880.000   2820.000   4690.000   9380.000  18800.000  28200.000 
  0.1000E+11  0.4410E-34  0.3050E-26  0.5210E-20  0.2110E-15  0.3600E-13  0.6180E-12  0.1340E-11  0.1600E-11  0.1690E-11  0.1690E-11  0.1560E-11  0.1280E-11  0.9850E-12  0.8330E-12
  0.1000E+12  0.4410E-34  0.3050E-26  0.5210E-20  0.2110E-15  0.3600E-13  0.6180E-12  0.1340E-11  0.1600E-11  0.1690E-11  0.1690E-11  0.1560E-11  0.1280E-11  0.9850E-12  0.8330E-12
  0.1000E+13  0.4410E-34  0.3050E-26  0.5210E-20  0.2110E-15  0.3600E-13  0.6180E-12  0.1340E-11  0.1600E-11  0.1690E-11  0.1690E-11  0.1560E-11  0.1280E-11  0.9850E-12  0.8330E-12
  0.1000E+14  0.4410E-34  0.3050E-26  0.5210E-20  0.2110E-15  0.3600E-13  0.6180E-12  0.1340E-11  0.1600E-11  0.1690E-11  0.1690E-11  0.1560E-11  0.1280E-11  0.9850E-12  0.8330E-12
  0.1000E+15  0.4410E-34  0.3050E-26  0.5210E-20  0.2110E-15  0.3600E-13  0.6180E-12  0.1340E-11  0.1600E-11  0.1690E-11  0.1690E-11  0.1560E-11  0.1280E-11  0.9850E-12  0.8330E-12
  0.1000E+16  0.4410E-34  0.3050E-26  0.5210E-20  0.2110E-15  0.3600E-13  0.6180E-12  0.1340E-11  0.1600E-11  0.1690E-11  0.1690E-11  0.1560E-11  0.1280E-11  0.9850E-12  0.8330E-12
  0.1000E+17  0.4410E-34  0.3050E-26  0.5210E-20  0.2110E-15  0.3600E-13  0.6180E-12  0.1340E-11  0.1600E-11  0.1690E-11  0.1690E-11  0.1560E-11  0.1280E-11  0.9850E-12  0.8330E-12
WAVELENGTH(A)= 
   123.368
 7 14 t 
excit   
    18.800     28.200     46.900     93.800    188.000    469.000    938.000   1410.000   1880.000   2820.000   4690.000   9380.000  18800.000  28200.000 
  0.1000E+11  0.7420E-33  0.2260E-25  0.2000E-19  0.5010E-15  0.6710E-13  0.1010E-11  0.2110E-11  0.2520E-11  0.2650E-11  0.2680E-11  0.2500E-11  0.2090E-11  0.1650E-11  0.1420E-11
  0.1000E+12  0.7420E-33  0.2260E-25  0.2000E-19  0.5010E-15  0.6710E-13  0.1010E-11  0.2110E-11  0.2520E-11  0.2650E-11  0.2680E-11  0.2500E-11  0.2090E-11  0.1650E-11  0.1420E-11
  0.1000E+13  0.7420E-33  0.2260E-25  0.2000E-19  0.5010E-15  0.6710E-13  0.1010E-11  0.2110E-11  0.2520E-11  0.2650E-11  0.2680E-11  0.2500E-11  0.2090E-11  0.1650E-11  0.1420E-11
  0.1000E+14  0.7420E-33  0.2260E-25  0.2000E-19  0.5010E-15  0.6710E-13  0.1010E-11  0.2110E-11  0.2520E-11  0.2650E-11  0.2680E-11  0.2500E-11  0.2090E-11  0.1650E-11  0.1420E-11
  0.1000E+15  0.7420E-33  0.2260E-25  0.2000E-19  0.5010E-15  0.6710E-13  0.1010E-11  0.2110E-11  0.2520E-11  0.2650E-11  0.2680E-11  0.2500E-11  0.2090E-11  0.1650E-11  0.1420E-11
  0.1000E+16  0.7420E-33  0.2260E-25  0.2000E-19  0.5010E-15  0.6710E-13  0.1010E-11  0.2110E-11  0.2520E-11  0.2650E-11  0.2680E-11  0.2500E-11  0.2090E-11  0.1650E-11  0.1420E-11
  0.1000E+17  0.7420E-33  0.2260E-25  0.2000E-19  0.5010E-15  0.6710E-13  0.1010E-11  0.2110E-11  0.2520E-11  0.2650E-11  0.2680E-11  0.2500E-11  0.2090E-11  0.1650E-11  0.1420E-11
WAVELENGTH(A)= 
   139.515
 7 14 t 
excit   
    18.800     28.200     46.900     93.800    188.000    469.000    938.000   1410.000   1880.000   2820.000   4690.000   9380.000  18800.000  28200.000 
  0.1000E+11  0.3080E-22  0.6850E-18  0.1870E-14  0.6160E-12  0.9660E-11  0.4240E-10  0.6070E-10  0.6490E-10  0.6530E-10  0.6330E-10  0.5830E-10  0.4930E-10  0.4010E-10  0.3520E-10
  0.1000E+12  0.3080E-22  0.6850E-18  0.1870E-14  0.6160E-12  0.9660E-11  0.4240E-10  0.6070E-10  0.6490E-10  0.6530E-10  0.6330E-10  0.5830E-10  0.4930E-10  0.4010E-10  0.3520E-10
  0.1000E+13  0.3080E-22  0.6850E-18  0.1870E-14  0.6160E-12  0.9660E-11  0.4240E-10  0.6070E-10  0.6490E-10  0.6530E-10  0.6330E-10  0.5830E-10  0.4930E-10  0.4010E-10  0.3520E-10
  0.1000E+14  0.3080E-22  0.6850E-18  0.1870E-14  0.6160E-12  0.9660E-11  0.4240E-10  0.6070E-10  0.6490E-10  0.6530E-10  0.6330E-10  0.5830E-10  0.4930E-10  0.4010E-10  0.3520E-10
  0.1000E+15  0.3080E-22  0.6850E-18  0.1870E-14  0.6160E-12  0.9660E-11  0.4240E-10  0.6070E-10  0.6490E-10  0.6530E-10  0.6330E-10  0.5830E-10  0.4930E-10  0.4010E-10  0.3520E-10
  0.1000E+16  0.3080E-22  0.6850E-18  0.1870E-14  0.6160E-12  0.9660E-11  0.4240E-10  0.6070E-10  0.6490E-10  0.6530E-10  0.6330E-10  0.5830E-10  0.4930E-10  0.4010E-10  0.3520E-10
  0.1000E+17  0.3110E-22  0.6910E-18  0.1880E-14  0.6190E-12  0.9690E-11  0.4240E-10  0.6080E-10  0.6500E-10  0.6530E-10  0.6340E-10  0.5830E-10  0.4930E-10  0.4010E-10  0.3520E-10
WAVELENGTH(A)= 
   140.221
 7 14 t 
excit   
    18.800     28.200     46.900     93.800    188.000    469.000    938.000   1410.000   1880.000   2820.000   4690.000   9380.000  18800.000  28200.000 
  0.1000E+11  0.3990E-28  0.3590E-22  0.1920E-17  0.5930E-14  0.2860E-12  0.2460E-11  0.4680E-11  0.5800E-11  0.6500E-11  0.7390E-11  0.8350E-11  0.9200E-11  0.9360E-11  0.9230E-11
  0.1000E+12  0.3990E-28  0.3590E-22  0.1920E-17  0.5930E-14  0.2860E-12  0.2460E-11  0.4680E-11  0.5800E-11  0.6500E-11  0.7390E-11  0.8350E-11  0.9200E-11  0.9360E-11  0.9230E-11
  0.1000E+13  0.3990E-28  0.3590E-22  0.1920E-17  0.5930E-14  0.2860E-12  0.2460E-11  0.4680E-11  0.5800E-11  0.6500E-11  0.7390E-11  0.8350E-11  0.9200E-11  0.9360E-11  0.9230E-11
  0.1000E+14  0.3990E-28  0.3590E-22  0.1920E-17  0.5930E-14  0.2860E-12  0.2460E-11  0.4680E-11  0.5800E-11  0.6500E-11  0.7390E-11  0.8350E-11  0.9200E-11  0.9360E-11  0.9230E-11
  0.1000E+15  0.3990E-28  0.3590E-22  0.1920E-17  0.5930E-14  0.2860E-12  0.2460E-11  0.4680E-11  0.5800E-11  0.6500E-11  0.7390E-11  0.8350E-11  0.9200E-11  0.9360E-11  0.9230E-11
  0.1000E+16  0.3990E-28  0.3590E-22  0.1920E-17  0.5930E-14  0.2860E-12  0.2460E-11  0.4680E-11  0.5800E-11  0.6500E-11  0.7390E-11  0.8350E-11  0.9200E-11  0.9360E-11  0.9230E-11
  0.1000E+17  0.4000E-28  0.3590E-22  0.1920E-17  0.5930E-14  0.2870E-12  0.2460E-11  0.4680E-11  0.5800E-11  0.6490E-11  0.7390E-11  0.8350E-11  0.9200E-11  0.9350E-11  0.9230E-11
WAVELENGTH(A)= 
   141.816
 7 14 t 
excit   
    18.800     28.200     46.900     93.800    188.000    469.000    938.000   1410.000   1880.000   2820.000   4690.000   9380.000  18800.000  28200.000 
  0.1000E+11  0.3230E-30  0.1360E-23  0.2480E-18  0.1890E-14  0.1400E-12  0.1520E-11  0.2970E-11  0.3550E-11  0.3780E-11  0.3900E-11  0.3770E-11  0.3270E-11  0.2650E-11  0.2290E-11
  0.1000E+12  0.3230E-30  0.1360E-23  0.2480E-18  0.1890E-14  0.1400E-12  0.1520E-11  0.2970E-11  0.3550E-11  0.3780E-11  0.3900E-11  0.3770E-11  0.3270E-11  0.2650E-11  0.2290E-11
  0.1000E+13  0.3230E-30  0.1360E-23  0.2480E-18  0.1890E-14  0.1400E-12  0.1520E-11  0.2970E-11  0.3550E-11  0.3780E-11  0.3900E-11  0.3770E-11  0.3270E-11  0.2650E-11  0.2290E-11
  0.1000E+14  0.3230E-30  0.1360E-23  0.2480E-18  0.1890E-14  0.1400E-12  0.1520E-11  0.2970E-11  0.3550E-11  0.3780E-11  0.3900E-11  0.3770E-11  0.3270E-11  0.2650E-11  0.2290E-11
  0.1000E+15  0.3230E-30  0.1360E-23  0.2480E-18  0.1890E-14  0.1400E-12  0.1520E-11  0.2970E-11  0.3550E-11  0.3780E-11  0.3900E-11  0.3770E-11  0.3270E-11  0.2650E-11  0.2290E-11
  0.1000E+16  0.3230E-30  0.1360E-23  0.2480E-18  0.1890E-14  0.1400E-12  0.1520E-11  0.2970E-11  0.3550E-11  0.3780E-11  0.3900E-11  0.3770E-11  0.3270E-11  0.2650E-11  0.2290E-11
  0.1000E+17  0.3230E-30  0.1360E-23  0.2480E-18  0.1890E-14  0.1400E-12  0.1520E-11  0.2970E-11  0.3540E-11  0.3780E-11  0.3900E-11  0.3770E-11  0.3270E-11  0.2650E-11  0.2290E-11
WAVELENGTH(A)= 
   141.995
 7 14 t 
excit   
    18.800     28.200     46.900     93.800    188.000    469.000    938.000   1410.000   1880.000   2820.000   4690.000   9380.000  18800.000  28200.000 
  0.1000E+11  0.2510E-25  0.2640E-20  0.2530E-16  0.2260E-13  0.6500E-12  0.4690E-11  0.8850E-11  0.1100E-10  0.1220E-10  0.1370E-10  0.1490E-10  0.1550E-10  0.1510E-10  0.1440E-10
  0.1000E+12  0.2510E-25  0.2640E-20  0.2530E-16  0.2260E-13  0.6500E-12  0.4690E-11  0.8850E-11  0.1100E-10  0.1220E-10  0.1370E-10  0.1490E-10  0.1550E-10  0.1510E-10  0.1440E-10
  0.1000E+13  0.2510E-25  0.2640E-20  0.2530E-16  0.2260E-13  0.6500E-12  0.4690E-11  0.8850E-11  0.1100E-10  0.1220E-10  0.1370E-10  0.1490E-10  0.1550E-10  0.1510E-10  0.1440E-10
  0.1000E+14  0.2510E-25  0.2640E-20  0.2530E-16  0.2260E-13  0.6500E-12  0.4690E-11  0.8850E-11  0.1100E-10  0.1220E-10  0.1370E-10  0.1490E-10  0.1550E-10  0.1510E-10  0.1440E-10
  0.1000E+15  0.2510E-25  0.2640E-20  0.2530E-16  0.2260E-13  0.6500E-12  0.4690E-11  0.8850E-11  0.1100E-10  0.1220E-10  0.1370E-10  0.1490E-10  0.1550E-10  0.1510E-10  0.1440E-10
  0.1000E+16  0.2510E-25  0.2640E-20  0.2530E-16  0.2260E-13  0.6500E-12  0.4690E-11  0.8850E-11  0.1100E-10  0.1220E-10  0.1370E-10  0.1490E-10  0.1550E-10  0.1510E-10  0.1440E-10
  0.1000E+17  0.2520E-25  0.2640E-20  0.2540E-16  0.2260E-13  0.6500E-12  0.4680E-11  0.8850E-11  0.1100E-10  0.1220E-10  0.1370E-10  0.1490E-10  0.1550E-10  0.1510E-10  0.1440E-10
WAVELENGTH(A)= 
   181.723
 7 14 t 
excit   
    18.800     28.200     46.900     93.800    188.000    469.000    938.000   1410.000   1880.000   2820.000   4690.000   9380.000  18800.000  28200.000 
  0.1000E+11  0.1790E-21  0.8550E-18  0.7520E-15  0.1220E-12  0.1510E-11  0.6410E-11  0.9770E-11  0.1100E-10  0.1150E-10  0.1180E-10  0.1180E-10  0.1100E-10  0.9830E-11  0.9050E-11
  0.1000E+12  0.1790E-21  0.8550E-18  0.7520E-15  0.1220E-12  0.1510E-11  0.6410E-11  0.9770E-11  0.1100E-10  0.1150E-10  0.1180E-10  0.1180E-10  0.1100E-10  0.9830E-11  0.9050E-11
  0.1000E+13  0.1790E-21  0.8550E-18  0.7520E-15  0.1220E-12  0.1510E-11  0.6410E-11  0.9770E-11  0.1100E-10  0.1150E-10  0.1180E-10  0.1180E-10  0.1100E-10  0.9830E-11  0.9050E-11
  0.1000E+14  0.1790E-21  0.8550E-18  0.7520E-15  0.1220E-12  0.1510E-11  0.6410E-11  0.9770E-11  0.1100E-10  0.1150E-10  0.1180E-10  0.1180E-10  0.1100E-10  0.9830E-11  0.9050E-11
  0.1000E+15  0.1790E-21  0.8570E-18  0.7530E-15  0.1230E-12  0.1510E-11  0.6420E-11  0.9770E-11  0.1100E-10  0.1150E-10  0.1180E-10  0.1180E-10  0.1100E-10  0.9830E-11  0.9050E-11
  0.1000E+16  0.1840E-21  0.8750E-18  0.7650E-15  0.1240E-12  0.1520E-11  0.6440E-11  0.9800E-11  0.1100E-10  0.1150E-10  0.1190E-10  0.1180E-10  0.1100E-10  0.9840E-11  0.9050E-11
  0.1000E+17  0.2310E-21  0.1050E-17  0.8720E-15  0.1340E-12  0.1610E-11  0.6660E-11  0.1000E-10  0.1130E-10  0.1180E-10  0.1200E-10  0.1200E-10  0.1110E-10  0.9910E-11  0.9100E-11
WAVELENGTH(A)= 
   192.596
 7 14 t 
excit   
    18.800     28.200     46.900     93.800    188.000    469.000    938.000   1410.000   1880.000   2820.000   4690.000   9380.000  18800.000  28200.000 
  0.1000E+11  0.2870E-27  0.9420E-22  0.2210E-17  0.3630E-14  0.1250E-12  0.8360E-12  0.1360E-11  0.1490E-11  0.1510E-11  0.1470E-11  0.1330E-11  0.1090E-11  0.8410E-12  0.7130E-12
  0.1000E+12  0.2870E-27  0.9420E-22  0.2210E-17  0.3630E-14  0.1250E-12  0.8360E-12  0.1360E-11  0.1490E-11  0.1510E-11  0.1470E-11  0.1330E-11  0.1090E-11  0.8410E-12  0.7130E-12
  0.1000E+13  0.2870E-27  0.9420E-22  0.2210E-17  0.3630E-14  0.1250E-12  0.8360E-12  0.1360E-11  0.1490E-11  0.1510E-11  0.1470E-11  0.1330E-11  0.1090E-11  0.8410E-12  0.7130E-12
  0.1000E+14  0.2870E-27  0.9420E-22  0.2210E-17  0.3630E-14  0.1250E-12  0.8360E-12  0.1360E-11  0.1490E-11  0.1510E-11  0.1470E-11  0.1330E-11  0.1090E-11  0.8410E-12  0.7130E-12
  0.1000E+15  0.2870E-27  0.9420E-22  0.2210E-17  0.3630E-14  0.1250E-12  0.8360E-12  0.1360E-11  0.1490E-11  0.1510E-11  0.1470E-11  0.1330E-11  0.1090E-11  0.8410E-12  0.7130E-12
  0.1000E+16  0.2870E-27  0.9420E-22  0.2210E-17  0.3630E-14  0.1250E-12  0.8360E-12  0.1360E-11  0.1490E-11  0.1510E-11  0.1470E-11  0.1330E-11  0.1080E-11  0.8410E-12  0.7130E-12
  0.1000E+17  0.2870E-27  0.9420E-22  0.2220E-17  0.3630E-14  0.1250E-12  0.8350E-12  0.1360E-11  0.1490E-11  0.1510E-11  0.1470E-11  0.1330E-11  0.1080E-11  0.8410E-12  0.7130E-12
WAVELENGTH(A)= 
   265.119
 7 14 t 
excit   
    18.800     28.200     46.900     93.800    188.000    469.000    938.000   1410.000   1880.000   2820.000   4690.000   9380.000  18800.000  28200.000 
  0.1000E+11  0.1770E-29  0.4050E-23  0.4510E-18  0.2390E-14  0.1500E-12  0.1450E-11  0.2640E-11  0.3030E-11  0.3150E-11  0.3130E-11  0.2920E-11  0.2470E-11  0.1990E-11  0.1730E-11
  0.1000E+12  0.1770E-29  0.4050E-23  0.4510E-18  0.2390E-14  0.1500E-12  0.1450E-11  0.2640E-11  0.3030E-11  0.3150E-11  0.3130E-11  0.2920E-11  0.2470E-11  0.1990E-11  0.1730E-11
  0.1000E+13  0.1770E-29  0.4050E-23  0.4510E-18  0.2390E-14  0.1500E-12  0.1450E-11  0.2640E-11  0.3030E-11  0.3150E-11  0.3130E-11  0.2920E-11  0.2470E-11  0.1990E-11  0.1730E-11
  0.1000E+14  0.1770E-29  0.4050E-23  0.4510E-18  0.2390E-14  0.1500E-12  0.1450E-11  0.2640E-11  0.3030E-11  0.3150E-11  0.3130E-11  0.2920E-11  0.2470E-11  0.1990E-11  0.1730E-11
  0.1000E+15  0.1770E-29  0.4050E-23  0.4510E-18  0.2390E-14  0.1500E-12  0.1450E-11  0.2640E-11  0.3030E-11  0.3150E-11  0.3130E-11  0.2920E-11  0.2470E-11  0.1990E-11  0.1730E-11
  0.1000E+16  0.1770E-29  0.4050E-23  0.4510E-18  0.2390E-14  0.1500E-12  0.1450E-11  0.2640E-11  0.3030E-11  0.3150E-11  0.3130E-11  0.2920E-11  0.2470E-11  0.1990E-11  0.1730E-11
  0.1000E+17  0.1780E-29  0.4050E-23  0.4510E-18  0.2390E-14  0.1500E-12  0.1450E-11  0.2640E-11  0.3030E-11  0.3140E-11  0.3130E-11  0.2920E-11  0.2470E-11  0.1990E-11  0.1730E-11
WAVELENGTH(A)= 
   272.606
 7 14 t 
excit   
    18.800     28.200     46.900     93.800    188.000    469.000    938.000   1410.000   1880.000   2820.000   4690.000   9380.000  18800.000  28200.000 
  0.1000E+11  0.3880E-31  0.1990E-24  0.4320E-19  0.3900E-15  0.3330E-13  0.4180E-12  0.9070E-12  0.1160E-11  0.1320E-11  0.1490E-11  0.1650E-11  0.1740E-11  0.1690E-11  0.1620E-11
  0.1000E+12  0.3880E-31  0.1990E-24  0.4320E-19  0.3900E-15  0.3330E-13  0.4180E-12  0.9070E-12  0.1160E-11  0.1320E-11  0.1490E-11  0.1650E-11  0.1740E-11  0.1690E-11  0.1620E-11
  0.1000E+13  0.3880E-31  0.1990E-24  0.4320E-19  0.3900E-15  0.3330E-13  0.4180E-12  0.9070E-12  0.1160E-11  0.1320E-11  0.1490E-11  0.1650E-11  0.1740E-11  0.1690E-11  0.1620E-11
  0.1000E+14  0.3880E-31  0.1990E-24  0.4320E-19  0.3900E-15  0.3330E-13  0.4180E-12  0.9070E-12  0.1160E-11  0.1320E-11  0.1490E-11  0.1650E-11  0.1740E-11  0.1690E-11  0.1620E-11
  0.1000E+15  0.3880E-31  0.1990E-24  0.4320E-19  0.3900E-15  0.3330E-13  0.4180E-12  0.9070E-12  0.1160E-11  0.1320E-11  0.1490E-11  0.1650E-11  0.1740E-11  0.1690E-11  0.1620E-11
  0.1000E+16  0.3880E-31  0.1990E-24  0.4320E-19  0.3900E-15  0.3330E-13  0.4170E-12  0.9070E-12  0.1160E-11  0.1320E-11  0.1490E-11  0.1650E-11  0.1740E-11  0.1690E-11  0.1620E-11
  0.1000E+17  0.3880E-31  0.1990E-24  0.4320E-19  0.3900E-15  0.3330E-13  0.4170E-12  0.9060E-12  0.1160E-11  0.1320E-11  0.1490E-11  0.1650E-11  0.1740E-11  0.1690E-11  0.1620E-11
