 50  7 14
WAVELENGTH(A)= 
  2288.840
 7 14 t 
excit   
     0.017      0.026      0.043      0.086      0.172      0.431      0.862      1.290      1.720      2.590      4.310      8.620     17.200     25.900 
  0.1000E+11  0.1000E-73  0.1000E-73  0.1000E-73  0.5740E-36  0.1280E-21  0.2880E-13  0.1440E-10  0.1100E-09  0.3060E-09  0.8390E-09  0.1850E-08  0.3260E-08  0.4140E-08  0.4370E-08
  0.1000E+12  0.1000E-73  0.1000E-73  0.1000E-73  0.5840E-36  0.1300E-21  0.2880E-13  0.1420E-10  0.1090E-09  0.2980E-09  0.8100E-09  0.1770E-08  0.3080E-08  0.3870E-08  0.4070E-08
  0.1000E+13  0.1000E-73  0.1000E-73  0.1000E-73  0.5870E-36  0.1310E-21  0.2880E-13  0.1390E-10  0.1030E-09  0.2790E-09  0.7420E-09  0.1600E-08  0.2780E-08  0.3510E-08  0.3710E-08
  0.1000E+14  0.1000E-73  0.1000E-73  0.1000E-73  0.5900E-36  0.1320E-21  0.2740E-13  0.1150E-10  0.7810E-10  0.2000E-09  0.5070E-09  0.1060E-08  0.1810E-08  0.2310E-08  0.2470E-08
  0.1000E+15  0.1000E-73  0.1000E-73  0.1000E-73  0.6080E-36  0.1360E-21  0.2580E-13  0.8690E-11  0.5190E-10  0.1220E-09  0.2770E-09  0.5150E-09  0.7970E-09  0.9710E-09  0.1030E-08
  0.1000E+16  0.1000E-73  0.1000E-73  0.1000E-73  0.6120E-36  0.1380E-21  0.2460E-13  0.6430E-11  0.3110E-10  0.6230E-10  0.1140E-09  0.1730E-09  0.2230E-09  0.2480E-09  0.2560E-09
  0.1000E+17  0.1000E-73  0.1000E-73  0.1000E-73  0.2480E-36  0.5520E-22  0.9520E-14  0.2180E-11  0.8900E-11  0.1550E-10  0.2380E-10  0.3000E-10  0.3350E-10  0.3460E-10  0.3490E-10
WAVELENGTH(A)= 
  2317.910
 7 14 t 
excit   
     0.017      0.026      0.043      0.086      0.172      0.431      0.862      1.290      1.720      2.590      4.310      8.620     17.200     25.900 
  0.1000E+11  0.1000E-73  0.1000E-73  0.1000E-73  0.1190E-34  0.5200E-21  0.4590E-13  0.1920E-10  0.1440E-09  0.3840E-09  0.1010E-08  0.2120E-08  0.3560E-08  0.4410E-08  0.4590E-08
  0.1000E+12  0.1000E-73  0.1000E-73  0.1000E-73  0.1220E-34  0.5300E-21  0.4570E-13  0.1880E-10  0.1390E-09  0.3680E-09  0.9610E-09  0.1990E-08  0.3310E-08  0.4050E-08  0.4200E-08
  0.1000E+13  0.1000E-73  0.1000E-73  0.1000E-73  0.1230E-34  0.5340E-21  0.4500E-13  0.1760E-10  0.1270E-09  0.3330E-09  0.8600E-09  0.1780E-08  0.2950E-08  0.3640E-08  0.3800E-08
  0.1000E+14  0.1000E-73  0.1000E-73  0.1000E-73  0.1230E-34  0.5380E-21  0.4230E-13  0.1390E-10  0.9170E-10  0.2300E-09  0.5710E-09  0.1150E-08  0.1890E-08  0.2370E-08  0.2510E-08
  0.1000E+15  0.1000E-73  0.1000E-73  0.1000E-73  0.1290E-34  0.5620E-21  0.4020E-13  0.1040E-10  0.5950E-10  0.1360E-09  0.3000E-09  0.5400E-09  0.8090E-09  0.9690E-09  0.1020E-08
  0.1000E+16  0.1000E-73  0.1000E-73  0.1000E-73  0.1340E-34  0.5910E-21  0.3930E-13  0.7560E-11  0.3350E-10  0.6410E-10  0.1130E-09  0.1630E-09  0.2040E-09  0.2240E-09  0.2290E-09
  0.1000E+17  0.1000E-73  0.1000E-73  0.1000E-73  0.5240E-35  0.2270E-21  0.1470E-13  0.2420E-11  0.8890E-11  0.1470E-10  0.2130E-10  0.2570E-10  0.2770E-10  0.2820E-10  0.2830E-10
WAVELENGTH(A)= 
  2348.950
 7 14 t 
excit   
     0.017      0.026      0.043      0.086      0.172      0.431      0.862      1.290      1.720      2.590      4.310      8.620     17.200     25.900 
  0.1000E+11  0.1000E-73  0.1000E-73  0.1000E-73  0.3030E-34  0.8720E-21  0.6080E-13  0.2580E-10  0.1990E-09  0.5420E-09  0.1420E-08  0.2950E-08  0.4910E-08  0.6050E-08  0.6270E-08
  0.1000E+12  0.1000E-73  0.1000E-73  0.1000E-73  0.2990E-34  0.8670E-21  0.5960E-13  0.2470E-10  0.1890E-09  0.5110E-09  0.1330E-08  0.2740E-08  0.4510E-08  0.5510E-08  0.5680E-08
  0.1000E+13  0.1000E-73  0.1000E-73  0.1000E-73  0.2990E-34  0.8680E-21  0.5810E-13  0.2260E-10  0.1680E-09  0.4510E-09  0.1170E-08  0.2420E-08  0.4000E-08  0.4920E-08  0.5110E-08
  0.1000E+14  0.1000E-73  0.1000E-73  0.1000E-73  0.3010E-34  0.8720E-21  0.5450E-13  0.1760E-10  0.1190E-09  0.3060E-09  0.7660E-09  0.1550E-08  0.2540E-08  0.3180E-08  0.3350E-08
  0.1000E+15  0.1000E-73  0.1000E-73  0.1000E-73  0.3140E-34  0.9130E-21  0.5170E-13  0.1320E-10  0.7650E-10  0.1780E-09  0.3960E-09  0.7130E-09  0.1070E-08  0.1280E-08  0.1340E-08
  0.1000E+16  0.1000E-73  0.1000E-73  0.1000E-73  0.3450E-34  0.1010E-20  0.5270E-13  0.9610E-11  0.4240E-10  0.8140E-10  0.1420E-09  0.2050E-09  0.2560E-09  0.2810E-09  0.2890E-09
  0.1000E+17  0.1000E-73  0.1000E-73  0.1000E-73  0.1440E-34  0.4160E-21  0.2100E-13  0.3200E-11  0.1150E-10  0.1870E-10  0.2680E-10  0.3210E-10  0.3440E-10  0.3490E-10  0.3500E-10
WAVELENGTH(A)= 
  2369.240
 7 14 t 
excit   
     0.017      0.026      0.043      0.086      0.172      0.431      0.862      1.290      1.720      2.590      4.310      8.620     17.200     25.900 
  0.1000E+11  0.1000E-73  0.1000E-73  0.1000E-73  0.3360E-33  0.2600E-20  0.8620E-13  0.2950E-10  0.2090E-09  0.5400E-09  0.1340E-08  0.2670E-08  0.4260E-08  0.5110E-08  0.5260E-08
  0.1000E+12  0.1000E-73  0.1000E-73  0.1000E-73  0.3650E-33  0.2790E-20  0.8710E-13  0.2840E-10  0.1990E-09  0.5100E-09  0.1260E-08  0.2480E-08  0.3910E-08  0.4650E-08  0.4760E-08
  0.1000E+13  0.1000E-73  0.1000E-73  0.1000E-73  0.3830E-33  0.2920E-20  0.8610E-13  0.2580E-10  0.1760E-09  0.4480E-09  0.1100E-08  0.2180E-08  0.3460E-08  0.4150E-08  0.4270E-08
  0.1000E+14  0.1000E-73  0.1000E-73  0.1000E-73  0.3960E-33  0.3030E-20  0.8090E-13  0.1980E-10  0.1230E-09  0.3000E-09  0.7140E-09  0.1380E-08  0.2190E-08  0.2670E-08  0.2800E-08
  0.1000E+15  0.1000E-73  0.1000E-73  0.1000E-73  0.4440E-33  0.3440E-20  0.8170E-13  0.1490E-10  0.7840E-10  0.1730E-09  0.3640E-09  0.6280E-09  0.9090E-09  0.1060E-08  0.1110E-08
  0.1000E+16  0.1000E-73  0.1000E-73  0.1000E-73  0.4840E-33  0.3800E-20  0.8660E-13  0.1120E-10  0.4350E-10  0.7820E-10  0.1280E-09  0.1750E-09  0.2100E-09  0.2250E-09  0.2300E-09
  0.1000E+17  0.1000E-73  0.1000E-73  0.1000E-73  0.1540E-33  0.1180E-20  0.2690E-13  0.3090E-11  0.1010E-10  0.1560E-10  0.2130E-10  0.2450E-10  0.2540E-10  0.2540E-10  0.2540E-10
WAVELENGTH(A)= 
  2379.040
 7 14 t 
excit   
     0.017      0.026      0.043      0.086      0.172      0.431      0.862      1.290      1.720      2.590      4.310      8.620     17.200     25.900 
  0.1000E+11  0.1000E-73  0.1000E-73  0.1000E-73  0.4370E-36  0.3000E-21  0.1300E-12  0.7500E-10  0.5940E-09  0.1690E-08  0.4830E-08  0.1110E-07  0.2010E-07  0.2600E-07  0.2770E-07
  0.1000E+12  0.1000E-73  0.1000E-73  0.1000E-73  0.4450E-36  0.3050E-21  0.1300E-12  0.7490E-10  0.5900E-09  0.1670E-08  0.4690E-08  0.1060E-07  0.1910E-07  0.2450E-07  0.2600E-07
  0.1000E+13  0.1000E-73  0.1000E-73  0.1000E-73  0.4470E-36  0.3060E-21  0.1300E-12  0.7490E-10  0.5750E-09  0.1590E-08  0.4360E-08  0.9690E-08  0.1730E-07  0.2230E-07  0.2380E-07
  0.1000E+14  0.1000E-73  0.1000E-73  0.1000E-73  0.4500E-36  0.3090E-21  0.1250E-12  0.6330E-10  0.4470E-09  0.1170E-08  0.3030E-08  0.6470E-08  0.1130E-07  0.1470E-07  0.1590E-07
  0.1000E+15  0.1000E-73  0.1000E-73  0.1000E-73  0.4660E-36  0.3200E-21  0.1180E-12  0.4810E-10  0.3000E-09  0.7230E-09  0.1680E-08  0.3210E-08  0.5090E-08  0.6300E-08  0.6710E-08
  0.1000E+16  0.1000E-73  0.1000E-73  0.1000E-73  0.4760E-36  0.3290E-21  0.1140E-12  0.3680E-10  0.1890E-09  0.3920E-09  0.7450E-09  0.1150E-08  0.1520E-08  0.1710E-08  0.1770E-08
  0.1000E+17  0.1000E-73  0.1000E-73  0.1000E-73  0.1990E-36  0.1360E-21  0.4580E-13  0.1310E-10  0.5750E-10  0.1040E-09  0.1650E-09  0.2150E-09  0.2450E-09  0.2560E-09  0.2590E-09
WAVELENGTH(A)= 
  2380.010
 7 14 t 
excit   
     0.017      0.026      0.043      0.086      0.172      0.431      0.862      1.290      1.720      2.590      4.310      8.620     17.200     25.900 
  0.1000E+11  0.1000E-73  0.1000E-73  0.1000E-73  0.1910E-35  0.4260E-21  0.9580E-13  0.4770E-10  0.3660E-09  0.1020E-08  0.2790E-08  0.6160E-08  0.1080E-07  0.1380E-07  0.1450E-07
  0.1000E+12  0.1000E-73  0.1000E-73  0.1000E-73  0.1940E-35  0.4330E-21  0.9580E-13  0.4730E-10  0.3610E-09  0.9910E-09  0.2690E-08  0.5870E-08  0.1020E-07  0.1290E-07  0.1350E-07
  0.1000E+13  0.1000E-73  0.1000E-73  0.1000E-73  0.1950E-35  0.4350E-21  0.9560E-13  0.4620E-10  0.3440E-09  0.9270E-09  0.2470E-08  0.5320E-08  0.9230E-08  0.1170E-07  0.1230E-07
  0.1000E+14  0.1000E-73  0.1000E-73  0.1000E-73  0.1960E-35  0.4380E-21  0.9090E-13  0.3810E-10  0.2590E-09  0.6660E-09  0.1680E-08  0.3510E-08  0.6000E-08  0.7660E-08  0.8200E-08
  0.1000E+15  0.1000E-73  0.1000E-73  0.1000E-73  0.2020E-35  0.4520E-21  0.8580E-13  0.2880E-10  0.1730E-09  0.4060E-09  0.9190E-09  0.1710E-08  0.2650E-08  0.3220E-08  0.3410E-08
  0.1000E+16  0.1000E-73  0.1000E-73  0.1000E-73  0.2030E-35  0.4580E-21  0.8160E-13  0.2140E-10  0.1030E-09  0.2070E-09  0.3800E-09  0.5740E-09  0.7410E-09  0.8240E-09  0.8490E-09
  0.1000E+17  0.1000E-73  0.1000E-73  0.1000E-73  0.8250E-36  0.1830E-21  0.3160E-13  0.7240E-11  0.2960E-10  0.5160E-10  0.7890E-10  0.9970E-10  0.1110E-09  0.1150E-09  0.1160E-09
WAVELENGTH(A)= 
  2390.420
 7 14 t 
excit   
     0.017      0.026      0.043      0.086      0.172      0.431      0.862      1.290      1.720      2.590      4.310      8.620     17.200     25.900 
  0.1000E+11  0.1000E-73  0.1000E-73  0.1000E-73  0.1700E-34  0.1000E-20  0.1060E-12  0.4790E-10  0.3640E-09  0.9870E-09  0.2620E-08  0.5560E-08  0.9380E-08  0.1160E-07  0.1220E-07
  0.1000E+12  0.1000E-73  0.1000E-73  0.1000E-73  0.1740E-34  0.1020E-20  0.1060E-12  0.4680E-10  0.3520E-09  0.9470E-09  0.2480E-08  0.5220E-08  0.8700E-08  0.1070E-07  0.1110E-07
  0.1000E+13  0.1000E-73  0.1000E-73  0.1000E-73  0.1760E-34  0.1030E-20  0.1050E-12  0.4370E-10  0.3210E-09  0.8550E-09  0.2220E-08  0.4650E-08  0.7770E-08  0.9600E-08  0.1010E-07
  0.1000E+14  0.1000E-73  0.1000E-73  0.1000E-73  0.1780E-34  0.1050E-20  0.9830E-13  0.3450E-10  0.2320E-09  0.5910E-09  0.1470E-08  0.3000E-08  0.4970E-08  0.6240E-08  0.6630E-08
  0.1000E+15  0.1000E-73  0.1000E-73  0.1000E-73  0.1880E-34  0.1110E-20  0.9440E-13  0.2600E-10  0.1510E-09  0.3490E-09  0.7750E-09  0.1410E-08  0.2130E-08  0.2550E-08  0.2690E-08
  0.1000E+16  0.1000E-73  0.1000E-73  0.1000E-73  0.2030E-34  0.1210E-20  0.9520E-13  0.1920E-10  0.8640E-10  0.1670E-09  0.2950E-09  0.4310E-09  0.5410E-09  0.5940E-09  0.6120E-09
  0.1000E+17  0.1000E-73  0.1000E-73  0.1000E-73  0.7950E-35  0.4640E-21  0.3570E-13  0.6240E-11  0.2330E-10  0.3890E-10  0.5700E-10  0.6940E-10  0.7520E-10  0.7670E-10  0.7700E-10
WAVELENGTH(A)= 
  2401.410
 7 14 t 
excit   
     0.017      0.026      0.043      0.086      0.172      0.431      0.862      1.290      1.720      2.590      4.310      8.620     17.200     25.900 
  0.1000E+11  0.1000E-73  0.1000E-73  0.1000E-73  0.1320E-35  0.2230E-21  0.4190E-13  0.1900E-10  0.1400E-09  0.3820E-09  0.1040E-08  0.2280E-08  0.3980E-08  0.5040E-08  0.5290E-08
  0.1000E+12  0.1000E-73  0.1000E-73  0.1000E-73  0.1420E-35  0.2380E-21  0.4280E-13  0.1900E-10  0.1390E-09  0.3760E-09  0.1010E-08  0.2180E-08  0.3770E-08  0.4730E-08  0.4960E-08
  0.1000E+13  0.1000E-73  0.1000E-73  0.1000E-73  0.1450E-35  0.2440E-21  0.4320E-13  0.1880E-10  0.1340E-09  0.3540E-09  0.9300E-09  0.1980E-08  0.3410E-08  0.4300E-08  0.4520E-08
  0.1000E+14  0.1000E-73  0.1000E-73  0.1000E-73  0.1480E-35  0.2500E-21  0.4160E-13  0.1570E-10  0.1030E-09  0.2580E-09  0.6410E-09  0.1310E-08  0.2230E-08  0.2830E-08  0.3020E-08
  0.1000E+15  0.1000E-73  0.1000E-73  0.1000E-73  0.1580E-35  0.2690E-21  0.4080E-13  0.1210E-10  0.6950E-10  0.1600E-09  0.3550E-09  0.6500E-09  0.9930E-09  0.1200E-08  0.1260E-08
  0.1000E+16  0.1000E-73  0.1000E-73  0.1000E-73  0.1590E-35  0.2730E-21  0.4020E-13  0.9380E-11  0.4320E-10  0.8450E-10  0.1520E-09  0.2240E-09  0.2840E-09  0.3130E-09  0.3200E-09
  0.1000E+17  0.1000E-73  0.1000E-73  0.1000E-73  0.5440E-36  0.9230E-22  0.1350E-13  0.2880E-11  0.1140E-10  0.1970E-10  0.2980E-10  0.3720E-10  0.4110E-10  0.4230E-10  0.4260E-10
WAVELENGTH(A)= 
  2414.240
 7 14 t 
excit   
     0.017      0.026      0.043      0.086      0.172      0.431      0.862      1.290      1.720      2.590      4.310      8.620     17.200     25.900 
  0.1000E+11  0.1000E-73  0.1000E-73  0.1000E-73  0.4800E-34  0.2100E-20  0.1850E-12  0.7760E-10  0.5790E-09  0.1550E-08  0.4080E-08  0.8560E-08  0.1440E-07  0.1780E-07  0.1850E-07
  0.1000E+12  0.1000E-73  0.1000E-73  0.1000E-73  0.4900E-34  0.2140E-20  0.1840E-12  0.7570E-10  0.5590E-09  0.1490E-08  0.3880E-08  0.8040E-08  0.1330E-07  0.1630E-07  0.1690E-07
  0.1000E+13  0.1000E-73  0.1000E-73  0.1000E-73  0.4940E-34  0.2150E-20  0.1810E-12  0.7080E-10  0.5110E-09  0.1340E-08  0.3470E-08  0.7160E-08  0.1190E-07  0.1470E-07  0.1530E-07
  0.1000E+14  0.1000E-73  0.1000E-73  0.1000E-73  0.4980E-34  0.2170E-20  0.1700E-12  0.5610E-10  0.3700E-09  0.9280E-09  0.2300E-08  0.4630E-08  0.7630E-08  0.9550E-08  0.1010E-07
  0.1000E+15  0.1000E-73  0.1000E-73  0.1000E-73  0.5180E-34  0.2270E-20  0.1620E-12  0.4210E-10  0.2400E-09  0.5480E-09  0.1210E-08  0.2180E-08  0.3260E-08  0.3910E-08  0.4100E-08
  0.1000E+16  0.1000E-73  0.1000E-73  0.1000E-73  0.5420E-34  0.2390E-20  0.1590E-12  0.3050E-10  0.1350E-09  0.2590E-09  0.4550E-09  0.6580E-09  0.8220E-09  0.9010E-09  0.9250E-09
  0.1000E+17  0.1000E-73  0.1000E-73  0.1000E-73  0.2110E-34  0.9170E-21  0.5910E-13  0.9760E-11  0.3580E-10  0.5920E-10  0.8590E-10  0.1040E-09  0.1120E-09  0.1140E-09  0.1140E-09
WAVELENGTH(A)= 
  2415.320
 7 14 t 
excit   
     0.017      0.026      0.043      0.086      0.172      0.431      0.862      1.290      1.720      2.590      4.310      8.620     17.200     25.900 
  0.1000E+11  0.1000E-73  0.1000E-73  0.1000E-73  0.2660E-33  0.3310E-20  0.1400E-12  0.5070E-10  0.3710E-09  0.9750E-09  0.2470E-08  0.5010E-08  0.8130E-08  0.9830E-08  0.1020E-07
  0.1000E+12  0.1000E-73  0.1000E-73  0.1000E-73  0.2690E-33  0.3360E-20  0.1390E-12  0.4850E-10  0.3510E-09  0.9200E-09  0.2320E-08  0.4660E-08  0.7470E-08  0.8950E-08  0.9230E-08
  0.1000E+13  0.1000E-73  0.1000E-73  0.1000E-73  0.2720E-33  0.3400E-20  0.1360E-12  0.4430E-10  0.3120E-09  0.8120E-09  0.2040E-08  0.4100E-08  0.6620E-08  0.8000E-08  0.8290E-08
  0.1000E+14  0.1000E-73  0.1000E-73  0.1000E-73  0.2790E-33  0.3480E-20  0.1280E-12  0.3460E-10  0.2210E-09  0.5500E-09  0.1330E-08  0.2620E-08  0.4210E-08  0.5170E-08  0.5440E-08
  0.1000E+15  0.1000E-73  0.1000E-73  0.1000E-73  0.3080E-33  0.3870E-20  0.1270E-12  0.2630E-10  0.1430E-09  0.3220E-09  0.6890E-09  0.1210E-08  0.1770E-08  0.2080E-08  0.2180E-08
  0.1000E+16  0.1000E-73  0.1000E-73  0.1000E-73  0.3430E-33  0.4340E-20  0.1340E-12  0.1960E-10  0.8000E-10  0.1470E-09  0.2470E-09  0.3430E-09  0.4160E-09  0.4500E-09  0.4610E-09
  0.1000E+17  0.1000E-73  0.1000E-73  0.1000E-73  0.1210E-33  0.1500E-20  0.4520E-13  0.5780E-11  0.1940E-10  0.3080E-10  0.4270E-10  0.4970E-10  0.5220E-10  0.5240E-10  0.5240E-10
WAVELENGTH(A)= 
  2420.470
 7 14 t 
excit   
     0.017      0.026      0.043      0.086      0.172      0.431      0.862      1.290      1.720      2.590      4.310      8.620     17.200     25.900 
  0.1000E+11  0.1000E-73  0.1000E-73  0.1000E-73  0.2320E-35  0.3080E-21  0.4980E-13  0.2350E-10  0.1810E-09  0.4970E-09  0.1350E-08  0.2940E-08  0.5100E-08  0.6440E-08  0.6760E-08
  0.1000E+12  0.1000E-73  0.1000E-73  0.1000E-73  0.2870E-35  0.3710E-21  0.5380E-13  0.2360E-10  0.1790E-09  0.4870E-09  0.1300E-08  0.2810E-08  0.4810E-08  0.6020E-08  0.6290E-08
  0.1000E+13  0.1000E-73  0.1000E-73  0.1000E-73  0.3090E-35  0.4000E-21  0.5540E-13  0.2290E-10  0.1680E-09  0.4500E-09  0.1190E-08  0.2530E-08  0.4330E-08  0.5450E-08  0.5730E-08
  0.1000E+14  0.1000E-73  0.1000E-73  0.1000E-73  0.3220E-35  0.4230E-21  0.5400E-13  0.1870E-10  0.1250E-09  0.3200E-09  0.8050E-09  0.1660E-08  0.2810E-08  0.3570E-08  0.3800E-08
  0.1000E+15  0.1000E-73  0.1000E-73  0.1000E-73  0.3450E-35  0.4640E-21  0.5580E-13  0.1510E-10  0.8680E-10  0.2010E-09  0.4470E-09  0.8180E-09  0.1250E-08  0.1510E-08  0.1580E-08
  0.1000E+16  0.1000E-73  0.1000E-73  0.1000E-73  0.3380E-35  0.4580E-21  0.5700E-13  0.1220E-10  0.5520E-10  0.1070E-09  0.1900E-09  0.2780E-09  0.3500E-09  0.3830E-09  0.3920E-09
  0.1000E+17  0.1000E-73  0.1000E-73  0.1000E-73  0.1070E-35  0.1430E-21  0.1800E-13  0.3640E-11  0.1420E-10  0.2430E-10  0.3640E-10  0.4510E-10  0.4960E-10  0.5080E-10  0.5110E-10
WAVELENGTH(A)= 
  2433.620
 7 14 t 
excit   
     0.017      0.026      0.043      0.086      0.172      0.431      0.862      1.290      1.720      2.590      4.310      8.620     17.200     25.900 
  0.1000E+11  0.1000E-73  0.1000E-73  0.1000E-73  0.2550E-35  0.2830E-21  0.4030E-13  0.1810E-10  0.1360E-09  0.3710E-09  0.1000E-08  0.2170E-08  0.3760E-08  0.4720E-08  0.4940E-08
  0.1000E+12  0.1000E-73  0.1000E-73  0.1000E-73  0.3140E-35  0.3400E-21  0.4370E-13  0.1830E-10  0.1350E-09  0.3650E-09  0.9700E-09  0.2080E-08  0.3550E-08  0.4430E-08  0.4610E-08
  0.1000E+13  0.1000E-73  0.1000E-73  0.1000E-73  0.3340E-35  0.3640E-21  0.4500E-13  0.1780E-10  0.1280E-09  0.3390E-09  0.8870E-09  0.1880E-08  0.3210E-08  0.4020E-08  0.4210E-08
  0.1000E+14  0.1000E-73  0.1000E-73  0.1000E-73  0.3500E-35  0.3890E-21  0.4430E-13  0.1470E-10  0.9620E-10  0.2430E-09  0.6050E-09  0.1240E-08  0.2090E-08  0.2640E-08  0.2800E-08
  0.1000E+15  0.1000E-73  0.1000E-73  0.1000E-73  0.4020E-35  0.4600E-21  0.4880E-13  0.1240E-10  0.6930E-10  0.1580E-09  0.3460E-09  0.6250E-09  0.9420E-09  0.1130E-08  0.1180E-08
  0.1000E+16  0.1000E-73  0.1000E-73  0.1000E-73  0.4120E-35  0.4750E-21  0.5220E-13  0.1050E-10  0.4570E-10  0.8700E-10  0.1520E-09  0.2180E-09  0.2710E-09  0.2940E-09  0.2990E-09
  0.1000E+17  0.1000E-73  0.1000E-73  0.1000E-73  0.1130E-35  0.1280E-21  0.1460E-13  0.2830E-11  0.1090E-10  0.1840E-10  0.2730E-10  0.3370E-10  0.3680E-10  0.3770E-10  0.3780E-10
WAVELENGTH(A)= 
  2434.520
 7 14 t 
excit   
     0.017      0.026      0.043      0.086      0.172      0.431      0.862      1.290      1.720      2.590      4.310      8.620     17.200     25.900 
  0.1000E+11  0.1000E-73  0.1000E-73  0.1000E-73  0.6190E-35  0.6980E-21  0.1050E-12  0.4730E-10  0.3550E-09  0.9650E-09  0.2600E-08  0.5610E-08  0.9700E-08  0.1220E-07  0.1280E-07
  0.1000E+12  0.1000E-73  0.1000E-73  0.1000E-73  0.6530E-35  0.7330E-21  0.1070E-12  0.4700E-10  0.3490E-09  0.9410E-09  0.2500E-08  0.5340E-08  0.9120E-08  0.1140E-07  0.1190E-07
  0.1000E+13  0.1000E-73  0.1000E-73  0.1000E-73  0.6700E-35  0.7500E-21  0.1070E-12  0.4550E-10  0.3290E-09  0.8730E-09  0.2280E-08  0.4820E-08  0.8220E-08  0.1030E-07  0.1080E-07
  0.1000E+14  0.1000E-73  0.1000E-73  0.1000E-73  0.6800E-35  0.7640E-21  0.1020E-12  0.3700E-10  0.2450E-09  0.6200E-09  0.1550E-08  0.3160E-08  0.5330E-08  0.6740E-08  0.7190E-08
  0.1000E+15  0.1000E-73  0.1000E-73  0.1000E-73  0.7050E-35  0.8000E-21  0.9800E-13  0.2840E-10  0.1640E-09  0.3790E-09  0.8430E-09  0.1540E-08  0.2340E-08  0.2820E-08  0.2980E-08
  0.1000E+16  0.1000E-73  0.1000E-73  0.1000E-73  0.6920E-35  0.7930E-21  0.9390E-13  0.2120E-10  0.9740E-10  0.1900E-09  0.3410E-09  0.5020E-09  0.6380E-09  0.7030E-09  0.7230E-09
  0.1000E+17  0.1000E-73  0.1000E-73  0.1000E-73  0.2600E-35  0.2940E-21  0.3390E-13  0.6760E-11  0.2630E-10  0.4480E-10  0.6700E-10  0.8300E-10  0.9120E-10  0.9360E-10  0.9420E-10
WAVELENGTH(A)= 
  2435.440
 7 14 t 
excit   
     0.017      0.026      0.043      0.086      0.172      0.431      0.862      1.290      1.720      2.590      4.310      8.620     17.200     25.900 
  0.1000E+11  0.1000E-73  0.1000E-73  0.1000E-73  0.5420E-36  0.1810E-21  0.5050E-13  0.2530E-10  0.1920E-09  0.5340E-09  0.1480E-08  0.3320E-08  0.5930E-08  0.7600E-08  0.8040E-08
  0.1000E+12  0.1000E-73  0.1000E-73  0.1000E-73  0.5940E-36  0.1970E-21  0.5200E-13  0.2540E-10  0.1910E-09  0.5270E-09  0.1440E-08  0.3200E-08  0.5650E-08  0.7180E-08  0.7570E-08
  0.1000E+13  0.1000E-73  0.1000E-73  0.1000E-73  0.6120E-36  0.2030E-21  0.5300E-13  0.2540E-10  0.1870E-09  0.5020E-09  0.1340E-08  0.2920E-08  0.5130E-08  0.6540E-08  0.6920E-08
  0.1000E+14  0.1000E-73  0.1000E-73  0.1000E-73  0.6310E-36  0.2110E-21  0.5170E-13  0.2160E-10  0.1450E-09  0.3710E-09  0.9350E-09  0.1950E-08  0.3360E-08  0.4330E-08  0.4640E-08
  0.1000E+15  0.1000E-73  0.1000E-73  0.1000E-73  0.7220E-36  0.2450E-21  0.5370E-13  0.1740E-10  0.1020E-09  0.2380E-09  0.5350E-09  0.9910E-09  0.1530E-08  0.1870E-08  0.1970E-08
  0.1000E+16  0.1000E-73  0.1000E-73  0.1000E-73  0.8060E-36  0.2760E-21  0.5850E-13  0.1470E-10  0.6930E-10  0.1370E-09  0.2470E-09  0.3680E-09  0.4680E-09  0.5140E-09  0.5260E-09
  0.1000E+17  0.1000E-73  0.1000E-73  0.1000E-73  0.2470E-36  0.8320E-22  0.1810E-13  0.4360E-11  0.1810E-10  0.3170E-10  0.4880E-10  0.6190E-10  0.6920E-10  0.7150E-10  0.7200E-10
WAVELENGTH(A)= 
  2438.690
 7 14 t 
excit   
     0.017      0.026      0.043      0.086      0.172      0.431      0.862      1.290      1.720      2.590      4.310      8.620     17.200     25.900 
  0.1000E+11  0.1000E-73  0.1000E-73  0.1000E-73  0.1420E-32  0.4640E-20  0.9450E-13  0.2860E-10  0.1940E-09  0.4860E-09  0.1170E-08  0.2260E-08  0.3520E-08  0.4160E-08  0.4250E-08
  0.1000E+12  0.1000E-73  0.1000E-73  0.1000E-73  0.1590E-32  0.5140E-20  0.9670E-13  0.2750E-10  0.1840E-09  0.4580E-09  0.1100E-08  0.2090E-08  0.3230E-08  0.3770E-08  0.3840E-08
  0.1000E+13  0.1000E-73  0.1000E-73  0.1000E-73  0.1690E-32  0.5430E-20  0.9590E-13  0.2480E-10  0.1620E-09  0.4000E-09  0.9570E-09  0.1840E-08  0.2850E-08  0.3360E-08  0.3440E-08
  0.1000E+14  0.1000E-73  0.1000E-73  0.1000E-73  0.1790E-32  0.5790E-20  0.9100E-13  0.1890E-10  0.1120E-09  0.2660E-09  0.6160E-09  0.1160E-08  0.1800E-08  0.2160E-08  0.2250E-08
  0.1000E+15  0.1000E-73  0.1000E-73  0.1000E-73  0.2270E-32  0.7530E-20  0.1030E-12  0.1510E-10  0.7360E-10  0.1560E-09  0.3160E-09  0.5280E-09  0.7430E-09  0.8560E-09  0.8840E-09
  0.1000E+16  0.1000E-73  0.1000E-73  0.1000E-73  0.2480E-32  0.8310E-20  0.1110E-12  0.1140E-10  0.4060E-10  0.6940E-10  0.1090E-09  0.1430E-09  0.1660E-09  0.1750E-09  0.1780E-09
  0.1000E+17  0.1000E-73  0.1000E-73  0.1000E-73  0.6470E-33  0.2100E-20  0.2820E-13  0.2700E-11  0.8230E-11  0.1240E-10  0.1630E-10  0.1830E-10  0.1860E-10  0.1850E-10  0.1840E-10
WAVELENGTH(A)= 
  2460.550
 7 14 t 
excit   
     0.017      0.026      0.043      0.086      0.172      0.431      0.862      1.290      1.720      2.590      4.310      8.620     17.200     25.900 
  0.1000E+11  0.1000E-73  0.1000E-73  0.1000E-73  0.3190E-34  0.7880E-21  0.4820E-13  0.1810E-10  0.1310E-09  0.3450E-09  0.8880E-09  0.1840E-08  0.3040E-08  0.3730E-08  0.3880E-08
  0.1000E+12  0.1000E-73  0.1000E-73  0.1000E-73  0.4020E-34  0.9630E-21  0.5230E-13  0.1800E-10  0.1280E-09  0.3330E-09  0.8470E-09  0.1730E-08  0.2830E-08  0.3440E-08  0.3560E-08
  0.1000E+13  0.1000E-73  0.1000E-73  0.1000E-73  0.4380E-34  0.1050E-20  0.5340E-13  0.1700E-10  0.1170E-09  0.3010E-09  0.7580E-09  0.1550E-08  0.2530E-08  0.3100E-08  0.3220E-08
  0.1000E+14  0.1000E-73  0.1000E-73  0.1000E-73  0.4650E-34  0.1130E-20  0.5230E-13  0.1360E-10  0.8520E-10  0.2100E-09  0.5050E-09  0.1000E-08  0.1630E-08  0.2010E-08  0.2130E-08
  0.1000E+15  0.1000E-73  0.1000E-73  0.1000E-73  0.5250E-34  0.1300E-20  0.5640E-13  0.1110E-10  0.5870E-10  0.1300E-09  0.2760E-09  0.4830E-09  0.7080E-09  0.8350E-09  0.8710E-09
  0.1000E+16  0.1000E-73  0.1000E-73  0.1000E-73  0.5180E-34  0.1290E-20  0.5760E-13  0.8760E-11  0.3540E-10  0.6470E-10  0.1080E-09  0.1500E-09  0.1820E-09  0.1950E-09  0.1990E-09
  0.1000E+17  0.1000E-73  0.1000E-73  0.1000E-73  0.1420E-34  0.3510E-21  0.1590E-13  0.2290E-11  0.8000E-11  0.1290E-10  0.1820E-10  0.2150E-10  0.2280E-10  0.2300E-10  0.2310E-10
WAVELENGTH(A)= 
  2470.010
 7 14 t 
excit   
     0.017      0.026      0.043      0.086      0.172      0.431      0.862      1.290      1.720      2.590      4.310      8.620     17.200     25.900 
  0.1000E+11  0.1000E-73  0.1000E-73  0.1000E-73  0.1300E-32  0.8280E-20  0.2290E-12  0.6850E-10  0.4660E-09  0.1190E-08  0.2940E-08  0.5830E-08  0.9270E-08  0.1110E-07  0.1150E-07
  0.1000E+12  0.1000E-73  0.1000E-73  0.1000E-73  0.1390E-32  0.8790E-20  0.2310E-12  0.6620E-10  0.4460E-09  0.1130E-08  0.2770E-08  0.5440E-08  0.8560E-08  0.1020E-07  0.1040E-07
  0.1000E+13  0.1000E-73  0.1000E-73  0.1000E-73  0.1430E-32  0.9070E-20  0.2290E-12  0.6130E-10  0.4010E-09  0.1010E-08  0.2450E-08  0.4820E-08  0.7610E-08  0.9110E-08  0.9390E-08
  0.1000E+14  0.1000E-73  0.1000E-73  0.1000E-73  0.1470E-32  0.9350E-20  0.2180E-12  0.4840E-10  0.2880E-09  0.6900E-09  0.1610E-08  0.3090E-08  0.4860E-08  0.5900E-08  0.6180E-08
  0.1000E+15  0.1000E-73  0.1000E-73  0.1000E-73  0.1620E-32  0.1050E-19  0.2220E-12  0.3760E-10  0.1890E-09  0.4100E-09  0.8460E-09  0.1440E-08  0.2050E-08  0.2390E-08  0.2480E-08
  0.1000E+16  0.1000E-73  0.1000E-73  0.1000E-73  0.1700E-32  0.1110E-19  0.2240E-12  0.2740E-10  0.1040E-09  0.1850E-09  0.2990E-09  0.4050E-09  0.4800E-09  0.5130E-09  0.5230E-09
  0.1000E+17  0.1000E-73  0.1000E-73  0.1000E-73  0.4990E-33  0.3200E-20  0.6460E-13  0.7150E-11  0.2290E-10  0.3530E-10  0.4780E-10  0.5470E-10  0.5660E-10  0.5650E-10  0.5640E-10
WAVELENGTH(A)= 
  2470.670
 7 14 t 
excit   
     0.017      0.026      0.043      0.086      0.172      0.431      0.862      1.290      1.720      2.590      4.310      8.620     17.200     25.900 
  0.1000E+11  0.1000E-73  0.1000E-73  0.1000E-73  0.1310E-35  0.2930E-21  0.6590E-13  0.3280E-10  0.2520E-09  0.6990E-09  0.1920E-08  0.4240E-08  0.7460E-08  0.9460E-08  0.9980E-08
  0.1000E+12  0.1000E-73  0.1000E-73  0.1000E-73  0.1330E-35  0.2980E-21  0.6590E-13  0.3260E-10  0.2480E-09  0.6820E-09  0.1850E-08  0.4040E-08  0.7030E-08  0.8850E-08  0.9300E-08
  0.1000E+13  0.1000E-73  0.1000E-73  0.1000E-73  0.1340E-35  0.2990E-21  0.6580E-13  0.3180E-10  0.2360E-09  0.6380E-09  0.1700E-08  0.3660E-08  0.6350E-08  0.8030E-08  0.8470E-08
  0.1000E+14  0.1000E-73  0.1000E-73  0.1000E-73  0.1350E-35  0.3010E-21  0.6260E-13  0.2620E-10  0.1790E-09  0.4580E-09  0.1160E-08  0.2410E-08  0.4130E-08  0.5270E-08  0.5640E-08
  0.1000E+15  0.1000E-73  0.1000E-73  0.1000E-73  0.1390E-35  0.3110E-21  0.5910E-13  0.1990E-10  0.1190E-09  0.2790E-09  0.6320E-09  0.1180E-08  0.1820E-08  0.2220E-08  0.2350E-08
  0.1000E+16  0.1000E-73  0.1000E-73  0.1000E-73  0.1400E-35  0.3150E-21  0.5620E-13  0.1470E-10  0.7100E-10  0.1420E-09  0.2620E-09  0.3950E-09  0.5100E-09  0.5670E-09  0.5850E-09
  0.1000E+17  0.1000E-73  0.1000E-73  0.1000E-73  0.5680E-36  0.1260E-21  0.2180E-13  0.4980E-11  0.2030E-10  0.3550E-10  0.5430E-10  0.6860E-10  0.7650E-10  0.7910E-10  0.7970E-10
WAVELENGTH(A)= 
  2487.200
 7 14 t 
excit   
     0.017      0.026      0.043      0.086      0.172      0.431      0.862      1.290      1.720      2.590      4.310      8.620     17.200     25.900 
  0.1000E+11  0.1000E-73  0.1000E-73  0.1000E-73  0.5600E-35  0.1030E-20  0.2010E-12  0.8760E-10  0.6320E-09  0.1710E-08  0.4640E-08  0.1020E-07  0.1780E-07  0.2260E-07  0.2380E-07
  0.1000E+12  0.1000E-73  0.1000E-73  0.1000E-73  0.5740E-35  0.1050E-20  0.2020E-12  0.8740E-10  0.6280E-09  0.1680E-08  0.4520E-08  0.9780E-08  0.1700E-07  0.2140E-07  0.2240E-07
  0.1000E+13  0.1000E-73  0.1000E-73  0.1000E-73  0.5790E-35  0.1060E-20  0.2030E-12  0.8780E-10  0.6150E-09  0.1610E-08  0.4200E-08  0.8940E-08  0.1540E-07  0.1950E-07  0.2050E-07
  0.1000E+14  0.1000E-73  0.1000E-73  0.1000E-73  0.5910E-35  0.1080E-20  0.1960E-12  0.7460E-10  0.4800E-09  0.1190E-08  0.2930E-08  0.5980E-08  0.1010E-07  0.1290E-07  0.1370E-07
  0.1000E+15  0.1000E-73  0.1000E-73  0.1000E-73  0.6650E-35  0.1220E-20  0.1940E-12  0.5770E-10  0.3260E-09  0.7430E-09  0.1640E-08  0.2980E-08  0.4540E-08  0.5500E-08  0.5790E-08
  0.1000E+16  0.1000E-73  0.1000E-73  0.1000E-73  0.7000E-35  0.1280E-20  0.1920E-12  0.4430E-10  0.2030E-09  0.3960E-09  0.7090E-09  0.1050E-08  0.1320E-08  0.1460E-08  0.1490E-08
  0.1000E+17  0.1000E-73  0.1000E-73  0.1000E-73  0.2240E-35  0.4070E-21  0.6140E-13  0.1320E-10  0.5280E-10  0.9100E-10  0.1380E-09  0.1720E-09  0.1910E-09  0.1970E-09  0.1980E-09
WAVELENGTH(A)= 
  2487.660
 7 14 t 
excit   
     0.017      0.026      0.043      0.086      0.172      0.431      0.862      1.290      1.720      2.590      4.310      8.620     17.200     25.900 
  0.1000E+11  0.1000E-73  0.1000E-73  0.1000E-73  0.3700E-33  0.6640E-20  0.3380E-12  0.1160E-09  0.7970E-09  0.2060E-08  0.5220E-08  0.1070E-07  0.1750E-07  0.2130E-07  0.2210E-07
  0.1000E+12  0.1000E-73  0.1000E-73  0.1000E-73  0.3950E-33  0.7030E-20  0.3430E-12  0.1140E-09  0.7740E-09  0.1990E-08  0.4970E-08  0.1010E-07  0.1630E-07  0.1970E-07  0.2030E-07
  0.1000E+13  0.1000E-73  0.1000E-73  0.1000E-73  0.4020E-33  0.7170E-20  0.3410E-12  0.1070E-09  0.7130E-09  0.1810E-08  0.4470E-08  0.9010E-08  0.1460E-07  0.1770E-07  0.1840E-07
  0.1000E+14  0.1000E-73  0.1000E-73  0.1000E-73  0.4090E-33  0.7330E-20  0.3230E-12  0.8560E-10  0.5200E-09  0.1260E-08  0.2980E-08  0.5840E-08  0.9380E-08  0.1150E-07  0.1210E-07
  0.1000E+15  0.1000E-73  0.1000E-73  0.1000E-73  0.4320E-33  0.7830E-20  0.3150E-12  0.6530E-10  0.3410E-09  0.7520E-09  0.1580E-08  0.2770E-08  0.4030E-08  0.4740E-08  0.4940E-08
  0.1000E+16  0.1000E-73  0.1000E-73  0.1000E-73  0.4250E-33  0.7770E-20  0.2990E-12  0.4630E-10  0.1890E-09  0.3490E-09  0.5870E-09  0.8240E-09  0.1000E-08  0.1080E-08  0.1100E-08
  0.1000E+17  0.1000E-73  0.1000E-73  0.1000E-73  0.1400E-33  0.2510E-20  0.9500E-13  0.1300E-10  0.4490E-10  0.7190E-10  0.1010E-09  0.1190E-09  0.1260E-09  0.1270E-09  0.1270E-09
WAVELENGTH(A)= 
  2493.730
 7 14 t 
excit   
     0.017      0.026      0.043      0.086      0.172      0.431      0.862      1.290      1.720      2.590      4.310      8.620     17.200     25.900 
  0.1000E+11  0.1000E-73  0.1000E-73  0.1000E-73  0.1890E-35  0.3210E-21  0.6020E-13  0.2730E-10  0.2020E-09  0.5500E-09  0.1490E-08  0.3270E-08  0.5720E-08  0.7240E-08  0.7610E-08
  0.1000E+12  0.1000E-73  0.1000E-73  0.1000E-73  0.2040E-35  0.3420E-21  0.6150E-13  0.2730E-10  0.2000E-09  0.5400E-09  0.1450E-08  0.3130E-08  0.5420E-08  0.6800E-08  0.7120E-08
  0.1000E+13  0.1000E-73  0.1000E-73  0.1000E-73  0.2090E-35  0.3510E-21  0.6210E-13  0.2700E-10  0.1930E-09  0.5090E-09  0.1340E-08  0.2850E-08  0.4900E-08  0.6180E-08  0.6500E-08
  0.1000E+14  0.1000E-73  0.1000E-73  0.1000E-73  0.2130E-35  0.3590E-21  0.5980E-13  0.2250E-10  0.1470E-09  0.3700E-09  0.9210E-09  0.1890E-08  0.3200E-08  0.4070E-08  0.4340E-08
  0.1000E+15  0.1000E-73  0.1000E-73  0.1000E-73  0.2270E-35  0.3870E-21  0.5860E-13  0.1750E-10  0.9990E-10  0.2300E-09  0.5110E-09  0.9340E-09  0.1430E-08  0.1730E-08  0.1820E-08
  0.1000E+16  0.1000E-73  0.1000E-73  0.1000E-73  0.2280E-35  0.3930E-21  0.5780E-13  0.1350E-10  0.6210E-10  0.1210E-09  0.2180E-09  0.3220E-09  0.4090E-09  0.4500E-09  0.4610E-09
  0.1000E+17  0.1000E-73  0.1000E-73  0.1000E-73  0.7820E-36  0.1330E-21  0.1930E-13  0.4130E-11  0.1640E-10  0.2830E-10  0.4280E-10  0.5350E-10  0.5910E-10  0.6080E-10  0.6120E-10
WAVELENGTH(A)= 
  2500.750
 7 14 t 
excit   
     0.017      0.026      0.043      0.086      0.172      0.431      0.862      1.290      1.720      2.590      4.310      8.620     17.200     25.900 
  0.1000E+11  0.1000E-73  0.1000E-73  0.1000E-73  0.8890E-34  0.4600E-20  0.4320E-12  0.1620E-09  0.1130E-08  0.2980E-08  0.7770E-08  0.1640E-07  0.2760E-07  0.3440E-07  0.3590E-07
  0.1000E+12  0.1000E-73  0.1000E-73  0.1000E-73  0.8950E-34  0.4640E-20  0.4310E-12  0.1610E-09  0.1110E-08  0.2910E-08  0.7490E-08  0.1560E-07  0.2600E-07  0.3210E-07  0.3340E-07
  0.1000E+13  0.1000E-73  0.1000E-73  0.1000E-73  0.8970E-34  0.4650E-20  0.4290E-12  0.1560E-09  0.1060E-08  0.2710E-08  0.6860E-08  0.1410E-07  0.2350E-07  0.2910E-07  0.3040E-07
  0.1000E+14  0.1000E-73  0.1000E-73  0.1000E-73  0.8990E-34  0.4660E-20  0.4050E-12  0.1280E-09  0.7920E-09  0.1930E-08  0.4660E-08  0.9290E-08  0.1530E-07  0.1910E-07  0.2020E-07
  0.1000E+15  0.1000E-73  0.1000E-73  0.1000E-73  0.9120E-34  0.4740E-20  0.3780E-12  0.9580E-10  0.5220E-09  0.1170E-08  0.2520E-08  0.4480E-08  0.6680E-08  0.7980E-08  0.8360E-08
  0.1000E+16  0.1000E-73  0.1000E-73  0.1000E-73  0.8550E-34  0.4460E-20  0.3340E-12  0.6610E-10  0.2910E-09  0.5550E-09  0.9740E-09  0.1410E-08  0.1770E-08  0.1940E-08  0.1990E-08
  0.1000E+17  0.1000E-73  0.1000E-73  0.1000E-73  0.3160E-34  0.1630E-20  0.1180E-12  0.2020E-10  0.7490E-10  0.1240E-09  0.1820E-09  0.2210E-09  0.2390E-09  0.2440E-09  0.2450E-09
WAVELENGTH(A)= 
  2506.850
 7 14 t 
excit   
     0.017      0.026      0.043      0.086      0.172      0.431      0.862      1.290      1.720      2.590      4.310      8.620     17.200     25.900 
  0.1000E+11  0.1000E-73  0.1000E-73  0.1000E-73  0.1710E-32  0.7100E-20  0.1520E-12  0.4220E-10  0.2810E-09  0.7070E-09  0.1720E-08  0.3370E-08  0.5320E-08  0.6340E-08  0.6490E-08
  0.1000E+12  0.1000E-73  0.1000E-73  0.1000E-73  0.1930E-32  0.7920E-20  0.1570E-12  0.4100E-10  0.2690E-09  0.6720E-09  0.1630E-08  0.3150E-08  0.4910E-08  0.5800E-08  0.5910E-08
  0.1000E+13  0.1000E-73  0.1000E-73  0.1000E-73  0.2060E-32  0.8410E-20  0.1580E-12  0.3790E-10  0.2420E-09  0.5980E-09  0.1440E-08  0.2780E-08  0.4360E-08  0.5190E-08  0.5320E-08
  0.1000E+14  0.1000E-73  0.1000E-73  0.1000E-73  0.2160E-32  0.8930E-20  0.1530E-12  0.3020E-10  0.1740E-09  0.4110E-09  0.9490E-09  0.1790E-08  0.2790E-08  0.3360E-08  0.3500E-08
  0.1000E+15  0.1000E-73  0.1000E-73  0.1000E-73  0.2630E-32  0.1110E-19  0.1720E-12  0.2490E-10  0.1200E-09  0.2520E-09  0.5090E-09  0.8470E-09  0.1190E-08  0.1370E-08  0.1410E-08
  0.1000E+16  0.1000E-73  0.1000E-73  0.1000E-73  0.2660E-32  0.1130E-19  0.1720E-12  0.1830E-10  0.6590E-10  0.1130E-09  0.1790E-09  0.2360E-09  0.2750E-09  0.2910E-09  0.2950E-09
  0.1000E+17  0.1000E-73  0.1000E-73  0.1000E-73  0.6540E-33  0.2720E-20  0.4240E-13  0.4270E-11  0.1320E-10  0.2000E-10  0.2670E-10  0.3010E-10  0.3080E-10  0.3060E-10  0.3050E-10
WAVELENGTH(A)= 
  2513.130
 7 14 t 
excit   
     0.017      0.026      0.043      0.086      0.172      0.431      0.862      1.290      1.720      2.590      4.310      8.620     17.200     25.900 
  0.1000E+11  0.1000E-73  0.1000E-73  0.1000E-73  0.7400E-32  0.1010E-19  0.1190E-12  0.2900E-10  0.1830E-09  0.4460E-09  0.1040E-08  0.1960E-08  0.2990E-08  0.3480E-08  0.3540E-08
  0.1000E+12  0.1000E-73  0.1000E-73  0.1000E-73  0.8910E-32  0.1210E-19  0.1290E-12  0.2840E-10  0.1760E-09  0.4240E-09  0.9810E-09  0.1830E-08  0.2760E-08  0.3180E-08  0.3220E-08
  0.1000E+13  0.1000E-73  0.1000E-73  0.1000E-73  0.9830E-32  0.1330E-19  0.1310E-12  0.2590E-10  0.1560E-09  0.3730E-09  0.8610E-09  0.1610E-08  0.2440E-08  0.2840E-08  0.2890E-08
  0.1000E+14  0.1000E-73  0.1000E-73  0.1000E-73  0.1110E-31  0.1490E-19  0.1290E-12  0.2020E-10  0.1090E-09  0.2500E-09  0.5580E-09  0.1020E-08  0.1540E-08  0.1830E-08  0.1890E-08
  0.1000E+15  0.1000E-73  0.1000E-73  0.1000E-73  0.1280E-31  0.1740E-19  0.1360E-12  0.1570E-10  0.7110E-10  0.1460E-09  0.2870E-09  0.4670E-09  0.6420E-09  0.7300E-09  0.7490E-09
  0.1000E+16  0.1000E-73  0.1000E-73  0.1000E-73  0.1110E-31  0.1510E-19  0.1200E-12  0.1060E-10  0.3630E-10  0.6100E-10  0.9360E-10  0.1210E-09  0.1390E-09  0.1460E-09  0.1480E-09
  0.1000E+17  0.1000E-73  0.1000E-73  0.1000E-73  0.2800E-32  0.3780E-20  0.3010E-13  0.2440E-11  0.7040E-11  0.1030E-10  0.1320E-10  0.1450E-10  0.1450E-10  0.1430E-10  0.1420E-10
WAVELENGTH(A)= 
  2528.430
 7 14 t 
excit   
     0.017      0.026      0.043      0.086      0.172      0.431      0.862      1.290      1.720      2.590      4.310      8.620     17.200     25.900 
  0.1000E+11  0.1000E-73  0.1000E-73  0.1000E-73  0.2550E-31  0.2920E-19  0.3080E-12  0.7220E-10  0.4520E-09  0.1090E-08  0.2520E-08  0.4720E-08  0.7170E-08  0.8360E-08  0.8480E-08
  0.1000E+12  0.1000E-73  0.1000E-73  0.1000E-73  0.2650E-31  0.3040E-19  0.3090E-12  0.6930E-10  0.4280E-09  0.1030E-08  0.2360E-08  0.4390E-08  0.6580E-08  0.7600E-08  0.7670E-08
  0.1000E+13  0.1000E-73  0.1000E-73  0.1000E-73  0.2740E-31  0.3130E-19  0.3040E-12  0.6280E-10  0.3780E-09  0.9010E-09  0.2070E-08  0.3850E-08  0.5820E-08  0.6780E-08  0.6880E-08
  0.1000E+14  0.1000E-73  0.1000E-73  0.1000E-73  0.2830E-31  0.3230E-19  0.2840E-12  0.4810E-10  0.2630E-09  0.6020E-09  0.1340E-08  0.2440E-08  0.3680E-08  0.4360E-08  0.4500E-08
  0.1000E+15  0.1000E-73  0.1000E-73  0.1000E-73  0.2980E-31  0.3420E-19  0.2710E-12  0.3500E-10  0.1630E-09  0.3380E-09  0.6680E-09  0.1090E-08  0.1500E-08  0.1720E-08  0.1760E-08
  0.1000E+16  0.1000E-73  0.1000E-73  0.1000E-73  0.2740E-31  0.3180E-19  0.2400E-12  0.2240E-10  0.7910E-10  0.1350E-09  0.2100E-09  0.2750E-09  0.3180E-09  0.3360E-09  0.3410E-09
  0.1000E+17  0.1000E-73  0.1000E-73  0.1000E-73  0.8550E-32  0.9770E-20  0.7120E-13  0.5680E-11  0.1640E-10  0.2400E-10  0.3070E-10  0.3370E-10  0.3380E-10  0.3330E-10  0.3310E-10
WAVELENGTH(A)= 
  2529.090
 7 14 t 
excit   
     0.017      0.026      0.043      0.086      0.172      0.431      0.862      1.290      1.720      2.590      4.310      8.620     17.200     25.900 
  0.1000E+11  0.1000E-73  0.1000E-73  0.1000E-73  0.1300E-34  0.1460E-20  0.2130E-12  0.8390E-10  0.5860E-09  0.1550E-08  0.4160E-08  0.8990E-08  0.1550E-07  0.1960E-07  0.2060E-07
  0.1000E+12  0.1000E-73  0.1000E-73  0.1000E-73  0.1360E-34  0.1530E-20  0.2160E-12  0.8400E-10  0.5830E-09  0.1530E-08  0.4050E-08  0.8650E-08  0.1480E-07  0.1850E-07  0.1930E-07
  0.1000E+13  0.1000E-73  0.1000E-73  0.1000E-73  0.1380E-34  0.1550E-20  0.2180E-12  0.8440E-10  0.5710E-09  0.1470E-08  0.3770E-08  0.7910E-08  0.1340E-07  0.1690E-07  0.1770E-07
  0.1000E+14  0.1000E-73  0.1000E-73  0.1000E-73  0.1410E-34  0.1590E-20  0.2110E-12  0.7170E-10  0.4460E-09  0.1080E-08  0.2630E-08  0.5290E-08  0.8820E-08  0.1110E-07  0.1190E-07
  0.1000E+15  0.1000E-73  0.1000E-73  0.1000E-73  0.1570E-34  0.1780E-20  0.2090E-12  0.5550E-10  0.3030E-09  0.6770E-09  0.1470E-08  0.2640E-08  0.3960E-08  0.4760E-08  0.4990E-08
  0.1000E+16  0.1000E-73  0.1000E-73  0.1000E-73  0.1620E-34  0.1840E-20  0.2040E-12  0.4210E-10  0.1860E-09  0.3550E-09  0.6260E-09  0.9090E-09  0.1140E-08  0.1240E-08  0.1270E-08
  0.1000E+17  0.1000E-73  0.1000E-73  0.1000E-73  0.4850E-35  0.5460E-21  0.6140E-13  0.1200E-10  0.4610E-10  0.7820E-10  0.1160E-09  0.1440E-09  0.1580E-09  0.1620E-09  0.1630E-09
WAVELENGTH(A)= 
  2533.490
 7 14 t 
excit   
     0.017      0.026      0.043      0.086      0.172      0.431      0.862      1.290      1.720      2.590      4.310      8.620     17.200     25.900 
  0.1000E+11  0.1000E-73  0.1000E-73  0.1000E-73  0.4280E-33  0.4500E-20  0.1640E-12  0.4900E-10  0.3230E-09  0.8160E-09  0.2020E-08  0.4060E-08  0.6570E-08  0.7940E-08  0.8210E-08
  0.1000E+12  0.1000E-73  0.1000E-73  0.1000E-73  0.4740E-33  0.4920E-20  0.1690E-12  0.4840E-10  0.3150E-09  0.7900E-09  0.1940E-08  0.3840E-08  0.6140E-08  0.7360E-08  0.7570E-08
  0.1000E+13  0.1000E-73  0.1000E-73  0.1000E-73  0.4890E-33  0.5100E-20  0.1690E-12  0.4610E-10  0.2920E-09  0.7220E-09  0.1750E-08  0.3440E-08  0.5500E-08  0.6640E-08  0.6870E-08
  0.1000E+14  0.1000E-73  0.1000E-73  0.1000E-73  0.5050E-33  0.5320E-20  0.1630E-12  0.3720E-10  0.2150E-09  0.5070E-09  0.1170E-08  0.2240E-08  0.3540E-08  0.4330E-08  0.4540E-08
  0.1000E+15  0.1000E-73  0.1000E-73  0.1000E-73  0.5780E-33  0.6230E-20  0.1720E-12  0.2960E-10  0.1460E-09  0.3100E-09  0.6330E-09  0.1070E-08  0.1530E-08  0.1790E-08  0.1850E-08
  0.1000E+16  0.1000E-73  0.1000E-73  0.1000E-73  0.5760E-33  0.6250E-20  0.1680E-12  0.2150E-10  0.8140E-10  0.1440E-09  0.2340E-09  0.3180E-09  0.3780E-09  0.4040E-09  0.4110E-09
  0.1000E+17  0.1000E-73  0.1000E-73  0.1000E-73  0.1500E-33  0.1590E-20  0.4340E-13  0.5250E-11  0.1730E-10  0.2710E-10  0.3720E-10  0.4310E-10  0.4500E-10  0.4520E-10  0.4510E-10
WAVELENGTH(A)= 
  2549.550
 7 14 t 
excit   
     0.017      0.026      0.043      0.086      0.172      0.431      0.862      1.290      1.720      2.590      4.310      8.620     17.200     25.900 
  0.1000E+11  0.1000E-73  0.1000E-73  0.1000E-73  0.4830E-44  0.1520E-25  0.5560E-15  0.1400E-11  0.2130E-10  0.8720E-10  0.3670E-09  0.1170E-08  0.2800E-08  0.4280E-08  0.4830E-08
  0.1000E+12  0.1000E-73  0.1000E-73  0.1000E-73  0.1220E-43  0.4100E-25  0.1440E-14  0.2150E-11  0.2740E-10  0.1050E-09  0.4190E-09  0.1300E-08  0.3040E-08  0.4610E-08  0.5200E-08
  0.1000E+13  0.1000E-73  0.1000E-73  0.1000E-73  0.1410E-43  0.5010E-25  0.1790E-14  0.2350E-11  0.2840E-10  0.1050E-09  0.4060E-09  0.1230E-08  0.2860E-08  0.4350E-08  0.4930E-08
  0.1000E+14  0.1000E-73  0.1000E-73  0.1000E-73  0.1510E-43  0.5770E-25  0.2010E-14  0.2330E-11  0.2530E-10  0.8690E-10  0.3100E-09  0.8830E-09  0.1980E-08  0.3000E-08  0.3420E-08
  0.1000E+15  0.1000E-73  0.1000E-73  0.1000E-73  0.1570E-43  0.6480E-25  0.2660E-14  0.3240E-11  0.3080E-10  0.9400E-10  0.2850E-09  0.6790E-09  0.1280E-08  0.1730E-08  0.1890E-08
  0.1000E+16  0.1000E-73  0.1000E-73  0.1000E-73  0.1390E-43  0.5870E-25  0.3380E-14  0.4850E-11  0.4060E-10  0.1090E-09  0.2700E-09  0.5210E-09  0.8040E-09  0.9610E-09  0.9990E-09
  0.1000E+17  0.1000E-73  0.1000E-73  0.1000E-73  0.5430E-44  0.2280E-25  0.1430E-14  0.2250E-11  0.1740E-10  0.4200E-10  0.8920E-10  0.1470E-09  0.1990E-09  0.2250E-09  0.2330E-09
WAVELENGTH(A)= 
  2559.320
 7 14 t 
excit   
     0.017      0.026      0.043      0.086      0.172      0.431      0.862      1.290      1.720      2.590      4.310      8.620     17.200     25.900 
  0.1000E+11  0.1000E-73  0.1000E-73  0.1000E-73  0.1390E-41  0.3230E-24  0.2280E-14  0.3150E-11  0.4270E-10  0.1680E-09  0.6700E-09  0.2020E-08  0.4590E-08  0.6730E-08  0.7500E-08
  0.1000E+12  0.1000E-73  0.1000E-73  0.1000E-73  0.2360E-41  0.6330E-24  0.4860E-14  0.4450E-11  0.5290E-10  0.1970E-09  0.7560E-09  0.2220E-08  0.4950E-08  0.7210E-08  0.8040E-08
  0.1000E+13  0.1000E-73  0.1000E-73  0.1000E-73  0.2580E-41  0.7400E-24  0.5860E-14  0.4880E-11  0.5490E-10  0.1970E-09  0.7300E-09  0.2100E-08  0.4650E-08  0.6800E-08  0.7610E-08
  0.1000E+14  0.1000E-73  0.1000E-73  0.1000E-73  0.2770E-41  0.8570E-24  0.6500E-14  0.4930E-11  0.5000E-10  0.1660E-09  0.5620E-09  0.1510E-08  0.3210E-08  0.4670E-08  0.5270E-08
  0.1000E+15  0.1000E-73  0.1000E-73  0.1000E-73  0.2930E-41  0.9720E-24  0.8670E-14  0.7030E-11  0.6170E-10  0.1800E-09  0.5120E-09  0.1150E-08  0.2050E-08  0.2660E-08  0.2870E-08
  0.1000E+16  0.1000E-73  0.1000E-73  0.1000E-73  0.2580E-41  0.8760E-24  0.1100E-13  0.9860E-11  0.7270E-10  0.1820E-09  0.4240E-09  0.7710E-09  0.1140E-08  0.1330E-08  0.1370E-08
  0.1000E+17  0.1000E-73  0.1000E-73  0.1000E-73  0.9410E-42  0.3180E-24  0.4380E-14  0.4160E-11  0.2740E-10  0.6110E-10  0.1200E-09  0.1840E-09  0.2380E-09  0.2640E-09  0.2720E-09
WAVELENGTH(A)= 
  2571.940
 7 14 t 
excit   
     0.017      0.026      0.043      0.086      0.172      0.431      0.862      1.290      1.720      2.590      4.310      8.620     17.200     25.900 
  0.1000E+11  0.1000E-73  0.1000E-73  0.1000E-73  0.2690E-39  0.3540E-23  0.5140E-14  0.5140E-11  0.5910E-10  0.2030E-09  0.7010E-09  0.1850E-08  0.3770E-08  0.5210E-08  0.5670E-08
  0.1000E+12  0.1000E-73  0.1000E-73  0.1000E-73  0.4220E-39  0.5800E-23  0.8320E-14  0.6070E-11  0.6490E-10  0.2180E-09  0.7330E-09  0.1910E-08  0.3840E-08  0.5280E-08  0.5740E-08
  0.1000E+13  0.1000E-73  0.1000E-73  0.1000E-73  0.4530E-39  0.6560E-23  0.9600E-14  0.6330E-11  0.6490E-10  0.2120E-09  0.6940E-09  0.1780E-08  0.3560E-08  0.4900E-08  0.5350E-08
  0.1000E+14  0.1000E-73  0.1000E-73  0.1000E-73  0.4720E-39  0.7380E-23  0.1070E-13  0.6070E-11  0.5550E-10  0.1690E-09  0.5160E-09  0.1250E-08  0.2420E-08  0.3330E-08  0.3670E-08
  0.1000E+15  0.1000E-73  0.1000E-73  0.1000E-73  0.5030E-39  0.8490E-23  0.1410E-13  0.7600E-11  0.5900E-10  0.1590E-09  0.4130E-09  0.8500E-09  0.1410E-08  0.1760E-08  0.1860E-08
  0.1000E+16  0.1000E-73  0.1000E-73  0.1000E-73  0.4910E-39  0.8470E-23  0.1810E-13  0.9490E-11  0.5890E-10  0.1340E-09  0.2790E-09  0.4620E-09  0.6320E-09  0.7120E-09  0.7300E-09
  0.1000E+17  0.1000E-73  0.1000E-73  0.1000E-73  0.1600E-39  0.2740E-23  0.6270E-14  0.3290E-11  0.1780E-10  0.3570E-10  0.6290E-10  0.8890E-10  0.1080E-09  0.1160E-09  0.1180E-09
WAVELENGTH(A)= 
  2574.430
 7 14 t 
excit   
     0.017      0.026      0.043      0.086      0.172      0.431      0.862      1.290      1.720      2.590      4.310      8.620     17.200     25.900 
  0.1000E+11  0.1000E-73  0.1000E-73  0.1000E-73  0.8390E-32  0.1640E-19  0.2220E-12  0.5150E-10  0.3190E-09  0.7750E-09  0.1820E-08  0.3480E-08  0.5380E-08  0.6330E-08  0.6450E-08
  0.1000E+12  0.1000E-73  0.1000E-73  0.1000E-73  0.9050E-32  0.1750E-19  0.2260E-12  0.5010E-10  0.3070E-09  0.7390E-09  0.1720E-08  0.3260E-08  0.4980E-08  0.5810E-08  0.5890E-08
  0.1000E+13  0.1000E-73  0.1000E-73  0.1000E-73  0.9350E-32  0.1810E-19  0.2240E-12  0.4650E-10  0.2770E-09  0.6610E-09  0.1530E-08  0.2890E-08  0.4430E-08  0.5210E-08  0.5310E-08
  0.1000E+14  0.1000E-73  0.1000E-73  0.1000E-73  0.9600E-32  0.1880E-19  0.2140E-12  0.3680E-10  0.1990E-09  0.4540E-09  0.1010E-08  0.1860E-08  0.2830E-08  0.3370E-08  0.3490E-08
  0.1000E+15  0.1000E-73  0.1000E-73  0.1000E-73  0.1060E-31  0.2110E-19  0.2170E-12  0.2840E-10  0.1300E-09  0.2680E-09  0.5260E-09  0.8600E-09  0.1190E-08  0.1360E-08  0.1390E-08
  0.1000E+16  0.1000E-73  0.1000E-73  0.1000E-73  0.9990E-32  0.1980E-19  0.1960E-12  0.1870E-10  0.6530E-10  0.1110E-09  0.1720E-09  0.2250E-09  0.2610E-09  0.2760E-09  0.2800E-09
  0.1000E+17  0.1000E-73  0.1000E-73  0.1000E-73  0.2600E-32  0.5090E-20  0.5040E-13  0.4400E-11  0.1300E-10  0.1930E-10  0.2510E-10  0.2780E-10  0.2820E-10  0.2790E-10  0.2770E-10
WAVELENGTH(A)= 
  2578.320
 7 14 t 
excit   
     0.017      0.026      0.043      0.086      0.172      0.431      0.862      1.290      1.720      2.590      4.310      8.620     17.200     25.900 
  0.1000E+11  0.1000E-73  0.1000E-73  0.1000E-73  0.3590E-41  0.6730E-24  0.4150E-14  0.5250E-11  0.7040E-10  0.2770E-09  0.1110E-08  0.3340E-08  0.7530E-08  0.1100E-07  0.1230E-07
  0.1000E+12  0.1000E-73  0.1000E-73  0.1000E-73  0.5880E-41  0.1280E-23  0.8740E-14  0.7460E-11  0.8770E-10  0.3270E-09  0.1250E-08  0.3680E-08  0.8140E-08  0.1190E-07  0.1320E-07
  0.1000E+13  0.1000E-73  0.1000E-73  0.1000E-73  0.6410E-41  0.1500E-23  0.1050E-13  0.8200E-11  0.9120E-10  0.3280E-09  0.1210E-08  0.3480E-08  0.7650E-08  0.1120E-07  0.1250E-07
  0.1000E+14  0.1000E-73  0.1000E-73  0.1000E-73  0.6900E-41  0.1730E-23  0.1160E-13  0.8310E-11  0.8330E-10  0.2760E-09  0.9330E-09  0.2500E-08  0.5280E-08  0.7690E-08  0.8640E-08
  0.1000E+15  0.1000E-73  0.1000E-73  0.1000E-73  0.7250E-41  0.1960E-23  0.1540E-13  0.1190E-10  0.1030E-09  0.3000E-09  0.8500E-09  0.1900E-08  0.3360E-08  0.4380E-08  0.4710E-08
  0.1000E+16  0.1000E-73  0.1000E-73  0.1000E-73  0.6240E-41  0.1720E-23  0.1920E-13  0.1640E-10  0.1200E-09  0.2990E-09  0.6930E-09  0.1260E-08  0.1850E-08  0.2160E-08  0.2240E-08
  0.1000E+17  0.1000E-73  0.1000E-73  0.1000E-73  0.2270E-41  0.6240E-24  0.7610E-14  0.6950E-11  0.4530E-10  0.1000E-09  0.1950E-09  0.2990E-09  0.3860E-09  0.4270E-09  0.4390E-09
WAVELENGTH(A)= 
  2579.210
 7 14 t 
excit   
     0.017      0.026      0.043      0.086      0.172      0.431      0.862      1.290      1.720      2.590      4.310      8.620     17.200     25.900 
  0.1000E+11  0.1000E-73  0.1000E-73  0.1000E-73  0.1170E-40  0.8610E-24  0.3190E-14  0.4130E-11  0.5320E-10  0.1980E-09  0.7420E-09  0.2130E-08  0.4620E-08  0.6630E-08  0.7310E-08
  0.1000E+12  0.1000E-73  0.1000E-73  0.1000E-73  0.2110E-40  0.1720E-23  0.6640E-14  0.5520E-11  0.6310E-10  0.2250E-09  0.8160E-09  0.2290E-08  0.4890E-08  0.6990E-08  0.7690E-08
  0.1000E+13  0.1000E-73  0.1000E-73  0.1000E-73  0.2320E-40  0.2020E-23  0.7980E-14  0.5950E-11  0.6450E-10  0.2230E-09  0.7820E-09  0.2150E-08  0.4570E-08  0.6550E-08  0.7250E-08
  0.1000E+14  0.1000E-73  0.1000E-73  0.1000E-73  0.2480E-40  0.2330E-23  0.8950E-14  0.5940E-11  0.5780E-10  0.1850E-09  0.5970E-09  0.1540E-08  0.3150E-08  0.4500E-08  0.5010E-08
  0.1000E+15  0.1000E-73  0.1000E-73  0.1000E-73  0.2610E-40  0.2650E-23  0.1200E-13  0.8150E-11  0.6800E-10  0.1920E-09  0.5240E-09  0.1130E-08  0.1960E-08  0.2510E-08  0.2680E-08
  0.1000E+16  0.1000E-73  0.1000E-73  0.1000E-73  0.2350E-40  0.2430E-23  0.1510E-13  0.1090E-10  0.7530E-10  0.1820E-09  0.4050E-09  0.7100E-09  0.1020E-08  0.1170E-08  0.1200E-08
  0.1000E+17  0.1000E-73  0.1000E-73  0.1000E-73  0.8110E-41  0.8360E-24  0.5640E-14  0.4230E-11  0.2580E-10  0.5510E-10  0.1040E-09  0.1540E-09  0.1940E-09  0.2130E-09  0.2180E-09
WAVELENGTH(A)= 
  2587.020
 7 14 t 
excit   
     0.017      0.026      0.043      0.086      0.172      0.431      0.862      1.290      1.720      2.590      4.310      8.620     17.200     25.900 
  0.1000E+11  0.1000E-73  0.1000E-73  0.1000E-73  0.2860E-39  0.3180E-23  0.3980E-14  0.3780E-11  0.4360E-10  0.1500E-09  0.5130E-09  0.1360E-08  0.2750E-08  0.3790E-08  0.4120E-08
  0.1000E+12  0.1000E-73  0.1000E-73  0.1000E-73  0.4780E-39  0.5580E-23  0.6990E-14  0.4620E-11  0.4870E-10  0.1620E-09  0.5420E-09  0.1410E-08  0.2820E-08  0.3870E-08  0.4200E-08
  0.1000E+13  0.1000E-73  0.1000E-73  0.1000E-73  0.5200E-39  0.6400E-23  0.8210E-14  0.4860E-11  0.4880E-10  0.1580E-09  0.5140E-09  0.1310E-08  0.2620E-08  0.3600E-08  0.3920E-08
  0.1000E+14  0.1000E-73  0.1000E-73  0.1000E-73  0.5470E-39  0.7270E-23  0.9280E-14  0.4720E-11  0.4210E-10  0.1270E-09  0.3840E-09  0.9270E-09  0.1790E-08  0.2460E-08  0.2700E-08
  0.1000E+15  0.1000E-73  0.1000E-73  0.1000E-73  0.5930E-39  0.8520E-23  0.1260E-13  0.6210E-11  0.4670E-10  0.1240E-09  0.3170E-09  0.6460E-09  0.1060E-08  0.1310E-08  0.1390E-08
  0.1000E+16  0.1000E-73  0.1000E-73  0.1000E-73  0.5670E-39  0.8290E-23  0.1580E-13  0.7810E-11  0.4710E-10  0.1060E-09  0.2170E-09  0.3550E-09  0.4820E-09  0.5390E-09  0.5510E-09
  0.1000E+17  0.1000E-73  0.1000E-73  0.1000E-73  0.1670E-39  0.2430E-23  0.5010E-14  0.2530E-11  0.1350E-10  0.2680E-10  0.4690E-10  0.6590E-10  0.7950E-10  0.8530E-10  0.8690E-10
WAVELENGTH(A)= 
  2588.070
 7 14 t 
excit   
     0.017      0.026      0.043      0.086      0.172      0.431      0.862      1.290      1.720      2.590      4.310      8.620     17.200     25.900 
  0.1000E+11  0.1000E-73  0.1000E-73  0.1000E-73  0.5790E-45  0.5930E-26  0.4350E-15  0.1110E-11  0.1680E-10  0.6990E-10  0.3060E-09  0.1020E-08  0.2540E-08  0.3950E-08  0.4510E-08
  0.1000E+12  0.1000E-73  0.1000E-73  0.1000E-73  0.1380E-44  0.1610E-25  0.1170E-14  0.1810E-11  0.2310E-10  0.8970E-10  0.3700E-09  0.1180E-08  0.2880E-08  0.4440E-08  0.5060E-08
  0.1000E+13  0.1000E-73  0.1000E-73  0.1000E-73  0.1580E-44  0.1970E-25  0.1450E-14  0.2040E-11  0.2460E-10  0.9200E-10  0.3650E-09  0.1140E-08  0.2740E-08  0.4240E-08  0.4860E-08
  0.1000E+14  0.1000E-73  0.1000E-73  0.1000E-73  0.1710E-44  0.2280E-25  0.1610E-14  0.2070E-11  0.2250E-10  0.7790E-10  0.2840E-09  0.8300E-09  0.1920E-08  0.2940E-08  0.3390E-08
  0.1000E+15  0.1000E-73  0.1000E-73  0.1000E-73  0.1790E-44  0.2560E-25  0.2150E-14  0.3040E-11  0.2950E-10  0.9080E-10  0.2790E-09  0.6780E-09  0.1300E-08  0.1770E-08  0.1940E-08
  0.1000E+16  0.1000E-73  0.1000E-73  0.1000E-73  0.1520E-44  0.2220E-25  0.2680E-14  0.4700E-11  0.4150E-10  0.1140E-09  0.2920E-09  0.5780E-09  0.9100E-09  0.1090E-08  0.1140E-08
  0.1000E+17  0.1000E-73  0.1000E-73  0.1000E-73  0.5530E-45  0.8120E-26  0.1080E-14  0.2150E-11  0.1800E-10  0.4510E-10  0.9990E-10  0.1700E-09  0.2360E-09  0.2700E-09  0.2800E-09
WAVELENGTH(A)= 
  2598.280
 7 14 t 
excit   
     0.017      0.026      0.043      0.086      0.172      0.431      0.862      1.290      1.720      2.590      4.310      8.620     17.200     25.900 
  0.1000E+11  0.1000E-73  0.1000E-73  0.1000E-73  0.2690E-40  0.1570E-23  0.4880E-14  0.5770E-11  0.7320E-10  0.2720E-09  0.1020E-08  0.2930E-08  0.6360E-08  0.9140E-08  0.1000E-07
  0.1000E+12  0.1000E-73  0.1000E-73  0.1000E-73  0.4570E-40  0.3030E-23  0.1020E-13  0.7810E-11  0.8790E-10  0.3130E-09  0.1140E-08  0.3170E-08  0.6780E-08  0.9690E-08  0.1060E-07
  0.1000E+13  0.1000E-73  0.1000E-73  0.1000E-73  0.4990E-40  0.3530E-23  0.1220E-13  0.8460E-11  0.9030E-10  0.3110E-09  0.1090E-08  0.2990E-08  0.6340E-08  0.9100E-08  0.1000E-07
  0.1000E+14  0.1000E-73  0.1000E-73  0.1000E-73  0.5320E-40  0.4070E-23  0.1360E-13  0.8500E-11  0.8160E-10  0.2600E-09  0.8370E-09  0.2150E-08  0.4380E-08  0.6250E-08  0.6940E-08
  0.1000E+15  0.1000E-73  0.1000E-73  0.1000E-73  0.5550E-40  0.4580E-23  0.1800E-13  0.1170E-10  0.9700E-10  0.2720E-09  0.7400E-09  0.1590E-08  0.2730E-08  0.3500E-08  0.3720E-08
  0.1000E+16  0.1000E-73  0.1000E-73  0.1000E-73  0.4770E-40  0.4020E-23  0.2210E-13  0.1540E-10  0.1050E-09  0.2530E-09  0.5620E-09  0.9850E-09  0.1410E-08  0.1620E-08  0.1670E-08
  0.1000E+17  0.1000E-73  0.1000E-73  0.1000E-73  0.1650E-40  0.1390E-23  0.8280E-14  0.5990E-11  0.3610E-10  0.7670E-10  0.1440E-09  0.2130E-09  0.2680E-09  0.2930E-09  0.3010E-09
WAVELENGTH(A)= 
  2601.060
 7 14 t 
excit   
     0.017      0.026      0.043      0.086      0.172      0.431      0.862      1.290      1.720      2.590      4.310      8.620     17.200     25.900 
  0.1000E+11  0.1000E-73  0.1000E-73  0.1000E-73  0.8100E-46  0.1770E-26  0.2470E-15  0.6770E-12  0.1120E-10  0.5010E-10  0.2360E-09  0.8390E-09  0.2190E-08  0.3490E-08  0.4020E-08
  0.1000E+12  0.1000E-73  0.1000E-73  0.1000E-73  0.1630E-45  0.5730E-26  0.7460E-15  0.1190E-11  0.1620E-10  0.6750E-10  0.2990E-09  0.1010E-08  0.2570E-08  0.4050E-08  0.4660E-08
  0.1000E+13  0.1000E-73  0.1000E-73  0.1000E-73  0.1920E-45  0.7150E-26  0.9470E-15  0.1370E-11  0.1780E-10  0.7070E-10  0.3000E-09  0.9900E-09  0.2480E-08  0.3910E-08  0.4520E-08
  0.1000E+14  0.1000E-73  0.1000E-73  0.1000E-73  0.2070E-45  0.8290E-26  0.1060E-14  0.1420E-11  0.1650E-10  0.6080E-10  0.2360E-09  0.7280E-09  0.1740E-08  0.2730E-08  0.3170E-08
  0.1000E+15  0.1000E-73  0.1000E-73  0.1000E-73  0.2160E-45  0.9320E-26  0.1450E-14  0.2240E-11  0.2320E-10  0.7500E-10  0.2430E-09  0.6180E-09  0.1220E-08  0.1680E-08  0.1860E-08
  0.1000E+16  0.1000E-73  0.1000E-73  0.1000E-73  0.1830E-45  0.8150E-26  0.1890E-14  0.3900E-11  0.3690E-10  0.1050E-09  0.2820E-09  0.5780E-09  0.9280E-09  0.1120E-08  0.1170E-08
  0.1000E+17  0.1000E-73  0.1000E-73  0.1000E-73  0.6730E-46  0.2990E-26  0.7710E-15  0.1900E-11  0.1710E-10  0.4460E-10  0.1030E-09  0.1800E-09  0.2550E-09  0.2950E-09  0.3070E-09
WAVELENGTH(A)= 
  2615.400
 7 14 t 
excit   
     0.017      0.026      0.043      0.086      0.172      0.431      0.862      1.290      1.720      2.590      4.310      8.620     17.200     25.900 
  0.1000E+11  0.1000E-73  0.1000E-73  0.1000E-73  0.9360E-39  0.7560E-23  0.7780E-14  0.6800E-11  0.7700E-10  0.2630E-09  0.8970E-09  0.2350E-08  0.4750E-08  0.6520E-08  0.7080E-08
  0.1000E+12  0.1000E-73  0.1000E-73  0.1000E-73  0.1540E-38  0.1320E-22  0.1370E-13  0.8330E-11  0.8640E-10  0.2860E-09  0.9510E-09  0.2450E-08  0.4890E-08  0.6680E-08  0.7240E-08
  0.1000E+13  0.1000E-73  0.1000E-73  0.1000E-73  0.1670E-38  0.1510E-22  0.1600E-13  0.8790E-11  0.8680E-10  0.2800E-09  0.9040E-09  0.2290E-08  0.4540E-08  0.6230E-08  0.6780E-08
  0.1000E+14  0.1000E-73  0.1000E-73  0.1000E-73  0.1750E-38  0.1710E-22  0.1800E-13  0.8550E-11  0.7530E-10  0.2260E-09  0.6760E-09  0.1620E-08  0.3100E-08  0.4250E-08  0.4660E-08
  0.1000E+15  0.1000E-73  0.1000E-73  0.1000E-73  0.1830E-38  0.1930E-22  0.2350E-13  0.1100E-10  0.8210E-10  0.2170E-09  0.5530E-09  0.1120E-08  0.1830E-08  0.2260E-08  0.2390E-08
  0.1000E+16  0.1000E-73  0.1000E-73  0.1000E-73  0.1580E-38  0.1710E-22  0.2770E-13  0.1310E-10  0.7930E-10  0.1780E-09  0.3660E-09  0.6000E-09  0.8150E-09  0.9150E-09  0.9370E-09
  0.1000E+17  0.1000E-73  0.1000E-73  0.1000E-73  0.4940E-39  0.5320E-23  0.9220E-14  0.4410E-11  0.2320E-10  0.4580E-10  0.7960E-10  0.1110E-09  0.1340E-09  0.1430E-09  0.1460E-09
WAVELENGTH(A)= 
  2625.880
 7 14 t 
excit   
     0.017      0.026      0.043      0.086      0.172      0.431      0.862      1.290      1.720      2.590      4.310      8.620     17.200     25.900 
  0.1000E+11  0.1000E-73  0.1000E-73  0.1000E-73  0.1720E-31  0.1970E-19  0.2070E-12  0.4870E-10  0.3040E-09  0.7350E-09  0.1700E-08  0.3190E-08  0.4830E-08  0.5640E-08  0.5720E-08
  0.1000E+12  0.1000E-73  0.1000E-73  0.1000E-73  0.1790E-31  0.2050E-19  0.2080E-12  0.4670E-10  0.2890E-09  0.6930E-09  0.1590E-08  0.2960E-08  0.4440E-08  0.5120E-08  0.5170E-08
  0.1000E+13  0.1000E-73  0.1000E-73  0.1000E-73  0.1850E-31  0.2110E-19  0.2050E-12  0.4240E-10  0.2550E-09  0.6070E-09  0.1400E-08  0.2600E-08  0.3920E-08  0.4570E-08  0.4640E-08
  0.1000E+14  0.1000E-73  0.1000E-73  0.1000E-73  0.1910E-31  0.2180E-19  0.1920E-12  0.3250E-10  0.1770E-09  0.4060E-09  0.9010E-09  0.1640E-08  0.2480E-08  0.2940E-08  0.3030E-08
  0.1000E+15  0.1000E-73  0.1000E-73  0.1000E-73  0.2010E-31  0.2310E-19  0.1830E-12  0.2360E-10  0.1100E-09  0.2280E-09  0.4500E-09  0.7360E-09  0.1010E-08  0.1160E-08  0.1190E-08
  0.1000E+16  0.1000E-73  0.1000E-73  0.1000E-73  0.1840E-31  0.2140E-19  0.1620E-12  0.1510E-10  0.5330E-10  0.9100E-10  0.1420E-09  0.1850E-09  0.2140E-09  0.2270E-09  0.2300E-09
  0.1000E+17  0.1000E-73  0.1000E-73  0.1000E-73  0.5770E-32  0.6590E-20  0.4800E-13  0.3830E-11  0.1100E-10  0.1620E-10  0.2070E-10  0.2270E-10  0.2280E-10  0.2240E-10  0.2230E-10
WAVELENGTH(A)= 
  2628.340
 7 14 t 
excit   
     0.017      0.026      0.043      0.086      0.172      0.431      0.862      1.290      1.720      2.590      4.310      8.620     17.200     25.900 
  0.1000E+11  0.1000E-73  0.1000E-73  0.1000E-73  0.9090E-46  0.3210E-26  0.3750E-15  0.9350E-12  0.1510E-10  0.6760E-10  0.3180E-09  0.1130E-08  0.2930E-08  0.4660E-08  0.5350E-08
  0.1000E+12  0.1000E-73  0.1000E-73  0.1000E-73  0.4020E-45  0.1070E-25  0.1160E-14  0.1670E-11  0.2230E-10  0.9230E-10  0.4070E-09  0.1380E-08  0.3480E-08  0.5450E-08  0.6250E-08
  0.1000E+13  0.1000E-73  0.1000E-73  0.1000E-73  0.4800E-45  0.1350E-25  0.1480E-14  0.1950E-11  0.2460E-10  0.9720E-10  0.4100E-09  0.1350E-08  0.3360E-08  0.5280E-08  0.6080E-08
  0.1000E+14  0.1000E-73  0.1000E-73  0.1000E-73  0.5180E-45  0.1560E-25  0.1660E-14  0.2010E-11  0.2290E-10  0.8390E-10  0.3240E-09  0.9930E-09  0.2370E-08  0.3690E-08  0.4270E-08
  0.1000E+15  0.1000E-73  0.1000E-73  0.1000E-73  0.5380E-45  0.1750E-25  0.2260E-14  0.3220E-11  0.3250E-10  0.1040E-09  0.3340E-09  0.8450E-09  0.1660E-08  0.2280E-08  0.2500E-08
  0.1000E+16  0.1000E-73  0.1000E-73  0.1000E-73  0.4470E-45  0.1490E-25  0.2880E-14  0.5550E-11  0.5140E-10  0.1460E-09  0.3850E-09  0.7850E-09  0.1250E-08  0.1510E-08  0.1570E-08
  0.1000E+17  0.1000E-73  0.1000E-73  0.1000E-73  0.1580E-45  0.5250E-26  0.1130E-14  0.2630E-11  0.2320E-10  0.5990E-10  0.1360E-09  0.2370E-09  0.3350E-09  0.3870E-09  0.4030E-09
WAVELENGTH(A)= 
  2693.820
 7 14 t 
excit   
     0.017      0.026      0.043      0.086      0.172      0.431      0.862      1.290      1.720      2.590      4.310      8.620     17.200     25.900 
  0.1000E+11  0.1000E-73  0.1000E-73  0.1000E-73  0.6910E-32  0.1350E-19  0.1830E-12  0.4240E-10  0.2630E-09  0.6380E-09  0.1500E-08  0.2870E-08  0.4430E-08  0.5220E-08  0.5310E-08
  0.1000E+12  0.1000E-73  0.1000E-73  0.1000E-73  0.7450E-32  0.1440E-19  0.1860E-12  0.4120E-10  0.2530E-09  0.6090E-09  0.1420E-08  0.2680E-08  0.4100E-08  0.4780E-08  0.4850E-08
  0.1000E+13  0.1000E-73  0.1000E-73  0.1000E-73  0.7700E-32  0.1490E-19  0.1850E-12  0.3830E-10  0.2280E-09  0.5450E-09  0.1260E-08  0.2380E-08  0.3650E-08  0.4290E-08  0.4370E-08
  0.1000E+14  0.1000E-73  0.1000E-73  0.1000E-73  0.7910E-32  0.1540E-19  0.1760E-12  0.3030E-10  0.1640E-09  0.3740E-09  0.8330E-09  0.1530E-08  0.2330E-08  0.2780E-08  0.2880E-08
  0.1000E+15  0.1000E-73  0.1000E-73  0.1000E-73  0.8750E-32  0.1740E-19  0.1790E-12  0.2340E-10  0.1070E-09  0.2210E-09  0.4330E-09  0.7080E-09  0.9790E-09  0.1120E-08  0.1150E-08
  0.1000E+16  0.1000E-73  0.1000E-73  0.1000E-73  0.8230E-32  0.1630E-19  0.1610E-12  0.1540E-10  0.5380E-10  0.9120E-10  0.1420E-09  0.1850E-09  0.2150E-09  0.2270E-09  0.2300E-09
  0.1000E+17  0.1000E-73  0.1000E-73  0.1000E-73  0.2140E-32  0.4200E-20  0.4150E-13  0.3620E-11  0.1070E-10  0.1590E-10  0.2070E-10  0.2290E-10  0.2320E-10  0.2300E-10  0.2290E-10
WAVELENGTH(A)= 
  3945.190
 7 14 t 
excit   
     0.017      0.026      0.043      0.086      0.172      0.431      0.862      1.290      1.720      2.590      4.310      8.620     17.200     25.900 
  0.1000E+11  0.1000E-73  0.1000E-73  0.4360E-46  0.2140E-26  0.8960E-17  0.2860E-11  0.1450E-09  0.5030E-09  0.9300E-09  0.1690E-08  0.2630E-08  0.3440E-08  0.3660E-08  0.3580E-08
  0.1000E+12  0.1000E-73  0.1000E-73  0.4370E-46  0.2200E-26  0.9190E-17  0.2880E-11  0.1450E-09  0.4980E-09  0.9130E-09  0.1640E-08  0.2520E-08  0.3250E-08  0.3440E-08  0.3340E-08
  0.1000E+13  0.1000E-73  0.1000E-73  0.4450E-46  0.2240E-26  0.9380E-17  0.2920E-11  0.1450E-09  0.4860E-09  0.8700E-09  0.1520E-08  0.2300E-08  0.2950E-08  0.3130E-08  0.3060E-08
  0.1000E+14  0.1000E-73  0.1000E-73  0.4880E-46  0.2460E-26  0.1030E-16  0.3000E-11  0.1280E-09  0.3910E-09  0.6600E-09  0.1090E-08  0.1560E-08  0.1950E-08  0.2070E-08  0.2050E-08
  0.1000E+15  0.1000E-73  0.1000E-73  0.5150E-46  0.2630E-26  0.1110E-16  0.2880E-11  0.9460E-10  0.2490E-09  0.3810E-09  0.5530E-09  0.7050E-09  0.7970E-09  0.8110E-09  0.7960E-09
  0.1000E+16  0.1000E-73  0.1000E-73  0.1980E-46  0.1010E-26  0.4210E-17  0.1040E-11  0.2770E-10  0.6020E-10  0.8000E-10  0.9680E-10  0.1040E-09  0.1040E-09  0.1040E-09  0.1030E-09
  0.1000E+17  0.1000E-73  0.1000E-73  0.2570E-47  0.1310E-27  0.5430E-18  0.1340E-12  0.3410E-11  0.6630E-11  0.7950E-11  0.8360E-11  0.7820E-11  0.6980E-11  0.6510E-11  0.6370E-11
WAVELENGTH(A)= 
  4379.360
 7 14 t 
excit   
     0.017      0.026      0.043      0.086      0.172      0.431      0.862      1.290      1.720      2.590      4.310      8.620     17.200     25.900 
  0.1000E+11  0.1000E-73  0.1000E-73  0.8830E-43  0.1190E-24  0.8040E-16  0.8460E-11  0.2840E-09  0.8500E-09  0.1470E-08  0.2490E-08  0.3670E-08  0.4600E-08  0.4740E-08  0.4590E-08
  0.1000E+12  0.1000E-73  0.1000E-73  0.9270E-43  0.1250E-24  0.8440E-16  0.8600E-11  0.2840E-09  0.8420E-09  0.1440E-08  0.2400E-08  0.3490E-08  0.4300E-08  0.4380E-08  0.4230E-08
  0.1000E+13  0.1000E-73  0.1000E-73  0.9420E-43  0.1270E-24  0.8630E-16  0.8730E-11  0.2850E-09  0.8220E-09  0.1370E-08  0.2220E-08  0.3170E-08  0.3880E-08  0.3960E-08  0.3830E-08
  0.1000E+14  0.1000E-73  0.1000E-73  0.9810E-43  0.1330E-24  0.9080E-16  0.8540E-11  0.2390E-09  0.6250E-09  0.9800E-09  0.1490E-08  0.2030E-08  0.2450E-08  0.2540E-08  0.2490E-08
  0.1000E+15  0.1000E-73  0.1000E-73  0.8140E-43  0.1110E-24  0.7610E-16  0.6300E-11  0.1330E-09  0.2990E-09  0.4260E-09  0.5770E-09  0.7030E-09  0.7840E-09  0.8040E-09  0.8000E-09
  0.1000E+16  0.1000E-73  0.1000E-73  0.2410E-43  0.3300E-25  0.2240E-16  0.1820E-11  0.3240E-10  0.6110E-10  0.7560E-10  0.8530E-10  0.8700E-10  0.8450E-10  0.8300E-10  0.8300E-10
  0.1000E+17  0.1000E-73  0.1000E-73  0.2950E-44  0.4050E-26  0.2750E-17  0.2290E-12  0.4010E-11  0.6870E-11  0.7740E-11  0.7650E-11  0.6810E-11  0.5860E-11  0.5360E-11  0.5220E-11
WAVELENGTH(A)= 
  4396.090
 7 14 t 
excit   
     0.017      0.026      0.043      0.086      0.172      0.431      0.862      1.290      1.720      2.590      4.310      8.620     17.200     25.900 
  0.1000E+11  0.1000E-73  0.1000E-73  0.1480E-36  0.1430E-21  0.2650E-14  0.3460E-10  0.7550E-09  0.2090E-08  0.3360E-08  0.5120E-08  0.6720E-08  0.7580E-08  0.7350E-08  0.6940E-08
  0.1000E+12  0.1000E-73  0.1000E-73  0.1490E-36  0.1470E-21  0.2710E-14  0.3440E-10  0.7280E-09  0.1990E-08  0.3180E-08  0.4810E-08  0.6250E-08  0.6950E-08  0.6670E-08  0.6260E-08
  0.1000E+13  0.1000E-73  0.1000E-73  0.1520E-36  0.1490E-21  0.2760E-14  0.3390E-10  0.6740E-09  0.1790E-08  0.2830E-08  0.4250E-08  0.5510E-08  0.6150E-08  0.5940E-08  0.5610E-08
  0.1000E+14  0.1000E-73  0.1000E-73  0.1570E-36  0.1540E-21  0.2850E-14  0.3230E-10  0.5270E-09  0.1260E-08  0.1890E-08  0.2720E-08  0.3440E-08  0.3820E-08  0.3750E-08  0.3600E-08
  0.1000E+15  0.1000E-73  0.1000E-73  0.1280E-36  0.1270E-21  0.2360E-14  0.2380E-10  0.2960E-09  0.5970E-09  0.8020E-09  0.1020E-08  0.1160E-08  0.1200E-08  0.1170E-08  0.1140E-08
  0.1000E+16  0.1000E-73  0.1000E-73  0.3680E-37  0.3660E-22  0.6700E-15  0.6440E-11  0.6240E-10  0.9940E-10  0.1130E-09  0.1160E-09  0.1100E-09  0.1000E-09  0.9560E-10  0.9500E-10
  0.1000E+17  0.1000E-73  0.1000E-73  0.4440E-38  0.4420E-23  0.8090E-16  0.7760E-12  0.6780E-11  0.9270E-11  0.9320E-11  0.8210E-11  0.6650E-11  0.5340E-11  0.4730E-11  0.4570E-11
WAVELENGTH(A)= 
  4547.210
 7 14 t 
excit   
     0.017      0.026      0.043      0.086      0.172      0.431      0.862      1.290      1.720      2.590      4.310      8.620     17.200     25.900 
  0.1000E+11  0.1000E-73  0.1000E-73  0.8880E-38  0.3470E-22  0.1300E-14  0.2560E-10  0.5870E-09  0.1590E-08  0.2540E-08  0.3910E-08  0.5230E-08  0.6000E-08  0.5860E-08  0.5560E-08
  0.1000E+12  0.1000E-73  0.1000E-73  0.8960E-38  0.3530E-22  0.1320E-14  0.2550E-10  0.5760E-09  0.1550E-08  0.2450E-08  0.3730E-08  0.4920E-08  0.5560E-08  0.5380E-08  0.5090E-08
  0.1000E+13  0.1000E-73  0.1000E-73  0.9090E-38  0.3580E-22  0.1340E-14  0.2530E-10  0.5460E-09  0.1430E-08  0.2240E-08  0.3350E-08  0.4390E-08  0.4970E-08  0.4830E-08  0.4590E-08
  0.1000E+14  0.1000E-73  0.1000E-73  0.9560E-38  0.3770E-22  0.1400E-14  0.2430E-10  0.4350E-09  0.1030E-08  0.1530E-08  0.2180E-08  0.2770E-08  0.3100E-08  0.3060E-08  0.2960E-08
  0.1000E+15  0.1000E-73  0.1000E-73  0.7690E-38  0.3050E-22  0.1130E-14  0.1720E-10  0.2340E-09  0.4700E-09  0.6300E-09  0.7990E-09  0.9130E-09  0.9570E-09  0.9430E-09  0.9250E-09
  0.1000E+16  0.1000E-73  0.1000E-73  0.2060E-38  0.8220E-23  0.3010E-15  0.4370E-11  0.4750E-10  0.7750E-10  0.8910E-10  0.9310E-10  0.8890E-10  0.8200E-10  0.7870E-10  0.7840E-10
  0.1000E+17  0.1000E-73  0.1000E-73  0.2450E-39  0.9780E-24  0.3580E-16  0.5210E-12  0.5200E-11  0.7420E-11  0.7620E-11  0.6850E-11  0.5660E-11  0.4600E-11  0.4100E-11  0.3960E-11
WAVELENGTH(A)= 
  4650.210
 7 14 t 
excit   
     0.017      0.026      0.043      0.086      0.172      0.431      0.862      1.290      1.720      2.590      4.310      8.620     17.200     25.900 
  0.1000E+11  0.1000E-73  0.1000E-73  0.3990E-39  0.8610E-23  0.7520E-15  0.2390E-10  0.5840E-09  0.1590E-08  0.2580E-08  0.4070E-08  0.5580E-08  0.6520E-08  0.6490E-08  0.6190E-08
  0.1000E+12  0.1000E-73  0.1000E-73  0.4030E-39  0.8740E-23  0.7630E-15  0.2390E-10  0.5800E-09  0.1570E-08  0.2520E-08  0.3920E-08  0.5310E-08  0.6130E-08  0.6040E-08  0.5740E-08
  0.1000E+13  0.1000E-73  0.1000E-73  0.4070E-39  0.8850E-23  0.7730E-15  0.2390E-10  0.5650E-09  0.1490E-08  0.2350E-08  0.3580E-08  0.4790E-08  0.5510E-08  0.5460E-08  0.5210E-08
  0.1000E+14  0.1000E-73  0.1000E-73  0.4260E-39  0.9260E-23  0.8060E-15  0.2290E-10  0.4560E-09  0.1090E-08  0.1630E-08  0.2350E-08  0.3030E-08  0.3450E-08  0.3470E-08  0.3360E-08
  0.1000E+15  0.1000E-73  0.1000E-73  0.3310E-39  0.7230E-23  0.6260E-15  0.1570E-10  0.2400E-09  0.4920E-09  0.6660E-09  0.8570E-09  0.9950E-09  0.1060E-08  0.1060E-08  0.1040E-08
  0.1000E+16  0.1000E-73  0.1000E-73  0.8770E-40  0.1930E-23  0.1660E-15  0.3990E-11  0.5000E-10  0.8470E-10  0.9920E-10  0.1060E-09  0.1030E-09  0.9620E-10  0.9300E-10  0.9270E-10
  0.1000E+17  0.1000E-73  0.1000E-73  0.1040E-40  0.2300E-24  0.1980E-16  0.4790E-12  0.5640E-11  0.8480E-11  0.8940E-11  0.8270E-11  0.6970E-11  0.5770E-11  0.5180E-11  0.5020E-11
WAVELENGTH(A)= 
  4673.660
 7 14 t 
excit   
     0.017      0.026      0.043      0.086      0.172      0.431      0.862      1.290      1.720      2.590      4.310      8.620     17.200     25.900 
  0.1000E+11  0.1000E-73  0.1000E-73  0.7740E-41  0.1310E-23  0.3210E-15  0.1850E-10  0.5020E-09  0.1390E-08  0.2300E-08  0.3740E-08  0.5310E-08  0.6410E-08  0.6500E-08  0.6250E-08
  0.1000E+12  0.1000E-73  0.1000E-73  0.7880E-41  0.1340E-23  0.3290E-15  0.1860E-10  0.5020E-09  0.1380E-08  0.2260E-08  0.3630E-08  0.5080E-08  0.6060E-08  0.6100E-08  0.5830E-08
  0.1000E+13  0.1000E-73  0.1000E-73  0.7990E-41  0.1360E-23  0.3340E-15  0.1880E-10  0.5040E-09  0.1350E-08  0.2160E-08  0.3370E-08  0.4630E-08  0.5480E-08  0.5530E-08  0.5310E-08
  0.1000E+14  0.1000E-73  0.1000E-73  0.8400E-41  0.1430E-23  0.3510E-15  0.1830E-10  0.4210E-09  0.1030E-08  0.1550E-08  0.2270E-08  0.2970E-08  0.3460E-08  0.3540E-08  0.3450E-08
  0.1000E+15  0.1000E-73  0.1000E-73  0.6500E-41  0.1120E-23  0.2710E-15  0.1230E-10  0.2180E-09  0.4600E-09  0.6330E-09  0.8300E-09  0.9830E-09  0.1070E-08  0.1080E-08  0.1070E-08
  0.1000E+16  0.1000E-73  0.1000E-73  0.1710E-41  0.2960E-24  0.7140E-16  0.3160E-11  0.4700E-10  0.8360E-10  0.1000E-09  0.1100E-09  0.1100E-09  0.1040E-09  0.1020E-09  0.1020E-09
  0.1000E+17  0.1000E-73  0.1000E-73  0.2040E-42  0.3540E-25  0.8530E-17  0.3840E-12  0.5500E-11  0.8820E-11  0.9610E-11  0.9180E-11  0.7960E-11  0.6720E-11  0.6090E-11  0.5910E-11
WAVELENGTH(A)= 
  4861.190
 7 14 t 
excit   
     0.017      0.026      0.043      0.086      0.172      0.431      0.862      1.290      1.720      2.590      4.310      8.620     17.200     25.900 
  0.1000E+11  0.1000E-73  0.1000E-73  0.5860E-36  0.2970E-21  0.4020E-14  0.4270E-10  0.7910E-09  0.1990E-08  0.3060E-08  0.4530E-08  0.5850E-08  0.6520E-08  0.6290E-08  0.5920E-08
  0.1000E+12  0.1000E-73  0.1000E-73  0.5880E-36  0.3000E-21  0.4060E-14  0.4250E-10  0.7760E-09  0.1930E-08  0.2950E-08  0.4310E-08  0.5500E-08  0.6050E-08  0.5780E-08  0.5410E-08
  0.1000E+13  0.1000E-73  0.1000E-73  0.5940E-36  0.3030E-21  0.4100E-14  0.4210E-10  0.7350E-09  0.1780E-08  0.2680E-08  0.3870E-08  0.4910E-08  0.5390E-08  0.5180E-08  0.4870E-08
  0.1000E+14  0.1000E-73  0.1000E-73  0.6060E-36  0.3090E-21  0.4150E-14  0.3900E-10  0.5680E-09  0.1250E-08  0.1790E-08  0.2470E-08  0.3030E-08  0.3320E-08  0.3250E-08  0.3110E-08
  0.1000E+15  0.1000E-73  0.1000E-73  0.4330E-36  0.2220E-21  0.2940E-14  0.2440E-10  0.2740E-09  0.5160E-09  0.6720E-09  0.8280E-09  0.9250E-09  0.9540E-09  0.9360E-09  0.9160E-09
  0.1000E+16  0.1000E-73  0.1000E-73  0.1030E-36  0.5320E-22  0.7010E-15  0.5530E-11  0.4980E-10  0.7660E-10  0.8560E-10  0.8690E-10  0.8120E-10  0.7370E-10  0.7030E-10  0.6980E-10
  0.1000E+17  0.1000E-73  0.1000E-73  0.1200E-37  0.6190E-23  0.8160E-16  0.6440E-12  0.5260E-11  0.7030E-11  0.6990E-11  0.6080E-11  0.4890E-11  0.3900E-11  0.3450E-11  0.3320E-11
WAVELENGTH(A)= 
  5000.730
 7 14 t 
excit   
     0.017      0.026      0.043      0.086      0.172      0.431      0.862      1.290      1.720      2.590      4.310      8.620     17.200     25.900 
  0.1000E+11  0.1000E-73  0.1000E-73  0.2110E-33  0.3920E-20  0.1010E-13  0.4200E-10  0.6460E-09  0.1580E-08  0.2350E-08  0.3340E-08  0.4120E-08  0.4420E-08  0.4160E-08  0.3890E-08
  0.1000E+12  0.1000E-73  0.1000E-73  0.2080E-33  0.3900E-20  0.1010E-13  0.4130E-10  0.6190E-09  0.1500E-08  0.2220E-08  0.3120E-08  0.3790E-08  0.3980E-08  0.3690E-08  0.3420E-08
  0.1000E+13  0.1000E-73  0.1000E-73  0.2110E-33  0.3970E-20  0.1030E-13  0.4060E-10  0.5670E-09  0.1330E-08  0.1950E-08  0.2730E-08  0.3310E-08  0.3500E-08  0.3260E-08  0.3040E-08
  0.1000E+14  0.1000E-73  0.1000E-73  0.2220E-33  0.4160E-20  0.1070E-13  0.3780E-10  0.4280E-09  0.9030E-09  0.1260E-08  0.1690E-08  0.2010E-08  0.2120E-08  0.2030E-08  0.1920E-08
  0.1000E+15  0.1000E-73  0.2800E-51  0.1590E-33  0.2990E-20  0.7570E-14  0.2340E-10  0.2000E-09  0.3580E-09  0.4530E-09  0.5420E-09  0.5870E-09  0.5880E-09  0.5670E-09  0.5510E-09
  0.1000E+16  0.1000E-73  0.5590E-52  0.3670E-34  0.6970E-21  0.1760E-14  0.5160E-11  0.3460E-10  0.4910E-10  0.5260E-10  0.5120E-10  0.4610E-10  0.4070E-10  0.3830E-10  0.3800E-10
  0.1000E+17  0.1000E-73  0.5590E-53  0.4220E-35  0.8020E-22  0.2030E-15  0.5940E-12  0.3520E-11  0.4240E-11  0.4000E-11  0.3300E-11  0.2550E-11  0.1970E-11  0.1710E-11  0.1640E-11
WAVELENGTH(A)= 
  5015.400
 7 14 t 
excit   
     0.017      0.026      0.043      0.086      0.172      0.431      0.862      1.290      1.720      2.590      4.310      8.620     17.200     25.900 
  0.1000E+11  0.1000E-73  0.1000E-73  0.3790E-39  0.7860E-23  0.6780E-15  0.2110E-10  0.4950E-09  0.1330E-08  0.2140E-08  0.3360E-08  0.4620E-08  0.5420E-08  0.5390E-08  0.5140E-08
  0.1000E+12  0.1000E-73  0.1000E-73  0.3870E-39  0.8080E-23  0.6950E-15  0.2110E-10  0.4920E-09  0.1310E-08  0.2090E-08  0.3240E-08  0.4390E-08  0.5080E-08  0.5000E-08  0.4750E-08
  0.1000E+13  0.1000E-73  0.1000E-73  0.3900E-39  0.8150E-23  0.7020E-15  0.2120E-10  0.4830E-09  0.1250E-08  0.1950E-08  0.2970E-08  0.3960E-08  0.4560E-08  0.4520E-08  0.4300E-08
  0.1000E+14  0.1000E-73  0.1000E-73  0.3900E-39  0.8160E-23  0.7010E-15  0.1980E-10  0.3880E-09  0.9160E-09  0.1360E-08  0.1950E-08  0.2510E-08  0.2860E-08  0.2870E-08  0.2780E-08
  0.1000E+15  0.1000E-73  0.1000E-73  0.2880E-39  0.6070E-23  0.5190E-15  0.1300E-10  0.2000E-09  0.4090E-09  0.5550E-09  0.7160E-09  0.8340E-09  0.8900E-09  0.8880E-09  0.8730E-09
  0.1000E+16  0.1000E-73  0.1000E-73  0.7520E-40  0.1590E-23  0.1350E-15  0.3230E-11  0.4060E-10  0.6890E-10  0.8110E-10  0.8700E-10  0.8500E-10  0.7990E-10  0.7720E-10  0.7690E-10
  0.1000E+17  0.1000E-73  0.1000E-73  0.8940E-41  0.1900E-24  0.1610E-16  0.3860E-12  0.4530E-11  0.6820E-11  0.7200E-11  0.6660E-11  0.5620E-11  0.4660E-11  0.4180E-11  0.4050E-11
