 50  7 14
WAVELENGTH(A)= 
     3.044
 7 14 t 
excit   
    62.000     93.100    155.000    310.000    620.000   1550.000   3100.000   4650.000   6200.000   9310.000  15500.000  31000.000  62000.000  93100.000 
  0.1000E+11  0.1900E-39  0.5020E-30  0.1560E-22  0.5670E-17  0.3000E-14  0.1080E-12  0.3220E-12  0.4480E-12  0.5230E-12  0.6060E-12  0.6730E-12  0.7060E-12  0.6880E-12  0.6590E-12
  0.1000E+12  0.1920E-39  0.5020E-30  0.1560E-22  0.5670E-17  0.3000E-14  0.1080E-12  0.3220E-12  0.4480E-12  0.5230E-12  0.6060E-12  0.6730E-12  0.7060E-12  0.6880E-12  0.6590E-12
  0.1000E+13  0.1930E-39  0.5020E-30  0.1560E-22  0.5670E-17  0.3000E-14  0.1080E-12  0.3220E-12  0.4480E-12  0.5230E-12  0.6060E-12  0.6730E-12  0.7060E-12  0.6880E-12  0.6590E-12
  0.1000E+14  0.1920E-39  0.5020E-30  0.1560E-22  0.5670E-17  0.3000E-14  0.1080E-12  0.3220E-12  0.4480E-12  0.5230E-12  0.6060E-12  0.6730E-12  0.7060E-12  0.6880E-12  0.6590E-12
  0.1000E+15  0.1920E-39  0.5020E-30  0.1560E-22  0.5670E-17  0.3000E-14  0.1080E-12  0.3220E-12  0.4480E-12  0.5230E-12  0.6060E-12  0.6730E-12  0.7060E-12  0.6880E-12  0.6590E-12
  0.1000E+16  0.1920E-39  0.5020E-30  0.1560E-22  0.5670E-17  0.3000E-14  0.1080E-12  0.3220E-12  0.4470E-12  0.5230E-12  0.6060E-12  0.6720E-12  0.7060E-12  0.6880E-12  0.6590E-12
  0.1000E+17  0.1920E-39  0.5020E-30  0.1560E-22  0.5670E-17  0.2990E-14  0.1080E-12  0.3210E-12  0.4460E-12  0.5220E-12  0.6040E-12  0.6710E-12  0.7040E-12  0.6870E-12  0.6580E-12
WAVELENGTH(A)= 
     3.832
 7 14 t 
excit   
    62.000     93.100    155.000    310.000    620.000   1550.000   3100.000   4650.000   6200.000   9310.000  15500.000  31000.000  62000.000  93100.000 
  0.1000E+11  0.1570E-33  0.4550E-26  0.3880E-20  0.9430E-16  0.1300E-13  0.2240E-12  0.5490E-12  0.7350E-12  0.8490E-12  0.9840E-12  0.1110E-11  0.1190E-11  0.1190E-11  0.1160E-11
  0.1000E+12  0.1570E-33  0.4550E-26  0.3880E-20  0.9430E-16  0.1300E-13  0.2240E-12  0.5490E-12  0.7350E-12  0.8490E-12  0.9840E-12  0.1110E-11  0.1190E-11  0.1190E-11  0.1160E-11
  0.1000E+13  0.1570E-33  0.4550E-26  0.3880E-20  0.9430E-16  0.1300E-13  0.2240E-12  0.5490E-12  0.7350E-12  0.8490E-12  0.9840E-12  0.1110E-11  0.1190E-11  0.1190E-11  0.1160E-11
  0.1000E+14  0.1570E-33  0.4550E-26  0.3880E-20  0.9430E-16  0.1300E-13  0.2240E-12  0.5490E-12  0.7350E-12  0.8490E-12  0.9840E-12  0.1110E-11  0.1190E-11  0.1190E-11  0.1160E-11
  0.1000E+15  0.1570E-33  0.4550E-26  0.3880E-20  0.9430E-16  0.1300E-13  0.2240E-12  0.5490E-12  0.7350E-12  0.8490E-12  0.9840E-12  0.1110E-11  0.1190E-11  0.1190E-11  0.1160E-11
  0.1000E+16  0.1570E-33  0.4550E-26  0.3880E-20  0.9430E-16  0.1300E-13  0.2240E-12  0.5490E-12  0.7340E-12  0.8490E-12  0.9840E-12  0.1110E-11  0.1190E-11  0.1190E-11  0.1160E-11
  0.1000E+17  0.1570E-33  0.4540E-26  0.3880E-20  0.9420E-16  0.1300E-13  0.2240E-12  0.5480E-12  0.7320E-12  0.8460E-12  0.9810E-12  0.1100E-11  0.1190E-11  0.1190E-11  0.1150E-11
WAVELENGTH(A)= 
     3.836
 7 14 t 
excit   
    62.000     93.100    155.000    310.000    620.000   1550.000   3100.000   4650.000   6200.000   9310.000  15500.000  31000.000  62000.000  93100.000 
  0.1000E+11  0.2280E-33  0.6480E-26  0.5440E-20  0.1310E-15  0.1800E-13  0.3080E-12  0.7520E-12  0.1000E-11  0.1160E-11  0.1350E-11  0.1510E-11  0.1630E-11  0.1630E-11  0.1580E-11
  0.1000E+12  0.2280E-33  0.6480E-26  0.5440E-20  0.1310E-15  0.1800E-13  0.3080E-12  0.7520E-12  0.1000E-11  0.1160E-11  0.1350E-11  0.1510E-11  0.1630E-11  0.1630E-11  0.1580E-11
  0.1000E+13  0.2280E-33  0.6480E-26  0.5440E-20  0.1310E-15  0.1800E-13  0.3080E-12  0.7520E-12  0.1000E-11  0.1160E-11  0.1350E-11  0.1510E-11  0.1630E-11  0.1630E-11  0.1580E-11
  0.1000E+14  0.2280E-33  0.6480E-26  0.5440E-20  0.1310E-15  0.1800E-13  0.3080E-12  0.7520E-12  0.1000E-11  0.1160E-11  0.1350E-11  0.1510E-11  0.1630E-11  0.1630E-11  0.1580E-11
  0.1000E+15  0.2280E-33  0.6480E-26  0.5440E-20  0.1310E-15  0.1800E-13  0.3080E-12  0.7520E-12  0.1000E-11  0.1160E-11  0.1350E-11  0.1510E-11  0.1630E-11  0.1630E-11  0.1580E-11
  0.1000E+16  0.2280E-33  0.6480E-26  0.5440E-20  0.1310E-15  0.1800E-13  0.3080E-12  0.7520E-12  0.1000E-11  0.1160E-11  0.1350E-11  0.1510E-11  0.1630E-11  0.1630E-11  0.1580E-11
  0.1000E+17  0.2280E-33  0.6480E-26  0.5440E-20  0.1310E-15  0.1800E-13  0.3070E-12  0.7500E-12  0.1000E-11  0.1160E-11  0.1340E-11  0.1510E-11  0.1630E-11  0.1620E-11  0.1570E-11
WAVELENGTH(A)= 
     3.838
 7 14 t 
excit   
    62.000     93.100    155.000    310.000    620.000   1550.000   3100.000   4650.000   6200.000   9310.000  15500.000  31000.000  62000.000  93100.000 
  0.1000E+11  0.4790E-33  0.1350E-25  0.1120E-19  0.2680E-15  0.3630E-13  0.6010E-12  0.1450E-11  0.1940E-11  0.2240E-11  0.2610E-11  0.2970E-11  0.3230E-11  0.3250E-11  0.3170E-11
  0.1000E+12  0.4790E-33  0.1350E-25  0.1120E-19  0.2680E-15  0.3630E-13  0.6010E-12  0.1450E-11  0.1940E-11  0.2240E-11  0.2610E-11  0.2970E-11  0.3230E-11  0.3250E-11  0.3170E-11
  0.1000E+13  0.4790E-33  0.1350E-25  0.1120E-19  0.2680E-15  0.3630E-13  0.6010E-12  0.1450E-11  0.1940E-11  0.2240E-11  0.2610E-11  0.2970E-11  0.3230E-11  0.3250E-11  0.3170E-11
  0.1000E+14  0.4790E-33  0.1350E-25  0.1120E-19  0.2680E-15  0.3630E-13  0.6010E-12  0.1450E-11  0.1940E-11  0.2240E-11  0.2610E-11  0.2970E-11  0.3230E-11  0.3250E-11  0.3170E-11
  0.1000E+15  0.4790E-33  0.1350E-25  0.1120E-19  0.2680E-15  0.3630E-13  0.6010E-12  0.1450E-11  0.1940E-11  0.2240E-11  0.2610E-11  0.2970E-11  0.3230E-11  0.3250E-11  0.3170E-11
  0.1000E+16  0.4790E-33  0.1350E-25  0.1120E-19  0.2680E-15  0.3630E-13  0.6010E-12  0.1450E-11  0.1940E-11  0.2240E-11  0.2610E-11  0.2970E-11  0.3230E-11  0.3250E-11  0.3170E-11
  0.1000E+17  0.4790E-33  0.1350E-25  0.1120E-19  0.2680E-15  0.3620E-13  0.6000E-12  0.1450E-11  0.1940E-11  0.2240E-11  0.2610E-11  0.2970E-11  0.3220E-11  0.3250E-11  0.3160E-11
WAVELENGTH(A)= 
     3.921
 7 14 t 
excit   
    62.000     93.100    155.000    310.000    620.000   1550.000   3100.000   4650.000   6200.000   9310.000  15500.000  31000.000  62000.000  93100.000 
  0.1000E+11  0.3030E-33  0.5980E-26  0.3780E-20  0.7460E-16  0.9370E-14  0.1540E-12  0.3720E-12  0.4960E-12  0.5730E-12  0.6650E-12  0.7520E-12  0.8160E-12  0.8200E-12  0.8020E-12
  0.1000E+12  0.3030E-33  0.5980E-26  0.3780E-20  0.7460E-16  0.9370E-14  0.1540E-12  0.3720E-12  0.4960E-12  0.5730E-12  0.6650E-12  0.7520E-12  0.8160E-12  0.8200E-12  0.8020E-12
  0.1000E+13  0.3030E-33  0.5980E-26  0.3780E-20  0.7460E-16  0.9370E-14  0.1540E-12  0.3720E-12  0.4960E-12  0.5730E-12  0.6650E-12  0.7520E-12  0.8160E-12  0.8200E-12  0.8020E-12
  0.1000E+14  0.3030E-33  0.5980E-26  0.3780E-20  0.7460E-16  0.9370E-14  0.1540E-12  0.3720E-12  0.4960E-12  0.5730E-12  0.6650E-12  0.7520E-12  0.8160E-12  0.8200E-12  0.8020E-12
  0.1000E+15  0.3030E-33  0.5980E-26  0.3780E-20  0.7460E-16  0.9370E-14  0.1540E-12  0.3720E-12  0.4960E-12  0.5730E-12  0.6650E-12  0.7520E-12  0.8160E-12  0.8200E-12  0.8020E-12
  0.1000E+16  0.3030E-33  0.5980E-26  0.3780E-20  0.7460E-16  0.9370E-14  0.1540E-12  0.3720E-12  0.4960E-12  0.5730E-12  0.6640E-12  0.7520E-12  0.8160E-12  0.8200E-12  0.8020E-12
  0.1000E+17  0.3030E-33  0.5980E-26  0.3780E-20  0.7450E-16  0.9360E-14  0.1540E-12  0.3710E-12  0.4950E-12  0.5710E-12  0.6620E-12  0.7500E-12  0.8140E-12  0.8190E-12  0.8010E-12
WAVELENGTH(A)= 
     4.266
 7 14 t 
excit   
    62.000     93.100    155.000    310.000    620.000   1550.000   3100.000   4650.000   6200.000   9310.000  15500.000  31000.000  62000.000  93100.000 
  0.1000E+11  0.1310E-30  0.6490E-24  0.1340E-18  0.1130E-14  0.9210E-13  0.1140E-11  0.2510E-11  0.3250E-11  0.3690E-11  0.4210E-11  0.4660E-11  0.4940E-11  0.4850E-11  0.4670E-11
  0.1000E+12  0.1310E-30  0.6490E-24  0.1340E-18  0.1130E-14  0.9210E-13  0.1140E-11  0.2510E-11  0.3250E-11  0.3690E-11  0.4210E-11  0.4660E-11  0.4940E-11  0.4850E-11  0.4670E-11
  0.1000E+13  0.1310E-30  0.6490E-24  0.1340E-18  0.1130E-14  0.9210E-13  0.1140E-11  0.2510E-11  0.3250E-11  0.3690E-11  0.4210E-11  0.4660E-11  0.4940E-11  0.4850E-11  0.4670E-11
  0.1000E+14  0.1310E-30  0.6490E-24  0.1340E-18  0.1130E-14  0.9210E-13  0.1140E-11  0.2510E-11  0.3250E-11  0.3690E-11  0.4210E-11  0.4660E-11  0.4940E-11  0.4850E-11  0.4670E-11
  0.1000E+15  0.1310E-30  0.6490E-24  0.1340E-18  0.1130E-14  0.9210E-13  0.1140E-11  0.2510E-11  0.3250E-11  0.3690E-11  0.4210E-11  0.4660E-11  0.4940E-11  0.4850E-11  0.4670E-11
  0.1000E+16  0.1310E-30  0.6490E-24  0.1340E-18  0.1130E-14  0.9210E-13  0.1140E-11  0.2510E-11  0.3250E-11  0.3690E-11  0.4210E-11  0.4660E-11  0.4940E-11  0.4850E-11  0.4670E-11
  0.1000E+17  0.1310E-30  0.6490E-24  0.1340E-18  0.1130E-14  0.9190E-13  0.1140E-11  0.2500E-11  0.3240E-11  0.3680E-11  0.4200E-11  0.4650E-11  0.4920E-11  0.4840E-11  0.4660E-11
WAVELENGTH(A)= 
     4.506
 7 14 t 
excit   
    62.000     93.100    155.000    310.000    620.000   1550.000   3100.000   4650.000   6200.000   9310.000  15500.000  31000.000  62000.000  93100.000 
  0.1000E+11  0.1430E-31  0.1030E-24  0.2880E-19  0.3010E-15  0.2600E-13  0.3000E-12  0.5720E-12  0.6600E-12  0.6840E-12  0.6770E-12  0.6200E-12  0.5060E-12  0.3910E-12  0.3310E-12
  0.1000E+12  0.1430E-31  0.1030E-24  0.2880E-19  0.3010E-15  0.2600E-13  0.3000E-12  0.5720E-12  0.6600E-12  0.6840E-12  0.6770E-12  0.6200E-12  0.5060E-12  0.3910E-12  0.3310E-12
  0.1000E+13  0.1430E-31  0.1030E-24  0.2880E-19  0.3010E-15  0.2600E-13  0.3000E-12  0.5720E-12  0.6600E-12  0.6840E-12  0.6770E-12  0.6200E-12  0.5060E-12  0.3910E-12  0.3310E-12
  0.1000E+14  0.1430E-31  0.1030E-24  0.2880E-19  0.3010E-15  0.2600E-13  0.3000E-12  0.5720E-12  0.6600E-12  0.6840E-12  0.6770E-12  0.6200E-12  0.5060E-12  0.3910E-12  0.3310E-12
  0.1000E+15  0.1430E-31  0.1030E-24  0.2880E-19  0.3010E-15  0.2600E-13  0.3000E-12  0.5720E-12  0.6600E-12  0.6840E-12  0.6770E-12  0.6190E-12  0.5060E-12  0.3910E-12  0.3310E-12
  0.1000E+16  0.1430E-31  0.1030E-24  0.2880E-19  0.3010E-15  0.2600E-13  0.3000E-12  0.5720E-12  0.6590E-12  0.6840E-12  0.6760E-12  0.6190E-12  0.5060E-12  0.3910E-12  0.3300E-12
  0.1000E+17  0.1430E-31  0.1030E-24  0.2880E-19  0.3010E-15  0.2600E-13  0.2990E-12  0.5700E-12  0.6580E-12  0.6820E-12  0.6750E-12  0.6180E-12  0.5050E-12  0.3900E-12  0.3300E-12
WAVELENGTH(A)= 
     4.531
 7 14 t 
excit   
    62.000     93.100    155.000    310.000    620.000   1550.000   3100.000   4650.000   6200.000   9310.000  15500.000  31000.000  62000.000  93100.000 
  0.1000E+11  0.4230E-34  0.2160E-26  0.2890E-20  0.9820E-16  0.1520E-13  0.2480E-12  0.5340E-12  0.6420E-12  0.6770E-12  0.6850E-12  0.6390E-12  0.5320E-12  0.4160E-12  0.3510E-12
  0.1000E+12  0.4230E-34  0.2160E-26  0.2890E-20  0.9820E-16  0.1520E-13  0.2480E-12  0.5340E-12  0.6420E-12  0.6770E-12  0.6850E-12  0.6390E-12  0.5320E-12  0.4160E-12  0.3510E-12
  0.1000E+13  0.4230E-34  0.2160E-26  0.2890E-20  0.9820E-16  0.1520E-13  0.2480E-12  0.5340E-12  0.6420E-12  0.6770E-12  0.6850E-12  0.6390E-12  0.5320E-12  0.4160E-12  0.3510E-12
  0.1000E+14  0.4230E-34  0.2160E-26  0.2890E-20  0.9820E-16  0.1520E-13  0.2480E-12  0.5340E-12  0.6420E-12  0.6770E-12  0.6850E-12  0.6390E-12  0.5320E-12  0.4160E-12  0.3510E-12
  0.1000E+15  0.4230E-34  0.2160E-26  0.2890E-20  0.9820E-16  0.1520E-13  0.2480E-12  0.5340E-12  0.6420E-12  0.6770E-12  0.6850E-12  0.6390E-12  0.5320E-12  0.4160E-12  0.3510E-12
  0.1000E+16  0.4230E-34  0.2160E-26  0.2890E-20  0.9820E-16  0.1520E-13  0.2470E-12  0.5340E-12  0.6410E-12  0.6770E-12  0.6850E-12  0.6390E-12  0.5320E-12  0.4160E-12  0.3510E-12
  0.1000E+17  0.4240E-34  0.2160E-26  0.2890E-20  0.9810E-16  0.1510E-13  0.2470E-12  0.5320E-12  0.6400E-12  0.6750E-12  0.6830E-12  0.6370E-12  0.5310E-12  0.4150E-12  0.3510E-12
WAVELENGTH(A)= 
     4.535
 7 14 t 
excit   
    62.000     93.100    155.000    310.000    620.000   1550.000   3100.000   4650.000   6200.000   9310.000  15500.000  31000.000  62000.000  93100.000 
  0.1000E+11  0.1040E-33  0.5140E-26  0.6690E-20  0.2220E-15  0.3400E-13  0.5560E-12  0.1190E-11  0.1430E-11  0.1510E-11  0.1530E-11  0.1420E-11  0.1180E-11  0.9220E-12  0.7830E-12
  0.1000E+12  0.1040E-33  0.5140E-26  0.6690E-20  0.2220E-15  0.3400E-13  0.5560E-12  0.1190E-11  0.1430E-11  0.1510E-11  0.1530E-11  0.1420E-11  0.1180E-11  0.9220E-12  0.7830E-12
  0.1000E+13  0.1040E-33  0.5140E-26  0.6690E-20  0.2220E-15  0.3400E-13  0.5560E-12  0.1190E-11  0.1430E-11  0.1510E-11  0.1530E-11  0.1420E-11  0.1180E-11  0.9220E-12  0.7830E-12
  0.1000E+14  0.1040E-33  0.5140E-26  0.6690E-20  0.2220E-15  0.3400E-13  0.5560E-12  0.1190E-11  0.1430E-11  0.1510E-11  0.1530E-11  0.1420E-11  0.1180E-11  0.9220E-12  0.7830E-12
  0.1000E+15  0.1040E-33  0.5140E-26  0.6690E-20  0.2220E-15  0.3400E-13  0.5550E-12  0.1190E-11  0.1430E-11  0.1510E-11  0.1530E-11  0.1420E-11  0.1180E-11  0.9220E-12  0.7830E-12
  0.1000E+16  0.1040E-33  0.5140E-26  0.6690E-20  0.2220E-15  0.3400E-13  0.5550E-12  0.1190E-11  0.1430E-11  0.1510E-11  0.1530E-11  0.1420E-11  0.1180E-11  0.9220E-12  0.7830E-12
  0.1000E+17  0.1040E-33  0.5140E-26  0.6690E-20  0.2220E-15  0.3390E-13  0.5540E-12  0.1190E-11  0.1420E-11  0.1500E-11  0.1520E-11  0.1420E-11  0.1170E-11  0.9200E-12  0.7820E-12
WAVELENGTH(A)= 
     4.539
 7 14 t 
excit   
    62.000     93.100    155.000    310.000    620.000   1550.000   3100.000   4650.000   6200.000   9310.000  15500.000  31000.000  62000.000  93100.000 
  0.1000E+11  0.5020E-34  0.2520E-26  0.3300E-20  0.1100E-15  0.1690E-13  0.2750E-12  0.5900E-12  0.7070E-12  0.7500E-12  0.7560E-12  0.7080E-12  0.5860E-12  0.4600E-12  0.3900E-12
  0.1000E+12  0.5020E-34  0.2520E-26  0.3300E-20  0.1100E-15  0.1690E-13  0.2750E-12  0.5900E-12  0.7070E-12  0.7500E-12  0.7560E-12  0.7080E-12  0.5860E-12  0.4600E-12  0.3900E-12
  0.1000E+13  0.5020E-34  0.2520E-26  0.3300E-20  0.1100E-15  0.1690E-13  0.2750E-12  0.5900E-12  0.7070E-12  0.7500E-12  0.7560E-12  0.7080E-12  0.5860E-12  0.4600E-12  0.3900E-12
  0.1000E+14  0.5020E-34  0.2520E-26  0.3300E-20  0.1100E-15  0.1690E-13  0.2750E-12  0.5900E-12  0.7070E-12  0.7500E-12  0.7560E-12  0.7080E-12  0.5860E-12  0.4600E-12  0.3900E-12
  0.1000E+15  0.5020E-34  0.2520E-26  0.3300E-20  0.1100E-15  0.1690E-13  0.2750E-12  0.5900E-12  0.7070E-12  0.7500E-12  0.7560E-12  0.7080E-12  0.5860E-12  0.4590E-12  0.3900E-12
  0.1000E+16  0.5020E-34  0.2520E-26  0.3300E-20  0.1100E-15  0.1690E-13  0.2750E-12  0.5900E-12  0.7060E-12  0.7500E-12  0.7560E-12  0.7070E-12  0.5860E-12  0.4590E-12  0.3900E-12
  0.1000E+17  0.5020E-34  0.2520E-26  0.3300E-20  0.1090E-15  0.1690E-13  0.2740E-12  0.5880E-12  0.7040E-12  0.7480E-12  0.7540E-12  0.7060E-12  0.5850E-12  0.4590E-12  0.3890E-12
WAVELENGTH(A)= 
     4.633
 7 14 t 
excit   
    62.000     93.100    155.000    310.000    620.000   1550.000   3100.000   4650.000   6200.000   9310.000  15500.000  31000.000  62000.000  93100.000 
  0.1000E+11  0.6450E-31  0.5110E-24  0.1540E-18  0.1700E-14  0.1510E-12  0.1770E-11  0.3390E-11  0.3910E-11  0.4060E-11  0.4010E-11  0.3670E-11  0.3010E-11  0.2310E-11  0.1950E-11
  0.1000E+12  0.6450E-31  0.5110E-24  0.1540E-18  0.1700E-14  0.1510E-12  0.1770E-11  0.3390E-11  0.3910E-11  0.4060E-11  0.4010E-11  0.3670E-11  0.3010E-11  0.2310E-11  0.1950E-11
  0.1000E+13  0.6450E-31  0.5110E-24  0.1540E-18  0.1700E-14  0.1510E-12  0.1770E-11  0.3390E-11  0.3910E-11  0.4060E-11  0.4010E-11  0.3670E-11  0.3010E-11  0.2310E-11  0.1950E-11
  0.1000E+14  0.6450E-31  0.5110E-24  0.1540E-18  0.1700E-14  0.1510E-12  0.1770E-11  0.3390E-11  0.3910E-11  0.4060E-11  0.4010E-11  0.3670E-11  0.3010E-11  0.2310E-11  0.1950E-11
  0.1000E+15  0.6450E-31  0.5110E-24  0.1540E-18  0.1700E-14  0.1510E-12  0.1770E-11  0.3390E-11  0.3910E-11  0.4060E-11  0.4010E-11  0.3670E-11  0.3010E-11  0.2310E-11  0.1950E-11
  0.1000E+16  0.6450E-31  0.5110E-24  0.1540E-18  0.1700E-14  0.1510E-12  0.1770E-11  0.3380E-11  0.3910E-11  0.4050E-11  0.4010E-11  0.3670E-11  0.3010E-11  0.2310E-11  0.1950E-11
  0.1000E+17  0.6450E-31  0.5110E-24  0.1540E-18  0.1700E-14  0.1510E-12  0.1770E-11  0.3380E-11  0.3900E-11  0.4040E-11  0.4000E-11  0.3660E-11  0.3000E-11  0.2310E-11  0.1950E-11
WAVELENGTH(A)= 
     4.843
 7 14 t 
excit   
    62.000     93.100    155.000    310.000    620.000   1550.000   3100.000   4650.000   6200.000   9310.000  15500.000  31000.000  62000.000  93100.000 
  0.1000E+11  0.6370E-29  0.4990E-23  0.2410E-18  0.7030E-15  0.3510E-13  0.3610E-12  0.7630E-12  0.9570E-12  0.1060E-11  0.1160E-11  0.1220E-11  0.1210E-11  0.1130E-11  0.1060E-11
  0.1000E+12  0.6370E-29  0.4990E-23  0.2410E-18  0.7030E-15  0.3510E-13  0.3610E-12  0.7630E-12  0.9570E-12  0.1060E-11  0.1160E-11  0.1220E-11  0.1210E-11  0.1130E-11  0.1060E-11
  0.1000E+13  0.6370E-29  0.4990E-23  0.2410E-18  0.7030E-15  0.3510E-13  0.3610E-12  0.7630E-12  0.9570E-12  0.1060E-11  0.1160E-11  0.1220E-11  0.1210E-11  0.1130E-11  0.1060E-11
  0.1000E+14  0.6370E-29  0.4990E-23  0.2410E-18  0.7030E-15  0.3510E-13  0.3610E-12  0.7630E-12  0.9570E-12  0.1060E-11  0.1160E-11  0.1220E-11  0.1210E-11  0.1130E-11  0.1060E-11
  0.1000E+15  0.6370E-29  0.4990E-23  0.2410E-18  0.7030E-15  0.3510E-13  0.3610E-12  0.7630E-12  0.9570E-12  0.1060E-11  0.1160E-11  0.1220E-11  0.1210E-11  0.1130E-11  0.1060E-11
  0.1000E+16  0.6370E-29  0.4990E-23  0.2410E-18  0.7030E-15  0.3510E-13  0.3610E-12  0.7630E-12  0.9570E-12  0.1060E-11  0.1160E-11  0.1220E-11  0.1210E-11  0.1130E-11  0.1060E-11
  0.1000E+17  0.6370E-29  0.4990E-23  0.2410E-18  0.7020E-15  0.3500E-13  0.3600E-12  0.7610E-12  0.9540E-12  0.1060E-11  0.1160E-11  0.1220E-11  0.1210E-11  0.1130E-11  0.1060E-11
WAVELENGTH(A)= 
     5.034
 7 14 t 
excit   
    62.000     93.100    155.000    310.000    620.000   1550.000   3100.000   4650.000   6200.000   9310.000  15500.000  31000.000  62000.000  93100.000 
  0.1000E+11  0.1010E-29  0.2560E-23  0.3090E-18  0.1730E-14  0.1100E-12  0.1090E-11  0.2050E-11  0.2380E-11  0.2470E-11  0.2490E-11  0.2340E-11  0.1990E-11  0.1610E-11  0.1400E-11
  0.1000E+12  0.1010E-29  0.2560E-23  0.3090E-18  0.1730E-14  0.1100E-12  0.1090E-11  0.2050E-11  0.2380E-11  0.2470E-11  0.2490E-11  0.2340E-11  0.1990E-11  0.1610E-11  0.1400E-11
  0.1000E+13  0.1010E-29  0.2560E-23  0.3090E-18  0.1730E-14  0.1100E-12  0.1090E-11  0.2050E-11  0.2380E-11  0.2470E-11  0.2490E-11  0.2340E-11  0.1990E-11  0.1610E-11  0.1400E-11
  0.1000E+14  0.1010E-29  0.2560E-23  0.3090E-18  0.1730E-14  0.1100E-12  0.1090E-11  0.2050E-11  0.2380E-11  0.2470E-11  0.2490E-11  0.2340E-11  0.1990E-11  0.1610E-11  0.1400E-11
  0.1000E+15  0.1010E-29  0.2560E-23  0.3090E-18  0.1730E-14  0.1100E-12  0.1090E-11  0.2050E-11  0.2380E-11  0.2470E-11  0.2490E-11  0.2340E-11  0.1990E-11  0.1610E-11  0.1400E-11
  0.1000E+16  0.1010E-29  0.2560E-23  0.3090E-18  0.1730E-14  0.1100E-12  0.1090E-11  0.2050E-11  0.2380E-11  0.2470E-11  0.2480E-11  0.2340E-11  0.1990E-11  0.1610E-11  0.1400E-11
  0.1000E+17  0.1010E-29  0.2560E-23  0.3090E-18  0.1720E-14  0.1100E-12  0.1090E-11  0.2040E-11  0.2370E-11  0.2470E-11  0.2480E-11  0.2330E-11  0.1980E-11  0.1610E-11  0.1400E-11
WAVELENGTH(A)= 
     5.161
 7 14 t 
excit   
    62.000     93.100    155.000    310.000    620.000   1550.000   3100.000   4650.000   6200.000   9310.000  15500.000  31000.000  62000.000  93100.000 
  0.1000E+11  0.2390E-31  0.1990E-24  0.6240E-19  0.7100E-15  0.6430E-13  0.7740E-12  0.1520E-11  0.1790E-11  0.1870E-11  0.1880E-11  0.1760E-11  0.1480E-11  0.1180E-11  0.1010E-11
  0.1000E+12  0.2390E-31  0.1990E-24  0.6240E-19  0.7100E-15  0.6430E-13  0.7740E-12  0.1520E-11  0.1790E-11  0.1870E-11  0.1880E-11  0.1760E-11  0.1480E-11  0.1180E-11  0.1010E-11
  0.1000E+13  0.2390E-31  0.1990E-24  0.6240E-19  0.7100E-15  0.6430E-13  0.7740E-12  0.1520E-11  0.1790E-11  0.1870E-11  0.1880E-11  0.1760E-11  0.1480E-11  0.1180E-11  0.1010E-11
  0.1000E+14  0.2390E-31  0.1990E-24  0.6240E-19  0.7100E-15  0.6430E-13  0.7740E-12  0.1520E-11  0.1790E-11  0.1870E-11  0.1880E-11  0.1760E-11  0.1480E-11  0.1180E-11  0.1010E-11
  0.1000E+15  0.2390E-31  0.1990E-24  0.6240E-19  0.7100E-15  0.6430E-13  0.7740E-12  0.1520E-11  0.1790E-11  0.1870E-11  0.1880E-11  0.1760E-11  0.1480E-11  0.1180E-11  0.1010E-11
  0.1000E+16  0.2390E-31  0.1990E-24  0.6240E-19  0.7100E-15  0.6430E-13  0.7740E-12  0.1520E-11  0.1790E-11  0.1870E-11  0.1880E-11  0.1760E-11  0.1480E-11  0.1180E-11  0.1010E-11
  0.1000E+17  0.2390E-31  0.1990E-24  0.6240E-19  0.7090E-15  0.6420E-13  0.7720E-12  0.1520E-11  0.1780E-11  0.1870E-11  0.1880E-11  0.1750E-11  0.1480E-11  0.1180E-11  0.1010E-11
WAVELENGTH(A)= 
     5.169
 7 14 t 
excit   
    62.000     93.100    155.000    310.000    620.000   1550.000   3100.000   4650.000   6200.000   9310.000  15500.000  31000.000  62000.000  93100.000 
  0.1000E+11  0.1830E-31  0.1530E-24  0.4780E-19  0.5440E-15  0.4930E-13  0.5930E-12  0.1170E-11  0.1370E-11  0.1440E-11  0.1440E-11  0.1350E-11  0.1130E-11  0.9030E-12  0.7760E-12
  0.1000E+12  0.1830E-31  0.1530E-24  0.4780E-19  0.5440E-15  0.4930E-13  0.5930E-12  0.1170E-11  0.1370E-11  0.1440E-11  0.1440E-11  0.1350E-11  0.1130E-11  0.9030E-12  0.7760E-12
  0.1000E+13  0.1830E-31  0.1530E-24  0.4780E-19  0.5440E-15  0.4930E-13  0.5930E-12  0.1170E-11  0.1370E-11  0.1440E-11  0.1440E-11  0.1350E-11  0.1130E-11  0.9030E-12  0.7760E-12
  0.1000E+14  0.1830E-31  0.1530E-24  0.4780E-19  0.5440E-15  0.4930E-13  0.5930E-12  0.1170E-11  0.1370E-11  0.1440E-11  0.1440E-11  0.1350E-11  0.1130E-11  0.9030E-12  0.7760E-12
  0.1000E+15  0.1830E-31  0.1530E-24  0.4780E-19  0.5440E-15  0.4930E-13  0.5930E-12  0.1170E-11  0.1370E-11  0.1440E-11  0.1440E-11  0.1350E-11  0.1130E-11  0.9030E-12  0.7760E-12
  0.1000E+16  0.1830E-31  0.1530E-24  0.4780E-19  0.5440E-15  0.4930E-13  0.5930E-12  0.1170E-11  0.1370E-11  0.1440E-11  0.1440E-11  0.1350E-11  0.1130E-11  0.9030E-12  0.7760E-12
  0.1000E+17  0.1830E-31  0.1530E-24  0.4780E-19  0.5440E-15  0.4920E-13  0.5910E-12  0.1160E-11  0.1360E-11  0.1430E-11  0.1440E-11  0.1340E-11  0.1130E-11  0.9010E-12  0.7750E-12
WAVELENGTH(A)= 
     5.175
 7 14 t 
excit   
    62.000     93.100    155.000    310.000    620.000   1550.000   3100.000   4650.000   6200.000   9310.000  15500.000  31000.000  62000.000  93100.000 
  0.1000E+11  0.1140E-31  0.9550E-25  0.2990E-19  0.3400E-15  0.3080E-13  0.3710E-12  0.7290E-12  0.8560E-12  0.8980E-12  0.9020E-12  0.8420E-12  0.7100E-12  0.5650E-12  0.4850E-12
  0.1000E+12  0.1140E-31  0.9550E-25  0.2990E-19  0.3400E-15  0.3080E-13  0.3710E-12  0.7290E-12  0.8560E-12  0.8980E-12  0.9020E-12  0.8420E-12  0.7100E-12  0.5650E-12  0.4850E-12
  0.1000E+13  0.1140E-31  0.9550E-25  0.2990E-19  0.3400E-15  0.3080E-13  0.3710E-12  0.7290E-12  0.8560E-12  0.8980E-12  0.9020E-12  0.8420E-12  0.7100E-12  0.5650E-12  0.4850E-12
  0.1000E+14  0.1140E-31  0.9550E-25  0.2990E-19  0.3400E-15  0.3080E-13  0.3710E-12  0.7290E-12  0.8560E-12  0.8980E-12  0.9020E-12  0.8420E-12  0.7100E-12  0.5650E-12  0.4850E-12
  0.1000E+15  0.1140E-31  0.9550E-25  0.2990E-19  0.3400E-15  0.3080E-13  0.3710E-12  0.7290E-12  0.8560E-12  0.8980E-12  0.9020E-12  0.8420E-12  0.7100E-12  0.5650E-12  0.4850E-12
  0.1000E+16  0.1140E-31  0.9550E-25  0.2990E-19  0.3400E-15  0.3080E-13  0.3710E-12  0.7290E-12  0.8560E-12  0.8980E-12  0.9020E-12  0.8420E-12  0.7090E-12  0.5650E-12  0.4850E-12
  0.1000E+17  0.1140E-31  0.9550E-25  0.2990E-19  0.3400E-15  0.3080E-13  0.3700E-12  0.7270E-12  0.8530E-12  0.8950E-12  0.8990E-12  0.8400E-12  0.7080E-12  0.5640E-12  0.4850E-12
WAVELENGTH(A)= 
    20.409
 7 14 t 
excit   
    62.000     93.100    155.000    310.000    620.000   1550.000   3100.000   4650.000   6200.000   9310.000  15500.000  31000.000  62000.000  93100.000 
  0.1000E+11  0.1500E-13  0.3230E-12  0.3440E-11  0.1760E-10  0.3500E-10  0.4510E-10  0.4460E-10  0.4250E-10  0.4050E-10  0.3720E-10  0.3270E-10  0.2690E-10  0.2170E-10  0.1890E-10
  0.1000E+12  0.1500E-13  0.3230E-12  0.3440E-11  0.1760E-10  0.3500E-10  0.4510E-10  0.4460E-10  0.4250E-10  0.4050E-10  0.3720E-10  0.3270E-10  0.2690E-10  0.2170E-10  0.1890E-10
  0.1000E+13  0.1500E-13  0.3230E-12  0.3440E-11  0.1760E-10  0.3500E-10  0.4510E-10  0.4460E-10  0.4250E-10  0.4050E-10  0.3720E-10  0.3270E-10  0.2690E-10  0.2170E-10  0.1890E-10
  0.1000E+14  0.1500E-13  0.3230E-12  0.3440E-11  0.1760E-10  0.3500E-10  0.4510E-10  0.4460E-10  0.4250E-10  0.4050E-10  0.3720E-10  0.3270E-10  0.2690E-10  0.2170E-10  0.1890E-10
  0.1000E+15  0.1500E-13  0.3230E-12  0.3440E-11  0.1760E-10  0.3500E-10  0.4510E-10  0.4460E-10  0.4250E-10  0.4050E-10  0.3720E-10  0.3270E-10  0.2690E-10  0.2170E-10  0.1890E-10
  0.1000E+16  0.1500E-13  0.3230E-12  0.3440E-11  0.1760E-10  0.3500E-10  0.4510E-10  0.4450E-10  0.4250E-10  0.4040E-10  0.3720E-10  0.3270E-10  0.2690E-10  0.2170E-10  0.1890E-10
  0.1000E+17  0.1500E-13  0.3230E-12  0.3440E-11  0.1760E-10  0.3490E-10  0.4500E-10  0.4440E-10  0.4240E-10  0.4030E-10  0.3710E-10  0.3260E-10  0.2690E-10  0.2160E-10  0.1890E-10
WAVELENGTH(A)= 
    20.491
 7 14 t 
excit   
    62.000     93.100    155.000    310.000    620.000   1550.000   3100.000   4650.000   6200.000   9310.000  15500.000  31000.000  62000.000  93100.000 
  0.1000E+11  0.4480E-13  0.9500E-12  0.9990E-11  0.5110E-10  0.1010E-09  0.1290E-09  0.1260E-09  0.1190E-09  0.1130E-09  0.1040E-09  0.9130E-10  0.7490E-10  0.6030E-10  0.5280E-10
  0.1000E+12  0.4480E-13  0.9500E-12  0.9990E-11  0.5110E-10  0.1010E-09  0.1290E-09  0.1260E-09  0.1190E-09  0.1130E-09  0.1040E-09  0.9130E-10  0.7490E-10  0.6030E-10  0.5280E-10
  0.1000E+13  0.4480E-13  0.9500E-12  0.9990E-11  0.5110E-10  0.1010E-09  0.1290E-09  0.1260E-09  0.1190E-09  0.1130E-09  0.1040E-09  0.9130E-10  0.7490E-10  0.6030E-10  0.5280E-10
  0.1000E+14  0.4480E-13  0.9500E-12  0.9990E-11  0.5110E-10  0.1010E-09  0.1290E-09  0.1260E-09  0.1190E-09  0.1130E-09  0.1040E-09  0.9130E-10  0.7490E-10  0.6030E-10  0.5280E-10
  0.1000E+15  0.4480E-13  0.9500E-12  0.9990E-11  0.5110E-10  0.1010E-09  0.1290E-09  0.1260E-09  0.1190E-09  0.1130E-09  0.1040E-09  0.9130E-10  0.7490E-10  0.6030E-10  0.5280E-10
  0.1000E+16  0.4480E-13  0.9500E-12  0.9990E-11  0.5110E-10  0.1010E-09  0.1290E-09  0.1260E-09  0.1190E-09  0.1130E-09  0.1040E-09  0.9130E-10  0.7490E-10  0.6030E-10  0.5280E-10
  0.1000E+17  0.4480E-13  0.9500E-12  0.9990E-11  0.5100E-10  0.1000E-09  0.1290E-09  0.1250E-09  0.1190E-09  0.1130E-09  0.1030E-09  0.9100E-10  0.7480E-10  0.6020E-10  0.5270E-10
WAVELENGTH(A)= 
    20.620
 7 14 t 
excit   
    62.000     93.100    155.000    310.000    620.000   1550.000   3100.000   4650.000   6200.000   9310.000  15500.000  31000.000  62000.000  93100.000 
  0.1000E+11  0.4240E-13  0.8790E-12  0.9120E-11  0.4580E-10  0.8980E-10  0.1150E-09  0.1130E-09  0.1070E-09  0.1020E-09  0.9320E-10  0.8200E-10  0.6730E-10  0.5420E-10  0.4740E-10
  0.1000E+12  0.4240E-13  0.8790E-12  0.9120E-11  0.4580E-10  0.8980E-10  0.1150E-09  0.1130E-09  0.1070E-09  0.1020E-09  0.9320E-10  0.8200E-10  0.6730E-10  0.5420E-10  0.4740E-10
  0.1000E+13  0.4240E-13  0.8790E-12  0.9120E-11  0.4580E-10  0.8980E-10  0.1150E-09  0.1130E-09  0.1070E-09  0.1020E-09  0.9320E-10  0.8200E-10  0.6730E-10  0.5420E-10  0.4740E-10
  0.1000E+14  0.4240E-13  0.8790E-12  0.9120E-11  0.4580E-10  0.8980E-10  0.1150E-09  0.1130E-09  0.1070E-09  0.1020E-09  0.9320E-10  0.8200E-10  0.6730E-10  0.5420E-10  0.4740E-10
  0.1000E+15  0.4240E-13  0.8790E-12  0.9120E-11  0.4580E-10  0.8980E-10  0.1150E-09  0.1130E-09  0.1070E-09  0.1020E-09  0.9320E-10  0.8200E-10  0.6730E-10  0.5420E-10  0.4740E-10
  0.1000E+16  0.4240E-13  0.8790E-12  0.9120E-11  0.4580E-10  0.8970E-10  0.1150E-09  0.1130E-09  0.1070E-09  0.1010E-09  0.9310E-10  0.8190E-10  0.6730E-10  0.5420E-10  0.4740E-10
  0.1000E+17  0.4240E-13  0.8790E-12  0.9120E-11  0.4570E-10  0.8960E-10  0.1140E-09  0.1120E-09  0.1060E-09  0.1010E-09  0.9290E-10  0.8170E-10  0.6710E-10  0.5410E-10  0.4730E-10
WAVELENGTH(A)= 
    21.698
 7 14 t 
excit   
    62.000     93.100    155.000    310.000    620.000   1550.000   3100.000   4650.000   6200.000   9310.000  15500.000  31000.000  62000.000  93100.000 
  0.1000E+11  0.1350E-13  0.2400E-12  0.2210E-11  0.1030E-10  0.1960E-10  0.2480E-10  0.2420E-10  0.2300E-10  0.2180E-10  0.2000E-10  0.1750E-10  0.1440E-10  0.1150E-10  0.1010E-10
  0.1000E+12  0.1350E-13  0.2400E-12  0.2210E-11  0.1030E-10  0.1960E-10  0.2480E-10  0.2420E-10  0.2300E-10  0.2180E-10  0.2000E-10  0.1750E-10  0.1440E-10  0.1150E-10  0.1010E-10
  0.1000E+13  0.1350E-13  0.2400E-12  0.2210E-11  0.1030E-10  0.1960E-10  0.2480E-10  0.2420E-10  0.2300E-10  0.2180E-10  0.2000E-10  0.1750E-10  0.1440E-10  0.1150E-10  0.1010E-10
  0.1000E+14  0.1350E-13  0.2400E-12  0.2210E-11  0.1030E-10  0.1960E-10  0.2480E-10  0.2420E-10  0.2300E-10  0.2180E-10  0.2000E-10  0.1750E-10  0.1440E-10  0.1150E-10  0.1010E-10
  0.1000E+15  0.1350E-13  0.2400E-12  0.2210E-11  0.1030E-10  0.1960E-10  0.2480E-10  0.2420E-10  0.2300E-10  0.2180E-10  0.2000E-10  0.1750E-10  0.1440E-10  0.1150E-10  0.1010E-10
  0.1000E+16  0.1350E-13  0.2400E-12  0.2210E-11  0.1030E-10  0.1960E-10  0.2480E-10  0.2420E-10  0.2300E-10  0.2180E-10  0.2000E-10  0.1750E-10  0.1440E-10  0.1150E-10  0.1010E-10
  0.1000E+17  0.1360E-13  0.2410E-12  0.2210E-11  0.1030E-10  0.1960E-10  0.2470E-10  0.2420E-10  0.2290E-10  0.2180E-10  0.1990E-10  0.1750E-10  0.1440E-10  0.1150E-10  0.1000E-10
WAVELENGTH(A)= 
    22.174
 7 14 t 
excit   
    62.000     93.100    155.000    310.000    620.000   1550.000   3100.000   4650.000   6200.000   9310.000  15500.000  31000.000  62000.000  93100.000 
  0.1000E+11  0.1850E-13  0.3100E-12  0.2750E-11  0.1280E-10  0.2450E-10  0.3110E-10  0.3020E-10  0.2840E-10  0.2690E-10  0.2450E-10  0.2150E-10  0.1740E-10  0.1390E-10  0.1210E-10
  0.1000E+12  0.1850E-13  0.3100E-12  0.2750E-11  0.1280E-10  0.2450E-10  0.3110E-10  0.3020E-10  0.2840E-10  0.2690E-10  0.2450E-10  0.2150E-10  0.1740E-10  0.1390E-10  0.1210E-10
  0.1000E+13  0.1850E-13  0.3100E-12  0.2750E-11  0.1280E-10  0.2450E-10  0.3110E-10  0.3020E-10  0.2840E-10  0.2690E-10  0.2450E-10  0.2150E-10  0.1740E-10  0.1390E-10  0.1210E-10
  0.1000E+14  0.1850E-13  0.3100E-12  0.2750E-11  0.1280E-10  0.2450E-10  0.3110E-10  0.3020E-10  0.2840E-10  0.2690E-10  0.2450E-10  0.2150E-10  0.1740E-10  0.1390E-10  0.1210E-10
  0.1000E+15  0.1850E-13  0.3100E-12  0.2750E-11  0.1280E-10  0.2450E-10  0.3110E-10  0.3020E-10  0.2840E-10  0.2690E-10  0.2450E-10  0.2150E-10  0.1740E-10  0.1390E-10  0.1210E-10
  0.1000E+16  0.1860E-13  0.3100E-12  0.2750E-11  0.1280E-10  0.2450E-10  0.3110E-10  0.3020E-10  0.2840E-10  0.2690E-10  0.2450E-10  0.2150E-10  0.1740E-10  0.1390E-10  0.1210E-10
  0.1000E+17  0.1860E-13  0.3110E-12  0.2760E-11  0.1280E-10  0.2450E-10  0.3100E-10  0.3010E-10  0.2840E-10  0.2690E-10  0.2440E-10  0.2140E-10  0.1740E-10  0.1390E-10  0.1210E-10
WAVELENGTH(A)= 
    22.183
 7 14 t 
excit   
    62.000     93.100    155.000    310.000    620.000   1550.000   3100.000   4650.000   6200.000   9310.000  15500.000  31000.000  62000.000  93100.000 
  0.1000E+11  0.9840E-14  0.1640E-12  0.1470E-11  0.6880E-11  0.1330E-10  0.1700E-10  0.1660E-10  0.1570E-10  0.1480E-10  0.1350E-10  0.1180E-10  0.9590E-11  0.7650E-11  0.6650E-11
  0.1000E+12  0.9840E-14  0.1640E-12  0.1470E-11  0.6880E-11  0.1330E-10  0.1700E-10  0.1660E-10  0.1570E-10  0.1480E-10  0.1350E-10  0.1180E-10  0.9590E-11  0.7650E-11  0.6650E-11
  0.1000E+13  0.9840E-14  0.1640E-12  0.1470E-11  0.6880E-11  0.1330E-10  0.1700E-10  0.1660E-10  0.1570E-10  0.1480E-10  0.1350E-10  0.1180E-10  0.9590E-11  0.7650E-11  0.6650E-11
  0.1000E+14  0.9840E-14  0.1640E-12  0.1470E-11  0.6880E-11  0.1330E-10  0.1700E-10  0.1660E-10  0.1570E-10  0.1480E-10  0.1350E-10  0.1180E-10  0.9590E-11  0.7650E-11  0.6650E-11
  0.1000E+15  0.9840E-14  0.1640E-12  0.1470E-11  0.6880E-11  0.1330E-10  0.1700E-10  0.1660E-10  0.1570E-10  0.1480E-10  0.1350E-10  0.1180E-10  0.9590E-11  0.7650E-11  0.6650E-11
  0.1000E+16  0.9850E-14  0.1640E-12  0.1470E-11  0.6880E-11  0.1330E-10  0.1700E-10  0.1660E-10  0.1570E-10  0.1480E-10  0.1350E-10  0.1180E-10  0.9590E-11  0.7650E-11  0.6650E-11
  0.1000E+17  0.9870E-14  0.1640E-12  0.1470E-11  0.6880E-11  0.1330E-10  0.1700E-10  0.1660E-10  0.1560E-10  0.1480E-10  0.1350E-10  0.1180E-10  0.9570E-11  0.7630E-11  0.6640E-11
WAVELENGTH(A)= 
    23.508
 7 14 t 
excit   
    62.000     93.100    155.000    310.000    620.000   1550.000   3100.000   4650.000   6200.000   9310.000  15500.000  31000.000  62000.000  93100.000 
  0.1000E+11  0.2630E-13  0.3800E-12  0.3150E-11  0.1490E-10  0.2960E-10  0.3830E-10  0.3720E-10  0.3490E-10  0.3290E-10  0.2970E-10  0.2580E-10  0.2070E-10  0.1630E-10  0.1410E-10
  0.1000E+12  0.2630E-13  0.3800E-12  0.3150E-11  0.1490E-10  0.2960E-10  0.3830E-10  0.3720E-10  0.3490E-10  0.3290E-10  0.2970E-10  0.2580E-10  0.2070E-10  0.1630E-10  0.1410E-10
  0.1000E+13  0.2630E-13  0.3800E-12  0.3150E-11  0.1490E-10  0.2960E-10  0.3830E-10  0.3720E-10  0.3490E-10  0.3290E-10  0.2970E-10  0.2580E-10  0.2070E-10  0.1630E-10  0.1410E-10
  0.1000E+14  0.2630E-13  0.3800E-12  0.3150E-11  0.1490E-10  0.2960E-10  0.3830E-10  0.3720E-10  0.3490E-10  0.3290E-10  0.2970E-10  0.2580E-10  0.2070E-10  0.1630E-10  0.1410E-10
  0.1000E+15  0.2630E-13  0.3800E-12  0.3150E-11  0.1490E-10  0.2960E-10  0.3830E-10  0.3720E-10  0.3490E-10  0.3290E-10  0.2970E-10  0.2580E-10  0.2070E-10  0.1630E-10  0.1410E-10
  0.1000E+16  0.2630E-13  0.3800E-12  0.3150E-11  0.1490E-10  0.2960E-10  0.3830E-10  0.3720E-10  0.3490E-10  0.3290E-10  0.2970E-10  0.2580E-10  0.2070E-10  0.1630E-10  0.1410E-10
  0.1000E+17  0.2650E-13  0.3820E-12  0.3160E-11  0.1490E-10  0.2960E-10  0.3830E-10  0.3720E-10  0.3480E-10  0.3280E-10  0.2970E-10  0.2570E-10  0.2070E-10  0.1630E-10  0.1410E-10
WAVELENGTH(A)= 
    33.620
 7 14 t 
excit   
    62.000     93.100    155.000    310.000    620.000   1550.000   3100.000   4650.000   6200.000   9310.000  15500.000  31000.000  62000.000  93100.000 
  0.1000E+11  0.3370E-13  0.2090E-12  0.8720E-12  0.2400E-11  0.3610E-11  0.4050E-11  0.3870E-11  0.3660E-11  0.3470E-11  0.3190E-11  0.2820E-11  0.2340E-11  0.1910E-11  0.1680E-11
  0.1000E+12  0.3370E-13  0.2090E-12  0.8720E-12  0.2400E-11  0.3610E-11  0.4050E-11  0.3870E-11  0.3660E-11  0.3470E-11  0.3190E-11  0.2820E-11  0.2340E-11  0.1910E-11  0.1680E-11
  0.1000E+13  0.3370E-13  0.2090E-12  0.8720E-12  0.2400E-11  0.3610E-11  0.4050E-11  0.3870E-11  0.3660E-11  0.3470E-11  0.3190E-11  0.2820E-11  0.2340E-11  0.1910E-11  0.1680E-11
  0.1000E+14  0.3370E-13  0.2090E-12  0.8720E-12  0.2400E-11  0.3610E-11  0.4050E-11  0.3870E-11  0.3660E-11  0.3470E-11  0.3190E-11  0.2820E-11  0.2340E-11  0.1910E-11  0.1680E-11
  0.1000E+15  0.3370E-13  0.2090E-12  0.8720E-12  0.2400E-11  0.3610E-11  0.4050E-11  0.3870E-11  0.3660E-11  0.3470E-11  0.3190E-11  0.2820E-11  0.2340E-11  0.1910E-11  0.1680E-11
  0.1000E+16  0.3370E-13  0.2090E-12  0.8720E-12  0.2400E-11  0.3610E-11  0.4050E-11  0.3870E-11  0.3660E-11  0.3470E-11  0.3190E-11  0.2820E-11  0.2340E-11  0.1910E-11  0.1680E-11
  0.1000E+17  0.3370E-13  0.2090E-12  0.8700E-12  0.2390E-11  0.3600E-11  0.4040E-11  0.3860E-11  0.3650E-11  0.3470E-11  0.3190E-11  0.2820E-11  0.2340E-11  0.1910E-11  0.1680E-11
WAVELENGTH(A)= 
    34.986
 7 14 t 
excit   
    62.000     93.100    155.000    310.000    620.000   1550.000   3100.000   4650.000   6200.000   9310.000  15500.000  31000.000  62000.000  93100.000 
  0.1000E+11  0.1710E-12  0.9710E-12  0.3730E-11  0.9530E-11  0.1380E-10  0.1550E-10  0.1550E-10  0.1490E-10  0.1430E-10  0.1330E-10  0.1170E-10  0.9610E-11  0.7700E-11  0.6700E-11
  0.1000E+12  0.1710E-12  0.9710E-12  0.3730E-11  0.9530E-11  0.1380E-10  0.1550E-10  0.1550E-10  0.1490E-10  0.1430E-10  0.1330E-10  0.1170E-10  0.9610E-11  0.7700E-11  0.6700E-11
  0.1000E+13  0.1710E-12  0.9710E-12  0.3730E-11  0.9530E-11  0.1380E-10  0.1550E-10  0.1550E-10  0.1490E-10  0.1430E-10  0.1330E-10  0.1170E-10  0.9610E-11  0.7700E-11  0.6700E-11
  0.1000E+14  0.1710E-12  0.9710E-12  0.3730E-11  0.9530E-11  0.1380E-10  0.1550E-10  0.1550E-10  0.1490E-10  0.1430E-10  0.1330E-10  0.1170E-10  0.9610E-11  0.7700E-11  0.6700E-11
  0.1000E+15  0.1710E-12  0.9710E-12  0.3730E-11  0.9520E-11  0.1380E-10  0.1550E-10  0.1550E-10  0.1490E-10  0.1430E-10  0.1330E-10  0.1170E-10  0.9610E-11  0.7690E-11  0.6700E-11
  0.1000E+16  0.1710E-12  0.9700E-12  0.3720E-11  0.9500E-11  0.1370E-10  0.1550E-10  0.1540E-10  0.1490E-10  0.1430E-10  0.1320E-10  0.1170E-10  0.9600E-11  0.7690E-11  0.6700E-11
  0.1000E+17  0.1700E-12  0.9620E-12  0.3670E-11  0.9300E-11  0.1340E-10  0.1510E-10  0.1510E-10  0.1450E-10  0.1400E-10  0.1300E-10  0.1150E-10  0.9470E-11  0.7600E-11  0.6630E-11
WAVELENGTH(A)= 
    36.140
 7 14 t 
excit   
    62.000     93.100    155.000    310.000    620.000   1550.000   3100.000   4650.000   6200.000   9310.000  15500.000  31000.000  62000.000  93100.000 
  0.1000E+11  0.4440E-13  0.2550E-12  0.1080E-11  0.3270E-11  0.5420E-11  0.6910E-11  0.7340E-11  0.7280E-11  0.7110E-11  0.6710E-11  0.6080E-11  0.5130E-11  0.4210E-11  0.3710E-11
  0.1000E+12  0.4440E-13  0.2550E-12  0.1080E-11  0.3270E-11  0.5420E-11  0.6910E-11  0.7340E-11  0.7280E-11  0.7110E-11  0.6710E-11  0.6080E-11  0.5130E-11  0.4210E-11  0.3710E-11
  0.1000E+13  0.4440E-13  0.2550E-12  0.1080E-11  0.3270E-11  0.5420E-11  0.6910E-11  0.7340E-11  0.7280E-11  0.7110E-11  0.6710E-11  0.6080E-11  0.5130E-11  0.4210E-11  0.3710E-11
  0.1000E+14  0.4440E-13  0.2550E-12  0.1080E-11  0.3270E-11  0.5420E-11  0.6910E-11  0.7340E-11  0.7280E-11  0.7110E-11  0.6710E-11  0.6080E-11  0.5130E-11  0.4210E-11  0.3710E-11
  0.1000E+15  0.4440E-13  0.2550E-12  0.1080E-11  0.3270E-11  0.5430E-11  0.6910E-11  0.7340E-11  0.7280E-11  0.7110E-11  0.6710E-11  0.6080E-11  0.5130E-11  0.4210E-11  0.3710E-11
  0.1000E+16  0.4440E-13  0.2550E-12  0.1080E-11  0.3280E-11  0.5440E-11  0.6920E-11  0.7350E-11  0.7290E-11  0.7110E-11  0.6720E-11  0.6090E-11  0.5130E-11  0.4210E-11  0.3720E-11
  0.1000E+17  0.4440E-13  0.2560E-12  0.1090E-11  0.3320E-11  0.5530E-11  0.7040E-11  0.7450E-11  0.7380E-11  0.7190E-11  0.6780E-11  0.6130E-11  0.5160E-11  0.4230E-11  0.3730E-11
WAVELENGTH(A)= 
    36.352
 7 14 t 
excit   
    62.000     93.100    155.000    310.000    620.000   1550.000   3100.000   4650.000   6200.000   9310.000  15500.000  31000.000  62000.000  93100.000 
  0.1000E+11  0.2060E-16  0.1790E-14  0.5790E-13  0.6770E-12  0.1960E-11  0.2930E-11  0.2850E-11  0.2590E-11  0.2400E-11  0.2090E-11  0.1740E-11  0.1340E-11  0.1020E-11  0.8650E-12
  0.1000E+12  0.2060E-16  0.1790E-14  0.5790E-13  0.6770E-12  0.1960E-11  0.2930E-11  0.2850E-11  0.2590E-11  0.2400E-11  0.2090E-11  0.1740E-11  0.1340E-11  0.1020E-11  0.8650E-12
  0.1000E+13  0.2060E-16  0.1790E-14  0.5790E-13  0.6770E-12  0.1960E-11  0.2930E-11  0.2850E-11  0.2590E-11  0.2400E-11  0.2090E-11  0.1740E-11  0.1340E-11  0.1020E-11  0.8650E-12
  0.1000E+14  0.2060E-16  0.1790E-14  0.5790E-13  0.6770E-12  0.1960E-11  0.2930E-11  0.2850E-11  0.2590E-11  0.2400E-11  0.2090E-11  0.1740E-11  0.1340E-11  0.1020E-11  0.8650E-12
  0.1000E+15  0.2060E-16  0.1790E-14  0.5790E-13  0.6770E-12  0.1960E-11  0.2930E-11  0.2850E-11  0.2590E-11  0.2400E-11  0.2090E-11  0.1740E-11  0.1340E-11  0.1020E-11  0.8650E-12
  0.1000E+16  0.2060E-16  0.1790E-14  0.5790E-13  0.6760E-12  0.1960E-11  0.2930E-11  0.2850E-11  0.2590E-11  0.2400E-11  0.2090E-11  0.1740E-11  0.1340E-11  0.1020E-11  0.8650E-12
  0.1000E+17  0.2060E-16  0.1790E-14  0.5790E-13  0.6760E-12  0.1960E-11  0.2930E-11  0.2840E-11  0.2580E-11  0.2390E-11  0.2080E-11  0.1740E-11  0.1340E-11  0.1020E-11  0.8640E-12
WAVELENGTH(A)= 
    36.915
 7 14 t 
excit   
    62.000     93.100    155.000    310.000    620.000   1550.000   3100.000   4650.000   6200.000   9310.000  15500.000  31000.000  62000.000  93100.000 
  0.1000E+11  0.4740E-16  0.1500E-14  0.2190E-13  0.1430E-12  0.3290E-12  0.6260E-12  0.8580E-12  0.9310E-12  0.9470E-12  0.9280E-12  0.8550E-12  0.7160E-12  0.5720E-12  0.4950E-12
  0.1000E+12  0.4740E-16  0.1500E-14  0.2190E-13  0.1430E-12  0.3290E-12  0.6260E-12  0.8580E-12  0.9310E-12  0.9470E-12  0.9280E-12  0.8550E-12  0.7160E-12  0.5720E-12  0.4950E-12
  0.1000E+13  0.4740E-16  0.1500E-14  0.2190E-13  0.1430E-12  0.3290E-12  0.6260E-12  0.8580E-12  0.9310E-12  0.9470E-12  0.9280E-12  0.8550E-12  0.7160E-12  0.5720E-12  0.4950E-12
  0.1000E+14  0.4740E-16  0.1500E-14  0.2190E-13  0.1430E-12  0.3290E-12  0.6260E-12  0.8580E-12  0.9310E-12  0.9470E-12  0.9280E-12  0.8550E-12  0.7160E-12  0.5720E-12  0.4950E-12
  0.1000E+15  0.4750E-16  0.1510E-14  0.2200E-13  0.1430E-12  0.3300E-12  0.6260E-12  0.8580E-12  0.9310E-12  0.9470E-12  0.9290E-12  0.8550E-12  0.7160E-12  0.5720E-12  0.4950E-12
  0.1000E+16  0.4900E-16  0.1550E-14  0.2250E-13  0.1460E-12  0.3350E-12  0.6330E-12  0.8640E-12  0.9360E-12  0.9520E-12  0.9320E-12  0.8580E-12  0.7180E-12  0.5730E-12  0.4960E-12
  0.1000E+17  0.6370E-16  0.1940E-14  0.2750E-13  0.1740E-12  0.3900E-12  0.6960E-12  0.9220E-12  0.9880E-12  0.9980E-12  0.9710E-12  0.8870E-12  0.7370E-12  0.5860E-12  0.5050E-12
WAVELENGTH(A)= 
    37.838
 7 14 t 
excit   
    62.000     93.100    155.000    310.000    620.000   1550.000   3100.000   4650.000   6200.000   9310.000  15500.000  31000.000  62000.000  93100.000 
  0.1000E+11  0.5470E-17  0.4420E-15  0.1350E-13  0.1510E-12  0.4280E-12  0.6330E-12  0.6020E-12  0.5450E-12  0.4960E-12  0.4300E-12  0.3520E-12  0.2630E-12  0.1940E-12  0.1620E-12
  0.1000E+12  0.5470E-17  0.4420E-15  0.1350E-13  0.1510E-12  0.4280E-12  0.6330E-12  0.6020E-12  0.5450E-12  0.4960E-12  0.4300E-12  0.3520E-12  0.2630E-12  0.1940E-12  0.1620E-12
  0.1000E+13  0.5470E-17  0.4420E-15  0.1350E-13  0.1510E-12  0.4280E-12  0.6330E-12  0.6020E-12  0.5450E-12  0.4960E-12  0.4300E-12  0.3520E-12  0.2630E-12  0.1940E-12  0.1620E-12
  0.1000E+14  0.5470E-17  0.4420E-15  0.1350E-13  0.1510E-12  0.4280E-12  0.6330E-12  0.6020E-12  0.5450E-12  0.4960E-12  0.4300E-12  0.3520E-12  0.2630E-12  0.1940E-12  0.1620E-12
  0.1000E+15  0.5470E-17  0.4420E-15  0.1350E-13  0.1510E-12  0.4280E-12  0.6330E-12  0.6020E-12  0.5450E-12  0.4960E-12  0.4300E-12  0.3520E-12  0.2630E-12  0.1940E-12  0.1620E-12
  0.1000E+16  0.5470E-17  0.4420E-15  0.1350E-13  0.1510E-12  0.4280E-12  0.6330E-12  0.6020E-12  0.5450E-12  0.4960E-12  0.4300E-12  0.3520E-12  0.2620E-12  0.1940E-12  0.1620E-12
  0.1000E+17  0.5470E-17  0.4410E-15  0.1350E-13  0.1510E-12  0.4270E-12  0.6320E-12  0.6000E-12  0.5430E-12  0.4950E-12  0.4290E-12  0.3510E-12  0.2620E-12  0.1940E-12  0.1610E-12
WAVELENGTH(A)= 
    38.158
 7 14 t 
excit   
    62.000     93.100    155.000    310.000    620.000   1550.000   3100.000   4650.000   6200.000   9310.000  15500.000  31000.000  62000.000  93100.000 
  0.1000E+11  0.1180E-16  0.1110E-14  0.3890E-13  0.4760E-12  0.1410E-11  0.2150E-11  0.2060E-11  0.1880E-11  0.1730E-11  0.1500E-11  0.1240E-11  0.9360E-12  0.6960E-12  0.5850E-12
  0.1000E+12  0.1180E-16  0.1110E-14  0.3890E-13  0.4760E-12  0.1410E-11  0.2150E-11  0.2060E-11  0.1880E-11  0.1730E-11  0.1500E-11  0.1240E-11  0.9360E-12  0.6960E-12  0.5850E-12
  0.1000E+13  0.1180E-16  0.1110E-14  0.3890E-13  0.4760E-12  0.1410E-11  0.2150E-11  0.2060E-11  0.1880E-11  0.1730E-11  0.1500E-11  0.1240E-11  0.9360E-12  0.6960E-12  0.5850E-12
  0.1000E+14  0.1180E-16  0.1110E-14  0.3890E-13  0.4760E-12  0.1410E-11  0.2150E-11  0.2060E-11  0.1880E-11  0.1730E-11  0.1500E-11  0.1240E-11  0.9360E-12  0.6960E-12  0.5850E-12
  0.1000E+15  0.1180E-16  0.1110E-14  0.3890E-13  0.4760E-12  0.1410E-11  0.2150E-11  0.2060E-11  0.1880E-11  0.1730E-11  0.1500E-11  0.1240E-11  0.9360E-12  0.6960E-12  0.5850E-12
  0.1000E+16  0.1180E-16  0.1110E-14  0.3890E-13  0.4760E-12  0.1410E-11  0.2150E-11  0.2060E-11  0.1880E-11  0.1730E-11  0.1500E-11  0.1240E-11  0.9360E-12  0.6960E-12  0.5850E-12
  0.1000E+17  0.1180E-16  0.1110E-14  0.3890E-13  0.4750E-12  0.1410E-11  0.2150E-11  0.2050E-11  0.1870E-11  0.1730E-11  0.1500E-11  0.1240E-11  0.9340E-12  0.6950E-12  0.5840E-12
WAVELENGTH(A)= 
    38.264
 7 14 t 
excit   
    62.000     93.100    155.000    310.000    620.000   1550.000   3100.000   4650.000   6200.000   9310.000  15500.000  31000.000  62000.000  93100.000 
  0.1000E+11  0.4520E-16  0.3580E-14  0.1080E-12  0.1190E-11  0.3370E-11  0.4930E-11  0.4710E-11  0.4260E-11  0.3910E-11  0.3390E-11  0.2780E-11  0.2080E-11  0.1550E-11  0.1300E-11
  0.1000E+12  0.4520E-16  0.3580E-14  0.1080E-12  0.1190E-11  0.3370E-11  0.4930E-11  0.4710E-11  0.4260E-11  0.3910E-11  0.3390E-11  0.2780E-11  0.2080E-11  0.1550E-11  0.1300E-11
  0.1000E+13  0.4520E-16  0.3580E-14  0.1080E-12  0.1190E-11  0.3370E-11  0.4930E-11  0.4710E-11  0.4260E-11  0.3910E-11  0.3390E-11  0.2780E-11  0.2080E-11  0.1550E-11  0.1300E-11
  0.1000E+14  0.4520E-16  0.3580E-14  0.1080E-12  0.1190E-11  0.3370E-11  0.4930E-11  0.4710E-11  0.4260E-11  0.3910E-11  0.3390E-11  0.2780E-11  0.2080E-11  0.1550E-11  0.1300E-11
  0.1000E+15  0.4520E-16  0.3580E-14  0.1080E-12  0.1190E-11  0.3370E-11  0.4930E-11  0.4710E-11  0.4260E-11  0.3910E-11  0.3390E-11  0.2780E-11  0.2080E-11  0.1550E-11  0.1300E-11
  0.1000E+16  0.4520E-16  0.3580E-14  0.1080E-12  0.1190E-11  0.3370E-11  0.4930E-11  0.4710E-11  0.4260E-11  0.3910E-11  0.3390E-11  0.2780E-11  0.2080E-11  0.1550E-11  0.1290E-11
  0.1000E+17  0.4520E-16  0.3580E-14  0.1080E-12  0.1190E-11  0.3360E-11  0.4920E-11  0.4690E-11  0.4250E-11  0.3900E-11  0.3380E-11  0.2770E-11  0.2080E-11  0.1540E-11  0.1290E-11
WAVELENGTH(A)= 
    38.922
 7 14 t 
excit   
    62.000     93.100    155.000    310.000    620.000   1550.000   3100.000   4650.000   6200.000   9310.000  15500.000  31000.000  62000.000  93100.000 
  0.1000E+11  0.2880E-11  0.1310E-10  0.4060E-10  0.8350E-10  0.1060E-09  0.1060E-09  0.9670E-10  0.8910E-10  0.8330E-10  0.7480E-10  0.6450E-10  0.5160E-10  0.4060E-10  0.3510E-10
  0.1000E+12  0.2880E-11  0.1310E-10  0.4060E-10  0.8350E-10  0.1060E-09  0.1060E-09  0.9670E-10  0.8910E-10  0.8330E-10  0.7480E-10  0.6450E-10  0.5160E-10  0.4060E-10  0.3510E-10
  0.1000E+13  0.2880E-11  0.1310E-10  0.4060E-10  0.8350E-10  0.1060E-09  0.1060E-09  0.9670E-10  0.8910E-10  0.8330E-10  0.7480E-10  0.6450E-10  0.5160E-10  0.4060E-10  0.3510E-10
  0.1000E+14  0.2880E-11  0.1310E-10  0.4060E-10  0.8350E-10  0.1060E-09  0.1060E-09  0.9670E-10  0.8910E-10  0.8330E-10  0.7480E-10  0.6450E-10  0.5160E-10  0.4060E-10  0.3510E-10
  0.1000E+15  0.2880E-11  0.1310E-10  0.4060E-10  0.8350E-10  0.1060E-09  0.1060E-09  0.9670E-10  0.8910E-10  0.8330E-10  0.7480E-10  0.6450E-10  0.5160E-10  0.4060E-10  0.3500E-10
  0.1000E+16  0.2880E-11  0.1310E-10  0.4060E-10  0.8350E-10  0.1060E-09  0.1060E-09  0.9670E-10  0.8910E-10  0.8330E-10  0.7480E-10  0.6450E-10  0.5160E-10  0.4060E-10  0.3500E-10
  0.1000E+17  0.2880E-11  0.1310E-10  0.4060E-10  0.8340E-10  0.1060E-09  0.1060E-09  0.9640E-10  0.8880E-10  0.8300E-10  0.7460E-10  0.6430E-10  0.5150E-10  0.4060E-10  0.3500E-10
WAVELENGTH(A)= 
    39.513
 7 14 t 
excit   
    62.000     93.100    155.000    310.000    620.000   1550.000   3100.000   4650.000   6200.000   9310.000  15500.000  31000.000  62000.000  93100.000 
  0.1000E+11  0.1650E-16  0.1240E-14  0.3580E-13  0.3830E-12  0.1060E-11  0.1560E-11  0.1500E-11  0.1370E-11  0.1270E-11  0.1120E-11  0.9380E-12  0.7320E-12  0.5680E-12  0.4900E-12
  0.1000E+12  0.1650E-16  0.1240E-14  0.3580E-13  0.3830E-12  0.1060E-11  0.1560E-11  0.1500E-11  0.1370E-11  0.1270E-11  0.1120E-11  0.9380E-12  0.7320E-12  0.5680E-12  0.4900E-12
  0.1000E+13  0.1650E-16  0.1240E-14  0.3580E-13  0.3830E-12  0.1060E-11  0.1560E-11  0.1500E-11  0.1370E-11  0.1270E-11  0.1120E-11  0.9380E-12  0.7320E-12  0.5680E-12  0.4900E-12
  0.1000E+14  0.1650E-16  0.1240E-14  0.3580E-13  0.3830E-12  0.1060E-11  0.1560E-11  0.1500E-11  0.1370E-11  0.1270E-11  0.1120E-11  0.9380E-12  0.7320E-12  0.5680E-12  0.4900E-12
  0.1000E+15  0.1650E-16  0.1240E-14  0.3580E-13  0.3830E-12  0.1060E-11  0.1560E-11  0.1500E-11  0.1370E-11  0.1270E-11  0.1120E-11  0.9380E-12  0.7320E-12  0.5680E-12  0.4900E-12
  0.1000E+16  0.1650E-16  0.1240E-14  0.3580E-13  0.3830E-12  0.1060E-11  0.1560E-11  0.1500E-11  0.1370E-11  0.1270E-11  0.1120E-11  0.9380E-12  0.7320E-12  0.5680E-12  0.4900E-12
  0.1000E+17  0.1650E-16  0.1240E-14  0.3580E-13  0.3830E-12  0.1060E-11  0.1550E-11  0.1490E-11  0.1370E-11  0.1260E-11  0.1110E-11  0.9350E-12  0.7300E-12  0.5670E-12  0.4890E-12
WAVELENGTH(A)= 
    39.654
 7 14 t 
excit   
    62.000     93.100    155.000    310.000    620.000   1550.000   3100.000   4650.000   6200.000   9310.000  15500.000  31000.000  62000.000  93100.000 
  0.1000E+11  0.3720E-17  0.3510E-15  0.1230E-13  0.1500E-12  0.4450E-12  0.6780E-12  0.6490E-12  0.5920E-12  0.5460E-12  0.4730E-12  0.3900E-12  0.2950E-12  0.2190E-12  0.1840E-12
  0.1000E+12  0.3720E-17  0.3510E-15  0.1230E-13  0.1500E-12  0.4450E-12  0.6780E-12  0.6490E-12  0.5920E-12  0.5460E-12  0.4730E-12  0.3900E-12  0.2950E-12  0.2190E-12  0.1840E-12
  0.1000E+13  0.3720E-17  0.3510E-15  0.1230E-13  0.1500E-12  0.4450E-12  0.6780E-12  0.6490E-12  0.5920E-12  0.5460E-12  0.4730E-12  0.3900E-12  0.2950E-12  0.2190E-12  0.1840E-12
  0.1000E+14  0.3720E-17  0.3510E-15  0.1230E-13  0.1500E-12  0.4450E-12  0.6780E-12  0.6490E-12  0.5920E-12  0.5460E-12  0.4730E-12  0.3900E-12  0.2950E-12  0.2190E-12  0.1840E-12
  0.1000E+15  0.3720E-17  0.3510E-15  0.1230E-13  0.1500E-12  0.4450E-12  0.6780E-12  0.6490E-12  0.5920E-12  0.5460E-12  0.4730E-12  0.3900E-12  0.2950E-12  0.2190E-12  0.1840E-12
  0.1000E+16  0.3720E-17  0.3510E-15  0.1230E-13  0.1500E-12  0.4450E-12  0.6770E-12  0.6490E-12  0.5920E-12  0.5460E-12  0.4730E-12  0.3900E-12  0.2950E-12  0.2190E-12  0.1840E-12
  0.1000E+17  0.3720E-17  0.3510E-15  0.1230E-13  0.1500E-12  0.4440E-12  0.6760E-12  0.6470E-12  0.5910E-12  0.5440E-12  0.4710E-12  0.3890E-12  0.2940E-12  0.2190E-12  0.1840E-12
WAVELENGTH(A)= 
    39.810
 7 14 t 
excit   
    62.000     93.100    155.000    310.000    620.000   1550.000   3100.000   4650.000   6200.000   9310.000  15500.000  31000.000  62000.000  93100.000 
  0.1000E+11  0.1010E-16  0.8860E-15  0.2900E-13  0.3400E-12  0.9880E-12  0.1480E-11  0.1410E-11  0.1280E-11  0.1180E-11  0.1020E-11  0.8380E-12  0.6270E-12  0.4650E-12  0.3890E-12
  0.1000E+12  0.1010E-16  0.8860E-15  0.2900E-13  0.3400E-12  0.9880E-12  0.1480E-11  0.1410E-11  0.1280E-11  0.1180E-11  0.1020E-11  0.8380E-12  0.6270E-12  0.4650E-12  0.3890E-12
  0.1000E+13  0.1010E-16  0.8860E-15  0.2900E-13  0.3400E-12  0.9880E-12  0.1480E-11  0.1410E-11  0.1280E-11  0.1180E-11  0.1020E-11  0.8370E-12  0.6270E-12  0.4650E-12  0.3890E-12
  0.1000E+14  0.1010E-16  0.8860E-15  0.2900E-13  0.3400E-12  0.9880E-12  0.1480E-11  0.1410E-11  0.1280E-11  0.1180E-11  0.1020E-11  0.8370E-12  0.6270E-12  0.4650E-12  0.3890E-12
  0.1000E+15  0.1010E-16  0.8860E-15  0.2900E-13  0.3400E-12  0.9880E-12  0.1480E-11  0.1410E-11  0.1280E-11  0.1180E-11  0.1020E-11  0.8370E-12  0.6270E-12  0.4650E-12  0.3890E-12
  0.1000E+16  0.1010E-16  0.8860E-15  0.2900E-13  0.3400E-12  0.9880E-12  0.1480E-11  0.1410E-11  0.1280E-11  0.1180E-11  0.1020E-11  0.8370E-12  0.6260E-12  0.4650E-12  0.3890E-12
  0.1000E+17  0.1010E-16  0.8860E-15  0.2890E-13  0.3400E-12  0.9860E-12  0.1470E-11  0.1410E-11  0.1280E-11  0.1170E-11  0.1020E-11  0.8350E-12  0.6250E-12  0.4640E-12  0.3880E-12
WAVELENGTH(A)= 
    40.112
 7 14 t 
excit   
    62.000     93.100    155.000    310.000    620.000   1550.000   3100.000   4650.000   6200.000   9310.000  15500.000  31000.000  62000.000  93100.000 
  0.1000E+11  0.3660E-16  0.1060E-14  0.1430E-13  0.8830E-13  0.2040E-12  0.4790E-12  0.7430E-12  0.8320E-12  0.8590E-12  0.8530E-12  0.7910E-12  0.6630E-12  0.5270E-12  0.4530E-12
  0.1000E+12  0.3660E-16  0.1060E-14  0.1430E-13  0.8830E-13  0.2040E-12  0.4790E-12  0.7430E-12  0.8320E-12  0.8590E-12  0.8530E-12  0.7910E-12  0.6630E-12  0.5270E-12  0.4530E-12
  0.1000E+13  0.3660E-16  0.1060E-14  0.1430E-13  0.8830E-13  0.2040E-12  0.4790E-12  0.7430E-12  0.8320E-12  0.8590E-12  0.8530E-12  0.7910E-12  0.6630E-12  0.5270E-12  0.4530E-12
  0.1000E+14  0.3660E-16  0.1060E-14  0.1430E-13  0.8840E-13  0.2040E-12  0.4790E-12  0.7430E-12  0.8320E-12  0.8590E-12  0.8530E-12  0.7910E-12  0.6630E-12  0.5270E-12  0.4530E-12
  0.1000E+15  0.3670E-16  0.1060E-14  0.1430E-13  0.8860E-13  0.2040E-12  0.4790E-12  0.7430E-12  0.8320E-12  0.8600E-12  0.8530E-12  0.7910E-12  0.6630E-12  0.5270E-12  0.4530E-12
  0.1000E+16  0.3810E-16  0.1090E-14  0.1470E-13  0.9060E-13  0.2080E-12  0.4830E-12  0.7470E-12  0.8350E-12  0.8620E-12  0.8550E-12  0.7930E-12  0.6640E-12  0.5280E-12  0.4530E-12
  0.1000E+17  0.5190E-16  0.1430E-14  0.1860E-13  0.1100E-12  0.2430E-12  0.5220E-12  0.7810E-12  0.8650E-12  0.8890E-12  0.8770E-12  0.8090E-12  0.6740E-12  0.5340E-12  0.4590E-12
WAVELENGTH(A)= 
    41.864
 7 14 t 
excit   
    62.000     93.100    155.000    310.000    620.000   1550.000   3100.000   4650.000   6200.000   9310.000  15500.000  31000.000  62000.000  93100.000 
  0.1000E+11  0.8870E-17  0.7160E-15  0.2190E-13  0.2450E-12  0.6940E-12  0.1030E-11  0.9770E-12  0.8840E-12  0.8050E-12  0.6980E-12  0.5710E-12  0.4260E-12  0.3150E-12  0.2620E-12
  0.1000E+12  0.8870E-17  0.7160E-15  0.2190E-13  0.2450E-12  0.6940E-12  0.1030E-11  0.9770E-12  0.8840E-12  0.8050E-12  0.6980E-12  0.5710E-12  0.4260E-12  0.3150E-12  0.2620E-12
  0.1000E+13  0.8870E-17  0.7160E-15  0.2190E-13  0.2450E-12  0.6940E-12  0.1030E-11  0.9770E-12  0.8840E-12  0.8050E-12  0.6980E-12  0.5710E-12  0.4260E-12  0.3150E-12  0.2620E-12
  0.1000E+14  0.8870E-17  0.7160E-15  0.2190E-13  0.2450E-12  0.6940E-12  0.1030E-11  0.9770E-12  0.8840E-12  0.8050E-12  0.6980E-12  0.5710E-12  0.4260E-12  0.3150E-12  0.2620E-12
  0.1000E+15  0.8870E-17  0.7160E-15  0.2190E-13  0.2450E-12  0.6940E-12  0.1030E-11  0.9770E-12  0.8840E-12  0.8050E-12  0.6980E-12  0.5710E-12  0.4260E-12  0.3150E-12  0.2620E-12
  0.1000E+16  0.8870E-17  0.7160E-15  0.2190E-13  0.2450E-12  0.6940E-12  0.1030E-11  0.9760E-12  0.8840E-12  0.8050E-12  0.6980E-12  0.5710E-12  0.4260E-12  0.3150E-12  0.2620E-12
  0.1000E+17  0.8870E-17  0.7160E-15  0.2190E-13  0.2450E-12  0.6920E-12  0.1030E-11  0.9730E-12  0.8810E-12  0.8030E-12  0.6960E-12  0.5690E-12  0.4250E-12  0.3140E-12  0.2620E-12
WAVELENGTH(A)= 
    41.893
 7 14 t 
excit   
    62.000     93.100    155.000    310.000    620.000   1550.000   3100.000   4650.000   6200.000   9310.000  15500.000  31000.000  62000.000  93100.000 
  0.1000E+11  0.1480E-16  0.1200E-14  0.3650E-13  0.4100E-12  0.1160E-11  0.1720E-11  0.1630E-11  0.1480E-11  0.1340E-11  0.1170E-11  0.9530E-12  0.7110E-12  0.5250E-12  0.4380E-12
  0.1000E+12  0.1480E-16  0.1200E-14  0.3650E-13  0.4100E-12  0.1160E-11  0.1720E-11  0.1630E-11  0.1480E-11  0.1340E-11  0.1170E-11  0.9530E-12  0.7110E-12  0.5250E-12  0.4380E-12
  0.1000E+13  0.1480E-16  0.1200E-14  0.3650E-13  0.4100E-12  0.1160E-11  0.1720E-11  0.1630E-11  0.1480E-11  0.1340E-11  0.1170E-11  0.9530E-12  0.7110E-12  0.5250E-12  0.4380E-12
  0.1000E+14  0.1480E-16  0.1200E-14  0.3650E-13  0.4100E-12  0.1160E-11  0.1720E-11  0.1630E-11  0.1480E-11  0.1340E-11  0.1170E-11  0.9530E-12  0.7110E-12  0.5250E-12  0.4380E-12
  0.1000E+15  0.1480E-16  0.1200E-14  0.3650E-13  0.4100E-12  0.1160E-11  0.1720E-11  0.1630E-11  0.1480E-11  0.1340E-11  0.1170E-11  0.9530E-12  0.7110E-12  0.5250E-12  0.4380E-12
  0.1000E+16  0.1480E-16  0.1200E-14  0.3650E-13  0.4100E-12  0.1160E-11  0.1720E-11  0.1630E-11  0.1480E-11  0.1340E-11  0.1160E-11  0.9530E-12  0.7110E-12  0.5250E-12  0.4380E-12
  0.1000E+17  0.1480E-16  0.1200E-14  0.3650E-13  0.4090E-12  0.1160E-11  0.1710E-11  0.1630E-11  0.1470E-11  0.1340E-11  0.1160E-11  0.9500E-12  0.7090E-12  0.5240E-12  0.4370E-12
WAVELENGTH(A)= 
    48.147
 7 14 t 
excit   
    62.000     93.100    155.000    310.000    620.000   1550.000   3100.000   4650.000   6200.000   9310.000  15500.000  31000.000  62000.000  93100.000 
  0.1000E+11  0.3960E-16  0.2190E-14  0.4970E-13  0.4450E-12  0.1130E-11  0.1570E-11  0.1480E-11  0.1350E-11  0.1240E-11  0.1090E-11  0.9100E-12  0.7050E-12  0.5430E-12  0.4660E-12
  0.1000E+12  0.3960E-16  0.2190E-14  0.4970E-13  0.4450E-12  0.1130E-11  0.1570E-11  0.1480E-11  0.1350E-11  0.1240E-11  0.1090E-11  0.9100E-12  0.7050E-12  0.5430E-12  0.4660E-12
  0.1000E+13  0.3960E-16  0.2190E-14  0.4970E-13  0.4450E-12  0.1130E-11  0.1570E-11  0.1480E-11  0.1350E-11  0.1240E-11  0.1090E-11  0.9100E-12  0.7050E-12  0.5430E-12  0.4660E-12
  0.1000E+14  0.3960E-16  0.2190E-14  0.4970E-13  0.4450E-12  0.1130E-11  0.1570E-11  0.1480E-11  0.1350E-11  0.1240E-11  0.1090E-11  0.9100E-12  0.7050E-12  0.5430E-12  0.4660E-12
  0.1000E+15  0.3960E-16  0.2190E-14  0.4970E-13  0.4450E-12  0.1130E-11  0.1570E-11  0.1480E-11  0.1350E-11  0.1240E-11  0.1090E-11  0.9100E-12  0.7050E-12  0.5430E-12  0.4660E-12
  0.1000E+16  0.3960E-16  0.2190E-14  0.4970E-13  0.4450E-12  0.1130E-11  0.1570E-11  0.1480E-11  0.1350E-11  0.1240E-11  0.1090E-11  0.9100E-12  0.7050E-12  0.5430E-12  0.4660E-12
  0.1000E+17  0.3960E-16  0.2190E-14  0.4970E-13  0.4440E-12  0.1120E-11  0.1560E-11  0.1480E-11  0.1340E-11  0.1240E-11  0.1090E-11  0.9080E-12  0.7030E-12  0.5420E-12  0.4650E-12
WAVELENGTH(A)= 
    54.490
 7 14 t 
excit   
    62.000     93.100    155.000    310.000    620.000   1550.000   3100.000   4650.000   6200.000   9310.000  15500.000  31000.000  62000.000  93100.000 
  0.1000E+11  0.1120E-15  0.5290E-14  0.1050E-12  0.8550E-12  0.2070E-11  0.2800E-11  0.2610E-11  0.2370E-11  0.2170E-11  0.1900E-11  0.1590E-11  0.1210E-11  0.9250E-12  0.7870E-12
  0.1000E+12  0.1120E-15  0.5290E-14  0.1050E-12  0.8550E-12  0.2070E-11  0.2800E-11  0.2610E-11  0.2370E-11  0.2170E-11  0.1900E-11  0.1590E-11  0.1210E-11  0.9250E-12  0.7870E-12
  0.1000E+13  0.1120E-15  0.5290E-14  0.1050E-12  0.8550E-12  0.2070E-11  0.2800E-11  0.2610E-11  0.2370E-11  0.2170E-11  0.1900E-11  0.1590E-11  0.1210E-11  0.9250E-12  0.7870E-12
  0.1000E+14  0.1120E-15  0.5290E-14  0.1050E-12  0.8550E-12  0.2070E-11  0.2800E-11  0.2610E-11  0.2370E-11  0.2170E-11  0.1900E-11  0.1590E-11  0.1210E-11  0.9250E-12  0.7870E-12
  0.1000E+15  0.1120E-15  0.5290E-14  0.1050E-12  0.8550E-12  0.2070E-11  0.2800E-11  0.2610E-11  0.2370E-11  0.2170E-11  0.1900E-11  0.1590E-11  0.1210E-11  0.9250E-12  0.7870E-12
  0.1000E+16  0.1120E-15  0.5290E-14  0.1050E-12  0.8550E-12  0.2070E-11  0.2800E-11  0.2610E-11  0.2370E-11  0.2170E-11  0.1900E-11  0.1590E-11  0.1210E-11  0.9250E-12  0.7870E-12
  0.1000E+17  0.1120E-15  0.5290E-14  0.1050E-12  0.8550E-12  0.2060E-11  0.2790E-11  0.2600E-11  0.2370E-11  0.2160E-11  0.1900E-11  0.1580E-11  0.1210E-11  0.9240E-12  0.7860E-12
WAVELENGTH(A)= 
    54.978
 7 14 t 
excit   
    62.000     93.100    155.000    310.000    620.000   1550.000   3100.000   4650.000   6200.000   9310.000  15500.000  31000.000  62000.000  93100.000 
  0.1000E+11  0.1620E-11  0.4520E-11  0.9490E-11  0.1480E-10  0.1650E-10  0.1560E-10  0.1400E-10  0.1290E-10  0.1210E-10  0.1080E-10  0.9340E-11  0.7450E-11  0.5860E-11  0.5050E-11
  0.1000E+12  0.1620E-11  0.4520E-11  0.9490E-11  0.1480E-10  0.1650E-10  0.1560E-10  0.1400E-10  0.1290E-10  0.1210E-10  0.1080E-10  0.9340E-11  0.7450E-11  0.5860E-11  0.5050E-11
  0.1000E+13  0.1620E-11  0.4520E-11  0.9490E-11  0.1480E-10  0.1650E-10  0.1560E-10  0.1400E-10  0.1290E-10  0.1210E-10  0.1080E-10  0.9340E-11  0.7450E-11  0.5860E-11  0.5050E-11
  0.1000E+14  0.1620E-11  0.4520E-11  0.9490E-11  0.1480E-10  0.1650E-10  0.1560E-10  0.1400E-10  0.1290E-10  0.1210E-10  0.1080E-10  0.9340E-11  0.7450E-11  0.5860E-11  0.5050E-11
  0.1000E+15  0.1620E-11  0.4520E-11  0.9490E-11  0.1480E-10  0.1650E-10  0.1560E-10  0.1400E-10  0.1290E-10  0.1210E-10  0.1080E-10  0.9330E-11  0.7450E-11  0.5860E-11  0.5050E-11
  0.1000E+16  0.1620E-11  0.4520E-11  0.9490E-11  0.1480E-10  0.1650E-10  0.1560E-10  0.1400E-10  0.1290E-10  0.1200E-10  0.1080E-10  0.9330E-11  0.7450E-11  0.5850E-11  0.5050E-11
  0.1000E+17  0.1620E-11  0.4520E-11  0.9480E-11  0.1480E-10  0.1640E-10  0.1550E-10  0.1390E-10  0.1290E-10  0.1200E-10  0.1080E-10  0.9300E-11  0.7430E-11  0.5840E-11  0.5040E-11
WAVELENGTH(A)= 
    55.232
 7 14 t 
excit   
    62.000     93.100    155.000    310.000    620.000   1550.000   3100.000   4650.000   6200.000   9310.000  15500.000  31000.000  62000.000  93100.000 
  0.1000E+11  0.6430E-20  0.3300E-18  0.7090E-17  0.1950E-15  0.1820E-13  0.3000E-12  0.6800E-12  0.8440E-12  0.9140E-12  0.9550E-12  0.9270E-12  0.8150E-12  0.6750E-12  0.5930E-12
  0.1000E+12  0.6480E-20  0.3310E-18  0.7100E-17  0.1950E-15  0.1820E-13  0.3000E-12  0.6800E-12  0.8440E-12  0.9140E-12  0.9550E-12  0.9270E-12  0.8150E-12  0.6750E-12  0.5930E-12
  0.1000E+13  0.6970E-20  0.3380E-18  0.7160E-17  0.1960E-15  0.1820E-13  0.3000E-12  0.6800E-12  0.8440E-12  0.9140E-12  0.9550E-12  0.9270E-12  0.8150E-12  0.6750E-12  0.5930E-12
  0.1000E+14  0.1180E-19  0.4140E-18  0.7780E-17  0.1980E-15  0.1820E-13  0.3000E-12  0.6800E-12  0.8440E-12  0.9140E-12  0.9550E-12  0.9270E-12  0.8150E-12  0.6750E-12  0.5930E-12
  0.1000E+15  0.6040E-19  0.1180E-17  0.1390E-16  0.2230E-15  0.1820E-13  0.3000E-12  0.6800E-12  0.8440E-12  0.9140E-12  0.9550E-12  0.9270E-12  0.8150E-12  0.6750E-12  0.5930E-12
  0.1000E+16  0.5460E-18  0.8780E-17  0.7520E-16  0.4750E-15  0.1860E-13  0.3000E-12  0.6800E-12  0.8440E-12  0.9140E-12  0.9550E-12  0.9270E-12  0.8140E-12  0.6750E-12  0.5930E-12
  0.1000E+17  0.5370E-17  0.8400E-16  0.6790E-15  0.2930E-14  0.2280E-13  0.3040E-12  0.6810E-12  0.8430E-12  0.9130E-12  0.9520E-12  0.9240E-12  0.8120E-12  0.6730E-12  0.5910E-12
WAVELENGTH(A)= 
    56.844
 7 14 t 
excit   
    62.000     93.100    155.000    310.000    620.000   1550.000   3100.000   4650.000   6200.000   9310.000  15500.000  31000.000  62000.000  93100.000 
  0.1000E+11  0.6590E-16  0.2950E-14  0.5660E-13  0.4460E-12  0.1060E-11  0.1430E-11  0.1340E-11  0.1220E-11  0.1130E-11  0.9950E-12  0.8370E-12  0.6560E-12  0.5120E-12  0.4410E-12
  0.1000E+12  0.6590E-16  0.2950E-14  0.5660E-13  0.4460E-12  0.1060E-11  0.1430E-11  0.1340E-11  0.1220E-11  0.1130E-11  0.9950E-12  0.8370E-12  0.6560E-12  0.5120E-12  0.4410E-12
  0.1000E+13  0.6590E-16  0.2950E-14  0.5660E-13  0.4460E-12  0.1060E-11  0.1430E-11  0.1340E-11  0.1220E-11  0.1130E-11  0.9950E-12  0.8370E-12  0.6560E-12  0.5120E-12  0.4410E-12
  0.1000E+14  0.6590E-16  0.2950E-14  0.5660E-13  0.4460E-12  0.1060E-11  0.1430E-11  0.1340E-11  0.1220E-11  0.1130E-11  0.9950E-12  0.8370E-12  0.6560E-12  0.5120E-12  0.4410E-12
  0.1000E+15  0.6590E-16  0.2950E-14  0.5660E-13  0.4460E-12  0.1060E-11  0.1430E-11  0.1340E-11  0.1220E-11  0.1130E-11  0.9950E-12  0.8370E-12  0.6560E-12  0.5120E-12  0.4410E-12
  0.1000E+16  0.6590E-16  0.2950E-14  0.5660E-13  0.4460E-12  0.1060E-11  0.1430E-11  0.1340E-11  0.1220E-11  0.1130E-11  0.9950E-12  0.8370E-12  0.6560E-12  0.5110E-12  0.4410E-12
  0.1000E+17  0.6590E-16  0.2950E-14  0.5660E-13  0.4450E-12  0.1060E-11  0.1430E-11  0.1340E-11  0.1220E-11  0.1130E-11  0.9920E-12  0.8350E-12  0.6540E-12  0.5110E-12  0.4410E-12
WAVELENGTH(A)= 
    57.133
 7 14 t 
excit   
    62.000     93.100    155.000    310.000    620.000   1550.000   3100.000   4650.000   6200.000   9310.000  15500.000  31000.000  62000.000  93100.000 
  0.1000E+11  0.6720E-15  0.1190E-13  0.1100E-12  0.5120E-12  0.9740E-12  0.1230E-11  0.1200E-11  0.1140E-11  0.1080E-11  0.9920E-12  0.8690E-12  0.7150E-12  0.5730E-12  0.4990E-12
  0.1000E+12  0.6720E-15  0.1190E-13  0.1100E-12  0.5120E-12  0.9740E-12  0.1230E-11  0.1200E-11  0.1140E-11  0.1080E-11  0.9920E-12  0.8690E-12  0.7150E-12  0.5730E-12  0.4990E-12
  0.1000E+13  0.6720E-15  0.1190E-13  0.1100E-12  0.5120E-12  0.9740E-12  0.1230E-11  0.1200E-11  0.1140E-11  0.1080E-11  0.9920E-12  0.8690E-12  0.7150E-12  0.5730E-12  0.4990E-12
  0.1000E+14  0.6720E-15  0.1190E-13  0.1100E-12  0.5120E-12  0.9740E-12  0.1230E-11  0.1200E-11  0.1140E-11  0.1080E-11  0.9920E-12  0.8690E-12  0.7150E-12  0.5730E-12  0.4990E-12
  0.1000E+15  0.6720E-15  0.1190E-13  0.1100E-12  0.5120E-12  0.9740E-12  0.1230E-11  0.1200E-11  0.1140E-11  0.1080E-11  0.9920E-12  0.8690E-12  0.7150E-12  0.5730E-12  0.4990E-12
  0.1000E+16  0.6730E-15  0.1190E-13  0.1100E-12  0.5120E-12  0.9740E-12  0.1230E-11  0.1200E-11  0.1140E-11  0.1080E-11  0.9920E-12  0.8690E-12  0.7150E-12  0.5720E-12  0.4990E-12
  0.1000E+17  0.6760E-15  0.1200E-13  0.1100E-12  0.5130E-12  0.9740E-12  0.1230E-11  0.1200E-11  0.1140E-11  0.1080E-11  0.9900E-12  0.8680E-12  0.7140E-12  0.5720E-12  0.4990E-12
WAVELENGTH(A)= 
    57.383
 7 14 t 
excit   
    62.000     93.100    155.000    310.000    620.000   1550.000   3100.000   4650.000   6200.000   9310.000  15500.000  31000.000  62000.000  93100.000 
  0.1000E+11  0.5170E-15  0.8620E-14  0.7650E-13  0.3550E-12  0.6830E-12  0.8660E-12  0.8410E-12  0.7920E-12  0.7500E-12  0.6820E-12  0.5980E-12  0.4850E-12  0.3880E-12  0.3370E-12
  0.1000E+12  0.5170E-15  0.8620E-14  0.7650E-13  0.3550E-12  0.6830E-12  0.8660E-12  0.8410E-12  0.7920E-12  0.7500E-12  0.6820E-12  0.5980E-12  0.4850E-12  0.3880E-12  0.3370E-12
  0.1000E+13  0.5170E-15  0.8620E-14  0.7650E-13  0.3550E-12  0.6830E-12  0.8660E-12  0.8410E-12  0.7920E-12  0.7500E-12  0.6820E-12  0.5980E-12  0.4850E-12  0.3880E-12  0.3370E-12
  0.1000E+14  0.5170E-15  0.8620E-14  0.7650E-13  0.3550E-12  0.6830E-12  0.8660E-12  0.8410E-12  0.7920E-12  0.7500E-12  0.6820E-12  0.5980E-12  0.4850E-12  0.3880E-12  0.3370E-12
  0.1000E+15  0.5170E-15  0.8620E-14  0.7650E-13  0.3550E-12  0.6830E-12  0.8660E-12  0.8410E-12  0.7920E-12  0.7500E-12  0.6820E-12  0.5980E-12  0.4850E-12  0.3880E-12  0.3370E-12
  0.1000E+16  0.5170E-15  0.8630E-14  0.7660E-13  0.3550E-12  0.6830E-12  0.8660E-12  0.8410E-12  0.7920E-12  0.7500E-12  0.6820E-12  0.5980E-12  0.4850E-12  0.3880E-12  0.3370E-12
  0.1000E+17  0.5190E-15  0.8660E-14  0.7680E-13  0.3560E-12  0.6830E-12  0.8650E-12  0.8390E-12  0.7910E-12  0.7490E-12  0.6800E-12  0.5970E-12  0.4840E-12  0.3880E-12  0.3370E-12
WAVELENGTH(A)= 
    58.176
 7 14 t 
excit   
    62.000     93.100    155.000    310.000    620.000   1550.000   3100.000   4650.000   6200.000   9310.000  15500.000  31000.000  62000.000  93100.000 
  0.1000E+11  0.8010E-16  0.1400E-14  0.1280E-13  0.5950E-13  0.1290E-12  0.4060E-12  0.7440E-12  0.8840E-12  0.9390E-12  0.9590E-12  0.9170E-12  0.7930E-12  0.6510E-12  0.5690E-12
  0.1000E+12  0.8010E-16  0.1400E-14  0.1280E-13  0.5950E-13  0.1290E-12  0.4060E-12  0.7440E-12  0.8840E-12  0.9390E-12  0.9590E-12  0.9170E-12  0.7930E-12  0.6510E-12  0.5690E-12
  0.1000E+13  0.8010E-16  0.1400E-14  0.1280E-13  0.5950E-13  0.1290E-12  0.4060E-12  0.7440E-12  0.8840E-12  0.9390E-12  0.9590E-12  0.9170E-12  0.7930E-12  0.6510E-12  0.5690E-12
  0.1000E+14  0.8010E-16  0.1400E-14  0.1280E-13  0.5950E-13  0.1290E-12  0.4060E-12  0.7440E-12  0.8840E-12  0.9390E-12  0.9590E-12  0.9170E-12  0.7930E-12  0.6510E-12  0.5690E-12
  0.1000E+15  0.8020E-16  0.1400E-14  0.1280E-13  0.5960E-13  0.1290E-12  0.4060E-12  0.7440E-12  0.8840E-12  0.9390E-12  0.9590E-12  0.9170E-12  0.7930E-12  0.6510E-12  0.5690E-12
  0.1000E+16  0.8180E-16  0.1420E-14  0.1290E-13  0.6020E-13  0.1300E-12  0.4070E-12  0.7450E-12  0.8840E-12  0.9400E-12  0.9600E-12  0.9170E-12  0.7930E-12  0.6510E-12  0.5690E-12
  0.1000E+17  0.9710E-16  0.1650E-14  0.1460E-13  0.6660E-13  0.1400E-12  0.4170E-12  0.7520E-12  0.8890E-12  0.9440E-12  0.9630E-12  0.9190E-12  0.7940E-12  0.6510E-12  0.5700E-12
WAVELENGTH(A)= 
    60.555
 7 14 t 
excit   
    62.000     93.100    155.000    310.000    620.000   1550.000   3100.000   4650.000   6200.000   9310.000  15500.000  31000.000  62000.000  93100.000 
  0.1000E+11  0.7330E-15  0.1220E-13  0.1090E-12  0.5040E-12  0.9680E-12  0.1230E-11  0.1190E-11  0.1120E-11  0.1060E-11  0.9670E-12  0.8480E-12  0.6880E-12  0.5510E-12  0.4780E-12
  0.1000E+12  0.7330E-15  0.1220E-13  0.1090E-12  0.5040E-12  0.9680E-12  0.1230E-11  0.1190E-11  0.1120E-11  0.1060E-11  0.9670E-12  0.8480E-12  0.6880E-12  0.5510E-12  0.4780E-12
  0.1000E+13  0.7330E-15  0.1220E-13  0.1090E-12  0.5040E-12  0.9680E-12  0.1230E-11  0.1190E-11  0.1120E-11  0.1060E-11  0.9670E-12  0.8480E-12  0.6880E-12  0.5510E-12  0.4780E-12
  0.1000E+14  0.7330E-15  0.1220E-13  0.1090E-12  0.5040E-12  0.9680E-12  0.1230E-11  0.1190E-11  0.1120E-11  0.1060E-11  0.9670E-12  0.8480E-12  0.6880E-12  0.5510E-12  0.4780E-12
  0.1000E+15  0.7330E-15  0.1220E-13  0.1090E-12  0.5040E-12  0.9680E-12  0.1230E-11  0.1190E-11  0.1120E-11  0.1060E-11  0.9670E-12  0.8480E-12  0.6880E-12  0.5510E-12  0.4780E-12
  0.1000E+16  0.7330E-15  0.1220E-13  0.1090E-12  0.5040E-12  0.9680E-12  0.1230E-11  0.1190E-11  0.1120E-11  0.1060E-11  0.9660E-12  0.8480E-12  0.6880E-12  0.5510E-12  0.4780E-12
  0.1000E+17  0.7360E-15  0.1230E-13  0.1090E-12  0.5050E-12  0.9680E-12  0.1230E-11  0.1190E-11  0.1120E-11  0.1060E-11  0.9650E-12  0.8470E-12  0.6870E-12  0.5500E-12  0.4780E-12
WAVELENGTH(A)= 
    65.208
 7 14 t 
excit   
    62.000     93.100    155.000    310.000    620.000   1550.000   3100.000   4650.000   6200.000   9310.000  15500.000  31000.000  62000.000  93100.000 
  0.1000E+11  0.5490E-15  0.9160E-14  0.8170E-13  0.3840E-12  0.7430E-12  0.9500E-12  0.9260E-12  0.8730E-12  0.8270E-12  0.7530E-12  0.6580E-12  0.5350E-12  0.4260E-12  0.3710E-12
  0.1000E+12  0.5490E-15  0.9160E-14  0.8170E-13  0.3840E-12  0.7430E-12  0.9500E-12  0.9260E-12  0.8730E-12  0.8270E-12  0.7530E-12  0.6580E-12  0.5350E-12  0.4260E-12  0.3710E-12
  0.1000E+13  0.5490E-15  0.9160E-14  0.8170E-13  0.3840E-12  0.7430E-12  0.9500E-12  0.9260E-12  0.8730E-12  0.8270E-12  0.7530E-12  0.6580E-12  0.5350E-12  0.4260E-12  0.3710E-12
  0.1000E+14  0.5490E-15  0.9160E-14  0.8170E-13  0.3840E-12  0.7430E-12  0.9500E-12  0.9260E-12  0.8730E-12  0.8270E-12  0.7530E-12  0.6580E-12  0.5350E-12  0.4260E-12  0.3710E-12
  0.1000E+15  0.5490E-15  0.9160E-14  0.8170E-13  0.3840E-12  0.7430E-12  0.9500E-12  0.9260E-12  0.8730E-12  0.8270E-12  0.7530E-12  0.6580E-12  0.5350E-12  0.4260E-12  0.3710E-12
  0.1000E+16  0.5490E-15  0.9160E-14  0.8170E-13  0.3840E-12  0.7430E-12  0.9500E-12  0.9250E-12  0.8730E-12  0.8260E-12  0.7530E-12  0.6580E-12  0.5350E-12  0.4260E-12  0.3710E-12
  0.1000E+17  0.5500E-15  0.9170E-14  0.8180E-13  0.3840E-12  0.7430E-12  0.9480E-12  0.9230E-12  0.8710E-12  0.8240E-12  0.7510E-12  0.6560E-12  0.5340E-12  0.4260E-12  0.3700E-12
WAVELENGTH(A)= 
    67.257
 7 14 t 
excit   
    62.000     93.100    155.000    310.000    620.000   1550.000   3100.000   4650.000   6200.000   9310.000  15500.000  31000.000  62000.000  93100.000 
  0.1000E+11  0.1660E-14  0.2400E-13  0.1990E-12  0.9390E-12  0.1870E-11  0.2420E-11  0.2350E-11  0.2200E-11  0.2070E-11  0.1880E-11  0.1630E-11  0.1310E-11  0.1030E-11  0.8920E-12
  0.1000E+12  0.1660E-14  0.2400E-13  0.1990E-12  0.9390E-12  0.1870E-11  0.2420E-11  0.2350E-11  0.2200E-11  0.2070E-11  0.1880E-11  0.1630E-11  0.1310E-11  0.1030E-11  0.8920E-12
  0.1000E+13  0.1660E-14  0.2400E-13  0.1990E-12  0.9390E-12  0.1870E-11  0.2420E-11  0.2350E-11  0.2200E-11  0.2070E-11  0.1880E-11  0.1630E-11  0.1310E-11  0.1030E-11  0.8920E-12
  0.1000E+14  0.1660E-14  0.2400E-13  0.1990E-12  0.9390E-12  0.1870E-11  0.2420E-11  0.2350E-11  0.2200E-11  0.2070E-11  0.1880E-11  0.1630E-11  0.1310E-11  0.1030E-11  0.8920E-12
  0.1000E+15  0.1660E-14  0.2400E-13  0.1990E-12  0.9390E-12  0.1870E-11  0.2420E-11  0.2350E-11  0.2200E-11  0.2070E-11  0.1880E-11  0.1630E-11  0.1310E-11  0.1030E-11  0.8920E-12
  0.1000E+16  0.1660E-14  0.2400E-13  0.1990E-12  0.9390E-12  0.1870E-11  0.2420E-11  0.2350E-11  0.2200E-11  0.2070E-11  0.1880E-11  0.1630E-11  0.1310E-11  0.1030E-11  0.8920E-12
  0.1000E+17  0.1670E-14  0.2410E-13  0.2000E-12  0.9410E-12  0.1870E-11  0.2420E-11  0.2350E-11  0.2200E-11  0.2070E-11  0.1870E-11  0.1630E-11  0.1310E-11  0.1030E-11  0.8910E-12
WAVELENGTH(A)= 
    71.656
 7 14 t 
excit   
    62.000     93.100    155.000    310.000    620.000   1550.000   3100.000   4650.000   6200.000   9310.000  15500.000  31000.000  62000.000  93100.000 
  0.1000E+11  0.1040E-14  0.1510E-13  0.1250E-12  0.5890E-12  0.1170E-11  0.1520E-11  0.1470E-11  0.1380E-11  0.1300E-11  0.1180E-11  0.1020E-11  0.8210E-12  0.6460E-12  0.5600E-12
  0.1000E+12  0.1040E-14  0.1510E-13  0.1250E-12  0.5890E-12  0.1170E-11  0.1520E-11  0.1470E-11  0.1380E-11  0.1300E-11  0.1180E-11  0.1020E-11  0.8210E-12  0.6460E-12  0.5600E-12
  0.1000E+13  0.1040E-14  0.1510E-13  0.1250E-12  0.5890E-12  0.1170E-11  0.1520E-11  0.1470E-11  0.1380E-11  0.1300E-11  0.1180E-11  0.1020E-11  0.8210E-12  0.6460E-12  0.5600E-12
  0.1000E+14  0.1040E-14  0.1510E-13  0.1250E-12  0.5890E-12  0.1170E-11  0.1520E-11  0.1470E-11  0.1380E-11  0.1300E-11  0.1180E-11  0.1020E-11  0.8210E-12  0.6460E-12  0.5600E-12
  0.1000E+15  0.1040E-14  0.1510E-13  0.1250E-12  0.5890E-12  0.1170E-11  0.1520E-11  0.1470E-11  0.1380E-11  0.1300E-11  0.1180E-11  0.1020E-11  0.8210E-12  0.6460E-12  0.5600E-12
  0.1000E+16  0.1040E-14  0.1510E-13  0.1250E-12  0.5900E-12  0.1170E-11  0.1520E-11  0.1470E-11  0.1380E-11  0.1300E-11  0.1180E-11  0.1020E-11  0.8210E-12  0.6460E-12  0.5600E-12
  0.1000E+17  0.1050E-14  0.1520E-13  0.1250E-12  0.5910E-12  0.1170E-11  0.1520E-11  0.1470E-11  0.1380E-11  0.1300E-11  0.1180E-11  0.1020E-11  0.8200E-12  0.6460E-12  0.5590E-12
