 50  7 14
WAVELENGTH(A)= 
     4.944
 7 14 t 
excit   
    50.300     75.400    126.000    251.000    503.000   1260.000   2510.000   3770.000   5030.000   7540.000  12600.000  25100.000  50300.000  75400.000 
  0.1000E+11  0.1410E-31  0.1930E-24  0.9020E-19  0.1390E-14  0.1480E-12  0.2050E-11  0.4410E-11  0.5510E-11  0.6090E-11  0.6610E-11  0.6930E-11  0.6850E-11  0.6380E-11  0.5990E-11
  0.1000E+12  0.1410E-31  0.1930E-24  0.9020E-19  0.1390E-14  0.1480E-12  0.2050E-11  0.4410E-11  0.5510E-11  0.6090E-11  0.6610E-11  0.6930E-11  0.6850E-11  0.6380E-11  0.5990E-11
  0.1000E+13  0.1410E-31  0.1930E-24  0.9020E-19  0.1390E-14  0.1480E-12  0.2050E-11  0.4410E-11  0.5510E-11  0.6090E-11  0.6610E-11  0.6930E-11  0.6850E-11  0.6380E-11  0.5980E-11
  0.1000E+14  0.1410E-31  0.1930E-24  0.9020E-19  0.1390E-14  0.1480E-12  0.2040E-11  0.4400E-11  0.5500E-11  0.6080E-11  0.6600E-11  0.6920E-11  0.6840E-11  0.6370E-11  0.5980E-11
  0.1000E+15  0.1410E-31  0.1920E-24  0.9000E-19  0.1370E-14  0.1450E-12  0.2000E-11  0.4300E-11  0.5380E-11  0.5950E-11  0.6470E-11  0.6790E-11  0.6730E-11  0.6290E-11  0.5910E-11
  0.1000E+16  0.1400E-31  0.1910E-24  0.8800E-19  0.1270E-14  0.1260E-12  0.1660E-11  0.3570E-11  0.4490E-11  0.4990E-11  0.5480E-11  0.5830E-11  0.5900E-11  0.5620E-11  0.5340E-11
  0.1000E+17  0.1350E-31  0.1800E-24  0.7380E-19  0.8200E-15  0.7130E-13  0.9040E-12  0.1940E-11  0.2450E-11  0.2740E-11  0.3040E-11  0.3290E-11  0.3420E-11  0.3370E-11  0.3280E-11
WAVELENGTH(A)= 
     5.007
 7 14 t 
excit   
    50.300     75.400    126.000    251.000    503.000   1260.000   2510.000   3770.000   5030.000   7540.000  12600.000  25100.000  50300.000  75400.000 
  0.1000E+11  0.1130E-31  0.1370E-24  0.5760E-19  0.8230E-15  0.8450E-13  0.1120E-11  0.2400E-11  0.2980E-11  0.3280E-11  0.3570E-11  0.3740E-11  0.3700E-11  0.3450E-11  0.3230E-11
  0.1000E+12  0.1130E-31  0.1370E-24  0.5760E-19  0.8230E-15  0.8450E-13  0.1120E-11  0.2400E-11  0.2980E-11  0.3280E-11  0.3570E-11  0.3740E-11  0.3700E-11  0.3450E-11  0.3230E-11
  0.1000E+13  0.1130E-31  0.1370E-24  0.5760E-19  0.8230E-15  0.8450E-13  0.1120E-11  0.2400E-11  0.2980E-11  0.3280E-11  0.3570E-11  0.3740E-11  0.3700E-11  0.3450E-11  0.3230E-11
  0.1000E+14  0.1130E-31  0.1370E-24  0.5760E-19  0.8220E-15  0.8440E-13  0.1120E-11  0.2400E-11  0.2980E-11  0.3280E-11  0.3560E-11  0.3730E-11  0.3700E-11  0.3450E-11  0.3230E-11
  0.1000E+15  0.1130E-31  0.1370E-24  0.5760E-19  0.8190E-15  0.8380E-13  0.1110E-11  0.2370E-11  0.2950E-11  0.3250E-11  0.3540E-11  0.3710E-11  0.3670E-11  0.3430E-11  0.3220E-11
  0.1000E+16  0.1130E-31  0.1370E-24  0.5710E-19  0.7920E-15  0.7880E-13  0.1030E-11  0.2210E-11  0.2750E-11  0.3040E-11  0.3320E-11  0.3500E-11  0.3500E-11  0.3290E-11  0.3100E-11
  0.1000E+17  0.1120E-31  0.1340E-24  0.5390E-19  0.6760E-15  0.6330E-13  0.8140E-12  0.1750E-11  0.2190E-11  0.2430E-11  0.2670E-11  0.2840E-11  0.2870E-11  0.2740E-11  0.2610E-11
WAVELENGTH(A)= 
     5.021
 7 14 t 
excit   
    50.300     75.400    126.000    251.000    503.000   1260.000   2510.000   3770.000   5030.000   7540.000  12600.000  25100.000  50300.000  75400.000 
  0.1000E+11  0.4060E-31  0.4310E-24  0.1640E-18  0.2170E-14  0.2150E-12  0.2830E-11  0.6030E-11  0.7510E-11  0.8290E-11  0.9000E-11  0.9400E-11  0.9270E-11  0.8620E-11  0.8070E-11
  0.1000E+12  0.4060E-31  0.4310E-24  0.1640E-18  0.2170E-14  0.2150E-12  0.2830E-11  0.6030E-11  0.7510E-11  0.8290E-11  0.9000E-11  0.9400E-11  0.9270E-11  0.8620E-11  0.8070E-11
  0.1000E+13  0.4060E-31  0.4310E-24  0.1640E-18  0.2170E-14  0.2150E-12  0.2830E-11  0.6030E-11  0.7500E-11  0.8290E-11  0.8990E-11  0.9400E-11  0.9270E-11  0.8620E-11  0.8070E-11
  0.1000E+14  0.4060E-31  0.4310E-24  0.1640E-18  0.2170E-14  0.2140E-12  0.2830E-11  0.6020E-11  0.7490E-11  0.8270E-11  0.8980E-11  0.9380E-11  0.9250E-11  0.8600E-11  0.8060E-11
  0.1000E+15  0.4060E-31  0.4300E-24  0.1640E-18  0.2150E-14  0.2110E-12  0.2770E-11  0.5890E-11  0.7330E-11  0.8110E-11  0.8810E-11  0.9220E-11  0.9120E-11  0.8500E-11  0.7980E-11
  0.1000E+16  0.4040E-31  0.4280E-24  0.1600E-18  0.1990E-14  0.1840E-12  0.2340E-11  0.4970E-11  0.6210E-11  0.6900E-11  0.7560E-11  0.8020E-11  0.8070E-11  0.7670E-11  0.7270E-11
  0.1000E+17  0.3900E-31  0.4040E-24  0.1370E-18  0.1350E-14  0.1120E-12  0.1370E-11  0.2900E-11  0.3640E-11  0.4060E-11  0.4490E-11  0.4820E-11  0.4970E-11  0.4860E-11  0.4700E-11
WAVELENGTH(A)= 
     5.029
 7 14 t 
excit   
    50.300     75.400    126.000    251.000    503.000   1260.000   2510.000   3770.000   5030.000   7540.000  12600.000  25100.000  50300.000  75400.000 
  0.1000E+11  0.1880E-31  0.1950E-24  0.7260E-19  0.9480E-15  0.9300E-13  0.1210E-11  0.2570E-11  0.3190E-11  0.3530E-11  0.3820E-11  0.4000E-11  0.3940E-11  0.3670E-11  0.3440E-11
  0.1000E+12  0.1880E-31  0.1950E-24  0.7260E-19  0.9480E-15  0.9290E-13  0.1210E-11  0.2570E-11  0.3190E-11  0.3530E-11  0.3820E-11  0.4000E-11  0.3940E-11  0.3670E-11  0.3440E-11
  0.1000E+13  0.1880E-31  0.1950E-24  0.7260E-19  0.9480E-15  0.9290E-13  0.1210E-11  0.2570E-11  0.3190E-11  0.3530E-11  0.3820E-11  0.4000E-11  0.3940E-11  0.3670E-11  0.3440E-11
  0.1000E+14  0.1880E-31  0.1950E-24  0.7260E-19  0.9480E-15  0.9280E-13  0.1210E-11  0.2570E-11  0.3190E-11  0.3520E-11  0.3820E-11  0.3990E-11  0.3940E-11  0.3670E-11  0.3440E-11
  0.1000E+15  0.1880E-31  0.1950E-24  0.7250E-19  0.9410E-15  0.9160E-13  0.1190E-11  0.2530E-11  0.3130E-11  0.3460E-11  0.3760E-11  0.3940E-11  0.3890E-11  0.3630E-11  0.3410E-11
  0.1000E+16  0.1870E-31  0.1940E-24  0.7130E-19  0.8860E-15  0.8220E-13  0.1040E-11  0.2210E-11  0.2750E-11  0.3050E-11  0.3330E-11  0.3520E-11  0.3530E-11  0.3350E-11  0.3170E-11
  0.1000E+17  0.1820E-31  0.1860E-24  0.6300E-19  0.6580E-15  0.5630E-13  0.6970E-12  0.1480E-11  0.1850E-11  0.2060E-11  0.2260E-11  0.2410E-11  0.2460E-11  0.2370E-11  0.2280E-11
WAVELENGTH(A)= 
    18.658
 7 14 t 
excit   
    50.300     75.400    126.000    251.000    503.000   1260.000   2510.000   3770.000   5030.000   7540.000  12600.000  25100.000  50300.000  75400.000 
  0.1000E+11  0.9120E-16  0.6130E-14  0.1620E-12  0.1650E-11  0.4540E-11  0.6990E-11  0.7190E-11  0.6930E-11  0.6640E-11  0.6150E-11  0.5470E-11  0.4550E-11  0.3710E-11  0.3260E-11
  0.1000E+12  0.9120E-16  0.6130E-14  0.1620E-12  0.1650E-11  0.4540E-11  0.6990E-11  0.7190E-11  0.6930E-11  0.6640E-11  0.6150E-11  0.5470E-11  0.4550E-11  0.3710E-11  0.3260E-11
  0.1000E+13  0.9120E-16  0.6130E-14  0.1620E-12  0.1650E-11  0.4540E-11  0.6980E-11  0.7190E-11  0.6930E-11  0.6640E-11  0.6150E-11  0.5470E-11  0.4550E-11  0.3710E-11  0.3260E-11
  0.1000E+14  0.9120E-16  0.6130E-14  0.1620E-12  0.1650E-11  0.4540E-11  0.6980E-11  0.7180E-11  0.6920E-11  0.6630E-11  0.6150E-11  0.5470E-11  0.4550E-11  0.3710E-11  0.3260E-11
  0.1000E+15  0.9120E-16  0.6130E-14  0.1620E-12  0.1640E-11  0.4520E-11  0.6940E-11  0.7140E-11  0.6880E-11  0.6600E-11  0.6120E-11  0.5440E-11  0.4530E-11  0.3700E-11  0.3250E-11
  0.1000E+16  0.9120E-16  0.6120E-14  0.1620E-12  0.1610E-11  0.4360E-11  0.6630E-11  0.6820E-11  0.6580E-11  0.6320E-11  0.5870E-11  0.5250E-11  0.4390E-11  0.3600E-11  0.3180E-11
  0.1000E+17  0.9110E-16  0.6080E-14  0.1580E-12  0.1480E-11  0.3790E-11  0.5610E-11  0.5770E-11  0.5580E-11  0.5370E-11  0.5020E-11  0.4520E-11  0.3830E-11  0.3180E-11  0.2830E-11
WAVELENGTH(A)= 
    19.012
 7 14 t 
excit   
    50.300     75.400    126.000    251.000    503.000   1260.000   2510.000   3770.000   5030.000   7540.000  12600.000  25100.000  50300.000  75400.000 
  0.1000E+11  0.1110E-15  0.7450E-14  0.1970E-12  0.2000E-11  0.5520E-11  0.8490E-11  0.8740E-11  0.8420E-11  0.8070E-11  0.7480E-11  0.6650E-11  0.5530E-11  0.4510E-11  0.3960E-11
  0.1000E+12  0.1110E-15  0.7450E-14  0.1970E-12  0.2000E-11  0.5520E-11  0.8490E-11  0.8740E-11  0.8420E-11  0.8070E-11  0.7480E-11  0.6650E-11  0.5530E-11  0.4510E-11  0.3960E-11
  0.1000E+13  0.1110E-15  0.7450E-14  0.1970E-12  0.2000E-11  0.5520E-11  0.8490E-11  0.8740E-11  0.8420E-11  0.8070E-11  0.7480E-11  0.6650E-11  0.5530E-11  0.4510E-11  0.3960E-11
  0.1000E+14  0.1110E-15  0.7450E-14  0.1970E-12  0.2000E-11  0.5510E-11  0.8490E-11  0.8730E-11  0.8420E-11  0.8060E-11  0.7470E-11  0.6650E-11  0.5530E-11  0.4510E-11  0.3960E-11
  0.1000E+15  0.1110E-15  0.7450E-14  0.1970E-12  0.2000E-11  0.5490E-11  0.8440E-11  0.8680E-11  0.8370E-11  0.8020E-11  0.7430E-11  0.6620E-11  0.5510E-11  0.4490E-11  0.3950E-11
  0.1000E+16  0.1110E-15  0.7450E-14  0.1970E-12  0.1960E-11  0.5300E-11  0.8060E-11  0.8290E-11  0.8000E-11  0.7680E-11  0.7140E-11  0.6380E-11  0.5340E-11  0.4380E-11  0.3860E-11
  0.1000E+17  0.1110E-15  0.7390E-14  0.1920E-12  0.1790E-11  0.4600E-11  0.6820E-11  0.7010E-11  0.6780E-11  0.6520E-11  0.6100E-11  0.5490E-11  0.4650E-11  0.3870E-11  0.3440E-11
WAVELENGTH(A)= 
    19.277
 7 14 t 
excit   
    50.300     75.400    126.000    251.000    503.000   1260.000   2510.000   3770.000   5030.000   7540.000  12600.000  25100.000  50300.000  75400.000 
  0.1000E+11  0.2650E-15  0.1550E-13  0.3690E-12  0.3480E-11  0.9290E-11  0.1420E-10  0.1450E-10  0.1380E-10  0.1320E-10  0.1210E-10  0.1060E-10  0.8680E-11  0.6940E-11  0.6060E-11
  0.1000E+12  0.2650E-15  0.1550E-13  0.3690E-12  0.3480E-11  0.9290E-11  0.1420E-10  0.1450E-10  0.1380E-10  0.1320E-10  0.1210E-10  0.1060E-10  0.8680E-11  0.6940E-11  0.6060E-11
  0.1000E+13  0.2650E-15  0.1550E-13  0.3690E-12  0.3480E-11  0.9290E-11  0.1420E-10  0.1450E-10  0.1380E-10  0.1320E-10  0.1210E-10  0.1060E-10  0.8680E-11  0.6940E-11  0.6060E-11
  0.1000E+14  0.2650E-15  0.1550E-13  0.3690E-12  0.3470E-11  0.9280E-11  0.1420E-10  0.1440E-10  0.1380E-10  0.1320E-10  0.1210E-10  0.1060E-10  0.8670E-11  0.6940E-11  0.6050E-11
  0.1000E+15  0.2650E-15  0.1550E-13  0.3690E-12  0.3450E-11  0.9160E-11  0.1390E-10  0.1420E-10  0.1360E-10  0.1290E-10  0.1190E-10  0.1050E-10  0.8570E-11  0.6870E-11  0.6000E-11
  0.1000E+16  0.2650E-15  0.1550E-13  0.3630E-12  0.3250E-11  0.8210E-11  0.1210E-10  0.1230E-10  0.1180E-10  0.1130E-10  0.1040E-10  0.9290E-11  0.7730E-11  0.6290E-11  0.5550E-11
  0.1000E+17  0.2580E-15  0.1480E-13  0.3200E-12  0.2360E-11  0.5360E-11  0.7570E-11  0.7670E-11  0.7390E-11  0.7090E-11  0.6610E-11  0.5960E-11  0.5080E-11  0.4260E-11  0.3820E-11
WAVELENGTH(A)= 
    19.478
 7 14 t 
excit   
    50.300     75.400    126.000    251.000    503.000   1260.000   2510.000   3770.000   5030.000   7540.000  12600.000  25100.000  50300.000  75400.000 
  0.1000E+11  0.5460E-16  0.3670E-14  0.9710E-13  0.9840E-12  0.2710E-11  0.4180E-11  0.4300E-11  0.4140E-11  0.3970E-11  0.3680E-11  0.3270E-11  0.2720E-11  0.2220E-11  0.1950E-11
  0.1000E+12  0.5460E-16  0.3670E-14  0.9710E-13  0.9840E-12  0.2710E-11  0.4180E-11  0.4300E-11  0.4140E-11  0.3970E-11  0.3680E-11  0.3270E-11  0.2720E-11  0.2220E-11  0.1950E-11
  0.1000E+13  0.5460E-16  0.3670E-14  0.9710E-13  0.9840E-12  0.2710E-11  0.4180E-11  0.4300E-11  0.4140E-11  0.3970E-11  0.3680E-11  0.3270E-11  0.2720E-11  0.2220E-11  0.1950E-11
  0.1000E+14  0.5460E-16  0.3670E-14  0.9710E-13  0.9840E-12  0.2710E-11  0.4170E-11  0.4300E-11  0.4140E-11  0.3970E-11  0.3680E-11  0.3270E-11  0.2720E-11  0.2220E-11  0.1950E-11
  0.1000E+15  0.5460E-16  0.3670E-14  0.9700E-13  0.9820E-12  0.2700E-11  0.4150E-11  0.4270E-11  0.4120E-11  0.3950E-11  0.3660E-11  0.3260E-11  0.2710E-11  0.2210E-11  0.1940E-11
  0.1000E+16  0.5460E-16  0.3660E-14  0.9670E-13  0.9650E-12  0.2610E-11  0.3960E-11  0.4080E-11  0.3940E-11  0.3780E-11  0.3510E-11  0.3140E-11  0.2630E-11  0.2150E-11  0.1900E-11
  0.1000E+17  0.5450E-16  0.3640E-14  0.9430E-13  0.8830E-12  0.2260E-11  0.3360E-11  0.3450E-11  0.3340E-11  0.3210E-11  0.3000E-11  0.2700E-11  0.2290E-11  0.1900E-11  0.1690E-11
WAVELENGTH(A)= 
    20.154
 7 14 t 
excit   
    50.300     75.400    126.000    251.000    503.000   1260.000   2510.000   3770.000   5030.000   7540.000  12600.000  25100.000  50300.000  75400.000 
  0.1000E+11  0.8350E-16  0.4890E-14  0.1160E-12  0.1090E-11  0.2920E-11  0.4460E-11  0.4550E-11  0.4350E-11  0.4150E-11  0.3800E-11  0.3340E-11  0.2730E-11  0.2180E-11  0.1900E-11
  0.1000E+12  0.8350E-16  0.4890E-14  0.1160E-12  0.1090E-11  0.2920E-11  0.4460E-11  0.4550E-11  0.4350E-11  0.4150E-11  0.3800E-11  0.3340E-11  0.2730E-11  0.2180E-11  0.1900E-11
  0.1000E+13  0.8350E-16  0.4890E-14  0.1160E-12  0.1090E-11  0.2920E-11  0.4460E-11  0.4550E-11  0.4350E-11  0.4150E-11  0.3800E-11  0.3340E-11  0.2730E-11  0.2180E-11  0.1900E-11
  0.1000E+14  0.8350E-16  0.4880E-14  0.1160E-12  0.1090E-11  0.2920E-11  0.4450E-11  0.4540E-11  0.4350E-11  0.4140E-11  0.3790E-11  0.3330E-11  0.2730E-11  0.2180E-11  0.1900E-11
  0.1000E+15  0.8350E-16  0.4880E-14  0.1160E-12  0.1080E-11  0.2880E-11  0.4380E-11  0.4460E-11  0.4270E-11  0.4070E-11  0.3730E-11  0.3290E-11  0.2690E-11  0.2160E-11  0.1890E-11
  0.1000E+16  0.8320E-16  0.4860E-14  0.1140E-12  0.1020E-11  0.2580E-11  0.3810E-11  0.3870E-11  0.3720E-11  0.3550E-11  0.3280E-11  0.2920E-11  0.2430E-11  0.1980E-11  0.1740E-11
  0.1000E+17  0.8110E-16  0.4650E-14  0.1000E-12  0.7420E-12  0.1690E-11  0.2380E-11  0.2410E-11  0.2320E-11  0.2230E-11  0.2080E-11  0.1870E-11  0.1600E-11  0.1340E-11  0.1200E-11
WAVELENGTH(A)= 
    21.390
 7 14 t 
excit   
    50.300     75.400    126.000    251.000    503.000   1260.000   2510.000   3770.000   5030.000   7540.000  12600.000  25100.000  50300.000  75400.000 
  0.1000E+11  0.1950E-14  0.7480E-13  0.1260E-11  0.9170E-11  0.2140E-10  0.2990E-10  0.2980E-10  0.2830E-10  0.2690E-10  0.2480E-10  0.2180E-10  0.1810E-10  0.1460E-10  0.1280E-10
  0.1000E+12  0.1950E-14  0.7480E-13  0.1260E-11  0.9170E-11  0.2140E-10  0.2990E-10  0.2980E-10  0.2830E-10  0.2690E-10  0.2480E-10  0.2180E-10  0.1810E-10  0.1460E-10  0.1280E-10
  0.1000E+13  0.1950E-14  0.7480E-13  0.1260E-11  0.9170E-11  0.2140E-10  0.2990E-10  0.2980E-10  0.2830E-10  0.2690E-10  0.2480E-10  0.2180E-10  0.1810E-10  0.1460E-10  0.1280E-10
  0.1000E+14  0.1950E-14  0.7480E-13  0.1260E-11  0.9160E-11  0.2140E-10  0.2980E-10  0.2970E-10  0.2820E-10  0.2680E-10  0.2470E-10  0.2180E-10  0.1800E-10  0.1460E-10  0.1280E-10
  0.1000E+15  0.1950E-14  0.7480E-13  0.1260E-11  0.9090E-11  0.2100E-10  0.2920E-10  0.2910E-10  0.2760E-10  0.2630E-10  0.2430E-10  0.2140E-10  0.1780E-10  0.1450E-10  0.1260E-10
  0.1000E+16  0.1950E-14  0.7430E-13  0.1240E-11  0.8430E-11  0.1840E-10  0.2470E-10  0.2450E-10  0.2340E-10  0.2230E-10  0.2080E-10  0.1860E-10  0.1570E-10  0.1300E-10  0.1150E-10
  0.1000E+17  0.1880E-14  0.7040E-13  0.1060E-11  0.5800E-11  0.1140E-10  0.1480E-10  0.1450E-10  0.1390E-10  0.1330E-10  0.1250E-10  0.1130E-10  0.9740E-11  0.8290E-11  0.7470E-11
WAVELENGTH(A)= 
    21.851
 7 14 t 
excit   
    50.300     75.400    126.000    251.000    503.000   1260.000   2510.000   3770.000   5030.000   7540.000  12600.000  25100.000  50300.000  75400.000 
  0.1000E+11  0.3630E-15  0.1280E-13  0.2040E-12  0.1420E-11  0.3260E-11  0.4560E-11  0.4500E-11  0.4260E-11  0.4050E-11  0.3690E-11  0.3230E-11  0.2630E-11  0.2100E-11  0.1830E-11
  0.1000E+12  0.3630E-15  0.1280E-13  0.2040E-12  0.1420E-11  0.3260E-11  0.4560E-11  0.4500E-11  0.4260E-11  0.4050E-11  0.3690E-11  0.3230E-11  0.2630E-11  0.2100E-11  0.1830E-11
  0.1000E+13  0.3630E-15  0.1280E-13  0.2040E-12  0.1420E-11  0.3260E-11  0.4560E-11  0.4500E-11  0.4260E-11  0.4050E-11  0.3690E-11  0.3230E-11  0.2630E-11  0.2100E-11  0.1830E-11
  0.1000E+14  0.3630E-15  0.1280E-13  0.2040E-12  0.1420E-11  0.3260E-11  0.4550E-11  0.4500E-11  0.4260E-11  0.4040E-11  0.3680E-11  0.3220E-11  0.2620E-11  0.2100E-11  0.1830E-11
  0.1000E+15  0.3630E-15  0.1280E-13  0.2030E-12  0.1410E-11  0.3220E-11  0.4480E-11  0.4420E-11  0.4190E-11  0.3980E-11  0.3630E-11  0.3180E-11  0.2590E-11  0.2080E-11  0.1810E-11
  0.1000E+16  0.3630E-15  0.1270E-13  0.2000E-12  0.1330E-11  0.2910E-11  0.3950E-11  0.3880E-11  0.3680E-11  0.3510E-11  0.3220E-11  0.2850E-11  0.2350E-11  0.1910E-11  0.1680E-11
  0.1000E+17  0.3560E-15  0.1230E-13  0.1810E-12  0.1070E-11  0.2260E-11  0.3030E-11  0.2960E-11  0.2800E-11  0.2650E-11  0.2420E-11  0.2130E-11  0.1760E-11  0.1440E-11  0.1270E-11
WAVELENGTH(A)= 
    22.053
 7 14 t 
excit   
    50.300     75.400    126.000    251.000    503.000   1260.000   2510.000   3770.000   5030.000   7540.000  12600.000  25100.000  50300.000  75400.000 
  0.1000E+11  0.6180E-15  0.2110E-13  0.3260E-12  0.2220E-11  0.5080E-11  0.7020E-11  0.6950E-11  0.6570E-11  0.6230E-11  0.5680E-11  0.4960E-11  0.4040E-11  0.3230E-11  0.2810E-11
  0.1000E+12  0.6180E-15  0.2110E-13  0.3260E-12  0.2220E-11  0.5080E-11  0.7020E-11  0.6950E-11  0.6570E-11  0.6230E-11  0.5680E-11  0.4960E-11  0.4040E-11  0.3230E-11  0.2810E-11
  0.1000E+13  0.6180E-15  0.2110E-13  0.3260E-12  0.2220E-11  0.5070E-11  0.7020E-11  0.6950E-11  0.6570E-11  0.6230E-11  0.5680E-11  0.4960E-11  0.4040E-11  0.3230E-11  0.2810E-11
  0.1000E+14  0.6180E-15  0.2110E-13  0.3260E-12  0.2220E-11  0.5070E-11  0.7010E-11  0.6940E-11  0.6560E-11  0.6220E-11  0.5670E-11  0.4950E-11  0.4040E-11  0.3220E-11  0.2810E-11
  0.1000E+15  0.6170E-15  0.2110E-13  0.3260E-12  0.2210E-11  0.5000E-11  0.6890E-11  0.6820E-11  0.6450E-11  0.6120E-11  0.5590E-11  0.4890E-11  0.3990E-11  0.3190E-11  0.2780E-11
  0.1000E+16  0.6160E-15  0.2100E-13  0.3210E-12  0.2080E-11  0.4500E-11  0.6010E-11  0.5930E-11  0.5620E-11  0.5350E-11  0.4920E-11  0.4350E-11  0.3600E-11  0.2930E-11  0.2580E-11
  0.1000E+17  0.6030E-15  0.2020E-13  0.2840E-12  0.1530E-11  0.2980E-11  0.3830E-11  0.3750E-11  0.3570E-11  0.3410E-11  0.3150E-11  0.2820E-11  0.2390E-11  0.1990E-11  0.1790E-11
WAVELENGTH(A)= 
    22.651
 7 14 t 
excit   
    50.300     75.400    126.000    251.000    503.000   1260.000   2510.000   3770.000   5030.000   7540.000  12600.000  25100.000  50300.000  75400.000 
  0.1000E+11  0.5110E-15  0.1960E-13  0.3310E-12  0.2400E-11  0.5600E-11  0.7830E-11  0.7790E-11  0.7400E-11  0.7040E-11  0.6480E-11  0.5710E-11  0.4730E-11  0.3830E-11  0.3350E-11
  0.1000E+12  0.5110E-15  0.1960E-13  0.3310E-12  0.2400E-11  0.5600E-11  0.7830E-11  0.7790E-11  0.7400E-11  0.7040E-11  0.6480E-11  0.5710E-11  0.4730E-11  0.3830E-11  0.3350E-11
  0.1000E+13  0.5110E-15  0.1960E-13  0.3310E-12  0.2400E-11  0.5600E-11  0.7820E-11  0.7790E-11  0.7400E-11  0.7040E-11  0.6480E-11  0.5710E-11  0.4730E-11  0.3830E-11  0.3350E-11
  0.1000E+14  0.5110E-15  0.1960E-13  0.3310E-12  0.2400E-11  0.5590E-11  0.7810E-11  0.7770E-11  0.7390E-11  0.7030E-11  0.6470E-11  0.5700E-11  0.4720E-11  0.3830E-11  0.3340E-11
  0.1000E+15  0.5110E-15  0.1960E-13  0.3300E-12  0.2380E-11  0.5500E-11  0.7640E-11  0.7600E-11  0.7230E-11  0.6880E-11  0.6350E-11  0.5600E-11  0.4650E-11  0.3780E-11  0.3310E-11
  0.1000E+16  0.5090E-15  0.1950E-13  0.3240E-12  0.2210E-11  0.4820E-11  0.6460E-11  0.6400E-11  0.6110E-11  0.5850E-11  0.5440E-11  0.4860E-11  0.4110E-11  0.3410E-11  0.3010E-11
  0.1000E+17  0.4930E-15  0.1840E-13  0.2770E-12  0.1520E-11  0.2990E-11  0.3860E-11  0.3810E-11  0.3640E-11  0.3490E-11  0.3270E-11  0.2950E-11  0.2550E-11  0.2170E-11  0.1960E-11
WAVELENGTH(A)= 
    22.691
 7 14 t 
excit   
    50.300     75.400    126.000    251.000    503.000   1260.000   2510.000   3770.000   5030.000   7540.000  12600.000  25100.000  50300.000  75400.000 
  0.1000E+11  0.5060E-15  0.1560E-13  0.2210E-12  0.1410E-11  0.3100E-11  0.4190E-11  0.4120E-11  0.3900E-11  0.3690E-11  0.3370E-11  0.2960E-11  0.2430E-11  0.1950E-11  0.1710E-11
  0.1000E+12  0.5060E-15  0.1560E-13  0.2210E-12  0.1410E-11  0.3100E-11  0.4190E-11  0.4120E-11  0.3900E-11  0.3690E-11  0.3370E-11  0.2960E-11  0.2430E-11  0.1950E-11  0.1710E-11
  0.1000E+13  0.5060E-15  0.1560E-13  0.2210E-12  0.1410E-11  0.3100E-11  0.4190E-11  0.4120E-11  0.3900E-11  0.3690E-11  0.3370E-11  0.2960E-11  0.2430E-11  0.1950E-11  0.1710E-11
  0.1000E+14  0.5060E-15  0.1560E-13  0.2210E-12  0.1410E-11  0.3100E-11  0.4190E-11  0.4120E-11  0.3900E-11  0.3690E-11  0.3370E-11  0.2960E-11  0.2420E-11  0.1950E-11  0.1700E-11
  0.1000E+15  0.5060E-15  0.1560E-13  0.2210E-12  0.1410E-11  0.3080E-11  0.4160E-11  0.4090E-11  0.3870E-11  0.3660E-11  0.3350E-11  0.2940E-11  0.2410E-11  0.1940E-11  0.1700E-11
  0.1000E+16  0.5070E-15  0.1560E-13  0.2210E-12  0.1390E-11  0.2990E-11  0.3990E-11  0.3910E-11  0.3700E-11  0.3500E-11  0.3210E-11  0.2820E-11  0.2320E-11  0.1880E-11  0.1650E-11
  0.1000E+17  0.5140E-15  0.1570E-13  0.2190E-12  0.1370E-11  0.2980E-11  0.3970E-11  0.3860E-11  0.3640E-11  0.3440E-11  0.3130E-11  0.2740E-11  0.2230E-11  0.1790E-11  0.1560E-11
WAVELENGTH(A)= 
    23.181
 7 14 t 
excit   
    50.300     75.400    126.000    251.000    503.000   1260.000   2510.000   3770.000   5030.000   7540.000  12600.000  25100.000  50300.000  75400.000 
  0.1000E+11  0.9590E-15  0.2950E-13  0.4200E-12  0.2670E-11  0.5820E-11  0.7860E-11  0.7770E-11  0.7360E-11  0.7000E-11  0.6440E-11  0.5700E-11  0.4720E-11  0.3830E-11  0.3370E-11
  0.1000E+12  0.9590E-15  0.2950E-13  0.4200E-12  0.2670E-11  0.5820E-11  0.7860E-11  0.7770E-11  0.7360E-11  0.7000E-11  0.6440E-11  0.5700E-11  0.4720E-11  0.3830E-11  0.3370E-11
  0.1000E+13  0.9590E-15  0.2950E-13  0.4200E-12  0.2670E-11  0.5820E-11  0.7860E-11  0.7770E-11  0.7370E-11  0.7010E-11  0.6440E-11  0.5700E-11  0.4730E-11  0.3830E-11  0.3370E-11
  0.1000E+14  0.9590E-15  0.2950E-13  0.4200E-12  0.2680E-11  0.5840E-11  0.7900E-11  0.7810E-11  0.7400E-11  0.7040E-11  0.6470E-11  0.5720E-11  0.4740E-11  0.3840E-11  0.3380E-11
  0.1000E+15  0.9600E-15  0.2960E-13  0.4220E-12  0.2730E-11  0.6060E-11  0.8280E-11  0.8200E-11  0.7770E-11  0.7380E-11  0.6760E-11  0.5960E-11  0.4910E-11  0.3960E-11  0.3460E-11
  0.1000E+16  0.9720E-15  0.3010E-13  0.4460E-12  0.3200E-11  0.7700E-11  0.1100E-10  0.1100E-10  0.1040E-10  0.9820E-11  0.8910E-11  0.7730E-11  0.6210E-11  0.4860E-11  0.4190E-11
  0.1000E+17  0.1090E-14  0.3490E-13  0.6160E-12  0.5060E-11  0.1180E-10  0.1620E-10  0.1600E-10  0.1520E-10  0.1450E-10  0.1320E-10  0.1160E-10  0.9450E-11  0.7500E-11  0.6480E-11
WAVELENGTH(A)= 
    23.889
 7 14 t 
excit   
    50.300     75.400    126.000    251.000    503.000   1260.000   2510.000   3770.000   5030.000   7540.000  12600.000  25100.000  50300.000  75400.000 
  0.1000E+11  0.1790E-14  0.4590E-13  0.5630E-12  0.3210E-11  0.6630E-11  0.8620E-11  0.8390E-11  0.7910E-11  0.7490E-11  0.6860E-11  0.6040E-11  0.4970E-11  0.4020E-11  0.3520E-11
  0.1000E+12  0.1790E-14  0.4590E-13  0.5630E-12  0.3210E-11  0.6630E-11  0.8620E-11  0.8390E-11  0.7910E-11  0.7490E-11  0.6860E-11  0.6040E-11  0.4970E-11  0.4020E-11  0.3520E-11
  0.1000E+13  0.1790E-14  0.4590E-13  0.5630E-12  0.3210E-11  0.6630E-11  0.8620E-11  0.8390E-11  0.7910E-11  0.7490E-11  0.6860E-11  0.6040E-11  0.4970E-11  0.4020E-11  0.3520E-11
  0.1000E+14  0.1790E-14  0.4590E-13  0.5630E-12  0.3210E-11  0.6630E-11  0.8620E-11  0.8390E-11  0.7910E-11  0.7490E-11  0.6860E-11  0.6040E-11  0.4970E-11  0.4020E-11  0.3520E-11
  0.1000E+15  0.1790E-14  0.4590E-13  0.5640E-12  0.3210E-11  0.6630E-11  0.8620E-11  0.8380E-11  0.7900E-11  0.7480E-11  0.6850E-11  0.6030E-11  0.4960E-11  0.4010E-11  0.3520E-11
  0.1000E+16  0.1800E-14  0.4610E-13  0.5660E-12  0.3230E-11  0.6680E-11  0.8670E-11  0.8400E-11  0.7900E-11  0.7470E-11  0.6830E-11  0.6000E-11  0.4920E-11  0.3980E-11  0.3490E-11
  0.1000E+17  0.1860E-14  0.4750E-13  0.5870E-12  0.3420E-11  0.7150E-11  0.9240E-11  0.8920E-11  0.8350E-11  0.7890E-11  0.7160E-11  0.6260E-11  0.5080E-11  0.4060E-11  0.3540E-11
WAVELENGTH(A)= 
    24.115
 7 14 t 
excit   
    50.300     75.400    126.000    251.000    503.000   1260.000   2510.000   3770.000   5030.000   7540.000  12600.000  25100.000  50300.000  75400.000 
  0.1000E+11  0.8990E-15  0.2770E-13  0.3930E-12  0.2510E-11  0.5510E-11  0.7450E-11  0.7320E-11  0.6930E-11  0.6560E-11  0.6000E-11  0.5260E-11  0.4310E-11  0.3470E-11  0.3030E-11
  0.1000E+12  0.8990E-15  0.2770E-13  0.3930E-12  0.2510E-11  0.5510E-11  0.7450E-11  0.7320E-11  0.6930E-11  0.6560E-11  0.6000E-11  0.5260E-11  0.4310E-11  0.3460E-11  0.3030E-11
  0.1000E+13  0.8990E-15  0.2770E-13  0.3930E-12  0.2510E-11  0.5510E-11  0.7450E-11  0.7320E-11  0.6930E-11  0.6550E-11  0.6000E-11  0.5260E-11  0.4310E-11  0.3460E-11  0.3030E-11
  0.1000E+14  0.8990E-15  0.2770E-13  0.3930E-12  0.2510E-11  0.5500E-11  0.7440E-11  0.7310E-11  0.6920E-11  0.6550E-11  0.5990E-11  0.5260E-11  0.4310E-11  0.3460E-11  0.3030E-11
  0.1000E+15  0.8990E-15  0.2770E-13  0.3930E-12  0.2500E-11  0.5480E-11  0.7390E-11  0.7260E-11  0.6870E-11  0.6500E-11  0.5950E-11  0.5230E-11  0.4290E-11  0.3450E-11  0.3020E-11
  0.1000E+16  0.9010E-15  0.2780E-13  0.3920E-12  0.2460E-11  0.5320E-11  0.7090E-11  0.6940E-11  0.6570E-11  0.6220E-11  0.5700E-11  0.5020E-11  0.4130E-11  0.3340E-11  0.2930E-11
  0.1000E+17  0.9130E-15  0.2800E-13  0.3880E-12  0.2430E-11  0.5300E-11  0.7060E-11  0.6860E-11  0.6470E-11  0.6110E-11  0.5570E-11  0.4870E-11  0.3970E-11  0.3190E-11  0.2780E-11
WAVELENGTH(A)= 
    24.854
 7 14 t 
excit   
    50.300     75.400    126.000    251.000    503.000   1260.000   2510.000   3770.000   5030.000   7540.000  12600.000  25100.000  50300.000  75400.000 
  0.1000E+11  0.1030E-14  0.2780E-13  0.3550E-12  0.2100E-11  0.4440E-11  0.5880E-11  0.5750E-11  0.5420E-11  0.5130E-11  0.4670E-11  0.4100E-11  0.3340E-11  0.2680E-11  0.2340E-11
  0.1000E+12  0.1030E-14  0.2780E-13  0.3550E-12  0.2100E-11  0.4440E-11  0.5880E-11  0.5750E-11  0.5420E-11  0.5130E-11  0.4670E-11  0.4100E-11  0.3340E-11  0.2680E-11  0.2340E-11
  0.1000E+13  0.1030E-14  0.2780E-13  0.3550E-12  0.2100E-11  0.4440E-11  0.5880E-11  0.5750E-11  0.5420E-11  0.5140E-11  0.4670E-11  0.4100E-11  0.3340E-11  0.2680E-11  0.2340E-11
  0.1000E+14  0.1030E-14  0.2780E-13  0.3550E-12  0.2100E-11  0.4440E-11  0.5890E-11  0.5760E-11  0.5430E-11  0.5140E-11  0.4680E-11  0.4100E-11  0.3350E-11  0.2680E-11  0.2340E-11
  0.1000E+15  0.1030E-14  0.2780E-13  0.3560E-12  0.2120E-11  0.4500E-11  0.5970E-11  0.5830E-11  0.5500E-11  0.5200E-11  0.4730E-11  0.4140E-11  0.3380E-11  0.2700E-11  0.2350E-11
  0.1000E+16  0.1040E-14  0.2800E-13  0.3630E-12  0.2230E-11  0.4860E-11  0.6500E-11  0.6330E-11  0.5950E-11  0.5620E-11  0.5090E-11  0.4430E-11  0.3590E-11  0.2850E-11  0.2470E-11
  0.1000E+17  0.1090E-14  0.2980E-13  0.4090E-12  0.2560E-11  0.5250E-11  0.6730E-11  0.6520E-11  0.6150E-11  0.5830E-11  0.5330E-11  0.4690E-11  0.3860E-11  0.3100E-11  0.2710E-11
WAVELENGTH(A)= 
    25.000
 7 14 t 
excit   
    50.300     75.400    126.000    251.000    503.000   1260.000   2510.000   3770.000   5030.000   7540.000  12600.000  25100.000  50300.000  75400.000 
  0.1000E+11  0.1030E-13  0.2270E-12  0.2460E-11  0.1290E-10  0.2570E-10  0.3300E-10  0.3190E-10  0.2980E-10  0.2820E-10  0.2560E-10  0.2230E-10  0.1810E-10  0.1450E-10  0.1260E-10
  0.1000E+12  0.1030E-13  0.2270E-12  0.2460E-11  0.1290E-10  0.2570E-10  0.3300E-10  0.3190E-10  0.2980E-10  0.2820E-10  0.2560E-10  0.2230E-10  0.1810E-10  0.1450E-10  0.1260E-10
  0.1000E+13  0.1030E-13  0.2270E-12  0.2460E-11  0.1290E-10  0.2570E-10  0.3300E-10  0.3190E-10  0.2980E-10  0.2820E-10  0.2560E-10  0.2230E-10  0.1810E-10  0.1440E-10  0.1260E-10
  0.1000E+14  0.1030E-13  0.2270E-12  0.2460E-11  0.1290E-10  0.2560E-10  0.3290E-10  0.3180E-10  0.2970E-10  0.2810E-10  0.2550E-10  0.2220E-10  0.1800E-10  0.1440E-10  0.1250E-10
  0.1000E+15  0.1030E-13  0.2270E-12  0.2450E-11  0.1280E-10  0.2520E-10  0.3220E-10  0.3110E-10  0.2910E-10  0.2750E-10  0.2500E-10  0.2180E-10  0.1780E-10  0.1430E-10  0.1240E-10
  0.1000E+16  0.1020E-13  0.2250E-12  0.2400E-11  0.1180E-10  0.2190E-10  0.2700E-10  0.2600E-10  0.2440E-10  0.2320E-10  0.2130E-10  0.1880E-10  0.1560E-10  0.1280E-10  0.1120E-10
  0.1000E+17  0.9850E-14  0.2120E-12  0.2030E-11  0.7930E-11  0.1320E-10  0.1560E-10  0.1490E-10  0.1400E-10  0.1340E-10  0.1240E-10  0.1110E-10  0.9410E-11  0.7930E-11  0.7130E-11
WAVELENGTH(A)= 
    25.123
 7 14 t 
excit   
    50.300     75.400    126.000    251.000    503.000   1260.000   2510.000   3770.000   5030.000   7540.000  12600.000  25100.000  50300.000  75400.000 
  0.1000E+11  0.3570E-14  0.7740E-13  0.8280E-12  0.4250E-11  0.8380E-11  0.1060E-10  0.1020E-10  0.9540E-11  0.9030E-11  0.8260E-11  0.7260E-11  0.5980E-11  0.4840E-11  0.4240E-11
  0.1000E+12  0.3570E-14  0.7740E-13  0.8280E-12  0.4250E-11  0.8380E-11  0.1060E-10  0.1020E-10  0.9540E-11  0.9030E-11  0.8260E-11  0.7260E-11  0.5980E-11  0.4840E-11  0.4240E-11
  0.1000E+13  0.3570E-14  0.7740E-13  0.8280E-12  0.4250E-11  0.8380E-11  0.1060E-10  0.1020E-10  0.9530E-11  0.9030E-11  0.8260E-11  0.7260E-11  0.5980E-11  0.4840E-11  0.4240E-11
  0.1000E+14  0.3570E-14  0.7730E-13  0.8280E-12  0.4250E-11  0.8360E-11  0.1050E-10  0.1010E-10  0.9510E-11  0.9010E-11  0.8240E-11  0.7250E-11  0.5980E-11  0.4830E-11  0.4240E-11
  0.1000E+15  0.3570E-14  0.7730E-13  0.8260E-12  0.4210E-11  0.8240E-11  0.1030E-10  0.9930E-11  0.9330E-11  0.8840E-11  0.8100E-11  0.7130E-11  0.5890E-11  0.4780E-11  0.4200E-11
  0.1000E+16  0.3560E-14  0.7690E-13  0.8110E-12  0.3930E-11  0.7290E-11  0.8850E-11  0.8480E-11  0.7990E-11  0.7600E-11  0.7020E-11  0.6250E-11  0.5250E-11  0.4330E-11  0.3840E-11
  0.1000E+17  0.3460E-14  0.7320E-13  0.7050E-12  0.2880E-11  0.5020E-11  0.5980E-11  0.5700E-11  0.5370E-11  0.5100E-11  0.4710E-11  0.4200E-11  0.3560E-11  0.2980E-11  0.2670E-11
WAVELENGTH(A)= 
    25.473
 7 14 t 
excit   
    50.300     75.400    126.000    251.000    503.000   1260.000   2510.000   3770.000   5030.000   7540.000  12600.000  25100.000  50300.000  75400.000 
  0.1000E+11  0.2220E-14  0.5680E-13  0.6980E-12  0.3970E-11  0.8210E-11  0.1070E-10  0.1040E-10  0.9790E-11  0.9270E-11  0.8490E-11  0.7480E-11  0.6150E-11  0.4980E-11  0.4360E-11
  0.1000E+12  0.2220E-14  0.5680E-13  0.6980E-12  0.3970E-11  0.8210E-11  0.1070E-10  0.1040E-10  0.9790E-11  0.9270E-11  0.8490E-11  0.7480E-11  0.6150E-11  0.4980E-11  0.4360E-11
  0.1000E+13  0.2220E-14  0.5680E-13  0.6980E-12  0.3970E-11  0.8210E-11  0.1070E-10  0.1040E-10  0.9790E-11  0.9270E-11  0.8490E-11  0.7480E-11  0.6150E-11  0.4980E-11  0.4360E-11
  0.1000E+14  0.2220E-14  0.5680E-13  0.6980E-12  0.3970E-11  0.8210E-11  0.1070E-10  0.1040E-10  0.9790E-11  0.9270E-11  0.8490E-11  0.7480E-11  0.6150E-11  0.4980E-11  0.4360E-11
  0.1000E+15  0.2220E-14  0.5690E-13  0.6980E-12  0.3970E-11  0.8210E-11  0.1070E-10  0.1040E-10  0.9780E-11  0.9260E-11  0.8480E-11  0.7470E-11  0.6140E-11  0.4970E-11  0.4350E-11
  0.1000E+16  0.2230E-14  0.5710E-13  0.7010E-12  0.4000E-11  0.8270E-11  0.1070E-10  0.1040E-10  0.9780E-11  0.9250E-11  0.8450E-11  0.7430E-11  0.6100E-11  0.4930E-11  0.4320E-11
  0.1000E+17  0.2300E-14  0.5880E-13  0.7260E-12  0.4240E-11  0.8850E-11  0.1140E-10  0.1100E-10  0.1030E-10  0.9760E-11  0.8870E-11  0.7750E-11  0.6290E-11  0.5030E-11  0.4380E-11
WAVELENGTH(A)= 
    25.486
 7 14 t 
excit   
    50.300     75.400    126.000    251.000    503.000   1260.000   2510.000   3770.000   5030.000   7540.000  12600.000  25100.000  50300.000  75400.000 
  0.1000E+11  0.4270E-14  0.8820E-13  0.9110E-12  0.4550E-11  0.8820E-11  0.1100E-10  0.1060E-10  0.9930E-11  0.9390E-11  0.8610E-11  0.7570E-11  0.6240E-11  0.5050E-11  0.4440E-11
  0.1000E+12  0.4270E-14  0.8820E-13  0.9110E-12  0.4550E-11  0.8820E-11  0.1100E-10  0.1060E-10  0.9930E-11  0.9390E-11  0.8610E-11  0.7570E-11  0.6240E-11  0.5050E-11  0.4440E-11
  0.1000E+13  0.4270E-14  0.8820E-13  0.9110E-12  0.4550E-11  0.8820E-11  0.1100E-10  0.1060E-10  0.9930E-11  0.9380E-11  0.8600E-11  0.7560E-11  0.6240E-11  0.5050E-11  0.4440E-11
  0.1000E+14  0.4270E-14  0.8820E-13  0.9110E-12  0.4550E-11  0.8810E-11  0.1100E-10  0.1050E-10  0.9910E-11  0.9370E-11  0.8590E-11  0.7550E-11  0.6240E-11  0.5050E-11  0.4430E-11
  0.1000E+15  0.4260E-14  0.8810E-13  0.9100E-12  0.4510E-11  0.8680E-11  0.1080E-10  0.1030E-10  0.9730E-11  0.9200E-11  0.8440E-11  0.7440E-11  0.6150E-11  0.4990E-11  0.4390E-11
  0.1000E+16  0.4250E-14  0.8770E-13  0.8930E-12  0.4220E-11  0.7690E-11  0.9230E-11  0.8850E-11  0.8360E-11  0.7930E-11  0.7340E-11  0.6540E-11  0.5510E-11  0.4540E-11  0.4030E-11
  0.1000E+17  0.4120E-14  0.8340E-13  0.7740E-12  0.2980E-11  0.4880E-11  0.5630E-11  0.5380E-11  0.5100E-11  0.4860E-11  0.4530E-11  0.4090E-11  0.3530E-11  0.2990E-11  0.2710E-11
WAVELENGTH(A)= 
    25.525
 7 14 t 
excit   
    50.300     75.400    126.000    251.000    503.000   1260.000   2510.000   3770.000   5030.000   7540.000  12600.000  25100.000  50300.000  75400.000 
  0.1000E+11  0.1610E-14  0.3310E-13  0.3400E-12  0.1690E-11  0.3270E-11  0.4100E-11  0.3940E-11  0.3680E-11  0.3490E-11  0.3200E-11  0.2810E-11  0.2320E-11  0.1870E-11  0.1650E-11
  0.1000E+12  0.1610E-14  0.3310E-13  0.3400E-12  0.1690E-11  0.3270E-11  0.4100E-11  0.3940E-11  0.3680E-11  0.3490E-11  0.3200E-11  0.2810E-11  0.2320E-11  0.1870E-11  0.1650E-11
  0.1000E+13  0.1610E-14  0.3310E-13  0.3400E-12  0.1690E-11  0.3270E-11  0.4100E-11  0.3940E-11  0.3680E-11  0.3490E-11  0.3200E-11  0.2810E-11  0.2320E-11  0.1870E-11  0.1650E-11
  0.1000E+14  0.1610E-14  0.3310E-13  0.3400E-12  0.1690E-11  0.3270E-11  0.4100E-11  0.3930E-11  0.3680E-11  0.3490E-11  0.3190E-11  0.2800E-11  0.2320E-11  0.1870E-11  0.1650E-11
  0.1000E+15  0.1610E-14  0.3310E-13  0.3400E-12  0.1690E-11  0.3230E-11  0.4050E-11  0.3880E-11  0.3630E-11  0.3450E-11  0.3160E-11  0.2780E-11  0.2300E-11  0.1860E-11  0.1640E-11
  0.1000E+16  0.1610E-14  0.3300E-13  0.3360E-12  0.1620E-11  0.2990E-11  0.3670E-11  0.3520E-11  0.3300E-11  0.3140E-11  0.2890E-11  0.2560E-11  0.2150E-11  0.1750E-11  0.1550E-11
  0.1000E+17  0.1580E-14  0.3210E-13  0.3090E-12  0.1310E-11  0.2260E-11  0.2690E-11  0.2580E-11  0.2430E-11  0.2310E-11  0.2140E-11  0.1910E-11  0.1630E-11  0.1350E-11  0.1210E-11
WAVELENGTH(A)= 
    25.599
 7 14 t 
excit   
    50.300     75.400    126.000    251.000    503.000   1260.000   2510.000   3770.000   5030.000   7540.000  12600.000  25100.000  50300.000  75400.000 
  0.1000E+11  0.1060E-13  0.2160E-12  0.2210E-11  0.1100E-10  0.2150E-10  0.2720E-10  0.2610E-10  0.2440E-10  0.2310E-10  0.2090E-10  0.1820E-10  0.1480E-10  0.1190E-10  0.1030E-10
  0.1000E+12  0.1060E-13  0.2160E-12  0.2210E-11  0.1100E-10  0.2150E-10  0.2720E-10  0.2610E-10  0.2440E-10  0.2310E-10  0.2090E-10  0.1820E-10  0.1480E-10  0.1190E-10  0.1030E-10
  0.1000E+13  0.1060E-13  0.2160E-12  0.2210E-11  0.1100E-10  0.2150E-10  0.2720E-10  0.2610E-10  0.2440E-10  0.2310E-10  0.2090E-10  0.1820E-10  0.1480E-10  0.1190E-10  0.1030E-10
  0.1000E+14  0.1060E-13  0.2160E-12  0.2210E-11  0.1100E-10  0.2150E-10  0.2710E-10  0.2600E-10  0.2440E-10  0.2300E-10  0.2080E-10  0.1820E-10  0.1480E-10  0.1180E-10  0.1030E-10
  0.1000E+15  0.1060E-13  0.2160E-12  0.2200E-11  0.1100E-10  0.2120E-10  0.2670E-10  0.2560E-10  0.2400E-10  0.2270E-10  0.2050E-10  0.1790E-10  0.1460E-10  0.1170E-10  0.1020E-10
  0.1000E+16  0.1060E-13  0.2150E-12  0.2170E-11  0.1030E-10  0.1900E-10  0.2320E-10  0.2220E-10  0.2080E-10  0.1980E-10  0.1800E-10  0.1590E-10  0.1320E-10  0.1070E-10  0.9400E-11
  0.1000E+17  0.1030E-13  0.2060E-12  0.1910E-11  0.7660E-11  0.1310E-10  0.1540E-10  0.1470E-10  0.1380E-10  0.1310E-10  0.1200E-10  0.1070E-10  0.8940E-11  0.7420E-11  0.6600E-11
WAVELENGTH(A)= 
    25.915
 7 14 t 
excit   
    50.300     75.400    126.000    251.000    503.000   1260.000   2510.000   3770.000   5030.000   7540.000  12600.000  25100.000  50300.000  75400.000 
  0.1000E+11  0.8980E-15  0.2430E-13  0.3100E-12  0.1830E-11  0.3880E-11  0.5140E-11  0.5020E-11  0.4740E-11  0.4480E-11  0.4080E-11  0.3580E-11  0.2920E-11  0.2340E-11  0.2040E-11
  0.1000E+12  0.8980E-15  0.2430E-13  0.3100E-12  0.1830E-11  0.3880E-11  0.5140E-11  0.5020E-11  0.4740E-11  0.4490E-11  0.4080E-11  0.3580E-11  0.2920E-11  0.2340E-11  0.2040E-11
  0.1000E+13  0.8980E-15  0.2430E-13  0.3100E-12  0.1830E-11  0.3880E-11  0.5140E-11  0.5020E-11  0.4740E-11  0.4490E-11  0.4080E-11  0.3580E-11  0.2920E-11  0.2340E-11  0.2040E-11
  0.1000E+14  0.8980E-15  0.2430E-13  0.3100E-12  0.1840E-11  0.3880E-11  0.5150E-11  0.5030E-11  0.4740E-11  0.4490E-11  0.4090E-11  0.3580E-11  0.2920E-11  0.2340E-11  0.2040E-11
  0.1000E+15  0.8990E-15  0.2430E-13  0.3110E-12  0.1850E-11  0.3930E-11  0.5220E-11  0.5100E-11  0.4800E-11  0.4550E-11  0.4130E-11  0.3620E-11  0.2950E-11  0.2360E-11  0.2060E-11
  0.1000E+16  0.9040E-15  0.2450E-13  0.3170E-12  0.1950E-11  0.4250E-11  0.5680E-11  0.5530E-11  0.5200E-11  0.4910E-11  0.4450E-11  0.3870E-11  0.3130E-11  0.2490E-11  0.2160E-11
  0.1000E+17  0.9540E-15  0.2600E-13  0.3570E-12  0.2230E-11  0.4590E-11  0.5880E-11  0.5690E-11  0.5370E-11  0.5090E-11  0.4650E-11  0.4100E-11  0.3370E-11  0.2710E-11  0.2370E-11
WAVELENGTH(A)= 
    26.183
 7 14 t 
excit   
    50.300     75.400    126.000    251.000    503.000   1260.000   2510.000   3770.000   5030.000   7540.000  12600.000  25100.000  50300.000  75400.000 
  0.1000E+11  0.8120E-15  0.2110E-13  0.2650E-12  0.1520E-11  0.3160E-11  0.4140E-11  0.4030E-11  0.3810E-11  0.3610E-11  0.3300E-11  0.2910E-11  0.2400E-11  0.1940E-11  0.1700E-11
  0.1000E+12  0.8120E-15  0.2110E-13  0.2650E-12  0.1520E-11  0.3160E-11  0.4140E-11  0.4030E-11  0.3810E-11  0.3610E-11  0.3300E-11  0.2910E-11  0.2400E-11  0.1940E-11  0.1700E-11
  0.1000E+13  0.8120E-15  0.2110E-13  0.2650E-12  0.1520E-11  0.3160E-11  0.4140E-11  0.4030E-11  0.3810E-11  0.3610E-11  0.3300E-11  0.2910E-11  0.2400E-11  0.1940E-11  0.1700E-11
  0.1000E+14  0.8120E-15  0.2110E-13  0.2650E-12  0.1520E-11  0.3160E-11  0.4140E-11  0.4020E-11  0.3810E-11  0.3600E-11  0.3300E-11  0.2910E-11  0.2400E-11  0.1940E-11  0.1700E-11
  0.1000E+15  0.8120E-15  0.2110E-13  0.2640E-12  0.1510E-11  0.3120E-11  0.4080E-11  0.3970E-11  0.3750E-11  0.3550E-11  0.3250E-11  0.2880E-11  0.2370E-11  0.1930E-11  0.1690E-11
  0.1000E+16  0.8100E-15  0.2110E-13  0.2610E-12  0.1450E-11  0.2880E-11  0.3680E-11  0.3570E-11  0.3380E-11  0.3210E-11  0.2950E-11  0.2630E-11  0.2190E-11  0.1800E-11  0.1590E-11
  0.1000E+17  0.7950E-15  0.2040E-13  0.2410E-12  0.1240E-11  0.2450E-11  0.3120E-11  0.3010E-11  0.2830E-11  0.2680E-11  0.2450E-11  0.2160E-11  0.1790E-11  0.1460E-11  0.1290E-11
WAVELENGTH(A)= 
    26.881
 7 14 t 
excit   
    50.300     75.400    126.000    251.000    503.000   1260.000   2510.000   3770.000   5030.000   7540.000  12600.000  25100.000  50300.000  75400.000 
  0.1000E+11  0.1670E-14  0.3600E-13  0.3860E-12  0.1980E-11  0.3900E-11  0.4920E-11  0.4730E-11  0.4440E-11  0.4210E-11  0.3850E-11  0.3380E-11  0.2790E-11  0.2250E-11  0.1980E-11
  0.1000E+12  0.1670E-14  0.3600E-13  0.3860E-12  0.1980E-11  0.3900E-11  0.4920E-11  0.4730E-11  0.4440E-11  0.4210E-11  0.3850E-11  0.3380E-11  0.2790E-11  0.2250E-11  0.1980E-11
  0.1000E+13  0.1670E-14  0.3600E-13  0.3860E-12  0.1980E-11  0.3900E-11  0.4920E-11  0.4730E-11  0.4440E-11  0.4200E-11  0.3850E-11  0.3380E-11  0.2790E-11  0.2250E-11  0.1980E-11
  0.1000E+14  0.1670E-14  0.3600E-13  0.3860E-12  0.1980E-11  0.3900E-11  0.4910E-11  0.4720E-11  0.4430E-11  0.4200E-11  0.3840E-11  0.3380E-11  0.2780E-11  0.2250E-11  0.1970E-11
  0.1000E+15  0.1660E-14  0.3600E-13  0.3850E-12  0.1960E-11  0.3840E-11  0.4810E-11  0.4620E-11  0.4350E-11  0.4120E-11  0.3770E-11  0.3320E-11  0.2750E-11  0.2230E-11  0.1950E-11
  0.1000E+16  0.1660E-14  0.3580E-13  0.3780E-12  0.1830E-11  0.3400E-11  0.4120E-11  0.3950E-11  0.3720E-11  0.3540E-11  0.3270E-11  0.2910E-11  0.2450E-11  0.2020E-11  0.1790E-11
  0.1000E+17  0.1610E-14  0.3410E-13  0.3280E-12  0.1340E-11  0.2340E-11  0.2790E-11  0.2650E-11  0.2500E-11  0.2380E-11  0.2190E-11  0.1960E-11  0.1660E-11  0.1390E-11  0.1240E-11
WAVELENGTH(A)= 
    27.704
 7 14 t 
excit   
    50.300     75.400    126.000    251.000    503.000   1260.000   2510.000   3770.000   5030.000   7540.000  12600.000  25100.000  50300.000  75400.000 
  0.1000E+11  0.1750E-13  0.3860E-12  0.4190E-11  0.2190E-10  0.4370E-10  0.5620E-10  0.5430E-10  0.5070E-10  0.4790E-10  0.4360E-10  0.3790E-10  0.3080E-10  0.2460E-10  0.2140E-10
  0.1000E+12  0.1750E-13  0.3860E-12  0.4190E-11  0.2190E-10  0.4370E-10  0.5610E-10  0.5430E-10  0.5070E-10  0.4790E-10  0.4360E-10  0.3790E-10  0.3080E-10  0.2460E-10  0.2140E-10
  0.1000E+13  0.1750E-13  0.3860E-12  0.4190E-11  0.2190E-10  0.4370E-10  0.5610E-10  0.5430E-10  0.5070E-10  0.4790E-10  0.4360E-10  0.3790E-10  0.3080E-10  0.2460E-10  0.2140E-10
  0.1000E+14  0.1750E-13  0.3860E-12  0.4190E-11  0.2190E-10  0.4360E-10  0.5600E-10  0.5420E-10  0.5060E-10  0.4780E-10  0.4350E-10  0.3780E-10  0.3070E-10  0.2460E-10  0.2140E-10
  0.1000E+15  0.1750E-13  0.3860E-12  0.4180E-11  0.2170E-10  0.4290E-10  0.5480E-10  0.5290E-10  0.4950E-10  0.4680E-10  0.4260E-10  0.3710E-10  0.3030E-10  0.2430E-10  0.2110E-10
  0.1000E+16  0.1740E-13  0.3840E-12  0.4090E-11  0.2010E-10  0.3730E-10  0.4590E-10  0.4420E-10  0.4150E-10  0.3940E-10  0.3620E-10  0.3200E-10  0.2660E-10  0.2170E-10  0.1910E-10
  0.1000E+17  0.1680E-13  0.3620E-12  0.3460E-11  0.1350E-10  0.2240E-10  0.2650E-10  0.2540E-10  0.2390E-10  0.2280E-10  0.2110E-10  0.1880E-10  0.1600E-10  0.1350E-10  0.1210E-10
WAVELENGTH(A)= 
    28.200
 7 14 t 
excit   
    50.300     75.400    126.000    251.000    503.000   1260.000   2510.000   3770.000   5030.000   7540.000  12600.000  25100.000  50300.000  75400.000 
  0.1000E+11  0.5910E-14  0.8960E-13  0.7210E-12  0.3020E-11  0.5390E-11  0.6440E-11  0.6090E-11  0.5670E-11  0.5320E-11  0.4820E-11  0.4190E-11  0.3400E-11  0.2710E-11  0.2360E-11
  0.1000E+12  0.5910E-14  0.8960E-13  0.7210E-12  0.3020E-11  0.5390E-11  0.6440E-11  0.6090E-11  0.5670E-11  0.5320E-11  0.4820E-11  0.4190E-11  0.3400E-11  0.2710E-11  0.2360E-11
  0.1000E+13  0.5910E-14  0.8960E-13  0.7210E-12  0.3020E-11  0.5390E-11  0.6440E-11  0.6090E-11  0.5670E-11  0.5320E-11  0.4820E-11  0.4190E-11  0.3400E-11  0.2710E-11  0.2360E-11
  0.1000E+14  0.5910E-14  0.8960E-13  0.7210E-12  0.3020E-11  0.5390E-11  0.6440E-11  0.6090E-11  0.5670E-11  0.5320E-11  0.4820E-11  0.4190E-11  0.3400E-11  0.2710E-11  0.2360E-11
  0.1000E+15  0.5910E-14  0.8960E-13  0.7210E-12  0.3020E-11  0.5390E-11  0.6430E-11  0.6080E-11  0.5660E-11  0.5310E-11  0.4810E-11  0.4180E-11  0.3400E-11  0.2710E-11  0.2360E-11
  0.1000E+16  0.5920E-14  0.8970E-13  0.7230E-12  0.3020E-11  0.5350E-11  0.6340E-11  0.5970E-11  0.5560E-11  0.5220E-11  0.4730E-11  0.4120E-11  0.3350E-11  0.2670E-11  0.2330E-11
  0.1000E+17  0.5990E-14  0.9050E-13  0.7270E-12  0.2880E-11  0.4770E-11  0.5450E-11  0.5120E-11  0.4780E-11  0.4500E-11  0.4110E-11  0.3610E-11  0.2980E-11  0.2420E-11  0.2130E-11
WAVELENGTH(A)= 
    28.442
 7 14 t 
excit   
    50.300     75.400    126.000    251.000    503.000   1260.000   2510.000   3770.000   5030.000   7540.000  12600.000  25100.000  50300.000  75400.000 
  0.1000E+11  0.6740E-14  0.1370E-12  0.1410E-11  0.7020E-11  0.1370E-10  0.1730E-10  0.1660E-10  0.1560E-10  0.1470E-10  0.1330E-10  0.1160E-10  0.9430E-11  0.7550E-11  0.6550E-11
  0.1000E+12  0.6740E-14  0.1370E-12  0.1410E-11  0.7020E-11  0.1370E-10  0.1730E-10  0.1660E-10  0.1560E-10  0.1470E-10  0.1330E-10  0.1160E-10  0.9430E-11  0.7550E-11  0.6550E-11
  0.1000E+13  0.6740E-14  0.1370E-12  0.1410E-11  0.7020E-11  0.1370E-10  0.1730E-10  0.1660E-10  0.1560E-10  0.1470E-10  0.1330E-10  0.1160E-10  0.9430E-11  0.7550E-11  0.6550E-11
  0.1000E+14  0.6740E-14  0.1370E-12  0.1410E-11  0.7020E-11  0.1370E-10  0.1730E-10  0.1660E-10  0.1550E-10  0.1470E-10  0.1330E-10  0.1160E-10  0.9420E-11  0.7540E-11  0.6540E-11
  0.1000E+15  0.6740E-14  0.1370E-12  0.1400E-11  0.6970E-11  0.1350E-10  0.1700E-10  0.1630E-10  0.1530E-10  0.1440E-10  0.1300E-10  0.1140E-10  0.9310E-11  0.7460E-11  0.6480E-11
  0.1000E+16  0.6720E-14  0.1370E-12  0.1380E-11  0.6560E-11  0.1210E-10  0.1470E-10  0.1410E-10  0.1330E-10  0.1260E-10  0.1140E-10  0.1010E-10  0.8380E-11  0.6830E-11  0.5990E-11
  0.1000E+17  0.6550E-14  0.1310E-12  0.1220E-11  0.4870E-11  0.8310E-11  0.9830E-11  0.9350E-11  0.8790E-11  0.8340E-11  0.7620E-11  0.6780E-11  0.5690E-11  0.4720E-11  0.4200E-11
WAVELENGTH(A)= 
    30.117
 7 14 t 
excit   
    50.300     75.400    126.000    251.000    503.000   1260.000   2510.000   3770.000   5030.000   7540.000  12600.000  25100.000  50300.000  75400.000 
  0.1000E+11  0.7070E-14  0.1070E-12  0.8620E-12  0.3610E-11  0.6450E-11  0.7700E-11  0.7280E-11  0.6780E-11  0.6360E-11  0.5760E-11  0.5010E-11  0.4070E-11  0.3240E-11  0.2820E-11
  0.1000E+12  0.7070E-14  0.1070E-12  0.8620E-12  0.3610E-11  0.6450E-11  0.7700E-11  0.7280E-11  0.6780E-11  0.6360E-11  0.5760E-11  0.5010E-11  0.4070E-11  0.3240E-11  0.2820E-11
  0.1000E+13  0.7070E-14  0.1070E-12  0.8620E-12  0.3610E-11  0.6450E-11  0.7700E-11  0.7280E-11  0.6780E-11  0.6360E-11  0.5760E-11  0.5010E-11  0.4070E-11  0.3240E-11  0.2820E-11
  0.1000E+14  0.7070E-14  0.1070E-12  0.8620E-12  0.3610E-11  0.6450E-11  0.7700E-11  0.7280E-11  0.6780E-11  0.6360E-11  0.5760E-11  0.5010E-11  0.4060E-11  0.3240E-11  0.2820E-11
  0.1000E+15  0.7070E-14  0.1070E-12  0.8620E-12  0.3610E-11  0.6440E-11  0.7690E-11  0.7270E-11  0.6770E-11  0.6350E-11  0.5750E-11  0.5000E-11  0.4060E-11  0.3240E-11  0.2820E-11
  0.1000E+16  0.7080E-14  0.1070E-12  0.8640E-12  0.3610E-11  0.6390E-11  0.7570E-11  0.7140E-11  0.6650E-11  0.6240E-11  0.5650E-11  0.4920E-11  0.4000E-11  0.3200E-11  0.2790E-11
  0.1000E+17  0.7160E-14  0.1080E-12  0.8690E-12  0.3440E-11  0.5700E-11  0.6510E-11  0.6110E-11  0.5710E-11  0.5380E-11  0.4910E-11  0.4320E-11  0.3560E-11  0.2890E-11  0.2540E-11
WAVELENGTH(A)= 
    31.309
 7 14 t 
excit   
    50.300     75.400    126.000    251.000    503.000   1260.000   2510.000   3770.000   5030.000   7540.000  12600.000  25100.000  50300.000  75400.000 
  0.1000E+11  0.2710E-13  0.3080E-12  0.1960E-11  0.6860E-11  0.1110E-10  0.1250E-10  0.1160E-10  0.1070E-10  0.1010E-10  0.9130E-11  0.8000E-11  0.6540E-11  0.5270E-11  0.4620E-11
  0.1000E+12  0.2710E-13  0.3080E-12  0.1960E-11  0.6860E-11  0.1110E-10  0.1250E-10  0.1160E-10  0.1070E-10  0.1010E-10  0.9130E-11  0.8000E-11  0.6540E-11  0.5270E-11  0.4620E-11
  0.1000E+13  0.2710E-13  0.3080E-12  0.1960E-11  0.6860E-11  0.1110E-10  0.1250E-10  0.1150E-10  0.1070E-10  0.1010E-10  0.9130E-11  0.8000E-11  0.6540E-11  0.5270E-11  0.4620E-11
  0.1000E+14  0.2710E-13  0.3080E-12  0.1960E-11  0.6860E-11  0.1110E-10  0.1240E-10  0.1150E-10  0.1070E-10  0.1010E-10  0.9110E-11  0.7990E-11  0.6540E-11  0.5260E-11  0.4620E-11
  0.1000E+15  0.2710E-13  0.3070E-12  0.1950E-11  0.6810E-11  0.1100E-10  0.1220E-10  0.1130E-10  0.1050E-10  0.9910E-11  0.8980E-11  0.7880E-11  0.6460E-11  0.5210E-11  0.4580E-11
  0.1000E+16  0.2700E-13  0.3060E-12  0.1930E-11  0.6430E-11  0.9920E-11  0.1080E-10  0.9930E-11  0.9230E-11  0.8730E-11  0.7960E-11  0.7050E-11  0.5860E-11  0.4800E-11  0.4240E-11
  0.1000E+17  0.2640E-13  0.2950E-12  0.1710E-11  0.4840E-11  0.6850E-11  0.7200E-11  0.6620E-11  0.6160E-11  0.5830E-11  0.5340E-11  0.4760E-11  0.4020E-11  0.3360E-11  0.3010E-11
WAVELENGTH(A)= 
    32.140
 7 14 t 
excit   
    50.300     75.400    126.000    251.000    503.000   1260.000   2510.000   3770.000   5030.000   7540.000  12600.000  25100.000  50300.000  75400.000 
  0.1000E+11  0.2530E-13  0.2920E-12  0.1890E-11  0.6720E-11  0.1110E-10  0.1260E-10  0.1170E-10  0.1090E-10  0.1020E-10  0.9170E-11  0.7930E-11  0.6410E-11  0.5100E-11  0.4430E-11
  0.1000E+12  0.2530E-13  0.2920E-12  0.1890E-11  0.6720E-11  0.1110E-10  0.1260E-10  0.1170E-10  0.1090E-10  0.1020E-10  0.9170E-11  0.7930E-11  0.6410E-11  0.5100E-11  0.4430E-11
  0.1000E+13  0.2530E-13  0.2920E-12  0.1890E-11  0.6720E-11  0.1110E-10  0.1260E-10  0.1170E-10  0.1090E-10  0.1020E-10  0.9180E-11  0.7930E-11  0.6410E-11  0.5100E-11  0.4430E-11
  0.1000E+14  0.2530E-13  0.2920E-12  0.1890E-11  0.6720E-11  0.1110E-10  0.1260E-10  0.1170E-10  0.1090E-10  0.1020E-10  0.9180E-11  0.7940E-11  0.6420E-11  0.5100E-11  0.4430E-11
  0.1000E+15  0.2540E-13  0.2920E-12  0.1890E-11  0.6740E-11  0.1110E-10  0.1270E-10  0.1180E-10  0.1100E-10  0.1030E-10  0.9240E-11  0.7980E-11  0.6450E-11  0.5120E-11  0.4450E-11
  0.1000E+16  0.2540E-13  0.2930E-12  0.1910E-11  0.6910E-11  0.1150E-10  0.1320E-10  0.1230E-10  0.1140E-10  0.1070E-10  0.9620E-11  0.8320E-11  0.6700E-11  0.5310E-11  0.4600E-11
  0.1000E+17  0.2620E-13  0.3020E-12  0.2050E-11  0.7520E-11  0.1220E-10  0.1370E-10  0.1270E-10  0.1180E-10  0.1110E-10  0.1000E-10  0.8770E-11  0.7130E-11  0.5690E-11  0.4960E-11
WAVELENGTH(A)= 
    32.321
 7 14 t 
excit   
    50.300     75.400    126.000    251.000    503.000   1260.000   2510.000   3770.000   5030.000   7540.000  12600.000  25100.000  50300.000  75400.000 
  0.1000E+11  0.8660E-14  0.9820E-13  0.6300E-12  0.2210E-11  0.3630E-11  0.4150E-11  0.3860E-11  0.3600E-11  0.3390E-11  0.3070E-11  0.2660E-11  0.2150E-11  0.1720E-11  0.1490E-11
  0.1000E+12  0.8660E-14  0.9820E-13  0.6300E-12  0.2210E-11  0.3630E-11  0.4150E-11  0.3860E-11  0.3600E-11  0.3390E-11  0.3070E-11  0.2660E-11  0.2150E-11  0.1720E-11  0.1490E-11
  0.1000E+13  0.8660E-14  0.9820E-13  0.6300E-12  0.2210E-11  0.3630E-11  0.4150E-11  0.3870E-11  0.3600E-11  0.3390E-11  0.3070E-11  0.2660E-11  0.2150E-11  0.1720E-11  0.1490E-11
  0.1000E+14  0.8670E-14  0.9830E-13  0.6300E-12  0.2220E-11  0.3650E-11  0.4180E-11  0.3890E-11  0.3630E-11  0.3410E-11  0.3090E-11  0.2680E-11  0.2170E-11  0.1720E-11  0.1490E-11
  0.1000E+15  0.8680E-14  0.9850E-13  0.6350E-12  0.2280E-11  0.3830E-11  0.4450E-11  0.4160E-11  0.3870E-11  0.3630E-11  0.3270E-11  0.2830E-11  0.2270E-11  0.1790E-11  0.1550E-11
  0.1000E+16  0.8830E-14  0.1010E-12  0.6840E-12  0.2830E-11  0.5270E-11  0.6430E-11  0.6050E-11  0.5610E-11  0.5230E-11  0.4660E-11  0.3960E-11  0.3090E-11  0.2360E-11  0.2000E-11
  0.1000E+17  0.1030E-13  0.1230E-12  0.1040E-11  0.5100E-11  0.9120E-11  0.1060E-10  0.9900E-11  0.9180E-11  0.8580E-11  0.7710E-11  0.6650E-11  0.5280E-11  0.4090E-11  0.3500E-11
WAVELENGTH(A)= 
    34.215
 7 14 t 
excit   
    50.300     75.400    126.000    251.000    503.000   1260.000   2510.000   3770.000   5030.000   7540.000  12600.000  25100.000  50300.000  75400.000 
  0.1000E+11  0.4980E-14  0.9240E-13  0.8740E-12  0.4140E-11  0.7830E-11  0.9720E-11  0.9270E-11  0.8680E-11  0.8170E-11  0.7410E-11  0.6450E-11  0.5240E-11  0.4180E-11  0.3640E-11
  0.1000E+12  0.4980E-14  0.9240E-13  0.8740E-12  0.4140E-11  0.7830E-11  0.9720E-11  0.9270E-11  0.8680E-11  0.8170E-11  0.7410E-11  0.6450E-11  0.5240E-11  0.4180E-11  0.3640E-11
  0.1000E+13  0.4980E-14  0.9240E-13  0.8740E-12  0.4140E-11  0.7830E-11  0.9720E-11  0.9270E-11  0.8680E-11  0.8170E-11  0.7410E-11  0.6450E-11  0.5240E-11  0.4180E-11  0.3640E-11
  0.1000E+14  0.4980E-14  0.9240E-13  0.8740E-12  0.4130E-11  0.7820E-11  0.9710E-11  0.9260E-11  0.8670E-11  0.8160E-11  0.7400E-11  0.6440E-11  0.5230E-11  0.4180E-11  0.3640E-11
  0.1000E+15  0.4980E-14  0.9230E-13  0.8730E-12  0.4120E-11  0.7750E-11  0.9590E-11  0.9140E-11  0.8560E-11  0.8060E-11  0.7310E-11  0.6380E-11  0.5180E-11  0.4150E-11  0.3610E-11
  0.1000E+16  0.4970E-14  0.9210E-13  0.8650E-12  0.3970E-11  0.7250E-11  0.8790E-11  0.8340E-11  0.7810E-11  0.7370E-11  0.6710E-11  0.5880E-11  0.4830E-11  0.3900E-11  0.3410E-11
  0.1000E+17  0.4910E-14  0.9000E-13  0.8190E-12  0.3650E-11  0.6810E-11  0.8320E-11  0.7830E-11  0.7270E-11  0.6810E-11  0.6130E-11  0.5290E-11  0.4260E-11  0.3390E-11  0.2950E-11
WAVELENGTH(A)= 
    37.752
 7 14 t 
excit   
    50.300     75.400    126.000    251.000    503.000   1260.000   2510.000   3770.000   5030.000   7540.000  12600.000  25100.000  50300.000  75400.000 
  0.1000E+11  0.4660E-13  0.3390E-12  0.1510E-11  0.4090E-11  0.5850E-11  0.6150E-11  0.5570E-11  0.5090E-11  0.4750E-11  0.4260E-11  0.3670E-11  0.2950E-11  0.2340E-11  0.2030E-11
  0.1000E+12  0.4660E-13  0.3390E-12  0.1510E-11  0.4090E-11  0.5850E-11  0.6150E-11  0.5570E-11  0.5090E-11  0.4750E-11  0.4260E-11  0.3670E-11  0.2950E-11  0.2340E-11  0.2030E-11
  0.1000E+13  0.4660E-13  0.3390E-12  0.1510E-11  0.4090E-11  0.5850E-11  0.6150E-11  0.5570E-11  0.5090E-11  0.4750E-11  0.4260E-11  0.3660E-11  0.2950E-11  0.2340E-11  0.2030E-11
  0.1000E+14  0.4660E-13  0.3390E-12  0.1510E-11  0.4090E-11  0.5840E-11  0.6130E-11  0.5560E-11  0.5080E-11  0.4750E-11  0.4260E-11  0.3660E-11  0.2940E-11  0.2330E-11  0.2030E-11
  0.1000E+15  0.4650E-13  0.3390E-12  0.1510E-11  0.4060E-11  0.5760E-11  0.6030E-11  0.5460E-11  0.5000E-11  0.4670E-11  0.4190E-11  0.3610E-11  0.2910E-11  0.2310E-11  0.2010E-11
  0.1000E+16  0.4640E-13  0.3370E-12  0.1480E-11  0.3820E-11  0.5170E-11  0.5250E-11  0.4740E-11  0.4360E-11  0.4080E-11  0.3690E-11  0.3210E-11  0.2630E-11  0.2120E-11  0.1860E-11
  0.1000E+17  0.4510E-13  0.3220E-12  0.1310E-11  0.2800E-11  0.3450E-11  0.3380E-11  0.3040E-11  0.2800E-11  0.2640E-11  0.2400E-11  0.2120E-11  0.1770E-11  0.1460E-11  0.1310E-11
WAVELENGTH(A)= 
   155.512
 7 14 t 
excit   
    50.300     75.400    126.000    251.000    503.000   1260.000   2510.000   3770.000   5030.000   7540.000  12600.000  25100.000  50300.000  75400.000 
  0.1000E+11  0.1780E-13  0.6460E-13  0.3920E-12  0.1770E-11  0.3420E-11  0.4380E-11  0.4290E-11  0.4060E-11  0.3860E-11  0.3530E-11  0.3100E-11  0.2540E-11  0.2040E-11  0.1790E-11
  0.1000E+12  0.1780E-13  0.6460E-13  0.3920E-12  0.1770E-11  0.3420E-11  0.4390E-11  0.4290E-11  0.4060E-11  0.3860E-11  0.3530E-11  0.3100E-11  0.2540E-11  0.2040E-11  0.1790E-11
  0.1000E+13  0.1780E-13  0.6460E-13  0.3920E-12  0.1770E-11  0.3420E-11  0.4390E-11  0.4290E-11  0.4060E-11  0.3860E-11  0.3530E-11  0.3100E-11  0.2540E-11  0.2040E-11  0.1790E-11
  0.1000E+14  0.1780E-13  0.6460E-13  0.3920E-12  0.1770E-11  0.3430E-11  0.4390E-11  0.4290E-11  0.4070E-11  0.3860E-11  0.3530E-11  0.3110E-11  0.2540E-11  0.2050E-11  0.1790E-11
  0.1000E+15  0.1780E-13  0.6470E-13  0.3930E-12  0.1780E-11  0.3450E-11  0.4440E-11  0.4350E-11  0.4120E-11  0.3910E-11  0.3580E-11  0.3140E-11  0.2570E-11  0.2060E-11  0.1800E-11
  0.1000E+16  0.1810E-13  0.6560E-13  0.3980E-12  0.1830E-11  0.3620E-11  0.4730E-11  0.4680E-11  0.4450E-11  0.4230E-11  0.3870E-11  0.3400E-11  0.2770E-11  0.2210E-11  0.1920E-11
  0.1000E+17  0.2080E-13  0.7270E-13  0.4280E-12  0.1850E-11  0.3340E-11  0.4200E-11  0.4210E-11  0.4080E-11  0.3940E-11  0.3700E-11  0.3350E-11  0.2850E-11  0.2370E-11  0.2100E-11
WAVELENGTH(A)= 
   164.353
 7 14 t 
excit   
    50.300     75.400    126.000    251.000    503.000   1260.000   2510.000   3770.000   5030.000   7540.000  12600.000  25100.000  50300.000  75400.000 
  0.1000E+11  0.3600E-13  0.1310E-12  0.7950E-12  0.3600E-11  0.6950E-11  0.8900E-11  0.8700E-11  0.8240E-11  0.7820E-11  0.7160E-11  0.6290E-11  0.5160E-11  0.4150E-11  0.3620E-11
  0.1000E+12  0.3600E-13  0.1310E-12  0.7950E-12  0.3600E-11  0.6950E-11  0.8900E-11  0.8700E-11  0.8240E-11  0.7820E-11  0.7160E-11  0.6290E-11  0.5160E-11  0.4150E-11  0.3620E-11
  0.1000E+13  0.3600E-13  0.1310E-12  0.7950E-12  0.3600E-11  0.6950E-11  0.8900E-11  0.8700E-11  0.8240E-11  0.7820E-11  0.7160E-11  0.6290E-11  0.5160E-11  0.4150E-11  0.3620E-11
  0.1000E+14  0.3600E-13  0.1310E-12  0.7950E-12  0.3600E-11  0.6950E-11  0.8910E-11  0.8710E-11  0.8260E-11  0.7830E-11  0.7170E-11  0.6300E-11  0.5160E-11  0.4150E-11  0.3630E-11
  0.1000E+15  0.3610E-13  0.1310E-12  0.7970E-12  0.3610E-11  0.7010E-11  0.9010E-11  0.8820E-11  0.8360E-11  0.7930E-11  0.7260E-11  0.6370E-11  0.5220E-11  0.4190E-11  0.3660E-11
  0.1000E+16  0.3670E-13  0.1330E-12  0.8080E-12  0.3720E-11  0.7340E-11  0.9600E-11  0.9490E-11  0.9030E-11  0.8580E-11  0.7850E-11  0.6890E-11  0.5620E-11  0.4480E-11  0.3890E-11
  0.1000E+17  0.4220E-13  0.1470E-12  0.8680E-12  0.3750E-11  0.6780E-11  0.8510E-11  0.8550E-11  0.8280E-11  0.7990E-11  0.7500E-11  0.6800E-11  0.5790E-11  0.4800E-11  0.4250E-11
WAVELENGTH(A)= 
   192.542
 7 14 t 
excit   
    50.300     75.400    126.000    251.000    503.000   1260.000   2510.000   3770.000   5030.000   7540.000  12600.000  25100.000  50300.000  75400.000 
  0.1000E+11  0.9500E-13  0.2130E-12  0.8770E-12  0.3960E-11  0.8080E-11  0.1080E-10  0.1080E-10  0.1030E-10  0.9790E-11  0.9010E-11  0.7950E-11  0.6550E-11  0.5290E-11  0.4630E-11
  0.1000E+12  0.9500E-13  0.2130E-12  0.8770E-12  0.3960E-11  0.8080E-11  0.1080E-10  0.1080E-10  0.1030E-10  0.9790E-11  0.9010E-11  0.7950E-11  0.6550E-11  0.5290E-11  0.4630E-11
  0.1000E+13  0.9500E-13  0.2130E-12  0.8770E-12  0.3970E-11  0.8080E-11  0.1080E-10  0.1080E-10  0.1030E-10  0.9800E-11  0.9010E-11  0.7960E-11  0.6550E-11  0.5290E-11  0.4630E-11
  0.1000E+14  0.9500E-13  0.2130E-12  0.8780E-12  0.3970E-11  0.8100E-11  0.1080E-10  0.1080E-10  0.1030E-10  0.9830E-11  0.9040E-11  0.7980E-11  0.6570E-11  0.5300E-11  0.4640E-11
  0.1000E+15  0.9500E-13  0.2130E-12  0.8800E-12  0.4030E-11  0.8330E-11  0.1120E-10  0.1120E-10  0.1070E-10  0.1020E-10  0.9330E-11  0.8210E-11  0.6730E-11  0.5400E-11  0.4720E-11
  0.1000E+16  0.9530E-13  0.2140E-12  0.9080E-12  0.4500E-11  0.9890E-11  0.1370E-10  0.1360E-10  0.1300E-10  0.1230E-10  0.1120E-10  0.9750E-11  0.7860E-11  0.6200E-11  0.5350E-11
  0.1000E+17  0.9760E-13  0.2250E-12  0.1060E-11  0.5300E-11  0.1010E-10  0.1280E-10  0.1280E-10  0.1240E-10  0.1190E-10  0.1120E-10  0.1010E-10  0.8610E-11  0.7140E-11  0.6330E-11
WAVELENGTH(A)= 
   256.128
 7 14 t 
excit   
    50.300     75.400    126.000    251.000    503.000   1260.000   2510.000   3770.000   5030.000   7540.000  12600.000  25100.000  50300.000  75400.000 
  0.1000E+11  0.5940E-12  0.1320E-11  0.7140E-11  0.3310E-10  0.6500E-10  0.8560E-10  0.8630E-10  0.8300E-10  0.7970E-10  0.7400E-10  0.6610E-10  0.5540E-10  0.4540E-10  0.4000E-10
  0.1000E+12  0.5940E-12  0.1320E-11  0.7140E-11  0.3310E-10  0.6500E-10  0.8560E-10  0.8630E-10  0.8300E-10  0.7970E-10  0.7400E-10  0.6610E-10  0.5540E-10  0.4540E-10  0.4000E-10
  0.1000E+13  0.5940E-12  0.1320E-11  0.7140E-11  0.3310E-10  0.6500E-10  0.8560E-10  0.8630E-10  0.8290E-10  0.7970E-10  0.7400E-10  0.6610E-10  0.5540E-10  0.4540E-10  0.4000E-10
  0.1000E+14  0.5940E-12  0.1320E-11  0.7140E-11  0.3310E-10  0.6490E-10  0.8540E-10  0.8620E-10  0.8280E-10  0.7960E-10  0.7390E-10  0.6600E-10  0.5530E-10  0.4540E-10  0.4000E-10
  0.1000E+15  0.5940E-12  0.1320E-11  0.7130E-11  0.3290E-10  0.6400E-10  0.8390E-10  0.8460E-10  0.8130E-10  0.7820E-10  0.7270E-10  0.6510E-10  0.5460E-10  0.4490E-10  0.3970E-10
  0.1000E+16  0.5940E-12  0.1320E-11  0.7010E-11  0.3080E-10  0.5680E-10  0.7210E-10  0.7270E-10  0.7020E-10  0.6790E-10  0.6360E-10  0.5760E-10  0.4920E-10  0.4120E-10  0.3670E-10
  0.1000E+17  0.5940E-12  0.1290E-11  0.6130E-11  0.2040E-10  0.3110E-10  0.3610E-10  0.3630E-10  0.3560E-10  0.3490E-10  0.3350E-10  0.3160E-10  0.2850E-10  0.2530E-10  0.2340E-10
WAVELENGTH(A)= 
   384.166
 7 14 t 
excit   
    50.300     75.400    126.000    251.000    503.000   1260.000   2510.000   3770.000   5030.000   7540.000  12600.000  25100.000  50300.000  75400.000 
  0.1000E+11  0.3240E-12  0.5210E-12  0.1580E-11  0.6200E-11  0.1210E-10  0.1590E-10  0.1600E-10  0.1540E-10  0.1470E-10  0.1370E-10  0.1220E-10  0.1010E-10  0.8280E-11  0.7280E-11
  0.1000E+12  0.3240E-12  0.5210E-12  0.1580E-11  0.6200E-11  0.1210E-10  0.1590E-10  0.1600E-10  0.1540E-10  0.1470E-10  0.1370E-10  0.1220E-10  0.1010E-10  0.8280E-11  0.7280E-11
  0.1000E+13  0.3240E-12  0.5210E-12  0.1580E-11  0.6200E-11  0.1210E-10  0.1590E-10  0.1600E-10  0.1540E-10  0.1470E-10  0.1370E-10  0.1220E-10  0.1010E-10  0.8280E-11  0.7280E-11
  0.1000E+14  0.3240E-12  0.5210E-12  0.1580E-11  0.6200E-11  0.1210E-10  0.1590E-10  0.1600E-10  0.1540E-10  0.1470E-10  0.1370E-10  0.1220E-10  0.1010E-10  0.8270E-11  0.7280E-11
  0.1000E+15  0.3230E-12  0.5210E-12  0.1580E-11  0.6190E-11  0.1200E-10  0.1590E-10  0.1600E-10  0.1530E-10  0.1470E-10  0.1360E-10  0.1210E-10  0.1010E-10  0.8270E-11  0.7270E-11
  0.1000E+16  0.3230E-12  0.5200E-12  0.1580E-11  0.6100E-11  0.1160E-10  0.1510E-10  0.1520E-10  0.1470E-10  0.1410E-10  0.1310E-10  0.1180E-10  0.9880E-11  0.8110E-11  0.7160E-11
  0.1000E+17  0.3150E-12  0.5050E-12  0.1470E-11  0.4590E-11  0.6920E-11  0.7920E-11  0.7940E-11  0.7810E-11  0.7660E-11  0.7400E-11  0.7000E-11  0.6360E-11  0.5650E-11  0.5220E-11
WAVELENGTH(A)= 
   423.540
 7 14 t 
excit   
    50.300     75.400    126.000    251.000    503.000   1260.000   2510.000   3770.000   5030.000   7540.000  12600.000  25100.000  50300.000  75400.000 
  0.1000E+11  0.4370E-13  0.9730E-13  0.5260E-12  0.2440E-11  0.4790E-11  0.6310E-11  0.6360E-11  0.6110E-11  0.5870E-11  0.5450E-11  0.4870E-11  0.4080E-11  0.3340E-11  0.2950E-11
  0.1000E+12  0.4370E-13  0.9730E-13  0.5260E-12  0.2440E-11  0.4790E-11  0.6310E-11  0.6360E-11  0.6110E-11  0.5870E-11  0.5450E-11  0.4870E-11  0.4080E-11  0.3340E-11  0.2950E-11
  0.1000E+13  0.4370E-13  0.9730E-13  0.5260E-12  0.2440E-11  0.4790E-11  0.6300E-11  0.6360E-11  0.6110E-11  0.5870E-11  0.5450E-11  0.4870E-11  0.4080E-11  0.3340E-11  0.2950E-11
  0.1000E+14  0.4370E-13  0.9730E-13  0.5260E-12  0.2440E-11  0.4780E-11  0.6290E-11  0.6350E-11  0.6100E-11  0.5860E-11  0.5440E-11  0.4860E-11  0.4070E-11  0.3340E-11  0.2950E-11
  0.1000E+15  0.4370E-13  0.9720E-13  0.5250E-12  0.2420E-11  0.4720E-11  0.6180E-11  0.6230E-11  0.5990E-11  0.5760E-11  0.5360E-11  0.4790E-11  0.4020E-11  0.3310E-11  0.2920E-11
  0.1000E+16  0.4370E-13  0.9700E-13  0.5170E-12  0.2270E-11  0.4180E-11  0.5310E-11  0.5350E-11  0.5170E-11  0.5000E-11  0.4690E-11  0.4250E-11  0.3630E-11  0.3030E-11  0.2700E-11
  0.1000E+17  0.4370E-13  0.9490E-13  0.4510E-12  0.1500E-11  0.2290E-11  0.2660E-11  0.2670E-11  0.2620E-11  0.2570E-11  0.2470E-11  0.2320E-11  0.2100E-11  0.1860E-11  0.1720E-11
WAVELENGTH(A)= 
   443.039
 7 14 t 
excit   
    50.300     75.400    126.000    251.000    503.000   1260.000   2510.000   3770.000   5030.000   7540.000  12600.000  25100.000  50300.000  75400.000 
  0.1000E+11  0.1450E-12  0.2570E-12  0.1050E-11  0.4500E-11  0.8870E-11  0.1190E-10  0.1210E-10  0.1170E-10  0.1130E-10  0.1050E-10  0.9430E-11  0.7910E-11  0.6490E-11  0.5730E-11
  0.1000E+12  0.1450E-12  0.2570E-12  0.1050E-11  0.4500E-11  0.8870E-11  0.1190E-10  0.1210E-10  0.1170E-10  0.1130E-10  0.1050E-10  0.9420E-11  0.7910E-11  0.6490E-11  0.5730E-11
  0.1000E+13  0.1450E-12  0.2570E-12  0.1050E-11  0.4500E-11  0.8870E-11  0.1190E-10  0.1210E-10  0.1170E-10  0.1130E-10  0.1050E-10  0.9420E-11  0.7910E-11  0.6490E-11  0.5730E-11
  0.1000E+14  0.1440E-12  0.2570E-12  0.1050E-11  0.4490E-11  0.8850E-11  0.1180E-10  0.1210E-10  0.1170E-10  0.1120E-10  0.1050E-10  0.9400E-11  0.7890E-11  0.6480E-11  0.5720E-11
  0.1000E+15  0.1440E-12  0.2570E-12  0.1040E-11  0.4430E-11  0.8610E-11  0.1140E-10  0.1160E-10  0.1130E-10  0.1090E-10  0.1020E-10  0.9140E-11  0.7710E-11  0.6360E-11  0.5630E-11
  0.1000E+16  0.1440E-12  0.2550E-12  0.1010E-11  0.3880E-11  0.6780E-11  0.8430E-11  0.8560E-11  0.8380E-11  0.8160E-11  0.7760E-11  0.7150E-11  0.6250E-11  0.5330E-11  0.4810E-11
  0.1000E+17  0.1390E-12  0.2360E-12  0.7460E-12  0.1650E-11  0.1970E-11  0.2070E-11  0.2100E-11  0.2100E-11  0.2090E-11  0.2080E-11  0.2060E-11  0.2000E-11  0.1920E-11  0.1850E-11
WAVELENGTH(A)= 
   607.106
 7 14 t 
excit   
    50.300     75.400    126.000    251.000    503.000   1260.000   2510.000   3770.000   5030.000   7540.000  12600.000  25100.000  50300.000  75400.000 
  0.1000E+11  0.4270E-13  0.9510E-13  0.5140E-12  0.2390E-11  0.4680E-11  0.6160E-11  0.6220E-11  0.5970E-11  0.5740E-11  0.5330E-11  0.4760E-11  0.3990E-11  0.3270E-11  0.2880E-11
  0.1000E+12  0.4270E-13  0.9510E-13  0.5140E-12  0.2390E-11  0.4680E-11  0.6160E-11  0.6220E-11  0.5970E-11  0.5740E-11  0.5330E-11  0.4760E-11  0.3990E-11  0.3270E-11  0.2880E-11
  0.1000E+13  0.4270E-13  0.9510E-13  0.5140E-12  0.2390E-11  0.4680E-11  0.6160E-11  0.6210E-11  0.5970E-11  0.5740E-11  0.5330E-11  0.4760E-11  0.3980E-11  0.3270E-11  0.2880E-11
  0.1000E+14  0.4270E-13  0.9510E-13  0.5140E-12  0.2380E-11  0.4670E-11  0.6150E-11  0.6200E-11  0.5960E-11  0.5730E-11  0.5320E-11  0.4750E-11  0.3980E-11  0.3270E-11  0.2880E-11
  0.1000E+15  0.4270E-13  0.9510E-13  0.5130E-12  0.2370E-11  0.4610E-11  0.6040E-11  0.6090E-11  0.5860E-11  0.5630E-11  0.5240E-11  0.4690E-11  0.3930E-11  0.3230E-11  0.2850E-11
  0.1000E+16  0.4270E-13  0.9480E-13  0.5050E-12  0.2210E-11  0.4090E-11  0.5190E-11  0.5230E-11  0.5060E-11  0.4890E-11  0.4580E-11  0.4150E-11  0.3550E-11  0.2960E-11  0.2640E-11
  0.1000E+17  0.4270E-13  0.9280E-13  0.4410E-12  0.1470E-11  0.2240E-11  0.2600E-11  0.2610E-11  0.2560E-11  0.2510E-11  0.2420E-11  0.2270E-11  0.2050E-11  0.1820E-11  0.1680E-11
WAVELENGTH(A)= 
   647.983
 7 14 t 
excit   
    50.300     75.400    126.000    251.000    503.000   1260.000   2510.000   3770.000   5030.000   7540.000  12600.000  25100.000  50300.000  75400.000 
  0.1000E+11  0.2400E-11  0.3630E-11  0.1060E-10  0.4050E-10  0.7790E-10  0.1030E-09  0.1040E-09  0.1010E-09  0.9690E-10  0.9020E-10  0.8070E-10  0.6760E-10  0.5540E-10  0.4880E-10
  0.1000E+12  0.2400E-11  0.3630E-11  0.1060E-10  0.4050E-10  0.7790E-10  0.1030E-09  0.1040E-09  0.1010E-09  0.9690E-10  0.9020E-10  0.8070E-10  0.6760E-10  0.5540E-10  0.4880E-10
  0.1000E+13  0.2400E-11  0.3630E-11  0.1060E-10  0.4050E-10  0.7790E-10  0.1030E-09  0.1040E-09  0.1010E-09  0.9680E-10  0.9010E-10  0.8070E-10  0.6760E-10  0.5540E-10  0.4880E-10
  0.1000E+14  0.2400E-11  0.3630E-11  0.1060E-10  0.4040E-10  0.7760E-10  0.1020E-09  0.1040E-09  0.1000E-09  0.9650E-10  0.8980E-10  0.8040E-10  0.6740E-10  0.5520E-10  0.4870E-10
  0.1000E+15  0.2400E-11  0.3630E-11  0.1060E-10  0.3970E-10  0.7520E-10  0.9820E-10  0.9950E-10  0.9620E-10  0.9270E-10  0.8650E-10  0.7770E-10  0.6550E-10  0.5400E-10  0.4770E-10
  0.1000E+16  0.2370E-11  0.3570E-11  0.1010E-10  0.3380E-10  0.5640E-10  0.6820E-10  0.6880E-10  0.6720E-10  0.6540E-10  0.6230E-10  0.5760E-10  0.5070E-10  0.4350E-10  0.3940E-10
  0.1000E+17  0.2120E-11  0.3060E-11  0.6820E-11  0.1200E-10  0.1290E-10  0.1280E-10  0.1280E-10  0.1280E-10  0.1280E-10  0.1290E-10  0.1290E-10  0.1280E-10  0.1260E-10  0.1240E-10
WAVELENGTH(A)= 
   795.456
 7 14 t 
excit   
    50.300     75.400    126.000    251.000    503.000   1260.000   2510.000   3770.000   5030.000   7540.000  12600.000  25100.000  50300.000  75400.000 
  0.1000E+11  0.2540E-12  0.4530E-12  0.1840E-11  0.7920E-11  0.1560E-10  0.2090E-10  0.2130E-10  0.2060E-10  0.1980E-10  0.1850E-10  0.1660E-10  0.1390E-10  0.1140E-10  0.1010E-10
  0.1000E+12  0.2540E-12  0.4530E-12  0.1840E-11  0.7920E-11  0.1560E-10  0.2090E-10  0.2130E-10  0.2060E-10  0.1980E-10  0.1850E-10  0.1660E-10  0.1390E-10  0.1140E-10  0.1010E-10
  0.1000E+13  0.2540E-12  0.4530E-12  0.1840E-11  0.7920E-11  0.1560E-10  0.2090E-10  0.2130E-10  0.2060E-10  0.1980E-10  0.1850E-10  0.1660E-10  0.1390E-10  0.1140E-10  0.1010E-10
  0.1000E+14  0.2540E-12  0.4530E-12  0.1840E-11  0.7910E-11  0.1560E-10  0.2080E-10  0.2120E-10  0.2050E-10  0.1980E-10  0.1840E-10  0.1650E-10  0.1390E-10  0.1140E-10  0.1010E-10
  0.1000E+15  0.2540E-12  0.4530E-12  0.1840E-11  0.7800E-11  0.1520E-10  0.2010E-10  0.2050E-10  0.1980E-10  0.1910E-10  0.1790E-10  0.1610E-10  0.1360E-10  0.1120E-10  0.9910E-11
  0.1000E+16  0.2530E-12  0.4490E-12  0.1780E-11  0.6840E-11  0.1190E-10  0.1480E-10  0.1510E-10  0.1470E-10  0.1440E-10  0.1370E-10  0.1260E-10  0.1100E-10  0.9390E-11  0.8470E-11
  0.1000E+17  0.2440E-12  0.4160E-12  0.1310E-11  0.2900E-11  0.3470E-11  0.3650E-11  0.3690E-11  0.3690E-11  0.3690E-11  0.3660E-11  0.3620E-11  0.3520E-11  0.3370E-11  0.3260E-11
WAVELENGTH(A)= 
   943.583
 7 14 t 
excit   
    50.300     75.400    126.000    251.000    503.000   1260.000   2510.000   3770.000   5030.000   7540.000  12600.000  25100.000  50300.000  75400.000 
  0.1000E+11  0.8450E-12  0.1360E-11  0.4140E-11  0.1620E-10  0.3150E-10  0.4160E-10  0.4180E-10  0.4020E-10  0.3850E-10  0.3570E-10  0.3180E-10  0.2650E-10  0.2160E-10  0.1900E-10
  0.1000E+12  0.8450E-12  0.1360E-11  0.4140E-11  0.1620E-10  0.3150E-10  0.4160E-10  0.4180E-10  0.4020E-10  0.3850E-10  0.3570E-10  0.3180E-10  0.2650E-10  0.2160E-10  0.1900E-10
  0.1000E+13  0.8450E-12  0.1360E-11  0.4140E-11  0.1620E-10  0.3150E-10  0.4160E-10  0.4180E-10  0.4020E-10  0.3850E-10  0.3570E-10  0.3180E-10  0.2650E-10  0.2160E-10  0.1900E-10
  0.1000E+14  0.8450E-12  0.1360E-11  0.4140E-11  0.1620E-10  0.3150E-10  0.4160E-10  0.4180E-10  0.4020E-10  0.3850E-10  0.3570E-10  0.3180E-10  0.2650E-10  0.2160E-10  0.1900E-10
  0.1000E+15  0.8450E-12  0.1360E-11  0.4130E-11  0.1620E-10  0.3150E-10  0.4150E-10  0.4170E-10  0.4010E-10  0.3840E-10  0.3560E-10  0.3170E-10  0.2650E-10  0.2160E-10  0.1900E-10
  0.1000E+16  0.8430E-12  0.1360E-11  0.4120E-11  0.1590E-10  0.3040E-10  0.3960E-10  0.3980E-10  0.3830E-10  0.3680E-10  0.3430E-10  0.3070E-10  0.2580E-10  0.2120E-10  0.1870E-10
  0.1000E+17  0.8230E-12  0.1320E-11  0.3850E-11  0.1200E-10  0.1810E-10  0.2070E-10  0.2080E-10  0.2040E-10  0.2000E-10  0.1930E-10  0.1830E-10  0.1660E-10  0.1480E-10  0.1360E-10
WAVELENGTH(A)= 
  1000.000
 7 14 t 
excit   
    50.300     75.400    126.000    251.000    503.000   1260.000   2510.000   3770.000   5030.000   7540.000  12600.000  25100.000  50300.000  75400.000 
  0.1000E+11  0.1350E-11  0.2080E-11  0.7160E-11  0.2760E-10  0.5250E-10  0.7090E-10  0.7440E-10  0.7320E-10  0.7130E-10  0.6730E-10  0.6120E-10  0.5230E-10  0.4360E-10  0.3870E-10
  0.1000E+12  0.1350E-11  0.2080E-11  0.7160E-11  0.2760E-10  0.5250E-10  0.7090E-10  0.7440E-10  0.7320E-10  0.7130E-10  0.6730E-10  0.6120E-10  0.5230E-10  0.4360E-10  0.3870E-10
  0.1000E+13  0.1350E-11  0.2080E-11  0.7160E-11  0.2760E-10  0.5240E-10  0.7090E-10  0.7440E-10  0.7320E-10  0.7120E-10  0.6730E-10  0.6120E-10  0.5230E-10  0.4360E-10  0.3870E-10
  0.1000E+14  0.1350E-11  0.2080E-11  0.7150E-11  0.2750E-10  0.5230E-10  0.7060E-10  0.7410E-10  0.7290E-10  0.7100E-10  0.6710E-10  0.6100E-10  0.5220E-10  0.4350E-10  0.3870E-10
  0.1000E+15  0.1350E-11  0.2080E-11  0.7130E-11  0.2710E-10  0.5090E-10  0.6820E-10  0.7150E-10  0.7040E-10  0.6860E-10  0.6500E-10  0.5930E-10  0.5090E-10  0.4260E-10  0.3800E-10
  0.1000E+16  0.1340E-11  0.2060E-11  0.6900E-11  0.2390E-10  0.4040E-10  0.5060E-10  0.5270E-10  0.5220E-10  0.5130E-10  0.4940E-10  0.4610E-10  0.4100E-10  0.3550E-10  0.3230E-10
  0.1000E+17  0.1270E-11  0.1890E-11  0.5200E-11  0.1070E-10  0.1280E-10  0.1350E-10  0.1380E-10  0.1380E-10  0.1380E-10  0.1380E-10  0.1360E-10  0.1330E-10  0.1280E-10  0.1240E-10
WAVELENGTH(A)= 
  1400.780
 7 14 t 
excit   
    50.300     75.400    126.000    251.000    503.000   1260.000   2510.000   3770.000   5030.000   7540.000  12600.000  25100.000  50300.000  75400.000 
  0.1000E+11  0.3270E-12  0.5830E-12  0.2370E-11  0.1020E-10  0.2010E-10  0.2690E-10  0.2740E-10  0.2650E-10  0.2550E-10  0.2380E-10  0.2140E-10  0.1790E-10  0.1470E-10  0.1300E-10
  0.1000E+12  0.3270E-12  0.5830E-12  0.2370E-11  0.1020E-10  0.2010E-10  0.2690E-10  0.2740E-10  0.2650E-10  0.2550E-10  0.2380E-10  0.2140E-10  0.1790E-10  0.1470E-10  0.1300E-10
  0.1000E+13  0.3270E-12  0.5830E-12  0.2370E-11  0.1020E-10  0.2010E-10  0.2690E-10  0.2740E-10  0.2650E-10  0.2550E-10  0.2380E-10  0.2130E-10  0.1790E-10  0.1470E-10  0.1300E-10
  0.1000E+14  0.3270E-12  0.5830E-12  0.2370E-11  0.1020E-10  0.2000E-10  0.2680E-10  0.2730E-10  0.2640E-10  0.2540E-10  0.2370E-10  0.2130E-10  0.1790E-10  0.1470E-10  0.1300E-10
  0.1000E+15  0.3270E-12  0.5830E-12  0.2360E-11  0.1000E-10  0.1950E-10  0.2580E-10  0.2640E-10  0.2550E-10  0.2460E-10  0.2300E-10  0.2070E-10  0.1750E-10  0.1440E-10  0.1270E-10
  0.1000E+16  0.3260E-12  0.5780E-12  0.2280E-11  0.8800E-11  0.1540E-10  0.1910E-10  0.1940E-10  0.1900E-10  0.1850E-10  0.1760E-10  0.1620E-10  0.1420E-10  0.1210E-10  0.1090E-10
  0.1000E+17  0.3150E-12  0.5350E-12  0.1690E-11  0.3730E-11  0.4470E-11  0.4700E-11  0.4750E-11  0.4750E-11  0.4740E-11  0.4720E-11  0.4660E-11  0.4530E-11  0.4340E-11  0.4200E-11
WAVELENGTH(A)= 
  2891.010
 7 14 t 
excit   
    50.300     75.400    126.000    251.000    503.000   1260.000   2510.000   3770.000   5030.000   7540.000  12600.000  25100.000  50300.000  75400.000 
  0.1000E+11  0.1420E-12  0.2280E-12  0.6930E-12  0.2710E-11  0.5280E-11  0.6970E-11  0.7000E-11  0.6730E-11  0.6450E-11  0.5980E-11  0.5330E-11  0.4440E-11  0.3620E-11  0.3190E-11
  0.1000E+12  0.1420E-12  0.2280E-12  0.6930E-12  0.2710E-11  0.5280E-11  0.6970E-11  0.7000E-11  0.6730E-11  0.6450E-11  0.5980E-11  0.5330E-11  0.4440E-11  0.3620E-11  0.3190E-11
  0.1000E+13  0.1420E-12  0.2280E-12  0.6930E-12  0.2710E-11  0.5280E-11  0.6970E-11  0.7000E-11  0.6730E-11  0.6450E-11  0.5980E-11  0.5330E-11  0.4440E-11  0.3620E-11  0.3190E-11
  0.1000E+14  0.1420E-12  0.2280E-12  0.6930E-12  0.2710E-11  0.5280E-11  0.6960E-11  0.7000E-11  0.6730E-11  0.6450E-11  0.5980E-11  0.5330E-11  0.4440E-11  0.3620E-11  0.3190E-11
  0.1000E+15  0.1420E-12  0.2280E-12  0.6930E-12  0.2710E-11  0.5270E-11  0.6950E-11  0.6990E-11  0.6710E-11  0.6430E-11  0.5970E-11  0.5320E-11  0.4430E-11  0.3620E-11  0.3180E-11
  0.1000E+16  0.1410E-12  0.2270E-12  0.6900E-12  0.2670E-11  0.5100E-11  0.6630E-11  0.6670E-11  0.6420E-11  0.6170E-11  0.5750E-11  0.5150E-11  0.4320E-11  0.3550E-11  0.3130E-11
  0.1000E+17  0.1380E-12  0.2210E-12  0.6450E-12  0.2010E-11  0.3030E-11  0.3470E-11  0.3480E-11  0.3420E-11  0.3350E-11  0.3240E-11  0.3060E-11  0.2780E-11  0.2470E-11  0.2280E-11
