 50  7 14
WAVELENGTH(A)= 
     4.706
 7 14 t 
excit   
    26.200     39.300     65.500    131.000    262.000    655.000   1310.000   1970.000   2620.000   3930.000   6550.000  13100.000  26200.000  39300.000 
  0.1000E+11  0.1000E-73  0.2260E-38  0.7580E-27  0.2760E-18  0.4270E-14  0.1100E-11  0.6020E-11  0.1010E-10  0.1280E-10  0.1580E-10  0.1830E-10  0.1970E-10  0.1940E-10  0.1870E-10
  0.1000E+12  0.1000E-73  0.2260E-38  0.7580E-27  0.2760E-18  0.4270E-14  0.1100E-11  0.6020E-11  0.1010E-10  0.1280E-10  0.1580E-10  0.1830E-10  0.1970E-10  0.1940E-10  0.1870E-10
  0.1000E+13  0.1000E-73  0.2260E-38  0.7580E-27  0.2760E-18  0.4270E-14  0.1100E-11  0.6020E-11  0.1010E-10  0.1280E-10  0.1580E-10  0.1830E-10  0.1970E-10  0.1940E-10  0.1870E-10
  0.1000E+14  0.1000E-73  0.2260E-38  0.7580E-27  0.2760E-18  0.4270E-14  0.1100E-11  0.6010E-11  0.1000E-10  0.1270E-10  0.1580E-10  0.1830E-10  0.1970E-10  0.1940E-10  0.1860E-10
  0.1000E+15  0.1000E-73  0.2260E-38  0.7580E-27  0.2750E-18  0.4250E-14  0.1090E-11  0.5960E-11  0.9950E-11  0.1260E-10  0.1570E-10  0.1820E-10  0.1950E-10  0.1920E-10  0.1860E-10
  0.1000E+16  0.1000E-73  0.2260E-38  0.7580E-27  0.2730E-18  0.4120E-14  0.1030E-11  0.5530E-11  0.9220E-11  0.1170E-10  0.1460E-10  0.1700E-10  0.1840E-10  0.1830E-10  0.1770E-10
  0.1000E+17  0.1000E-73  0.2260E-38  0.7550E-27  0.2620E-18  0.3720E-14  0.8610E-12  0.4480E-11  0.7370E-11  0.9280E-11  0.1150E-10  0.1340E-10  0.1460E-10  0.1470E-10  0.1440E-10
WAVELENGTH(A)= 
     4.773
 7 14 t 
excit   
    26.200     39.300     65.500    131.000    262.000    655.000   1310.000   1970.000   2620.000   3930.000   6550.000  13100.000  26200.000  39300.000 
  0.1000E+11  0.1000E-73  0.3610E-38  0.8320E-27  0.2280E-18  0.3090E-14  0.7350E-12  0.3920E-11  0.6500E-11  0.8220E-11  0.1010E-10  0.1170E-10  0.1250E-10  0.1230E-10  0.1180E-10
  0.1000E+12  0.1000E-73  0.3610E-38  0.8320E-27  0.2280E-18  0.3090E-14  0.7350E-12  0.3920E-11  0.6500E-11  0.8220E-11  0.1010E-10  0.1170E-10  0.1250E-10  0.1230E-10  0.1180E-10
  0.1000E+13  0.1000E-73  0.3610E-38  0.8320E-27  0.2280E-18  0.3090E-14  0.7350E-12  0.3920E-11  0.6500E-11  0.8220E-11  0.1010E-10  0.1170E-10  0.1250E-10  0.1230E-10  0.1180E-10
  0.1000E+14  0.1000E-73  0.3610E-38  0.8320E-27  0.2280E-18  0.3090E-14  0.7340E-12  0.3910E-11  0.6490E-11  0.8210E-11  0.1010E-10  0.1170E-10  0.1250E-10  0.1230E-10  0.1180E-10
  0.1000E+15  0.1000E-73  0.3610E-38  0.8320E-27  0.2280E-18  0.3080E-14  0.7290E-12  0.3880E-11  0.6430E-11  0.8130E-11  0.1000E-10  0.1160E-10  0.1240E-10  0.1220E-10  0.1170E-10
  0.1000E+16  0.1000E-73  0.3610E-38  0.8310E-27  0.2260E-18  0.2980E-14  0.6850E-12  0.3600E-11  0.5960E-11  0.7530E-11  0.9320E-11  0.1080E-10  0.1170E-10  0.1160E-10  0.1120E-10
  0.1000E+17  0.1000E-73  0.3610E-38  0.8280E-27  0.2170E-18  0.2690E-14  0.5740E-12  0.2910E-11  0.4760E-11  0.5980E-11  0.7360E-11  0.8510E-11  0.9260E-11  0.9290E-11  0.9080E-11
WAVELENGTH(A)= 
     5.468
 7 14 t 
excit   
    26.200     39.300     65.500    131.000    262.000    655.000   1310.000   1970.000   2620.000   3930.000   6550.000  13100.000  26200.000  39300.000 
  0.1000E+11  0.1000E-73  0.7350E-35  0.6020E-25  0.1440E-17  0.6330E-14  0.8830E-12  0.4230E-11  0.6870E-11  0.8660E-11  0.1070E-10  0.1260E-10  0.1390E-10  0.1400E-10  0.1370E-10
  0.1000E+12  0.1000E-73  0.7350E-35  0.6020E-25  0.1440E-17  0.6330E-14  0.8830E-12  0.4230E-11  0.6870E-11  0.8660E-11  0.1070E-10  0.1260E-10  0.1390E-10  0.1400E-10  0.1370E-10
  0.1000E+13  0.1000E-73  0.7350E-35  0.6020E-25  0.1440E-17  0.6330E-14  0.8830E-12  0.4230E-11  0.6870E-11  0.8650E-11  0.1070E-10  0.1260E-10  0.1390E-10  0.1400E-10  0.1370E-10
  0.1000E+14  0.1000E-73  0.7350E-35  0.6020E-25  0.1440E-17  0.6330E-14  0.8830E-12  0.4220E-11  0.6860E-11  0.8650E-11  0.1070E-10  0.1250E-10  0.1390E-10  0.1400E-10  0.1370E-10
  0.1000E+15  0.1000E-73  0.7350E-35  0.6020E-25  0.1440E-17  0.6300E-14  0.8760E-12  0.4180E-11  0.6800E-11  0.8560E-11  0.1060E-10  0.1240E-10  0.1380E-10  0.1390E-10  0.1360E-10
  0.1000E+16  0.1000E-73  0.7350E-35  0.6010E-25  0.1420E-17  0.6100E-14  0.8230E-12  0.3890E-11  0.6300E-11  0.7940E-11  0.9870E-11  0.1160E-10  0.1300E-10  0.1320E-10  0.1300E-10
  0.1000E+17  0.1000E-73  0.7350E-35  0.5990E-25  0.1370E-17  0.5510E-14  0.6900E-12  0.3150E-11  0.5030E-11  0.6300E-11  0.7790E-11  0.9150E-11  0.1030E-10  0.1060E-10  0.1050E-10
WAVELENGTH(A)= 
     5.965
 7 14 t 
excit   
    26.200     39.300     65.500    131.000    262.000    655.000   1310.000   1970.000   2620.000   3930.000   6550.000  13100.000  26200.000  39300.000 
  0.1000E+11  0.1000E-73  0.1540E-31  0.1820E-22  0.9490E-16  0.1780E-12  0.1310E-10  0.4810E-10  0.7140E-10  0.8550E-10  0.1010E-09  0.1140E-09  0.1220E-09  0.1200E-09  0.1160E-09
  0.1000E+12  0.1000E-73  0.1540E-31  0.1820E-22  0.9490E-16  0.1780E-12  0.1310E-10  0.4810E-10  0.7140E-10  0.8550E-10  0.1010E-09  0.1140E-09  0.1220E-09  0.1200E-09  0.1160E-09
  0.1000E+13  0.1000E-73  0.1540E-31  0.1820E-22  0.9490E-16  0.1780E-12  0.1310E-10  0.4810E-10  0.7140E-10  0.8540E-10  0.1010E-09  0.1140E-09  0.1220E-09  0.1200E-09  0.1160E-09
  0.1000E+14  0.4960E-43  0.1540E-31  0.1820E-22  0.9490E-16  0.1780E-12  0.1310E-10  0.4810E-10  0.7130E-10  0.8540E-10  0.1010E-09  0.1140E-09  0.1220E-09  0.1200E-09  0.1160E-09
  0.1000E+15  0.6450E-43  0.1540E-31  0.1820E-22  0.9470E-16  0.1770E-12  0.1300E-10  0.4760E-10  0.7070E-10  0.8460E-10  0.1000E-09  0.1130E-09  0.1210E-09  0.1190E-09  0.1150E-09
  0.1000E+16  0.6250E-43  0.1540E-31  0.1820E-22  0.9380E-16  0.1710E-12  0.1220E-10  0.4420E-10  0.6550E-10  0.7840E-10  0.9310E-10  0.1060E-09  0.1140E-09  0.1140E-09  0.1100E-09
  0.1000E+17  0.6260E-43  0.1540E-31  0.1810E-22  0.9030E-16  0.1550E-12  0.1030E-10  0.3580E-10  0.5230E-10  0.6220E-10  0.7350E-10  0.8340E-10  0.9030E-10  0.9110E-10  0.8930E-10
WAVELENGTH(A)= 
     6.105
 7 14 t 
excit   
    26.200     39.300     65.500    131.000    262.000    655.000   1310.000   1970.000   2620.000   3930.000   6550.000  13100.000  26200.000  39300.000 
  0.1000E+11  0.1000E-73  0.1960E-31  0.1420E-22  0.5170E-16  0.8230E-13  0.5660E-11  0.2050E-10  0.3030E-10  0.3630E-10  0.4270E-10  0.4770E-10  0.5000E-10  0.4870E-10  0.4660E-10
  0.1000E+12  0.1000E-73  0.1960E-31  0.1420E-22  0.5170E-16  0.8230E-13  0.5660E-11  0.2050E-10  0.3030E-10  0.3630E-10  0.4270E-10  0.4770E-10  0.5000E-10  0.4870E-10  0.4660E-10
  0.1000E+13  0.1350E-42  0.1960E-31  0.1420E-22  0.5170E-16  0.8230E-13  0.5660E-11  0.2050E-10  0.3030E-10  0.3630E-10  0.4270E-10  0.4770E-10  0.5000E-10  0.4870E-10  0.4660E-10
  0.1000E+14  0.1450E-42  0.1960E-31  0.1420E-22  0.5170E-16  0.8220E-13  0.5650E-11  0.2050E-10  0.3030E-10  0.3620E-10  0.4270E-10  0.4760E-10  0.5000E-10  0.4870E-10  0.4650E-10
  0.1000E+15  0.1460E-42  0.1960E-31  0.1420E-22  0.5160E-16  0.8190E-13  0.5610E-11  0.2030E-10  0.3000E-10  0.3590E-10  0.4230E-10  0.4720E-10  0.4960E-10  0.4840E-10  0.4630E-10
  0.1000E+16  0.1460E-42  0.1960E-31  0.1420E-22  0.5110E-16  0.7930E-13  0.5270E-11  0.1890E-10  0.2780E-10  0.3330E-10  0.3930E-10  0.4410E-10  0.4670E-10  0.4600E-10  0.4420E-10
  0.1000E+17  0.1460E-42  0.1960E-31  0.1410E-22  0.4920E-16  0.7170E-13  0.4420E-11  0.1530E-10  0.2220E-10  0.2640E-10  0.3100E-10  0.3470E-10  0.3700E-10  0.3690E-10  0.3580E-10
WAVELENGTH(A)= 
     6.862
 7 14 t 
excit   
    26.200     39.300     65.500    131.000    262.000    655.000   1310.000   1970.000   2620.000   3930.000   6550.000  13100.000  26200.000  39300.000 
  0.1000E+11  0.4560E-40  0.3540E-30  0.2620E-22  0.1740E-16  0.1290E-13  0.7130E-12  0.2570E-11  0.3740E-11  0.4380E-11  0.4920E-11  0.5060E-11  0.4590E-11  0.3800E-11  0.3320E-11
  0.1000E+12  0.4560E-40  0.3540E-30  0.2620E-22  0.1740E-16  0.1290E-13  0.7130E-12  0.2570E-11  0.3740E-11  0.4380E-11  0.4920E-11  0.5060E-11  0.4590E-11  0.3800E-11  0.3320E-11
  0.1000E+13  0.4560E-40  0.3540E-30  0.2620E-22  0.1740E-16  0.1290E-13  0.7120E-12  0.2570E-11  0.3740E-11  0.4380E-11  0.4920E-11  0.5060E-11  0.4590E-11  0.3800E-11  0.3320E-11
  0.1000E+14  0.4560E-40  0.3540E-30  0.2620E-22  0.1740E-16  0.1290E-13  0.7120E-12  0.2570E-11  0.3740E-11  0.4380E-11  0.4920E-11  0.5050E-11  0.4590E-11  0.3800E-11  0.3320E-11
  0.1000E+15  0.4560E-40  0.3540E-30  0.2620E-22  0.1740E-16  0.1280E-13  0.7060E-12  0.2550E-11  0.3700E-11  0.4340E-11  0.4870E-11  0.5010E-11  0.4560E-11  0.3780E-11  0.3300E-11
  0.1000E+16  0.4560E-40  0.3540E-30  0.2610E-22  0.1720E-16  0.1240E-13  0.6640E-12  0.2370E-11  0.3430E-11  0.4020E-11  0.4520E-11  0.4670E-11  0.4290E-11  0.3590E-11  0.3160E-11
  0.1000E+17  0.4560E-40  0.3540E-30  0.2600E-22  0.1650E-16  0.1120E-13  0.5570E-12  0.1920E-11  0.2740E-11  0.3190E-11  0.3570E-11  0.3690E-11  0.3400E-11  0.2880E-11  0.2560E-11
WAVELENGTH(A)= 
     7.249
 7 14 t 
excit   
    26.200     39.300     65.500    131.000    262.000    655.000   1310.000   1970.000   2620.000   3930.000   6550.000  13100.000  26200.000  39300.000 
  0.1000E+11  0.1240E-40  0.2630E-30  0.4320E-22  0.5170E-16  0.4610E-13  0.2110E-11  0.6380E-11  0.8590E-11  0.9650E-11  0.1030E-10  0.1010E-10  0.8800E-11  0.7080E-11  0.6090E-11
  0.1000E+12  0.1240E-40  0.2630E-30  0.4320E-22  0.5170E-16  0.4610E-13  0.2110E-11  0.6380E-11  0.8590E-11  0.9650E-11  0.1030E-10  0.1010E-10  0.8800E-11  0.7080E-11  0.6090E-11
  0.1000E+13  0.1240E-40  0.2630E-30  0.4320E-22  0.5170E-16  0.4610E-13  0.2110E-11  0.6380E-11  0.8590E-11  0.9650E-11  0.1030E-10  0.1010E-10  0.8800E-11  0.7080E-11  0.6090E-11
  0.1000E+14  0.1240E-40  0.2630E-30  0.4320E-22  0.5170E-16  0.4600E-13  0.2110E-11  0.6370E-11  0.8590E-11  0.9640E-11  0.1030E-10  0.1010E-10  0.8790E-11  0.7080E-11  0.6090E-11
  0.1000E+15  0.1240E-40  0.2630E-30  0.4320E-22  0.5170E-16  0.4590E-13  0.2100E-11  0.6310E-11  0.8500E-11  0.9550E-11  0.1020E-10  0.1000E-10  0.8730E-11  0.7040E-11  0.6060E-11
  0.1000E+16  0.1240E-40  0.2630E-30  0.4320E-22  0.5110E-16  0.4440E-13  0.1970E-11  0.5860E-11  0.7880E-11  0.8850E-11  0.9480E-11  0.9370E-11  0.8210E-11  0.6690E-11  0.5790E-11
  0.1000E+17  0.1240E-40  0.2630E-30  0.4300E-22  0.4920E-16  0.4010E-13  0.1650E-11  0.4750E-11  0.6290E-11  0.7020E-11  0.7480E-11  0.7390E-11  0.6510E-11  0.5370E-11  0.4690E-11
WAVELENGTH(A)= 
     7.655
 7 14 t 
excit   
    26.200     39.300     65.500    131.000    262.000    655.000   1310.000   1970.000   2620.000   3930.000   6550.000  13100.000  26200.000  39300.000 
  0.1000E+11  0.1590E-40  0.3360E-30  0.5530E-22  0.6620E-16  0.5890E-13  0.2700E-11  0.8160E-11  0.1100E-10  0.1230E-10  0.1320E-10  0.1300E-10  0.1130E-10  0.9060E-11  0.7790E-11
  0.1000E+12  0.1590E-40  0.3360E-30  0.5530E-22  0.6620E-16  0.5890E-13  0.2700E-11  0.8160E-11  0.1100E-10  0.1230E-10  0.1320E-10  0.1300E-10  0.1130E-10  0.9060E-11  0.7790E-11
  0.1000E+13  0.1590E-40  0.3360E-30  0.5530E-22  0.6620E-16  0.5890E-13  0.2700E-11  0.8160E-11  0.1100E-10  0.1230E-10  0.1320E-10  0.1300E-10  0.1130E-10  0.9060E-11  0.7790E-11
  0.1000E+14  0.1590E-40  0.3360E-30  0.5530E-22  0.6620E-16  0.5890E-13  0.2700E-11  0.8150E-11  0.1100E-10  0.1230E-10  0.1320E-10  0.1290E-10  0.1120E-10  0.9050E-11  0.7790E-11
  0.1000E+15  0.1590E-40  0.3360E-30  0.5530E-22  0.6610E-16  0.5870E-13  0.2680E-11  0.8080E-11  0.1090E-10  0.1220E-10  0.1310E-10  0.1280E-10  0.1120E-10  0.9000E-11  0.7750E-11
  0.1000E+16  0.1590E-40  0.3360E-30  0.5530E-22  0.6540E-16  0.5680E-13  0.2520E-11  0.7500E-11  0.1010E-10  0.1130E-10  0.1210E-10  0.1200E-10  0.1050E-10  0.8550E-11  0.7400E-11
  0.1000E+17  0.1590E-40  0.3360E-30  0.5510E-22  0.6300E-16  0.5130E-13  0.2110E-11  0.6070E-11  0.8050E-11  0.8980E-11  0.9570E-11  0.9450E-11  0.8330E-11  0.6860E-11  0.5990E-11
WAVELENGTH(A)= 
    11.093
 7 14 t 
excit   
    26.200     39.300     65.500    131.000    262.000    655.000   1310.000   1970.000   2620.000   3930.000   6550.000  13100.000  26200.000  39300.000 
  0.1000E+11  0.8920E-29  0.1090E-22  0.7400E-18  0.2580E-14  0.1290E-12  0.1220E-11  0.2530E-11  0.3230E-11  0.3650E-11  0.4150E-11  0.4610E-11  0.4880E-11  0.4830E-11  0.4670E-11
  0.1000E+12  0.8920E-29  0.1090E-22  0.7400E-18  0.2580E-14  0.1290E-12  0.1220E-11  0.2530E-11  0.3230E-11  0.3650E-11  0.4150E-11  0.4610E-11  0.4880E-11  0.4830E-11  0.4670E-11
  0.1000E+13  0.8920E-29  0.1090E-22  0.7400E-18  0.2580E-14  0.1290E-12  0.1220E-11  0.2530E-11  0.3230E-11  0.3650E-11  0.4150E-11  0.4610E-11  0.4880E-11  0.4830E-11  0.4670E-11
  0.1000E+14  0.8920E-29  0.1090E-22  0.7400E-18  0.2580E-14  0.1290E-12  0.1220E-11  0.2530E-11  0.3220E-11  0.3650E-11  0.4150E-11  0.4600E-11  0.4880E-11  0.4820E-11  0.4670E-11
  0.1000E+15  0.8920E-29  0.1090E-22  0.7400E-18  0.2580E-14  0.1290E-12  0.1210E-11  0.2510E-11  0.3190E-11  0.3620E-11  0.4110E-11  0.4560E-11  0.4840E-11  0.4800E-11  0.4640E-11
  0.1000E+16  0.8920E-29  0.1090E-22  0.7400E-18  0.2560E-14  0.1250E-12  0.1140E-11  0.2340E-11  0.2970E-11  0.3360E-11  0.3830E-11  0.4270E-11  0.4560E-11  0.4560E-11  0.4440E-11
  0.1000E+17  0.8920E-29  0.1090E-22  0.7400E-18  0.2490E-14  0.1150E-12  0.9740E-12  0.1920E-11  0.2400E-11  0.2700E-11  0.3050E-11  0.3390E-11  0.3640E-11  0.3670E-11  0.3610E-11
WAVELENGTH(A)= 
    11.946
 7 14 t 
excit   
    26.200     39.300     65.500    131.000    262.000    655.000   1310.000   1970.000   2620.000   3930.000   6550.000  13100.000  26200.000  39300.000 
  0.1000E+11  0.6990E-30  0.2860E-23  0.5050E-18  0.3590E-14  0.2470E-12  0.2490E-11  0.4650E-11  0.5410E-11  0.5620E-11  0.5650E-11  0.5320E-11  0.4490E-11  0.3560E-11  0.3020E-11
  0.1000E+12  0.6990E-30  0.2860E-23  0.5050E-18  0.3590E-14  0.2470E-12  0.2490E-11  0.4650E-11  0.5410E-11  0.5620E-11  0.5650E-11  0.5320E-11  0.4490E-11  0.3560E-11  0.3020E-11
  0.1000E+13  0.6990E-30  0.2860E-23  0.5050E-18  0.3590E-14  0.2470E-12  0.2490E-11  0.4650E-11  0.5410E-11  0.5620E-11  0.5650E-11  0.5320E-11  0.4490E-11  0.3560E-11  0.3020E-11
  0.1000E+14  0.6990E-30  0.2860E-23  0.5050E-18  0.3590E-14  0.2470E-12  0.2490E-11  0.4640E-11  0.5400E-11  0.5610E-11  0.5650E-11  0.5310E-11  0.4490E-11  0.3550E-11  0.3020E-11
  0.1000E+15  0.6990E-30  0.2860E-23  0.5050E-18  0.3580E-14  0.2460E-12  0.2470E-11  0.4600E-11  0.5350E-11  0.5560E-11  0.5600E-11  0.5270E-11  0.4460E-11  0.3530E-11  0.3010E-11
  0.1000E+16  0.6990E-30  0.2860E-23  0.5050E-18  0.3550E-14  0.2380E-12  0.2320E-11  0.4270E-11  0.4960E-11  0.5150E-11  0.5200E-11  0.4920E-11  0.4200E-11  0.3360E-11  0.2870E-11
  0.1000E+17  0.6990E-30  0.2860E-23  0.5030E-18  0.3420E-14  0.2150E-12  0.1950E-11  0.3460E-11  0.3960E-11  0.4090E-11  0.4110E-11  0.3880E-11  0.3330E-11  0.2700E-11  0.2330E-11
WAVELENGTH(A)= 
    12.789
 7 14 t 
excit   
    26.200     39.300     65.500    131.000    262.000    655.000   1310.000   1970.000   2620.000   3930.000   6550.000  13100.000  26200.000  39300.000 
  0.1000E+11  0.2780E-26  0.5150E-21  0.7690E-17  0.8630E-14  0.2380E-12  0.1510E-11  0.2830E-11  0.3520E-11  0.3920E-11  0.4340E-11  0.4660E-11  0.4780E-11  0.4590E-11  0.4370E-11
  0.1000E+12  0.2780E-26  0.5150E-21  0.7690E-17  0.8630E-14  0.2380E-12  0.1510E-11  0.2830E-11  0.3520E-11  0.3920E-11  0.4340E-11  0.4660E-11  0.4780E-11  0.4590E-11  0.4370E-11
  0.1000E+13  0.2780E-26  0.5150E-21  0.7690E-17  0.8630E-14  0.2380E-12  0.1510E-11  0.2820E-11  0.3510E-11  0.3920E-11  0.4340E-11  0.4660E-11  0.4780E-11  0.4580E-11  0.4370E-11
  0.1000E+14  0.2780E-26  0.5150E-21  0.7690E-17  0.8630E-14  0.2380E-12  0.1510E-11  0.2820E-11  0.3510E-11  0.3910E-11  0.4340E-11  0.4660E-11  0.4770E-11  0.4580E-11  0.4370E-11
  0.1000E+15  0.2780E-26  0.5160E-21  0.7690E-17  0.8620E-14  0.2370E-12  0.1500E-11  0.2800E-11  0.3480E-11  0.3880E-11  0.4300E-11  0.4620E-11  0.4740E-11  0.4560E-11  0.4350E-11
  0.1000E+16  0.2800E-26  0.5180E-21  0.7720E-17  0.8560E-14  0.2310E-12  0.1410E-11  0.2600E-11  0.3230E-11  0.3590E-11  0.4000E-11  0.4310E-11  0.4460E-11  0.4330E-11  0.4150E-11
  0.1000E+17  0.2970E-26  0.5450E-21  0.8010E-17  0.8500E-14  0.2130E-12  0.1210E-11  0.2130E-11  0.2600E-11  0.2880E-11  0.3170E-11  0.3410E-11  0.3550E-11  0.3480E-11  0.3370E-11
WAVELENGTH(A)= 
    13.032
 7 14 t 
excit   
    26.200     39.300     65.500    131.000    262.000    655.000   1310.000   1970.000   2620.000   3930.000   6550.000  13100.000  26200.000  39300.000 
  0.1000E+11  0.1480E-28  0.2010E-22  0.1470E-17  0.5390E-14  0.2660E-12  0.2160E-11  0.3740E-11  0.4190E-11  0.4290E-11  0.4210E-11  0.3830E-11  0.3140E-11  0.2430E-11  0.2060E-11
  0.1000E+12  0.1480E-28  0.2010E-22  0.1470E-17  0.5390E-14  0.2660E-12  0.2160E-11  0.3740E-11  0.4190E-11  0.4290E-11  0.4210E-11  0.3830E-11  0.3140E-11  0.2430E-11  0.2060E-11
  0.1000E+13  0.1480E-28  0.2010E-22  0.1470E-17  0.5390E-14  0.2660E-12  0.2160E-11  0.3740E-11  0.4190E-11  0.4290E-11  0.4210E-11  0.3830E-11  0.3140E-11  0.2430E-11  0.2060E-11
  0.1000E+14  0.1480E-28  0.2010E-22  0.1470E-17  0.5390E-14  0.2660E-12  0.2160E-11  0.3740E-11  0.4190E-11  0.4290E-11  0.4200E-11  0.3830E-11  0.3140E-11  0.2430E-11  0.2060E-11
  0.1000E+15  0.1480E-28  0.2010E-22  0.1470E-17  0.5380E-14  0.2650E-12  0.2140E-11  0.3710E-11  0.4150E-11  0.4250E-11  0.4170E-11  0.3800E-11  0.3120E-11  0.2420E-11  0.2050E-11
  0.1000E+16  0.1480E-28  0.2010E-22  0.1460E-17  0.5330E-14  0.2560E-12  0.2010E-11  0.3440E-11  0.3840E-11  0.3930E-11  0.3870E-11  0.3540E-11  0.2940E-11  0.2300E-11  0.1960E-11
  0.1000E+17  0.1480E-28  0.2010E-22  0.1460E-17  0.5130E-14  0.2320E-12  0.1690E-11  0.2790E-11  0.3070E-11  0.3120E-11  0.3050E-11  0.2790E-11  0.2330E-11  0.1840E-11  0.1590E-11
WAVELENGTH(A)= 
    14.420
 7 14 t 
excit   
    26.200     39.300     65.500    131.000    262.000    655.000   1310.000   1970.000   2620.000   3930.000   6550.000  13100.000  26200.000  39300.000 
  0.1000E+11  0.5190E-24  0.2720E-19  0.1510E-15  0.8290E-13  0.1650E-11  0.8370E-11  0.1340E-10  0.1530E-10  0.1620E-10  0.1710E-10  0.1730E-10  0.1680E-10  0.1550E-10  0.1460E-10
  0.1000E+12  0.5190E-24  0.2720E-19  0.1510E-15  0.8290E-13  0.1650E-11  0.8370E-11  0.1340E-10  0.1530E-10  0.1620E-10  0.1710E-10  0.1730E-10  0.1680E-10  0.1550E-10  0.1460E-10
  0.1000E+13  0.5190E-24  0.2720E-19  0.1510E-15  0.8290E-13  0.1650E-11  0.8370E-11  0.1340E-10  0.1530E-10  0.1620E-10  0.1710E-10  0.1730E-10  0.1680E-10  0.1550E-10  0.1460E-10
  0.1000E+14  0.5190E-24  0.2720E-19  0.1510E-15  0.8290E-13  0.1650E-11  0.8360E-11  0.1330E-10  0.1530E-10  0.1620E-10  0.1700E-10  0.1730E-10  0.1680E-10  0.1550E-10  0.1450E-10
  0.1000E+15  0.5190E-24  0.2720E-19  0.1510E-15  0.8280E-13  0.1640E-11  0.8300E-11  0.1320E-10  0.1520E-10  0.1610E-10  0.1690E-10  0.1720E-10  0.1670E-10  0.1540E-10  0.1450E-10
  0.1000E+16  0.5190E-24  0.2720E-19  0.1510E-15  0.8210E-13  0.1590E-11  0.7830E-11  0.1230E-10  0.1410E-10  0.1490E-10  0.1570E-10  0.1610E-10  0.1570E-10  0.1470E-10  0.1380E-10
  0.1000E+17  0.5200E-24  0.2730E-19  0.1510E-15  0.7940E-13  0.1450E-11  0.6620E-11  0.1010E-10  0.1140E-10  0.1200E-10  0.1250E-10  0.1280E-10  0.1260E-10  0.1180E-10  0.1130E-10
WAVELENGTH(A)= 
    14.662
 7 14 t 
excit   
    26.200     39.300     65.500    131.000    262.000    655.000   1310.000   1970.000   2620.000   3930.000   6550.000  13100.000  26200.000  39300.000 
  0.1000E+11  0.1520E-23  0.5840E-19  0.2490E-15  0.1160E-12  0.2250E-11  0.1200E-10  0.2060E-10  0.2480E-10  0.2730E-10  0.3020E-10  0.3290E-10  0.3460E-10  0.3400E-10  0.3270E-10
  0.1000E+12  0.1520E-23  0.5840E-19  0.2490E-15  0.1160E-12  0.2250E-11  0.1200E-10  0.2060E-10  0.2480E-10  0.2730E-10  0.3020E-10  0.3290E-10  0.3460E-10  0.3400E-10  0.3270E-10
  0.1000E+13  0.1520E-23  0.5840E-19  0.2490E-15  0.1160E-12  0.2250E-11  0.1200E-10  0.2060E-10  0.2480E-10  0.2730E-10  0.3020E-10  0.3290E-10  0.3460E-10  0.3400E-10  0.3270E-10
  0.1000E+14  0.1520E-23  0.5840E-19  0.2490E-15  0.1160E-12  0.2250E-11  0.1200E-10  0.2060E-10  0.2480E-10  0.2720E-10  0.3020E-10  0.3290E-10  0.3460E-10  0.3400E-10  0.3270E-10
  0.1000E+15  0.1520E-23  0.5840E-19  0.2490E-15  0.1160E-12  0.2240E-11  0.1190E-10  0.2040E-10  0.2450E-10  0.2700E-10  0.2990E-10  0.3260E-10  0.3430E-10  0.3380E-10  0.3260E-10
  0.1000E+16  0.1520E-23  0.5840E-19  0.2490E-15  0.1140E-12  0.2170E-11  0.1120E-10  0.1890E-10  0.2270E-10  0.2500E-10  0.2780E-10  0.3040E-10  0.3230E-10  0.3210E-10  0.3110E-10
  0.1000E+17  0.1520E-23  0.5850E-19  0.2480E-15  0.1100E-12  0.1960E-11  0.9420E-11  0.1530E-10  0.1820E-10  0.1990E-10  0.2190E-10  0.2400E-10  0.2560E-10  0.2570E-10  0.2520E-10
WAVELENGTH(A)= 
    16.018
 7 14 t 
excit   
    26.200     39.300     65.500    131.000    262.000    655.000   1310.000   1970.000   2620.000   3930.000   6550.000  13100.000  26200.000  39300.000 
  0.1000E+11  0.2070E-25  0.2950E-20  0.3550E-16  0.3420E-13  0.8720E-12  0.5050E-11  0.8230E-11  0.9310E-11  0.9710E-11  0.9860E-11  0.9480E-11  0.8320E-11  0.6880E-11  0.6030E-11
  0.1000E+12  0.2070E-25  0.2950E-20  0.3550E-16  0.3420E-13  0.8720E-12  0.5050E-11  0.8230E-11  0.9310E-11  0.9700E-11  0.9860E-11  0.9480E-11  0.8320E-11  0.6880E-11  0.6030E-11
  0.1000E+13  0.2070E-25  0.2950E-20  0.3550E-16  0.3420E-13  0.8720E-12  0.5050E-11  0.8230E-11  0.9310E-11  0.9700E-11  0.9860E-11  0.9480E-11  0.8310E-11  0.6880E-11  0.6030E-11
  0.1000E+14  0.2070E-25  0.2950E-20  0.3550E-16  0.3420E-13  0.8720E-12  0.5050E-11  0.8220E-11  0.9300E-11  0.9700E-11  0.9850E-11  0.9480E-11  0.8310E-11  0.6880E-11  0.6020E-11
  0.1000E+15  0.2070E-25  0.2950E-20  0.3550E-16  0.3420E-13  0.8690E-12  0.5010E-11  0.8160E-11  0.9220E-11  0.9620E-11  0.9780E-11  0.9410E-11  0.8260E-11  0.6850E-11  0.6000E-11
  0.1000E+16  0.2070E-25  0.2960E-20  0.3550E-16  0.3400E-13  0.8460E-12  0.4750E-11  0.7650E-11  0.8640E-11  0.9020E-11  0.9200E-11  0.8900E-11  0.7890E-11  0.6590E-11  0.5810E-11
  0.1000E+17  0.2070E-25  0.2960E-20  0.3560E-16  0.3300E-13  0.7770E-12  0.4080E-11  0.6390E-11  0.7150E-11  0.7440E-11  0.7590E-11  0.7380E-11  0.6620E-11  0.5640E-11  0.5030E-11
WAVELENGTH(A)= 
    16.482
 7 14 t 
excit   
    26.200     39.300     65.500    131.000    262.000    655.000   1310.000   1970.000   2620.000   3930.000   6550.000  13100.000  26200.000  39300.000 
  0.1000E+11  0.1140E-24  0.1240E-19  0.1200E-15  0.9680E-13  0.2270E-11  0.1230E-10  0.1930E-10  0.2140E-10  0.2200E-10  0.2190E-10  0.2050E-10  0.1750E-10  0.1400E-10  0.1210E-10
  0.1000E+12  0.1140E-24  0.1240E-19  0.1200E-15  0.9680E-13  0.2270E-11  0.1230E-10  0.1930E-10  0.2140E-10  0.2200E-10  0.2190E-10  0.2050E-10  0.1750E-10  0.1400E-10  0.1210E-10
  0.1000E+13  0.1140E-24  0.1240E-19  0.1200E-15  0.9680E-13  0.2270E-11  0.1230E-10  0.1930E-10  0.2140E-10  0.2200E-10  0.2190E-10  0.2050E-10  0.1750E-10  0.1400E-10  0.1210E-10
  0.1000E+14  0.1140E-24  0.1240E-19  0.1200E-15  0.9680E-13  0.2270E-11  0.1230E-10  0.1920E-10  0.2140E-10  0.2200E-10  0.2190E-10  0.2050E-10  0.1740E-10  0.1400E-10  0.1200E-10
  0.1000E+15  0.1140E-24  0.1240E-19  0.1200E-15  0.9670E-13  0.2260E-11  0.1220E-10  0.1910E-10  0.2110E-10  0.2170E-10  0.2170E-10  0.2030E-10  0.1730E-10  0.1390E-10  0.1200E-10
  0.1000E+16  0.1140E-24  0.1240E-19  0.1200E-15  0.9580E-13  0.2190E-11  0.1150E-10  0.1770E-10  0.1960E-10  0.2020E-10  0.2010E-10  0.1900E-10  0.1630E-10  0.1320E-10  0.1150E-10
  0.1000E+17  0.1140E-24  0.1240E-19  0.1190E-15  0.9220E-13  0.1980E-11  0.9620E-11  0.1430E-10  0.1570E-10  0.1600E-10  0.1590E-10  0.1500E-10  0.1290E-10  0.1060E-10  0.9290E-11
WAVELENGTH(A)= 
    17.366
 7 14 t 
excit   
    26.200     39.300     65.500    131.000    262.000    655.000   1310.000   1970.000   2620.000   3930.000   6550.000  13100.000  26200.000  39300.000 
  0.1000E+11  0.1190E-21  0.8770E-18  0.1020E-14  0.1760E-12  0.2030E-11  0.8040E-11  0.1260E-10  0.1480E-10  0.1610E-10  0.1770E-10  0.1890E-10  0.1950E-10  0.1890E-10  0.1810E-10
  0.1000E+12  0.1190E-21  0.8770E-18  0.1020E-14  0.1760E-12  0.2030E-11  0.8040E-11  0.1260E-10  0.1480E-10  0.1610E-10  0.1770E-10  0.1890E-10  0.1950E-10  0.1890E-10  0.1810E-10
  0.1000E+13  0.1190E-21  0.8770E-18  0.1020E-14  0.1760E-12  0.2030E-11  0.8040E-11  0.1260E-10  0.1480E-10  0.1610E-10  0.1770E-10  0.1890E-10  0.1950E-10  0.1890E-10  0.1810E-10
  0.1000E+14  0.1190E-21  0.8770E-18  0.1020E-14  0.1770E-12  0.2030E-11  0.8030E-11  0.1260E-10  0.1480E-10  0.1610E-10  0.1770E-10  0.1890E-10  0.1950E-10  0.1890E-10  0.1810E-10
  0.1000E+15  0.1190E-21  0.8770E-18  0.1020E-14  0.1770E-12  0.2030E-11  0.8000E-11  0.1250E-10  0.1470E-10  0.1600E-10  0.1760E-10  0.1880E-10  0.1940E-10  0.1880E-10  0.1800E-10
  0.1000E+16  0.1190E-21  0.8780E-18  0.1030E-14  0.1770E-12  0.2010E-11  0.7720E-11  0.1190E-10  0.1390E-10  0.1510E-10  0.1660E-10  0.1770E-10  0.1840E-10  0.1790E-10  0.1730E-10
  0.1000E+17  0.1190E-21  0.8820E-18  0.1040E-14  0.1800E-12  0.1960E-11  0.7030E-11  0.1040E-10  0.1190E-10  0.1280E-10  0.1380E-10  0.1470E-10  0.1510E-10  0.1480E-10  0.1430E-10
WAVELENGTH(A)= 
    18.369
 7 14 t 
excit   
    26.200     39.300     65.500    131.000    262.000    655.000   1310.000   1970.000   2620.000   3930.000   6550.000  13100.000  26200.000  39300.000 
  0.1000E+11  0.1140E-20  0.5070E-17  0.3990E-14  0.5190E-12  0.5170E-11  0.1880E-10  0.2850E-10  0.3290E-10  0.3530E-10  0.3800E-10  0.3990E-10  0.4010E-10  0.3790E-10  0.3590E-10
  0.1000E+12  0.1140E-20  0.5070E-17  0.3990E-14  0.5190E-12  0.5170E-11  0.1880E-10  0.2850E-10  0.3290E-10  0.3530E-10  0.3800E-10  0.3990E-10  0.4010E-10  0.3790E-10  0.3590E-10
  0.1000E+13  0.1140E-20  0.5070E-17  0.3990E-14  0.5190E-12  0.5170E-11  0.1880E-10  0.2850E-10  0.3290E-10  0.3530E-10  0.3800E-10  0.3990E-10  0.4010E-10  0.3790E-10  0.3590E-10
  0.1000E+14  0.1140E-20  0.5070E-17  0.3990E-14  0.5190E-12  0.5170E-11  0.1880E-10  0.2840E-10  0.3290E-10  0.3530E-10  0.3800E-10  0.3990E-10  0.4010E-10  0.3790E-10  0.3590E-10
  0.1000E+15  0.1140E-20  0.5070E-17  0.3990E-14  0.5180E-12  0.5150E-11  0.1860E-10  0.2820E-10  0.3250E-10  0.3500E-10  0.3760E-10  0.3950E-10  0.3980E-10  0.3770E-10  0.3570E-10
  0.1000E+16  0.1140E-20  0.5070E-17  0.3990E-14  0.5140E-12  0.5000E-11  0.1750E-10  0.2620E-10  0.3020E-10  0.3250E-10  0.3500E-10  0.3690E-10  0.3750E-10  0.3580E-10  0.3410E-10
  0.1000E+17  0.1140E-20  0.5080E-17  0.3980E-14  0.4970E-12  0.4550E-11  0.1480E-10  0.2140E-10  0.2430E-10  0.2590E-10  0.2780E-10  0.2930E-10  0.2980E-10  0.2880E-10  0.2770E-10
WAVELENGTH(A)= 
    19.849
 7 14 t 
excit   
    26.200     39.300     65.500    131.000    262.000    655.000   1310.000   1970.000   2620.000   3930.000   6550.000  13100.000  26200.000  39300.000 
  0.1000E+11  0.3650E-23  0.7700E-19  0.2010E-15  0.6110E-13  0.8820E-12  0.3550E-11  0.4960E-11  0.5240E-11  0.5260E-11  0.5070E-11  0.4610E-11  0.3830E-11  0.3040E-11  0.2620E-11
  0.1000E+12  0.3650E-23  0.7700E-19  0.2010E-15  0.6110E-13  0.8820E-12  0.3550E-11  0.4960E-11  0.5240E-11  0.5260E-11  0.5070E-11  0.4610E-11  0.3830E-11  0.3040E-11  0.2620E-11
  0.1000E+13  0.3650E-23  0.7700E-19  0.2010E-15  0.6110E-13  0.8820E-12  0.3550E-11  0.4960E-11  0.5240E-11  0.5250E-11  0.5070E-11  0.4610E-11  0.3830E-11  0.3040E-11  0.2620E-11
  0.1000E+14  0.3650E-23  0.7700E-19  0.2010E-15  0.6110E-13  0.8820E-12  0.3550E-11  0.4960E-11  0.5240E-11  0.5250E-11  0.5060E-11  0.4610E-11  0.3830E-11  0.3040E-11  0.2620E-11
  0.1000E+15  0.3650E-23  0.7700E-19  0.2010E-15  0.6110E-13  0.8780E-12  0.3520E-11  0.4910E-11  0.5190E-11  0.5200E-11  0.5020E-11  0.4570E-11  0.3800E-11  0.3020E-11  0.2610E-11
  0.1000E+16  0.3650E-23  0.7700E-19  0.2010E-15  0.6050E-13  0.8500E-12  0.3310E-11  0.4560E-11  0.4810E-11  0.4820E-11  0.4660E-11  0.4270E-11  0.3580E-11  0.2870E-11  0.2490E-11
  0.1000E+17  0.3650E-23  0.7700E-19  0.2000E-15  0.5820E-13  0.7690E-12  0.2780E-11  0.3700E-11  0.3850E-11  0.3840E-11  0.3690E-11  0.3370E-11  0.2840E-11  0.2310E-11  0.2030E-11
WAVELENGTH(A)= 
    19.896
 7 14 t 
excit   
    26.200     39.300     65.500    131.000    262.000    655.000   1310.000   1970.000   2620.000   3930.000   6550.000  13100.000  26200.000  39300.000 
  0.1000E+11  0.1480E-22  0.3120E-18  0.8150E-15  0.2480E-12  0.3570E-11  0.1440E-10  0.2010E-10  0.2130E-10  0.2130E-10  0.2050E-10  0.1870E-10  0.1550E-10  0.1230E-10  0.1060E-10
  0.1000E+12  0.1480E-22  0.3120E-18  0.8150E-15  0.2480E-12  0.3570E-11  0.1440E-10  0.2010E-10  0.2130E-10  0.2130E-10  0.2050E-10  0.1870E-10  0.1550E-10  0.1230E-10  0.1060E-10
  0.1000E+13  0.1480E-22  0.3120E-18  0.8150E-15  0.2480E-12  0.3570E-11  0.1440E-10  0.2010E-10  0.2120E-10  0.2130E-10  0.2050E-10  0.1870E-10  0.1550E-10  0.1230E-10  0.1060E-10
  0.1000E+14  0.1480E-22  0.3120E-18  0.8150E-15  0.2480E-12  0.3570E-11  0.1440E-10  0.2010E-10  0.2120E-10  0.2130E-10  0.2050E-10  0.1870E-10  0.1550E-10  0.1230E-10  0.1060E-10
  0.1000E+15  0.1480E-22  0.3120E-18  0.8150E-15  0.2470E-12  0.3560E-11  0.1430E-10  0.1990E-10  0.2100E-10  0.2110E-10  0.2030E-10  0.1850E-10  0.1540E-10  0.1230E-10  0.1060E-10
  0.1000E+16  0.1480E-22  0.3120E-18  0.8140E-15  0.2450E-12  0.3450E-11  0.1340E-10  0.1850E-10  0.1950E-10  0.1950E-10  0.1890E-10  0.1730E-10  0.1450E-10  0.1160E-10  0.1010E-10
  0.1000E+17  0.1480E-22  0.3120E-18  0.8120E-15  0.2360E-12  0.3120E-11  0.1130E-10  0.1500E-10  0.1560E-10  0.1550E-10  0.1500E-10  0.1370E-10  0.1150E-10  0.9370E-11  0.8210E-11
WAVELENGTH(A)= 
    20.883
 7 14 t 
excit   
    26.200     39.300     65.500    131.000    262.000    655.000   1310.000   1970.000   2620.000   3930.000   6550.000  13100.000  26200.000  39300.000 
  0.1000E+11  0.1240E-21  0.1790E-17  0.3450E-14  0.8280E-12  0.1050E-10  0.3880E-10  0.5200E-10  0.5390E-10  0.5310E-10  0.5030E-10  0.4460E-10  0.3590E-10  0.2770E-10  0.2340E-10
  0.1000E+12  0.1240E-21  0.1790E-17  0.3450E-14  0.8280E-12  0.1050E-10  0.3880E-10  0.5200E-10  0.5390E-10  0.5310E-10  0.5030E-10  0.4460E-10  0.3590E-10  0.2770E-10  0.2340E-10
  0.1000E+13  0.1240E-21  0.1790E-17  0.3450E-14  0.8280E-12  0.1050E-10  0.3880E-10  0.5200E-10  0.5390E-10  0.5310E-10  0.5030E-10  0.4460E-10  0.3590E-10  0.2770E-10  0.2340E-10
  0.1000E+14  0.1240E-21  0.1790E-17  0.3450E-14  0.8280E-12  0.1050E-10  0.3880E-10  0.5190E-10  0.5380E-10  0.5310E-10  0.5020E-10  0.4460E-10  0.3590E-10  0.2760E-10  0.2340E-10
  0.1000E+15  0.1240E-21  0.1790E-17  0.3450E-14  0.8270E-12  0.1050E-10  0.3850E-10  0.5140E-10  0.5330E-10  0.5260E-10  0.4980E-10  0.4420E-10  0.3560E-10  0.2750E-10  0.2330E-10
  0.1000E+16  0.1240E-21  0.1790E-17  0.3440E-14  0.8190E-12  0.1020E-10  0.3620E-10  0.4780E-10  0.4940E-10  0.4870E-10  0.4620E-10  0.4130E-10  0.3350E-10  0.2610E-10  0.2220E-10
  0.1000E+17  0.1240E-21  0.1790E-17  0.3430E-14  0.7880E-12  0.9180E-11  0.3030E-10  0.3870E-10  0.3940E-10  0.3870E-10  0.3650E-10  0.3250E-10  0.2660E-10  0.2100E-10  0.1800E-10
WAVELENGTH(A)= 
    21.177
 7 14 t 
excit   
    26.200     39.300     65.500    131.000    262.000    655.000   1310.000   1970.000   2620.000   3930.000   6550.000  13100.000  26200.000  39300.000 
  0.1000E+11  0.5010E-24  0.2090E-19  0.9410E-16  0.4310E-13  0.7710E-12  0.3600E-11  0.5410E-11  0.5950E-11  0.6100E-11  0.6060E-11  0.5710E-11  0.4920E-11  0.4020E-11  0.3510E-11
  0.1000E+12  0.5010E-24  0.2090E-19  0.9410E-16  0.4310E-13  0.7710E-12  0.3600E-11  0.5410E-11  0.5950E-11  0.6100E-11  0.6060E-11  0.5710E-11  0.4920E-11  0.4020E-11  0.3510E-11
  0.1000E+13  0.5010E-24  0.2090E-19  0.9410E-16  0.4310E-13  0.7710E-12  0.3600E-11  0.5410E-11  0.5950E-11  0.6100E-11  0.6060E-11  0.5710E-11  0.4920E-11  0.4020E-11  0.3510E-11
  0.1000E+14  0.5010E-24  0.2090E-19  0.9410E-16  0.4310E-13  0.7700E-12  0.3600E-11  0.5410E-11  0.5940E-11  0.6100E-11  0.6060E-11  0.5700E-11  0.4920E-11  0.4020E-11  0.3510E-11
  0.1000E+15  0.5010E-24  0.2090E-19  0.9410E-16  0.4310E-13  0.7680E-12  0.3570E-11  0.5360E-11  0.5890E-11  0.6050E-11  0.6010E-11  0.5660E-11  0.4890E-11  0.4000E-11  0.3500E-11
  0.1000E+16  0.5010E-24  0.2090E-19  0.9410E-16  0.4270E-13  0.7460E-12  0.3380E-11  0.5020E-11  0.5500E-11  0.5650E-11  0.5620E-11  0.5330E-11  0.4640E-11  0.3820E-11  0.3360E-11
  0.1000E+17  0.5010E-24  0.2090E-19  0.9400E-16  0.4150E-13  0.6870E-12  0.2930E-11  0.4230E-11  0.4590E-11  0.4690E-11  0.4650E-11  0.4410E-11  0.3860E-11  0.3220E-11  0.2850E-11
WAVELENGTH(A)= 
    21.233
 7 14 t 
excit   
    26.200     39.300     65.500    131.000    262.000    655.000   1310.000   1970.000   2620.000   3930.000   6550.000  13100.000  26200.000  39300.000 
  0.1000E+11  0.1090E-22  0.2300E-18  0.6000E-15  0.1820E-12  0.2630E-11  0.1060E-10  0.1480E-10  0.1560E-10  0.1570E-10  0.1510E-10  0.1370E-10  0.1140E-10  0.9070E-11  0.7830E-11
  0.1000E+12  0.1090E-22  0.2300E-18  0.6000E-15  0.1820E-12  0.2630E-11  0.1060E-10  0.1480E-10  0.1560E-10  0.1570E-10  0.1510E-10  0.1370E-10  0.1140E-10  0.9070E-11  0.7830E-11
  0.1000E+13  0.1090E-22  0.2300E-18  0.6000E-15  0.1820E-12  0.2630E-11  0.1060E-10  0.1480E-10  0.1560E-10  0.1570E-10  0.1510E-10  0.1370E-10  0.1140E-10  0.9070E-11  0.7830E-11
  0.1000E+14  0.1090E-22  0.2300E-18  0.6000E-15  0.1820E-12  0.2630E-11  0.1060E-10  0.1480E-10  0.1560E-10  0.1570E-10  0.1510E-10  0.1370E-10  0.1140E-10  0.9070E-11  0.7820E-11
  0.1000E+15  0.1090E-22  0.2300E-18  0.6000E-15  0.1820E-12  0.2620E-11  0.1050E-10  0.1460E-10  0.1550E-10  0.1550E-10  0.1500E-10  0.1360E-10  0.1130E-10  0.9010E-11  0.7780E-11
  0.1000E+16  0.1090E-22  0.2300E-18  0.5990E-15  0.1800E-12  0.2540E-11  0.9880E-11  0.1360E-10  0.1430E-10  0.1440E-10  0.1390E-10  0.1270E-10  0.1070E-10  0.8570E-11  0.7440E-11
  0.1000E+17  0.1090E-22  0.2300E-18  0.5970E-15  0.1740E-12  0.2290E-11  0.8300E-11  0.1100E-10  0.1150E-10  0.1140E-10  0.1100E-10  0.1010E-10  0.8480E-11  0.6900E-11  0.6040E-11
WAVELENGTH(A)= 
    21.366
 7 14 t 
excit   
    26.200     39.300     65.500    131.000    262.000    655.000   1310.000   1970.000   2620.000   3930.000   6550.000  13100.000  26200.000  39300.000 
  0.1000E+11  0.2330E-26  0.4310E-21  0.6440E-17  0.7230E-14  0.2000E-12  0.1270E-11  0.2370E-11  0.2940E-11  0.3280E-11  0.3640E-11  0.3900E-11  0.4000E-11  0.3840E-11  0.3660E-11
  0.1000E+12  0.2330E-26  0.4310E-21  0.6440E-17  0.7230E-14  0.2000E-12  0.1270E-11  0.2370E-11  0.2940E-11  0.3280E-11  0.3640E-11  0.3900E-11  0.4000E-11  0.3840E-11  0.3660E-11
  0.1000E+13  0.2330E-26  0.4310E-21  0.6440E-17  0.7230E-14  0.2000E-12  0.1270E-11  0.2370E-11  0.2940E-11  0.3280E-11  0.3640E-11  0.3900E-11  0.4000E-11  0.3840E-11  0.3660E-11
  0.1000E+14  0.2330E-26  0.4310E-21  0.6440E-17  0.7230E-14  0.2000E-12  0.1270E-11  0.2360E-11  0.2940E-11  0.3280E-11  0.3630E-11  0.3900E-11  0.4000E-11  0.3840E-11  0.3660E-11
  0.1000E+15  0.2330E-26  0.4320E-21  0.6440E-17  0.7220E-14  0.1990E-12  0.1260E-11  0.2340E-11  0.2910E-11  0.3250E-11  0.3600E-11  0.3870E-11  0.3970E-11  0.3810E-11  0.3640E-11
  0.1000E+16  0.2340E-26  0.4340E-21  0.6460E-17  0.7170E-14  0.1930E-12  0.1180E-11  0.2180E-11  0.2700E-11  0.3010E-11  0.3350E-11  0.3610E-11  0.3740E-11  0.3620E-11  0.3480E-11
  0.1000E+17  0.2490E-26  0.4560E-21  0.6700E-17  0.7110E-14  0.1790E-12  0.1010E-11  0.1780E-11  0.2180E-11  0.2410E-11  0.2660E-11  0.2860E-11  0.2970E-11  0.2910E-11  0.2820E-11
WAVELENGTH(A)= 
    21.611
 7 14 t 
excit   
    26.200     39.300     65.500    131.000    262.000    655.000   1310.000   1970.000   2620.000   3930.000   6550.000  13100.000  26200.000  39300.000 
  0.1000E+11  0.1890E-22  0.2390E-18  0.4190E-15  0.9800E-13  0.1320E-11  0.5600E-11  0.8410E-11  0.9350E-11  0.9720E-11  0.9880E-11  0.9650E-11  0.8860E-11  0.7770E-11  0.7090E-11
  0.1000E+12  0.1890E-22  0.2390E-18  0.4190E-15  0.9800E-13  0.1320E-11  0.5600E-11  0.8410E-11  0.9350E-11  0.9720E-11  0.9880E-11  0.9650E-11  0.8860E-11  0.7770E-11  0.7090E-11
  0.1000E+13  0.1890E-22  0.2390E-18  0.4190E-15  0.9800E-13  0.1320E-11  0.5600E-11  0.8410E-11  0.9350E-11  0.9720E-11  0.9890E-11  0.9650E-11  0.8860E-11  0.7770E-11  0.7090E-11
  0.1000E+14  0.1890E-22  0.2390E-18  0.4190E-15  0.9810E-13  0.1320E-11  0.5600E-11  0.8420E-11  0.9360E-11  0.9720E-11  0.9890E-11  0.9660E-11  0.8860E-11  0.7770E-11  0.7090E-11
  0.1000E+15  0.1890E-22  0.2390E-18  0.4190E-15  0.9840E-13  0.1330E-11  0.5630E-11  0.8460E-11  0.9400E-11  0.9760E-11  0.9930E-11  0.9690E-11  0.8890E-11  0.7790E-11  0.7110E-11
  0.1000E+16  0.1890E-22  0.2390E-18  0.4230E-15  0.1010E-12  0.1380E-11  0.5840E-11  0.8750E-11  0.9710E-11  0.1010E-10  0.1020E-10  0.9980E-11  0.9130E-11  0.7980E-11  0.7260E-11
  0.1000E+17  0.1900E-22  0.2410E-18  0.4380E-15  0.1100E-12  0.1520E-11  0.6320E-11  0.9400E-11  0.1040E-10  0.1080E-10  0.1100E-10  0.1080E-10  0.9870E-11  0.8630E-11  0.7850E-11
WAVELENGTH(A)= 
    23.286
 7 14 t 
excit   
    26.200     39.300     65.500    131.000    262.000    655.000   1310.000   1970.000   2620.000   3930.000   6550.000  13100.000  26200.000  39300.000 
  0.1000E+11  0.3950E-23  0.8330E-19  0.2180E-15  0.6610E-13  0.9540E-12  0.3840E-11  0.5370E-11  0.5670E-11  0.5680E-11  0.5480E-11  0.4990E-11  0.4140E-11  0.3290E-11  0.2840E-11
  0.1000E+12  0.3950E-23  0.8330E-19  0.2180E-15  0.6610E-13  0.9540E-12  0.3840E-11  0.5370E-11  0.5670E-11  0.5680E-11  0.5480E-11  0.4990E-11  0.4140E-11  0.3290E-11  0.2840E-11
  0.1000E+13  0.3950E-23  0.8330E-19  0.2180E-15  0.6610E-13  0.9540E-12  0.3840E-11  0.5370E-11  0.5670E-11  0.5680E-11  0.5480E-11  0.4990E-11  0.4140E-11  0.3290E-11  0.2840E-11
  0.1000E+14  0.3950E-23  0.8330E-19  0.2180E-15  0.6610E-13  0.9540E-12  0.3840E-11  0.5360E-11  0.5670E-11  0.5680E-11  0.5480E-11  0.4980E-11  0.4140E-11  0.3290E-11  0.2840E-11
  0.1000E+15  0.3950E-23  0.8330E-19  0.2180E-15  0.6610E-13  0.9500E-12  0.3810E-11  0.5310E-11  0.5610E-11  0.5630E-11  0.5430E-11  0.4940E-11  0.4110E-11  0.3270E-11  0.2820E-11
  0.1000E+16  0.3950E-23  0.8330E-19  0.2170E-15  0.6540E-13  0.9200E-12  0.3580E-11  0.4940E-11  0.5200E-11  0.5220E-11  0.5040E-11  0.4610E-11  0.3870E-11  0.3110E-11  0.2700E-11
  0.1000E+17  0.3950E-23  0.8330E-19  0.2170E-15  0.6300E-13  0.8320E-12  0.3010E-11  0.4000E-11  0.4170E-11  0.4150E-11  0.3990E-11  0.3650E-11  0.3080E-11  0.2500E-11  0.2190E-11
WAVELENGTH(A)= 
    26.489
 7 14 t 
excit   
    26.200     39.300     65.500    131.000    262.000    655.000   1310.000   1970.000   2620.000   3930.000   6550.000  13100.000  26200.000  39300.000 
  0.1000E+11  0.1710E-24  0.8950E-20  0.4960E-16  0.2730E-13  0.5420E-12  0.2750E-11  0.4390E-11  0.5040E-11  0.5340E-11  0.5610E-11  0.5700E-11  0.5530E-11  0.5110E-11  0.4780E-11
  0.1000E+12  0.1710E-24  0.8950E-20  0.4960E-16  0.2730E-13  0.5420E-12  0.2750E-11  0.4390E-11  0.5040E-11  0.5340E-11  0.5610E-11  0.5700E-11  0.5530E-11  0.5110E-11  0.4780E-11
  0.1000E+13  0.1710E-24  0.8950E-20  0.4960E-16  0.2730E-13  0.5420E-12  0.2750E-11  0.4390E-11  0.5040E-11  0.5340E-11  0.5610E-11  0.5700E-11  0.5530E-11  0.5100E-11  0.4780E-11
  0.1000E+14  0.1710E-24  0.8950E-20  0.4960E-16  0.2730E-13  0.5410E-12  0.2750E-11  0.4390E-11  0.5030E-11  0.5340E-11  0.5600E-11  0.5690E-11  0.5520E-11  0.5100E-11  0.4780E-11
  0.1000E+15  0.1710E-24  0.8950E-20  0.4960E-16  0.2720E-13  0.5390E-12  0.2730E-11  0.4350E-11  0.4990E-11  0.5290E-11  0.5560E-11  0.5650E-11  0.5480E-11  0.5070E-11  0.4760E-11
  0.1000E+16  0.1710E-24  0.8950E-20  0.4960E-16  0.2700E-13  0.5230E-12  0.2570E-11  0.4050E-11  0.4630E-11  0.4910E-11  0.5170E-11  0.5280E-11  0.5170E-11  0.4830E-11  0.4550E-11
  0.1000E+17  0.1710E-24  0.8960E-20  0.4950E-16  0.2610E-13  0.4760E-12  0.2180E-11  0.3310E-11  0.3740E-11  0.3940E-11  0.4120E-11  0.4200E-11  0.4130E-11  0.3900E-11  0.3710E-11
WAVELENGTH(A)= 
    44.113
 7 14 t 
excit   
    26.200     39.300     65.500    131.000    262.000    655.000   1310.000   1970.000   2620.000   3930.000   6550.000  13100.000  26200.000  39300.000 
  0.1000E+11  0.1510E-28  0.2050E-22  0.1500E-17  0.5500E-14  0.2710E-12  0.2210E-11  0.3820E-11  0.4280E-11  0.4380E-11  0.4290E-11  0.3910E-11  0.3210E-11  0.2480E-11  0.2100E-11
  0.1000E+12  0.1510E-28  0.2050E-22  0.1500E-17  0.5500E-14  0.2710E-12  0.2210E-11  0.3820E-11  0.4280E-11  0.4380E-11  0.4290E-11  0.3910E-11  0.3210E-11  0.2480E-11  0.2100E-11
  0.1000E+13  0.1510E-28  0.2050E-22  0.1500E-17  0.5500E-14  0.2710E-12  0.2210E-11  0.3820E-11  0.4280E-11  0.4380E-11  0.4290E-11  0.3910E-11  0.3210E-11  0.2480E-11  0.2100E-11
  0.1000E+14  0.1510E-28  0.2050E-22  0.1500E-17  0.5500E-14  0.2710E-12  0.2200E-11  0.3820E-11  0.4270E-11  0.4370E-11  0.4290E-11  0.3910E-11  0.3210E-11  0.2480E-11  0.2100E-11
  0.1000E+15  0.1510E-28  0.2050E-22  0.1500E-17  0.5490E-14  0.2700E-12  0.2190E-11  0.3780E-11  0.4230E-11  0.4330E-11  0.4250E-11  0.3870E-11  0.3180E-11  0.2470E-11  0.2090E-11
  0.1000E+16  0.1510E-28  0.2050E-22  0.1490E-17  0.5440E-14  0.2610E-12  0.2060E-11  0.3510E-11  0.3920E-11  0.4010E-11  0.3940E-11  0.3610E-11  0.3000E-11  0.2340E-11  0.2000E-11
  0.1000E+17  0.1510E-28  0.2050E-22  0.1490E-17  0.5230E-14  0.2360E-12  0.1720E-11  0.2840E-11  0.3130E-11  0.3190E-11  0.3110E-11  0.2850E-11  0.2370E-11  0.1880E-11  0.1620E-11
WAVELENGTH(A)= 
    46.602
 7 14 t 
excit   
    26.200     39.300     65.500    131.000    262.000    655.000   1310.000   1970.000   2620.000   3930.000   6550.000  13100.000  26200.000  39300.000 
  0.1000E+11  0.5320E-12  0.1290E-10  0.1500E-09  0.7980E-09  0.1570E-08  0.2020E-08  0.2010E-08  0.1950E-08  0.1870E-08  0.1760E-08  0.1590E-08  0.1350E-08  0.1120E-08  0.9940E-09
  0.1000E+12  0.5320E-12  0.1290E-10  0.1500E-09  0.7980E-09  0.1570E-08  0.2020E-08  0.2010E-08  0.1950E-08  0.1870E-08  0.1760E-08  0.1590E-08  0.1350E-08  0.1120E-08  0.9940E-09
  0.1000E+13  0.5320E-12  0.1290E-10  0.1500E-09  0.7980E-09  0.1570E-08  0.2020E-08  0.2010E-08  0.1950E-08  0.1870E-08  0.1760E-08  0.1590E-08  0.1350E-08  0.1120E-08  0.9940E-09
  0.1000E+14  0.5320E-12  0.1290E-10  0.1500E-09  0.7980E-09  0.1570E-08  0.2020E-08  0.2010E-08  0.1950E-08  0.1870E-08  0.1760E-08  0.1590E-08  0.1350E-08  0.1120E-08  0.9930E-09
  0.1000E+15  0.5320E-12  0.1290E-10  0.1500E-09  0.7970E-09  0.1560E-08  0.2000E-08  0.1990E-08  0.1930E-08  0.1850E-08  0.1740E-08  0.1570E-08  0.1340E-08  0.1110E-08  0.9880E-09
  0.1000E+16  0.5320E-12  0.1290E-10  0.1500E-09  0.7890E-09  0.1510E-08  0.1880E-08  0.1850E-08  0.1790E-08  0.1720E-08  0.1620E-08  0.1470E-08  0.1260E-08  0.1060E-08  0.9440E-09
  0.1000E+17  0.5320E-12  0.1290E-10  0.1490E-09  0.7600E-09  0.1370E-08  0.1580E-08  0.1500E-08  0.1430E-08  0.1360E-08  0.1280E-08  0.1160E-08  0.1000E-08  0.8490E-09  0.7660E-09
WAVELENGTH(A)= 
    56.909
 7 14 t 
excit   
    26.200     39.300     65.500    131.000    262.000    655.000   1310.000   1970.000   2620.000   3930.000   6550.000  13100.000  26200.000  39300.000 
  0.1000E+11  0.4040E-16  0.4920E-14  0.2220E-12  0.3240E-11  0.1010E-10  0.1590E-10  0.1590E-10  0.1490E-10  0.1400E-10  0.1250E-10  0.1060E-10  0.8260E-11  0.6310E-11  0.5360E-11
  0.1000E+12  0.4040E-16  0.4920E-14  0.2220E-12  0.3240E-11  0.1010E-10  0.1590E-10  0.1590E-10  0.1490E-10  0.1400E-10  0.1250E-10  0.1060E-10  0.8260E-11  0.6310E-11  0.5360E-11
  0.1000E+13  0.4040E-16  0.4920E-14  0.2220E-12  0.3240E-11  0.1010E-10  0.1590E-10  0.1590E-10  0.1490E-10  0.1400E-10  0.1250E-10  0.1060E-10  0.8260E-11  0.6310E-11  0.5360E-11
  0.1000E+14  0.4040E-16  0.4920E-14  0.2220E-12  0.3240E-11  0.1010E-10  0.1590E-10  0.1590E-10  0.1490E-10  0.1400E-10  0.1250E-10  0.1060E-10  0.8250E-11  0.6310E-11  0.5350E-11
  0.1000E+15  0.4040E-16  0.4920E-14  0.2220E-12  0.3240E-11  0.1010E-10  0.1580E-10  0.1580E-10  0.1480E-10  0.1390E-10  0.1240E-10  0.1050E-10  0.8210E-11  0.6280E-11  0.5340E-11
  0.1000E+16  0.4040E-16  0.4920E-14  0.2220E-12  0.3230E-11  0.9850E-11  0.1510E-10  0.1500E-10  0.1400E-10  0.1310E-10  0.1180E-10  0.1000E-10  0.7870E-11  0.6070E-11  0.5180E-11
  0.1000E+17  0.4050E-16  0.4940E-14  0.2230E-12  0.3190E-11  0.9230E-11  0.1330E-10  0.1290E-10  0.1190E-10  0.1120E-10  0.9980E-11  0.8520E-11  0.6740E-11  0.5260E-11  0.4520E-11
WAVELENGTH(A)= 
    57.294
 7 14 t 
excit   
    26.200     39.300     65.500    131.000    262.000    655.000   1310.000   1970.000   2620.000   3930.000   6550.000  13100.000  26200.000  39300.000 
  0.1000E+11  0.2140E-15  0.2600E-13  0.1170E-11  0.1710E-10  0.5330E-10  0.8400E-10  0.8420E-10  0.7890E-10  0.7390E-10  0.6610E-10  0.5610E-10  0.4360E-10  0.3340E-10  0.2830E-10
  0.1000E+12  0.2140E-15  0.2600E-13  0.1170E-11  0.1710E-10  0.5330E-10  0.8400E-10  0.8420E-10  0.7890E-10  0.7390E-10  0.6610E-10  0.5610E-10  0.4360E-10  0.3340E-10  0.2830E-10
  0.1000E+13  0.2140E-15  0.2600E-13  0.1170E-11  0.1710E-10  0.5330E-10  0.8400E-10  0.8420E-10  0.7890E-10  0.7390E-10  0.6610E-10  0.5610E-10  0.4360E-10  0.3340E-10  0.2830E-10
  0.1000E+14  0.2140E-15  0.2600E-13  0.1170E-11  0.1710E-10  0.5330E-10  0.8400E-10  0.8410E-10  0.7880E-10  0.7380E-10  0.6600E-10  0.5600E-10  0.4360E-10  0.3340E-10  0.2830E-10
  0.1000E+15  0.2140E-15  0.2600E-13  0.1170E-11  0.1710E-10  0.5320E-10  0.8350E-10  0.8350E-10  0.7830E-10  0.7330E-10  0.6560E-10  0.5570E-10  0.4340E-10  0.3320E-10  0.2820E-10
  0.1000E+16  0.2140E-15  0.2600E-13  0.1170E-11  0.1710E-10  0.5210E-10  0.7980E-10  0.7910E-10  0.7400E-10  0.6940E-10  0.6220E-10  0.5300E-10  0.4160E-10  0.3210E-10  0.2740E-10
  0.1000E+17  0.2140E-15  0.2610E-13  0.1180E-11  0.1690E-10  0.4880E-10  0.7040E-10  0.6800E-10  0.6310E-10  0.5890E-10  0.5280E-10  0.4510E-10  0.3570E-10  0.2780E-10  0.2390E-10
WAVELENGTH(A)= 
    57.590
 7 14 t 
excit   
    26.200     39.300     65.500    131.000    262.000    655.000   1310.000   1970.000   2620.000   3930.000   6550.000  13100.000  26200.000  39300.000 
  0.1000E+11  0.5100E-16  0.5890E-14  0.2400E-12  0.3190E-11  0.9610E-11  0.1520E-10  0.1550E-10  0.1480E-10  0.1410E-10  0.1290E-10  0.1120E-10  0.8990E-11  0.7070E-11  0.6110E-11
  0.1000E+12  0.5100E-16  0.5890E-14  0.2400E-12  0.3190E-11  0.9610E-11  0.1520E-10  0.1550E-10  0.1480E-10  0.1410E-10  0.1290E-10  0.1120E-10  0.8990E-11  0.7070E-11  0.6110E-11
  0.1000E+13  0.5100E-16  0.5890E-14  0.2400E-12  0.3190E-11  0.9610E-11  0.1520E-10  0.1550E-10  0.1480E-10  0.1410E-10  0.1290E-10  0.1120E-10  0.8990E-11  0.7070E-11  0.6110E-11
  0.1000E+14  0.5100E-16  0.5890E-14  0.2400E-12  0.3190E-11  0.9610E-11  0.1520E-10  0.1550E-10  0.1480E-10  0.1410E-10  0.1280E-10  0.1120E-10  0.8980E-11  0.7070E-11  0.6100E-11
  0.1000E+15  0.5100E-16  0.5890E-14  0.2400E-12  0.3190E-11  0.9570E-11  0.1500E-10  0.1540E-10  0.1470E-10  0.1390E-10  0.1270E-10  0.1110E-10  0.8920E-11  0.7020E-11  0.6070E-11
  0.1000E+16  0.5100E-16  0.5890E-14  0.2400E-12  0.3160E-11  0.9270E-11  0.1410E-10  0.1430E-10  0.1360E-10  0.1290E-10  0.1180E-10  0.1030E-10  0.8390E-11  0.6670E-11  0.5800E-11
  0.1000E+17  0.5100E-16  0.5890E-14  0.2390E-12  0.3040E-11  0.8380E-11  0.1190E-10  0.1160E-10  0.1090E-10  0.1030E-10  0.9350E-11  0.8150E-11  0.6660E-11  0.5360E-11  0.4710E-11
WAVELENGTH(A)= 
    57.779
 7 14 t 
excit   
    26.200     39.300     65.500    131.000    262.000    655.000   1310.000   1970.000   2620.000   3930.000   6550.000  13100.000  26200.000  39300.000 
  0.1000E+11  0.2560E-13  0.3360E-12  0.2890E-11  0.1800E-10  0.4660E-10  0.7980E-10  0.9110E-10  0.9240E-10  0.9130E-10  0.8740E-10  0.7980E-10  0.6770E-10  0.5560E-10  0.4890E-10
  0.1000E+12  0.2560E-13  0.3360E-12  0.2890E-11  0.1800E-10  0.4660E-10  0.7980E-10  0.9110E-10  0.9240E-10  0.9130E-10  0.8740E-10  0.7980E-10  0.6770E-10  0.5560E-10  0.4890E-10
  0.1000E+13  0.2560E-13  0.3360E-12  0.2890E-11  0.1800E-10  0.4660E-10  0.7980E-10  0.9110E-10  0.9240E-10  0.9130E-10  0.8740E-10  0.7980E-10  0.6770E-10  0.5560E-10  0.4890E-10
  0.1000E+14  0.2560E-13  0.3360E-12  0.2890E-11  0.1800E-10  0.4650E-10  0.7970E-10  0.9110E-10  0.9230E-10  0.9120E-10  0.8730E-10  0.7980E-10  0.6770E-10  0.5550E-10  0.4890E-10
  0.1000E+15  0.2560E-13  0.3360E-12  0.2890E-11  0.1790E-10  0.4640E-10  0.7920E-10  0.9030E-10  0.9150E-10  0.9040E-10  0.8660E-10  0.7920E-10  0.6720E-10  0.5520E-10  0.4870E-10
  0.1000E+16  0.2560E-13  0.3360E-12  0.2890E-11  0.1780E-10  0.4520E-10  0.7490E-10  0.8440E-10  0.8540E-10  0.8430E-10  0.8080E-10  0.7420E-10  0.6360E-10  0.5270E-10  0.4660E-10
  0.1000E+17  0.2560E-13  0.3360E-12  0.2890E-11  0.1740E-10  0.4160E-10  0.6420E-10  0.6990E-10  0.6970E-10  0.6840E-10  0.6520E-10  0.5980E-10  0.5140E-10  0.4300E-10  0.3840E-10
WAVELENGTH(A)= 
    57.984
 7 14 t 
excit   
    26.200     39.300     65.500    131.000    262.000    655.000   1310.000   1970.000   2620.000   3930.000   6550.000  13100.000  26200.000  39300.000 
  0.1000E+11  0.1040E-15  0.1200E-13  0.4880E-12  0.6500E-11  0.1960E-10  0.3090E-10  0.3160E-10  0.3020E-10  0.2870E-10  0.2620E-10  0.2270E-10  0.1830E-10  0.1440E-10  0.1240E-10
  0.1000E+12  0.1040E-15  0.1200E-13  0.4880E-12  0.6500E-11  0.1960E-10  0.3090E-10  0.3160E-10  0.3020E-10  0.2870E-10  0.2620E-10  0.2270E-10  0.1830E-10  0.1440E-10  0.1240E-10
  0.1000E+13  0.1040E-15  0.1200E-13  0.4880E-12  0.6500E-11  0.1960E-10  0.3090E-10  0.3160E-10  0.3020E-10  0.2870E-10  0.2620E-10  0.2270E-10  0.1830E-10  0.1440E-10  0.1240E-10
  0.1000E+14  0.1040E-15  0.1200E-13  0.4880E-12  0.6500E-11  0.1960E-10  0.3080E-10  0.3160E-10  0.3010E-10  0.2860E-10  0.2610E-10  0.2270E-10  0.1830E-10  0.1440E-10  0.1240E-10
  0.1000E+15  0.1040E-15  0.1200E-13  0.4880E-12  0.6490E-11  0.1950E-10  0.3060E-10  0.3130E-10  0.2980E-10  0.2840E-10  0.2590E-10  0.2250E-10  0.1810E-10  0.1430E-10  0.1240E-10
  0.1000E+16  0.1040E-15  0.1200E-13  0.4870E-12  0.6430E-11  0.1890E-10  0.2880E-10  0.2910E-10  0.2770E-10  0.2630E-10  0.2410E-10  0.2100E-10  0.1710E-10  0.1360E-10  0.1180E-10
  0.1000E+17  0.1040E-15  0.1200E-13  0.4860E-12  0.6190E-11  0.1710E-10  0.2410E-10  0.2350E-10  0.2210E-10  0.2090E-10  0.1900E-10  0.1660E-10  0.1360E-10  0.1090E-10  0.9570E-11
WAVELENGTH(A)= 
    59.784
 7 14 t 
excit   
    26.200     39.300     65.500    131.000    262.000    655.000   1310.000   1970.000   2620.000   3930.000   6550.000  13100.000  26200.000  39300.000 
  0.1000E+11  0.3960E-16  0.4820E-14  0.2170E-12  0.3180E-11  0.9880E-11  0.1560E-10  0.1560E-10  0.1460E-10  0.1370E-10  0.1230E-10  0.1040E-10  0.8090E-11  0.6190E-11  0.5250E-11
  0.1000E+12  0.3960E-16  0.4820E-14  0.2170E-12  0.3180E-11  0.9880E-11  0.1560E-10  0.1560E-10  0.1460E-10  0.1370E-10  0.1230E-10  0.1040E-10  0.8090E-11  0.6190E-11  0.5250E-11
  0.1000E+13  0.3960E-16  0.4820E-14  0.2170E-12  0.3180E-11  0.9880E-11  0.1560E-10  0.1560E-10  0.1460E-10  0.1370E-10  0.1230E-10  0.1040E-10  0.8090E-11  0.6190E-11  0.5250E-11
  0.1000E+14  0.3960E-16  0.4820E-14  0.2170E-12  0.3180E-11  0.9880E-11  0.1560E-10  0.1560E-10  0.1460E-10  0.1370E-10  0.1220E-10  0.1040E-10  0.8090E-11  0.6180E-11  0.5250E-11
  0.1000E+15  0.3960E-16  0.4820E-14  0.2170E-12  0.3180E-11  0.9860E-11  0.1550E-10  0.1550E-10  0.1450E-10  0.1360E-10  0.1220E-10  0.1030E-10  0.8050E-11  0.6160E-11  0.5230E-11
  0.1000E+16  0.3960E-16  0.4830E-14  0.2180E-12  0.3170E-11  0.9650E-11  0.1480E-10  0.1470E-10  0.1370E-10  0.1290E-10  0.1150E-10  0.9830E-11  0.7720E-11  0.5950E-11  0.5070E-11
  0.1000E+17  0.3970E-16  0.4840E-14  0.2190E-12  0.3120E-11  0.9050E-11  0.1310E-10  0.1260E-10  0.1170E-10  0.1090E-10  0.9780E-11  0.8350E-11  0.6610E-11  0.5160E-11  0.4430E-11
WAVELENGTH(A)= 
    60.809
 7 14 t 
excit   
    26.200     39.300     65.500    131.000    262.000    655.000   1310.000   1970.000   2620.000   3930.000   6550.000  13100.000  26200.000  39300.000 
  0.1000E+11  0.3090E-15  0.3080E-13  0.1110E-11  0.1360E-10  0.3870E-10  0.5680E-10  0.5430E-10  0.4960E-10  0.4560E-10  0.3960E-10  0.3270E-10  0.2450E-10  0.1810E-10  0.1510E-10
  0.1000E+12  0.3090E-15  0.3080E-13  0.1110E-11  0.1360E-10  0.3870E-10  0.5680E-10  0.5430E-10  0.4960E-10  0.4560E-10  0.3960E-10  0.3270E-10  0.2450E-10  0.1810E-10  0.1510E-10
  0.1000E+13  0.3090E-15  0.3080E-13  0.1110E-11  0.1360E-10  0.3870E-10  0.5680E-10  0.5430E-10  0.4960E-10  0.4560E-10  0.3960E-10  0.3270E-10  0.2450E-10  0.1810E-10  0.1510E-10
  0.1000E+14  0.3090E-15  0.3080E-13  0.1110E-11  0.1360E-10  0.3870E-10  0.5670E-10  0.5430E-10  0.4950E-10  0.4550E-10  0.3960E-10  0.3260E-10  0.2450E-10  0.1810E-10  0.1510E-10
  0.1000E+15  0.3090E-15  0.3080E-13  0.1110E-11  0.1360E-10  0.3850E-10  0.5630E-10  0.5380E-10  0.4900E-10  0.4510E-10  0.3930E-10  0.3240E-10  0.2430E-10  0.1800E-10  0.1500E-10
  0.1000E+16  0.3090E-15  0.3080E-13  0.1110E-11  0.1340E-10  0.3730E-10  0.5290E-10  0.4990E-10  0.4540E-10  0.4180E-10  0.3650E-10  0.3020E-10  0.2290E-10  0.1710E-10  0.1430E-10
  0.1000E+17  0.3090E-15  0.3080E-13  0.1110E-11  0.1290E-10  0.3370E-10  0.4440E-10  0.4050E-10  0.3630E-10  0.3320E-10  0.2880E-10  0.2380E-10  0.1820E-10  0.1370E-10  0.1160E-10
WAVELENGTH(A)= 
    61.248
 7 14 t 
excit   
    26.200     39.300     65.500    131.000    262.000    655.000   1310.000   1970.000   2620.000   3930.000   6550.000  13100.000  26200.000  39300.000 
  0.1000E+11  0.1560E-14  0.1560E-12  0.5620E-11  0.6870E-10  0.1960E-09  0.2870E-09  0.2750E-09  0.2510E-09  0.2300E-09  0.2000E-09  0.1650E-09  0.1240E-09  0.9150E-10  0.7620E-10
  0.1000E+12  0.1560E-14  0.1560E-12  0.5620E-11  0.6870E-10  0.1960E-09  0.2870E-09  0.2750E-09  0.2510E-09  0.2300E-09  0.2000E-09  0.1650E-09  0.1240E-09  0.9150E-10  0.7620E-10
  0.1000E+13  0.1560E-14  0.1560E-12  0.5620E-11  0.6870E-10  0.1960E-09  0.2870E-09  0.2750E-09  0.2500E-09  0.2300E-09  0.2000E-09  0.1650E-09  0.1240E-09  0.9150E-10  0.7620E-10
  0.1000E+14  0.1560E-14  0.1560E-12  0.5620E-11  0.6870E-10  0.1950E-09  0.2870E-09  0.2740E-09  0.2500E-09  0.2300E-09  0.2000E-09  0.1650E-09  0.1240E-09  0.9140E-10  0.7610E-10
  0.1000E+15  0.1560E-14  0.1560E-12  0.5620E-11  0.6860E-10  0.1950E-09  0.2850E-09  0.2720E-09  0.2480E-09  0.2280E-09  0.1980E-09  0.1640E-09  0.1230E-09  0.9090E-10  0.7570E-10
  0.1000E+16  0.1560E-14  0.1560E-12  0.5620E-11  0.6800E-10  0.1880E-09  0.2670E-09  0.2520E-09  0.2300E-09  0.2110E-09  0.1840E-09  0.1530E-09  0.1160E-09  0.8640E-10  0.7240E-10
  0.1000E+17  0.1560E-14  0.1560E-12  0.5600E-11  0.6540E-10  0.1700E-09  0.2250E-09  0.2050E-09  0.1840E-09  0.1680E-09  0.1460E-09  0.1210E-09  0.9180E-10  0.6940E-10  0.5870E-10
WAVELENGTH(A)= 
    62.641
 7 14 t 
excit   
    26.200     39.300     65.500    131.000    262.000    655.000   1310.000   1970.000   2620.000   3930.000   6550.000  13100.000  26200.000  39300.000 
  0.1000E+11  0.5180E-17  0.9410E-15  0.8900E-13  0.1740E-11  0.5700E-11  0.9870E-11  0.1140E-10  0.1180E-10  0.1180E-10  0.1140E-10  0.1070E-10  0.9230E-11  0.7710E-11  0.6850E-11
  0.1000E+12  0.5180E-17  0.9410E-15  0.8900E-13  0.1740E-11  0.5700E-11  0.9870E-11  0.1140E-10  0.1180E-10  0.1180E-10  0.1140E-10  0.1070E-10  0.9230E-11  0.7710E-11  0.6850E-11
  0.1000E+13  0.5190E-17  0.9410E-15  0.8900E-13  0.1740E-11  0.5700E-11  0.9870E-11  0.1140E-10  0.1180E-10  0.1180E-10  0.1140E-10  0.1070E-10  0.9230E-11  0.7710E-11  0.6850E-11
  0.1000E+14  0.5190E-17  0.9410E-15  0.8900E-13  0.1740E-11  0.5700E-11  0.9860E-11  0.1140E-10  0.1180E-10  0.1170E-10  0.1140E-10  0.1070E-10  0.9230E-11  0.7700E-11  0.6850E-11
  0.1000E+15  0.5190E-17  0.9410E-15  0.8900E-13  0.1740E-11  0.5680E-11  0.9800E-11  0.1130E-10  0.1170E-10  0.1160E-10  0.1130E-10  0.1060E-10  0.9170E-11  0.7660E-11  0.6820E-11
  0.1000E+16  0.5210E-17  0.9440E-15  0.8920E-13  0.1730E-11  0.5550E-11  0.9310E-11  0.1060E-10  0.1090E-10  0.1090E-10  0.1060E-10  0.9950E-11  0.8690E-11  0.7320E-11  0.6540E-11
  0.1000E+17  0.5430E-17  0.9650E-15  0.9040E-13  0.1700E-11  0.5170E-11  0.8100E-11  0.8900E-11  0.9040E-11  0.8970E-11  0.8680E-11  0.8100E-11  0.7090E-11  0.6030E-11  0.5440E-11
WAVELENGTH(A)= 
    63.107
 7 14 t 
excit   
    26.200     39.300     65.500    131.000    262.000    655.000   1310.000   1970.000   2620.000   3930.000   6550.000  13100.000  26200.000  39300.000 
  0.1000E+11  0.3700E-17  0.6720E-15  0.6360E-13  0.1240E-11  0.4070E-11  0.7050E-11  0.8130E-11  0.8400E-11  0.8400E-11  0.8170E-11  0.7610E-11  0.6590E-11  0.5500E-11  0.4890E-11
  0.1000E+12  0.3700E-17  0.6720E-15  0.6360E-13  0.1240E-11  0.4070E-11  0.7050E-11  0.8130E-11  0.8400E-11  0.8400E-11  0.8170E-11  0.7610E-11  0.6590E-11  0.5500E-11  0.4890E-11
  0.1000E+13  0.3700E-17  0.6720E-15  0.6360E-13  0.1240E-11  0.4070E-11  0.7050E-11  0.8130E-11  0.8400E-11  0.8400E-11  0.8170E-11  0.7610E-11  0.6590E-11  0.5500E-11  0.4890E-11
  0.1000E+14  0.3700E-17  0.6720E-15  0.6360E-13  0.1240E-11  0.4070E-11  0.7040E-11  0.8120E-11  0.8390E-11  0.8390E-11  0.8170E-11  0.7610E-11  0.6590E-11  0.5500E-11  0.4890E-11
  0.1000E+15  0.3700E-17  0.6720E-15  0.6360E-13  0.1240E-11  0.4060E-11  0.7000E-11  0.8060E-11  0.8320E-11  0.8320E-11  0.8100E-11  0.7550E-11  0.6550E-11  0.5470E-11  0.4870E-11
  0.1000E+16  0.3720E-17  0.6740E-15  0.6370E-13  0.1230E-11  0.3960E-11  0.6650E-11  0.7560E-11  0.7790E-11  0.7790E-11  0.7590E-11  0.7100E-11  0.6200E-11  0.5230E-11  0.4670E-11
  0.1000E+17  0.3880E-17  0.6890E-15  0.6460E-13  0.1220E-11  0.3690E-11  0.5790E-11  0.6350E-11  0.6450E-11  0.6400E-11  0.6200E-11  0.5780E-11  0.5070E-11  0.4310E-11  0.3880E-11
WAVELENGTH(A)= 
    63.424
 7 14 t 
excit   
    26.200     39.300     65.500    131.000    262.000    655.000   1310.000   1970.000   2620.000   3930.000   6550.000  13100.000  26200.000  39300.000 
  0.1000E+11  0.5920E-18  0.5120E-15  0.7210E-13  0.1490E-11  0.4880E-11  0.8100E-11  0.8520E-11  0.8220E-11  0.7850E-11  0.7200E-11  0.6310E-11  0.5100E-11  0.4040E-11  0.3490E-11
  0.1000E+12  0.5920E-18  0.5120E-15  0.7210E-13  0.1490E-11  0.4880E-11  0.8100E-11  0.8520E-11  0.8220E-11  0.7850E-11  0.7200E-11  0.6310E-11  0.5100E-11  0.4040E-11  0.3490E-11
  0.1000E+13  0.5920E-18  0.5120E-15  0.7210E-13  0.1490E-11  0.4880E-11  0.8100E-11  0.8520E-11  0.8220E-11  0.7850E-11  0.7200E-11  0.6310E-11  0.5100E-11  0.4040E-11  0.3490E-11
  0.1000E+14  0.5920E-18  0.5120E-15  0.7210E-13  0.1490E-11  0.4880E-11  0.8090E-11  0.8520E-11  0.8210E-11  0.7850E-11  0.7200E-11  0.6300E-11  0.5100E-11  0.4030E-11  0.3490E-11
  0.1000E+15  0.5940E-18  0.5120E-15  0.7220E-13  0.1490E-11  0.4880E-11  0.8080E-11  0.8500E-11  0.8190E-11  0.7830E-11  0.7180E-11  0.6290E-11  0.5090E-11  0.4030E-11  0.3490E-11
  0.1000E+16  0.6110E-18  0.5170E-15  0.7320E-13  0.1510E-11  0.4920E-11  0.8010E-11  0.8350E-11  0.8040E-11  0.7680E-11  0.7050E-11  0.6180E-11  0.5020E-11  0.3990E-11  0.3460E-11
  0.1000E+17  0.7660E-18  0.5500E-15  0.7770E-13  0.1600E-11  0.5010E-11  0.7780E-11  0.7950E-11  0.7610E-11  0.7250E-11  0.6640E-11  0.5830E-11  0.4760E-11  0.3810E-11  0.3320E-11
WAVELENGTH(A)= 
    63.715
 7 14 t 
excit   
    26.200     39.300     65.500    131.000    262.000    655.000   1310.000   1970.000   2620.000   3930.000   6550.000  13100.000  26200.000  39300.000 
  0.1000E+11  0.1540E-16  0.2310E-14  0.1190E-12  0.1920E-11  0.6560E-11  0.1230E-10  0.1480E-10  0.1550E-10  0.1570E-10  0.1540E-10  0.1450E-10  0.1270E-10  0.1060E-10  0.9480E-11
  0.1000E+12  0.1540E-16  0.2310E-14  0.1190E-12  0.1920E-11  0.6560E-11  0.1230E-10  0.1480E-10  0.1550E-10  0.1570E-10  0.1540E-10  0.1450E-10  0.1270E-10  0.1060E-10  0.9480E-11
  0.1000E+13  0.1540E-16  0.2310E-14  0.1190E-12  0.1920E-11  0.6560E-11  0.1230E-10  0.1480E-10  0.1550E-10  0.1570E-10  0.1540E-10  0.1450E-10  0.1270E-10  0.1060E-10  0.9480E-11
  0.1000E+14  0.1540E-16  0.2310E-14  0.1190E-12  0.1920E-11  0.6560E-11  0.1230E-10  0.1480E-10  0.1550E-10  0.1570E-10  0.1540E-10  0.1450E-10  0.1270E-10  0.1060E-10  0.9480E-11
  0.1000E+15  0.1540E-16  0.2310E-14  0.1190E-12  0.1920E-11  0.6540E-11  0.1220E-10  0.1470E-10  0.1540E-10  0.1560E-10  0.1530E-10  0.1440E-10  0.1260E-10  0.1060E-10  0.9430E-11
  0.1000E+16  0.1540E-16  0.2320E-14  0.1190E-12  0.1910E-11  0.6380E-11  0.1160E-10  0.1380E-10  0.1440E-10  0.1450E-10  0.1430E-10  0.1350E-10  0.1190E-10  0.1010E-10  0.9050E-11
  0.1000E+17  0.1570E-16  0.2360E-14  0.1210E-12  0.1900E-11  0.6060E-11  0.1030E-10  0.1180E-10  0.1220E-10  0.1220E-10  0.1190E-10  0.1120E-10  0.9820E-11  0.8370E-11  0.7550E-11
WAVELENGTH(A)= 
    63.902
 7 14 t 
excit   
    26.200     39.300     65.500    131.000    262.000    655.000   1310.000   1970.000   2620.000   3930.000   6550.000  13100.000  26200.000  39300.000 
  0.1000E+11  0.1320E-17  0.1140E-14  0.1610E-12  0.3320E-11  0.1090E-10  0.1810E-10  0.1900E-10  0.1840E-10  0.1750E-10  0.1610E-10  0.1410E-10  0.1140E-10  0.9010E-11  0.7800E-11
  0.1000E+12  0.1320E-17  0.1140E-14  0.1610E-12  0.3320E-11  0.1090E-10  0.1810E-10  0.1900E-10  0.1840E-10  0.1750E-10  0.1610E-10  0.1410E-10  0.1140E-10  0.9010E-11  0.7800E-11
  0.1000E+13  0.1320E-17  0.1140E-14  0.1610E-12  0.3320E-11  0.1090E-10  0.1810E-10  0.1900E-10  0.1840E-10  0.1750E-10  0.1610E-10  0.1410E-10  0.1140E-10  0.9010E-11  0.7800E-11
  0.1000E+14  0.1320E-17  0.1140E-14  0.1610E-12  0.3320E-11  0.1090E-10  0.1810E-10  0.1900E-10  0.1830E-10  0.1750E-10  0.1610E-10  0.1410E-10  0.1140E-10  0.9010E-11  0.7800E-11
  0.1000E+15  0.1330E-17  0.1140E-14  0.1610E-12  0.3320E-11  0.1090E-10  0.1810E-10  0.1900E-10  0.1830E-10  0.1750E-10  0.1600E-10  0.1410E-10  0.1140E-10  0.9000E-11  0.7790E-11
  0.1000E+16  0.1360E-17  0.1160E-14  0.1630E-12  0.3380E-11  0.1100E-10  0.1790E-10  0.1870E-10  0.1800E-10  0.1720E-10  0.1570E-10  0.1380E-10  0.1120E-10  0.8900E-11  0.7720E-11
  0.1000E+17  0.1710E-17  0.1230E-14  0.1740E-12  0.3570E-11  0.1120E-10  0.1740E-10  0.1780E-10  0.1700E-10  0.1620E-10  0.1480E-10  0.1300E-10  0.1060E-10  0.8500E-11  0.7400E-11
WAVELENGTH(A)= 
    67.015
 7 14 t 
excit   
    26.200     39.300     65.500    131.000    262.000    655.000   1310.000   1970.000   2620.000   3930.000   6550.000  13100.000  26200.000  39300.000 
  0.1000E+11  0.3920E-18  0.3390E-15  0.4770E-13  0.9830E-12  0.3230E-11  0.5360E-11  0.5640E-11  0.5440E-11  0.5200E-11  0.4770E-11  0.4170E-11  0.3380E-11  0.2670E-11  0.2310E-11
  0.1000E+12  0.3920E-18  0.3390E-15  0.4770E-13  0.9830E-12  0.3230E-11  0.5360E-11  0.5640E-11  0.5440E-11  0.5200E-11  0.4770E-11  0.4170E-11  0.3380E-11  0.2670E-11  0.2310E-11
  0.1000E+13  0.3920E-18  0.3390E-15  0.4770E-13  0.9830E-12  0.3230E-11  0.5360E-11  0.5640E-11  0.5440E-11  0.5200E-11  0.4770E-11  0.4170E-11  0.3380E-11  0.2670E-11  0.2310E-11
  0.1000E+14  0.3920E-18  0.3390E-15  0.4780E-13  0.9830E-12  0.3230E-11  0.5360E-11  0.5640E-11  0.5440E-11  0.5200E-11  0.4770E-11  0.4170E-11  0.3380E-11  0.2670E-11  0.2310E-11
  0.1000E+15  0.3930E-18  0.3390E-15  0.4780E-13  0.9850E-12  0.3230E-11  0.5350E-11  0.5630E-11  0.5420E-11  0.5190E-11  0.4760E-11  0.4160E-11  0.3370E-11  0.2670E-11  0.2310E-11
  0.1000E+16  0.4040E-18  0.3430E-15  0.4840E-13  0.1000E-11  0.3260E-11  0.5300E-11  0.5530E-11  0.5320E-11  0.5090E-11  0.4670E-11  0.4090E-11  0.3320E-11  0.2640E-11  0.2290E-11
  0.1000E+17  0.5070E-18  0.3640E-15  0.5150E-13  0.1060E-11  0.3320E-11  0.5150E-11  0.5260E-11  0.5040E-11  0.4800E-11  0.4400E-11  0.3860E-11  0.3150E-11  0.2520E-11  0.2190E-11
WAVELENGTH(A)= 
    70.715
 7 14 t 
excit   
    26.200     39.300     65.500    131.000    262.000    655.000   1310.000   1970.000   2620.000   3930.000   6550.000  13100.000  26200.000  39300.000 
  0.1000E+11  0.1340E-10  0.1030E-09  0.4840E-09  0.1380E-08  0.2090E-08  0.2400E-08  0.2300E-08  0.2170E-08  0.2040E-08  0.1870E-08  0.1650E-08  0.1360E-08  0.1090E-08  0.9560E-09
  0.1000E+12  0.1340E-10  0.1030E-09  0.4840E-09  0.1380E-08  0.2090E-08  0.2400E-08  0.2300E-08  0.2170E-08  0.2040E-08  0.1870E-08  0.1650E-08  0.1360E-08  0.1090E-08  0.9560E-09
  0.1000E+13  0.1340E-10  0.1030E-09  0.4840E-09  0.1380E-08  0.2090E-08  0.2400E-08  0.2300E-08  0.2170E-08  0.2040E-08  0.1870E-08  0.1650E-08  0.1360E-08  0.1090E-08  0.9560E-09
  0.1000E+14  0.1340E-10  0.1030E-09  0.4840E-09  0.1380E-08  0.2090E-08  0.2400E-08  0.2300E-08  0.2160E-08  0.2040E-08  0.1870E-08  0.1650E-08  0.1360E-08  0.1090E-08  0.9550E-09
  0.1000E+15  0.1340E-10  0.1030E-09  0.4840E-09  0.1370E-08  0.2090E-08  0.2380E-08  0.2280E-08  0.2140E-08  0.2020E-08  0.1860E-08  0.1640E-08  0.1350E-08  0.1090E-08  0.9500E-09
  0.1000E+16  0.1340E-10  0.1030E-09  0.4840E-09  0.1360E-08  0.2020E-08  0.2230E-08  0.2110E-08  0.1980E-08  0.1870E-08  0.1720E-08  0.1530E-08  0.1270E-08  0.1030E-08  0.9070E-09
  0.1000E+17  0.1340E-10  0.1030E-09  0.4820E-09  0.1310E-08  0.1820E-08  0.1870E-08  0.1710E-08  0.1580E-08  0.1480E-08  0.1350E-08  0.1200E-08  0.1000E-08  0.8260E-09  0.7330E-09
WAVELENGTH(A)= 
    71.023
 7 14 t 
excit   
    26.200     39.300     65.500    131.000    262.000    655.000   1310.000   1970.000   2620.000   3930.000   6550.000  13100.000  26200.000  39300.000 
  0.1000E+11  0.6510E-16  0.7530E-14  0.3060E-12  0.4080E-11  0.1230E-10  0.1940E-10  0.1990E-10  0.1890E-10  0.1800E-10  0.1640E-10  0.1430E-10  0.1150E-10  0.9030E-11  0.7800E-11
  0.1000E+12  0.6510E-16  0.7530E-14  0.3060E-12  0.4080E-11  0.1230E-10  0.1940E-10  0.1990E-10  0.1890E-10  0.1800E-10  0.1640E-10  0.1430E-10  0.1150E-10  0.9030E-11  0.7800E-11
  0.1000E+13  0.6510E-16  0.7530E-14  0.3060E-12  0.4080E-11  0.1230E-10  0.1940E-10  0.1980E-10  0.1890E-10  0.1800E-10  0.1640E-10  0.1430E-10  0.1150E-10  0.9030E-11  0.7800E-11
  0.1000E+14  0.6510E-16  0.7530E-14  0.3060E-12  0.4080E-11  0.1230E-10  0.1940E-10  0.1980E-10  0.1890E-10  0.1800E-10  0.1640E-10  0.1430E-10  0.1150E-10  0.9030E-11  0.7800E-11
  0.1000E+15  0.6510E-16  0.7530E-14  0.3060E-12  0.4080E-11  0.1220E-10  0.1920E-10  0.1960E-10  0.1870E-10  0.1780E-10  0.1630E-10  0.1410E-10  0.1140E-10  0.8980E-11  0.7760E-11
  0.1000E+16  0.6510E-16  0.7530E-14  0.3060E-12  0.4040E-11  0.1180E-10  0.1810E-10  0.1830E-10  0.1740E-10  0.1650E-10  0.1510E-10  0.1320E-10  0.1070E-10  0.8530E-11  0.7410E-11
  0.1000E+17  0.6510E-16  0.7530E-14  0.3050E-12  0.3890E-11  0.1070E-10  0.1520E-10  0.1480E-10  0.1390E-10  0.1310E-10  0.1190E-10  0.1040E-10  0.8510E-11  0.6850E-11  0.6010E-11
WAVELENGTH(A)= 
    78.864
 7 14 t 
excit   
    26.200     39.300     65.500    131.000    262.000    655.000   1310.000   1970.000   2620.000   3930.000   6550.000  13100.000  26200.000  39300.000 
  0.1000E+11  0.7830E-17  0.1420E-14  0.1340E-12  0.2620E-11  0.8600E-11  0.1490E-10  0.1720E-10  0.1780E-10  0.1770E-10  0.1730E-10  0.1610E-10  0.1390E-10  0.1160E-10  0.1030E-10
  0.1000E+12  0.7830E-17  0.1420E-14  0.1340E-12  0.2620E-11  0.8600E-11  0.1490E-10  0.1720E-10  0.1780E-10  0.1770E-10  0.1730E-10  0.1610E-10  0.1390E-10  0.1160E-10  0.1030E-10
  0.1000E+13  0.7830E-17  0.1420E-14  0.1340E-12  0.2620E-11  0.8600E-11  0.1490E-10  0.1720E-10  0.1780E-10  0.1770E-10  0.1730E-10  0.1610E-10  0.1390E-10  0.1160E-10  0.1030E-10
  0.1000E+14  0.7830E-17  0.1420E-14  0.1340E-12  0.2620E-11  0.8600E-11  0.1490E-10  0.1720E-10  0.1770E-10  0.1770E-10  0.1730E-10  0.1610E-10  0.1390E-10  0.1160E-10  0.1030E-10
  0.1000E+15  0.7830E-17  0.1420E-14  0.1340E-12  0.2620E-11  0.8580E-11  0.1480E-10  0.1700E-10  0.1760E-10  0.1760E-10  0.1710E-10  0.1600E-10  0.1380E-10  0.1160E-10  0.1030E-10
  0.1000E+16  0.7860E-17  0.1420E-14  0.1350E-12  0.2610E-11  0.8370E-11  0.1410E-10  0.1600E-10  0.1650E-10  0.1650E-10  0.1600E-10  0.1500E-10  0.1310E-10  0.1100E-10  0.9880E-11
  0.1000E+17  0.8190E-17  0.1460E-14  0.1370E-12  0.2570E-11  0.7800E-11  0.1220E-10  0.1340E-10  0.1360E-10  0.1350E-10  0.1310E-10  0.1220E-10  0.1070E-10  0.9110E-11  0.8200E-11
WAVELENGTH(A)= 
    98.648
 7 14 t 
excit   
    26.200     39.300     65.500    131.000    262.000    655.000   1310.000   1970.000   2620.000   3930.000   6550.000  13100.000  26200.000  39300.000 
  0.1000E+11  0.7770E-16  0.9460E-14  0.4260E-12  0.6240E-11  0.1940E-10  0.3060E-10  0.3060E-10  0.2870E-10  0.2690E-10  0.2400E-10  0.2040E-10  0.1590E-10  0.1210E-10  0.1030E-10
  0.1000E+12  0.7770E-16  0.9460E-14  0.4260E-12  0.6240E-11  0.1940E-10  0.3060E-10  0.3060E-10  0.2870E-10  0.2690E-10  0.2400E-10  0.2040E-10  0.1590E-10  0.1210E-10  0.1030E-10
  0.1000E+13  0.7770E-16  0.9460E-14  0.4260E-12  0.6240E-11  0.1940E-10  0.3060E-10  0.3060E-10  0.2870E-10  0.2690E-10  0.2400E-10  0.2040E-10  0.1590E-10  0.1210E-10  0.1030E-10
  0.1000E+14  0.7770E-16  0.9460E-14  0.4260E-12  0.6230E-11  0.1940E-10  0.3050E-10  0.3060E-10  0.2870E-10  0.2690E-10  0.2400E-10  0.2040E-10  0.1590E-10  0.1210E-10  0.1030E-10
  0.1000E+15  0.7770E-16  0.9470E-14  0.4260E-12  0.6230E-11  0.1930E-10  0.3040E-10  0.3040E-10  0.2850E-10  0.2670E-10  0.2390E-10  0.2030E-10  0.1580E-10  0.1210E-10  0.1030E-10
  0.1000E+16  0.7770E-16  0.9470E-14  0.4270E-12  0.6210E-11  0.1890E-10  0.2900E-10  0.2880E-10  0.2690E-10  0.2520E-10  0.2260E-10  0.1930E-10  0.1510E-10  0.1170E-10  0.9950E-11
  0.1000E+17  0.7780E-16  0.9500E-14  0.4300E-12  0.6130E-11  0.1780E-10  0.2560E-10  0.2470E-10  0.2300E-10  0.2140E-10  0.1920E-10  0.1640E-10  0.1300E-10  0.1010E-10  0.8700E-11
WAVELENGTH(A)= 
   150.150
 7 14 t 
excit   
    26.200     39.300     65.500    131.000    262.000    655.000   1310.000   1970.000   2620.000   3930.000   6550.000  13100.000  26200.000  39300.000 
  0.1000E+11  0.6740E-18  0.9490E-16  0.4700E-14  0.9950E-13  0.7620E-12  0.2990E-11  0.4500E-11  0.5010E-11  0.5190E-11  0.5220E-11  0.4980E-11  0.4350E-11  0.3600E-11  0.3170E-11
  0.1000E+12  0.6740E-18  0.9490E-16  0.4700E-14  0.9950E-13  0.7620E-12  0.2990E-11  0.4500E-11  0.5010E-11  0.5190E-11  0.5220E-11  0.4980E-11  0.4350E-11  0.3600E-11  0.3170E-11
  0.1000E+13  0.6740E-18  0.9490E-16  0.4700E-14  0.9960E-13  0.7620E-12  0.2990E-11  0.4500E-11  0.5010E-11  0.5190E-11  0.5220E-11  0.4980E-11  0.4350E-11  0.3600E-11  0.3170E-11
  0.1000E+14  0.6750E-18  0.9500E-16  0.4720E-14  0.1000E-12  0.7640E-12  0.2990E-11  0.4500E-11  0.5010E-11  0.5190E-11  0.5220E-11  0.4980E-11  0.4350E-11  0.3600E-11  0.3170E-11
  0.1000E+15  0.6820E-18  0.9680E-16  0.4900E-14  0.1060E-12  0.7870E-12  0.3020E-11  0.4520E-11  0.5020E-11  0.5200E-11  0.5220E-11  0.4970E-11  0.4340E-11  0.3590E-11  0.3160E-11
  0.1000E+16  0.7550E-18  0.1120E-15  0.6510E-14  0.1500E-12  0.9620E-12  0.3240E-11  0.4630E-11  0.5070E-11  0.5210E-11  0.5200E-11  0.4930E-11  0.4300E-11  0.3560E-11  0.3140E-11
  0.1000E+17  0.1330E-17  0.1920E-15  0.1340E-13  0.2890E-12  0.1340E-11  0.3450E-11  0.4530E-11  0.4820E-11  0.4890E-11  0.4830E-11  0.4560E-11  0.3990E-11  0.3340E-11  0.2960E-11
WAVELENGTH(A)= 
   474.158
 7 14 t 
excit   
    26.200     39.300     65.500    131.000    262.000    655.000   1310.000   1970.000   2620.000   3930.000   6550.000  13100.000  26200.000  39300.000 
  0.1000E+11  0.3440E-24  0.2210E-19  0.1390E-15  0.8170E-13  0.1620E-11  0.7760E-11  0.1130E-10  0.1210E-10  0.1210E-10  0.1170E-10  0.1050E-10  0.8610E-11  0.6660E-11  0.5660E-11
  0.1000E+12  0.3440E-24  0.2210E-19  0.1390E-15  0.8170E-13  0.1620E-11  0.7760E-11  0.1130E-10  0.1210E-10  0.1210E-10  0.1170E-10  0.1050E-10  0.8610E-11  0.6660E-11  0.5660E-11
  0.1000E+13  0.3440E-24  0.2210E-19  0.1390E-15  0.8170E-13  0.1620E-11  0.7760E-11  0.1130E-10  0.1210E-10  0.1210E-10  0.1170E-10  0.1050E-10  0.8610E-11  0.6660E-11  0.5660E-11
  0.1000E+14  0.3440E-24  0.2210E-19  0.1390E-15  0.8170E-13  0.1620E-11  0.7760E-11  0.1130E-10  0.1210E-10  0.1210E-10  0.1170E-10  0.1050E-10  0.8600E-11  0.6660E-11  0.5660E-11
  0.1000E+15  0.3440E-24  0.2210E-19  0.1390E-15  0.8160E-13  0.1610E-11  0.7700E-11  0.1120E-10  0.1200E-10  0.1200E-10  0.1160E-10  0.1040E-10  0.8540E-11  0.6620E-11  0.5630E-11
  0.1000E+16  0.3440E-24  0.2210E-19  0.1390E-15  0.8070E-13  0.1560E-11  0.7230E-11  0.1040E-10  0.1110E-10  0.1110E-10  0.1070E-10  0.9730E-11  0.8030E-11  0.6290E-11  0.5370E-11
  0.1000E+17  0.3420E-24  0.2190E-19  0.1370E-15  0.7710E-13  0.1400E-11  0.6020E-11  0.8360E-11  0.8820E-11  0.8790E-11  0.8430E-11  0.7650E-11  0.6350E-11  0.5030E-11  0.4350E-11
WAVELENGTH(A)= 
  1375.520
 7 14 t 
excit   
    26.200     39.300     65.500    131.000    262.000    655.000   1310.000   1970.000   2620.000   3930.000   6550.000  13100.000  26200.000  39300.000 
  0.1000E+11  0.8220E-16  0.8850E-14  0.3730E-12  0.5250E-11  0.1780E-10  0.3540E-10  0.4190E-10  0.4270E-10  0.4230E-10  0.4040E-10  0.3700E-10  0.3130E-10  0.2570E-10  0.2260E-10
  0.1000E+12  0.8220E-16  0.8850E-14  0.3730E-12  0.5250E-11  0.1780E-10  0.3540E-10  0.4190E-10  0.4270E-10  0.4230E-10  0.4040E-10  0.3700E-10  0.3130E-10  0.2570E-10  0.2260E-10
  0.1000E+13  0.8220E-16  0.8850E-14  0.3730E-12  0.5250E-11  0.1780E-10  0.3530E-10  0.4190E-10  0.4270E-10  0.4220E-10  0.4040E-10  0.3700E-10  0.3130E-10  0.2570E-10  0.2260E-10
  0.1000E+14  0.8210E-16  0.8840E-14  0.3730E-12  0.5240E-11  0.1770E-10  0.3520E-10  0.4180E-10  0.4260E-10  0.4210E-10  0.4030E-10  0.3690E-10  0.3130E-10  0.2560E-10  0.2260E-10
  0.1000E+15  0.8180E-16  0.8770E-14  0.3690E-12  0.5160E-11  0.1730E-10  0.3430E-10  0.4060E-10  0.4140E-10  0.4100E-10  0.3930E-10  0.3610E-10  0.3070E-10  0.2520E-10  0.2220E-10
  0.1000E+16  0.7890E-16  0.8130E-14  0.3350E-12  0.4450E-11  0.1410E-10  0.2670E-10  0.3160E-10  0.3240E-10  0.3240E-10  0.3150E-10  0.2940E-10  0.2580E-10  0.2190E-10  0.1960E-10
  0.1000E+17  0.6280E-16  0.4780E-14  0.1750E-12  0.1880E-11  0.4960E-11  0.8320E-11  0.9710E-11  0.1010E-10  0.1030E-10  0.1040E-10  0.1030E-10  0.9910E-11  0.9290E-11  0.8850E-11
