 50  7 14
WAVELENGTH(A)= 
   116.666
 7 14 t 
excit   
     0.620      0.931      1.550      3.100      6.200     15.500     31.000     46.500     62.000     93.100    155.000    310.000    620.000    931.000 
  0.1000E+11  0.1000E-73  0.1000E-73  0.3680E-39  0.1540E-24  0.2330E-17  0.3440E-13  0.6820E-12  0.1690E-11  0.2540E-11  0.3610E-11  0.4340E-11  0.4250E-11  0.3540E-11  0.3060E-11
  0.1000E+12  0.1000E-73  0.1000E-73  0.1550E-38  0.5740E-24  0.6100E-17  0.6630E-13  0.1210E-11  0.2920E-11  0.4370E-11  0.6210E-11  0.7570E-11  0.7630E-11  0.6540E-11  0.5720E-11
  0.1000E+13  0.1000E-73  0.1000E-73  0.2630E-38  0.9200E-24  0.8000E-17  0.7780E-13  0.1380E-11  0.3340E-11  0.5000E-11  0.7140E-11  0.8800E-11  0.9060E-11  0.7980E-11  0.7120E-11
  0.1000E+14  0.1000E-73  0.1000E-73  0.2830E-38  0.9820E-24  0.8270E-17  0.7930E-13  0.1400E-11  0.3390E-11  0.5080E-11  0.7250E-11  0.8950E-11  0.9250E-11  0.8180E-11  0.7320E-11
  0.1000E+15  0.1000E-73  0.1000E-73  0.2860E-38  0.9880E-24  0.8310E-17  0.7950E-13  0.1410E-11  0.3400E-11  0.5090E-11  0.7270E-11  0.8970E-11  0.9270E-11  0.8200E-11  0.7340E-11
  0.1000E+16  0.1000E-73  0.1000E-73  0.2860E-38  0.9910E-24  0.8360E-17  0.8010E-13  0.1420E-11  0.3410E-11  0.5100E-11  0.7280E-11  0.8980E-11  0.9270E-11  0.8200E-11  0.7340E-11
  0.1000E+17  0.1000E-73  0.1000E-73  0.2910E-38  0.1020E-23  0.8880E-17  0.8580E-13  0.1480E-11  0.3510E-11  0.5200E-11  0.7330E-11  0.8960E-11  0.9200E-11  0.8150E-11  0.7290E-11
WAVELENGTH(A)= 
   160.237
 7 14 t 
excit   
     0.620      0.931      1.550      3.100      6.200     15.500     31.000     46.500     62.000     93.100    155.000    310.000    620.000    931.000 
  0.1000E+11  0.1000E-73  0.2380E-44  0.5170E-30  0.2490E-19  0.4680E-14  0.5580E-11  0.5120E-10  0.1000E-09  0.1360E-09  0.1770E-09  0.2030E-09  0.2010E-09  0.1760E-09  0.1570E-09
  0.1000E+12  0.1000E-73  0.2400E-44  0.5170E-30  0.2490E-19  0.4680E-14  0.5590E-11  0.5130E-10  0.1010E-09  0.1370E-09  0.1770E-09  0.2040E-09  0.2020E-09  0.1760E-09  0.1570E-09
  0.1000E+13  0.1000E-73  0.2400E-44  0.5170E-30  0.2490E-19  0.4680E-14  0.5600E-11  0.5140E-10  0.1010E-09  0.1370E-09  0.1780E-09  0.2040E-09  0.2020E-09  0.1760E-09  0.1580E-09
  0.1000E+14  0.1000E-73  0.2400E-44  0.5160E-30  0.2490E-19  0.4680E-14  0.5590E-11  0.5140E-10  0.1010E-09  0.1370E-09  0.1780E-09  0.2040E-09  0.2020E-09  0.1770E-09  0.1580E-09
  0.1000E+15  0.1000E-73  0.2370E-44  0.5100E-30  0.2460E-19  0.4640E-14  0.5560E-11  0.5110E-10  0.1010E-09  0.1360E-09  0.1770E-09  0.2040E-09  0.2020E-09  0.1760E-09  0.1570E-09
  0.1000E+16  0.1000E-73  0.2220E-44  0.4720E-30  0.2280E-19  0.4320E-14  0.5260E-11  0.4900E-10  0.9700E-10  0.1320E-09  0.1720E-09  0.1990E-09  0.1990E-09  0.1740E-09  0.1560E-09
  0.1000E+17  0.1000E-73  0.2950E-44  0.5550E-30  0.2330E-19  0.4010E-14  0.4540E-11  0.4140E-10  0.8160E-10  0.1120E-09  0.1470E-09  0.1740E-09  0.1790E-09  0.1610E-09  0.1460E-09
WAVELENGTH(A)= 
   230.019
 7 14 t 
excit   
     0.620      0.931      1.550      3.100      6.200     15.500     31.000     46.500     62.000     93.100    155.000    310.000    620.000    931.000 
  0.1000E+11  0.1000E-73  0.2090E-33  0.1880E-23  0.4740E-16  0.2020E-12  0.2420E-10  0.1020E-09  0.1560E-09  0.1880E-09  0.2210E-09  0.2410E-09  0.2410E-09  0.2240E-09  0.2090E-09
  0.1000E+12  0.4970E-46  0.2090E-33  0.1880E-23  0.4740E-16  0.2020E-12  0.2420E-10  0.1020E-09  0.1560E-09  0.1880E-09  0.2210E-09  0.2410E-09  0.2410E-09  0.2230E-09  0.2080E-09
  0.1000E+13  0.6960E-46  0.2090E-33  0.1880E-23  0.4740E-16  0.2020E-12  0.2420E-10  0.1020E-09  0.1560E-09  0.1880E-09  0.2200E-09  0.2400E-09  0.2400E-09  0.2230E-09  0.2080E-09
  0.1000E+14  0.6770E-46  0.2090E-33  0.1880E-23  0.4730E-16  0.2020E-12  0.2420E-10  0.1020E-09  0.1560E-09  0.1880E-09  0.2200E-09  0.2400E-09  0.2400E-09  0.2230E-09  0.2070E-09
  0.1000E+15  0.6820E-46  0.2100E-33  0.1880E-23  0.4740E-16  0.2010E-12  0.2410E-10  0.1020E-09  0.1550E-09  0.1870E-09  0.2180E-09  0.2380E-09  0.2370E-09  0.2190E-09  0.2040E-09
  0.1000E+16  0.7470E-46  0.2270E-33  0.2000E-23  0.4940E-16  0.2080E-12  0.2470E-10  0.1030E-09  0.1560E-09  0.1870E-09  0.2180E-09  0.2340E-09  0.2290E-09  0.2090E-09  0.1930E-09
  0.1000E+17  0.1590E-45  0.4350E-33  0.3410E-23  0.7370E-16  0.2840E-12  0.3140E-10  0.1260E-09  0.1860E-09  0.2190E-09  0.2490E-09  0.2630E-09  0.2500E-09  0.2210E-09  0.2000E-09
WAVELENGTH(A)= 
   247.010
 7 14 t 
excit   
     0.620      0.931      1.550      3.100      6.200     15.500     31.000     46.500     62.000     93.100    155.000    310.000    620.000    931.000 
  0.1000E+11  0.5630E-43  0.2360E-31  0.4340E-22  0.3320E-15  0.7880E-12  0.6710E-10  0.2560E-09  0.3760E-09  0.4470E-09  0.5160E-09  0.5580E-09  0.5590E-09  0.5150E-09  0.4820E-09
  0.1000E+12  0.5600E-43  0.2360E-31  0.4340E-22  0.3320E-15  0.7880E-12  0.6710E-10  0.2560E-09  0.3760E-09  0.4460E-09  0.5150E-09  0.5570E-09  0.5580E-09  0.5140E-09  0.4800E-09
  0.1000E+13  0.5610E-43  0.2360E-31  0.4340E-22  0.3320E-15  0.7890E-12  0.6710E-10  0.2560E-09  0.3760E-09  0.4460E-09  0.5150E-09  0.5570E-09  0.5570E-09  0.5130E-09  0.4800E-09
  0.1000E+14  0.5660E-43  0.2380E-31  0.4370E-22  0.3340E-15  0.7930E-12  0.6740E-10  0.2570E-09  0.3770E-09  0.4470E-09  0.5160E-09  0.5580E-09  0.5570E-09  0.5130E-09  0.4800E-09
  0.1000E+15  0.5820E-43  0.2450E-31  0.4490E-22  0.3430E-15  0.8140E-12  0.6900E-10  0.2610E-09  0.3830E-09  0.4530E-09  0.5210E-09  0.5610E-09  0.5590E-09  0.5130E-09  0.4790E-09
  0.1000E+16  0.6370E-43  0.2630E-31  0.4750E-22  0.3570E-15  0.8400E-12  0.7090E-10  0.2670E-09  0.3910E-09  0.4610E-09  0.5270E-09  0.5640E-09  0.5550E-09  0.5050E-09  0.4700E-09
  0.1000E+17  0.1260E-42  0.4790E-31  0.7710E-22  0.5050E-15  0.1070E-11  0.8370E-10  0.3000E-09  0.4280E-09  0.4980E-09  0.5600E-09  0.5870E-09  0.5630E-09  0.5010E-09  0.4600E-09
WAVELENGTH(A)= 
   263.220
 7 14 t 
excit   
     0.620      0.931      1.550      3.100      6.200     15.500     31.000     46.500     62.000     93.100    155.000    310.000    620.000    931.000 
  0.1000E+11  0.1160E-41  0.9380E-31  0.4750E-22  0.1500E-15  0.2390E-12  0.1640E-10  0.5750E-10  0.8230E-10  0.9590E-10  0.1080E-09  0.1130E-09  0.1070E-09  0.9470E-10  0.8620E-10
  0.1000E+12  0.1160E-41  0.9380E-31  0.4750E-22  0.1500E-15  0.2390E-12  0.1630E-10  0.5750E-10  0.8220E-10  0.9580E-10  0.1080E-09  0.1130E-09  0.1070E-09  0.9450E-10  0.8600E-10
  0.1000E+13  0.1160E-41  0.9390E-31  0.4750E-22  0.1500E-15  0.2380E-12  0.1630E-10  0.5750E-10  0.8210E-10  0.9580E-10  0.1080E-09  0.1130E-09  0.1070E-09  0.9440E-10  0.8590E-10
  0.1000E+14  0.1160E-41  0.9420E-31  0.4750E-22  0.1490E-15  0.2370E-12  0.1620E-10  0.5710E-10  0.8170E-10  0.9530E-10  0.1070E-09  0.1120E-09  0.1070E-09  0.9430E-10  0.8580E-10
  0.1000E+15  0.1210E-41  0.9690E-31  0.4790E-22  0.1460E-15  0.2270E-12  0.1540E-10  0.5470E-10  0.7860E-10  0.9200E-10  0.1040E-09  0.1100E-09  0.1050E-09  0.9320E-10  0.8500E-10
  0.1000E+16  0.1390E-41  0.1080E-30  0.5130E-22  0.1450E-15  0.2120E-12  0.1390E-10  0.4880E-10  0.7010E-10  0.8220E-10  0.9360E-10  0.9950E-10  0.9670E-10  0.8710E-10  0.8020E-10
  0.1000E+17  0.2380E-41  0.1730E-30  0.7400E-22  0.1770E-15  0.2260E-12  0.1310E-10  0.4340E-10  0.6060E-10  0.7000E-10  0.7850E-10  0.8260E-10  0.8020E-10  0.7260E-10  0.6720E-10
WAVELENGTH(A)= 
   276.376
 7 14 t 
excit   
     0.620      0.931      1.550      3.100      6.200     15.500     31.000     46.500     62.000     93.100    155.000    310.000    620.000    931.000 
  0.1000E+11  0.3520E-37  0.8430E-27  0.1550E-18  0.2090E-12  0.2070E-09  0.1080E-07  0.3640E-07  0.5250E-07  0.6230E-07  0.7150E-07  0.7710E-07  0.7680E-07  0.7030E-07  0.6560E-07
  0.1000E+12  0.3520E-37  0.8430E-27  0.1550E-18  0.2090E-12  0.2070E-09  0.1080E-07  0.3640E-07  0.5240E-07  0.6230E-07  0.7140E-07  0.7690E-07  0.7660E-07  0.7020E-07  0.6540E-07
  0.1000E+13  0.3520E-37  0.8430E-27  0.1550E-18  0.2090E-12  0.2070E-09  0.1080E-07  0.3640E-07  0.5240E-07  0.6230E-07  0.7140E-07  0.7690E-07  0.7660E-07  0.7010E-07  0.6530E-07
  0.1000E+14  0.3520E-37  0.8430E-27  0.1550E-18  0.2090E-12  0.2070E-09  0.1080E-07  0.3640E-07  0.5240E-07  0.6230E-07  0.7140E-07  0.7690E-07  0.7650E-07  0.7010E-07  0.6530E-07
  0.1000E+15  0.3520E-37  0.8430E-27  0.1550E-18  0.2090E-12  0.2070E-09  0.1080E-07  0.3640E-07  0.5240E-07  0.6220E-07  0.7130E-07  0.7680E-07  0.7650E-07  0.7000E-07  0.6530E-07
  0.1000E+16  0.3510E-37  0.8420E-27  0.1550E-18  0.2090E-12  0.2070E-09  0.1080E-07  0.3620E-07  0.5210E-07  0.6180E-07  0.7080E-07  0.7620E-07  0.7590E-07  0.6950E-07  0.6490E-07
  0.1000E+17  0.3460E-37  0.8320E-27  0.1530E-18  0.2080E-12  0.2060E-09  0.1060E-07  0.3470E-07  0.4920E-07  0.5780E-07  0.6570E-07  0.7040E-07  0.7020E-07  0.6480E-07  0.6080E-07
WAVELENGTH(A)= 
   278.411
 7 14 t 
excit   
     0.620      0.931      1.550      3.100      6.200     15.500     31.000     46.500     62.000     93.100    155.000    310.000    620.000    931.000 
  0.1000E+11  0.1000E-73  0.1000E-73  0.1070E-32  0.2470E-20  0.3180E-14  0.1150E-10  0.1470E-09  0.3190E-09  0.4530E-09  0.6140E-09  0.7280E-09  0.7320E-09  0.6350E-09  0.5610E-09
  0.1000E+12  0.1000E-73  0.1000E-73  0.1070E-32  0.2470E-20  0.3180E-14  0.1150E-10  0.1470E-09  0.3180E-09  0.4530E-09  0.6140E-09  0.7270E-09  0.7300E-09  0.6330E-09  0.5600E-09
  0.1000E+13  0.1000E-73  0.1000E-73  0.1070E-32  0.2470E-20  0.3180E-14  0.1150E-10  0.1470E-09  0.3180E-09  0.4530E-09  0.6130E-09  0.7260E-09  0.7300E-09  0.6330E-09  0.5600E-09
  0.1000E+14  0.1000E-73  0.1000E-73  0.1070E-32  0.2480E-20  0.3180E-14  0.1150E-10  0.1470E-09  0.3180E-09  0.4530E-09  0.6130E-09  0.7260E-09  0.7300E-09  0.6330E-09  0.5600E-09
  0.1000E+15  0.1000E-73  0.1000E-73  0.1080E-32  0.2490E-20  0.3190E-14  0.1150E-10  0.1470E-09  0.3190E-09  0.4540E-09  0.6150E-09  0.7280E-09  0.7310E-09  0.6340E-09  0.5610E-09
  0.1000E+16  0.1000E-73  0.3110E-49  0.1160E-32  0.2630E-20  0.3330E-14  0.1190E-10  0.1510E-09  0.3260E-09  0.4630E-09  0.6260E-09  0.7410E-09  0.7440E-09  0.6450E-09  0.5700E-09
  0.1000E+17  0.1000E-73  0.6530E-49  0.2090E-32  0.4090E-20  0.4660E-14  0.1510E-10  0.1830E-09  0.3860E-09  0.5420E-09  0.7260E-09  0.8540E-09  0.8580E-09  0.7450E-09  0.6590E-09
WAVELENGTH(A)= 
   281.768
 7 14 t 
excit   
     0.620      0.931      1.550      3.100      6.200     15.500     31.000     46.500     62.000     93.100    155.000    310.000    620.000    931.000 
  0.1000E+11  0.3470E-38  0.5240E-28  0.6670E-20  0.6910E-14  0.6080E-11  0.2920E-09  0.9260E-09  0.1300E-08  0.1500E-08  0.1710E-08  0.1830E-08  0.1820E-08  0.1680E-08  0.1570E-08
  0.1000E+12  0.3470E-38  0.5240E-28  0.6670E-20  0.6910E-14  0.6080E-11  0.2920E-09  0.9260E-09  0.1290E-08  0.1500E-08  0.1700E-08  0.1820E-08  0.1810E-08  0.1680E-08  0.1570E-08
  0.1000E+13  0.3470E-38  0.5240E-28  0.6670E-20  0.6910E-14  0.6080E-11  0.2920E-09  0.9260E-09  0.1290E-08  0.1500E-08  0.1700E-08  0.1820E-08  0.1810E-08  0.1680E-08  0.1570E-08
  0.1000E+14  0.3480E-38  0.5250E-28  0.6680E-20  0.6920E-14  0.6090E-11  0.2920E-09  0.9270E-09  0.1300E-08  0.1500E-08  0.1700E-08  0.1820E-08  0.1810E-08  0.1680E-08  0.1570E-08
  0.1000E+15  0.3520E-38  0.5310E-28  0.6750E-20  0.6990E-14  0.6160E-11  0.2950E-09  0.9340E-09  0.1300E-08  0.1510E-08  0.1710E-08  0.1830E-08  0.1810E-08  0.1680E-08  0.1570E-08
  0.1000E+16  0.3710E-38  0.5530E-28  0.6970E-20  0.7180E-14  0.6330E-11  0.3040E-09  0.9600E-09  0.1340E-08  0.1540E-08  0.1740E-08  0.1850E-08  0.1830E-08  0.1680E-08  0.1570E-08
  0.1000E+17  0.6380E-38  0.8810E-28  0.1010E-19  0.9340E-14  0.7520E-11  0.3340E-09  0.1010E-08  0.1370E-08  0.1560E-08  0.1740E-08  0.1820E-08  0.1770E-08  0.1610E-08  0.1500E-08
WAVELENGTH(A)= 
   297.324
 7 14 t 
excit   
     0.620      0.931      1.550      3.100      6.200     15.500     31.000     46.500     62.000     93.100    155.000    310.000    620.000    931.000 
  0.1000E+11  0.1000E-73  0.1000E-73  0.2340E-41  0.7140E-25  0.1020E-16  0.6110E-12  0.1970E-10  0.5740E-10  0.9400E-10  0.1450E-09  0.1880E-09  0.1960E-09  0.1690E-09  0.1480E-09
  0.1000E+12  0.1000E-73  0.1000E-73  0.4890E-41  0.1270E-24  0.1400E-16  0.7120E-12  0.2190E-10  0.6310E-10  0.1030E-09  0.1570E-09  0.2020E-09  0.2100E-09  0.1800E-09  0.1570E-09
  0.1000E+13  0.1000E-73  0.1000E-73  0.7220E-41  0.1720E-24  0.1590E-16  0.7480E-12  0.2270E-10  0.6500E-10  0.1060E-09  0.1620E-09  0.2080E-09  0.2160E-09  0.1860E-09  0.1620E-09
  0.1000E+14  0.1000E-73  0.1000E-73  0.7660E-41  0.1800E-24  0.1610E-16  0.7530E-12  0.2280E-10  0.6520E-10  0.1060E-09  0.1620E-09  0.2090E-09  0.2170E-09  0.1860E-09  0.1620E-09
  0.1000E+15  0.1000E-73  0.1000E-73  0.7740E-41  0.1820E-24  0.1620E-16  0.7550E-12  0.2280E-10  0.6530E-10  0.1060E-09  0.1620E-09  0.2090E-09  0.2170E-09  0.1860E-09  0.1630E-09
  0.1000E+16  0.1000E-73  0.1000E-73  0.7970E-41  0.1860E-24  0.1650E-16  0.7670E-12  0.2310E-10  0.6580E-10  0.1070E-09  0.1630E-09  0.2090E-09  0.2170E-09  0.1870E-09  0.1630E-09
  0.1000E+17  0.1000E-73  0.1000E-73  0.1040E-40  0.2310E-24  0.1980E-16  0.8700E-12  0.2500E-10  0.6980E-10  0.1120E-09  0.1680E-09  0.2140E-09  0.2210E-09  0.1900E-09  0.1660E-09
WAVELENGTH(A)= 
   297.362
 7 14 t 
excit   
     0.620      0.931      1.550      3.100      6.200     15.500     31.000     46.500     62.000     93.100    155.000    310.000    620.000    931.000 
  0.1000E+11  0.1000E-73  0.1000E-73  0.2650E-37  0.1110E-22  0.1680E-15  0.2470E-11  0.4900E-10  0.1210E-09  0.1830E-09  0.2590E-09  0.3120E-09  0.3050E-09  0.2550E-09  0.2200E-09
  0.1000E+12  0.1000E-73  0.1000E-73  0.1110E-36  0.4120E-22  0.4380E-15  0.4770E-11  0.8660E-10  0.2100E-09  0.3140E-09  0.4460E-09  0.5440E-09  0.5480E-09  0.4700E-09  0.4110E-09
  0.1000E+13  0.1000E-73  0.1000E-73  0.1890E-36  0.6610E-22  0.5750E-15  0.5590E-11  0.9930E-10  0.2400E-09  0.3590E-09  0.5130E-09  0.6320E-09  0.6510E-09  0.5740E-09  0.5110E-09
  0.1000E+14  0.1000E-73  0.1000E-73  0.2040E-36  0.7050E-22  0.5950E-15  0.5700E-11  0.1010E-09  0.2440E-09  0.3650E-09  0.5210E-09  0.6430E-09  0.6650E-09  0.5880E-09  0.5260E-09
  0.1000E+15  0.1000E-73  0.1000E-73  0.2050E-36  0.7100E-22  0.5970E-15  0.5710E-11  0.1010E-09  0.2440E-09  0.3660E-09  0.5220E-09  0.6450E-09  0.6660E-09  0.5890E-09  0.5270E-09
  0.1000E+16  0.1000E-73  0.1000E-73  0.2060E-36  0.7120E-22  0.6000E-15  0.5760E-11  0.1020E-09  0.2450E-09  0.3670E-09  0.5230E-09  0.6450E-09  0.6660E-09  0.5890E-09  0.5270E-09
  0.1000E+17  0.1000E-73  0.1000E-73  0.2090E-36  0.7350E-22  0.6380E-15  0.6170E-11  0.1060E-09  0.2520E-09  0.3740E-09  0.5270E-09  0.6440E-09  0.6610E-09  0.5850E-09  0.5240E-09
WAVELENGTH(A)= 
   301.984
 7 14 t 
excit   
     0.620      0.931      1.550      3.100      6.200     15.500     31.000     46.500     62.000     93.100    155.000    310.000    620.000    931.000 
  0.1000E+11  0.1000E-73  0.1000E-73  0.4090E-31  0.3100E-19  0.2320E-13  0.6270E-10  0.7330E-09  0.1540E-08  0.2150E-08  0.2860E-08  0.3340E-08  0.3290E-08  0.2820E-08  0.2480E-08
  0.1000E+12  0.1000E-73  0.1000E-73  0.4090E-31  0.3100E-19  0.2290E-13  0.6020E-10  0.6920E-09  0.1440E-08  0.2010E-08  0.2660E-08  0.3080E-08  0.3020E-08  0.2580E-08  0.2270E-08
  0.1000E+13  0.1000E-73  0.1000E-73  0.4090E-31  0.3100E-19  0.2280E-13  0.5930E-10  0.6790E-09  0.1410E-08  0.1960E-08  0.2580E-08  0.2980E-08  0.2910E-08  0.2470E-08  0.2160E-08
  0.1000E+14  0.1000E-73  0.1000E-73  0.4090E-31  0.3100E-19  0.2280E-13  0.5920E-10  0.6770E-09  0.1410E-08  0.1950E-08  0.2570E-08  0.2970E-08  0.2900E-08  0.2450E-08  0.2140E-08
  0.1000E+15  0.1000E-73  0.5030E-47  0.4100E-31  0.3100E-19  0.2280E-13  0.5930E-10  0.6770E-09  0.1410E-08  0.1950E-08  0.2570E-08  0.2970E-08  0.2890E-08  0.2450E-08  0.2140E-08
  0.1000E+16  0.1000E-73  0.5030E-47  0.4220E-31  0.3160E-19  0.2310E-13  0.5970E-10  0.6800E-09  0.1410E-08  0.1950E-08  0.2570E-08  0.2960E-08  0.2890E-08  0.2450E-08  0.2140E-08
  0.1000E+17  0.1000E-73  0.6670E-47  0.5310E-31  0.3760E-19  0.2620E-13  0.6440E-10  0.7050E-09  0.1430E-08  0.1960E-08  0.2550E-08  0.2920E-08  0.2850E-08  0.2430E-08  0.2140E-08
WAVELENGTH(A)= 
   324.087
 7 14 t 
excit   
     0.620      0.931      1.550      3.100      6.200     15.500     31.000     46.500     62.000     93.100    155.000    310.000    620.000    931.000 
  0.1000E+11  0.6180E-35  0.4260E-26  0.4640E-19  0.8130E-14  0.3260E-11  0.1060E-09  0.3020E-09  0.4050E-09  0.4570E-09  0.5000E-09  0.5120E-09  0.4790E-09  0.4200E-09  0.3800E-09
  0.1000E+12  0.6180E-35  0.4260E-26  0.4640E-19  0.8130E-14  0.3260E-11  0.1060E-09  0.3020E-09  0.4040E-09  0.4570E-09  0.5000E-09  0.5110E-09  0.4780E-09  0.4190E-09  0.3790E-09
  0.1000E+13  0.6180E-35  0.4260E-26  0.4640E-19  0.8130E-14  0.3250E-11  0.1060E-09  0.3010E-09  0.4040E-09  0.4570E-09  0.4990E-09  0.5110E-09  0.4770E-09  0.4180E-09  0.3790E-09
  0.1000E+14  0.6190E-35  0.4270E-26  0.4640E-19  0.8130E-14  0.3250E-11  0.1060E-09  0.3010E-09  0.4030E-09  0.4550E-09  0.4980E-09  0.5100E-09  0.4770E-09  0.4180E-09  0.3780E-09
  0.1000E+15  0.6290E-35  0.4330E-26  0.4690E-19  0.8120E-14  0.3200E-11  0.1030E-09  0.2930E-09  0.3940E-09  0.4460E-09  0.4890E-09  0.5020E-09  0.4720E-09  0.4150E-09  0.3760E-09
  0.1000E+16  0.7220E-35  0.4850E-26  0.5110E-19  0.8390E-14  0.3100E-11  0.9440E-10  0.2630E-09  0.3540E-09  0.4020E-09  0.4440E-09  0.4610E-09  0.4400E-09  0.3930E-09  0.3600E-09
  0.1000E+17  0.1160E-34  0.7500E-26  0.7450E-19  0.1070E-13  0.3340E-11  0.8590E-10  0.2220E-09  0.2890E-09  0.3230E-09  0.3540E-09  0.3670E-09  0.3550E-09  0.3230E-09  0.3000E-09
WAVELENGTH(A)= 
   379.394
 7 14 t 
excit   
     0.620      0.931      1.550      3.100      6.200     15.500     31.000     46.500     62.000     93.100    155.000    310.000    620.000    931.000 
  0.1000E+11  0.1000E-73  0.3270E-43  0.7740E-29  0.3920E-18  0.7450E-13  0.8600E-10  0.7570E-09  0.1450E-08  0.1940E-08  0.2480E-08  0.2830E-08  0.2770E-08  0.2380E-08  0.2100E-08
  0.1000E+12  0.1000E-73  0.3360E-43  0.7740E-29  0.3920E-18  0.7450E-13  0.8600E-10  0.7570E-09  0.1450E-08  0.1940E-08  0.2480E-08  0.2820E-08  0.2760E-08  0.2370E-08  0.2100E-08
  0.1000E+13  0.1000E-73  0.3350E-43  0.7740E-29  0.3920E-18  0.7450E-13  0.8600E-10  0.7570E-09  0.1450E-08  0.1940E-08  0.2480E-08  0.2820E-08  0.2760E-08  0.2370E-08  0.2090E-08
  0.1000E+14  0.1000E-73  0.3360E-43  0.7760E-29  0.3930E-18  0.7460E-13  0.8610E-10  0.7570E-09  0.1450E-08  0.1940E-08  0.2480E-08  0.2820E-08  0.2760E-08  0.2370E-08  0.2090E-08
  0.1000E+15  0.1000E-73  0.3480E-43  0.7980E-29  0.4010E-18  0.7580E-13  0.8720E-10  0.7650E-09  0.1460E-08  0.1950E-08  0.2500E-08  0.2840E-08  0.2780E-08  0.2380E-08  0.2100E-08
  0.1000E+16  0.1000E-73  0.4510E-43  0.9910E-29  0.4770E-18  0.8700E-13  0.9690E-10  0.8350E-09  0.1580E-08  0.2100E-08  0.2670E-08  0.3010E-08  0.2920E-08  0.2500E-08  0.2200E-08
  0.1000E+17  0.1000E-73  0.1280E-42  0.2480E-28  0.1030E-17  0.1670E-12  0.1660E-09  0.1340E-08  0.2460E-08  0.3200E-08  0.3960E-08  0.4370E-08  0.4140E-08  0.3480E-08  0.3030E-08
WAVELENGTH(A)= 
   382.805
 7 14 t 
excit   
     0.620      0.931      1.550      3.100      6.200     15.500     31.000     46.500     62.000     93.100    155.000    310.000    620.000    931.000 
  0.1000E+11  0.2670E-29  0.7850E-22  0.6810E-16  0.1660E-11  0.2230E-09  0.3540E-08  0.8030E-08  0.1020E-07  0.1140E-07  0.1250E-07  0.1330E-07  0.1330E-07  0.1250E-07  0.1170E-07
  0.1000E+12  0.2670E-29  0.7850E-22  0.6810E-16  0.1660E-11  0.2230E-09  0.3540E-08  0.8030E-08  0.1020E-07  0.1140E-07  0.1250E-07  0.1330E-07  0.1330E-07  0.1240E-07  0.1170E-07
  0.1000E+13  0.2670E-29  0.7850E-22  0.6810E-16  0.1660E-11  0.2230E-09  0.3540E-08  0.8030E-08  0.1020E-07  0.1140E-07  0.1250E-07  0.1330E-07  0.1330E-07  0.1240E-07  0.1170E-07
  0.1000E+14  0.2670E-29  0.7850E-22  0.6810E-16  0.1660E-11  0.2230E-09  0.3540E-08  0.8030E-08  0.1020E-07  0.1140E-07  0.1250E-07  0.1330E-07  0.1330E-07  0.1240E-07  0.1170E-07
  0.1000E+15  0.2670E-29  0.7870E-22  0.6830E-16  0.1670E-11  0.2240E-09  0.3540E-08  0.8040E-08  0.1020E-07  0.1140E-07  0.1250E-07  0.1330E-07  0.1330E-07  0.1240E-07  0.1170E-07
  0.1000E+16  0.2760E-29  0.8070E-22  0.6960E-16  0.1690E-11  0.2270E-09  0.3600E-08  0.8140E-08  0.1030E-07  0.1150E-07  0.1260E-07  0.1330E-07  0.1330E-07  0.1240E-07  0.1170E-07
  0.1000E+17  0.3500E-29  0.9860E-22  0.8170E-16  0.1910E-11  0.2500E-09  0.3860E-08  0.8470E-08  0.1050E-07  0.1150E-07  0.1250E-07  0.1300E-07  0.1280E-07  0.1190E-07  0.1130E-07
WAVELENGTH(A)= 
   400.857
 7 14 t 
excit   
     0.620      0.931      1.550      3.100      6.200     15.500     31.000     46.500     62.000     93.100    155.000    310.000    620.000    931.000 
  0.1000E+11  0.4150E-44  0.1860E-32  0.3590E-23  0.2920E-16  0.7160E-13  0.6180E-11  0.2290E-10  0.3310E-10  0.3840E-10  0.4260E-10  0.4300E-10  0.3850E-10  0.3160E-10  0.2750E-10
  0.1000E+12  0.4140E-44  0.1860E-32  0.3590E-23  0.2920E-16  0.7160E-13  0.6180E-11  0.2290E-10  0.3310E-10  0.3840E-10  0.4250E-10  0.4290E-10  0.3840E-10  0.3160E-10  0.2750E-10
  0.1000E+13  0.4100E-44  0.1840E-32  0.3570E-23  0.2900E-16  0.7140E-13  0.6160E-11  0.2290E-10  0.3300E-10  0.3830E-10  0.4240E-10  0.4290E-10  0.3830E-10  0.3150E-10  0.2740E-10
  0.1000E+14  0.3840E-44  0.1740E-32  0.3390E-23  0.2780E-16  0.6900E-13  0.6010E-11  0.2240E-10  0.3250E-10  0.3780E-10  0.4190E-10  0.4250E-10  0.3810E-10  0.3140E-10  0.2740E-10
  0.1000E+15  0.2890E-44  0.1330E-32  0.2630E-23  0.2200E-16  0.5590E-13  0.5050E-11  0.1940E-10  0.2860E-10  0.3370E-10  0.3800E-10  0.3930E-10  0.3610E-10  0.3040E-10  0.2670E-10
  0.1000E+16  0.2470E-44  0.1100E-32  0.2090E-23  0.1670E-16  0.4090E-13  0.3620E-11  0.1400E-10  0.2080E-10  0.2480E-10  0.2860E-10  0.3060E-10  0.2960E-10  0.2630E-10  0.2390E-10
  0.1000E+17  0.4630E-44  0.1870E-32  0.3170E-23  0.2160E-16  0.4690E-13  0.3720E-11  0.1350E-10  0.1940E-10  0.2260E-10  0.2560E-10  0.2690E-10  0.2600E-10  0.2320E-10  0.2130E-10
WAVELENGTH(A)= 
   501.661
 7 14 t 
excit   
     0.620      0.931      1.550      3.100      6.200     15.500     31.000     46.500     62.000     93.100    155.000    310.000    620.000    931.000 
  0.1000E+11  0.2990E-39  0.4750E-29  0.6330E-21  0.7010E-15  0.6630E-12  0.3380E-10  0.1080E-09  0.1490E-09  0.1690E-09  0.1850E-09  0.1860E-09  0.1680E-09  0.1400E-09  0.1240E-09
  0.1000E+12  0.2980E-39  0.4750E-29  0.6330E-21  0.7010E-15  0.6630E-12  0.3380E-10  0.1080E-09  0.1480E-09  0.1690E-09  0.1840E-09  0.1850E-09  0.1670E-09  0.1400E-09  0.1240E-09
  0.1000E+13  0.2980E-39  0.4750E-29  0.6330E-21  0.7000E-15  0.6620E-12  0.3380E-10  0.1080E-09  0.1480E-09  0.1690E-09  0.1840E-09  0.1850E-09  0.1670E-09  0.1400E-09  0.1240E-09
  0.1000E+14  0.2940E-39  0.4680E-29  0.6260E-21  0.6940E-15  0.6570E-12  0.3360E-10  0.1070E-09  0.1480E-09  0.1680E-09  0.1840E-09  0.1850E-09  0.1670E-09  0.1400E-09  0.1240E-09
  0.1000E+15  0.2640E-39  0.4260E-29  0.5740E-21  0.6430E-15  0.6140E-12  0.3180E-10  0.1030E-09  0.1420E-09  0.1630E-09  0.1780E-09  0.1810E-09  0.1640E-09  0.1380E-09  0.1230E-09
  0.1000E+16  0.2180E-39  0.3450E-29  0.4600E-21  0.5050E-15  0.4740E-12  0.2470E-10  0.8140E-10  0.1150E-09  0.1330E-09  0.1500E-09  0.1560E-09  0.1470E-09  0.1280E-09  0.1160E-09
  0.1000E+17  0.3340E-39  0.4880E-29  0.5870E-21  0.5600E-15  0.4600E-12  0.2100E-10  0.6470E-10  0.8900E-10  0.1020E-09  0.1140E-09  0.1200E-09  0.1170E-09  0.1060E-09  0.9810E-10
WAVELENGTH(A)= 
   518.178
 7 14 t 
excit   
     0.620      0.931      1.550      3.100      6.200     15.500     31.000     46.500     62.000     93.100    155.000    310.000    620.000    931.000 
  0.1000E+11  0.1000E-73  0.2940E-35  0.7450E-25  0.4030E-17  0.2510E-13  0.3740E-11  0.1670E-10  0.2570E-10  0.3070E-10  0.3540E-10  0.3670E-10  0.3360E-10  0.2770E-10  0.2400E-10
  0.1000E+12  0.1000E-73  0.2940E-35  0.7450E-25  0.4030E-17  0.2510E-13  0.3740E-11  0.1670E-10  0.2560E-10  0.3060E-10  0.3530E-10  0.3660E-10  0.3350E-10  0.2760E-10  0.2400E-10
  0.1000E+13  0.1000E-73  0.2940E-35  0.7450E-25  0.4030E-17  0.2510E-13  0.3740E-11  0.1670E-10  0.2560E-10  0.3060E-10  0.3530E-10  0.3660E-10  0.3350E-10  0.2760E-10  0.2390E-10
  0.1000E+14  0.2290E-48  0.2950E-35  0.7460E-25  0.4040E-17  0.2510E-13  0.3740E-11  0.1670E-10  0.2570E-10  0.3060E-10  0.3530E-10  0.3660E-10  0.3350E-10  0.2760E-10  0.2400E-10
  0.1000E+15  0.2670E-48  0.2980E-35  0.7520E-25  0.4060E-17  0.2520E-13  0.3760E-11  0.1680E-10  0.2580E-10  0.3080E-10  0.3550E-10  0.3680E-10  0.3370E-10  0.2790E-10  0.2420E-10
  0.1000E+16  0.2930E-48  0.3240E-35  0.8040E-25  0.4290E-17  0.2650E-13  0.3920E-11  0.1750E-10  0.2680E-10  0.3210E-10  0.3710E-10  0.3870E-10  0.3570E-10  0.2980E-10  0.2600E-10
  0.1000E+17  0.6310E-48  0.6330E-35  0.1400E-24  0.6550E-17  0.3710E-13  0.5170E-11  0.2220E-10  0.3350E-10  0.3990E-10  0.4570E-10  0.4800E-10  0.4510E-10  0.3870E-10  0.3440E-10
WAVELENGTH(A)= 
   568.902
 7 14 t 
excit   
     0.620      0.931      1.550      3.100      6.200     15.500     31.000     46.500     62.000     93.100    155.000    310.000    620.000    931.000 
  0.1000E+11  0.1000E-73  0.6420E-34  0.5770E-24  0.1450E-16  0.6200E-13  0.7440E-11  0.3140E-10  0.4790E-10  0.5780E-10  0.6780E-10  0.7400E-10  0.7410E-10  0.6870E-10  0.6410E-10
  0.1000E+12  0.1530E-46  0.6420E-34  0.5770E-24  0.1450E-16  0.6200E-13  0.7440E-11  0.3140E-10  0.4790E-10  0.5770E-10  0.6770E-10  0.7390E-10  0.7390E-10  0.6860E-10  0.6390E-10
  0.1000E+13  0.2140E-46  0.6420E-34  0.5770E-24  0.1450E-16  0.6200E-13  0.7440E-11  0.3140E-10  0.4780E-10  0.5770E-10  0.6770E-10  0.7380E-10  0.7380E-10  0.6850E-10  0.6380E-10
  0.1000E+14  0.2080E-46  0.6420E-34  0.5760E-24  0.1450E-16  0.6190E-13  0.7430E-11  0.3140E-10  0.4780E-10  0.5760E-10  0.6760E-10  0.7370E-10  0.7370E-10  0.6840E-10  0.6370E-10
  0.1000E+15  0.2090E-46  0.6460E-34  0.5780E-24  0.1450E-16  0.6190E-13  0.7410E-11  0.3130E-10  0.4760E-10  0.5730E-10  0.6710E-10  0.7300E-10  0.7270E-10  0.6730E-10  0.6280E-10
  0.1000E+16  0.2290E-46  0.6960E-34  0.6130E-24  0.1520E-16  0.6390E-13  0.7590E-11  0.3180E-10  0.4800E-10  0.5760E-10  0.6680E-10  0.7190E-10  0.7040E-10  0.6410E-10  0.5930E-10
  0.1000E+17  0.4870E-46  0.1340E-33  0.1050E-23  0.2260E-16  0.8720E-13  0.9650E-11  0.3860E-10  0.5700E-10  0.6720E-10  0.7660E-10  0.8060E-10  0.7680E-10  0.6770E-10  0.6140E-10
WAVELENGTH(A)= 
   575.404
 7 14 t 
excit   
     0.620      0.931      1.550      3.100      6.200     15.500     31.000     46.500     62.000     93.100    155.000    310.000    620.000    931.000 
  0.1000E+11  0.1000E-73  0.7010E-34  0.6350E-24  0.1600E-16  0.6770E-13  0.8030E-11  0.3340E-10  0.4990E-10  0.5920E-10  0.6720E-10  0.6960E-10  0.6320E-10  0.5210E-10  0.4510E-10
  0.1000E+12  0.2730E-46  0.7010E-34  0.6350E-24  0.1600E-16  0.6780E-13  0.8030E-11  0.3340E-10  0.4990E-10  0.5920E-10  0.6710E-10  0.6950E-10  0.6300E-10  0.5190E-10  0.4500E-10
  0.1000E+13  0.2180E-46  0.7020E-34  0.6350E-24  0.1600E-16  0.6780E-13  0.8030E-11  0.3340E-10  0.4990E-10  0.5920E-10  0.6710E-10  0.6950E-10  0.6300E-10  0.5190E-10  0.4500E-10
  0.1000E+14  0.2250E-46  0.7040E-34  0.6370E-24  0.1610E-16  0.6800E-13  0.8060E-11  0.3350E-10  0.5010E-10  0.5940E-10  0.6740E-10  0.6980E-10  0.6330E-10  0.5220E-10  0.4530E-10
  0.1000E+15  0.2280E-46  0.7150E-34  0.6470E-24  0.1640E-16  0.6930E-13  0.8230E-11  0.3420E-10  0.5130E-10  0.6100E-10  0.6940E-10  0.7220E-10  0.6610E-10  0.5480E-10  0.4770E-10
  0.1000E+16  0.2500E-46  0.7730E-34  0.6910E-24  0.1730E-16  0.7300E-13  0.8670E-11  0.3620E-10  0.5450E-10  0.6510E-10  0.7490E-10  0.7930E-10  0.7500E-10  0.6480E-10  0.5770E-10
  0.1000E+17  0.5310E-46  0.1480E-33  0.1180E-23  0.2580E-16  0.9980E-13  0.1110E-10  0.4450E-10  0.6560E-10  0.7740E-10  0.8820E-10  0.9270E-10  0.8820E-10  0.7730E-10  0.6980E-10
WAVELENGTH(A)= 
   609.095
 7 14 t 
excit   
     0.620      0.931      1.550      3.100      6.200     15.500     31.000     46.500     62.000     93.100    155.000    310.000    620.000    931.000 
  0.1000E+11  0.1000E-73  0.1000E-73  0.1710E-38  0.7140E-24  0.1080E-16  0.1600E-12  0.3170E-11  0.7840E-11  0.1180E-10  0.1680E-10  0.2020E-10  0.1970E-10  0.1650E-10  0.1420E-10
  0.1000E+12  0.1000E-73  0.1000E-73  0.7200E-38  0.2660E-23  0.2830E-16  0.3080E-12  0.5600E-11  0.1360E-10  0.2030E-10  0.2880E-10  0.3520E-10  0.3540E-10  0.3030E-10  0.2650E-10
  0.1000E+13  0.1000E-73  0.1000E-73  0.1220E-37  0.4270E-23  0.3720E-16  0.3610E-12  0.6420E-11  0.1550E-10  0.2320E-10  0.3310E-10  0.4080E-10  0.4210E-10  0.3710E-10  0.3300E-10
  0.1000E+14  0.1000E-73  0.1000E-73  0.1320E-37  0.4560E-23  0.3840E-16  0.3680E-12  0.6520E-11  0.1570E-10  0.2360E-10  0.3370E-10  0.4160E-10  0.4290E-10  0.3800E-10  0.3400E-10
  0.1000E+15  0.1000E-73  0.1000E-73  0.1330E-37  0.4590E-23  0.3860E-16  0.3690E-12  0.6530E-11  0.1580E-10  0.2360E-10  0.3370E-10  0.4170E-10  0.4300E-10  0.3810E-10  0.3410E-10
  0.1000E+16  0.1000E-73  0.1000E-73  0.1330E-37  0.4600E-23  0.3880E-16  0.3720E-12  0.6570E-11  0.1580E-10  0.2370E-10  0.3380E-10  0.4170E-10  0.4300E-10  0.3810E-10  0.3410E-10
  0.1000E+17  0.1000E-73  0.1000E-73  0.1350E-37  0.4750E-23  0.4120E-16  0.3980E-12  0.6880E-11  0.1630E-10  0.2410E-10  0.3400E-10  0.4160E-10  0.4270E-10  0.3780E-10  0.3390E-10
WAVELENGTH(A)= 
   628.807
 7 14 t 
excit   
     0.620      0.931      1.550      3.100      6.200     15.500     31.000     46.500     62.000     93.100    155.000    310.000    620.000    931.000 
  0.1000E+11  0.1000E-73  0.4370E-37  0.3850E-25  0.3020E-16  0.7560E-12  0.2980E-09  0.1970E-08  0.3500E-08  0.4520E-08  0.5600E-08  0.6190E-08  0.5920E-08  0.5030E-08  0.4420E-08
  0.1000E+12  0.1000E-73  0.4370E-37  0.3850E-25  0.3020E-16  0.7570E-12  0.3000E-09  0.2010E-08  0.3590E-08  0.4660E-08  0.5790E-08  0.6430E-08  0.6160E-08  0.5240E-08  0.4610E-08
  0.1000E+13  0.1000E-73  0.4370E-37  0.3850E-25  0.3020E-16  0.7570E-12  0.3010E-09  0.2020E-08  0.3620E-08  0.4700E-08  0.5860E-08  0.6520E-08  0.6270E-08  0.5350E-08  0.4710E-08
  0.1000E+14  0.1000E-73  0.4380E-37  0.3850E-25  0.3020E-16  0.7570E-12  0.3010E-09  0.2020E-08  0.3630E-08  0.4710E-08  0.5860E-08  0.6530E-08  0.6280E-08  0.5360E-08  0.4730E-08
  0.1000E+15  0.1000E-73  0.4390E-37  0.3860E-25  0.3020E-16  0.7570E-12  0.3010E-09  0.2020E-08  0.3620E-08  0.4700E-08  0.5850E-08  0.6510E-08  0.6270E-08  0.5360E-08  0.4720E-08
  0.1000E+16  0.1000E-73  0.4560E-37  0.3970E-25  0.3090E-16  0.7620E-12  0.2970E-09  0.1980E-08  0.3540E-08  0.4600E-08  0.5730E-08  0.6390E-08  0.6170E-08  0.5290E-08  0.4680E-08
  0.1000E+17  0.1000E-73  0.6040E-37  0.5020E-25  0.3660E-16  0.8320E-12  0.2840E-09  0.1760E-08  0.3070E-08  0.3950E-08  0.4900E-08  0.5490E-08  0.5420E-08  0.4760E-08  0.4270E-08
WAVELENGTH(A)= 
   639.666
 7 14 t 
excit   
     0.620      0.931      1.550      3.100      6.200     15.500     31.000     46.500     62.000     93.100    155.000    310.000    620.000    931.000 
  0.1000E+11  0.1630E-20  0.4450E-16  0.1430E-12  0.5350E-10  0.9250E-09  0.4780E-08  0.7910E-08  0.9120E-08  0.9640E-08  0.9980E-08  0.9930E-08  0.9180E-08  0.8120E-08  0.7420E-08
  0.1000E+12  0.1630E-20  0.4450E-16  0.1430E-12  0.5350E-10  0.9250E-09  0.4780E-08  0.7910E-08  0.9110E-08  0.9630E-08  0.9970E-08  0.9910E-08  0.9160E-08  0.8100E-08  0.7400E-08
  0.1000E+13  0.1630E-20  0.4450E-16  0.1430E-12  0.5350E-10  0.9250E-09  0.4780E-08  0.7910E-08  0.9110E-08  0.9630E-08  0.9970E-08  0.9900E-08  0.9150E-08  0.8090E-08  0.7400E-08
  0.1000E+14  0.1630E-20  0.4450E-16  0.1430E-12  0.5350E-10  0.9240E-09  0.4780E-08  0.7910E-08  0.9100E-08  0.9630E-08  0.9960E-08  0.9900E-08  0.9150E-08  0.8090E-08  0.7390E-08
  0.1000E+15  0.1630E-20  0.4440E-16  0.1430E-12  0.5340E-10  0.9240E-09  0.4770E-08  0.7880E-08  0.9080E-08  0.9600E-08  0.9930E-08  0.9870E-08  0.9130E-08  0.8080E-08  0.7380E-08
  0.1000E+16  0.1600E-20  0.4390E-16  0.1420E-12  0.5300E-10  0.9150E-09  0.4690E-08  0.7690E-08  0.8840E-08  0.9340E-08  0.9680E-08  0.9640E-08  0.8950E-08  0.7950E-08  0.7280E-08
  0.1000E+17  0.1400E-20  0.3930E-16  0.1300E-12  0.4950E-10  0.8450E-09  0.4080E-08  0.6390E-08  0.7220E-08  0.7590E-08  0.7860E-08  0.7910E-08  0.7530E-08  0.6880E-08  0.6410E-08
WAVELENGTH(A)= 
   685.525
 7 14 t 
excit   
     0.620      0.931      1.550      3.100      6.200     15.500     31.000     46.500     62.000     93.100    155.000    310.000    620.000    931.000 
  0.1000E+11  0.1730E-43  0.7250E-32  0.1330E-22  0.1020E-15  0.2420E-12  0.2060E-10  0.7860E-10  0.1160E-09  0.1370E-09  0.1590E-09  0.1720E-09  0.1720E-09  0.1580E-09  0.1480E-09
  0.1000E+12  0.1720E-43  0.7250E-32  0.1330E-22  0.1020E-15  0.2420E-12  0.2060E-10  0.7860E-10  0.1160E-09  0.1370E-09  0.1580E-09  0.1710E-09  0.1710E-09  0.1580E-09  0.1480E-09
  0.1000E+13  0.1730E-43  0.7260E-32  0.1330E-22  0.1020E-15  0.2430E-12  0.2060E-10  0.7860E-10  0.1160E-09  0.1370E-09  0.1580E-09  0.1710E-09  0.1710E-09  0.1580E-09  0.1480E-09
  0.1000E+14  0.1740E-43  0.7320E-32  0.1340E-22  0.1030E-15  0.2440E-12  0.2070E-10  0.7890E-10  0.1160E-09  0.1370E-09  0.1590E-09  0.1710E-09  0.1710E-09  0.1580E-09  0.1480E-09
  0.1000E+15  0.1790E-43  0.7520E-32  0.1380E-22  0.1050E-15  0.2500E-12  0.2120E-10  0.8030E-10  0.1180E-09  0.1390E-09  0.1600E-09  0.1730E-09  0.1720E-09  0.1580E-09  0.1470E-09
  0.1000E+16  0.1960E-43  0.8100E-32  0.1460E-22  0.1100E-15  0.2580E-12  0.2180E-10  0.8220E-10  0.1200E-09  0.1420E-09  0.1620E-09  0.1730E-09  0.1710E-09  0.1550E-09  0.1440E-09
  0.1000E+17  0.3890E-43  0.1470E-31  0.2370E-22  0.1550E-15  0.3300E-12  0.2570E-10  0.9220E-10  0.1320E-09  0.1530E-09  0.1720E-09  0.1800E-09  0.1730E-09  0.1540E-09  0.1410E-09
WAVELENGTH(A)= 
   691.716
 7 14 t 
excit   
     0.620      0.931      1.550      3.100      6.200     15.500     31.000     46.500     62.000     93.100    155.000    310.000    620.000    931.000 
  0.1000E+11  0.1730E-45  0.7730E-34  0.1490E-24  0.1210E-17  0.2980E-14  0.2570E-12  0.9540E-12  0.1380E-11  0.1600E-11  0.1770E-11  0.1790E-11  0.1600E-11  0.1320E-11  0.1150E-11
  0.1000E+12  0.1720E-45  0.7730E-34  0.1490E-24  0.1210E-17  0.2980E-14  0.2570E-12  0.9540E-12  0.1380E-11  0.1600E-11  0.1770E-11  0.1790E-11  0.1600E-11  0.1310E-11  0.1140E-11
  0.1000E+13  0.1710E-45  0.7670E-34  0.1480E-24  0.1210E-17  0.2970E-14  0.2560E-12  0.9520E-12  0.1370E-11  0.1590E-11  0.1760E-11  0.1780E-11  0.1590E-11  0.1310E-11  0.1140E-11
  0.1000E+14  0.1600E-45  0.7240E-34  0.1410E-24  0.1160E-17  0.2870E-14  0.2500E-12  0.9330E-12  0.1350E-11  0.1570E-11  0.1740E-11  0.1770E-11  0.1580E-11  0.1310E-11  0.1140E-11
  0.1000E+15  0.1200E-45  0.5510E-34  0.1090E-24  0.9160E-18  0.2320E-14  0.2100E-12  0.8090E-12  0.1190E-11  0.1400E-11  0.1580E-11  0.1640E-11  0.1500E-11  0.1260E-11  0.1110E-11
  0.1000E+16  0.1030E-45  0.4560E-34  0.8700E-25  0.6940E-18  0.1700E-14  0.1500E-12  0.5840E-12  0.8660E-12  0.1030E-11  0.1190E-11  0.1270E-11  0.1230E-11  0.1090E-11  0.9960E-12
  0.1000E+17  0.1920E-45  0.7780E-34  0.1320E-24  0.8990E-18  0.1950E-14  0.1550E-12  0.5610E-12  0.8060E-12  0.9410E-12  0.1060E-11  0.1120E-11  0.1080E-11  0.9650E-12  0.8850E-12
WAVELENGTH(A)= 
   693.348
 7 14 t 
excit   
     0.620      0.931      1.550      3.100      6.200     15.500     31.000     46.500     62.000     93.100    155.000    310.000    620.000    931.000 
  0.1000E+11  0.1800E-43  0.7880E-32  0.1480E-22  0.1140E-15  0.2690E-12  0.2240E-10  0.8320E-10  0.1200E-09  0.1400E-09  0.1570E-09  0.1600E-09  0.1440E-09  0.1180E-09  0.1030E-09
  0.1000E+12  0.1800E-43  0.7880E-32  0.1480E-22  0.1140E-15  0.2690E-12  0.2240E-10  0.8320E-10  0.1200E-09  0.1400E-09  0.1560E-09  0.1600E-09  0.1440E-09  0.1180E-09  0.1030E-09
  0.1000E+13  0.1800E-43  0.7880E-32  0.1480E-22  0.1140E-15  0.2690E-12  0.2240E-10  0.8320E-10  0.1200E-09  0.1400E-09  0.1560E-09  0.1600E-09  0.1440E-09  0.1180E-09  0.1030E-09
  0.1000E+14  0.1820E-43  0.7950E-32  0.1490E-22  0.1150E-15  0.2700E-12  0.2250E-10  0.8350E-10  0.1210E-09  0.1400E-09  0.1570E-09  0.1600E-09  0.1440E-09  0.1180E-09  0.1030E-09
  0.1000E+15  0.1950E-43  0.8460E-32  0.1580E-22  0.1210E-15  0.2830E-12  0.2340E-10  0.8630E-10  0.1240E-09  0.1450E-09  0.1610E-09  0.1650E-09  0.1480E-09  0.1220E-09  0.1060E-09
  0.1000E+16  0.2360E-43  0.1010E-31  0.1860E-22  0.1420E-15  0.3310E-12  0.2740E-10  0.1010E-09  0.1450E-09  0.1680E-09  0.1880E-09  0.1930E-09  0.1760E-09  0.1460E-09  0.1270E-09
  0.1000E+17  0.4810E-43  0.1900E-31  0.3150E-22  0.2110E-15  0.4540E-12  0.3550E-10  0.1270E-09  0.1810E-09  0.2100E-09  0.2360E-09  0.2450E-09  0.2310E-09  0.2010E-09  0.1810E-09
WAVELENGTH(A)= 
   826.847
 7 14 t 
excit   
     0.620      0.931      1.550      3.100      6.200     15.500     31.000     46.500     62.000     93.100    155.000    310.000    620.000    931.000 
  0.1000E+11  0.3020E-42  0.2450E-31  0.1240E-22  0.3910E-16  0.6230E-13  0.4270E-11  0.1500E-10  0.2150E-10  0.2500E-10  0.2820E-10  0.2950E-10  0.2800E-10  0.2470E-10  0.2250E-10
  0.1000E+12  0.3020E-42  0.2450E-31  0.1240E-22  0.3910E-16  0.6230E-13  0.4270E-11  0.1500E-10  0.2150E-10  0.2500E-10  0.2820E-10  0.2940E-10  0.2800E-10  0.2470E-10  0.2250E-10
  0.1000E+13  0.3020E-42  0.2450E-31  0.1240E-22  0.3910E-16  0.6220E-13  0.4270E-11  0.1500E-10  0.2140E-10  0.2500E-10  0.2820E-10  0.2940E-10  0.2790E-10  0.2460E-10  0.2240E-10
  0.1000E+14  0.3040E-42  0.2460E-31  0.1240E-22  0.3890E-16  0.6180E-13  0.4230E-11  0.1490E-10  0.2130E-10  0.2490E-10  0.2800E-10  0.2930E-10  0.2790E-10  0.2460E-10  0.2240E-10
  0.1000E+15  0.3160E-42  0.2530E-31  0.1250E-22  0.3810E-16  0.5920E-13  0.4030E-11  0.1430E-10  0.2050E-10  0.2400E-10  0.2720E-10  0.2860E-10  0.2740E-10  0.2430E-10  0.2220E-10
  0.1000E+16  0.3620E-42  0.2830E-31  0.1340E-22  0.3780E-16  0.5540E-13  0.3630E-11  0.1270E-10  0.1830E-10  0.2150E-10  0.2440E-10  0.2600E-10  0.2520E-10  0.2280E-10  0.2090E-10
  0.1000E+17  0.6220E-42  0.4530E-31  0.1930E-22  0.4620E-16  0.5890E-13  0.3430E-11  0.1130E-10  0.1580E-10  0.1830E-10  0.2050E-10  0.2160E-10  0.2090E-10  0.1900E-10  0.1750E-10
WAVELENGTH(A)= 
   968.404
 7 14 t 
excit   
     0.620      0.931      1.550      3.100      6.200     15.500     31.000     46.500     62.000     93.100    155.000    310.000    620.000    931.000 
  0.1000E+11  0.1000E-73  0.1000E-73  0.1510E-42  0.4620E-26  0.6590E-18  0.3950E-13  0.1270E-11  0.3710E-11  0.6070E-11  0.9390E-11  0.1210E-10  0.1270E-10  0.1090E-10  0.9550E-11
  0.1000E+12  0.1000E-73  0.1000E-73  0.3160E-42  0.8190E-26  0.9020E-18  0.4600E-13  0.1420E-11  0.4080E-11  0.6630E-11  0.1020E-10  0.1310E-10  0.1360E-10  0.1170E-10  0.1010E-10
  0.1000E+13  0.1000E-73  0.1000E-73  0.4670E-42  0.1110E-25  0.1020E-17  0.4840E-13  0.1470E-11  0.4200E-11  0.6820E-11  0.1040E-10  0.1340E-10  0.1400E-10  0.1200E-10  0.1050E-10
  0.1000E+14  0.1000E-73  0.1000E-73  0.4950E-42  0.1170E-25  0.1040E-17  0.4870E-13  0.1470E-11  0.4220E-11  0.6840E-11  0.1050E-10  0.1350E-10  0.1400E-10  0.1200E-10  0.1050E-10
  0.1000E+15  0.1000E-73  0.1000E-73  0.5000E-42  0.1170E-25  0.1050E-17  0.4880E-13  0.1480E-11  0.4220E-11  0.6850E-11  0.1050E-10  0.1350E-10  0.1400E-10  0.1200E-10  0.1050E-10
  0.1000E+16  0.1000E-73  0.1000E-73  0.5150E-42  0.1200E-25  0.1070E-17  0.4950E-13  0.1490E-11  0.4250E-11  0.6890E-11  0.1050E-10  0.1350E-10  0.1400E-10  0.1210E-10  0.1050E-10
  0.1000E+17  0.1000E-73  0.1000E-73  0.6750E-42  0.1490E-25  0.1280E-17  0.5620E-13  0.1620E-11  0.4510E-11  0.7210E-11  0.1090E-10  0.1380E-10  0.1430E-10  0.1230E-10  0.1070E-10
WAVELENGTH(A)= 
   968.815
 7 14 t 
excit   
     0.620      0.931      1.550      3.100      6.200     15.500     31.000     46.500     62.000     93.100    155.000    310.000    620.000    931.000 
  0.1000E+11  0.1000E-73  0.2680E-43  0.5830E-29  0.2810E-18  0.5280E-13  0.6300E-10  0.5770E-09  0.1130E-08  0.1530E-08  0.1990E-08  0.2290E-08  0.2270E-08  0.1980E-08  0.1770E-08
  0.1000E+12  0.1000E-73  0.2710E-43  0.5830E-29  0.2810E-18  0.5280E-13  0.6310E-10  0.5790E-09  0.1140E-08  0.1540E-08  0.2000E-08  0.2300E-08  0.2280E-08  0.1990E-08  0.1780E-08
  0.1000E+13  0.1000E-73  0.2710E-43  0.5830E-29  0.2810E-18  0.5280E-13  0.6310E-10  0.5800E-09  0.1140E-08  0.1540E-08  0.2000E-08  0.2300E-08  0.2280E-08  0.1990E-08  0.1780E-08
  0.1000E+14  0.1000E-73  0.2700E-43  0.5820E-29  0.2810E-18  0.5280E-13  0.6310E-10  0.5800E-09  0.1140E-08  0.1540E-08  0.2000E-08  0.2300E-08  0.2280E-08  0.1990E-08  0.1780E-08
  0.1000E+15  0.1000E-73  0.2670E-43  0.5760E-29  0.2780E-18  0.5230E-13  0.6270E-10  0.5770E-09  0.1130E-08  0.1540E-08  0.2000E-08  0.2300E-08  0.2280E-08  0.1990E-08  0.1780E-08
  0.1000E+16  0.1000E-73  0.2500E-43  0.5330E-29  0.2570E-18  0.4880E-13  0.5940E-10  0.5530E-09  0.1090E-08  0.1490E-08  0.1940E-08  0.2250E-08  0.2240E-08  0.1970E-08  0.1760E-08
  0.1000E+17  0.1000E-73  0.3330E-43  0.6260E-29  0.2630E-18  0.4520E-13  0.5120E-10  0.4670E-09  0.9210E-09  0.1260E-08  0.1660E-08  0.1960E-08  0.2020E-08  0.1820E-08  0.1650E-08
WAVELENGTH(A)= 
   974.305
 7 14 t 
excit   
     0.620      0.931      1.550      3.100      6.200     15.500     31.000     46.500     62.000     93.100    155.000    310.000    620.000    931.000 
  0.1000E+11  0.7760E-30  0.1970E-22  0.1500E-16  0.3390E-12  0.4550E-10  0.7690E-09  0.1780E-08  0.2220E-08  0.2420E-08  0.2550E-08  0.2500E-08  0.2230E-08  0.1880E-08  0.1670E-08
  0.1000E+12  0.7760E-30  0.1970E-22  0.1500E-16  0.3390E-12  0.4550E-10  0.7690E-09  0.1780E-08  0.2220E-08  0.2420E-08  0.2540E-08  0.2490E-08  0.2220E-08  0.1870E-08  0.1660E-08
  0.1000E+13  0.7770E-30  0.1970E-22  0.1500E-16  0.3390E-12  0.4550E-10  0.7690E-09  0.1780E-08  0.2220E-08  0.2420E-08  0.2540E-08  0.2490E-08  0.2220E-08  0.1870E-08  0.1660E-08
  0.1000E+14  0.7770E-30  0.1970E-22  0.1500E-16  0.3390E-12  0.4550E-10  0.7690E-09  0.1780E-08  0.2220E-08  0.2420E-08  0.2540E-08  0.2490E-08  0.2220E-08  0.1870E-08  0.1660E-08
  0.1000E+15  0.7830E-30  0.1980E-22  0.1510E-16  0.3390E-12  0.4550E-10  0.7680E-09  0.1770E-08  0.2220E-08  0.2420E-08  0.2540E-08  0.2490E-08  0.2220E-08  0.1870E-08  0.1660E-08
  0.1000E+16  0.8280E-30  0.2060E-22  0.1540E-16  0.3420E-12  0.4530E-10  0.7560E-09  0.1750E-08  0.2190E-08  0.2390E-08  0.2520E-08  0.2490E-08  0.2240E-08  0.1890E-08  0.1680E-08
  0.1000E+17  0.9850E-30  0.2360E-22  0.1720E-16  0.3660E-12  0.4600E-10  0.7140E-09  0.1600E-08  0.2000E-08  0.2190E-08  0.2350E-08  0.2390E-08  0.2240E-08  0.1970E-08  0.1780E-08
WAVELENGTH(A)= 
  1006.930
 7 14 t 
excit   
     0.620      0.931      1.550      3.100      6.200     15.500     31.000     46.500     62.000     93.100    155.000    310.000    620.000    931.000 
  0.1000E+11  0.1000E-73  0.2390E-35  0.6060E-25  0.3280E-17  0.2040E-13  0.3040E-11  0.1360E-10  0.2090E-10  0.2490E-10  0.2870E-10  0.2980E-10  0.2730E-10  0.2250E-10  0.1950E-10
  0.1000E+12  0.1000E-73  0.2390E-35  0.6060E-25  0.3280E-17  0.2040E-13  0.3040E-11  0.1360E-10  0.2080E-10  0.2490E-10  0.2870E-10  0.2980E-10  0.2720E-10  0.2250E-10  0.1950E-10
  0.1000E+13  0.1000E-73  0.2390E-35  0.6060E-25  0.3280E-17  0.2040E-13  0.3040E-11  0.1360E-10  0.2080E-10  0.2490E-10  0.2870E-10  0.2970E-10  0.2720E-10  0.2240E-10  0.1950E-10
  0.1000E+14  0.1860E-48  0.2400E-35  0.6060E-25  0.3280E-17  0.2040E-13  0.3040E-11  0.1360E-10  0.2090E-10  0.2490E-10  0.2870E-10  0.2970E-10  0.2720E-10  0.2250E-10  0.1950E-10
  0.1000E+15  0.2170E-48  0.2420E-35  0.6110E-25  0.3300E-17  0.2050E-13  0.3050E-11  0.1370E-10  0.2100E-10  0.2500E-10  0.2890E-10  0.2990E-10  0.2740E-10  0.2270E-10  0.1970E-10
  0.1000E+16  0.2380E-48  0.2630E-35  0.6540E-25  0.3490E-17  0.2150E-13  0.3190E-11  0.1420E-10  0.2180E-10  0.2610E-10  0.3010E-10  0.3140E-10  0.2900E-10  0.2420E-10  0.2110E-10
  0.1000E+17  0.5130E-48  0.5140E-35  0.1140E-24  0.5320E-17  0.3020E-13  0.4200E-11  0.1810E-10  0.2720E-10  0.3240E-10  0.3720E-10  0.3900E-10  0.3670E-10  0.3150E-10  0.2790E-10
WAVELENGTH(A)= 
  1028.400
 7 14 t 
excit   
     0.620      0.931      1.550      3.100      6.200     15.500     31.000     46.500     62.000     93.100    155.000    310.000    620.000    931.000 
  0.1000E+11  0.3760E-44  0.1680E-32  0.3250E-23  0.2650E-16  0.6500E-13  0.5600E-11  0.2080E-10  0.3000E-10  0.3480E-10  0.3860E-10  0.3900E-10  0.3490E-10  0.2870E-10  0.2500E-10
  0.1000E+12  0.3750E-44  0.1680E-32  0.3250E-23  0.2640E-16  0.6490E-13  0.5600E-11  0.2080E-10  0.3000E-10  0.3480E-10  0.3850E-10  0.3890E-10  0.3480E-10  0.2860E-10  0.2490E-10
  0.1000E+13  0.3720E-44  0.1670E-32  0.3240E-23  0.2630E-16  0.6470E-13  0.5590E-11  0.2070E-10  0.2990E-10  0.3470E-10  0.3850E-10  0.3890E-10  0.3480E-10  0.2860E-10  0.2490E-10
  0.1000E+14  0.3480E-44  0.1580E-32  0.3080E-23  0.2520E-16  0.6250E-13  0.5450E-11  0.2030E-10  0.2940E-10  0.3420E-10  0.3800E-10  0.3850E-10  0.3450E-10  0.2850E-10  0.2480E-10
  0.1000E+15  0.2620E-44  0.1200E-32  0.2380E-23  0.2000E-16  0.5060E-13  0.4570E-11  0.1760E-10  0.2590E-10  0.3050E-10  0.3450E-10  0.3560E-10  0.3280E-10  0.2750E-10  0.2420E-10
  0.1000E+16  0.2240E-44  0.9930E-33  0.1900E-23  0.1510E-16  0.3710E-13  0.3280E-11  0.1270E-10  0.1890E-10  0.2250E-10  0.2590E-10  0.2770E-10  0.2690E-10  0.2390E-10  0.2170E-10
  0.1000E+17  0.4190E-44  0.1700E-32  0.2870E-23  0.1960E-16  0.4250E-13  0.3380E-11  0.1220E-10  0.1760E-10  0.2050E-10  0.2320E-10  0.2440E-10  0.2350E-10  0.2100E-10  0.1930E-10
WAVELENGTH(A)= 
  1031.660
 7 14 t 
excit   
     0.620      0.931      1.550      3.100      6.200     15.500     31.000     46.500     62.000     93.100    155.000    310.000    620.000    931.000 
  0.1000E+11  0.1000E-73  0.1000E-73  0.3790E-33  0.8760E-21  0.1120E-14  0.4080E-11  0.5200E-10  0.1130E-09  0.1600E-09  0.2180E-09  0.2580E-09  0.2590E-09  0.2250E-09  0.1990E-09
  0.1000E+12  0.1000E-73  0.1000E-73  0.3790E-33  0.8760E-21  0.1120E-14  0.4080E-11  0.5200E-10  0.1130E-09  0.1600E-09  0.2170E-09  0.2570E-09  0.2590E-09  0.2240E-09  0.1980E-09
  0.1000E+13  0.1000E-73  0.1000E-73  0.3790E-33  0.8760E-21  0.1130E-14  0.4080E-11  0.5200E-10  0.1130E-09  0.1600E-09  0.2170E-09  0.2570E-09  0.2580E-09  0.2240E-09  0.1980E-09
  0.1000E+14  0.1000E-73  0.1000E-73  0.3790E-33  0.8760E-21  0.1130E-14  0.4080E-11  0.5200E-10  0.1130E-09  0.1600E-09  0.2170E-09  0.2570E-09  0.2580E-09  0.2240E-09  0.1980E-09
  0.1000E+15  0.1000E-73  0.1000E-73  0.3820E-33  0.8820E-21  0.1130E-14  0.4090E-11  0.5220E-10  0.1130E-09  0.1610E-09  0.2180E-09  0.2580E-09  0.2590E-09  0.2240E-09  0.1980E-09
  0.1000E+16  0.1000E-73  0.1100E-49  0.4120E-33  0.9320E-21  0.1180E-14  0.4210E-11  0.5340E-10  0.1150E-09  0.1640E-09  0.2220E-09  0.2620E-09  0.2630E-09  0.2280E-09  0.2020E-09
  0.1000E+17  0.1000E-73  0.2310E-49  0.7390E-33  0.1450E-20  0.1650E-14  0.5360E-11  0.6470E-10  0.1370E-09  0.1920E-09  0.2570E-09  0.3020E-09  0.3040E-09  0.2640E-09  0.2330E-09
WAVELENGTH(A)= 
  1042.400
 7 14 t 
excit   
     0.620      0.931      1.550      3.100      6.200     15.500     31.000     46.500     62.000     93.100    155.000    310.000    620.000    931.000 
  0.1000E+11  0.1050E-38  0.1590E-28  0.2020E-20  0.2090E-14  0.1840E-11  0.8850E-10  0.2810E-09  0.3930E-09  0.4560E-09  0.5170E-09  0.5530E-09  0.5510E-09  0.5100E-09  0.4760E-09
  0.1000E+12  0.1050E-38  0.1590E-28  0.2020E-20  0.2090E-14  0.1840E-11  0.8850E-10  0.2810E-09  0.3930E-09  0.4550E-09  0.5160E-09  0.5520E-09  0.5500E-09  0.5090E-09  0.4750E-09
  0.1000E+13  0.1050E-38  0.1590E-28  0.2020E-20  0.2100E-14  0.1840E-11  0.8850E-10  0.2810E-09  0.3930E-09  0.4550E-09  0.5160E-09  0.5520E-09  0.5490E-09  0.5080E-09  0.4750E-09
  0.1000E+14  0.1050E-38  0.1590E-28  0.2020E-20  0.2100E-14  0.1850E-11  0.8860E-10  0.2810E-09  0.3930E-09  0.4550E-09  0.5160E-09  0.5520E-09  0.5490E-09  0.5080E-09  0.4750E-09
  0.1000E+15  0.1070E-38  0.1610E-28  0.2050E-20  0.2120E-14  0.1870E-11  0.8950E-10  0.2830E-09  0.3950E-09  0.4580E-09  0.5190E-09  0.5540E-09  0.5500E-09  0.5090E-09  0.4750E-09
  0.1000E+16  0.1130E-38  0.1680E-28  0.2110E-20  0.2180E-14  0.1920E-11  0.9220E-10  0.2910E-09  0.4050E-09  0.4680E-09  0.5280E-09  0.5610E-09  0.5540E-09  0.5100E-09  0.4760E-09
  0.1000E+17  0.1930E-38  0.2670E-28  0.3080E-20  0.2830E-14  0.2280E-11  0.1010E-09  0.3060E-09  0.4160E-09  0.4740E-09  0.5260E-09  0.5510E-09  0.5350E-09  0.4890E-09  0.4550E-09
WAVELENGTH(A)= 
  1050.570
 7 14 t 
excit   
     0.620      0.931      1.550      3.100      6.200     15.500     31.000     46.500     62.000     93.100    155.000    310.000    620.000    931.000 
  0.1000E+11  0.9350E-39  0.1560E-28  0.2150E-20  0.2340E-14  0.2070E-11  0.9660E-10  0.2970E-09  0.4040E-09  0.4580E-09  0.5000E-09  0.5000E-09  0.4480E-09  0.3640E-09  0.3170E-09
  0.1000E+12  0.9360E-39  0.1560E-28  0.2150E-20  0.2340E-14  0.2070E-11  0.9660E-10  0.2960E-09  0.4040E-09  0.4580E-09  0.4990E-09  0.4990E-09  0.4470E-09  0.3630E-09  0.3160E-09
  0.1000E+13  0.9360E-39  0.1560E-28  0.2150E-20  0.2340E-14  0.2070E-11  0.9660E-10  0.2960E-09  0.4040E-09  0.4580E-09  0.4990E-09  0.4990E-09  0.4460E-09  0.3630E-09  0.3160E-09
  0.1000E+14  0.9420E-39  0.1570E-28  0.2160E-20  0.2350E-14  0.2080E-11  0.9680E-10  0.2970E-09  0.4050E-09  0.4590E-09  0.5000E-09  0.5000E-09  0.4470E-09  0.3630E-09  0.3170E-09
  0.1000E+15  0.1000E-38  0.1660E-28  0.2260E-20  0.2440E-14  0.2140E-11  0.9910E-10  0.3030E-09  0.4120E-09  0.4670E-09  0.5080E-09  0.5070E-09  0.4530E-09  0.3680E-09  0.3210E-09
  0.1000E+16  0.1390E-38  0.2230E-28  0.2940E-20  0.3060E-14  0.2620E-11  0.1180E-09  0.3550E-09  0.4780E-09  0.5380E-09  0.5810E-09  0.5770E-09  0.5130E-09  0.4160E-09  0.3610E-09
  0.1000E+17  0.3010E-38  0.4570E-28  0.5650E-20  0.5440E-14  0.4410E-11  0.1930E-09  0.5670E-09  0.7570E-09  0.8490E-09  0.9190E-09  0.9250E-09  0.8410E-09  0.7020E-09  0.6160E-09
WAVELENGTH(A)= 
  1058.870
 7 14 t 
excit   
     0.620      0.931      1.550      3.100      6.200     15.500     31.000     46.500     62.000     93.100    155.000    310.000    620.000    931.000 
  0.1000E+11  0.1680E-40  0.2670E-30  0.3560E-22  0.3940E-16  0.3730E-13  0.1900E-11  0.6070E-11  0.8350E-11  0.9510E-11  0.1040E-10  0.1040E-10  0.9420E-11  0.7900E-11  0.7000E-11
  0.1000E+12  0.1680E-40  0.2670E-30  0.3560E-22  0.3940E-16  0.3730E-13  0.1900E-11  0.6070E-11  0.8350E-11  0.9500E-11  0.1040E-10  0.1040E-10  0.9400E-11  0.7880E-11  0.6980E-11
  0.1000E+13  0.1680E-40  0.2670E-30  0.3560E-22  0.3940E-16  0.3720E-13  0.1900E-11  0.6070E-11  0.8340E-11  0.9490E-11  0.1040E-10  0.1040E-10  0.9390E-11  0.7870E-11  0.6970E-11
  0.1000E+14  0.1650E-40  0.2630E-30  0.3520E-22  0.3900E-16  0.3690E-13  0.1890E-11  0.6040E-11  0.8310E-11  0.9460E-11  0.1030E-10  0.1040E-10  0.9370E-11  0.7860E-11  0.6960E-11
  0.1000E+15  0.1490E-40  0.2390E-30  0.3230E-22  0.3610E-16  0.3450E-13  0.1790E-11  0.5780E-11  0.8000E-11  0.9140E-11  0.1000E-10  0.1020E-10  0.9220E-11  0.7780E-11  0.6900E-11
  0.1000E+16  0.1230E-40  0.1940E-30  0.2580E-22  0.2840E-16  0.2670E-13  0.1390E-11  0.4580E-11  0.6460E-11  0.7500E-11  0.8420E-11  0.8790E-11  0.8290E-11  0.7220E-11  0.6510E-11
  0.1000E+17  0.1880E-40  0.2740E-30  0.3300E-22  0.3150E-16  0.2590E-13  0.1180E-11  0.3640E-11  0.5000E-11  0.5740E-11  0.6420E-11  0.6760E-11  0.6570E-11  0.5970E-11  0.5520E-11
WAVELENGTH(A)= 
  1168.740
 7 14 t 
excit   
     0.620      0.931      1.550      3.100      6.200     15.500     31.000     46.500     62.000     93.100    155.000    310.000    620.000    931.000 
  0.1000E+11  0.1000E-73  0.1000E-73  0.7290E-35  0.1660E-21  0.6130E-15  0.4020E-11  0.6320E-10  0.1480E-09  0.2200E-09  0.3140E-09  0.3950E-09  0.4250E-09  0.3910E-09  0.3570E-09
  0.1000E+12  0.1000E-73  0.1000E-73  0.3830E-35  0.8250E-22  0.2270E-15  0.1170E-11  0.1750E-10  0.4120E-10  0.6180E-10  0.9070E-10  0.1190E-09  0.1390E-09  0.1400E-09  0.1360E-09
  0.1000E+13  0.1000E-73  0.1000E-73  0.6660E-36  0.1370E-22  0.3110E-16  0.1440E-12  0.2130E-11  0.5010E-11  0.7550E-11  0.1120E-10  0.1500E-10  0.1800E-10  0.1890E-10  0.1890E-10
  0.1000E+14  0.1000E-73  0.1000E-73  0.7190E-37  0.1470E-23  0.3230E-17  0.1480E-13  0.2180E-12  0.5120E-12  0.7730E-12  0.1140E-11  0.1530E-11  0.1850E-11  0.1960E-11  0.1960E-11
  0.1000E+15  0.1000E-73  0.1000E-73  0.7250E-38  0.1480E-24  0.3240E-18  0.1480E-14  0.2180E-13  0.5130E-13  0.7740E-13  0.1150E-12  0.1540E-12  0.1860E-12  0.1960E-12  0.1970E-12
  0.1000E+16  0.1000E-73  0.1000E-73  0.7270E-39  0.1480E-25  0.3240E-19  0.1480E-15  0.2180E-14  0.5110E-14  0.7700E-14  0.1140E-13  0.1530E-13  0.1840E-13  0.1950E-13  0.1960E-13
  0.1000E+17  0.1000E-73  0.1000E-73  0.7380E-40  0.1500E-26  0.3300E-20  0.1480E-16  0.2120E-15  0.4900E-15  0.7310E-15  0.1070E-14  0.1430E-14  0.1720E-14  0.1830E-14  0.1850E-14
WAVELENGTH(A)= 
  1248.140
 7 14 t 
excit   
     0.620      0.931      1.550      3.100      6.200     15.500     31.000     46.500     62.000     93.100    155.000    310.000    620.000    931.000 
  0.1000E+11  0.1000E-73  0.5550E-34  0.5020E-24  0.1270E-16  0.5360E-13  0.6350E-11  0.2640E-10  0.3950E-10  0.4690E-10  0.5320E-10  0.5510E-10  0.5000E-10  0.4120E-10  0.3570E-10
  0.1000E+12  0.2160E-46  0.5550E-34  0.5020E-24  0.1270E-16  0.5360E-13  0.6350E-11  0.2640E-10  0.3950E-10  0.4680E-10  0.5310E-10  0.5500E-10  0.4990E-10  0.4110E-10  0.3560E-10
  0.1000E+13  0.1730E-46  0.5550E-34  0.5030E-24  0.1270E-16  0.5360E-13  0.6360E-11  0.2640E-10  0.3950E-10  0.4680E-10  0.5310E-10  0.5500E-10  0.4990E-10  0.4110E-10  0.3560E-10
  0.1000E+14  0.1780E-46  0.5570E-34  0.5040E-24  0.1270E-16  0.5380E-13  0.6380E-11  0.2650E-10  0.3960E-10  0.4700E-10  0.5330E-10  0.5520E-10  0.5010E-10  0.4130E-10  0.3580E-10
  0.1000E+15  0.1800E-46  0.5660E-34  0.5120E-24  0.1290E-16  0.5490E-13  0.6510E-11  0.2710E-10  0.4060E-10  0.4820E-10  0.5490E-10  0.5710E-10  0.5230E-10  0.4340E-10  0.3780E-10
  0.1000E+16  0.1980E-46  0.6120E-34  0.5470E-24  0.1370E-16  0.5780E-13  0.6860E-11  0.2870E-10  0.4320E-10  0.5150E-10  0.5930E-10  0.6280E-10  0.5940E-10  0.5130E-10  0.4560E-10
  0.1000E+17  0.4200E-46  0.1170E-33  0.9340E-24  0.2040E-16  0.7900E-13  0.8780E-11  0.3520E-10  0.5190E-10  0.6130E-10  0.6980E-10  0.7340E-10  0.6980E-10  0.6110E-10  0.5520E-10
WAVELENGTH(A)= 
  1264.600
 7 14 t 
excit   
     0.620      0.931      1.550      3.100      6.200     15.500     31.000     46.500     62.000     93.100    155.000    310.000    620.000    931.000 
  0.1000E+11  0.1000E-73  0.3510E-34  0.3150E-24  0.7950E-17  0.3390E-13  0.4070E-11  0.1720E-10  0.2620E-10  0.3160E-10  0.3710E-10  0.4050E-10  0.4050E-10  0.3760E-10  0.3500E-10
  0.1000E+12  0.8350E-47  0.3510E-34  0.3150E-24  0.7950E-17  0.3390E-13  0.4070E-11  0.1720E-10  0.2620E-10  0.3160E-10  0.3700E-10  0.4040E-10  0.4040E-10  0.3750E-10  0.3490E-10
  0.1000E+13  0.1170E-46  0.3510E-34  0.3150E-24  0.7950E-17  0.3390E-13  0.4070E-11  0.1720E-10  0.2620E-10  0.3160E-10  0.3700E-10  0.4040E-10  0.4040E-10  0.3740E-10  0.3490E-10
  0.1000E+14  0.1140E-46  0.3510E-34  0.3150E-24  0.7950E-17  0.3390E-13  0.4060E-11  0.1720E-10  0.2610E-10  0.3150E-10  0.3700E-10  0.4030E-10  0.4030E-10  0.3740E-10  0.3480E-10
  0.1000E+15  0.1150E-46  0.3530E-34  0.3160E-24  0.7950E-17  0.3380E-13  0.4050E-11  0.1710E-10  0.2600E-10  0.3130E-10  0.3670E-10  0.3990E-10  0.3980E-10  0.3680E-10  0.3430E-10
  0.1000E+16  0.1250E-46  0.3810E-34  0.3350E-24  0.8300E-17  0.3490E-13  0.4150E-11  0.1740E-10  0.2630E-10  0.3150E-10  0.3650E-10  0.3930E-10  0.3850E-10  0.3500E-10  0.3240E-10
  0.1000E+17  0.2660E-46  0.7310E-34  0.5730E-24  0.1240E-16  0.4770E-13  0.5280E-11  0.2110E-10  0.3120E-10  0.3680E-10  0.4190E-10  0.4410E-10  0.4200E-10  0.3700E-10  0.3360E-10
WAVELENGTH(A)= 
  1272.010
 7 14 t 
excit   
     0.620      0.931      1.550      3.100      6.200     15.500     31.000     46.500     62.000     93.100    155.000    310.000    620.000    931.000 
  0.1000E+11  0.1000E-73  0.1000E-73  0.5420E-39  0.2270E-24  0.3440E-17  0.5060E-13  0.1010E-11  0.2490E-11  0.3750E-11  0.5310E-11  0.6390E-11  0.6260E-11  0.5220E-11  0.4510E-11
  0.1000E+12  0.1000E-73  0.1000E-73  0.2280E-38  0.8450E-24  0.8980E-17  0.9770E-13  0.1780E-11  0.4300E-11  0.6440E-11  0.9150E-11  0.1120E-10  0.1120E-10  0.9630E-11  0.8420E-11
  0.1000E+13  0.1000E-73  0.1000E-73  0.3880E-38  0.1360E-23  0.1180E-16  0.1150E-12  0.2040E-11  0.4920E-11  0.7370E-11  0.1050E-10  0.1300E-10  0.1330E-10  0.1180E-10  0.1050E-10
  0.1000E+14  0.1000E-73  0.1000E-73  0.4170E-38  0.1450E-23  0.1220E-16  0.1170E-12  0.2070E-11  0.4990E-11  0.7480E-11  0.1070E-10  0.1320E-10  0.1360E-10  0.1210E-10  0.1080E-10
  0.1000E+15  0.1000E-73  0.1000E-73  0.4210E-38  0.1460E-23  0.1220E-16  0.1170E-12  0.2070E-11  0.5000E-11  0.7500E-11  0.1070E-10  0.1320E-10  0.1370E-10  0.1210E-10  0.1080E-10
  0.1000E+16  0.1000E-73  0.1000E-73  0.4210E-38  0.1460E-23  0.1230E-16  0.1180E-12  0.2080E-11  0.5020E-11  0.7520E-11  0.1070E-10  0.1320E-10  0.1370E-10  0.1210E-10  0.1080E-10
  0.1000E+17  0.1000E-73  0.1000E-73  0.4290E-38  0.1510E-23  0.1310E-16  0.1260E-12  0.2180E-11  0.5170E-11  0.7660E-11  0.1080E-10  0.1320E-10  0.1360E-10  0.1200E-10  0.1070E-10
WAVELENGTH(A)= 
  1964.790
 7 14 t 
excit   
     0.620      0.931      1.550      3.100      6.200     15.500     31.000     46.500     62.000     93.100    155.000    310.000    620.000    931.000 
  0.1000E+11  0.4350E-45  0.1950E-33  0.3760E-24  0.3060E-17  0.7510E-14  0.6480E-12  0.2400E-11  0.3470E-11  0.4030E-11  0.4460E-11  0.4510E-11  0.4030E-11  0.3320E-11  0.2890E-11
  0.1000E+12  0.4330E-45  0.1950E-33  0.3760E-24  0.3060E-17  0.7500E-14  0.6480E-12  0.2400E-11  0.3470E-11  0.4020E-11  0.4450E-11  0.4500E-11  0.4020E-11  0.3310E-11  0.2880E-11
  0.1000E+13  0.4300E-45  0.1930E-33  0.3740E-24  0.3040E-17  0.7480E-14  0.6460E-12  0.2400E-11  0.3460E-11  0.4020E-11  0.4450E-11  0.4490E-11  0.4020E-11  0.3300E-11  0.2880E-11
  0.1000E+14  0.4020E-45  0.1820E-33  0.3560E-24  0.2920E-17  0.7230E-14  0.6300E-12  0.2350E-11  0.3400E-11  0.3960E-11  0.4390E-11  0.4450E-11  0.3990E-11  0.3290E-11  0.2870E-11
  0.1000E+15  0.3030E-45  0.1390E-33  0.2760E-24  0.2310E-17  0.5850E-14  0.5290E-12  0.2040E-11  0.3000E-11  0.3530E-11  0.3980E-11  0.4120E-11  0.3790E-11  0.3180E-11  0.2800E-11
  0.1000E+16  0.2590E-45  0.1150E-33  0.2190E-24  0.1750E-17  0.4280E-14  0.3790E-12  0.1470E-11  0.2180E-11  0.2600E-11  0.2990E-11  0.3200E-11  0.3110E-11  0.2760E-11  0.2510E-11
  0.1000E+17  0.4850E-45  0.1960E-33  0.3320E-24  0.2270E-17  0.4920E-14  0.3900E-12  0.1410E-11  0.2030E-11  0.2370E-11  0.2680E-11  0.2820E-11  0.2720E-11  0.2430E-11  0.2230E-11
WAVELENGTH(A)= 
  1978.010
 7 14 t 
excit   
     0.620      0.931      1.550      3.100      6.200     15.500     31.000     46.500     62.000     93.100    155.000    310.000    620.000    931.000 
  0.1000E+11  0.1310E-43  0.5750E-32  0.1080E-22  0.8350E-16  0.1960E-12  0.1640E-10  0.6070E-10  0.8770E-10  0.1020E-09  0.1140E-09  0.1170E-09  0.1050E-09  0.8640E-10  0.7510E-10
  0.1000E+12  0.1310E-43  0.5750E-32  0.1080E-22  0.8350E-16  0.1960E-12  0.1640E-10  0.6070E-10  0.8770E-10  0.1020E-09  0.1140E-09  0.1170E-09  0.1050E-09  0.8620E-10  0.7490E-10
  0.1000E+13  0.1310E-43  0.5750E-32  0.1080E-22  0.8350E-16  0.1960E-12  0.1640E-10  0.6070E-10  0.8770E-10  0.1020E-09  0.1140E-09  0.1160E-09  0.1050E-09  0.8620E-10  0.7480E-10
  0.1000E+14  0.1330E-43  0.5800E-32  0.1090E-22  0.8400E-16  0.1970E-12  0.1640E-10  0.6090E-10  0.8800E-10  0.1020E-09  0.1140E-09  0.1170E-09  0.1050E-09  0.8640E-10  0.7500E-10
  0.1000E+15  0.1420E-43  0.6170E-32  0.1150E-22  0.8830E-16  0.2060E-12  0.1710E-10  0.6290E-10  0.9070E-10  0.1050E-09  0.1180E-09  0.1200E-09  0.1080E-09  0.8880E-10  0.7710E-10
  0.1000E+16  0.1720E-43  0.7370E-32  0.1360E-22  0.1040E-15  0.2420E-12  0.2000E-10  0.7350E-10  0.1060E-09  0.1230E-09  0.1370E-09  0.1410E-09  0.1280E-09  0.1060E-09  0.9260E-10
  0.1000E+17  0.3510E-43  0.1380E-31  0.2300E-22  0.1540E-15  0.3310E-12  0.2590E-10  0.9280E-10  0.1320E-09  0.1530E-09  0.1720E-09  0.1790E-09  0.1690E-09  0.1470E-09  0.1320E-09
WAVELENGTH(A)= 
  2016.530
 7 14 t 
excit   
     0.620      0.931      1.550      3.100      6.200     15.500     31.000     46.500     62.000     93.100    155.000    310.000    620.000    931.000 
  0.1000E+11  0.2480E-35  0.1710E-26  0.1860E-19  0.3270E-14  0.1310E-11  0.4270E-10  0.1210E-09  0.1620E-09  0.1840E-09  0.2010E-09  0.2060E-09  0.1920E-09  0.1690E-09  0.1530E-09
  0.1000E+12  0.2480E-35  0.1710E-26  0.1860E-19  0.3270E-14  0.1310E-11  0.4270E-10  0.1210E-09  0.1620E-09  0.1830E-09  0.2010E-09  0.2050E-09  0.1920E-09  0.1680E-09  0.1520E-09
  0.1000E+13  0.2480E-35  0.1710E-26  0.1860E-19  0.3270E-14  0.1310E-11  0.4270E-10  0.1210E-09  0.1620E-09  0.1830E-09  0.2000E-09  0.2050E-09  0.1920E-09  0.1680E-09  0.1520E-09
  0.1000E+14  0.2490E-35  0.1710E-26  0.1870E-19  0.3260E-14  0.1300E-11  0.4260E-10  0.1210E-09  0.1620E-09  0.1830E-09  0.2000E-09  0.2050E-09  0.1910E-09  0.1680E-09  0.1520E-09
  0.1000E+15  0.2530E-35  0.1740E-26  0.1880E-19  0.3260E-14  0.1290E-11  0.4150E-10  0.1180E-09  0.1580E-09  0.1790E-09  0.1960E-09  0.2020E-09  0.1890E-09  0.1670E-09  0.1510E-09
  0.1000E+16  0.2900E-35  0.1950E-26  0.2050E-19  0.3370E-14  0.1240E-11  0.3790E-10  0.1060E-09  0.1420E-09  0.1610E-09  0.1780E-09  0.1850E-09  0.1770E-09  0.1580E-09  0.1440E-09
  0.1000E+17  0.4650E-35  0.3010E-26  0.2990E-19  0.4300E-14  0.1340E-11  0.3450E-10  0.8900E-10  0.1160E-09  0.1300E-09  0.1420E-09  0.1470E-09  0.1420E-09  0.1300E-09  0.1200E-09
WAVELENGTH(A)= 
  2025.490
 7 14 t 
excit   
     0.620      0.931      1.550      3.100      6.200     15.500     31.000     46.500     62.000     93.100    155.000    310.000    620.000    931.000 
  0.1000E+11  0.1000E-73  0.1670E-35  0.4220E-25  0.2290E-17  0.1420E-13  0.2120E-11  0.9490E-11  0.1450E-10  0.1740E-10  0.2000E-10  0.2080E-10  0.1900E-10  0.1570E-10  0.1360E-10
  0.1000E+12  0.1000E-73  0.1670E-35  0.4220E-25  0.2290E-17  0.1420E-13  0.2120E-11  0.9490E-11  0.1450E-10  0.1740E-10  0.2000E-10  0.2080E-10  0.1900E-10  0.1570E-10  0.1360E-10
  0.1000E+13  0.1000E-73  0.1670E-35  0.4220E-25  0.2290E-17  0.1420E-13  0.2120E-11  0.9490E-11  0.1450E-10  0.1740E-10  0.2000E-10  0.2070E-10  0.1900E-10  0.1570E-10  0.1360E-10
  0.1000E+14  0.1300E-48  0.1670E-35  0.4230E-25  0.2290E-17  0.1420E-13  0.2120E-11  0.9490E-11  0.1450E-10  0.1740E-10  0.2000E-10  0.2080E-10  0.1900E-10  0.1570E-10  0.1360E-10
  0.1000E+15  0.1520E-48  0.1690E-35  0.4260E-25  0.2300E-17  0.1430E-13  0.2130E-11  0.9540E-11  0.1460E-10  0.1750E-10  0.2010E-10  0.2090E-10  0.1910E-10  0.1580E-10  0.1370E-10
  0.1000E+16  0.1660E-48  0.1840E-35  0.4560E-25  0.2430E-17  0.1500E-13  0.2220E-11  0.9930E-11  0.1520E-10  0.1820E-10  0.2100E-10  0.2190E-10  0.2030E-10  0.1690E-10  0.1470E-10
  0.1000E+17  0.3580E-48  0.3590E-35  0.7920E-25  0.3710E-17  0.2100E-13  0.2930E-11  0.1260E-10  0.1900E-10  0.2260E-10  0.2590E-10  0.2720E-10  0.2560E-10  0.2200E-10  0.1950E-10
WAVELENGTH(A)= 
  2033.620
 7 14 t 
excit   
     0.620      0.931      1.550      3.100      6.200     15.500     31.000     46.500     62.000     93.100    155.000    310.000    620.000    931.000 
  0.1000E+11  0.9290E-44  0.3890E-32  0.7160E-23  0.5470E-16  0.1300E-12  0.1110E-10  0.4220E-10  0.6210E-10  0.7370E-10  0.8510E-10  0.9220E-10  0.9220E-10  0.8500E-10  0.7950E-10
  0.1000E+12  0.9250E-44  0.3890E-32  0.7160E-23  0.5470E-16  0.1300E-12  0.1110E-10  0.4220E-10  0.6210E-10  0.7360E-10  0.8500E-10  0.9200E-10  0.9200E-10  0.8480E-10  0.7930E-10
  0.1000E+13  0.9260E-44  0.3900E-32  0.7160E-23  0.5480E-16  0.1300E-12  0.1110E-10  0.4220E-10  0.6210E-10  0.7360E-10  0.8500E-10  0.9190E-10  0.9200E-10  0.8470E-10  0.7920E-10
  0.1000E+14  0.9340E-44  0.3930E-32  0.7210E-23  0.5510E-16  0.1310E-12  0.1110E-10  0.4230E-10  0.6220E-10  0.7380E-10  0.8510E-10  0.9200E-10  0.9200E-10  0.8470E-10  0.7920E-10
  0.1000E+15  0.9600E-44  0.4040E-32  0.7410E-23  0.5660E-16  0.1340E-12  0.1140E-10  0.4310E-10  0.6320E-10  0.7480E-10  0.8600E-10  0.9260E-10  0.9220E-10  0.8470E-10  0.7910E-10
  0.1000E+16  0.1050E-43  0.4350E-32  0.7830E-23  0.5900E-16  0.1390E-12  0.1170E-10  0.4410E-10  0.6450E-10  0.7610E-10  0.8700E-10  0.9300E-10  0.9150E-10  0.8340E-10  0.7760E-10
  0.1000E+17  0.2090E-43  0.7910E-32  0.1270E-22  0.8340E-16  0.1770E-12  0.1380E-10  0.4950E-10  0.7070E-10  0.8220E-10  0.9240E-10  0.9690E-10  0.9290E-10  0.8280E-10  0.7590E-10
WAVELENGTH(A)= 
  2122.680
 7 14 t 
excit   
     0.620      0.931      1.550      3.100      6.200     15.500     31.000     46.500     62.000     93.100    155.000    310.000    620.000    931.000 
  0.1000E+11  0.4380E-39  0.6980E-29  0.9300E-21  0.1030E-14  0.9730E-12  0.4970E-10  0.1590E-09  0.2180E-09  0.2480E-09  0.2710E-09  0.2730E-09  0.2460E-09  0.2060E-09  0.1830E-09
  0.1000E+12  0.4380E-39  0.6980E-29  0.9300E-21  0.1030E-14  0.9730E-12  0.4970E-10  0.1590E-09  0.2180E-09  0.2480E-09  0.2710E-09  0.2720E-09  0.2460E-09  0.2060E-09  0.1820E-09
  0.1000E+13  0.4380E-39  0.6970E-29  0.9290E-21  0.1030E-14  0.9720E-12  0.4970E-10  0.1580E-09  0.2180E-09  0.2480E-09  0.2700E-09  0.2720E-09  0.2450E-09  0.2060E-09  0.1820E-09
  0.1000E+14  0.4310E-39  0.6880E-29  0.9190E-21  0.1020E-14  0.9650E-12  0.4940E-10  0.1580E-09  0.2170E-09  0.2470E-09  0.2700E-09  0.2710E-09  0.2450E-09  0.2050E-09  0.1820E-09
  0.1000E+15  0.3880E-39  0.6250E-29  0.8430E-21  0.9440E-15  0.9010E-12  0.4670E-10  0.1510E-09  0.2090E-09  0.2390E-09  0.2620E-09  0.2650E-09  0.2410E-09  0.2030E-09  0.1800E-09
  0.1000E+16  0.3200E-39  0.5070E-29  0.6750E-21  0.7420E-15  0.6970E-12  0.3620E-10  0.1200E-09  0.1690E-09  0.1960E-09  0.2200E-09  0.2290E-09  0.2170E-09  0.1890E-09  0.1700E-09
  0.1000E+17  0.4910E-39  0.7160E-29  0.8620E-21  0.8220E-15  0.6760E-12  0.3090E-10  0.9500E-10  0.1310E-09  0.1500E-09  0.1680E-09  0.1760E-09  0.1720E-09  0.1560E-09  0.1440E-09
WAVELENGTH(A)= 
  3313.710
 7 14 t 
excit   
     0.620      0.931      1.550      3.100      6.200     15.500     31.000     46.500     62.000     93.100    155.000    310.000    620.000    931.000 
  0.1000E+11  0.1000E-73  0.3630E-34  0.3280E-24  0.8280E-17  0.3500E-13  0.4150E-11  0.1730E-10  0.2580E-10  0.3060E-10  0.3480E-10  0.3600E-10  0.3270E-10  0.2690E-10  0.2330E-10
  0.1000E+12  0.1410E-46  0.3630E-34  0.3280E-24  0.8280E-17  0.3500E-13  0.4150E-11  0.1730E-10  0.2580E-10  0.3060E-10  0.3470E-10  0.3590E-10  0.3260E-10  0.2680E-10  0.2330E-10
  0.1000E+13  0.1130E-46  0.3630E-34  0.3280E-24  0.8280E-17  0.3500E-13  0.4150E-11  0.1730E-10  0.2580E-10  0.3060E-10  0.3470E-10  0.3590E-10  0.3260E-10  0.2680E-10  0.2330E-10
  0.1000E+14  0.1160E-46  0.3640E-34  0.3290E-24  0.8310E-17  0.3520E-13  0.4170E-11  0.1730E-10  0.2590E-10  0.3070E-10  0.3480E-10  0.3610E-10  0.3270E-10  0.2700E-10  0.2340E-10
  0.1000E+15  0.1180E-46  0.3700E-34  0.3350E-24  0.8450E-17  0.3580E-13  0.4250E-11  0.1770E-10  0.2650E-10  0.3150E-10  0.3590E-10  0.3730E-10  0.3410E-10  0.2830E-10  0.2470E-10
  0.1000E+16  0.1290E-46  0.4000E-34  0.3570E-24  0.8930E-17  0.3770E-13  0.4480E-11  0.1870E-10  0.2820E-10  0.3370E-10  0.3870E-10  0.4100E-10  0.3880E-10  0.3350E-10  0.2980E-10
  0.1000E+17  0.2740E-46  0.7670E-34  0.6100E-24  0.1330E-16  0.5160E-13  0.5740E-11  0.2300E-10  0.3390E-10  0.4000E-10  0.4560E-10  0.4790E-10  0.4560E-10  0.3990E-10  0.3610E-10
WAVELENGTH(A)= 
  3454.390
 7 14 t 
excit   
     0.620      0.931      1.550      3.100      6.200     15.500     31.000     46.500     62.000     93.100    155.000    310.000    620.000    931.000 
  0.1000E+11  0.1000E-73  0.2170E-34  0.1950E-24  0.4910E-17  0.2090E-13  0.2510E-11  0.1060E-10  0.1620E-10  0.1950E-10  0.2290E-10  0.2500E-10  0.2500E-10  0.2320E-10  0.2160E-10
  0.1000E+12  0.5160E-47  0.2170E-34  0.1950E-24  0.4910E-17  0.2090E-13  0.2510E-11  0.1060E-10  0.1620E-10  0.1950E-10  0.2290E-10  0.2490E-10  0.2500E-10  0.2320E-10  0.2160E-10
  0.1000E+13  0.7220E-47  0.2170E-34  0.1950E-24  0.4910E-17  0.2090E-13  0.2510E-11  0.1060E-10  0.1620E-10  0.1950E-10  0.2290E-10  0.2490E-10  0.2490E-10  0.2310E-10  0.2150E-10
  0.1000E+14  0.7010E-47  0.2170E-34  0.1950E-24  0.4910E-17  0.2090E-13  0.2510E-11  0.1060E-10  0.1610E-10  0.1950E-10  0.2280E-10  0.2490E-10  0.2490E-10  0.2310E-10  0.2150E-10
  0.1000E+15  0.7070E-47  0.2180E-34  0.1950E-24  0.4910E-17  0.2090E-13  0.2500E-11  0.1060E-10  0.1610E-10  0.1930E-10  0.2260E-10  0.2460E-10  0.2460E-10  0.2270E-10  0.2120E-10
  0.1000E+16  0.7740E-47  0.2350E-34  0.2070E-24  0.5120E-17  0.2160E-13  0.2560E-11  0.1070E-10  0.1620E-10  0.1940E-10  0.2260E-10  0.2430E-10  0.2380E-10  0.2160E-10  0.2000E-10
  0.1000E+17  0.1640E-46  0.4510E-34  0.3540E-24  0.7640E-17  0.2940E-13  0.3260E-11  0.1300E-10  0.1920E-10  0.2270E-10  0.2590E-10  0.2720E-10  0.2590E-10  0.2290E-10  0.2070E-10
WAVELENGTH(A)= 
  3862.940
 7 14 t 
excit   
     0.620      0.931      1.550      3.100      6.200     15.500     31.000     46.500     62.000     93.100    155.000    310.000    620.000    931.000 
  0.1000E+11  0.5630E-44  0.2520E-32  0.4870E-23  0.3960E-16  0.9720E-13  0.8390E-11  0.3110E-10  0.4490E-10  0.5220E-10  0.5780E-10  0.5840E-10  0.5220E-10  0.4300E-10  0.3740E-10
  0.1000E+12  0.5610E-44  0.2520E-32  0.4870E-23  0.3960E-16  0.9720E-13  0.8390E-11  0.3110E-10  0.4490E-10  0.5210E-10  0.5770E-10  0.5830E-10  0.5210E-10  0.4290E-10  0.3730E-10
  0.1000E+13  0.5570E-44  0.2500E-32  0.4840E-23  0.3940E-16  0.9680E-13  0.8360E-11  0.3100E-10  0.4480E-10  0.5200E-10  0.5760E-10  0.5820E-10  0.5200E-10  0.4280E-10  0.3730E-10
  0.1000E+14  0.5210E-44  0.2360E-32  0.4600E-23  0.3780E-16  0.9360E-13  0.8150E-11  0.3040E-10  0.4410E-10  0.5130E-10  0.5690E-10  0.5760E-10  0.5170E-10  0.4260E-10  0.3710E-10
  0.1000E+15  0.3920E-44  0.1800E-32  0.3570E-23  0.2990E-16  0.7580E-13  0.6850E-11  0.2640E-10  0.3880E-10  0.4570E-10  0.5160E-10  0.5340E-10  0.4900E-10  0.4120E-10  0.3630E-10
  0.1000E+16  0.3350E-44  0.1490E-32  0.2840E-23  0.2260E-16  0.5550E-13  0.4910E-11  0.1900E-10  0.2830E-10  0.3360E-10  0.3880E-10  0.4150E-10  0.4020E-10  0.3570E-10  0.3250E-10
  0.1000E+17  0.6280E-44  0.2540E-32  0.4300E-23  0.2930E-16  0.6370E-13  0.5050E-11  0.1830E-10  0.2630E-10  0.3070E-10  0.3470E-10  0.3660E-10  0.3520E-10  0.3150E-10  0.2890E-10
WAVELENGTH(A)= 
  4125.240
 7 14 t 
excit   
     0.620      0.931      1.550      3.100      6.200     15.500     31.000     46.500     62.000     93.100    155.000    310.000    620.000    931.000 
  0.1000E+11  0.2950E-42  0.2390E-31  0.1210E-22  0.3820E-16  0.6080E-13  0.4170E-11  0.1470E-10  0.2100E-10  0.2440E-10  0.2750E-10  0.2880E-10  0.2740E-10  0.2410E-10  0.2200E-10
  0.1000E+12  0.2950E-42  0.2390E-31  0.1210E-22  0.3820E-16  0.6080E-13  0.4170E-11  0.1470E-10  0.2100E-10  0.2440E-10  0.2750E-10  0.2870E-10  0.2730E-10  0.2410E-10  0.2190E-10
  0.1000E+13  0.2950E-42  0.2390E-31  0.1210E-22  0.3820E-16  0.6070E-13  0.4160E-11  0.1460E-10  0.2090E-10  0.2440E-10  0.2750E-10  0.2870E-10  0.2730E-10  0.2410E-10  0.2190E-10
  0.1000E+14  0.2970E-42  0.2400E-31  0.1210E-22  0.3800E-16  0.6030E-13  0.4130E-11  0.1460E-10  0.2080E-10  0.2430E-10  0.2740E-10  0.2860E-10  0.2720E-10  0.2400E-10  0.2190E-10
  0.1000E+15  0.3080E-42  0.2470E-31  0.1220E-22  0.3720E-16  0.5780E-13  0.3940E-11  0.1390E-10  0.2000E-10  0.2340E-10  0.2660E-10  0.2790E-10  0.2670E-10  0.2370E-10  0.2170E-10
  0.1000E+16  0.3540E-42  0.2760E-31  0.1310E-22  0.3690E-16  0.5410E-13  0.3540E-11  0.1240E-10  0.1790E-10  0.2100E-10  0.2390E-10  0.2540E-10  0.2460E-10  0.2220E-10  0.2040E-10
  0.1000E+17  0.6070E-42  0.4420E-31  0.1890E-22  0.4510E-16  0.5750E-13  0.3350E-11  0.1110E-10  0.1550E-10  0.1780E-10  0.2000E-10  0.2110E-10  0.2040E-10  0.1850E-10  0.1710E-10
WAVELENGTH(A)= 
  5136.790
 7 14 t 
excit   
     0.620      0.931      1.550      3.100      6.200     15.500     31.000     46.500     62.000     93.100    155.000    310.000    620.000    931.000 
  0.1000E+11  0.1000E-73  0.1100E-35  0.2790E-25  0.1510E-17  0.9390E-14  0.1400E-11  0.6270E-11  0.9610E-11  0.1150E-10  0.1320E-10  0.1370E-10  0.1260E-10  0.1040E-10  0.8990E-11
  0.1000E+12  0.1000E-73  0.1100E-35  0.2790E-25  0.1510E-17  0.9390E-14  0.1400E-11  0.6260E-11  0.9600E-11  0.1150E-10  0.1320E-10  0.1370E-10  0.1250E-10  0.1030E-10  0.8970E-11
  0.1000E+13  0.1000E-73  0.1100E-35  0.2790E-25  0.1510E-17  0.9390E-14  0.1400E-11  0.6260E-11  0.9600E-11  0.1150E-10  0.1320E-10  0.1370E-10  0.1250E-10  0.1030E-10  0.8960E-11
  0.1000E+14  0.8580E-49  0.1100E-35  0.2790E-25  0.1510E-17  0.9400E-14  0.1400E-11  0.6270E-11  0.9600E-11  0.1150E-10  0.1320E-10  0.1370E-10  0.1250E-10  0.1030E-10  0.8970E-11
  0.1000E+15  0.1000E-48  0.1110E-35  0.2810E-25  0.1520E-17  0.9450E-14  0.1410E-11  0.6300E-11  0.9650E-11  0.1150E-10  0.1330E-10  0.1380E-10  0.1260E-10  0.1040E-10  0.9050E-11
  0.1000E+16  0.1090E-48  0.1210E-35  0.3010E-25  0.1610E-17  0.9910E-14  0.1470E-11  0.6560E-11  0.1000E-10  0.1200E-10  0.1390E-10  0.1450E-10  0.1340E-10  0.1120E-10  0.9740E-11
  0.1000E+17  0.2360E-48  0.2370E-35  0.5230E-25  0.2450E-17  0.1390E-13  0.1930E-11  0.8320E-11  0.1250E-10  0.1490E-10  0.1710E-10  0.1800E-10  0.1690E-10  0.1450E-10  0.1290E-10
