 50  7 14
WAVELENGTH(A)= 
    56.667
 7 14 t 
excit   
     2.090      3.130      5.210     10.400     20.900     52.100    104.000    156.000    209.000    313.000    521.000   1040.000   2090.000   3130.000 
  0.1000E+11  0.1000E-73  0.3390E-38  0.3610E-26  0.3160E-17  0.7450E-13  0.2280E-10  0.1290E-09  0.2170E-09  0.2750E-09  0.3400E-09  0.3890E-09  0.4120E-09  0.4030E-09  0.3880E-09
  0.1000E+12  0.1000E-73  0.3150E-38  0.3000E-26  0.2300E-17  0.4960E-13  0.1340E-10  0.7140E-10  0.1180E-09  0.1480E-09  0.1820E-09  0.2100E-09  0.2270E-09  0.2280E-09  0.2240E-09
  0.1000E+13  0.1000E-73  0.2580E-38  0.2020E-26  0.1250E-17  0.2200E-13  0.4950E-11  0.2540E-10  0.4140E-10  0.5170E-10  0.6340E-10  0.7260E-10  0.7810E-10  0.7880E-10  0.7770E-10
  0.1000E+14  0.1000E-73  0.2040E-38  0.1270E-26  0.6080E-18  0.1050E-13  0.2790E-11  0.1510E-10  0.2480E-10  0.3110E-10  0.3780E-10  0.4260E-10  0.4430E-10  0.4270E-10  0.4080E-10
  0.1000E+15  0.1000E-73  0.1920E-38  0.1130E-26  0.5050E-18  0.8870E-14  0.2510E-11  0.1380E-10  0.2280E-10  0.2850E-10  0.3470E-10  0.3890E-10  0.4000E-10  0.3800E-10  0.3590E-10
  0.1000E+16  0.1000E-73  0.1900E-38  0.1120E-26  0.4940E-18  0.8710E-14  0.2480E-11  0.1370E-10  0.2250E-10  0.2820E-10  0.3430E-10  0.3840E-10  0.3950E-10  0.3740E-10  0.3540E-10
  0.1000E+17  0.1000E-73  0.1900E-38  0.1120E-26  0.4930E-18  0.8680E-14  0.2460E-11  0.1340E-10  0.2200E-10  0.2750E-10  0.3340E-10  0.3750E-10  0.3860E-10  0.3680E-10  0.3480E-10
WAVELENGTH(A)= 
   162.301
 7 14 t 
excit   
     2.090      3.130      5.210     10.400     20.900     52.100    104.000    156.000    209.000    313.000    521.000   1040.000   2090.000   3130.000 
  0.1000E+11  0.3290E-24  0.5360E-19  0.7070E-15  0.7280E-12  0.1900E-10  0.1040E-09  0.1650E-09  0.1870E-09  0.1970E-09  0.2050E-09  0.2060E-09  0.1970E-09  0.1800E-09  0.1680E-09
  0.1000E+12  0.3560E-24  0.5470E-19  0.6460E-15  0.5820E-12  0.1440E-10  0.7690E-10  0.1200E-09  0.1350E-09  0.1410E-09  0.1460E-09  0.1460E-09  0.1390E-09  0.1270E-09  0.1180E-09
  0.1000E+13  0.7420E-24  0.9860E-19  0.9230E-15  0.6280E-12  0.1320E-10  0.6420E-10  0.9740E-10  0.1080E-09  0.1130E-09  0.1150E-09  0.1140E-09  0.1060E-09  0.9440E-10  0.8700E-10
  0.1000E+14  0.1880E-23  0.2160E-18  0.1630E-14  0.8570E-12  0.1490E-10  0.6700E-10  0.9970E-10  0.1100E-09  0.1140E-09  0.1160E-09  0.1140E-09  0.1050E-09  0.9270E-10  0.8480E-10
  0.1000E+15  0.2320E-23  0.2580E-18  0.1890E-14  0.9570E-12  0.1580E-10  0.6850E-10  0.1010E-09  0.1110E-09  0.1150E-09  0.1170E-09  0.1150E-09  0.1060E-09  0.9390E-10  0.8590E-10
  0.1000E+16  0.2380E-23  0.2630E-18  0.1920E-14  0.9700E-12  0.1590E-10  0.6860E-10  0.1010E-09  0.1110E-09  0.1150E-09  0.1170E-09  0.1150E-09  0.1060E-09  0.9390E-10  0.8600E-10
  0.1000E+17  0.2380E-23  0.2630E-18  0.1920E-14  0.9710E-12  0.1590E-10  0.6820E-10  0.9950E-10  0.1090E-09  0.1130E-09  0.1140E-09  0.1120E-09  0.1040E-09  0.9240E-10  0.8480E-10
WAVELENGTH(A)= 
   177.029
 7 14 t 
excit   
     2.090      3.130      5.210     10.400     20.900     52.100    104.000    156.000    209.000    313.000    521.000   1040.000   2090.000   3130.000 
  0.1000E+11  0.1340E-22  0.7910E-18  0.4660E-14  0.2620E-11  0.5070E-10  0.2330E-09  0.3470E-09  0.3850E-09  0.4010E-09  0.4120E-09  0.4090E-09  0.3870E-09  0.3510E-09  0.3260E-09
  0.1000E+12  0.1390E-22  0.7850E-18  0.4160E-14  0.2060E-11  0.3680E-10  0.1550E-09  0.2210E-09  0.2420E-09  0.2500E-09  0.2560E-09  0.2550E-09  0.2430E-09  0.2240E-09  0.2100E-09
  0.1000E+13  0.1950E-22  0.9530E-18  0.4070E-14  0.1570E-11  0.2390E-10  0.9140E-10  0.1280E-09  0.1390E-09  0.1430E-09  0.1450E-09  0.1430E-09  0.1340E-09  0.1220E-09  0.1130E-09
  0.1000E+14  0.3320E-22  0.1390E-17  0.4730E-14  0.1410E-11  0.1910E-10  0.7390E-10  0.1040E-09  0.1130E-09  0.1160E-09  0.1170E-09  0.1140E-09  0.1060E-09  0.9350E-10  0.8590E-10
  0.1000E+15  0.3800E-22  0.1530E-17  0.4980E-14  0.1400E-11  0.1830E-10  0.7100E-10  0.1000E-09  0.1090E-09  0.1120E-09  0.1130E-09  0.1100E-09  0.1010E-09  0.8850E-10  0.8090E-10
  0.1000E+16  0.3860E-22  0.1550E-17  0.5010E-14  0.1400E-11  0.1820E-10  0.7060E-10  0.9970E-10  0.1080E-09  0.1110E-09  0.1120E-09  0.1090E-09  0.9980E-10  0.8780E-10  0.8020E-10
  0.1000E+17  0.3850E-22  0.1540E-17  0.5000E-14  0.1390E-11  0.1810E-10  0.7000E-10  0.9800E-10  0.1060E-09  0.1080E-09  0.1090E-09  0.1060E-09  0.9770E-10  0.8630E-10  0.7900E-10
WAVELENGTH(A)= 
   179.394
 7 14 t 
excit   
     2.090      3.130      5.210     10.400     20.900     52.100    104.000    156.000    209.000    313.000    521.000   1040.000   2090.000   3130.000 
  0.1000E+11  0.3110E-24  0.5070E-19  0.6690E-15  0.6880E-12  0.1800E-10  0.9830E-10  0.1560E-09  0.1770E-09  0.1860E-09  0.1940E-09  0.1950E-09  0.1860E-09  0.1700E-09  0.1590E-09
  0.1000E+12  0.3360E-24  0.5180E-19  0.6110E-15  0.5500E-12  0.1360E-10  0.7270E-10  0.1130E-09  0.1270E-09  0.1340E-09  0.1380E-09  0.1380E-09  0.1320E-09  0.1200E-09  0.1120E-09
  0.1000E+13  0.7020E-24  0.9330E-19  0.8730E-15  0.5940E-12  0.1250E-10  0.6070E-10  0.9210E-10  0.1020E-09  0.1070E-09  0.1090E-09  0.1070E-09  0.1000E-09  0.8930E-10  0.8230E-10
  0.1000E+14  0.1780E-23  0.2040E-18  0.1540E-14  0.8100E-12  0.1410E-10  0.6330E-10  0.9430E-10  0.1040E-09  0.1080E-09  0.1100E-09  0.1080E-09  0.9940E-10  0.8770E-10  0.8020E-10
  0.1000E+15  0.2200E-23  0.2440E-18  0.1780E-14  0.9050E-12  0.1490E-10  0.6480E-10  0.9570E-10  0.1050E-09  0.1090E-09  0.1110E-09  0.1090E-09  0.1010E-09  0.8880E-10  0.8130E-10
  0.1000E+16  0.2250E-23  0.2480E-18  0.1810E-14  0.9180E-12  0.1510E-10  0.6490E-10  0.9570E-10  0.1050E-09  0.1090E-09  0.1110E-09  0.1090E-09  0.1010E-09  0.8880E-10  0.8130E-10
  0.1000E+17  0.2250E-23  0.2480E-18  0.1810E-14  0.9180E-12  0.1500E-10  0.6450E-10  0.9410E-10  0.1030E-09  0.1070E-09  0.1080E-09  0.1060E-09  0.9850E-10  0.8740E-10  0.8020E-10
WAVELENGTH(A)= 
   185.295
 7 14 t 
excit   
     2.090      3.130      5.210     10.400     20.900     52.100    104.000    156.000    209.000    313.000    521.000   1040.000   2090.000   3130.000 
  0.1000E+11  0.9510E-22  0.3400E-17  0.1340E-13  0.5550E-11  0.9210E-10  0.3810E-09  0.5490E-09  0.6030E-09  0.6240E-09  0.6390E-09  0.6330E-09  0.5990E-09  0.5430E-09  0.5080E-09
  0.1000E+12  0.9860E-22  0.3330E-17  0.1170E-13  0.4240E-11  0.6460E-10  0.2450E-09  0.3380E-09  0.3660E-09  0.3770E-09  0.3840E-09  0.3810E-09  0.3630E-09  0.3330E-09  0.3150E-09
  0.1000E+13  0.1440E-21  0.4220E-17  0.1180E-13  0.3300E-11  0.4220E-10  0.1470E-09  0.2010E-09  0.2160E-09  0.2210E-09  0.2230E-09  0.2180E-09  0.2030E-09  0.1820E-09  0.1690E-09
  0.1000E+14  0.2580E-21  0.6530E-17  0.1480E-13  0.3200E-11  0.3640E-10  0.1270E-09  0.1740E-09  0.1870E-09  0.1910E-09  0.1920E-09  0.1860E-09  0.1700E-09  0.1490E-09  0.1370E-09
  0.1000E+15  0.2980E-21  0.7260E-17  0.1580E-13  0.3280E-11  0.3600E-10  0.1250E-09  0.1710E-09  0.1830E-09  0.1870E-09  0.1870E-09  0.1810E-09  0.1650E-09  0.1440E-09  0.1320E-09
  0.1000E+16  0.3030E-21  0.7350E-17  0.1600E-13  0.3290E-11  0.3590E-10  0.1240E-09  0.1700E-09  0.1820E-09  0.1860E-09  0.1860E-09  0.1800E-09  0.1640E-09  0.1430E-09  0.1310E-09
  0.1000E+17  0.3020E-21  0.7340E-17  0.1590E-13  0.3280E-11  0.3580E-10  0.1230E-09  0.1670E-09  0.1780E-09  0.1810E-09  0.1810E-09  0.1750E-09  0.1600E-09  0.1410E-09  0.1290E-09
WAVELENGTH(A)= 
   187.726
 7 14 t 
excit   
     2.090      3.130      5.210     10.400     20.900     52.100    104.000    156.000    209.000    313.000    521.000   1040.000   2090.000   3130.000 
  0.1000E+11  0.2580E-21  0.8130E-17  0.2900E-13  0.1130E-10  0.1850E-09  0.7870E-09  0.1140E-08  0.1250E-08  0.1300E-08  0.1320E-08  0.1300E-08  0.1220E-08  0.1100E-08  0.1020E-08
  0.1000E+12  0.2830E-21  0.8700E-17  0.2890E-13  0.1000E-10  0.1510E-09  0.5780E-09  0.7940E-09  0.8590E-09  0.8850E-09  0.9010E-09  0.8890E-09  0.8430E-09  0.7700E-09  0.7220E-09
  0.1000E+13  0.4070E-21  0.1080E-16  0.2880E-13  0.7800E-11  0.9790E-10  0.3240E-09  0.4310E-09  0.4610E-09  0.4720E-09  0.4770E-09  0.4670E-09  0.4400E-09  0.4010E-09  0.3760E-09
  0.1000E+14  0.6240E-21  0.1390E-16  0.2880E-13  0.5960E-11  0.6760E-10  0.2330E-09  0.3160E-09  0.3390E-09  0.3460E-09  0.3480E-09  0.3370E-09  0.3100E-09  0.2750E-09  0.2530E-09
  0.1000E+15  0.6930E-21  0.1470E-16  0.2880E-13  0.5560E-11  0.6190E-10  0.2190E-09  0.2990E-09  0.3200E-09  0.3270E-09  0.3280E-09  0.3170E-09  0.2890E-09  0.2540E-09  0.2320E-09
  0.1000E+16  0.7010E-21  0.1480E-16  0.2880E-13  0.5510E-11  0.6120E-10  0.2170E-09  0.2960E-09  0.3170E-09  0.3240E-09  0.3250E-09  0.3140E-09  0.2870E-09  0.2510E-09  0.2300E-09
  0.1000E+17  0.7000E-21  0.1480E-16  0.2880E-13  0.5500E-11  0.6110E-10  0.2150E-09  0.2910E-09  0.3100E-09  0.3160E-09  0.3160E-09  0.3060E-09  0.2800E-09  0.2470E-09  0.2260E-09
WAVELENGTH(A)= 
   193.885
 7 14 t 
excit   
     2.090      3.130      5.210     10.400     20.900     52.100    104.000    156.000    209.000    313.000    521.000   1040.000   2090.000   3130.000 
  0.1000E+11  0.9260E-22  0.2100E-17  0.5890E-14  0.1920E-11  0.2960E-10  0.1260E-09  0.1830E-09  0.2000E-09  0.2070E-09  0.2100E-09  0.2060E-09  0.1910E-09  0.1690E-09  0.1550E-09
  0.1000E+12  0.1190E-21  0.2720E-17  0.7290E-14  0.2140E-11  0.3020E-10  0.1160E-09  0.1620E-09  0.1750E-09  0.1790E-09  0.1810E-09  0.1780E-09  0.1660E-09  0.1490E-09  0.1380E-09
  0.1000E+13  0.2550E-21  0.4920E-17  0.1010E-13  0.2240E-11  0.2630E-10  0.8710E-10  0.1160E-09  0.1230E-09  0.1260E-09  0.1260E-09  0.1230E-09  0.1140E-09  0.1030E-09  0.9550E-10
  0.1000E+14  0.4900E-21  0.7830E-17  0.1240E-13  0.2090E-11  0.2130E-10  0.6910E-10  0.9200E-10  0.9780E-10  0.9950E-10  0.9930E-10  0.9610E-10  0.8810E-10  0.7790E-10  0.7140E-10
  0.1000E+15  0.5640E-21  0.8580E-17  0.1280E-13  0.2020E-11  0.2000E-10  0.6560E-10  0.8760E-10  0.9310E-10  0.9470E-10  0.9440E-10  0.9110E-10  0.8300E-10  0.7280E-10  0.6630E-10
  0.1000E+16  0.5730E-21  0.8660E-17  0.1290E-13  0.2010E-11  0.1980E-10  0.6510E-10  0.8690E-10  0.9240E-10  0.9400E-10  0.9360E-10  0.9030E-10  0.8220E-10  0.7210E-10  0.6560E-10
  0.1000E+17  0.5720E-21  0.8650E-17  0.1290E-13  0.2000E-11  0.1980E-10  0.6460E-10  0.8540E-10  0.9030E-10  0.9170E-10  0.9120E-10  0.8800E-10  0.8050E-10  0.7080E-10  0.6460E-10
WAVELENGTH(A)= 
   194.945
 7 14 t 
excit   
     2.090      3.130      5.210     10.400     20.900     52.100    104.000    156.000    209.000    313.000    521.000   1040.000   2090.000   3130.000 
  0.1000E+11  0.2920E-23  0.1600E-18  0.1020E-14  0.6330E-12  0.1570E-10  0.1020E-09  0.1650E-09  0.1860E-09  0.1940E-09  0.1980E-09  0.1920E-09  0.1750E-09  0.1480E-09  0.1320E-09
  0.1000E+12  0.1370E-22  0.7270E-18  0.3870E-14  0.1810E-11  0.3220E-10  0.1440E-09  0.2090E-09  0.2290E-09  0.2370E-09  0.2410E-09  0.2360E-09  0.2210E-09  0.1950E-09  0.1800E-09
  0.1000E+13  0.5770E-22  0.2110E-17  0.7190E-14  0.2280E-11  0.3180E-10  0.1180E-09  0.1630E-09  0.1750E-09  0.1800E-09  0.1820E-09  0.1780E-09  0.1670E-09  0.1500E-09  0.1390E-09
  0.1000E+14  0.1190E-21  0.3520E-17  0.9110E-14  0.2200E-11  0.2670E-10  0.9610E-10  0.1320E-09  0.1420E-09  0.1460E-09  0.1470E-09  0.1430E-09  0.1320E-09  0.1170E-09  0.1070E-09
  0.1000E+15  0.1380E-21  0.3870E-17  0.9480E-14  0.2150E-11  0.2530E-10  0.9150E-10  0.1270E-09  0.1360E-09  0.1390E-09  0.1400E-09  0.1360E-09  0.1250E-09  0.1090E-09  0.1000E-09
  0.1000E+16  0.1400E-21  0.3910E-17  0.9520E-14  0.2140E-11  0.2510E-10  0.9090E-10  0.1260E-09  0.1350E-09  0.1380E-09  0.1390E-09  0.1350E-09  0.1240E-09  0.1080E-09  0.9900E-10
  0.1000E+17  0.1400E-21  0.3910E-17  0.9510E-14  0.2140E-11  0.2500E-10  0.9020E-10  0.1230E-09  0.1320E-09  0.1350E-09  0.1350E-09  0.1310E-09  0.1210E-09  0.1060E-09  0.9750E-10
WAVELENGTH(A)= 
   197.556
 7 14 t 
excit   
     2.090      3.130      5.210     10.400     20.900     52.100    104.000    156.000    209.000    313.000    521.000   1040.000   2090.000   3130.000 
  0.1000E+11  0.1510E-24  0.2740E-19  0.4460E-15  0.5690E-12  0.2030E-10  0.1650E-09  0.2920E-09  0.3370E-09  0.3570E-09  0.3690E-09  0.3630E-09  0.3290E-09  0.2820E-09  0.2500E-09
  0.1000E+12  0.1080E-23  0.1780E-18  0.2290E-14  0.2110E-11  0.5400E-10  0.3260E-09  0.5350E-09  0.6060E-09  0.6360E-09  0.6510E-09  0.6380E-09  0.5810E-09  0.5030E-09  0.4510E-09
  0.1000E+13  0.6750E-23  0.9090E-18  0.8360E-14  0.5300E-11  0.1060E-09  0.5490E-09  0.8580E-09  0.9600E-09  0.1000E-08  0.1030E-08  0.1010E-08  0.9320E-09  0.8180E-09  0.7410E-09
  0.1000E+14  0.1600E-22  0.1890E-17  0.1470E-13  0.7790E-11  0.1350E-09  0.6100E-09  0.9160E-09  0.1020E-08  0.1060E-08  0.1080E-08  0.1070E-08  0.9920E-09  0.8860E-09  0.8130E-09
  0.1000E+15  0.1870E-22  0.2140E-17  0.1610E-13  0.8330E-11  0.1390E-09  0.6090E-09  0.9090E-09  0.1010E-08  0.1050E-08  0.1070E-08  0.1050E-08  0.9780E-09  0.8720E-09  0.7990E-09
  0.1000E+16  0.1900E-22  0.2170E-17  0.1620E-13  0.8390E-11  0.1390E-09  0.6090E-09  0.9060E-09  0.1000E-08  0.1040E-08  0.1060E-08  0.1050E-08  0.9730E-09  0.8680E-09  0.7950E-09
  0.1000E+17  0.1900E-22  0.2170E-17  0.1620E-13  0.8380E-11  0.1390E-09  0.6040E-09  0.8910E-09  0.9800E-09  0.1020E-08  0.1040E-08  0.1020E-08  0.9530E-09  0.8530E-09  0.7840E-09
WAVELENGTH(A)= 
   197.561
 7 14 t 
excit   
     2.090      3.130      5.210     10.400     20.900     52.100    104.000    156.000    209.000    313.000    521.000   1040.000   2090.000   3130.000 
  0.1000E+11  0.7150E-23  0.4230E-18  0.2490E-14  0.1400E-11  0.2710E-10  0.1240E-09  0.1850E-09  0.2060E-09  0.2140E-09  0.2200E-09  0.2190E-09  0.2070E-09  0.1870E-09  0.1740E-09
  0.1000E+12  0.7450E-23  0.4190E-18  0.2220E-14  0.1100E-11  0.1970E-10  0.8270E-10  0.1180E-09  0.1290E-09  0.1340E-09  0.1370E-09  0.1360E-09  0.1300E-09  0.1190E-09  0.1120E-09
  0.1000E+13  0.1040E-22  0.5090E-18  0.2170E-14  0.8400E-12  0.1270E-10  0.4880E-10  0.6840E-10  0.7430E-10  0.7660E-10  0.7770E-10  0.7650E-10  0.7170E-10  0.6490E-10  0.6060E-10
  0.1000E+14  0.1770E-22  0.7420E-18  0.2530E-14  0.7520E-12  0.1020E-10  0.3950E-10  0.5560E-10  0.6040E-10  0.6210E-10  0.6260E-10  0.6110E-10  0.5640E-10  0.4990E-10  0.4590E-10
  0.1000E+15  0.2030E-22  0.8170E-18  0.2660E-14  0.7460E-12  0.9770E-11  0.3790E-10  0.5360E-10  0.5810E-10  0.5980E-10  0.6020E-10  0.5860E-10  0.5370E-10  0.4730E-10  0.4320E-10
  0.1000E+16  0.2060E-22  0.8260E-18  0.2670E-14  0.7460E-12  0.9720E-11  0.3770E-10  0.5330E-10  0.5770E-10  0.5940E-10  0.5970E-10  0.5810E-10  0.5330E-10  0.4690E-10  0.4280E-10
  0.1000E+17  0.2060E-22  0.8250E-18  0.2670E-14  0.7450E-12  0.9690E-11  0.3740E-10  0.5230E-10  0.5650E-10  0.5790E-10  0.5820E-10  0.5670E-10  0.5220E-10  0.4610E-10  0.4220E-10
WAVELENGTH(A)= 
   197.685
 7 14 t 
excit   
     2.090      3.130      5.210     10.400     20.900     52.100    104.000    156.000    209.000    313.000    521.000   1040.000   2090.000   3130.000 
  0.1000E+11  0.6830E-23  0.3470E-18  0.2100E-14  0.1240E-11  0.3020E-10  0.1930E-09  0.3110E-09  0.3480E-09  0.3630E-09  0.3680E-09  0.3580E-09  0.3230E-09  0.2750E-09  0.2450E-09
  0.1000E+12  0.3700E-22  0.1750E-17  0.8470E-14  0.3670E-11  0.6160E-10  0.2590E-09  0.3670E-09  0.3990E-09  0.4120E-09  0.4160E-09  0.4090E-09  0.3820E-09  0.3430E-09  0.3170E-09
  0.1000E+13  0.1490E-21  0.4760E-17  0.1440E-13  0.4140E-11  0.5350E-10  0.1880E-09  0.2550E-09  0.2740E-09  0.2810E-09  0.2830E-09  0.2780E-09  0.2600E-09  0.2350E-09  0.2190E-09
  0.1000E+14  0.2800E-21  0.7190E-17  0.1650E-13  0.3630E-11  0.4200E-10  0.1480E-09  0.2020E-09  0.2170E-09  0.2230E-09  0.2230E-09  0.2170E-09  0.2000E-09  0.1770E-09  0.1630E-09
  0.1000E+15  0.3160E-21  0.7730E-17  0.1690E-13  0.3510E-11  0.3960E-10  0.1410E-09  0.1930E-09  0.2070E-09  0.2120E-09  0.2120E-09  0.2050E-09  0.1880E-09  0.1650E-09  0.1510E-09
  0.1000E+16  0.3200E-21  0.7790E-17  0.1690E-13  0.3490E-11  0.3930E-10  0.1400E-09  0.1920E-09  0.2060E-09  0.2100E-09  0.2110E-09  0.2040E-09  0.1860E-09  0.1640E-09  0.1500E-09
  0.1000E+17  0.3200E-21  0.7780E-17  0.1690E-13  0.3490E-11  0.3920E-10  0.1380E-09  0.1880E-09  0.2010E-09  0.2050E-09  0.2050E-09  0.1990E-09  0.1820E-09  0.1610E-09  0.1470E-09
WAVELENGTH(A)= 
   200.263
 7 14 t 
excit   
     2.090      3.130      5.210     10.400     20.900     52.100    104.000    156.000    209.000    313.000    521.000   1040.000   2090.000   3130.000 
  0.1000E+11  0.3970E-22  0.1270E-17  0.4680E-14  0.1860E-11  0.3170E-10  0.1410E-09  0.2080E-09  0.2290E-09  0.2380E-09  0.2420E-09  0.2380E-09  0.2220E-09  0.1970E-09  0.1810E-09
  0.1000E+12  0.4790E-22  0.1550E-17  0.5430E-14  0.1940E-11  0.2990E-10  0.1170E-09  0.1620E-09  0.1750E-09  0.1810E-09  0.1830E-09  0.1810E-09  0.1710E-09  0.1550E-09  0.1440E-09
  0.1000E+13  0.8690E-22  0.2360E-17  0.6350E-14  0.1700E-11  0.2150E-10  0.7340E-10  0.9880E-10  0.1060E-09  0.1090E-09  0.1090E-09  0.1070E-09  0.1000E-09  0.9080E-10  0.8460E-10
  0.1000E+14  0.1500E-21  0.3370E-17  0.7020E-14  0.1440E-11  0.1630E-10  0.5670E-10  0.7700E-10  0.8240E-10  0.8430E-10  0.8450E-10  0.8210E-10  0.7540E-10  0.6680E-10  0.6130E-10
  0.1000E+15  0.1700E-21  0.3660E-17  0.7230E-14  0.1390E-11  0.1530E-10  0.5380E-10  0.7330E-10  0.7860E-10  0.8030E-10  0.8030E-10  0.7780E-10  0.7110E-10  0.6240E-10  0.5690E-10
  0.1000E+16  0.1730E-21  0.3690E-17  0.7250E-14  0.1390E-11  0.1520E-10  0.5340E-10  0.7280E-10  0.7800E-10  0.7970E-10  0.7970E-10  0.7710E-10  0.7040E-10  0.6180E-10  0.5630E-10
  0.1000E+17  0.1730E-21  0.3690E-17  0.7240E-14  0.1380E-11  0.1520E-10  0.5300E-10  0.7150E-10  0.7620E-10  0.7770E-10  0.7760E-10  0.7520E-10  0.6890E-10  0.6070E-10  0.5550E-10
WAVELENGTH(A)= 
   200.472
 7 14 t 
excit   
     2.090      3.130      5.210     10.400     20.900     52.100    104.000    156.000    209.000    313.000    521.000   1040.000   2090.000   3130.000 
  0.1000E+11  0.2030E-21  0.6370E-17  0.2270E-13  0.8860E-11  0.1450E-09  0.6170E-09  0.8910E-09  0.9790E-09  0.1020E-08  0.1040E-08  0.1020E-08  0.9580E-09  0.8600E-09  0.7960E-09
  0.1000E+12  0.2220E-21  0.6820E-17  0.2260E-13  0.7870E-11  0.1190E-09  0.4530E-09  0.6220E-09  0.6730E-09  0.6940E-09  0.7060E-09  0.6960E-09  0.6610E-09  0.6040E-09  0.5660E-09
  0.1000E+13  0.3190E-21  0.8500E-17  0.2260E-13  0.6110E-11  0.7680E-10  0.2540E-09  0.3380E-09  0.3610E-09  0.3700E-09  0.3740E-09  0.3660E-09  0.3440E-09  0.3140E-09  0.2950E-09
  0.1000E+14  0.4890E-21  0.1090E-16  0.2260E-13  0.4670E-11  0.5300E-10  0.1830E-09  0.2480E-09  0.2660E-09  0.2710E-09  0.2730E-09  0.2640E-09  0.2430E-09  0.2160E-09  0.1990E-09
  0.1000E+15  0.5430E-21  0.1160E-16  0.2260E-13  0.4360E-11  0.4850E-10  0.1710E-09  0.2340E-09  0.2510E-09  0.2560E-09  0.2570E-09  0.2480E-09  0.2270E-09  0.1990E-09  0.1820E-09
  0.1000E+16  0.5500E-21  0.1160E-16  0.2260E-13  0.4320E-11  0.4800E-10  0.1700E-09  0.2320E-09  0.2490E-09  0.2540E-09  0.2550E-09  0.2460E-09  0.2250E-09  0.1970E-09  0.1800E-09
  0.1000E+17  0.5490E-21  0.1160E-16  0.2260E-13  0.4310E-11  0.4790E-10  0.1690E-09  0.2280E-09  0.2430E-09  0.2480E-09  0.2480E-09  0.2400E-09  0.2200E-09  0.1940E-09  0.1770E-09
WAVELENGTH(A)= 
   203.611
 7 14 t 
excit   
     2.090      3.130      5.210     10.400     20.900     52.100    104.000    156.000    209.000    313.000    521.000   1040.000   2090.000   3130.000 
  0.1000E+11  0.5730E-24  0.9340E-19  0.1230E-14  0.1270E-11  0.3320E-10  0.1810E-09  0.2870E-09  0.3260E-09  0.3440E-09  0.3570E-09  0.3590E-09  0.3430E-09  0.3130E-09  0.2930E-09
  0.1000E+12  0.6200E-24  0.9540E-19  0.1130E-14  0.1010E-11  0.2510E-10  0.1340E-09  0.2090E-09  0.2350E-09  0.2460E-09  0.2550E-09  0.2550E-09  0.2430E-09  0.2210E-09  0.2060E-09
  0.1000E+13  0.1290E-23  0.1720E-18  0.1610E-14  0.1090E-11  0.2290E-10  0.1120E-09  0.1700E-09  0.1890E-09  0.1960E-09  0.2010E-09  0.1980E-09  0.1850E-09  0.1650E-09  0.1520E-09
  0.1000E+14  0.3280E-23  0.3760E-18  0.2840E-14  0.1490E-11  0.2600E-10  0.1170E-09  0.1740E-09  0.1920E-09  0.1990E-09  0.2020E-09  0.1980E-09  0.1830E-09  0.1620E-09  0.1480E-09
  0.1000E+15  0.4050E-23  0.4490E-18  0.3290E-14  0.1670E-11  0.2750E-10  0.1190E-09  0.1760E-09  0.1940E-09  0.2010E-09  0.2050E-09  0.2010E-09  0.1850E-09  0.1640E-09  0.1500E-09
  0.1000E+16  0.4140E-23  0.4580E-18  0.3340E-14  0.1690E-11  0.2770E-10  0.1200E-09  0.1760E-09  0.1940E-09  0.2010E-09  0.2040E-09  0.2000E-09  0.1850E-09  0.1640E-09  0.1500E-09
  0.1000E+17  0.4140E-23  0.4580E-18  0.3340E-14  0.1690E-11  0.2770E-10  0.1190E-09  0.1730E-09  0.1900E-09  0.1960E-09  0.1990E-09  0.1960E-09  0.1820E-09  0.1610E-09  0.1480E-09
WAVELENGTH(A)= 
   207.510
 7 14 t 
excit   
     2.090      3.130      5.210     10.400     20.900     52.100    104.000    156.000    209.000    313.000    521.000   1040.000   2090.000   3130.000 
  0.1000E+11  0.1820E-21  0.4140E-17  0.1160E-13  0.3780E-11  0.5820E-10  0.2470E-09  0.3590E-09  0.3940E-09  0.4070E-09  0.4130E-09  0.4040E-09  0.3750E-09  0.3330E-09  0.3050E-09
  0.1000E+12  0.2330E-21  0.5350E-17  0.1430E-13  0.4200E-11  0.5940E-10  0.2280E-09  0.3180E-09  0.3430E-09  0.3530E-09  0.3560E-09  0.3490E-09  0.3260E-09  0.2930E-09  0.2700E-09
  0.1000E+13  0.5010E-21  0.9670E-17  0.1990E-13  0.4390E-11  0.5170E-10  0.1710E-09  0.2270E-09  0.2420E-09  0.2470E-09  0.2480E-09  0.2420E-09  0.2250E-09  0.2030E-09  0.1880E-09
  0.1000E+14  0.9630E-21  0.1540E-16  0.2440E-13  0.4120E-11  0.4190E-10  0.1360E-09  0.1810E-09  0.1920E-09  0.1960E-09  0.1950E-09  0.1890E-09  0.1730E-09  0.1530E-09  0.1400E-09
  0.1000E+15  0.1110E-20  0.1690E-16  0.2530E-13  0.3970E-11  0.3930E-10  0.1290E-09  0.1720E-09  0.1830E-09  0.1860E-09  0.1860E-09  0.1790E-09  0.1630E-09  0.1430E-09  0.1300E-09
  0.1000E+16  0.1130E-20  0.1700E-16  0.2530E-13  0.3950E-11  0.3900E-10  0.1280E-09  0.1710E-09  0.1820E-09  0.1850E-09  0.1840E-09  0.1770E-09  0.1620E-09  0.1420E-09  0.1290E-09
  0.1000E+17  0.1120E-20  0.1700E-16  0.2530E-13  0.3940E-11  0.3880E-10  0.1270E-09  0.1680E-09  0.1780E-09  0.1800E-09  0.1790E-09  0.1730E-09  0.1580E-09  0.1390E-09  0.1270E-09
WAVELENGTH(A)= 
   210.978
 7 14 t 
excit   
     2.090      3.130      5.210     10.400     20.900     52.100    104.000    156.000    209.000    313.000    521.000   1040.000   2090.000   3130.000 
  0.1000E+11  0.2040E-21  0.6410E-17  0.2290E-13  0.8910E-11  0.1460E-09  0.6210E-09  0.8970E-09  0.9850E-09  0.1020E-08  0.1040E-08  0.1030E-08  0.9640E-09  0.8650E-09  0.8010E-09
  0.1000E+12  0.2230E-21  0.6860E-17  0.2280E-13  0.7920E-11  0.1190E-09  0.4560E-09  0.6260E-09  0.6770E-09  0.6980E-09  0.7110E-09  0.7010E-09  0.6650E-09  0.6080E-09  0.5690E-09
  0.1000E+13  0.3210E-21  0.8550E-17  0.2270E-13  0.6150E-11  0.7720E-10  0.2560E-09  0.3400E-09  0.3630E-09  0.3720E-09  0.3760E-09  0.3680E-09  0.3470E-09  0.3160E-09  0.2960E-09
  0.1000E+14  0.4920E-21  0.1100E-16  0.2270E-13  0.4700E-11  0.5330E-10  0.1840E-09  0.2500E-09  0.2670E-09  0.2730E-09  0.2740E-09  0.2660E-09  0.2450E-09  0.2170E-09  0.2000E-09
  0.1000E+15  0.5470E-21  0.1160E-16  0.2270E-13  0.4390E-11  0.4880E-10  0.1730E-09  0.2360E-09  0.2520E-09  0.2580E-09  0.2590E-09  0.2500E-09  0.2280E-09  0.2000E-09  0.1830E-09
  0.1000E+16  0.5530E-21  0.1170E-16  0.2270E-13  0.4350E-11  0.4830E-10  0.1710E-09  0.2340E-09  0.2500E-09  0.2550E-09  0.2560E-09  0.2470E-09  0.2260E-09  0.1980E-09  0.1810E-09
  0.1000E+17  0.5520E-21  0.1170E-16  0.2270E-13  0.4340E-11  0.4820E-10  0.1700E-09  0.2290E-09  0.2450E-09  0.2490E-09  0.2500E-09  0.2410E-09  0.2210E-09  0.1950E-09  0.1780E-09
WAVELENGTH(A)= 
   213.557
 7 14 t 
excit   
     2.090      3.130      5.210     10.400     20.900     52.100    104.000    156.000    209.000    313.000    521.000   1040.000   2090.000   3130.000 
  0.1000E+11  0.1190E-19  0.1030E-15  0.1310E-12  0.2340E-10  0.2550E-09  0.8280E-09  0.1100E-08  0.1170E-08  0.1200E-08  0.1200E-08  0.1170E-08  0.1080E-08  0.9560E-09  0.8810E-09
  0.1000E+12  0.1190E-19  0.9840E-16  0.1120E-12  0.1760E-10  0.1760E-09  0.5040E-09  0.6310E-09  0.6610E-09  0.6690E-09  0.6690E-09  0.6550E-09  0.6150E-09  0.5600E-09  0.5240E-09
  0.1000E+13  0.1260E-19  0.9130E-16  0.8470E-13  0.1050E-10  0.8660E-10  0.2150E-09  0.2610E-09  0.2710E-09  0.2740E-09  0.2710E-09  0.2630E-09  0.2450E-09  0.2220E-09  0.2080E-09
  0.1000E+14  0.1480E-19  0.9160E-16  0.6770E-13  0.6470E-11  0.5040E-10  0.1400E-09  0.1770E-09  0.1850E-09  0.1860E-09  0.1840E-09  0.1760E-09  0.1590E-09  0.1390E-09  0.1270E-09
  0.1000E+15  0.1560E-19  0.9270E-16  0.6530E-13  0.5860E-11  0.4520E-10  0.1300E-09  0.1660E-09  0.1730E-09  0.1740E-09  0.1720E-09  0.1640E-09  0.1470E-09  0.1270E-09  0.1150E-09
  0.1000E+16  0.1570E-19  0.9280E-16  0.6500E-13  0.5800E-11  0.4470E-10  0.1290E-09  0.1640E-09  0.1720E-09  0.1730E-09  0.1700E-09  0.1620E-09  0.1450E-09  0.1250E-09  0.1130E-09
  0.1000E+17  0.1570E-19  0.9250E-16  0.6480E-13  0.5780E-11  0.4450E-10  0.1280E-09  0.1610E-09  0.1680E-09  0.1680E-09  0.1660E-09  0.1580E-09  0.1420E-09  0.1230E-09  0.1120E-09
WAVELENGTH(A)= 
   214.177
 7 14 t 
excit   
     2.090      3.130      5.210     10.400     20.900     52.100    104.000    156.000    209.000    313.000    521.000   1040.000   2090.000   3130.000 
  0.1000E+11  0.7310E-22  0.1970E-17  0.6210E-14  0.2180E-11  0.3350E-10  0.1340E-09  0.1920E-09  0.2100E-09  0.2180E-09  0.2220E-09  0.2200E-09  0.2080E-09  0.1890E-09  0.1760E-09
  0.1000E+12  0.8590E-22  0.2190E-17  0.6140E-14  0.1880E-11  0.2730E-10  0.1080E-09  0.1530E-09  0.1670E-09  0.1720E-09  0.1740E-09  0.1710E-09  0.1600E-09  0.1440E-09  0.1330E-09
  0.1000E+13  0.1940E-21  0.4290E-17  0.9640E-14  0.2250E-11  0.2760E-10  0.9800E-10  0.1340E-09  0.1440E-09  0.1470E-09  0.1480E-09  0.1440E-09  0.1320E-09  0.1180E-09  0.1080E-09
  0.1000E+14  0.4070E-21  0.7810E-17  0.1430E-13  0.2620E-11  0.2720E-10  0.9010E-10  0.1210E-09  0.1300E-09  0.1320E-09  0.1320E-09  0.1280E-09  0.1170E-09  0.1030E-09  0.9450E-10
  0.1000E+15  0.4740E-21  0.8750E-17  0.1530E-13  0.2670E-11  0.2680E-10  0.8780E-10  0.1180E-09  0.1260E-09  0.1280E-09  0.1280E-09  0.1240E-09  0.1130E-09  0.9890E-10  0.9030E-10
  0.1000E+16  0.4820E-21  0.8860E-17  0.1540E-13  0.2680E-11  0.2670E-10  0.8740E-10  0.1170E-09  0.1250E-09  0.1280E-09  0.1270E-09  0.1230E-09  0.1120E-09  0.9820E-10  0.8960E-10
  0.1000E+17  0.4810E-21  0.8840E-17  0.1540E-13  0.2670E-11  0.2660E-10  0.8670E-10  0.1150E-09  0.1220E-09  0.1250E-09  0.1240E-09  0.1200E-09  0.1100E-09  0.9650E-10  0.8830E-10
WAVELENGTH(A)= 
   214.473
 7 14 t 
excit   
     2.090      3.130      5.210     10.400     20.900     52.100    104.000    156.000    209.000    313.000    521.000   1040.000   2090.000   3130.000 
  0.1000E+11  0.1340E-22  0.7940E-18  0.4670E-14  0.2630E-11  0.5080E-10  0.2340E-09  0.3480E-09  0.3860E-09  0.4020E-09  0.4130E-09  0.4110E-09  0.3880E-09  0.3520E-09  0.3270E-09
  0.1000E+12  0.1400E-22  0.7870E-18  0.4180E-14  0.2070E-11  0.3690E-10  0.1550E-09  0.2210E-09  0.2430E-09  0.2510E-09  0.2570E-09  0.2560E-09  0.2440E-09  0.2240E-09  0.2110E-09
  0.1000E+13  0.1960E-22  0.9550E-18  0.4080E-14  0.1580E-11  0.2390E-10  0.9170E-10  0.1280E-09  0.1400E-09  0.1440E-09  0.1460E-09  0.1440E-09  0.1350E-09  0.1220E-09  0.1140E-09
  0.1000E+14  0.3330E-22  0.1390E-17  0.4750E-14  0.1410E-11  0.1910E-10  0.7410E-10  0.1050E-09  0.1130E-09  0.1170E-09  0.1180E-09  0.1150E-09  0.1060E-09  0.9380E-10  0.8610E-10
  0.1000E+15  0.3810E-22  0.1530E-17  0.4990E-14  0.1400E-11  0.1830E-10  0.7120E-10  0.1010E-09  0.1090E-09  0.1120E-09  0.1130E-09  0.1100E-09  0.1010E-09  0.8880E-10  0.8110E-10
  0.1000E+16  0.3870E-22  0.1550E-17  0.5020E-14  0.1400E-11  0.1820E-10  0.7080E-10  0.1000E-09  0.1080E-09  0.1110E-09  0.1120E-09  0.1090E-09  0.1000E-09  0.8800E-10  0.8040E-10
  0.1000E+17  0.3870E-22  0.1550E-17  0.5010E-14  0.1400E-11  0.1820E-10  0.7030E-10  0.9830E-10  0.1060E-09  0.1090E-09  0.1090E-09  0.1060E-09  0.9800E-10  0.8650E-10  0.7920E-10
WAVELENGTH(A)= 
   218.236
 7 14 t 
excit   
     2.090      3.130      5.210     10.400     20.900     52.100    104.000    156.000    209.000    313.000    521.000   1040.000   2090.000   3130.000 
  0.1000E+11  0.1010E-19  0.7200E-16  0.7790E-13  0.1240E-10  0.1270E-09  0.4020E-09  0.5310E-09  0.5630E-09  0.5750E-09  0.5750E-09  0.5590E-09  0.5160E-09  0.4610E-09  0.4240E-09
  0.1000E+12  0.1040E-19  0.7120E-16  0.6980E-13  0.9800E-11  0.9440E-10  0.2780E-09  0.3540E-09  0.3710E-09  0.3760E-09  0.3750E-09  0.3650E-09  0.3390E-09  0.3060E-09  0.2840E-09
  0.1000E+13  0.1360E-19  0.8180E-16  0.6640E-13  0.7510E-11  0.6160E-10  0.1570E-09  0.1920E-09  0.1990E-09  0.2000E-09  0.1980E-09  0.1910E-09  0.1760E-09  0.1580E-09  0.1470E-09
  0.1000E+14  0.2000E-19  0.1020E-15  0.6540E-13  0.5650E-11  0.4140E-10  0.1100E-09  0.1370E-09  0.1420E-09  0.1430E-09  0.1400E-09  0.1340E-09  0.1210E-09  0.1050E-09  0.9650E-10
  0.1000E+15  0.2200E-19  0.1070E-15  0.6450E-13  0.5150E-11  0.3730E-10  0.1020E-09  0.1280E-09  0.1330E-09  0.1340E-09  0.1310E-09  0.1250E-09  0.1120E-09  0.9660E-10  0.8770E-10
  0.1000E+16  0.2230E-19  0.1080E-15  0.6440E-13  0.5090E-11  0.3680E-10  0.1010E-09  0.1270E-09  0.1320E-09  0.1320E-09  0.1300E-09  0.1240E-09  0.1110E-09  0.9540E-10  0.8660E-10
  0.1000E+17  0.2220E-19  0.1070E-15  0.6410E-13  0.5070E-11  0.3660E-10  0.1000E-09  0.1250E-09  0.1290E-09  0.1290E-09  0.1270E-09  0.1200E-09  0.1080E-09  0.9370E-10  0.8520E-10
WAVELENGTH(A)= 
   218.788
 7 14 t 
excit   
     2.090      3.130      5.210     10.400     20.900     52.100    104.000    156.000    209.000    313.000    521.000   1040.000   2090.000   3130.000 
  0.1000E+11  0.2130E-21  0.4830E-17  0.1350E-13  0.4410E-11  0.6800E-10  0.2880E-09  0.4190E-09  0.4600E-09  0.4750E-09  0.4820E-09  0.4720E-09  0.4370E-09  0.3880E-09  0.3560E-09
  0.1000E+12  0.2720E-21  0.6250E-17  0.1670E-13  0.4910E-11  0.6930E-10  0.2670E-09  0.3710E-09  0.4010E-09  0.4120E-09  0.4160E-09  0.4070E-09  0.3800E-09  0.3420E-09  0.3160E-09
  0.1000E+13  0.5850E-21  0.1130E-16  0.2320E-13  0.5130E-11  0.6030E-10  0.2000E-09  0.2650E-09  0.2830E-09  0.2880E-09  0.2890E-09  0.2820E-09  0.2630E-09  0.2360E-09  0.2190E-09
  0.1000E+14  0.1120E-20  0.1800E-16  0.2850E-13  0.4800E-11  0.4900E-10  0.1590E-09  0.2110E-09  0.2240E-09  0.2280E-09  0.2280E-09  0.2210E-09  0.2020E-09  0.1790E-09  0.1640E-09
  0.1000E+15  0.1290E-20  0.1970E-16  0.2950E-13  0.4630E-11  0.4590E-10  0.1500E-09  0.2010E-09  0.2140E-09  0.2170E-09  0.2170E-09  0.2090E-09  0.1900E-09  0.1670E-09  0.1520E-09
  0.1000E+16  0.1310E-20  0.1990E-16  0.2960E-13  0.4610E-11  0.4550E-10  0.1490E-09  0.1990E-09  0.2120E-09  0.2160E-09  0.2150E-09  0.2070E-09  0.1890E-09  0.1650E-09  0.1510E-09
  0.1000E+17  0.1310E-20  0.1980E-16  0.2950E-13  0.4600E-11  0.4530E-10  0.1480E-09  0.1960E-09  0.2070E-09  0.2100E-09  0.2090E-09  0.2020E-09  0.1850E-09  0.1620E-09  0.1480E-09
WAVELENGTH(A)= 
   218.908
 7 14 t 
excit   
     2.090      3.130      5.210     10.400     20.900     52.100    104.000    156.000    209.000    313.000    521.000   1040.000   2090.000   3130.000 
  0.1000E+11  0.9700E-22  0.2170E-17  0.5870E-14  0.1860E-11  0.2770E-10  0.1160E-09  0.1690E-09  0.1850E-09  0.1920E-09  0.1940E-09  0.1900E-09  0.1760E-09  0.1560E-09  0.1430E-09
  0.1000E+12  0.1370E-21  0.2960E-17  0.7420E-14  0.2100E-11  0.3160E-10  0.1430E-09  0.2120E-09  0.2320E-09  0.2400E-09  0.2410E-09  0.2340E-09  0.2130E-09  0.1850E-09  0.1670E-09
  0.1000E+13  0.4390E-21  0.8290E-17  0.1680E-13  0.3750E-11  0.4680E-10  0.1660E-09  0.2240E-09  0.2390E-09  0.2440E-09  0.2440E-09  0.2360E-09  0.2180E-09  0.1930E-09  0.1770E-09
  0.1000E+14  0.1040E-20  0.1660E-16  0.2630E-13  0.4440E-11  0.4480E-10  0.1440E-09  0.1910E-09  0.2030E-09  0.2060E-09  0.2060E-09  0.1980E-09  0.1810E-09  0.1600E-09  0.1460E-09
  0.1000E+15  0.1230E-20  0.1870E-16  0.2790E-13  0.4360E-11  0.4250E-10  0.1370E-09  0.1830E-09  0.1940E-09  0.1970E-09  0.1970E-09  0.1890E-09  0.1720E-09  0.1500E-09  0.1370E-09
  0.1000E+16  0.1260E-20  0.1890E-16  0.2800E-13  0.4350E-11  0.4220E-10  0.1360E-09  0.1810E-09  0.1930E-09  0.1960E-09  0.1950E-09  0.1870E-09  0.1710E-09  0.1490E-09  0.1360E-09
  0.1000E+17  0.1250E-20  0.1890E-16  0.2800E-13  0.4340E-11  0.4210E-10  0.1350E-09  0.1780E-09  0.1880E-09  0.1910E-09  0.1900E-09  0.1830E-09  0.1670E-09  0.1460E-09  0.1340E-09
WAVELENGTH(A)= 
   226.727
 7 14 t 
excit   
     2.090      3.130      5.210     10.400     20.900     52.100    104.000    156.000    209.000    313.000    521.000   1040.000   2090.000   3130.000 
  0.1000E+11  0.2930E-22  0.1050E-17  0.4120E-14  0.1710E-11  0.2840E-10  0.1180E-09  0.1690E-09  0.1860E-09  0.1930E-09  0.1970E-09  0.1950E-09  0.1850E-09  0.1670E-09  0.1570E-09
  0.1000E+12  0.3040E-22  0.1030E-17  0.3600E-14  0.1310E-11  0.1990E-10  0.7560E-10  0.1040E-09  0.1130E-09  0.1160E-09  0.1180E-09  0.1170E-09  0.1120E-09  0.1030E-09  0.9720E-10
  0.1000E+13  0.4450E-22  0.1300E-17  0.3650E-14  0.1020E-11  0.1300E-10  0.4540E-10  0.6190E-10  0.6660E-10  0.6830E-10  0.6880E-10  0.6720E-10  0.6260E-10  0.5610E-10  0.5230E-10
  0.1000E+14  0.7970E-22  0.2010E-17  0.4570E-14  0.9870E-12  0.1120E-10  0.3930E-10  0.5380E-10  0.5780E-10  0.5910E-10  0.5920E-10  0.5730E-10  0.5240E-10  0.4600E-10  0.4220E-10
  0.1000E+15  0.9190E-22  0.2240E-17  0.4890E-14  0.1010E-11  0.1110E-10  0.3850E-10  0.5260E-10  0.5650E-10  0.5770E-10  0.5770E-10  0.5580E-10  0.5080E-10  0.4440E-10  0.4060E-10
  0.1000E+16  0.9340E-22  0.2270E-17  0.4930E-14  0.1010E-11  0.1110E-10  0.3840E-10  0.5240E-10  0.5620E-10  0.5740E-10  0.5740E-10  0.5550E-10  0.5050E-10  0.4420E-10  0.4030E-10
  0.1000E+17  0.9320E-22  0.2260E-17  0.4920E-14  0.1010E-11  0.1110E-10  0.3810E-10  0.5150E-10  0.5490E-10  0.5600E-10  0.5590E-10  0.5410E-10  0.4950E-10  0.4340E-10  0.3970E-10
WAVELENGTH(A)= 
   227.076
 7 14 t 
excit   
     2.090      3.130      5.210     10.400     20.900     52.100    104.000    156.000    209.000    313.000    521.000   1040.000   2090.000   3130.000 
  0.1000E+11  0.7300E-22  0.2300E-17  0.8200E-14  0.3190E-11  0.5240E-10  0.2220E-09  0.3210E-09  0.3530E-09  0.3670E-09  0.3740E-09  0.3680E-09  0.3450E-09  0.3100E-09  0.2870E-09
  0.1000E+12  0.7990E-22  0.2460E-17  0.8150E-14  0.2840E-11  0.4270E-10  0.1630E-09  0.2240E-09  0.2430E-09  0.2500E-09  0.2550E-09  0.2510E-09  0.2380E-09  0.2180E-09  0.2040E-09
  0.1000E+13  0.1150E-21  0.3060E-17  0.8130E-14  0.2200E-11  0.2770E-10  0.9160E-10  0.1220E-09  0.1300E-09  0.1330E-09  0.1350E-09  0.1320E-09  0.1240E-09  0.1130E-09  0.1060E-09
  0.1000E+14  0.1760E-21  0.3930E-17  0.8140E-14  0.1680E-11  0.1910E-10  0.6590E-10  0.8940E-10  0.9570E-10  0.9780E-10  0.9830E-10  0.9530E-10  0.8770E-10  0.7770E-10  0.7160E-10
  0.1000E+15  0.1960E-21  0.4160E-17  0.8150E-14  0.1570E-11  0.1750E-10  0.6180E-10  0.8440E-10  0.9040E-10  0.9230E-10  0.9260E-10  0.8950E-10  0.8180E-10  0.7180E-10  0.6570E-10
  0.1000E+16  0.1980E-21  0.4190E-17  0.8150E-14  0.1560E-11  0.1730E-10  0.6130E-10  0.8370E-10  0.8960E-10  0.9150E-10  0.9180E-10  0.8870E-10  0.8100E-10  0.7100E-10  0.6490E-10
  0.1000E+17  0.1980E-21  0.4180E-17  0.8140E-14  0.1550E-11  0.1730E-10  0.6080E-10  0.8220E-10  0.8760E-10  0.8930E-10  0.8940E-10  0.8640E-10  0.7920E-10  0.6980E-10  0.6390E-10
WAVELENGTH(A)= 
   228.962
 7 14 t 
excit   
     2.090      3.130      5.210     10.400     20.900     52.100    104.000    156.000    209.000    313.000    521.000   1040.000   2090.000   3130.000 
  0.1000E+11  0.4250E-21  0.4880E-17  0.8840E-14  0.2140E-11  0.3280E-10  0.1580E-09  0.2330E-09  0.2530E-09  0.2590E-09  0.2590E-09  0.2460E-09  0.2180E-09  0.1820E-09  0.1610E-09
  0.1000E+12  0.1420E-20  0.1720E-16  0.2800E-13  0.5360E-11  0.6000E-10  0.1970E-09  0.2580E-09  0.2720E-09  0.2760E-09  0.2750E-09  0.2650E-09  0.2420E-09  0.2130E-09  0.1950E-09
  0.1000E+13  0.4600E-20  0.3860E-16  0.4070E-13  0.5350E-11  0.4670E-10  0.1260E-09  0.1570E-09  0.1640E-09  0.1650E-09  0.1640E-09  0.1570E-09  0.1450E-09  0.1290E-09  0.1200E-09
  0.1000E+14  0.7860E-20  0.5170E-16  0.4050E-13  0.4010E-11  0.3190E-10  0.8930E-10  0.1130E-09  0.1180E-09  0.1190E-09  0.1170E-09  0.1120E-09  0.1010E-09  0.8780E-10  0.7980E-10
  0.1000E+15  0.8740E-20  0.5440E-16  0.3990E-13  0.3680E-11  0.2880E-10  0.8300E-10  0.1060E-09  0.1100E-09  0.1110E-09  0.1090E-09  0.1040E-09  0.9300E-10  0.8030E-10  0.7240E-10
  0.1000E+16  0.8830E-20  0.5470E-16  0.3980E-13  0.3640E-11  0.2840E-10  0.8220E-10  0.1050E-09  0.1090E-09  0.1100E-09  0.1080E-09  0.1030E-09  0.9190E-10  0.7930E-10  0.7150E-10
  0.1000E+17  0.8790E-20  0.5440E-16  0.3960E-13  0.3630E-11  0.2830E-10  0.8140E-10  0.1030E-09  0.1070E-09  0.1070E-09  0.1050E-09  0.1000E-09  0.8990E-10  0.7780E-10  0.7030E-10
WAVELENGTH(A)= 
   230.206
 7 14 t 
excit   
     2.090      3.130      5.210     10.400     20.900     52.100    104.000    156.000    209.000    313.000    521.000   1040.000   2090.000   3130.000 
  0.1000E+11  0.2410E-20  0.2100E-16  0.2670E-13  0.4760E-11  0.5190E-10  0.1680E-09  0.2230E-09  0.2380E-09  0.2430E-09  0.2430E-09  0.2370E-09  0.2190E-09  0.1940E-09  0.1790E-09
  0.1000E+12  0.2410E-20  0.2000E-16  0.2280E-13  0.3580E-11  0.3570E-10  0.1030E-09  0.1280E-09  0.1340E-09  0.1360E-09  0.1360E-09  0.1330E-09  0.1250E-09  0.1140E-09  0.1070E-09
  0.1000E+13  0.2570E-20  0.1860E-16  0.1720E-13  0.2140E-11  0.1760E-10  0.4360E-10  0.5310E-10  0.5520E-10  0.5560E-10  0.5520E-10  0.5360E-10  0.4980E-10  0.4510E-10  0.4230E-10
  0.1000E+14  0.3020E-20  0.1860E-16  0.1380E-13  0.1320E-11  0.1030E-10  0.2850E-10  0.3600E-10  0.3760E-10  0.3780E-10  0.3730E-10  0.3570E-10  0.3230E-10  0.2820E-10  0.2570E-10
  0.1000E+15  0.3180E-20  0.1880E-16  0.1330E-13  0.1190E-11  0.9200E-11  0.2640E-10  0.3370E-10  0.3520E-10  0.3550E-10  0.3490E-10  0.3330E-10  0.2980E-10  0.2570E-10  0.2330E-10
  0.1000E+16  0.3200E-20  0.1890E-16  0.1320E-13  0.1180E-11  0.9080E-11  0.2620E-10  0.3340E-10  0.3490E-10  0.3510E-10  0.3460E-10  0.3290E-10  0.2950E-10  0.2540E-10  0.2300E-10
  0.1000E+17  0.3180E-20  0.1880E-16  0.1320E-13  0.1170E-11  0.9040E-11  0.2590E-10  0.3280E-10  0.3410E-10  0.3420E-10  0.3370E-10  0.3210E-10  0.2890E-10  0.2500E-10  0.2270E-10
WAVELENGTH(A)= 
   233.598
 7 14 t 
excit   
     2.090      3.130      5.210     10.400     20.900     52.100    104.000    156.000    209.000    313.000    521.000   1040.000   2090.000   3130.000 
  0.1000E+11  0.3800E-22  0.1360E-17  0.5340E-14  0.2220E-11  0.3680E-10  0.1520E-09  0.2190E-09  0.2410E-09  0.2490E-09  0.2550E-09  0.2530E-09  0.2390E-09  0.2170E-09  0.2030E-09
  0.1000E+12  0.3940E-22  0.1330E-17  0.4660E-14  0.1690E-11  0.2580E-10  0.9790E-10  0.1350E-09  0.1460E-09  0.1500E-09  0.1530E-09  0.1520E-09  0.1450E-09  0.1330E-09  0.1260E-09
  0.1000E+13  0.5760E-22  0.1690E-17  0.4720E-14  0.1320E-11  0.1690E-10  0.5880E-10  0.8020E-10  0.8620E-10  0.8830E-10  0.8900E-10  0.8700E-10  0.8100E-10  0.7260E-10  0.6760E-10
  0.1000E+14  0.1030E-21  0.2610E-17  0.5910E-14  0.1280E-11  0.1450E-10  0.5090E-10  0.6970E-10  0.7480E-10  0.7650E-10  0.7660E-10  0.7420E-10  0.6790E-10  0.5960E-10  0.5470E-10
  0.1000E+15  0.1190E-21  0.2900E-17  0.6330E-14  0.1310E-11  0.1440E-10  0.4980E-10  0.6810E-10  0.7310E-10  0.7460E-10  0.7470E-10  0.7220E-10  0.6580E-10  0.5750E-10  0.5250E-10
  0.1000E+16  0.1210E-21  0.2930E-17  0.6380E-14  0.1310E-11  0.1430E-10  0.4970E-10  0.6780E-10  0.7270E-10  0.7430E-10  0.7430E-10  0.7180E-10  0.6540E-10  0.5720E-10  0.5220E-10
  0.1000E+17  0.1210E-21  0.2930E-17  0.6370E-14  0.1310E-11  0.1430E-10  0.4930E-10  0.6670E-10  0.7110E-10  0.7250E-10  0.7240E-10  0.7000E-10  0.6400E-10  0.5620E-10  0.5150E-10
WAVELENGTH(A)= 
   241.537
 7 14 t 
excit   
     2.090      3.130      5.210     10.400     20.900     52.100    104.000    156.000    209.000    313.000    521.000   1040.000   2090.000   3130.000 
  0.1000E+11  0.6940E-22  0.1870E-17  0.5900E-14  0.2070E-11  0.3180E-10  0.1280E-09  0.1820E-09  0.2000E-09  0.2070E-09  0.2110E-09  0.2090E-09  0.1970E-09  0.1790E-09  0.1670E-09
  0.1000E+12  0.8150E-22  0.2080E-17  0.5830E-14  0.1780E-11  0.2590E-10  0.1030E-09  0.1450E-09  0.1580E-09  0.1630E-09  0.1650E-09  0.1620E-09  0.1520E-09  0.1370E-09  0.1270E-09
  0.1000E+13  0.1840E-21  0.4070E-17  0.9150E-14  0.2140E-11  0.2620E-10  0.9300E-10  0.1270E-09  0.1360E-09  0.1400E-09  0.1400E-09  0.1360E-09  0.1260E-09  0.1120E-09  0.1030E-09
  0.1000E+14  0.3860E-21  0.7420E-17  0.1350E-13  0.2490E-11  0.2580E-10  0.8550E-10  0.1150E-09  0.1230E-09  0.1250E-09  0.1250E-09  0.1210E-09  0.1110E-09  0.9790E-10  0.8970E-10
  0.1000E+15  0.4500E-21  0.8300E-17  0.1450E-13  0.2540E-11  0.2540E-10  0.8330E-10  0.1120E-09  0.1200E-09  0.1220E-09  0.1220E-09  0.1180E-09  0.1070E-09  0.9390E-10  0.8570E-10
  0.1000E+16  0.4580E-21  0.8410E-17  0.1460E-13  0.2540E-11  0.2530E-10  0.8300E-10  0.1110E-09  0.1190E-09  0.1210E-09  0.1210E-09  0.1170E-09  0.1060E-09  0.9320E-10  0.8510E-10
  0.1000E+17  0.4570E-21  0.8390E-17  0.1460E-13  0.2540E-11  0.2530E-10  0.8230E-10  0.1090E-09  0.1160E-09  0.1180E-09  0.1180E-09  0.1140E-09  0.1040E-09  0.9160E-10  0.8380E-10
WAVELENGTH(A)= 
   246.038
 7 14 t 
excit   
     2.090      3.130      5.210     10.400     20.900     52.100    104.000    156.000    209.000    313.000    521.000   1040.000   2090.000   3130.000 
  0.1000E+11  0.3270E-24  0.5320E-19  0.7020E-15  0.7220E-12  0.1890E-10  0.1030E-09  0.1640E-09  0.1860E-09  0.1960E-09  0.2030E-09  0.2050E-09  0.1960E-09  0.1790E-09  0.1670E-09
  0.1000E+12  0.3530E-24  0.5440E-19  0.6420E-15  0.5770E-12  0.1430E-10  0.7630E-10  0.1190E-09  0.1340E-09  0.1400E-09  0.1450E-09  0.1450E-09  0.1380E-09  0.1260E-09  0.1180E-09
  0.1000E+13  0.7370E-24  0.9790E-19  0.9170E-15  0.6230E-12  0.1310E-10  0.6370E-10  0.9670E-10  0.1070E-09  0.1120E-09  0.1140E-09  0.1130E-09  0.1050E-09  0.9380E-10  0.8640E-10
  0.1000E+14  0.1870E-23  0.2140E-18  0.1620E-14  0.8510E-12  0.1480E-10  0.6650E-10  0.9900E-10  0.1090E-09  0.1130E-09  0.1150E-09  0.1130E-09  0.1040E-09  0.9210E-10  0.8420E-10
  0.1000E+15  0.2300E-23  0.2560E-18  0.1870E-14  0.9500E-12  0.1570E-10  0.6800E-10  0.1000E-09  0.1110E-09  0.1150E-09  0.1170E-09  0.1140E-09  0.1060E-09  0.9320E-10  0.8530E-10
  0.1000E+16  0.2360E-23  0.2610E-18  0.1900E-14  0.9630E-12  0.1580E-10  0.6810E-10  0.1000E-09  0.1110E-09  0.1150E-09  0.1160E-09  0.1140E-09  0.1060E-09  0.9320E-10  0.8530E-10
  0.1000E+17  0.2360E-23  0.2610E-18  0.1900E-14  0.9640E-12  0.1580E-10  0.6770E-10  0.9880E-10  0.1080E-09  0.1120E-09  0.1140E-09  0.1110E-09  0.1030E-09  0.9170E-10  0.8420E-10
WAVELENGTH(A)= 
   250.305
 7 14 t 
excit   
     2.090      3.130      5.210     10.400     20.900     52.100    104.000    156.000    209.000    313.000    521.000   1040.000   2090.000   3130.000 
  0.1000E+11  0.9070E-20  0.6480E-16  0.7010E-13  0.1110E-10  0.1150E-09  0.3620E-09  0.4780E-09  0.5070E-09  0.5170E-09  0.5180E-09  0.5030E-09  0.4640E-09  0.4150E-09  0.3820E-09
  0.1000E+12  0.9390E-20  0.6410E-16  0.6280E-13  0.8820E-11  0.8490E-10  0.2510E-09  0.3180E-09  0.3340E-09  0.3390E-09  0.3380E-09  0.3280E-09  0.3050E-09  0.2750E-09  0.2560E-09
  0.1000E+13  0.1220E-19  0.7360E-16  0.5970E-13  0.6760E-11  0.5540E-10  0.1410E-09  0.1730E-09  0.1790E-09  0.1800E-09  0.1780E-09  0.1720E-09  0.1580E-09  0.1420E-09  0.1330E-09
  0.1000E+14  0.1800E-19  0.9200E-16  0.5890E-13  0.5080E-11  0.3730E-10  0.9890E-10  0.1230E-09  0.1280E-09  0.1280E-09  0.1260E-09  0.1200E-09  0.1090E-09  0.9490E-10  0.8690E-10
  0.1000E+15  0.1980E-19  0.9650E-16  0.5810E-13  0.4640E-11  0.3350E-10  0.9190E-10  0.1150E-09  0.1200E-09  0.1200E-09  0.1180E-09  0.1120E-09  0.1010E-09  0.8690E-10  0.7890E-10
  0.1000E+16  0.2010E-19  0.9700E-16  0.5790E-13  0.4580E-11  0.3310E-10  0.9100E-10  0.1140E-09  0.1190E-09  0.1190E-09  0.1170E-09  0.1110E-09  0.9950E-10  0.8590E-10  0.7790E-10
  0.1000E+17  0.2000E-19  0.9670E-16  0.5770E-13  0.4560E-11  0.3300E-10  0.9020E-10  0.1120E-09  0.1160E-09  0.1160E-09  0.1140E-09  0.1080E-09  0.9730E-10  0.8430E-10  0.7670E-10
WAVELENGTH(A)= 
   270.533
 7 14 t 
excit   
     2.090      3.130      5.210     10.400     20.900     52.100    104.000    156.000    209.000    313.000    521.000   1040.000   2090.000   3130.000 
  0.1000E+11  0.3940E-20  0.3430E-16  0.4350E-13  0.7770E-11  0.8470E-10  0.2740E-09  0.3640E-09  0.3880E-09  0.3960E-09  0.3970E-09  0.3870E-09  0.3570E-09  0.3170E-09  0.2920E-09
  0.1000E+12  0.3940E-20  0.3260E-16  0.3720E-13  0.5850E-11  0.5820E-10  0.1670E-09  0.2090E-09  0.2190E-09  0.2220E-09  0.2220E-09  0.2170E-09  0.2040E-09  0.1860E-09  0.1740E-09
  0.1000E+13  0.4180E-20  0.3030E-16  0.2810E-13  0.3500E-11  0.2870E-10  0.7120E-10  0.8670E-10  0.9000E-10  0.9070E-10  0.9000E-10  0.8740E-10  0.8120E-10  0.7360E-10  0.6900E-10
  0.1000E+14  0.4920E-20  0.3040E-16  0.2240E-13  0.2150E-11  0.1670E-10  0.4640E-10  0.5870E-10  0.6130E-10  0.6170E-10  0.6090E-10  0.5830E-10  0.5260E-10  0.4590E-10  0.4200E-10
  0.1000E+15  0.5190E-20  0.3070E-16  0.2160E-13  0.1940E-11  0.1500E-10  0.4310E-10  0.5490E-10  0.5740E-10  0.5780E-10  0.5690E-10  0.5430E-10  0.4870E-10  0.4200E-10  0.3810E-10
  0.1000E+16  0.5220E-20  0.3080E-16  0.2160E-13  0.1920E-11  0.1480E-10  0.4270E-10  0.5450E-10  0.5690E-10  0.5730E-10  0.5640E-10  0.5370E-10  0.4810E-10  0.4150E-10  0.3760E-10
  0.1000E+17  0.5190E-20  0.3070E-16  0.2150E-13  0.1920E-11  0.1480E-10  0.4230E-10  0.5350E-10  0.5560E-10  0.5580E-10  0.5490E-10  0.5240E-10  0.4710E-10  0.4080E-10  0.3700E-10
WAVELENGTH(A)= 
   894.855
 7 14 t 
excit   
     2.090      3.130      5.210     10.400     20.900     52.100    104.000    156.000    209.000    313.000    521.000   1040.000   2090.000   3130.000 
  0.1000E+11  0.7830E-14  0.1960E-12  0.2460E-11  0.1680E-10  0.8090E-10  0.2930E-09  0.4310E-09  0.4770E-09  0.4940E-09  0.5020E-09  0.4900E-09  0.4500E-09  0.3960E-09  0.3620E-09
  0.1000E+12  0.2680E-13  0.6500E-12  0.7350E-11  0.3840E-10  0.1200E-09  0.3440E-09  0.4790E-09  0.5190E-09  0.5320E-09  0.5340E-09  0.5160E-09  0.4680E-09  0.4070E-09  0.3700E-09
  0.1000E+13  0.9790E-13  0.2090E-11  0.1880E-10  0.7390E-10  0.1560E-09  0.2870E-09  0.3440E-09  0.3580E-09  0.3630E-09  0.3630E-09  0.3560E-09  0.3360E-09  0.3080E-09  0.2900E-09
  0.1000E+14  0.5240E-13  0.1050E-11  0.8570E-11  0.3040E-10  0.4900E-10  0.6290E-10  0.6810E-10  0.6970E-10  0.7040E-10  0.7090E-10  0.7120E-10  0.7080E-10  0.6980E-10  0.6890E-10
  0.1000E+15  0.7030E-14  0.1390E-12  0.1110E-11  0.3900E-11  0.5940E-11  0.7080E-11  0.7520E-11  0.7670E-11  0.7750E-11  0.7820E-11  0.7890E-11  0.7940E-11  0.7960E-11  0.7970E-11
  0.1000E+16  0.7250E-15  0.1430E-13  0.1140E-12  0.4010E-12  0.6060E-12  0.7160E-12  0.7590E-12  0.7730E-12  0.7810E-12  0.7890E-12  0.7960E-12  0.8020E-12  0.8060E-12  0.8080E-12
  0.1000E+17  0.7280E-16  0.1430E-14  0.1150E-13  0.4020E-13  0.6070E-13  0.7130E-13  0.7470E-13  0.7580E-13  0.7630E-13  0.7700E-13  0.7780E-13  0.7870E-13  0.7940E-13  0.7980E-13
WAVELENGTH(A)= 
   896.106
 7 14 t 
excit   
     2.090      3.130      5.210     10.400     20.900     52.100    104.000    156.000    209.000    313.000    521.000   1040.000   2090.000   3130.000 
  0.1000E+11  0.1580E-11  0.1190E-10  0.5450E-10  0.1470E-09  0.2490E-09  0.4330E-09  0.5360E-09  0.5620E-09  0.5690E-09  0.5630E-09  0.5380E-09  0.4840E-09  0.4200E-09  0.3810E-09
  0.1000E+12  0.1590E-11  0.1200E-10  0.5180E-10  0.1280E-09  0.2050E-09  0.3390E-09  0.4080E-09  0.4260E-09  0.4320E-09  0.4310E-09  0.4190E-09  0.3890E-09  0.3500E-09  0.3250E-09
  0.1000E+13  0.1160E-11  0.8140E-11  0.3020E-10  0.6190E-10  0.8290E-10  0.1060E-09  0.1160E-09  0.1180E-09  0.1190E-09  0.1200E-09  0.1200E-09  0.1190E-09  0.1160E-09  0.1130E-09
  0.1000E+14  0.2860E-12  0.1810E-11  0.5880E-11  0.1050E-10  0.1220E-10  0.1310E-10  0.1340E-10  0.1360E-10  0.1360E-10  0.1370E-10  0.1380E-10  0.1390E-10  0.1390E-10  0.1400E-10
  0.1000E+15  0.3360E-13  0.2070E-12  0.6520E-12  0.1150E-11  0.1280E-11  0.1320E-11  0.1340E-11  0.1350E-11  0.1360E-11  0.1370E-11  0.1370E-11  0.1380E-11  0.1390E-11  0.1390E-11
  0.1000E+16  0.3420E-14  0.2100E-13  0.6600E-13  0.1160E-12  0.1280E-12  0.1320E-12  0.1340E-12  0.1350E-12  0.1360E-12  0.1360E-12  0.1370E-12  0.1380E-12  0.1380E-12  0.1380E-12
  0.1000E+17  0.3420E-15  0.2100E-14  0.6610E-14  0.1160E-13  0.1280E-13  0.1310E-13  0.1320E-13  0.1320E-13  0.1320E-13  0.1330E-13  0.1340E-13  0.1350E-13  0.1360E-13  0.1360E-13
WAVELENGTH(A)= 
  1013.990
 7 14 t 
excit   
     2.090      3.130      5.210     10.400     20.900     52.100    104.000    156.000    209.000    313.000    521.000   1040.000   2090.000   3130.000 
  0.1000E+11  0.3550E-11  0.2070E-10  0.7730E-10  0.1850E-09  0.3350E-09  0.6810E-09  0.8790E-09  0.9360E-09  0.9530E-09  0.9520E-09  0.9180E-09  0.8370E-09  0.7340E-09  0.6710E-09
  0.1000E+12  0.3640E-11  0.2120E-10  0.7560E-10  0.1660E-09  0.2810E-09  0.5260E-09  0.6550E-09  0.6900E-09  0.7020E-09  0.7030E-09  0.6850E-09  0.6370E-09  0.5730E-09  0.5310E-09
  0.1000E+13  0.3090E-11  0.1660E-10  0.5090E-10  0.9440E-10  0.1340E-09  0.1820E-09  0.1980E-09  0.2020E-09  0.2040E-09  0.2050E-09  0.2040E-09  0.2010E-09  0.1960E-09  0.1910E-09
  0.1000E+14  0.9220E-12  0.4510E-11  0.1200E-10  0.1890E-10  0.2130E-10  0.2240E-10  0.2270E-10  0.2280E-10  0.2290E-10  0.2290E-10  0.2300E-10  0.2310E-10  0.2320E-10  0.2320E-10
  0.1000E+15  0.1130E-12  0.5390E-12  0.1390E-11  0.2100E-11  0.2220E-11  0.2240E-11  0.2260E-11  0.2260E-11  0.2270E-11  0.2270E-11  0.2270E-11  0.2280E-11  0.2280E-11  0.2280E-11
  0.1000E+16  0.1160E-13  0.5500E-13  0.1410E-12  0.2120E-12  0.2230E-12  0.2240E-12  0.2250E-12  0.2250E-12  0.2260E-12  0.2260E-12  0.2260E-12  0.2270E-12  0.2270E-12  0.2270E-12
  0.1000E+17  0.1160E-14  0.5510E-14  0.1410E-13  0.2120E-13  0.2230E-13  0.2230E-13  0.2210E-13  0.2210E-13  0.2200E-13  0.2200E-13  0.2210E-13  0.2220E-13  0.2230E-13  0.2240E-13
WAVELENGTH(A)= 
  1083.330
 7 14 t 
excit   
     2.090      3.130      5.210     10.400     20.900     52.100    104.000    156.000    209.000    313.000    521.000   1040.000   2090.000   3130.000 
  0.1000E+11  0.8640E-12  0.4590E-11  0.1610E-10  0.3800E-10  0.7960E-10  0.1940E-09  0.2630E-09  0.2840E-09  0.2910E-09  0.2930E-09  0.2840E-09  0.2600E-09  0.2280E-09  0.2090E-09
  0.1000E+12  0.9740E-12  0.5430E-11  0.1910E-10  0.4190E-10  0.7740E-10  0.1560E-09  0.1950E-09  0.2060E-09  0.2100E-09  0.2110E-09  0.2060E-09  0.1940E-09  0.1760E-09  0.1650E-09
  0.1000E+13  0.9720E-12  0.5000E-11  0.1480E-10  0.2610E-10  0.3580E-10  0.4600E-10  0.4890E-10  0.4960E-10  0.4990E-10  0.5000E-10  0.4990E-10  0.4930E-10  0.4830E-10  0.4750E-10
  0.1000E+14  0.3080E-12  0.1360E-11  0.3310E-11  0.4840E-11  0.5280E-11  0.5470E-11  0.5500E-11  0.5510E-11  0.5520E-11  0.5520E-11  0.5520E-11  0.5520E-11  0.5520E-11  0.5520E-11
  0.1000E+15  0.3800E-13  0.1600E-12  0.3730E-12  0.5260E-12  0.5510E-12  0.5530E-12  0.5530E-12  0.5520E-12  0.5520E-12  0.5520E-12  0.5520E-12  0.5520E-12  0.5520E-12  0.5520E-12
  0.1000E+16  0.3880E-14  0.1630E-13  0.3770E-13  0.5300E-13  0.5530E-13  0.5530E-13  0.5520E-13  0.5510E-13  0.5510E-13  0.5510E-13  0.5500E-13  0.5510E-13  0.5500E-13  0.5510E-13
  0.1000E+17  0.3890E-15  0.1630E-14  0.3780E-14  0.5310E-14  0.5530E-14  0.5490E-14  0.5430E-14  0.5390E-14  0.5380E-14  0.5370E-14  0.5370E-14  0.5390E-14  0.5410E-14  0.5430E-14
WAVELENGTH(A)= 
  1286.540
 7 14 t 
excit   
     2.090      3.130      5.210     10.400     20.900     52.100    104.000    156.000    209.000    313.000    521.000   1040.000   2090.000   3130.000 
  0.1000E+11  0.3770E-11  0.2840E-10  0.1290E-09  0.3500E-09  0.5920E-09  0.1030E-08  0.1270E-08  0.1340E-08  0.1350E-08  0.1340E-08  0.1280E-08  0.1150E-08  0.9990E-09  0.9050E-09
  0.1000E+12  0.3770E-11  0.2840E-10  0.1230E-09  0.3030E-09  0.4880E-09  0.8060E-09  0.9700E-09  0.1010E-08  0.1030E-08  0.1020E-08  0.9950E-09  0.9250E-09  0.8320E-09  0.7720E-09
  0.1000E+13  0.2750E-11  0.1930E-10  0.7190E-10  0.1470E-09  0.1970E-09  0.2530E-09  0.2750E-09  0.2810E-09  0.2840E-09  0.2860E-09  0.2850E-09  0.2820E-09  0.2750E-09  0.2690E-09
  0.1000E+14  0.6790E-12  0.4310E-11  0.1400E-10  0.2500E-10  0.2900E-10  0.3110E-10  0.3190E-10  0.3220E-10  0.3240E-10  0.3260E-10  0.3280E-10  0.3300E-10  0.3310E-10  0.3320E-10
  0.1000E+15  0.7980E-13  0.4910E-12  0.1550E-11  0.2720E-11  0.3040E-11  0.3140E-11  0.3200E-11  0.3220E-11  0.3230E-11  0.3250E-11  0.3260E-11  0.3280E-11  0.3300E-11  0.3300E-11
  0.1000E+16  0.8120E-14  0.4980E-13  0.1570E-12  0.2750E-12  0.3050E-12  0.3140E-12  0.3190E-12  0.3210E-12  0.3220E-12  0.3240E-12  0.3250E-12  0.3270E-12  0.3280E-12  0.3290E-12
  0.1000E+17  0.8130E-15  0.4990E-14  0.1570E-13  0.2750E-13  0.3050E-13  0.3120E-13  0.3140E-13  0.3140E-13  0.3150E-13  0.3160E-13  0.3170E-13  0.3200E-13  0.3230E-13  0.3240E-13
WAVELENGTH(A)= 
  1508.270
 7 14 t 
excit   
     2.090      3.130      5.210     10.400     20.900     52.100    104.000    156.000    209.000    313.000    521.000   1040.000   2090.000   3130.000 
  0.1000E+11  0.1910E-13  0.3120E-12  0.3020E-11  0.1690E-10  0.8940E-10  0.3310E-09  0.4810E-09  0.5290E-09  0.5490E-09  0.5600E-09  0.5530E-09  0.5180E-09  0.4660E-09  0.4310E-09
  0.1000E+12  0.1320E-12  0.1780E-11  0.1260E-10  0.4360E-10  0.1030E-09  0.2330E-09  0.2980E-09  0.3170E-09  0.3250E-09  0.3290E-09  0.3260E-09  0.3120E-09  0.2890E-09  0.2730E-09
  0.1000E+13  0.2500E-12  0.2440E-11  0.1170E-10  0.2790E-10  0.4320E-10  0.6160E-10  0.6830E-10  0.7040E-10  0.7130E-10  0.7210E-10  0.7240E-10  0.7210E-10  0.7090E-10  0.6980E-10
  0.1000E+14  0.7770E-13  0.6490E-12  0.2600E-11  0.5340E-11  0.6670E-11  0.7640E-11  0.8020E-11  0.8150E-11  0.8220E-11  0.8290E-11  0.8350E-11  0.8400E-11  0.8420E-11  0.8420E-11
  0.1000E+15  0.9460E-14  0.7600E-13  0.2970E-12  0.6060E-12  0.7210E-12  0.7870E-12  0.8170E-12  0.8280E-12  0.8340E-12  0.8400E-12  0.8460E-12  0.8520E-12  0.8550E-12  0.8570E-12
  0.1000E+16  0.9660E-15  0.7730E-14  0.3010E-13  0.6150E-13  0.7280E-13  0.7890E-13  0.8170E-13  0.8270E-13  0.8340E-13  0.8390E-13  0.8450E-13  0.8510E-13  0.8550E-13  0.8570E-13
  0.1000E+17  0.9680E-16  0.7750E-15  0.3020E-14  0.6160E-14  0.7280E-14  0.7840E-14  0.8040E-14  0.8100E-14  0.8140E-14  0.8190E-14  0.8250E-14  0.8340E-14  0.8410E-14  0.8450E-14
WAVELENGTH(A)= 
  1544.310
 7 14 t 
excit   
     2.090      3.130      5.210     10.400     20.900     52.100    104.000    156.000    209.000    313.000    521.000   1040.000   2090.000   3130.000 
  0.1000E+11  0.4540E-11  0.2640E-10  0.9880E-10  0.2360E-09  0.4290E-09  0.8700E-09  0.1120E-08  0.1200E-08  0.1220E-08  0.1220E-08  0.1170E-08  0.1070E-08  0.9380E-09  0.8570E-09
  0.1000E+12  0.4660E-11  0.2710E-10  0.9660E-10  0.2120E-09  0.3590E-09  0.6730E-09  0.8360E-09  0.8820E-09  0.8970E-09  0.8980E-09  0.8750E-09  0.8140E-09  0.7320E-09  0.6790E-09
  0.1000E+13  0.3940E-11  0.2130E-10  0.6500E-10  0.1210E-09  0.1710E-09  0.2330E-09  0.2530E-09  0.2590E-09  0.2610E-09  0.2620E-09  0.2610E-09  0.2570E-09  0.2500E-09  0.2440E-09
  0.1000E+14  0.1180E-11  0.5760E-11  0.1530E-10  0.2410E-10  0.2720E-10  0.2860E-10  0.2900E-10  0.2920E-10  0.2920E-10  0.2930E-10  0.2940E-10  0.2950E-10  0.2960E-10  0.2960E-10
  0.1000E+15  0.1450E-12  0.6890E-12  0.1770E-11  0.2680E-11  0.2840E-11  0.2870E-11  0.2880E-11  0.2890E-11  0.2900E-11  0.2900E-11  0.2900E-11  0.2910E-11  0.2920E-11  0.2920E-11
  0.1000E+16  0.1480E-13  0.7020E-13  0.1800E-12  0.2710E-12  0.2850E-12  0.2860E-12  0.2880E-12  0.2880E-12  0.2880E-12  0.2890E-12  0.2890E-12  0.2900E-12  0.2900E-12  0.2910E-12
  0.1000E+17  0.1480E-14  0.7040E-14  0.1800E-13  0.2720E-13  0.2850E-13  0.2840E-13  0.2830E-13  0.2820E-13  0.2820E-13  0.2820E-13  0.2820E-13  0.2840E-13  0.2860E-13  0.2860E-13
WAVELENGTH(A)= 
  1703.370
 7 14 t 
excit   
     2.090      3.130      5.210     10.400     20.900     52.100    104.000    156.000    209.000    313.000    521.000   1040.000   2090.000   3130.000 
  0.1000E+11  0.6590E-10  0.2050E-09  0.5120E-09  0.1020E-08  0.2150E-08  0.5330E-08  0.7190E-08  0.7750E-08  0.7960E-08  0.8020E-08  0.7820E-08  0.7220E-08  0.6400E-08  0.5890E-08
  0.1000E+12  0.6640E-10  0.2060E-09  0.4980E-09  0.9270E-09  0.1730E-08  0.3230E-08  0.3800E-08  0.3940E-08  0.3990E-08  0.4010E-08  0.3970E-08  0.3820E-08  0.3600E-08  0.3440E-08
  0.1000E+13  0.5230E-10  0.1460E-09  0.2870E-09  0.4170E-09  0.5060E-09  0.5220E-09  0.5090E-09  0.5050E-09  0.5040E-09  0.5030E-09  0.5040E-09  0.5090E-09  0.5140E-09  0.5180E-09
  0.1000E+14  0.1410E-10  0.3240E-10  0.4820E-10  0.5130E-10  0.4760E-10  0.4300E-10  0.4120E-10  0.4070E-10  0.4040E-10  0.4020E-10  0.4010E-10  0.4020E-10  0.4050E-10  0.4080E-10
  0.1000E+15  0.1680E-11  0.3650E-11  0.5020E-11  0.4840E-11  0.4360E-11  0.4030E-11  0.3890E-11  0.3840E-11  0.3810E-11  0.3790E-11  0.3770E-11  0.3750E-11  0.3750E-11  0.3740E-11
  0.1000E+16  0.1720E-12  0.3690E-12  0.5030E-12  0.4790E-12  0.4310E-12  0.3990E-12  0.3850E-12  0.3800E-12  0.3780E-12  0.3750E-12  0.3730E-12  0.3710E-12  0.3700E-12  0.3700E-12
  0.1000E+17  0.1720E-13  0.3700E-13  0.5030E-13  0.4780E-13  0.4300E-13  0.3960E-13  0.3790E-13  0.3720E-13  0.3690E-13  0.3660E-13  0.3640E-13  0.3630E-13  0.3640E-13  0.3640E-13
WAVELENGTH(A)= 
  1711.100
 7 14 t 
excit   
     2.090      3.130      5.210     10.400     20.900     52.100    104.000    156.000    209.000    313.000    521.000   1040.000   2090.000   3130.000 
  0.1000E+11  0.2070E-11  0.1100E-10  0.3860E-10  0.9110E-10  0.1910E-09  0.4650E-09  0.6300E-09  0.6800E-09  0.6980E-09  0.7020E-09  0.6810E-09  0.6240E-09  0.5470E-09  0.5000E-09
  0.1000E+12  0.2330E-11  0.1300E-10  0.4570E-10  0.1000E-09  0.1850E-09  0.3740E-09  0.4670E-09  0.4930E-09  0.5020E-09  0.5040E-09  0.4940E-09  0.4640E-09  0.4220E-09  0.3940E-09
  0.1000E+13  0.2330E-11  0.1200E-10  0.3540E-10  0.6250E-10  0.8580E-10  0.1100E-09  0.1170E-09  0.1190E-09  0.1190E-09  0.1200E-09  0.1190E-09  0.1180E-09  0.1160E-09  0.1140E-09
  0.1000E+14  0.7380E-12  0.3250E-11  0.7930E-11  0.1160E-10  0.1270E-10  0.1310E-10  0.1320E-10  0.1320E-10  0.1320E-10  0.1320E-10  0.1320E-10  0.1320E-10  0.1320E-10  0.1320E-10
  0.1000E+15  0.9090E-13  0.3830E-12  0.8930E-12  0.1260E-11  0.1320E-11  0.1320E-11  0.1320E-11  0.1320E-11  0.1320E-11  0.1320E-11  0.1320E-11  0.1320E-11  0.1320E-11  0.1320E-11
  0.1000E+16  0.9300E-14  0.3900E-13  0.9040E-13  0.1270E-12  0.1320E-12  0.1320E-12  0.1320E-12  0.1320E-12  0.1320E-12  0.1320E-12  0.1320E-12  0.1320E-12  0.1320E-12  0.1320E-12
  0.1000E+17  0.9330E-15  0.3900E-14  0.9050E-14  0.1270E-13  0.1320E-13  0.1320E-13  0.1300E-13  0.1290E-13  0.1290E-13  0.1290E-13  0.1290E-13  0.1290E-13  0.1300E-13  0.1300E-13
WAVELENGTH(A)= 
  1890.830
 7 14 t 
excit   
     2.090      3.130      5.210     10.400     20.900     52.100    104.000    156.000    209.000    313.000    521.000   1040.000   2090.000   3130.000 
  0.1000E+11  0.1030E-11  0.7730E-11  0.3530E-10  0.9530E-10  0.1610E-09  0.2800E-09  0.3470E-09  0.3640E-09  0.3690E-09  0.3640E-09  0.3480E-09  0.3140E-09  0.2720E-09  0.2470E-09
  0.1000E+12  0.1030E-11  0.7740E-11  0.3360E-10  0.8260E-10  0.1330E-09  0.2200E-09  0.2640E-09  0.2760E-09  0.2800E-09  0.2790E-09  0.2710E-09  0.2520E-09  0.2270E-09  0.2100E-09
  0.1000E+13  0.7500E-12  0.5270E-11  0.1960E-10  0.4010E-10  0.5370E-10  0.6890E-10  0.7480E-10  0.7660E-10  0.7730E-10  0.7780E-10  0.7770E-10  0.7680E-10  0.7480E-10  0.7310E-10
  0.1000E+14  0.1850E-12  0.1170E-11  0.3800E-11  0.6810E-11  0.7890E-11  0.8460E-11  0.8690E-11  0.8780E-11  0.8820E-11  0.8880E-11  0.8930E-11  0.8980E-11  0.9020E-11  0.9030E-11
  0.1000E+15  0.2170E-13  0.1340E-12  0.4220E-12  0.7420E-12  0.8280E-12  0.8550E-12  0.8710E-12  0.8770E-12  0.8810E-12  0.8850E-12  0.8890E-12  0.8940E-12  0.8980E-12  0.8990E-12
  0.1000E+16  0.2210E-14  0.1360E-13  0.4270E-13  0.7490E-13  0.8310E-13  0.8550E-13  0.8690E-13  0.8750E-13  0.8780E-13  0.8820E-13  0.8860E-13  0.8910E-13  0.8950E-13  0.8960E-13
  0.1000E+17  0.2220E-15  0.1360E-14  0.4280E-14  0.7500E-14  0.8310E-14  0.8490E-14  0.8550E-14  0.8560E-14  0.8570E-14  0.8600E-14  0.8650E-14  0.8730E-14  0.8800E-14  0.8830E-14
WAVELENGTH(A)= 
  1959.310
 7 14 t 
excit   
     2.090      3.130      5.210     10.400     20.900     52.100    104.000    156.000    209.000    313.000    521.000   1040.000   2090.000   3130.000 
  0.1000E+11  0.1870E-13  0.2190E-12  0.1640E-11  0.7450E-11  0.3090E-10  0.1090E-09  0.1600E-09  0.1750E-09  0.1810E-09  0.1830E-09  0.1770E-09  0.1610E-09  0.1390E-09  0.1250E-09
  0.1000E+12  0.1340E-12  0.1300E-11  0.7180E-11  0.2110E-10  0.4880E-10  0.1170E-09  0.1520E-09  0.1630E-09  0.1670E-09  0.1680E-09  0.1650E-09  0.1540E-09  0.1390E-09  0.1280E-09
  0.1000E+13  0.2860E-12  0.2110E-11  0.8250E-11  0.1750E-10  0.2660E-10  0.3760E-10  0.4120E-10  0.4230E-10  0.4280E-10  0.4320E-10  0.4330E-10  0.4300E-10  0.4220E-10  0.4160E-10
  0.1000E+14  0.9810E-13  0.6120E-12  0.1960E-11  0.3460E-11  0.4070E-11  0.4510E-11  0.4660E-11  0.4710E-11  0.4730E-11  0.4760E-11  0.4790E-11  0.4800E-11  0.4810E-11  0.4820E-11
  0.1000E+15  0.1210E-13  0.7220E-13  0.2220E-12  0.3830E-12  0.4310E-12  0.4580E-12  0.4690E-12  0.4730E-12  0.4750E-12  0.4770E-12  0.4790E-12  0.4810E-12  0.4820E-12  0.4820E-12
  0.1000E+16  0.1240E-14  0.7350E-14  0.2250E-13  0.3870E-13  0.4330E-13  0.4580E-13  0.4680E-13  0.4720E-13  0.4740E-13  0.4760E-13  0.4780E-13  0.4790E-13  0.4800E-13  0.4810E-13
  0.1000E+17  0.1240E-15  0.7360E-15  0.2250E-14  0.3870E-14  0.4330E-14  0.4550E-14  0.4610E-14  0.4620E-14  0.4630E-14  0.4640E-14  0.4670E-14  0.4700E-14  0.4730E-14  0.4740E-14
WAVELENGTH(A)= 
  2505.450
 7 14 t 
excit   
     2.090      3.130      5.210     10.400     20.900     52.100    104.000    156.000    209.000    313.000    521.000   1040.000   2090.000   3130.000 
  0.1000E+11  0.2180E-11  0.1270E-10  0.4760E-10  0.1140E-09  0.2060E-09  0.4190E-09  0.5410E-09  0.5760E-09  0.5870E-09  0.5860E-09  0.5650E-09  0.5150E-09  0.4520E-09  0.4130E-09
  0.1000E+12  0.2240E-11  0.1310E-10  0.4650E-10  0.1020E-09  0.1730E-09  0.3240E-09  0.4030E-09  0.4250E-09  0.4320E-09  0.4320E-09  0.4210E-09  0.3920E-09  0.3520E-09  0.3270E-09
  0.1000E+13  0.1900E-11  0.1020E-10  0.3130E-10  0.5810E-10  0.8230E-10  0.1120E-09  0.1220E-09  0.1250E-09  0.1260E-09  0.1260E-09  0.1260E-09  0.1240E-09  0.1200E-09  0.1180E-09
  0.1000E+14  0.5670E-12  0.2780E-11  0.7360E-11  0.1160E-10  0.1310E-10  0.1380E-10  0.1400E-10  0.1400E-10  0.1410E-10  0.1410E-10  0.1420E-10  0.1420E-10  0.1430E-10  0.1430E-10
  0.1000E+15  0.6970E-13  0.3320E-12  0.8530E-12  0.1290E-11  0.1370E-11  0.1380E-11  0.1390E-11  0.1390E-11  0.1390E-11  0.1400E-11  0.1400E-11  0.1400E-11  0.1400E-11  0.1410E-11
  0.1000E+16  0.7130E-14  0.3380E-13  0.8670E-13  0.1310E-12  0.1370E-12  0.1380E-12  0.1380E-12  0.1390E-12  0.1390E-12  0.1390E-12  0.1390E-12  0.1400E-12  0.1400E-12  0.1400E-12
  0.1000E+17  0.7150E-15  0.3390E-14  0.8680E-14  0.1310E-13  0.1370E-13  0.1370E-13  0.1360E-13  0.1360E-13  0.1360E-13  0.1360E-13  0.1360E-13  0.1370E-13  0.1380E-13  0.1380E-13
WAVELENGTH(A)= 
  2789.710
 7 14 t 
excit   
     2.090      3.130      5.210     10.400     20.900     52.100    104.000    156.000    209.000    313.000    521.000   1040.000   2090.000   3130.000 
  0.1000E+11  0.1570E-11  0.8530E-11  0.3030E-10  0.7160E-10  0.1470E-09  0.3800E-09  0.5330E-09  0.5810E-09  0.5980E-09  0.6020E-09  0.5820E-09  0.5270E-09  0.4550E-09  0.4110E-09
  0.1000E+12  0.1870E-11  0.1040E-10  0.3600E-10  0.7960E-10  0.1650E-09  0.3980E-09  0.5260E-09  0.5640E-09  0.5780E-09  0.5820E-09  0.5680E-09  0.5270E-09  0.4700E-09  0.4330E-09
  0.1000E+13  0.2510E-11  0.1290E-10  0.3820E-10  0.6920E-10  0.1070E-09  0.1570E-09  0.1710E-09  0.1740E-09  0.1760E-09  0.1760E-09  0.1760E-09  0.1730E-09  0.1680E-09  0.1640E-09
  0.1000E+14  0.9820E-12  0.4480E-11  0.1120E-10  0.1690E-10  0.1920E-10  0.2050E-10  0.2080E-10  0.2080E-10  0.2080E-10  0.2080E-10  0.2080E-10  0.2080E-10  0.2070E-10  0.2070E-10
  0.1000E+15  0.1250E-12  0.5520E-12  0.1330E-11  0.1930E-11  0.2070E-11  0.2110E-11  0.2110E-11  0.2110E-11  0.2110E-11  0.2110E-11  0.2110E-11  0.2110E-11  0.2110E-11  0.2110E-11
  0.1000E+16  0.1290E-13  0.5640E-13  0.1360E-12  0.1960E-12  0.2090E-12  0.2110E-12  0.2110E-12  0.2110E-12  0.2110E-12  0.2110E-12  0.2110E-12  0.2110E-12  0.2110E-12  0.2110E-12
  0.1000E+17  0.1290E-14  0.5650E-14  0.1360E-13  0.1960E-13  0.2090E-13  0.2100E-13  0.2080E-13  0.2070E-13  0.2060E-13  0.2060E-13  0.2060E-13  0.2070E-13  0.2070E-13  0.2080E-13
WAVELENGTH(A)= 
  2937.630
 7 14 t 
excit   
     2.090      3.130      5.210     10.400     20.900     52.100    104.000    156.000    209.000    313.000    521.000   1040.000   2090.000   3130.000 
  0.1000E+11  0.1610E-11  0.8260E-11  0.2790E-10  0.6090E-10  0.9200E-10  0.1620E-09  0.2070E-09  0.2190E-09  0.2230E-09  0.2210E-09  0.2110E-09  0.1890E-09  0.1620E-09  0.1460E-09
  0.1000E+12  0.1580E-11  0.7820E-11  0.2430E-10  0.4900E-10  0.7930E-10  0.1570E-09  0.2040E-09  0.2170E-09  0.2220E-09  0.2220E-09  0.2150E-09  0.1980E-09  0.1740E-09  0.1590E-09
  0.1000E+13  0.1340E-11  0.6160E-11  0.1710E-10  0.3160E-10  0.4870E-10  0.7330E-10  0.8140E-10  0.8340E-10  0.8420E-10  0.8460E-10  0.8410E-10  0.8230E-10  0.7930E-10  0.7690E-10
  0.1000E+14  0.4900E-12  0.2110E-11  0.5120E-11  0.7950E-11  0.9160E-11  0.9650E-11  0.9750E-11  0.9770E-11  0.9790E-11  0.9810E-11  0.9830E-11  0.9860E-11  0.9880E-11  0.9900E-11
  0.1000E+15  0.6480E-13  0.2740E-12  0.6430E-12  0.9180E-12  0.9580E-12  0.9620E-12  0.9640E-12  0.9640E-12  0.9640E-12  0.9650E-12  0.9650E-12  0.9660E-12  0.9670E-12  0.9680E-12
  0.1000E+16  0.6690E-14  0.2820E-13  0.6600E-13  0.9310E-13  0.9600E-13  0.9590E-13  0.9600E-13  0.9590E-13  0.9590E-13  0.9600E-13  0.9600E-13  0.9610E-13  0.9620E-13  0.9630E-13
  0.1000E+17  0.6710E-15  0.2830E-14  0.6620E-14  0.9320E-14  0.9600E-14  0.9530E-14  0.9440E-14  0.9390E-14  0.9370E-14  0.9360E-14  0.9370E-14  0.9410E-14  0.9460E-14  0.9490E-14
WAVELENGTH(A)= 
  2940.920
 7 14 t 
excit   
     2.090      3.130      5.210     10.400     20.900     52.100    104.000    156.000    209.000    313.000    521.000   1040.000   2090.000   3130.000 
  0.1000E+11  0.3260E-11  0.1670E-10  0.5640E-10  0.1230E-09  0.1860E-09  0.3270E-09  0.4180E-09  0.4440E-09  0.4510E-09  0.4480E-09  0.4270E-09  0.3820E-09  0.3280E-09  0.2940E-09
  0.1000E+12  0.3190E-11  0.1580E-10  0.4920E-10  0.9910E-10  0.1600E-09  0.3180E-09  0.4110E-09  0.4390E-09  0.4480E-09  0.4490E-09  0.4350E-09  0.4000E-09  0.3520E-09  0.3220E-09
  0.1000E+13  0.2710E-11  0.1250E-10  0.3460E-10  0.6390E-10  0.9840E-10  0.1480E-09  0.1650E-09  0.1690E-09  0.1700E-09  0.1710E-09  0.1700E-09  0.1660E-09  0.1600E-09  0.1560E-09
  0.1000E+14  0.9900E-12  0.4260E-11  0.1040E-10  0.1610E-10  0.1850E-10  0.1950E-10  0.1970E-10  0.1980E-10  0.1980E-10  0.1980E-10  0.1990E-10  0.1990E-10  0.2000E-10  0.2000E-10
  0.1000E+15  0.1310E-12  0.5540E-12  0.1300E-11  0.1860E-11  0.1940E-11  0.1940E-11  0.1950E-11  0.1950E-11  0.1950E-11  0.1950E-11  0.1950E-11  0.1950E-11  0.1960E-11  0.1960E-11
  0.1000E+16  0.1350E-13  0.5710E-13  0.1330E-12  0.1880E-12  0.1940E-12  0.1940E-12  0.1940E-12  0.1940E-12  0.1940E-12  0.1940E-12  0.1940E-12  0.1940E-12  0.1940E-12  0.1950E-12
  0.1000E+17  0.1360E-14  0.5730E-14  0.1340E-13  0.1880E-13  0.1940E-13  0.1930E-13  0.1910E-13  0.1900E-13  0.1890E-13  0.1890E-13  0.1890E-13  0.1900E-13  0.1910E-13  0.1920E-13
WAVELENGTH(A)= 
  2952.810
 7 14 t 
excit   
     2.090      3.130      5.210     10.400     20.900     52.100    104.000    156.000    209.000    313.000    521.000   1040.000   2090.000   3130.000 
  0.1000E+11  0.3500E-10  0.1220E-09  0.3630E-09  0.7890E-09  0.1370E-08  0.2160E-08  0.2400E-08  0.2460E-08  0.2480E-08  0.2480E-08  0.2450E-08  0.2390E-08  0.2290E-08  0.2210E-08
  0.1000E+12  0.2720E-10  0.7620E-10  0.1650E-09  0.2500E-09  0.2880E-09  0.2860E-09  0.2760E-09  0.2730E-09  0.2720E-09  0.2720E-09  0.2730E-09  0.2770E-09  0.2820E-09  0.2850E-09
  0.1000E+13  0.9570E-11  0.1740E-10  0.2360E-10  0.2430E-10  0.2140E-10  0.1720E-10  0.1580E-10  0.1540E-10  0.1530E-10  0.1520E-10  0.1530E-10  0.1560E-10  0.1620E-10  0.1660E-10
  0.1000E+14  0.1520E-11  0.2140E-11  0.2120E-11  0.1640E-11  0.1340E-11  0.1150E-11  0.1080E-11  0.1050E-11  0.1040E-11  0.1030E-11  0.1030E-11  0.1030E-11  0.1040E-11  0.1040E-11
  0.1000E+15  0.1650E-12  0.2190E-12  0.2030E-12  0.1460E-12  0.1180E-12  0.1050E-12  0.9960E-13  0.9760E-13  0.9660E-13  0.9560E-13  0.9470E-13  0.9400E-13  0.9360E-13  0.9350E-13
  0.1000E+16  0.1670E-13  0.2190E-13  0.2010E-13  0.1430E-13  0.1170E-13  0.1040E-13  0.9860E-14  0.9660E-14  0.9560E-14  0.9450E-14  0.9360E-14  0.9280E-14  0.9230E-14  0.9210E-14
  0.1000E+17  0.1670E-14  0.2190E-14  0.2010E-14  0.1430E-14  0.1160E-14  0.1030E-14  0.9690E-15  0.9440E-15  0.9330E-15  0.9210E-15  0.9130E-15  0.9080E-15  0.9070E-15  0.9070E-15
WAVELENGTH(A)= 
  2976.100
 7 14 t 
excit   
     2.090      3.130      5.210     10.400     20.900     52.100    104.000    156.000    209.000    313.000    521.000   1040.000   2090.000   3130.000 
  0.1000E+11  0.2050E-11  0.1090E-10  0.3820E-10  0.9000E-10  0.1880E-09  0.4590E-09  0.6220E-09  0.6720E-09  0.6890E-09  0.6940E-09  0.6730E-09  0.6160E-09  0.5400E-09  0.4930E-09
  0.1000E+12  0.2300E-11  0.1290E-10  0.4520E-10  0.9910E-10  0.1830E-09  0.3700E-09  0.4620E-09  0.4870E-09  0.4960E-09  0.4980E-09  0.4880E-09  0.4590E-09  0.4170E-09  0.3890E-09
  0.1000E+13  0.2300E-11  0.1180E-10  0.3490E-10  0.6170E-10  0.8480E-10  0.1090E-09  0.1160E-09  0.1170E-09  0.1180E-09  0.1180E-09  0.1180E-09  0.1170E-09  0.1140E-09  0.1120E-09
  0.1000E+14  0.7290E-12  0.3220E-11  0.7840E-11  0.1150E-10  0.1250E-10  0.1290E-10  0.1300E-10  0.1300E-10  0.1310E-10  0.1310E-10  0.1310E-10  0.1310E-10  0.1310E-10  0.1310E-10
  0.1000E+15  0.8980E-13  0.3780E-12  0.8820E-12  0.1240E-11  0.1300E-11  0.1310E-11  0.1310E-11  0.1310E-11  0.1310E-11  0.1310E-11  0.1310E-11  0.1310E-11  0.1310E-11  0.1310E-11
  0.1000E+16  0.9190E-14  0.3850E-13  0.8930E-13  0.1260E-12  0.1310E-12  0.1310E-12  0.1310E-12  0.1300E-12  0.1300E-12  0.1300E-12  0.1300E-12  0.1300E-12  0.1300E-12  0.1300E-12
  0.1000E+17  0.9210E-15  0.3860E-14  0.8940E-14  0.1260E-13  0.1310E-13  0.1300E-13  0.1280E-13  0.1280E-13  0.1270E-13  0.1270E-13  0.1270E-13  0.1280E-13  0.1280E-13  0.1280E-13
WAVELENGTH(A)= 
  4019.450
 7 14 t 
excit   
     2.090      3.130      5.210     10.400     20.900     52.100    104.000    156.000    209.000    313.000    521.000   1040.000   2090.000   3130.000 
  0.1000E+11  0.3520E-11  0.1830E-10  0.6480E-10  0.1550E-09  0.3230E-09  0.8230E-09  0.1140E-08  0.1230E-08  0.1260E-08  0.1270E-08  0.1230E-08  0.1110E-08  0.9620E-09  0.8690E-09
  0.1000E+12  0.5090E-11  0.2430E-10  0.7840E-10  0.1670E-09  0.3200E-09  0.6370E-09  0.7710E-09  0.8060E-09  0.8180E-09  0.8220E-09  0.8110E-09  0.7740E-09  0.7190E-09  0.6800E-09
  0.1000E+13  0.7930E-11  0.2530E-10  0.5370E-10  0.7800E-10  0.9990E-10  0.1120E-09  0.1110E-09  0.1110E-09  0.1100E-09  0.1110E-09  0.1110E-09  0.1120E-09  0.1130E-09  0.1140E-09
  0.1000E+14  0.2960E-11  0.6930E-11  0.1030E-10  0.1060E-10  0.1010E-10  0.9660E-11  0.9380E-11  0.9280E-11  0.9230E-11  0.9180E-11  0.9150E-11  0.9150E-11  0.9170E-11  0.9210E-11
  0.1000E+15  0.3710E-12  0.8050E-12  0.1110E-11  0.1060E-11  0.9760E-12  0.9300E-12  0.9050E-12  0.8950E-12  0.8900E-12  0.8840E-12  0.8790E-12  0.8740E-12  0.8710E-12  0.8700E-12
  0.1000E+16  0.3800E-13  0.8180E-13  0.1120E-12  0.1060E-12  0.9710E-13  0.9250E-13  0.9000E-13  0.8900E-13  0.8840E-13  0.8780E-13  0.8730E-13  0.8680E-13  0.8640E-13  0.8630E-13
  0.1000E+17  0.3810E-14  0.8190E-14  0.1120E-13  0.1060E-13  0.9700E-14  0.9190E-14  0.8850E-14  0.8700E-14  0.8630E-14  0.8560E-14  0.8520E-14  0.8500E-14  0.8500E-14  0.8500E-14
WAVELENGTH(A)= 
  4025.600
 7 14 t 
excit   
     2.090      3.130      5.210     10.400     20.900     52.100    104.000    156.000    209.000    313.000    521.000   1040.000   2090.000   3130.000 
  0.1000E+11  0.2140E-11  0.6670E-11  0.1670E-10  0.3330E-10  0.6990E-10  0.1730E-09  0.2340E-09  0.2520E-09  0.2590E-09  0.2610E-09  0.2540E-09  0.2350E-09  0.2080E-09  0.1910E-09
  0.1000E+12  0.2160E-11  0.6710E-11  0.1620E-10  0.3020E-10  0.5620E-10  0.1050E-09  0.1240E-09  0.1280E-09  0.1300E-09  0.1300E-09  0.1290E-09  0.1240E-09  0.1170E-09  0.1120E-09
  0.1000E+13  0.1700E-11  0.4740E-11  0.9350E-11  0.1360E-10  0.1650E-10  0.1700E-10  0.1660E-10  0.1640E-10  0.1640E-10  0.1640E-10  0.1640E-10  0.1650E-10  0.1670E-10  0.1690E-10
  0.1000E+14  0.4590E-12  0.1050E-11  0.1570E-11  0.1670E-11  0.1550E-11  0.1400E-11  0.1340E-11  0.1320E-11  0.1310E-11  0.1310E-11  0.1310E-11  0.1310E-11  0.1320E-11  0.1330E-11
  0.1000E+15  0.5470E-13  0.1190E-12  0.1630E-12  0.1570E-12  0.1420E-12  0.1310E-12  0.1260E-12  0.1250E-12  0.1240E-12  0.1230E-12  0.1230E-12  0.1220E-12  0.1220E-12  0.1220E-12
  0.1000E+16  0.5580E-14  0.1200E-13  0.1640E-13  0.1560E-13  0.1400E-13  0.1300E-13  0.1250E-13  0.1240E-13  0.1230E-13  0.1220E-13  0.1210E-13  0.1210E-13  0.1200E-13  0.1200E-13
  0.1000E+17  0.5590E-15  0.1200E-14  0.1640E-14  0.1560E-14  0.1400E-14  0.1290E-14  0.1230E-14  0.1210E-14  0.1200E-14  0.1190E-14  0.1180E-14  0.1180E-14  0.1180E-14  0.1180E-14
