 50  7 14
WAVELENGTH(A)= 
     1.000
 7 14 t 
excit   
    77.400    116.000    193.000    387.000    774.000   1930.000   3870.000   5800.000   7740.000  11600.000  19300.000  38700.000  77400.000 116000.000 
  0.1000E+11  0.1000E-73  0.1000E-73  0.7560E-39  0.4270E-25  0.2770E-18  0.2690E-14  0.4860E-13  0.1190E-12  0.1800E-12  0.2640E-12  0.3400E-12  0.3820E-12  0.3770E-12  0.3610E-12
  0.1000E+12  0.1000E-73  0.1000E-73  0.7340E-39  0.4270E-25  0.2760E-18  0.2680E-14  0.4830E-13  0.1180E-12  0.1790E-12  0.2610E-12  0.3370E-12  0.3800E-12  0.3750E-12  0.3590E-12
  0.1000E+13  0.1000E-73  0.1000E-73  0.7260E-39  0.4230E-25  0.2700E-18  0.2570E-14  0.4600E-13  0.1120E-12  0.1700E-12  0.2490E-12  0.3210E-12  0.3630E-12  0.3600E-12  0.3460E-12
  0.1000E+14  0.1000E-73  0.1000E-73  0.6990E-39  0.4010E-25  0.2500E-18  0.2370E-14  0.4260E-13  0.1040E-12  0.1580E-12  0.2320E-12  0.2990E-12  0.3380E-12  0.3350E-12  0.3210E-12
  0.1000E+15  0.1000E-73  0.1000E-73  0.6490E-39  0.3740E-25  0.2390E-18  0.2310E-14  0.4170E-13  0.1020E-12  0.1550E-12  0.2280E-12  0.2940E-12  0.3320E-12  0.3280E-12  0.3140E-12
  0.1000E+16  0.1000E-73  0.1000E-73  0.6340E-39  0.3670E-25  0.2380E-18  0.2300E-14  0.4160E-13  0.1020E-12  0.1550E-12  0.2270E-12  0.2940E-12  0.3310E-12  0.3270E-12  0.3130E-12
  0.1000E+17  0.1000E-73  0.1000E-73  0.6320E-39  0.3660E-25  0.2380E-18  0.2300E-14  0.4160E-13  0.1020E-12  0.1550E-12  0.2270E-12  0.2930E-12  0.3310E-12  0.3270E-12  0.3130E-12
WAVELENGTH(A)= 
     1.001
 7 14 t 
excit   
    77.400    116.000    193.000    387.000    774.000   1930.000   3870.000   5800.000   7740.000  11600.000  19300.000  38700.000  77400.000 116000.000 
  0.1000E+11  0.1000E-73  0.1000E-73  0.1900E-39  0.1160E-25  0.7430E-19  0.7240E-15  0.1310E-13  0.3190E-13  0.4870E-13  0.7110E-13  0.9160E-13  0.1030E-12  0.1010E-12  0.9700E-13
  0.1000E+12  0.1000E-73  0.1000E-73  0.1990E-39  0.1160E-25  0.7410E-19  0.7200E-15  0.1300E-13  0.3170E-13  0.4830E-13  0.7060E-13  0.9090E-13  0.1020E-12  0.1010E-12  0.9650E-13
  0.1000E+13  0.1000E-73  0.1000E-73  0.1980E-39  0.1150E-25  0.7250E-19  0.6910E-15  0.1240E-13  0.3020E-13  0.4600E-13  0.6720E-13  0.8670E-13  0.9790E-13  0.9690E-13  0.9300E-13
  0.1000E+14  0.1000E-73  0.1000E-73  0.1910E-39  0.1090E-25  0.6720E-19  0.6390E-15  0.1150E-13  0.2810E-13  0.4290E-13  0.6280E-13  0.8110E-13  0.9150E-13  0.9040E-13  0.8660E-13
  0.1000E+15  0.1000E-73  0.1000E-73  0.1770E-39  0.1010E-25  0.6440E-19  0.6230E-15  0.1130E-13  0.2760E-13  0.4220E-13  0.6180E-13  0.7980E-13  0.8990E-13  0.8860E-13  0.8470E-13
  0.1000E+16  0.1000E-73  0.1000E-73  0.1730E-39  0.9940E-26  0.6390E-19  0.6210E-15  0.1130E-13  0.2760E-13  0.4210E-13  0.6170E-13  0.7960E-13  0.8970E-13  0.8840E-13  0.8450E-13
  0.1000E+17  0.1000E-73  0.1000E-73  0.1730E-39  0.9920E-26  0.6390E-19  0.6210E-15  0.1130E-13  0.2750E-13  0.4210E-13  0.6170E-13  0.7960E-13  0.8970E-13  0.8840E-13  0.8450E-13
WAVELENGTH(A)= 
     1.104
 7 14 t 
excit   
    77.400    116.000    193.000    387.000    774.000   1930.000   3870.000   5800.000   7740.000  11600.000  19300.000  38700.000  77400.000 116000.000 
  0.1000E+11  0.1000E-73  0.1000E-73  0.2080E-36  0.6000E-24  0.8550E-18  0.3300E-14  0.4310E-13  0.9370E-13  0.1330E-12  0.1790E-12  0.2100E-12  0.2080E-12  0.1780E-12  0.1560E-12
  0.1000E+12  0.1000E-73  0.1000E-73  0.2080E-36  0.6000E-24  0.8530E-18  0.3280E-14  0.4280E-13  0.9290E-13  0.1320E-12  0.1780E-12  0.2080E-12  0.2060E-12  0.1770E-12  0.1550E-12
  0.1000E+13  0.1000E-73  0.1000E-73  0.2070E-36  0.5940E-24  0.8340E-18  0.3150E-14  0.4070E-13  0.8830E-13  0.1250E-12  0.1690E-12  0.1980E-12  0.1970E-12  0.1700E-12  0.1500E-12
  0.1000E+14  0.1000E-73  0.1000E-73  0.1990E-36  0.5640E-24  0.7730E-18  0.2910E-14  0.3770E-13  0.8210E-13  0.1170E-12  0.1570E-12  0.1850E-12  0.1840E-12  0.1580E-12  0.1390E-12
  0.1000E+15  0.1000E-73  0.1000E-73  0.1850E-36  0.5250E-24  0.7400E-18  0.2830E-14  0.3700E-13  0.8050E-13  0.1150E-12  0.1550E-12  0.1820E-12  0.1800E-12  0.1550E-12  0.1360E-12
  0.1000E+16  0.1000E-73  0.1000E-73  0.1810E-36  0.5160E-24  0.7350E-18  0.2830E-14  0.3690E-13  0.8030E-13  0.1140E-12  0.1540E-12  0.1810E-12  0.1800E-12  0.1540E-12  0.1350E-12
  0.1000E+17  0.1000E-73  0.1000E-73  0.1800E-36  0.5150E-24  0.7340E-18  0.2820E-14  0.3690E-13  0.8030E-13  0.1140E-12  0.1540E-12  0.1810E-12  0.1800E-12  0.1540E-12  0.1350E-12
WAVELENGTH(A)= 
     1.114
 7 14 t 
excit   
    77.400    116.000    193.000    387.000    774.000   1930.000   3870.000   5800.000   7740.000  11600.000  19300.000  38700.000  77400.000 116000.000 
  0.1000E+11  0.1000E-73  0.1000E-73  0.1480E-36  0.3340E-24  0.4200E-18  0.1510E-14  0.1920E-13  0.4130E-13  0.5830E-13  0.7870E-13  0.9170E-13  0.9050E-13  0.7790E-13  0.6830E-13
  0.1000E+12  0.1000E-73  0.1000E-73  0.1480E-36  0.3330E-24  0.4190E-18  0.1500E-14  0.1900E-13  0.4090E-13  0.5780E-13  0.7800E-13  0.9100E-13  0.8990E-13  0.7740E-13  0.6790E-13
  0.1000E+13  0.1000E-73  0.1000E-73  0.1470E-36  0.3300E-24  0.4090E-18  0.1440E-14  0.1810E-13  0.3890E-13  0.5490E-13  0.7420E-13  0.8660E-13  0.8590E-13  0.7430E-13  0.6540E-13
  0.1000E+14  0.1000E-73  0.1000E-73  0.1420E-36  0.3130E-24  0.3790E-18  0.1330E-14  0.1680E-13  0.3610E-13  0.5110E-13  0.6920E-13  0.8080E-13  0.8010E-13  0.6910E-13  0.6080E-13
  0.1000E+15  0.1000E-73  0.1000E-73  0.1320E-36  0.2920E-24  0.3630E-18  0.1290E-14  0.1640E-13  0.3550E-13  0.5020E-13  0.6800E-13  0.7940E-13  0.7860E-13  0.6770E-13  0.5940E-13
  0.1000E+16  0.1000E-73  0.1000E-73  0.1290E-36  0.2870E-24  0.3610E-18  0.1290E-14  0.1640E-13  0.3540E-13  0.5010E-13  0.6780E-13  0.7930E-13  0.7840E-13  0.6750E-13  0.5920E-13
  0.1000E+17  0.1000E-73  0.1000E-73  0.1280E-36  0.2860E-24  0.3600E-18  0.1290E-14  0.1640E-13  0.3540E-13  0.5000E-13  0.6780E-13  0.7920E-13  0.7840E-13  0.6750E-13  0.5920E-13
WAVELENGTH(A)= 
     1.123
 7 14 t 
excit   
    77.400    116.000    193.000    387.000    774.000   1930.000   3870.000   5800.000   7740.000  11600.000  19300.000  38700.000  77400.000 116000.000 
  0.1000E+11  0.1000E-73  0.1000E-73  0.3210E-36  0.5700E-24  0.6420E-18  0.2140E-14  0.2660E-13  0.5700E-13  0.8030E-13  0.1080E-12  0.1260E-12  0.1230E-12  0.1050E-12  0.9260E-13
  0.1000E+12  0.1000E-73  0.1000E-73  0.3210E-36  0.5700E-24  0.6400E-18  0.2130E-14  0.2640E-13  0.5650E-13  0.7960E-13  0.1070E-12  0.1250E-12  0.1220E-12  0.1050E-12  0.9200E-13
  0.1000E+13  0.1000E-73  0.1000E-73  0.3190E-36  0.5650E-24  0.6260E-18  0.2040E-14  0.2520E-13  0.5370E-13  0.7560E-13  0.1010E-12  0.1190E-12  0.1170E-12  0.1000E-12  0.8860E-13
  0.1000E+14  0.1000E-73  0.1000E-73  0.3070E-36  0.5350E-24  0.5800E-18  0.1880E-14  0.2330E-13  0.4990E-13  0.7040E-13  0.9450E-13  0.1110E-12  0.1090E-12  0.9340E-13  0.8240E-13
  0.1000E+15  0.1000E-73  0.1000E-73  0.2850E-36  0.4990E-24  0.5550E-18  0.1840E-14  0.2290E-13  0.4900E-13  0.6910E-13  0.9290E-13  0.1090E-12  0.1070E-12  0.9140E-13  0.8050E-13
  0.1000E+16  0.1000E-73  0.1000E-73  0.2790E-36  0.4900E-24  0.5510E-18  0.1830E-14  0.2280E-13  0.4890E-13  0.6900E-13  0.9270E-13  0.1080E-12  0.1070E-12  0.9120E-13  0.8020E-13
  0.1000E+17  0.1000E-73  0.1000E-73  0.2780E-36  0.4890E-24  0.5510E-18  0.1830E-14  0.2280E-13  0.4890E-13  0.6900E-13  0.9270E-13  0.1080E-12  0.1070E-12  0.9120E-13  0.8020E-13
WAVELENGTH(A)= 
     1.126
 7 14 t 
excit   
    77.400    116.000    193.000    387.000    774.000   1930.000   3870.000   5800.000   7740.000  11600.000  19300.000  38700.000  77400.000 116000.000 
  0.1000E+11  0.1000E-73  0.1000E-73  0.2690E-36  0.4460E-24  0.4890E-18  0.1750E-14  0.2490E-13  0.5790E-13  0.8690E-13  0.1280E-12  0.1700E-12  0.2040E-12  0.2180E-12  0.2170E-12
  0.1000E+12  0.1000E-73  0.1000E-73  0.2690E-36  0.4460E-24  0.4870E-18  0.1740E-14  0.2470E-13  0.5740E-13  0.8610E-13  0.1260E-12  0.1680E-12  0.2030E-12  0.2160E-12  0.2160E-12
  0.1000E+13  0.1000E-73  0.1000E-73  0.2680E-36  0.4420E-24  0.4770E-18  0.1670E-14  0.2360E-13  0.5460E-13  0.8190E-13  0.1200E-12  0.1600E-12  0.1940E-12  0.2080E-12  0.2080E-12
  0.1000E+14  0.1000E-73  0.1000E-73  0.2580E-36  0.4190E-24  0.4420E-18  0.1540E-14  0.2180E-13  0.5070E-13  0.7620E-13  0.1120E-12  0.1490E-12  0.1800E-12  0.1930E-12  0.1940E-12
  0.1000E+15  0.1000E-73  0.1000E-73  0.2390E-36  0.3900E-24  0.4230E-18  0.1510E-14  0.2140E-13  0.4980E-13  0.7480E-13  0.1100E-12  0.1470E-12  0.1770E-12  0.1890E-12  0.1890E-12
  0.1000E+16  0.1000E-73  0.1000E-73  0.2340E-36  0.3830E-24  0.4200E-18  0.1500E-14  0.2130E-13  0.4970E-13  0.7470E-13  0.1100E-12  0.1470E-12  0.1770E-12  0.1890E-12  0.1890E-12
  0.1000E+17  0.1000E-73  0.1000E-73  0.2330E-36  0.3830E-24  0.4200E-18  0.1500E-14  0.2130E-13  0.4970E-13  0.7460E-13  0.1100E-12  0.1470E-12  0.1770E-12  0.1890E-12  0.1890E-12
WAVELENGTH(A)= 
     1.132
 7 14 t 
excit   
    77.400    116.000    193.000    387.000    774.000   1930.000   3870.000   5800.000   7740.000  11600.000  19300.000  38700.000  77400.000 116000.000 
  0.1000E+11  0.1000E-73  0.1000E-73  0.3580E-36  0.5010E-24  0.5030E-18  0.1620E-14  0.2080E-13  0.4680E-13  0.6860E-13  0.9990E-13  0.1340E-12  0.1660E-12  0.1830E-12  0.1860E-12
  0.1000E+12  0.1000E-73  0.1000E-73  0.3580E-36  0.5000E-24  0.5010E-18  0.1610E-14  0.2060E-13  0.4640E-13  0.6800E-13  0.9900E-13  0.1320E-12  0.1650E-12  0.1820E-12  0.1850E-12
  0.1000E+13  0.1000E-73  0.1000E-73  0.3560E-36  0.4960E-24  0.4900E-18  0.1540E-14  0.1970E-13  0.4410E-13  0.6470E-13  0.9420E-13  0.1260E-12  0.1570E-12  0.1750E-12  0.1780E-12
  0.1000E+14  0.1000E-73  0.1000E-73  0.3420E-36  0.4700E-24  0.4540E-18  0.1420E-14  0.1820E-13  0.4100E-13  0.6020E-13  0.8780E-13  0.1180E-12  0.1470E-12  0.1620E-12  0.1660E-12
  0.1000E+15  0.1000E-73  0.1000E-73  0.3180E-36  0.4380E-24  0.4350E-18  0.1390E-14  0.1780E-13  0.4020E-13  0.5910E-13  0.8630E-13  0.1160E-12  0.1440E-12  0.1590E-12  0.1620E-12
  0.1000E+16  0.1000E-73  0.1000E-73  0.3100E-36  0.4300E-24  0.4320E-18  0.1380E-14  0.1780E-13  0.4020E-13  0.5900E-13  0.8610E-13  0.1150E-12  0.1440E-12  0.1590E-12  0.1610E-12
  0.1000E+17  0.1000E-73  0.1000E-73  0.3100E-36  0.4290E-24  0.4320E-18  0.1380E-14  0.1780E-13  0.4020E-13  0.5900E-13  0.8610E-13  0.1150E-12  0.1440E-12  0.1590E-12  0.1610E-12
WAVELENGTH(A)= 
     1.135
 7 14 t 
excit   
    77.400    116.000    193.000    387.000    774.000   1930.000   3870.000   5800.000   7740.000  11600.000  19300.000  38700.000  77400.000 116000.000 
  0.1000E+11  0.1000E-73  0.1000E-73  0.2330E-36  0.3080E-24  0.3000E-18  0.9520E-15  0.1230E-13  0.2770E-13  0.4080E-13  0.5920E-13  0.7910E-13  0.9740E-13  0.1070E-12  0.1090E-12
  0.1000E+12  0.1000E-73  0.1000E-73  0.2330E-36  0.3070E-24  0.2990E-18  0.9470E-15  0.1220E-13  0.2740E-13  0.4040E-13  0.5870E-13  0.7840E-13  0.9670E-13  0.1060E-12  0.1080E-12
  0.1000E+13  0.1000E-73  0.1000E-73  0.2320E-36  0.3050E-24  0.2920E-18  0.9080E-15  0.1170E-13  0.2610E-13  0.3840E-13  0.5580E-13  0.7470E-13  0.9240E-13  0.1020E-12  0.1040E-12
  0.1000E+14  0.1000E-73  0.1000E-73  0.2230E-36  0.2890E-24  0.2710E-18  0.8390E-15  0.1080E-13  0.2430E-13  0.3580E-13  0.5210E-13  0.6980E-13  0.8620E-13  0.9510E-13  0.9680E-13
  0.1000E+15  0.1000E-73  0.1000E-73  0.2080E-36  0.2690E-24  0.2600E-18  0.8180E-15  0.1060E-13  0.2380E-13  0.3520E-13  0.5120E-13  0.6860E-13  0.8470E-13  0.9310E-13  0.9460E-13
  0.1000E+16  0.1000E-73  0.1000E-73  0.2030E-36  0.2650E-24  0.2580E-18  0.8160E-15  0.1060E-13  0.2380E-13  0.3510E-13  0.5110E-13  0.6850E-13  0.8450E-13  0.9290E-13  0.9430E-13
  0.1000E+17  0.1000E-73  0.1000E-73  0.2020E-36  0.2640E-24  0.2580E-18  0.8160E-15  0.1060E-13  0.2380E-13  0.3510E-13  0.5110E-13  0.6840E-13  0.8450E-13  0.9290E-13  0.9430E-13
WAVELENGTH(A)= 
     1.135
 7 14 t 
excit   
    77.400    116.000    193.000    387.000    774.000   1930.000   3870.000   5800.000   7740.000  11600.000  19300.000  38700.000  77400.000 116000.000 
  0.1000E+11  0.1000E-73  0.1000E-73  0.2670E-36  0.3470E-24  0.3370E-18  0.1110E-14  0.1520E-13  0.3490E-13  0.5190E-13  0.7610E-13  0.1000E-12  0.1210E-12  0.1300E-12  0.1300E-12
  0.1000E+12  0.1000E-73  0.1000E-73  0.2670E-36  0.3470E-24  0.3360E-18  0.1110E-14  0.1510E-13  0.3460E-13  0.5150E-13  0.7550E-13  0.9950E-13  0.1200E-12  0.1290E-12  0.1290E-12
  0.1000E+13  0.1000E-73  0.1000E-73  0.2650E-36  0.3440E-24  0.3290E-18  0.1060E-14  0.1430E-13  0.3290E-13  0.4890E-13  0.7170E-13  0.9470E-13  0.1150E-12  0.1240E-12  0.1240E-12
  0.1000E+14  0.1000E-73  0.1000E-73  0.2550E-36  0.3260E-24  0.3050E-18  0.9800E-15  0.1330E-13  0.3060E-13  0.4550E-13  0.6690E-13  0.8830E-13  0.1070E-12  0.1150E-12  0.1160E-12
  0.1000E+15  0.1000E-73  0.1000E-73  0.2370E-36  0.3030E-24  0.2910E-18  0.9560E-15  0.1300E-13  0.3000E-13  0.4470E-13  0.6570E-13  0.8680E-13  0.1050E-12  0.1130E-12  0.1130E-12
  0.1000E+16  0.1000E-73  0.1000E-73  0.2320E-36  0.2980E-24  0.2900E-18  0.9530E-15  0.1300E-13  0.2990E-13  0.4460E-13  0.6560E-13  0.8670E-13  0.1050E-12  0.1130E-12  0.1130E-12
  0.1000E+17  0.1000E-73  0.1000E-73  0.2310E-36  0.2980E-24  0.2890E-18  0.9530E-15  0.1300E-13  0.2990E-13  0.4460E-13  0.6560E-13  0.8660E-13  0.1050E-12  0.1130E-12  0.1130E-12
WAVELENGTH(A)= 
     1.156
 7 14 t 
excit   
    77.400    116.000    193.000    387.000    774.000   1930.000   3870.000   5800.000   7740.000  11600.000  19300.000  38700.000  77400.000 116000.000 
  0.1000E+11  0.1000E-73  0.1000E-73  0.5550E-36  0.4380E-24  0.3280E-18  0.8740E-15  0.1040E-13  0.2230E-13  0.3180E-13  0.4420E-13  0.5560E-13  0.6330E-13  0.6380E-13  0.6230E-13
  0.1000E+12  0.1000E-73  0.1000E-73  0.5550E-36  0.4370E-24  0.3270E-18  0.8690E-15  0.1030E-13  0.2210E-13  0.3160E-13  0.4390E-13  0.5520E-13  0.6290E-13  0.6340E-13  0.6200E-13
  0.1000E+13  0.1000E-73  0.1000E-73  0.5520E-36  0.4330E-24  0.3200E-18  0.8350E-15  0.9860E-14  0.2120E-13  0.3030E-13  0.4210E-13  0.5310E-13  0.6060E-13  0.6130E-13  0.6010E-13
  0.1000E+14  0.1000E-73  0.1000E-73  0.5310E-36  0.4110E-24  0.2970E-18  0.7730E-15  0.9220E-14  0.1990E-13  0.2850E-13  0.3980E-13  0.5020E-13  0.5730E-13  0.5790E-13  0.5650E-13
  0.1000E+15  0.1000E-73  0.1000E-73  0.4930E-36  0.3830E-24  0.2840E-18  0.7550E-15  0.9050E-14  0.1960E-13  0.2810E-13  0.3920E-13  0.4950E-13  0.5650E-13  0.5690E-13  0.5550E-13
  0.1000E+16  0.1000E-73  0.1000E-73  0.4810E-36  0.3760E-24  0.2820E-18  0.7530E-15  0.9030E-14  0.1950E-13  0.2800E-13  0.3920E-13  0.4950E-13  0.5640E-13  0.5680E-13  0.5540E-13
  0.1000E+17  0.1000E-73  0.1000E-73  0.4800E-36  0.3750E-24  0.2820E-18  0.7530E-15  0.9030E-14  0.1950E-13  0.2800E-13  0.3920E-13  0.4950E-13  0.5640E-13  0.5670E-13  0.5530E-13
WAVELENGTH(A)= 
     1.157
 7 14 t 
excit   
    77.400    116.000    193.000    387.000    774.000   1930.000   3870.000   5800.000   7740.000  11600.000  19300.000  38700.000  77400.000 116000.000 
  0.1000E+11  0.1000E-73  0.1000E-73  0.5170E-35  0.3910E-23  0.2880E-17  0.7600E-14  0.8980E-13  0.1930E-12  0.2750E-12  0.3820E-12  0.4800E-12  0.5440E-12  0.5490E-12  0.5350E-12
  0.1000E+12  0.1000E-73  0.1000E-73  0.5160E-35  0.3910E-23  0.2870E-17  0.7550E-14  0.8910E-13  0.1910E-12  0.2730E-12  0.3790E-12  0.4760E-12  0.5400E-12  0.5460E-12  0.5320E-12
  0.1000E+13  0.1000E-73  0.1000E-73  0.5140E-35  0.3880E-23  0.2810E-17  0.7260E-14  0.8510E-13  0.1820E-12  0.2600E-12  0.3620E-12  0.4550E-12  0.5180E-12  0.5250E-12  0.5140E-12
  0.1000E+14  0.1000E-73  0.1000E-73  0.4960E-35  0.3690E-23  0.2620E-17  0.6740E-14  0.7920E-13  0.1700E-12  0.2430E-12  0.3380E-12  0.4260E-12  0.4840E-12  0.4910E-12  0.4790E-12
  0.1000E+15  0.1000E-73  0.1000E-73  0.4630E-35  0.3450E-23  0.2510E-17  0.6580E-14  0.7770E-13  0.1670E-12  0.2390E-12  0.3330E-12  0.4190E-12  0.4760E-12  0.4810E-12  0.4690E-12
  0.1000E+16  0.1000E-73  0.1000E-73  0.4530E-35  0.3400E-23  0.2500E-17  0.6560E-14  0.7750E-13  0.1670E-12  0.2390E-12  0.3320E-12  0.4180E-12  0.4750E-12  0.4800E-12  0.4680E-12
  0.1000E+17  0.1000E-73  0.1000E-73  0.4520E-35  0.3390E-23  0.2500E-17  0.6560E-14  0.7750E-13  0.1670E-12  0.2390E-12  0.3320E-12  0.4180E-12  0.4750E-12  0.4800E-12  0.4680E-12
WAVELENGTH(A)= 
     1.158
 7 14 t 
excit   
    77.400    116.000    193.000    387.000    774.000   1930.000   3870.000   5800.000   7740.000  11600.000  19300.000  38700.000  77400.000 116000.000 
  0.1000E+11  0.1000E-73  0.1000E-73  0.9120E-35  0.6800E-23  0.4960E-17  0.1300E-13  0.1530E-12  0.3270E-12  0.4660E-12  0.6480E-12  0.8150E-12  0.9220E-12  0.9350E-12  0.9100E-12
  0.1000E+12  0.1000E-73  0.1000E-73  0.9110E-35  0.6790E-23  0.4940E-17  0.1290E-13  0.1520E-12  0.3240E-12  0.4620E-12  0.6420E-12  0.8090E-12  0.9160E-12  0.9290E-12  0.9050E-12
  0.1000E+13  0.1000E-73  0.1000E-73  0.9060E-35  0.6730E-23  0.4830E-17  0.1240E-13  0.1440E-12  0.3080E-12  0.4390E-12  0.6110E-12  0.7700E-12  0.8750E-12  0.8920E-12  0.8710E-12
  0.1000E+14  0.1000E-73  0.1000E-73  0.8720E-35  0.6380E-23  0.4480E-17  0.1140E-13  0.1340E-12  0.2860E-12  0.4090E-12  0.5690E-12  0.7180E-12  0.8160E-12  0.8300E-12  0.8100E-12
  0.1000E+15  0.1000E-73  0.1000E-73  0.8100E-35  0.5940E-23  0.4290E-17  0.1110E-13  0.1310E-12  0.2810E-12  0.4020E-12  0.5590E-12  0.7060E-12  0.8010E-12  0.8120E-12  0.7910E-12
  0.1000E+16  0.1000E-73  0.1000E-73  0.7910E-35  0.5840E-23  0.4260E-17  0.1110E-13  0.1310E-12  0.2800E-12  0.4010E-12  0.5580E-12  0.7050E-12  0.7990E-12  0.8100E-12  0.7890E-12
  0.1000E+17  0.1000E-73  0.1000E-73  0.7890E-35  0.5830E-23  0.4260E-17  0.1110E-13  0.1310E-12  0.2800E-12  0.4010E-12  0.5580E-12  0.7040E-12  0.7990E-12  0.8100E-12  0.7890E-12
WAVELENGTH(A)= 
     1.158
 7 14 t 
excit   
    77.400    116.000    193.000    387.000    774.000   1930.000   3870.000   5800.000   7740.000  11600.000  19300.000  38700.000  77400.000 116000.000 
  0.1000E+11  0.1000E-73  0.1000E-73  0.1190E-34  0.8880E-23  0.6440E-17  0.1680E-13  0.1980E-12  0.4250E-12  0.6040E-12  0.8370E-12  0.1050E-11  0.1190E-11  0.1210E-11  0.1180E-11
  0.1000E+12  0.1000E-73  0.1000E-73  0.1180E-34  0.8870E-23  0.6430E-17  0.1670E-13  0.1960E-12  0.4210E-12  0.5990E-12  0.8300E-12  0.1050E-11  0.1180E-11  0.1210E-11  0.1180E-11
  0.1000E+13  0.1000E-73  0.1000E-73  0.1180E-34  0.8800E-23  0.6280E-17  0.1600E-13  0.1870E-12  0.4010E-12  0.5690E-12  0.7890E-12  0.9950E-12  0.1130E-11  0.1160E-11  0.1130E-11
  0.1000E+14  0.1000E-73  0.1000E-73  0.1130E-34  0.8340E-23  0.5820E-17  0.1480E-13  0.1730E-12  0.3720E-12  0.5290E-12  0.7360E-12  0.9280E-12  0.1050E-11  0.1080E-11  0.1050E-11
  0.1000E+15  0.1000E-73  0.1000E-73  0.1050E-34  0.7770E-23  0.5570E-17  0.1440E-13  0.1700E-12  0.3650E-12  0.5200E-12  0.7230E-12  0.9120E-12  0.1040E-11  0.1050E-11  0.1030E-11
  0.1000E+16  0.1000E-73  0.1000E-73  0.1030E-34  0.7630E-23  0.5540E-17  0.1440E-13  0.1690E-12  0.3650E-12  0.5190E-12  0.7220E-12  0.9110E-12  0.1030E-11  0.1050E-11  0.1030E-11
  0.1000E+17  0.1000E-73  0.1000E-73  0.1030E-34  0.7620E-23  0.5530E-17  0.1440E-13  0.1690E-12  0.3640E-12  0.5190E-12  0.7210E-12  0.9100E-12  0.1030E-11  0.1050E-11  0.1030E-11
WAVELENGTH(A)= 
     1.162
 7 14 t 
excit   
    77.400    116.000    193.000    387.000    774.000   1930.000   3870.000   5800.000   7740.000  11600.000  19300.000  38700.000  77400.000 116000.000 
  0.1000E+11  0.1000E-73  0.1000E-73  0.3630E-35  0.2480E-23  0.1730E-17  0.4490E-14  0.5380E-13  0.1170E-12  0.1680E-12  0.2340E-12  0.2950E-12  0.3340E-12  0.3370E-12  0.3270E-12
  0.1000E+12  0.1000E-73  0.1000E-73  0.3620E-35  0.2470E-23  0.1730E-17  0.4460E-14  0.5340E-13  0.1160E-12  0.1660E-12  0.2320E-12  0.2930E-12  0.3320E-12  0.3350E-12  0.3250E-12
  0.1000E+13  0.1000E-73  0.1000E-73  0.3600E-35  0.2450E-23  0.1690E-17  0.4280E-14  0.5090E-13  0.1100E-12  0.1580E-12  0.2210E-12  0.2790E-12  0.3170E-12  0.3210E-12  0.3130E-12
  0.1000E+14  0.1000E-73  0.1000E-73  0.3470E-35  0.2320E-23  0.1570E-17  0.3950E-14  0.4710E-13  0.1020E-12  0.1470E-12  0.2060E-12  0.2600E-12  0.2960E-12  0.2990E-12  0.2910E-12
  0.1000E+15  0.1000E-73  0.1000E-73  0.3220E-35  0.2160E-23  0.1500E-17  0.3850E-14  0.4620E-13  0.1000E-12  0.1440E-12  0.2020E-12  0.2560E-12  0.2900E-12  0.2920E-12  0.2840E-12
  0.1000E+16  0.1000E-73  0.1000E-73  0.3150E-35  0.2130E-23  0.1490E-17  0.3840E-14  0.4610E-13  0.1000E-12  0.1440E-12  0.2020E-12  0.2550E-12  0.2900E-12  0.2920E-12  0.2830E-12
  0.1000E+17  0.1000E-73  0.1000E-73  0.3140E-35  0.2120E-23  0.1490E-17  0.3840E-14  0.4610E-13  0.1000E-12  0.1440E-12  0.2020E-12  0.2550E-12  0.2890E-12  0.2920E-12  0.2830E-12
WAVELENGTH(A)= 
     1.163
 7 14 t 
excit   
    77.400    116.000    193.000    387.000    774.000   1930.000   3870.000   5800.000   7740.000  11600.000  19300.000  38700.000  77400.000 116000.000 
  0.1000E+11  0.1000E-73  0.1000E-73  0.6630E-36  0.4420E-24  0.3060E-18  0.8090E-15  0.1000E-13  0.2210E-13  0.3210E-13  0.4520E-13  0.5720E-13  0.6450E-13  0.6420E-13  0.6200E-13
  0.1000E+12  0.1000E-73  0.1000E-73  0.6630E-36  0.4420E-24  0.3050E-18  0.8040E-15  0.9940E-14  0.2190E-13  0.3180E-13  0.4480E-13  0.5680E-13  0.6410E-13  0.6380E-13  0.6160E-13
  0.1000E+13  0.1000E-73  0.1000E-73  0.6590E-36  0.4380E-24  0.2990E-18  0.7710E-15  0.9470E-14  0.2080E-13  0.3020E-13  0.4260E-13  0.5410E-13  0.6120E-13  0.6130E-13  0.5930E-13
  0.1000E+14  0.1000E-73  0.1000E-73  0.6340E-36  0.4160E-24  0.2770E-18  0.7120E-15  0.8770E-14  0.1940E-13  0.2810E-13  0.3970E-13  0.5040E-13  0.5710E-13  0.5700E-13  0.5510E-13
  0.1000E+15  0.1000E-73  0.1000E-73  0.5890E-36  0.3870E-24  0.2650E-18  0.6940E-15  0.8600E-14  0.1900E-13  0.2760E-13  0.3910E-13  0.4960E-13  0.5600E-13  0.5580E-13  0.5390E-13
  0.1000E+16  0.1000E-73  0.1000E-73  0.5750E-36  0.3800E-24  0.2630E-18  0.6920E-15  0.8580E-14  0.1900E-13  0.2760E-13  0.3900E-13  0.4950E-13  0.5590E-13  0.5570E-13  0.5370E-13
  0.1000E+17  0.1000E-73  0.1000E-73  0.5730E-36  0.3790E-24  0.2630E-18  0.6920E-15  0.8570E-14  0.1900E-13  0.2760E-13  0.3900E-13  0.4950E-13  0.5590E-13  0.5570E-13  0.5370E-13
WAVELENGTH(A)= 
     1.168
 7 14 t 
excit   
    77.400    116.000    193.000    387.000    774.000   1930.000   3870.000   5800.000   7740.000  11600.000  19300.000  38700.000  77400.000 116000.000 
  0.1000E+11  0.1000E-73  0.1000E-73  0.1200E-35  0.7010E-24  0.4570E-18  0.1180E-14  0.1480E-13  0.3310E-13  0.4860E-13  0.6990E-13  0.9170E-13  0.1080E-12  0.1150E-12  0.1140E-12
  0.1000E+12  0.1000E-73  0.1000E-73  0.1200E-35  0.7010E-24  0.4560E-18  0.1180E-14  0.1470E-13  0.3280E-13  0.4820E-13  0.6930E-13  0.9090E-13  0.1080E-12  0.1140E-12  0.1130E-12
  0.1000E+13  0.1000E-73  0.1000E-73  0.1190E-35  0.6940E-24  0.4460E-18  0.1130E-14  0.1400E-13  0.3120E-13  0.4580E-13  0.6600E-13  0.8670E-13  0.1030E-12  0.1090E-12  0.1090E-12
  0.1000E+14  0.1000E-73  0.1000E-73  0.1150E-35  0.6590E-24  0.4140E-18  0.1040E-14  0.1300E-13  0.2910E-13  0.4270E-13  0.6160E-13  0.8090E-13  0.9600E-13  0.1020E-12  0.1010E-12
  0.1000E+15  0.1000E-73  0.1000E-73  0.1070E-35  0.6140E-24  0.3960E-18  0.1020E-14  0.1270E-13  0.2850E-13  0.4190E-13  0.6050E-13  0.7960E-13  0.9430E-13  0.9980E-13  0.9910E-13
  0.1000E+16  0.1000E-73  0.1000E-73  0.1040E-35  0.6030E-24  0.3930E-18  0.1010E-14  0.1270E-13  0.2850E-13  0.4190E-13  0.6040E-13  0.7940E-13  0.9410E-13  0.9960E-13  0.9880E-13
  0.1000E+17  0.1000E-73  0.1000E-73  0.1040E-35  0.6020E-24  0.3930E-18  0.1010E-14  0.1270E-13  0.2850E-13  0.4180E-13  0.6040E-13  0.7940E-13  0.9410E-13  0.9960E-13  0.9880E-13
WAVELENGTH(A)= 
     1.169
 7 14 t 
excit   
    77.400    116.000    193.000    387.000    774.000   1930.000   3870.000   5800.000   7740.000  11600.000  19300.000  38700.000  77400.000 116000.000 
  0.1000E+11  0.1000E-73  0.1000E-73  0.1170E-35  0.6740E-24  0.4350E-18  0.1110E-14  0.1370E-13  0.3040E-13  0.4450E-13  0.6400E-13  0.8380E-13  0.9990E-13  0.1070E-12  0.1060E-12
  0.1000E+12  0.1000E-73  0.1000E-73  0.1170E-35  0.6730E-24  0.4340E-18  0.1100E-14  0.1360E-13  0.3020E-13  0.4420E-13  0.6340E-13  0.8310E-13  0.9920E-13  0.1060E-12  0.1060E-12
  0.1000E+13  0.1000E-73  0.1000E-73  0.1160E-35  0.6670E-24  0.4250E-18  0.1060E-14  0.1300E-13  0.2870E-13  0.4210E-13  0.6040E-13  0.7930E-13  0.9490E-13  0.1020E-12  0.1020E-12
  0.1000E+14  0.1000E-73  0.1000E-73  0.1120E-35  0.6340E-24  0.3950E-18  0.9790E-15  0.1200E-13  0.2670E-13  0.3920E-13  0.5640E-13  0.7410E-13  0.8870E-13  0.9480E-13  0.9480E-13
  0.1000E+15  0.1000E-73  0.1000E-73  0.1040E-35  0.5910E-24  0.3780E-18  0.9560E-15  0.1180E-13  0.2630E-13  0.3860E-13  0.5550E-13  0.7290E-13  0.8710E-13  0.9290E-13  0.9270E-13
  0.1000E+16  0.1000E-73  0.1000E-73  0.1010E-35  0.5810E-24  0.3760E-18  0.9530E-15  0.1180E-13  0.2620E-13  0.3850E-13  0.5540E-13  0.7270E-13  0.8690E-13  0.9270E-13  0.9240E-13
  0.1000E+17  0.1000E-73  0.1000E-73  0.1010E-35  0.5800E-24  0.3750E-18  0.9520E-15  0.1180E-13  0.2620E-13  0.3850E-13  0.5540E-13  0.7270E-13  0.8690E-13  0.9260E-13  0.9240E-13
WAVELENGTH(A)= 
     1.178
 7 14 t 
excit   
    77.400    116.000    193.000    387.000    774.000   1930.000   3870.000   5800.000   7740.000  11600.000  19300.000  38700.000  77400.000 116000.000 
  0.1000E+11  0.1000E-73  0.1000E-73  0.3800E-35  0.1830E-23  0.1110E-17  0.2780E-14  0.3410E-13  0.7550E-13  0.1100E-12  0.1560E-12  0.2020E-12  0.2350E-12  0.2440E-12  0.2410E-12
  0.1000E+12  0.1000E-73  0.1000E-73  0.3800E-35  0.1820E-23  0.1110E-17  0.2770E-14  0.3380E-13  0.7490E-13  0.1090E-12  0.1550E-12  0.2000E-12  0.2330E-12  0.2430E-12  0.2400E-12
  0.1000E+13  0.1000E-73  0.1000E-73  0.3780E-35  0.1810E-23  0.1080E-17  0.2650E-14  0.3220E-13  0.7120E-13  0.1030E-12  0.1470E-12  0.1900E-12  0.2230E-12  0.2330E-12  0.2310E-12
  0.1000E+14  0.1000E-73  0.1000E-73  0.3640E-35  0.1720E-23  0.1010E-17  0.2450E-14  0.2980E-13  0.6620E-13  0.9630E-13  0.1370E-12  0.1780E-12  0.2080E-12  0.2170E-12  0.2150E-12
  0.1000E+15  0.1000E-73  0.1000E-73  0.3380E-35  0.1600E-23  0.9620E-18  0.2390E-14  0.2920E-13  0.6490E-13  0.9460E-13  0.1350E-12  0.1750E-12  0.2040E-12  0.2120E-12  0.2100E-12
  0.1000E+16  0.1000E-73  0.1000E-73  0.3300E-35  0.1570E-23  0.9560E-18  0.2380E-14  0.2920E-13  0.6480E-13  0.9440E-13  0.1350E-12  0.1740E-12  0.2040E-12  0.2120E-12  0.2090E-12
  0.1000E+17  0.1000E-73  0.1000E-73  0.3290E-35  0.1570E-23  0.9550E-18  0.2380E-14  0.2920E-13  0.6480E-13  0.9430E-13  0.1350E-12  0.1740E-12  0.2040E-12  0.2120E-12  0.2090E-12
WAVELENGTH(A)= 
     1.179
 7 14 t 
excit   
    77.400    116.000    193.000    387.000    774.000   1930.000   3870.000   5800.000   7740.000  11600.000  19300.000  38700.000  77400.000 116000.000 
  0.1000E+11  0.1000E-73  0.1000E-73  0.1060E-35  0.4860E-24  0.2800E-18  0.6660E-15  0.8060E-14  0.1780E-13  0.2590E-13  0.3710E-13  0.4850E-13  0.5800E-13  0.6160E-13  0.6140E-13
  0.1000E+12  0.1000E-73  0.1000E-73  0.1060E-35  0.4860E-24  0.2800E-18  0.6620E-15  0.8000E-14  0.1760E-13  0.2570E-13  0.3680E-13  0.4810E-13  0.5760E-13  0.6120E-13  0.6110E-13
  0.1000E+13  0.1000E-73  0.1000E-73  0.1060E-35  0.4810E-24  0.2730E-18  0.6350E-15  0.7620E-14  0.1670E-13  0.2440E-13  0.3500E-13  0.4590E-13  0.5500E-13  0.5880E-13  0.5880E-13
  0.1000E+14  0.1000E-73  0.1000E-73  0.1020E-35  0.4570E-24  0.2530E-18  0.5870E-15  0.7060E-14  0.1560E-13  0.2280E-13  0.3260E-13  0.4280E-13  0.5130E-13  0.5470E-13  0.5470E-13
  0.1000E+15  0.1000E-73  0.1000E-73  0.9460E-36  0.4250E-24  0.2430E-18  0.5720E-15  0.6920E-14  0.1530E-13  0.2230E-13  0.3210E-13  0.4210E-13  0.5040E-13  0.5360E-13  0.5340E-13
  0.1000E+16  0.1000E-73  0.1000E-73  0.9230E-36  0.4180E-24  0.2410E-18  0.5700E-15  0.6900E-14  0.1520E-13  0.2230E-13  0.3200E-13  0.4200E-13  0.5030E-13  0.5340E-13  0.5330E-13
  0.1000E+17  0.1000E-73  0.1000E-73  0.9210E-36  0.4170E-24  0.2410E-18  0.5700E-15  0.6900E-14  0.1520E-13  0.2230E-13  0.3200E-13  0.4200E-13  0.5020E-13  0.5340E-13  0.5320E-13
WAVELENGTH(A)= 
     1.234
 7 14 t 
excit   
    77.400    116.000    193.000    387.000    774.000   1930.000   3870.000   5800.000   7740.000  11600.000  19300.000  38700.000  77400.000 116000.000 
  0.1000E+11  0.1000E-73  0.1000E-73  0.1230E-34  0.1970E-23  0.7180E-18  0.1510E-14  0.2000E-13  0.4620E-13  0.6860E-13  0.9850E-13  0.1240E-12  0.1350E-12  0.1280E-12  0.1190E-12
  0.1000E+12  0.1000E-73  0.1000E-73  0.1230E-34  0.1970E-23  0.7160E-18  0.1500E-14  0.1980E-13  0.4580E-13  0.6800E-13  0.9770E-13  0.1230E-12  0.1340E-12  0.1270E-12  0.1180E-12
  0.1000E+13  0.1000E-73  0.1000E-73  0.1230E-34  0.1960E-23  0.7010E-18  0.1440E-14  0.1890E-13  0.4370E-13  0.6480E-13  0.9300E-13  0.1170E-12  0.1280E-12  0.1220E-12  0.1140E-12
  0.1000E+14  0.1000E-73  0.1000E-73  0.1180E-34  0.1860E-23  0.6520E-18  0.1340E-14  0.1760E-13  0.4070E-13  0.6040E-13  0.8690E-13  0.1100E-12  0.1200E-12  0.1140E-12  0.1060E-12
  0.1000E+15  0.1000E-73  0.1000E-73  0.1100E-34  0.1730E-23  0.6250E-18  0.1310E-14  0.1730E-13  0.4000E-13  0.5940E-13  0.8550E-13  0.1080E-12  0.1170E-12  0.1110E-12  0.1040E-12
  0.1000E+16  0.1000E-73  0.1000E-73  0.1070E-34  0.1700E-23  0.6210E-18  0.1300E-14  0.1720E-13  0.3990E-13  0.5930E-13  0.8530E-13  0.1080E-12  0.1170E-12  0.1110E-12  0.1040E-12
  0.1000E+17  0.1000E-73  0.1000E-73  0.1070E-34  0.1700E-23  0.6200E-18  0.1300E-14  0.1720E-13  0.3990E-13  0.5930E-13  0.8530E-13  0.1080E-12  0.1170E-12  0.1110E-12  0.1040E-12
WAVELENGTH(A)= 
     1.321
 7 14 t 
excit   
    77.400    116.000    193.000    387.000    774.000   1930.000   3870.000   5800.000   7740.000  11600.000  19300.000  38700.000  77400.000 116000.000 
  0.1000E+11  0.1000E-73  0.1000E-73  0.2260E-31  0.5520E-21  0.7290E-16  0.6890E-13  0.5770E-12  0.1110E-11  0.1500E-11  0.1970E-11  0.2370E-11  0.2590E-11  0.2560E-11  0.2470E-11
  0.1000E+12  0.1000E-73  0.1000E-73  0.2250E-31  0.5520E-21  0.7270E-16  0.6850E-13  0.5730E-12  0.1100E-11  0.1490E-11  0.1960E-11  0.2350E-11  0.2570E-11  0.2550E-11  0.2450E-11
  0.1000E+13  0.1000E-73  0.1000E-73  0.2240E-31  0.5470E-21  0.7110E-16  0.6570E-13  0.5460E-12  0.1050E-11  0.1410E-11  0.1860E-11  0.2240E-11  0.2460E-11  0.2440E-11  0.2360E-11
  0.1000E+14  0.1000E-73  0.1000E-73  0.2160E-31  0.5190E-21  0.6590E-16  0.6060E-13  0.5060E-12  0.9720E-12  0.1320E-11  0.1730E-11  0.2090E-11  0.2290E-11  0.2270E-11  0.2200E-11
  0.1000E+15  0.1000E-73  0.1000E-73  0.2000E-31  0.4830E-21  0.6310E-16  0.5910E-13  0.4950E-12  0.9540E-12  0.1290E-11  0.1700E-11  0.2050E-11  0.2250E-11  0.2230E-11  0.2150E-11
  0.1000E+16  0.1000E-73  0.1000E-73  0.1960E-31  0.4750E-21  0.6270E-16  0.5890E-13  0.4940E-12  0.9520E-12  0.1290E-11  0.1700E-11  0.2050E-11  0.2240E-11  0.2220E-11  0.2140E-11
  0.1000E+17  0.1000E-73  0.2730E-45  0.1950E-31  0.4740E-21  0.6260E-16  0.5890E-13  0.4940E-12  0.9510E-12  0.1290E-11  0.1700E-11  0.2050E-11  0.2240E-11  0.2220E-11  0.2140E-11
WAVELENGTH(A)= 
     1.323
 7 14 t 
excit   
    77.400    116.000    193.000    387.000    774.000   1930.000   3870.000   5800.000   7740.000  11600.000  19300.000  38700.000  77400.000 116000.000 
  0.1000E+11  0.1000E-73  0.1000E-73  0.7810E-32  0.1840E-21  0.2380E-16  0.2220E-13  0.1870E-12  0.3580E-12  0.4840E-12  0.6370E-12  0.7680E-12  0.8380E-12  0.8260E-12  0.7940E-12
  0.1000E+12  0.1000E-73  0.1000E-73  0.7800E-32  0.1840E-21  0.2380E-16  0.2210E-13  0.1850E-12  0.3550E-12  0.4810E-12  0.6310E-12  0.7620E-12  0.8320E-12  0.8210E-12  0.7900E-12
  0.1000E+13  0.1000E-73  0.1000E-73  0.7760E-32  0.1820E-21  0.2320E-16  0.2120E-13  0.1770E-12  0.3380E-12  0.4570E-12  0.6010E-12  0.7260E-12  0.7960E-12  0.7890E-12  0.7610E-12
  0.1000E+14  0.1000E-73  0.1000E-73  0.7470E-32  0.1730E-21  0.2150E-16  0.1960E-13  0.1640E-12  0.3150E-12  0.4260E-12  0.5620E-12  0.6790E-12  0.7440E-12  0.7360E-12  0.7090E-12
  0.1000E+15  0.1000E-73  0.1000E-73  0.6930E-32  0.1610E-21  0.2060E-16  0.1910E-13  0.1610E-12  0.3090E-12  0.4190E-12  0.5530E-12  0.6680E-12  0.7310E-12  0.7210E-12  0.6930E-12
  0.1000E+16  0.1000E-73  0.1000E-73  0.6770E-32  0.1580E-21  0.2050E-16  0.1900E-13  0.1600E-12  0.3090E-12  0.4180E-12  0.5510E-12  0.6670E-12  0.7290E-12  0.7190E-12  0.6910E-12
  0.1000E+17  0.1000E-73  0.1210E-45  0.6750E-32  0.1580E-21  0.2050E-16  0.1900E-13  0.1600E-12  0.3090E-12  0.4180E-12  0.5510E-12  0.6670E-12  0.7290E-12  0.7190E-12  0.6910E-12
WAVELENGTH(A)= 
     1.326
 7 14 t 
excit   
    77.400    116.000    193.000    387.000    774.000   1930.000   3870.000   5800.000   7740.000  11600.000  19300.000  38700.000  77400.000 116000.000 
  0.1000E+11  0.1000E-73  0.1000E-73  0.4640E-33  0.1160E-22  0.1570E-17  0.1550E-14  0.1360E-13  0.2650E-13  0.3620E-13  0.4800E-13  0.5790E-13  0.6280E-13  0.6110E-13  0.5860E-13
  0.1000E+12  0.1000E-73  0.1000E-73  0.4830E-33  0.1230E-22  0.1820E-17  0.2070E-14  0.1890E-13  0.3750E-13  0.5130E-13  0.6780E-13  0.8080E-13  0.8510E-13  0.8000E-13  0.7490E-13
  0.1000E+13  0.1000E-73  0.1000E-73  0.6660E-33  0.1880E-22  0.3850E-17  0.5540E-14  0.5220E-13  0.1030E-12  0.1410E-12  0.1840E-12  0.2160E-12  0.2230E-12  0.2040E-12  0.1850E-12
  0.1000E+14  0.1000E-73  0.1000E-73  0.1910E-32  0.5650E-22  0.1050E-16  0.1170E-13  0.1010E-12  0.1930E-12  0.2590E-12  0.3360E-12  0.3970E-12  0.4230E-12  0.4090E-12  0.3850E-12
  0.1000E+15  0.1000E-73  0.1000E-73  0.4190E-32  0.1040E-21  0.1410E-16  0.1360E-13  0.1130E-12  0.2150E-12  0.2880E-12  0.3720E-12  0.4410E-12  0.4740E-12  0.4660E-12  0.4450E-12
  0.1000E+16  0.1000E-73  0.1000E-73  0.4890E-32  0.1150E-21  0.1460E-16  0.1380E-13  0.1150E-12  0.2170E-12  0.2910E-12  0.3760E-12  0.4460E-12  0.4800E-12  0.4730E-12  0.4530E-12
  0.1000E+17  0.1000E-73  0.1000E-73  0.4970E-32  0.1170E-21  0.1470E-16  0.1380E-13  0.1150E-12  0.2180E-12  0.2910E-12  0.3770E-12  0.4460E-12  0.4800E-12  0.4740E-12  0.4530E-12
WAVELENGTH(A)= 
     1.328
 7 14 t 
excit   
    77.400    116.000    193.000    387.000    774.000   1930.000   3870.000   5800.000   7740.000  11600.000  19300.000  38700.000  77400.000 116000.000 
  0.1000E+11  0.1000E-73  0.1000E-73  0.1480E-36  0.3670E-24  0.4880E-18  0.1790E-14  0.2310E-13  0.5000E-13  0.7050E-13  0.9490E-13  0.1110E-12  0.1100E-12  0.9400E-13  0.8240E-13
  0.1000E+12  0.1000E-73  0.1000E-73  0.1480E-36  0.3660E-24  0.4870E-18  0.1780E-14  0.2290E-13  0.4970E-13  0.7010E-13  0.9430E-13  0.1110E-12  0.1090E-12  0.9350E-13  0.8200E-13
  0.1000E+13  0.1000E-73  0.1000E-73  0.1480E-36  0.3640E-24  0.4790E-18  0.1720E-14  0.2210E-13  0.4770E-13  0.6730E-13  0.9060E-13  0.1060E-12  0.1050E-12  0.9050E-13  0.7950E-13
  0.1000E+14  0.1000E-73  0.1000E-73  0.1430E-36  0.3490E-24  0.4510E-18  0.1620E-14  0.2080E-13  0.4500E-13  0.6360E-13  0.8570E-13  0.1010E-12  0.9980E-13  0.8550E-13  0.7510E-13
  0.1000E+15  0.1000E-73  0.1000E-73  0.1360E-36  0.3310E-24  0.4360E-18  0.1590E-14  0.2050E-13  0.4440E-13  0.6270E-13  0.8450E-13  0.9930E-13  0.9830E-13  0.8410E-13  0.7370E-13
  0.1000E+16  0.1000E-73  0.1000E-73  0.1330E-36  0.3270E-24  0.4340E-18  0.1580E-14  0.2040E-13  0.4430E-13  0.6260E-13  0.8440E-13  0.9920E-13  0.9820E-13  0.8390E-13  0.7360E-13
  0.1000E+17  0.1000E-73  0.1000E-73  0.1330E-36  0.3260E-24  0.4340E-18  0.1580E-14  0.2040E-13  0.4430E-13  0.6260E-13  0.8440E-13  0.9920E-13  0.9810E-13  0.8390E-13  0.7360E-13
WAVELENGTH(A)= 
     1.329
 7 14 t 
excit   
    77.400    116.000    193.000    387.000    774.000   1930.000   3870.000   5800.000   7740.000  11600.000  19300.000  38700.000  77400.000 116000.000 
  0.1000E+11  0.1000E-73  0.1000E-73  0.2960E-36  0.7160E-24  0.9400E-18  0.3440E-14  0.4410E-13  0.9520E-13  0.1350E-12  0.1820E-12  0.2120E-12  0.2090E-12  0.1790E-12  0.1570E-12
  0.1000E+12  0.1000E-73  0.1000E-73  0.2960E-36  0.7150E-24  0.9380E-18  0.3420E-14  0.4370E-13  0.9440E-13  0.1340E-12  0.1800E-12  0.2100E-12  0.2080E-12  0.1780E-12  0.1560E-12
  0.1000E+13  0.1000E-73  0.1000E-73  0.2940E-36  0.7090E-24  0.9170E-18  0.3280E-14  0.4170E-13  0.8980E-13  0.1270E-12  0.1710E-12  0.2000E-12  0.1980E-12  0.1710E-12  0.1500E-12
  0.1000E+14  0.1000E-73  0.1000E-73  0.2830E-36  0.6730E-24  0.8500E-18  0.3020E-14  0.3860E-13  0.8340E-13  0.1180E-12  0.1590E-12  0.1870E-12  0.1850E-12  0.1590E-12  0.1400E-12
  0.1000E+15  0.1000E-73  0.1000E-73  0.2630E-36  0.6260E-24  0.8130E-18  0.2950E-14  0.3780E-13  0.8180E-13  0.1160E-12  0.1570E-12  0.1840E-12  0.1810E-12  0.1550E-12  0.1360E-12
  0.1000E+16  0.1000E-73  0.1000E-73  0.2570E-36  0.6150E-24  0.8080E-18  0.2940E-14  0.3770E-13  0.8160E-13  0.1160E-12  0.1560E-12  0.1830E-12  0.1810E-12  0.1550E-12  0.1360E-12
  0.1000E+17  0.1000E-73  0.1000E-73  0.2560E-36  0.6140E-24  0.8070E-18  0.2940E-14  0.3770E-13  0.8160E-13  0.1160E-12  0.1560E-12  0.1830E-12  0.1810E-12  0.1550E-12  0.1360E-12
WAVELENGTH(A)= 
     1.329
 7 14 t 
excit   
    77.400    116.000    193.000    387.000    774.000   1930.000   3870.000   5800.000   7740.000  11600.000  19300.000  38700.000  77400.000 116000.000 
  0.1000E+11  0.1000E-73  0.1000E-73  0.9570E-37  0.2300E-24  0.3010E-18  0.1100E-14  0.1410E-13  0.3060E-13  0.4320E-13  0.5800E-13  0.6800E-13  0.6700E-13  0.5720E-13  0.5000E-13
  0.1000E+12  0.1000E-73  0.1000E-73  0.9560E-37  0.2300E-24  0.3000E-18  0.1100E-14  0.1400E-13  0.3030E-13  0.4280E-13  0.5750E-13  0.6750E-13  0.6660E-13  0.5680E-13  0.4970E-13
  0.1000E+13  0.1000E-73  0.1000E-73  0.9510E-37  0.2280E-24  0.2930E-18  0.1050E-14  0.1330E-13  0.2890E-13  0.4070E-13  0.5460E-13  0.6420E-13  0.6360E-13  0.5450E-13  0.4790E-13
  0.1000E+14  0.1000E-73  0.1000E-73  0.9150E-37  0.2160E-24  0.2720E-18  0.9700E-15  0.1230E-13  0.2680E-13  0.3790E-13  0.5090E-13  0.5990E-13  0.5930E-13  0.5070E-13  0.4450E-13
  0.1000E+15  0.1000E-73  0.1000E-73  0.8500E-37  0.2010E-24  0.2600E-18  0.9460E-15  0.1210E-13  0.2630E-13  0.3720E-13  0.5010E-13  0.5890E-13  0.5820E-13  0.4970E-13  0.4350E-13
  0.1000E+16  0.1000E-73  0.1000E-73  0.8300E-37  0.1980E-24  0.2580E-18  0.9430E-15  0.1210E-13  0.2620E-13  0.3710E-13  0.5000E-13  0.5880E-13  0.5810E-13  0.4960E-13  0.4340E-13
  0.1000E+17  0.1000E-73  0.1000E-73  0.8280E-37  0.1980E-24  0.2580E-18  0.9430E-15  0.1210E-13  0.2620E-13  0.3710E-13  0.5000E-13  0.5880E-13  0.5810E-13  0.4950E-13  0.4340E-13
WAVELENGTH(A)= 
     1.335
 7 14 t 
excit   
    77.400    116.000    193.000    387.000    774.000   1930.000   3870.000   5800.000   7740.000  11600.000  19300.000  38700.000  77400.000 116000.000 
  0.1000E+11  0.1000E-73  0.1000E-73  0.5340E-36  0.4050E-24  0.2980E-18  0.7860E-15  0.9280E-14  0.1990E-13  0.2850E-13  0.3950E-13  0.4960E-13  0.5630E-13  0.5680E-13  0.5540E-13
  0.1000E+12  0.1000E-73  0.1000E-73  0.5340E-36  0.4040E-24  0.2970E-18  0.7810E-15  0.9220E-14  0.1980E-13  0.2830E-13  0.3920E-13  0.4930E-13  0.5590E-13  0.5650E-13  0.5510E-13
  0.1000E+13  0.1000E-73  0.1000E-73  0.5310E-36  0.4010E-24  0.2910E-18  0.7510E-15  0.8800E-14  0.1890E-13  0.2690E-13  0.3740E-13  0.4700E-13  0.5350E-13  0.5430E-13  0.5310E-13
  0.1000E+14  0.1000E-73  0.1000E-73  0.5130E-36  0.3820E-24  0.2710E-18  0.6970E-15  0.8190E-14  0.1760E-13  0.2520E-13  0.3500E-13  0.4400E-13  0.5010E-13  0.5070E-13  0.4960E-13
  0.1000E+15  0.1000E-73  0.1000E-73  0.4790E-36  0.3570E-24  0.2600E-18  0.6800E-15  0.8040E-14  0.1730E-13  0.2470E-13  0.3440E-13  0.4330E-13  0.4920E-13  0.4970E-13  0.4850E-13
  0.1000E+16  0.1000E-73  0.1000E-73  0.4680E-36  0.3510E-24  0.2580E-18  0.6780E-15  0.8020E-14  0.1730E-13  0.2470E-13  0.3440E-13  0.4330E-13  0.4910E-13  0.4960E-13  0.4840E-13
  0.1000E+17  0.1000E-73  0.1000E-73  0.4670E-36  0.3510E-24  0.2580E-18  0.6780E-15  0.8020E-14  0.1720E-13  0.2470E-13  0.3440E-13  0.4320E-13  0.4910E-13  0.4960E-13  0.4840E-13
WAVELENGTH(A)= 
     1.338
 7 14 t 
excit   
    77.400    116.000    193.000    387.000    774.000   1930.000   3870.000   5800.000   7740.000  11600.000  19300.000  38700.000  77400.000 116000.000 
  0.1000E+11  0.1000E-73  0.1000E-73  0.1400E-32  0.2530E-22  0.2860E-17  0.2470E-14  0.2040E-13  0.3890E-13  0.5250E-13  0.6850E-13  0.8200E-13  0.8950E-13  0.8790E-13  0.8450E-13
  0.1000E+12  0.1000E-73  0.1000E-73  0.1400E-32  0.2540E-22  0.2880E-17  0.2490E-14  0.2060E-13  0.3930E-13  0.5310E-13  0.6930E-13  0.8300E-13  0.9040E-13  0.8870E-13  0.8520E-13
  0.1000E+13  0.1000E-73  0.1000E-73  0.1410E-32  0.2580E-22  0.2980E-17  0.2650E-14  0.2200E-13  0.4210E-13  0.5690E-13  0.7420E-13  0.8870E-13  0.9620E-13  0.9390E-13  0.8980E-13
  0.1000E+14  0.1000E-73  0.1000E-73  0.1530E-32  0.2810E-22  0.3310E-17  0.2920E-14  0.2410E-13  0.4590E-13  0.6190E-13  0.8060E-13  0.9630E-13  0.1050E-12  0.1020E-12  0.9810E-13
  0.1000E+15  0.1000E-73  0.1000E-73  0.1730E-32  0.3090E-22  0.3490E-17  0.3010E-14  0.2470E-13  0.4690E-13  0.6310E-13  0.8220E-13  0.9810E-13  0.1070E-12  0.1050E-12  0.1010E-12
  0.1000E+16  0.1000E-73  0.1000E-73  0.1790E-32  0.3160E-22  0.3510E-17  0.3020E-14  0.2470E-13  0.4700E-13  0.6320E-13  0.8230E-13  0.9830E-13  0.1070E-12  0.1050E-12  0.1010E-12
  0.1000E+17  0.1000E-73  0.3030E-46  0.1800E-32  0.3170E-22  0.3520E-17  0.3020E-14  0.2470E-13  0.4700E-13  0.6320E-13  0.8240E-13  0.9830E-13  0.1070E-12  0.1050E-12  0.1010E-12
WAVELENGTH(A)= 
     1.339
 7 14 t 
excit   
    77.400    116.000    193.000    387.000    774.000   1930.000   3870.000   5800.000   7740.000  11600.000  19300.000  38700.000  77400.000 116000.000 
  0.1000E+11  0.1000E-73  0.1000E-73  0.1870E-32  0.3280E-22  0.3700E-17  0.3180E-14  0.2610E-13  0.4970E-13  0.6690E-13  0.8770E-13  0.1050E-12  0.1150E-12  0.1120E-12  0.1080E-12
  0.1000E+12  0.1000E-73  0.1000E-73  0.1860E-32  0.3280E-22  0.3690E-17  0.3160E-14  0.2590E-13  0.4940E-13  0.6640E-13  0.8700E-13  0.1040E-12  0.1140E-12  0.1120E-12  0.1080E-12
  0.1000E+13  0.1000E-73  0.1000E-73  0.1850E-32  0.3250E-22  0.3610E-17  0.3030E-14  0.2470E-13  0.4710E-13  0.6340E-13  0.8300E-13  0.9980E-13  0.1090E-12  0.1080E-12  0.1040E-12
  0.1000E+14  0.1000E-73  0.1000E-73  0.1780E-32  0.3080E-22  0.3340E-17  0.2800E-14  0.2300E-13  0.4390E-13  0.5930E-13  0.7780E-13  0.9370E-13  0.1020E-12  0.1010E-12  0.9710E-13
  0.1000E+15  0.1000E-73  0.1000E-73  0.1660E-32  0.2870E-22  0.3200E-17  0.2730E-14  0.2260E-13  0.4320E-13  0.5830E-13  0.7660E-13  0.9220E-13  0.1010E-12  0.9870E-13  0.9510E-13
  0.1000E+16  0.1000E-73  0.1000E-73  0.1620E-32  0.2820E-22  0.3180E-17  0.2730E-14  0.2250E-13  0.4310E-13  0.5820E-13  0.7650E-13  0.9210E-13  0.1000E-12  0.9850E-13  0.9480E-13
  0.1000E+17  0.1000E-73  0.3120E-46  0.1610E-32  0.2810E-22  0.3180E-17  0.2730E-14  0.2250E-13  0.4310E-13  0.5820E-13  0.7650E-13  0.9200E-13  0.1000E-12  0.9850E-13  0.9480E-13
WAVELENGTH(A)= 
     1.339
 7 14 t 
excit   
    77.400    116.000    193.000    387.000    774.000   1930.000   3870.000   5800.000   7740.000  11600.000  19300.000  38700.000  77400.000 116000.000 
  0.1000E+11  0.1000E-73  0.1000E-73  0.6780E-37  0.1650E-24  0.2160E-18  0.7900E-15  0.1010E-13  0.2190E-13  0.3090E-13  0.4160E-13  0.4860E-13  0.4790E-13  0.4090E-13  0.3580E-13
  0.1000E+12  0.1000E-73  0.1000E-73  0.6780E-37  0.1640E-24  0.2150E-18  0.7850E-15  0.1000E-13  0.2170E-13  0.3070E-13  0.4120E-13  0.4820E-13  0.4750E-13  0.4060E-13  0.3570E-13
  0.1000E+13  0.1000E-73  0.1000E-73  0.6740E-37  0.1630E-24  0.2110E-18  0.7530E-15  0.9570E-14  0.2060E-13  0.2920E-13  0.3920E-13  0.4590E-13  0.4540E-13  0.3900E-13  0.3430E-13
  0.1000E+14  0.1000E-73  0.1000E-73  0.6490E-37  0.1550E-24  0.1950E-18  0.6950E-15  0.8870E-14  0.1920E-13  0.2710E-13  0.3650E-13  0.4290E-13  0.4230E-13  0.3630E-13  0.3190E-13
  0.1000E+15  0.1000E-73  0.1000E-73  0.6020E-37  0.1440E-24  0.1870E-18  0.6780E-15  0.8690E-14  0.1880E-13  0.2660E-13  0.3590E-13  0.4210E-13  0.4160E-13  0.3550E-13  0.3120E-13
  0.1000E+16  0.1000E-73  0.1000E-73  0.5880E-37  0.1420E-24  0.1860E-18  0.6760E-15  0.8670E-14  0.1880E-13  0.2660E-13  0.3580E-13  0.4200E-13  0.4150E-13  0.3540E-13  0.3110E-13
  0.1000E+17  0.1000E-73  0.1000E-73  0.5870E-37  0.1410E-24  0.1850E-18  0.6760E-15  0.8670E-14  0.1880E-13  0.2660E-13  0.3580E-13  0.4200E-13  0.4150E-13  0.3540E-13  0.3110E-13
WAVELENGTH(A)= 
     1.347
 7 14 t 
excit   
    77.400    116.000    193.000    387.000    774.000   1930.000   3870.000   5800.000   7740.000  11600.000  19300.000  38700.000  77400.000 116000.000 
  0.1000E+11  0.1000E-73  0.1000E-73  0.1340E-36  0.2340E-24  0.2610E-18  0.8700E-15  0.1080E-13  0.2320E-13  0.3280E-13  0.4400E-13  0.5140E-13  0.5070E-13  0.4360E-13  0.3840E-13
  0.1000E+12  0.1000E-73  0.1000E-73  0.1330E-36  0.2340E-24  0.2600E-18  0.8640E-15  0.1080E-13  0.2300E-13  0.3250E-13  0.4360E-13  0.5100E-13  0.5040E-13  0.4330E-13  0.3810E-13
  0.1000E+13  0.1000E-73  0.1000E-73  0.1330E-36  0.2320E-24  0.2540E-18  0.8290E-15  0.1030E-13  0.2190E-13  0.3090E-13  0.4140E-13  0.4850E-13  0.4810E-13  0.4160E-13  0.3670E-13
  0.1000E+14  0.1000E-73  0.1000E-73  0.1280E-36  0.2200E-24  0.2360E-18  0.7650E-15  0.9500E-14  0.2040E-13  0.2880E-13  0.3860E-13  0.4530E-13  0.4490E-13  0.3870E-13  0.3410E-13
  0.1000E+15  0.1000E-73  0.1000E-73  0.1190E-36  0.2050E-24  0.2260E-18  0.7460E-15  0.9310E-14  0.2000E-13  0.2820E-13  0.3800E-13  0.4450E-13  0.4400E-13  0.3790E-13  0.3330E-13
  0.1000E+16  0.1000E-73  0.1000E-73  0.1160E-36  0.2010E-24  0.2240E-18  0.7440E-15  0.9290E-14  0.1990E-13  0.2820E-13  0.3790E-13  0.4440E-13  0.4390E-13  0.3780E-13  0.3330E-13
  0.1000E+17  0.1000E-73  0.1000E-73  0.1160E-36  0.2010E-24  0.2240E-18  0.7430E-15  0.9280E-14  0.1990E-13  0.2820E-13  0.3790E-13  0.4440E-13  0.4390E-13  0.3780E-13  0.3320E-13
WAVELENGTH(A)= 
     1.359
 7 14 t 
excit   
    77.400    116.000    193.000    387.000    774.000   1930.000   3870.000   5800.000   7740.000  11600.000  19300.000  38700.000  77400.000 116000.000 
  0.1000E+11  0.1000E-73  0.1000E-73  0.4750E-32  0.6610E-22  0.6570E-17  0.5250E-14  0.4180E-13  0.7820E-13  0.1030E-12  0.1300E-12  0.1450E-12  0.1390E-12  0.1190E-12  0.1050E-12
  0.1000E+12  0.1000E-73  0.1000E-73  0.4750E-32  0.6600E-22  0.6560E-17  0.5220E-14  0.4160E-13  0.7760E-13  0.1020E-12  0.1290E-12  0.1440E-12  0.1390E-12  0.1190E-12  0.1050E-12
  0.1000E+13  0.1000E-73  0.1000E-73  0.4730E-32  0.6550E-22  0.6430E-17  0.5030E-14  0.3980E-13  0.7420E-13  0.9800E-13  0.1230E-12  0.1380E-12  0.1330E-12  0.1140E-12  0.1010E-12
  0.1000E+14  0.1000E-73  0.1350E-45  0.4570E-32  0.6250E-22  0.6010E-17  0.4680E-14  0.3720E-13  0.6950E-13  0.9190E-13  0.1160E-12  0.1300E-12  0.1250E-12  0.1070E-12  0.9510E-13
  0.1000E+15  0.1000E-73  0.1070E-45  0.4290E-32  0.5870E-22  0.5780E-17  0.4580E-14  0.3650E-13  0.6840E-13  0.9050E-13  0.1140E-12  0.1280E-12  0.1230E-12  0.1050E-12  0.9320E-13
  0.1000E+16  0.1000E-73  0.1040E-45  0.4200E-32  0.5780E-22  0.5740E-17  0.4570E-14  0.3650E-13  0.6820E-13  0.9030E-13  0.1140E-12  0.1280E-12  0.1230E-12  0.1050E-12  0.9290E-13
  0.1000E+17  0.1000E-73  0.1040E-45  0.4190E-32  0.5770E-22  0.5740E-17  0.4570E-14  0.3640E-13  0.6820E-13  0.9030E-13  0.1140E-12  0.1280E-12  0.1230E-12  0.1050E-12  0.9290E-13
WAVELENGTH(A)= 
     1.411
 7 14 t 
excit   
    77.400    116.000    193.000    387.000    774.000   1930.000   3870.000   5800.000   7740.000  11600.000  19300.000  38700.000  77400.000 116000.000 
  0.1000E+11  0.1000E-73  0.1000E-73  0.8790E-35  0.1740E-23  0.6500E-18  0.1140E-14  0.1170E-13  0.2380E-13  0.3280E-13  0.4300E-13  0.4970E-13  0.4890E-13  0.4230E-13  0.3740E-13
  0.1000E+12  0.1000E-73  0.1000E-73  0.8790E-35  0.1740E-23  0.6490E-18  0.1130E-14  0.1170E-13  0.2360E-13  0.3250E-13  0.4270E-13  0.4930E-13  0.4860E-13  0.4200E-13  0.3720E-13
  0.1000E+13  0.1000E-73  0.1000E-73  0.8740E-35  0.1720E-23  0.6350E-18  0.1090E-14  0.1110E-13  0.2250E-13  0.3090E-13  0.4060E-13  0.4690E-13  0.4640E-13  0.4030E-13  0.3590E-13
  0.1000E+14  0.1000E-73  0.1000E-73  0.8410E-35  0.1630E-23  0.5880E-18  0.1000E-14  0.1030E-13  0.2090E-13  0.2880E-13  0.3780E-13  0.4380E-13  0.4330E-13  0.3750E-13  0.3330E-13
  0.1000E+15  0.1000E-73  0.1000E-73  0.7810E-35  0.1520E-23  0.5630E-18  0.9790E-15  0.1010E-13  0.2050E-13  0.2830E-13  0.3720E-13  0.4300E-13  0.4250E-13  0.3670E-13  0.3260E-13
  0.1000E+16  0.1000E-73  0.1000E-73  0.7620E-35  0.1490E-23  0.5590E-18  0.9760E-15  0.1010E-13  0.2050E-13  0.2820E-13  0.3710E-13  0.4290E-13  0.4240E-13  0.3660E-13  0.3250E-13
  0.1000E+17  0.1000E-73  0.8370E-50  0.7600E-35  0.1490E-23  0.5590E-18  0.9760E-15  0.1010E-13  0.2050E-13  0.2820E-13  0.3710E-13  0.4290E-13  0.4240E-13  0.3660E-13  0.3250E-13
WAVELENGTH(A)= 
     1.415
 7 14 t 
excit   
    77.400    116.000    193.000    387.000    774.000   1930.000   3870.000   5800.000   7740.000  11600.000  19300.000  38700.000  77400.000 116000.000 
  0.1000E+11  0.1000E-73  0.1000E-73  0.8180E-34  0.1620E-22  0.6050E-17  0.1060E-13  0.1090E-12  0.2220E-12  0.3050E-12  0.4010E-12  0.4620E-12  0.4550E-12  0.3930E-12  0.3480E-12
  0.1000E+12  0.1000E-73  0.1000E-73  0.8180E-34  0.1610E-22  0.6040E-17  0.1060E-13  0.1080E-12  0.2200E-12  0.3030E-12  0.3970E-12  0.4590E-12  0.4520E-12  0.3910E-12  0.3470E-12
  0.1000E+13  0.1000E-73  0.1000E-73  0.8130E-34  0.1600E-22  0.5900E-17  0.1010E-13  0.1030E-12  0.2090E-12  0.2880E-12  0.3780E-12  0.4370E-12  0.4320E-12  0.3750E-12  0.3340E-12
  0.1000E+14  0.1000E-73  0.1000E-73  0.7820E-34  0.1520E-22  0.5470E-17  0.9350E-14  0.9570E-13  0.1940E-12  0.2680E-12  0.3520E-12  0.4070E-12  0.4030E-12  0.3490E-12  0.3100E-12
  0.1000E+15  0.1000E-73  0.1000E-73  0.7270E-34  0.1410E-22  0.5240E-17  0.9110E-14  0.9380E-13  0.1910E-12  0.2630E-12  0.3460E-12  0.4000E-12  0.3950E-12  0.3420E-12  0.3030E-12
  0.1000E+16  0.1000E-73  0.1000E-73  0.7100E-34  0.1390E-22  0.5200E-17  0.9090E-14  0.9350E-13  0.1900E-12  0.2630E-12  0.3450E-12  0.4000E-12  0.3940E-12  0.3410E-12  0.3020E-12
  0.1000E+17  0.1000E-73  0.7790E-49  0.7070E-34  0.1390E-22  0.5200E-17  0.9080E-14  0.9350E-13  0.1900E-12  0.2620E-12  0.3450E-12  0.4000E-12  0.3940E-12  0.3410E-12  0.3020E-12
WAVELENGTH(A)= 
     1.418
 7 14 t 
excit   
    77.400    116.000    193.000    387.000    774.000   1930.000   3870.000   5800.000   7740.000  11600.000  19300.000  38700.000  77400.000 116000.000 
  0.1000E+11  0.1000E-73  0.1000E-73  0.1050E-31  0.4910E-22  0.2880E-17  0.1810E-14  0.1470E-13  0.2870E-13  0.3910E-13  0.5140E-13  0.6030E-13  0.6150E-13  0.5550E-13  0.5060E-13
  0.1000E+12  0.1000E-73  0.1000E-73  0.1050E-31  0.4910E-22  0.2890E-17  0.1810E-14  0.1480E-13  0.2870E-13  0.3910E-13  0.5140E-13  0.6030E-13  0.6150E-13  0.5550E-13  0.5060E-13
  0.1000E+13  0.1000E-73  0.1910E-44  0.1060E-31  0.4940E-22  0.2910E-17  0.1830E-14  0.1490E-13  0.2880E-13  0.3930E-13  0.5150E-13  0.6020E-13  0.6130E-13  0.5530E-13  0.5030E-13
  0.1000E+14  0.1000E-73  0.1110E-44  0.1090E-31  0.5080E-22  0.3010E-17  0.1870E-14  0.1500E-13  0.2900E-13  0.3940E-13  0.5150E-13  0.6020E-13  0.6110E-13  0.5490E-13  0.4990E-13
  0.1000E+15  0.1000E-73  0.1210E-44  0.1140E-31  0.5270E-22  0.3060E-17  0.1890E-14  0.1510E-13  0.2910E-13  0.3940E-13  0.5150E-13  0.6020E-13  0.6100E-13  0.5480E-13  0.4980E-13
  0.1000E+16  0.1000E-73  0.1240E-44  0.1160E-31  0.5310E-22  0.3060E-17  0.1890E-14  0.1510E-13  0.2910E-13  0.3950E-13  0.5150E-13  0.6010E-13  0.6100E-13  0.5480E-13  0.4980E-13
  0.1000E+17  0.1000E-73  0.1240E-44  0.1160E-31  0.5310E-22  0.3060E-17  0.1890E-14  0.1510E-13  0.2910E-13  0.3950E-13  0.5150E-13  0.6010E-13  0.6100E-13  0.5480E-13  0.4980E-13
WAVELENGTH(A)= 
     1.418
 7 14 t 
excit   
    77.400    116.000    193.000    387.000    774.000   1930.000   3870.000   5800.000   7740.000  11600.000  19300.000  38700.000  77400.000 116000.000 
  0.1000E+11  0.1000E-73  0.1000E-73  0.1130E-34  0.1990E-23  0.7080E-18  0.1370E-14  0.1720E-13  0.3920E-13  0.5780E-13  0.8240E-13  0.1030E-12  0.1120E-12  0.1060E-12  0.9870E-13
  0.1000E+12  0.1000E-73  0.1000E-73  0.1130E-34  0.1980E-23  0.7060E-18  0.1360E-14  0.1710E-13  0.3890E-13  0.5730E-13  0.8170E-13  0.1030E-12  0.1110E-12  0.1050E-12  0.9810E-13
  0.1000E+13  0.1000E-73  0.1000E-73  0.1130E-34  0.1970E-23  0.6910E-18  0.1300E-14  0.1630E-13  0.3700E-13  0.5450E-13  0.7770E-13  0.9770E-13  0.1060E-12  0.1010E-12  0.9450E-13
  0.1000E+14  0.1000E-73  0.1000E-73  0.1080E-34  0.1870E-23  0.6400E-18  0.1200E-14  0.1510E-13  0.3430E-13  0.5070E-13  0.7240E-13  0.9110E-13  0.9910E-13  0.9390E-13  0.8780E-13
  0.1000E+15  0.1000E-73  0.1000E-73  0.1010E-34  0.1740E-23  0.6120E-18  0.1170E-14  0.1480E-13  0.3370E-13  0.4980E-13  0.7120E-13  0.8960E-13  0.9730E-13  0.9190E-13  0.8580E-13
  0.1000E+16  0.1000E-73  0.1000E-73  0.9820E-35  0.1710E-23  0.6080E-18  0.1170E-14  0.1470E-13  0.3360E-13  0.4970E-13  0.7100E-13  0.8940E-13  0.9700E-13  0.9170E-13  0.8560E-13
  0.1000E+17  0.1000E-73  0.1000E-73  0.9790E-35  0.1700E-23  0.6080E-18  0.1170E-14  0.1470E-13  0.3360E-13  0.4970E-13  0.7100E-13  0.8940E-13  0.9700E-13  0.9160E-13  0.8560E-13
WAVELENGTH(A)= 
     1.418
 7 14 t 
excit   
    77.400    116.000    193.000    387.000    774.000   1930.000   3870.000   5800.000   7740.000  11600.000  19300.000  38700.000  77400.000 116000.000 
  0.1000E+11  0.1000E-73  0.1000E-73  0.5880E-32  0.2740E-22  0.1650E-17  0.1170E-14  0.1080E-13  0.2210E-13  0.3110E-13  0.4200E-13  0.5060E-13  0.5290E-13  0.4880E-13  0.4490E-13
  0.1000E+12  0.1000E-73  0.1000E-73  0.5870E-32  0.2740E-22  0.1640E-17  0.1170E-14  0.1070E-13  0.2200E-13  0.3090E-13  0.4190E-13  0.5050E-13  0.5280E-13  0.4870E-13  0.4490E-13
  0.1000E+13  0.1000E-73  0.1000E-73  0.5840E-32  0.2710E-22  0.1610E-17  0.1130E-14  0.1040E-13  0.2150E-13  0.3030E-13  0.4110E-13  0.4970E-13  0.5220E-13  0.4830E-13  0.4450E-13
  0.1000E+14  0.1000E-73  0.5380E-45  0.5620E-32  0.2570E-22  0.1500E-17  0.1060E-14  0.1000E-13  0.2080E-13  0.2940E-13  0.4010E-13  0.4860E-13  0.5130E-13  0.4750E-13  0.4390E-13
  0.1000E+15  0.1000E-73  0.5670E-45  0.5220E-32  0.2400E-22  0.1430E-17  0.1040E-14  0.9900E-14  0.2060E-13  0.2920E-13  0.3990E-13  0.4840E-13  0.5100E-13  0.4730E-13  0.4370E-13
  0.1000E+16  0.1000E-73  0.5510E-45  0.5100E-32  0.2360E-22  0.1420E-17  0.1040E-14  0.9890E-14  0.2060E-13  0.2920E-13  0.3980E-13  0.4830E-13  0.5100E-13  0.4730E-13  0.4370E-13
  0.1000E+17  0.1000E-73  0.5500E-45  0.5080E-32  0.2350E-22  0.1420E-17  0.1040E-14  0.9890E-14  0.2060E-13  0.2920E-13  0.3980E-13  0.4830E-13  0.5100E-13  0.4730E-13  0.4370E-13
WAVELENGTH(A)= 
     1.438
 7 14 t 
excit   
    77.400    116.000    193.000    387.000    774.000   1930.000   3870.000   5800.000   7740.000  11600.000  19300.000  38700.000  77400.000 116000.000 
  0.1000E+11  0.1000E-73  0.1000E-73  0.2470E-31  0.1530E-21  0.1220E-16  0.9420E-14  0.7980E-13  0.1550E-12  0.2110E-12  0.2750E-12  0.3190E-12  0.3220E-12  0.2890E-12  0.2620E-12
  0.1000E+12  0.1000E-73  0.1000E-73  0.2470E-31  0.1530E-21  0.1220E-16  0.9440E-14  0.8000E-13  0.1560E-12  0.2120E-12  0.2760E-12  0.3200E-12  0.3230E-12  0.2900E-12  0.2630E-12
  0.1000E+13  0.1000E-73  0.1000E-73  0.2490E-31  0.1540E-21  0.1230E-16  0.9570E-14  0.8140E-13  0.1590E-12  0.2160E-12  0.2810E-12  0.3270E-12  0.3290E-12  0.2950E-12  0.2680E-12
  0.1000E+14  0.1000E-73  0.1000E-73  0.2600E-31  0.1590E-21  0.1270E-16  0.9820E-14  0.8340E-13  0.1630E-12  0.2210E-12  0.2880E-12  0.3350E-12  0.3380E-12  0.3030E-12  0.2760E-12
  0.1000E+15  0.1000E-73  0.3980E-44  0.2810E-31  0.1650E-21  0.1290E-16  0.9890E-14  0.8390E-13  0.1640E-12  0.2220E-12  0.2900E-12  0.3370E-12  0.3400E-12  0.3060E-12  0.2780E-12
  0.1000E+16  0.1000E-73  0.3700E-44  0.2870E-31  0.1670E-21  0.1290E-16  0.9900E-14  0.8400E-13  0.1640E-12  0.2220E-12  0.2900E-12  0.3370E-12  0.3400E-12  0.3060E-12  0.2780E-12
  0.1000E+17  0.1000E-73  0.3730E-44  0.2880E-31  0.1670E-21  0.1290E-16  0.9900E-14  0.8400E-13  0.1640E-12  0.2220E-12  0.2900E-12  0.3370E-12  0.3410E-12  0.3060E-12  0.2790E-12
WAVELENGTH(A)= 
     1.439
 7 14 t 
excit   
    77.400    116.000    193.000    387.000    774.000   1930.000   3870.000   5800.000   7740.000  11600.000  19300.000  38700.000  77400.000 116000.000 
  0.1000E+11  0.1000E-73  0.1000E-73  0.3530E-31  0.2180E-21  0.1740E-16  0.1350E-13  0.1150E-12  0.2250E-12  0.3050E-12  0.3990E-12  0.4640E-12  0.4670E-12  0.4190E-12  0.3800E-12
  0.1000E+12  0.1000E-73  0.1000E-73  0.3530E-31  0.2170E-21  0.1730E-16  0.1340E-13  0.1140E-12  0.2230E-12  0.3030E-12  0.3960E-12  0.4600E-12  0.4640E-12  0.4160E-12  0.3780E-12
  0.1000E+13  0.1000E-73  0.1000E-73  0.3510E-31  0.2160E-21  0.1700E-16  0.1290E-13  0.1090E-12  0.2130E-12  0.2900E-12  0.3790E-12  0.4410E-12  0.4460E-12  0.4020E-12  0.3660E-12
  0.1000E+14  0.1000E-73  0.1000E-73  0.3380E-31  0.2050E-21  0.1580E-16  0.1200E-13  0.1020E-12  0.2000E-12  0.2720E-12  0.3560E-12  0.4160E-12  0.4200E-12  0.3780E-12  0.3430E-12
  0.1000E+15  0.1000E-73  0.3480E-44  0.3150E-31  0.1920E-21  0.1520E-16  0.1170E-13  0.1000E-12  0.1970E-12  0.2680E-12  0.3510E-12  0.4090E-12  0.4140E-12  0.3710E-12  0.3370E-12
  0.1000E+16  0.1000E-73  0.3860E-44  0.3080E-31  0.1890E-21  0.1510E-16  0.1170E-13  0.1000E-12  0.1960E-12  0.2670E-12  0.3500E-12  0.4090E-12  0.4130E-12  0.3700E-12  0.3360E-12
  0.1000E+17  0.1000E-73  0.3910E-44  0.3070E-31  0.1890E-21  0.1510E-16  0.1170E-13  0.1000E-12  0.1960E-12  0.2670E-12  0.3500E-12  0.4090E-12  0.4130E-12  0.3700E-12  0.3360E-12
WAVELENGTH(A)= 
     1.445
 7 14 t 
excit   
    77.400    116.000    193.000    387.000    774.000   1930.000   3870.000   5800.000   7740.000  11600.000  19300.000  38700.000  77400.000 116000.000 
  0.1000E+11  0.1000E-73  0.1000E-73  0.9770E-32  0.6030E-22  0.4810E-17  0.3720E-14  0.3160E-13  0.6150E-13  0.8350E-13  0.1090E-12  0.1260E-12  0.1270E-12  0.1140E-12  0.1040E-12
  0.1000E+12  0.1000E-73  0.1000E-73  0.9770E-32  0.6040E-22  0.4810E-17  0.3730E-14  0.3170E-13  0.6170E-13  0.8370E-13  0.1090E-12  0.1270E-12  0.1280E-12  0.1150E-12  0.1040E-12
  0.1000E+13  0.1000E-73  0.1000E-73  0.9840E-32  0.6070E-22  0.4860E-17  0.3790E-14  0.3220E-13  0.6280E-13  0.8530E-13  0.1110E-12  0.1290E-12  0.1300E-12  0.1170E-12  0.1060E-12
  0.1000E+14  0.1000E-73  0.1000E-73  0.1030E-31  0.6270E-22  0.5010E-17  0.3880E-14  0.3300E-13  0.6430E-13  0.8740E-13  0.1140E-12  0.1320E-12  0.1340E-12  0.1200E-12  0.1090E-12
  0.1000E+15  0.1000E-73  0.1570E-44  0.1110E-31  0.6530E-22  0.5090E-17  0.3910E-14  0.3320E-13  0.6470E-13  0.8790E-13  0.1150E-12  0.1330E-12  0.1350E-12  0.1210E-12  0.1100E-12
  0.1000E+16  0.1000E-73  0.1460E-44  0.1140E-31  0.6590E-22  0.5100E-17  0.3920E-14  0.3320E-13  0.6480E-13  0.8790E-13  0.1150E-12  0.1330E-12  0.1350E-12  0.1210E-12  0.1100E-12
  0.1000E+17  0.1000E-73  0.1470E-44  0.1140E-31  0.6590E-22  0.5100E-17  0.3920E-14  0.3320E-13  0.6480E-13  0.8800E-13  0.1150E-12  0.1330E-12  0.1350E-12  0.1210E-12  0.1100E-12
WAVELENGTH(A)= 
     3.519
 7 14 t 
excit   
    77.400    116.000    193.000    387.000    774.000   1930.000   3870.000   5800.000   7740.000  11600.000  19300.000  38700.000  77400.000 116000.000 
  0.1000E+11  0.1000E-73  0.1000E-73  0.1000E-73  0.3330E-27  0.9870E-20  0.2440E-15  0.5950E-14  0.1600E-13  0.2520E-13  0.3800E-13  0.4850E-13  0.5100E-13  0.4540E-13  0.4060E-13
  0.1000E+12  0.1000E-73  0.1000E-73  0.1000E-73  0.3320E-27  0.9840E-20  0.2420E-15  0.5900E-14  0.1590E-13  0.2500E-13  0.3770E-13  0.4810E-13  0.5060E-13  0.4510E-13  0.4030E-13
  0.1000E+13  0.1000E-73  0.1000E-73  0.2760E-42  0.3300E-27  0.9630E-20  0.2320E-15  0.5620E-14  0.1510E-13  0.2370E-13  0.3580E-13  0.4580E-13  0.4830E-13  0.4330E-13  0.3880E-13
  0.1000E+14  0.1000E-73  0.1000E-73  0.2600E-42  0.3130E-27  0.8920E-20  0.2140E-15  0.5210E-14  0.1400E-13  0.2210E-13  0.3340E-13  0.4270E-13  0.4510E-13  0.4030E-13  0.3610E-13
  0.1000E+15  0.1000E-73  0.1000E-73  0.2420E-42  0.2910E-27  0.8540E-20  0.2090E-15  0.5100E-14  0.1380E-13  0.2170E-13  0.3280E-13  0.4200E-13  0.4420E-13  0.3950E-13  0.3530E-13
  0.1000E+16  0.1000E-73  0.1000E-73  0.2370E-42  0.2860E-27  0.8480E-20  0.2080E-15  0.5090E-14  0.1380E-13  0.2160E-13  0.3270E-13  0.4190E-13  0.4410E-13  0.3940E-13  0.3520E-13
  0.1000E+17  0.1000E-73  0.1000E-73  0.2360E-42  0.2850E-27  0.8470E-20  0.2080E-15  0.5090E-14  0.1380E-13  0.2160E-13  0.3270E-13  0.4190E-13  0.4410E-13  0.3930E-13  0.3520E-13
WAVELENGTH(A)= 
     3.842
 7 14 t 
excit   
    77.400    116.000    193.000    387.000    774.000   1930.000   3870.000   5800.000   7740.000  11600.000  19300.000  38700.000  77400.000 116000.000 
  0.1000E+11  0.1000E-73  0.1000E-73  0.1040E-39  0.5870E-26  0.3800E-19  0.3700E-15  0.6690E-14  0.1630E-13  0.2480E-13  0.3620E-13  0.4670E-13  0.5260E-13  0.5180E-13  0.4960E-13
  0.1000E+12  0.1000E-73  0.1000E-73  0.1010E-39  0.5870E-26  0.3790E-19  0.3680E-15  0.6640E-14  0.1620E-13  0.2460E-13  0.3590E-13  0.4630E-13  0.5220E-13  0.5150E-13  0.4930E-13
  0.1000E+13  0.1000E-73  0.1000E-73  0.9980E-40  0.5820E-26  0.3710E-19  0.3530E-15  0.6320E-14  0.1540E-13  0.2340E-13  0.3420E-13  0.4410E-13  0.4990E-13  0.4950E-13  0.4750E-13
  0.1000E+14  0.1000E-73  0.1000E-73  0.9610E-40  0.5520E-26  0.3440E-19  0.3260E-15  0.5860E-14  0.1430E-13  0.2170E-13  0.3190E-13  0.4110E-13  0.4650E-13  0.4600E-13  0.4420E-13
  0.1000E+15  0.1000E-73  0.1000E-73  0.8920E-40  0.5140E-26  0.3290E-19  0.3180E-15  0.5740E-14  0.1410E-13  0.2140E-13  0.3130E-13  0.4040E-13  0.4560E-13  0.4510E-13  0.4320E-13
  0.1000E+16  0.1000E-73  0.1000E-73  0.8710E-40  0.5050E-26  0.3270E-19  0.3170E-15  0.5730E-14  0.1400E-13  0.2130E-13  0.3120E-13  0.4040E-13  0.4550E-13  0.4490E-13  0.4300E-13
  0.1000E+17  0.1000E-73  0.1000E-73  0.8690E-40  0.5040E-26  0.3270E-19  0.3170E-15  0.5720E-14  0.1400E-13  0.2130E-13  0.3120E-13  0.4040E-13  0.4550E-13  0.4490E-13  0.4300E-13
WAVELENGTH(A)= 
     6.499
 7 14 t 
excit   
    77.400    116.000    193.000    387.000    774.000   1930.000   3870.000   5800.000   7740.000  11600.000  19300.000  38700.000  77400.000 116000.000 
  0.1000E+11  0.7840E-21  0.2380E-17  0.1330E-14  0.1310E-12  0.1110E-11  0.3260E-11  0.4070E-11  0.4180E-11  0.4130E-11  0.3940E-11  0.3600E-11  0.3050E-11  0.2490E-11  0.2190E-11
  0.1000E+12  0.7850E-21  0.2380E-17  0.1330E-14  0.1310E-12  0.1110E-11  0.3280E-11  0.4100E-11  0.4210E-11  0.4160E-11  0.3970E-11  0.3630E-11  0.3070E-11  0.2510E-11  0.2200E-11
  0.1000E+13  0.7930E-21  0.2400E-17  0.1340E-14  0.1330E-12  0.1140E-11  0.3410E-11  0.4290E-11  0.4420E-11  0.4370E-11  0.4170E-11  0.3810E-11  0.3210E-11  0.2610E-11  0.2290E-11
  0.1000E+14  0.8450E-21  0.2540E-17  0.1410E-14  0.1410E-12  0.1230E-11  0.3660E-11  0.4580E-11  0.4700E-11  0.4640E-11  0.4430E-11  0.4040E-11  0.3410E-11  0.2780E-11  0.2440E-11
  0.1000E+15  0.9490E-21  0.2820E-17  0.1550E-14  0.1510E-12  0.1280E-11  0.3730E-11  0.4650E-11  0.4770E-11  0.4710E-11  0.4490E-11  0.4100E-11  0.3460E-11  0.2830E-11  0.2480E-11
  0.1000E+16  0.9820E-21  0.2910E-17  0.1590E-14  0.1540E-12  0.1280E-11  0.3740E-11  0.4660E-11  0.4780E-11  0.4720E-11  0.4490E-11  0.4100E-11  0.3460E-11  0.2830E-11  0.2490E-11
  0.1000E+17  0.9870E-21  0.2930E-17  0.1600E-14  0.1540E-12  0.1280E-11  0.3740E-11  0.4660E-11  0.4780E-11  0.4720E-11  0.4490E-11  0.4100E-11  0.3470E-11  0.2830E-11  0.2490E-11
WAVELENGTH(A)= 
     6.662
 7 14 t 
excit   
    77.400    116.000    193.000    387.000    774.000   1930.000   3870.000   5800.000   7740.000  11600.000  19300.000  38700.000  77400.000 116000.000 
  0.1000E+11  0.2870E-21  0.8690E-18  0.4850E-15  0.4800E-13  0.4060E-12  0.1190E-11  0.1490E-11  0.1530E-11  0.1510E-11  0.1440E-11  0.1320E-11  0.1110E-11  0.9110E-12  0.8010E-12
  0.1000E+12  0.2870E-21  0.8700E-18  0.4850E-15  0.4800E-13  0.4070E-12  0.1200E-11  0.1500E-11  0.1540E-11  0.1520E-11  0.1450E-11  0.1330E-11  0.1120E-11  0.9170E-12  0.8060E-12
  0.1000E+13  0.2900E-21  0.8780E-18  0.4890E-15  0.4850E-13  0.4170E-12  0.1250E-11  0.1570E-11  0.1620E-11  0.1600E-11  0.1520E-11  0.1390E-11  0.1170E-11  0.9540E-12  0.8360E-12
  0.1000E+14  0.3090E-21  0.9300E-18  0.5170E-15  0.5150E-13  0.4490E-12  0.1340E-11  0.1670E-11  0.1720E-11  0.1700E-11  0.1620E-11  0.1480E-11  0.1250E-11  0.1020E-11  0.8920E-12
  0.1000E+15  0.3470E-21  0.1030E-17  0.5680E-15  0.5530E-13  0.4670E-12  0.1360E-11  0.1700E-11  0.1740E-11  0.1720E-11  0.1640E-11  0.1500E-11  0.1260E-11  0.1030E-11  0.9090E-12
  0.1000E+16  0.3590E-21  0.1070E-17  0.5830E-15  0.5620E-13  0.4690E-12  0.1370E-11  0.1700E-11  0.1750E-11  0.1720E-11  0.1640E-11  0.1500E-11  0.1270E-11  0.1040E-11  0.9110E-12
  0.1000E+17  0.3610E-21  0.1070E-17  0.5850E-15  0.5630E-13  0.4700E-12  0.1370E-11  0.1700E-11  0.1750E-11  0.1730E-11  0.1640E-11  0.1500E-11  0.1270E-11  0.1040E-11  0.9110E-12
WAVELENGTH(A)= 
     6.753
 7 14 t 
excit   
    77.400    116.000    193.000    387.000    774.000   1930.000   3870.000   5800.000   7740.000  11600.000  19300.000  38700.000  77400.000 116000.000 
  0.1000E+11  0.2810E-20  0.6260E-17  0.2720E-14  0.2240E-12  0.1730E-11  0.4800E-11  0.5980E-11  0.6190E-11  0.6190E-11  0.6020E-11  0.5580E-11  0.4780E-11  0.3920E-11  0.3450E-11
  0.1000E+12  0.2810E-20  0.6250E-17  0.2720E-14  0.2240E-12  0.1730E-11  0.4770E-11  0.5930E-11  0.6140E-11  0.6150E-11  0.5970E-11  0.5540E-11  0.4750E-11  0.3900E-11  0.3430E-11
  0.1000E+13  0.2800E-20  0.6230E-17  0.2710E-14  0.2220E-12  0.1690E-11  0.4580E-11  0.5660E-11  0.5860E-11  0.5860E-11  0.5700E-11  0.5310E-11  0.4560E-11  0.3760E-11  0.3320E-11
  0.1000E+14  0.2730E-20  0.6030E-17  0.2610E-14  0.2100E-12  0.1560E-11  0.4230E-11  0.5250E-11  0.5460E-11  0.5480E-11  0.5350E-11  0.4990E-11  0.4290E-11  0.3540E-11  0.3120E-11
  0.1000E+15  0.2590E-20  0.5660E-17  0.2420E-14  0.1960E-12  0.1500E-11  0.4120E-11  0.5150E-11  0.5360E-11  0.5390E-11  0.5270E-11  0.4910E-11  0.4220E-11  0.3470E-11  0.3050E-11
  0.1000E+16  0.2540E-20  0.5540E-17  0.2360E-14  0.1920E-12  0.1490E-11  0.4110E-11  0.5130E-11  0.5350E-11  0.5380E-11  0.5260E-11  0.4910E-11  0.4220E-11  0.3460E-11  0.3050E-11
  0.1000E+17  0.2540E-20  0.5520E-17  0.2360E-14  0.1920E-12  0.1490E-11  0.4110E-11  0.5130E-11  0.5350E-11  0.5370E-11  0.5250E-11  0.4900E-11  0.4210E-11  0.3460E-11  0.3050E-11
WAVELENGTH(A)= 
     8.670
 7 14 t 
excit   
    77.400    116.000    193.000    387.000    774.000   1930.000   3870.000   5800.000   7740.000  11600.000  19300.000  38700.000  77400.000 116000.000 
  0.1000E+11  0.3020E-19  0.1170E-16  0.1280E-14  0.3860E-13  0.1870E-12  0.4180E-12  0.6180E-12  0.7900E-12  0.9140E-12  0.1050E-11  0.1130E-11  0.1090E-11  0.9580E-12  0.8660E-12
  0.1000E+12  0.3020E-19  0.1170E-16  0.1280E-14  0.3860E-13  0.1870E-12  0.4190E-12  0.6200E-12  0.7920E-12  0.9160E-12  0.1050E-11  0.1130E-11  0.1090E-11  0.9600E-12  0.8670E-12
  0.1000E+13  0.3030E-19  0.1180E-16  0.1290E-14  0.3880E-13  0.1890E-12  0.4250E-12  0.6290E-12  0.8030E-12  0.9280E-12  0.1070E-11  0.1150E-11  0.1100E-11  0.9660E-12  0.8720E-12
  0.1000E+14  0.3160E-19  0.1220E-16  0.1320E-14  0.3990E-13  0.1950E-12  0.4380E-12  0.6430E-12  0.8190E-12  0.9440E-12  0.1080E-11  0.1160E-11  0.1120E-11  0.9780E-12  0.8820E-12
  0.1000E+15  0.3400E-19  0.1300E-16  0.1390E-14  0.4130E-13  0.1990E-12  0.4410E-12  0.6470E-12  0.8220E-12  0.9480E-12  0.1090E-11  0.1170E-11  0.1120E-11  0.9810E-12  0.8850E-12
  0.1000E+16  0.3470E-19  0.1320E-16  0.1410E-14  0.4160E-13  0.1990E-12  0.4420E-12  0.6470E-12  0.8230E-12  0.9480E-12  0.1090E-11  0.1170E-11  0.1120E-11  0.9820E-12  0.8850E-12
  0.1000E+17  0.3480E-19  0.1320E-16  0.1420E-14  0.4170E-13  0.1990E-12  0.4420E-12  0.6470E-12  0.8230E-12  0.9480E-12  0.1090E-11  0.1170E-11  0.1120E-11  0.9820E-12  0.8860E-12
WAVELENGTH(A)= 
     8.817
 7 14 t 
excit   
    77.400    116.000    193.000    387.000    774.000   1930.000   3870.000   5800.000   7740.000  11600.000  19300.000  38700.000  77400.000 116000.000 
  0.1000E+11  0.1810E-19  0.6380E-17  0.6490E-15  0.1880E-13  0.9050E-13  0.2000E-12  0.2750E-12  0.3380E-12  0.3850E-12  0.4420E-12  0.4800E-12  0.4710E-12  0.4240E-12  0.3890E-12
  0.1000E+12  0.1810E-19  0.6380E-17  0.6490E-15  0.1880E-13  0.9020E-13  0.1990E-12  0.2730E-12  0.3360E-12  0.3830E-12  0.4400E-12  0.4780E-12  0.4700E-12  0.4240E-12  0.3880E-12
  0.1000E+13  0.1810E-19  0.6350E-17  0.6450E-15  0.1860E-13  0.8840E-13  0.1910E-12  0.2630E-12  0.3250E-12  0.3710E-12  0.4290E-12  0.4680E-12  0.4630E-12  0.4190E-12  0.3850E-12
  0.1000E+14  0.1760E-19  0.6150E-17  0.6210E-15  0.1770E-13  0.8220E-13  0.1780E-12  0.2480E-12  0.3090E-12  0.3560E-12  0.4140E-12  0.4550E-12  0.4530E-12  0.4110E-12  0.3780E-12
  0.1000E+15  0.1670E-19  0.5770E-17  0.5770E-15  0.1650E-13  0.7890E-13  0.1740E-12  0.2440E-12  0.3050E-12  0.3520E-12  0.4110E-12  0.4520E-12  0.4500E-12  0.4090E-12  0.3770E-12
  0.1000E+16  0.1640E-19  0.5650E-17  0.5640E-15  0.1630E-13  0.7840E-13  0.1730E-12  0.2430E-12  0.3050E-12  0.3520E-12  0.4100E-12  0.4520E-12  0.4500E-12  0.4090E-12  0.3760E-12
  0.1000E+17  0.1630E-19  0.5630E-17  0.5620E-15  0.1620E-13  0.7840E-13  0.1730E-12  0.2430E-12  0.3050E-12  0.3520E-12  0.4100E-12  0.4520E-12  0.4500E-12  0.4090E-12  0.3760E-12
WAVELENGTH(A)= 
    22.515
 7 14 t 
excit   
    77.400    116.000    193.000    387.000    774.000   1930.000   3870.000   5800.000   7740.000  11600.000  19300.000  38700.000  77400.000 116000.000 
  0.1000E+11  0.1000E-73  0.1000E-73  0.8530E-32  0.1190E-21  0.1180E-16  0.9430E-14  0.7510E-13  0.1400E-12  0.1850E-12  0.2330E-12  0.2610E-12  0.2500E-12  0.2140E-12  0.1890E-12
  0.1000E+12  0.1000E-73  0.1000E-73  0.8520E-32  0.1190E-21  0.1180E-16  0.9380E-14  0.7460E-13  0.1390E-12  0.1840E-12  0.2320E-12  0.2590E-12  0.2490E-12  0.2130E-12  0.1880E-12
  0.1000E+13  0.1000E-73  0.1000E-73  0.8480E-32  0.1180E-21  0.1150E-16  0.9030E-14  0.7140E-13  0.1330E-12  0.1760E-12  0.2220E-12  0.2480E-12  0.2390E-12  0.2050E-12  0.1820E-12
  0.1000E+14  0.1000E-73  0.2420E-45  0.8200E-32  0.1120E-21  0.1080E-16  0.8410E-14  0.6680E-13  0.1250E-12  0.1650E-12  0.2080E-12  0.2330E-12  0.2250E-12  0.1930E-12  0.1710E-12
  0.1000E+15  0.1000E-73  0.1930E-45  0.7690E-32  0.1050E-21  0.1040E-16  0.8230E-14  0.6560E-13  0.1230E-12  0.1620E-12  0.2050E-12  0.2300E-12  0.2210E-12  0.1890E-12  0.1670E-12
  0.1000E+16  0.1000E-73  0.1870E-45  0.7540E-32  0.1040E-21  0.1030E-16  0.8200E-14  0.6540E-13  0.1230E-12  0.1620E-12  0.2050E-12  0.2290E-12  0.2210E-12  0.1890E-12  0.1670E-12
  0.1000E+17  0.1000E-73  0.1870E-45  0.7520E-32  0.1040E-21  0.1030E-16  0.8200E-14  0.6540E-13  0.1220E-12  0.1620E-12  0.2050E-12  0.2290E-12  0.2210E-12  0.1890E-12  0.1670E-12
WAVELENGTH(A)= 
    22.823
 7 14 t 
excit   
    77.400    116.000    193.000    387.000    774.000   1930.000   3870.000   5800.000   7740.000  11600.000  19300.000  38700.000  77400.000 116000.000 
  0.1000E+11  0.1000E-73  0.1000E-73  0.8570E-32  0.1190E-21  0.1180E-16  0.9470E-14  0.7550E-13  0.1410E-12  0.1860E-12  0.2350E-12  0.2620E-12  0.2520E-12  0.2150E-12  0.1900E-12
  0.1000E+12  0.1000E-73  0.1000E-73  0.8560E-32  0.1190E-21  0.1180E-16  0.9420E-14  0.7490E-13  0.1400E-12  0.1850E-12  0.2330E-12  0.2600E-12  0.2500E-12  0.2140E-12  0.1890E-12
  0.1000E+13  0.1000E-73  0.1000E-73  0.8520E-32  0.1180E-21  0.1160E-16  0.9070E-14  0.7180E-13  0.1340E-12  0.1770E-12  0.2230E-12  0.2490E-12  0.2400E-12  0.2060E-12  0.1830E-12
  0.1000E+14  0.1000E-73  0.2430E-45  0.8240E-32  0.1130E-21  0.1080E-16  0.8450E-14  0.6710E-13  0.1250E-12  0.1660E-12  0.2090E-12  0.2340E-12  0.2260E-12  0.1940E-12  0.1710E-12
  0.1000E+15  0.1000E-73  0.1930E-45  0.7730E-32  0.1060E-21  0.1040E-16  0.8260E-14  0.6590E-13  0.1230E-12  0.1630E-12  0.2060E-12  0.2310E-12  0.2220E-12  0.1900E-12  0.1680E-12
  0.1000E+16  0.1000E-73  0.1880E-45  0.7570E-32  0.1040E-21  0.1040E-16  0.8240E-14  0.6570E-13  0.1230E-12  0.1630E-12  0.2060E-12  0.2300E-12  0.2220E-12  0.1900E-12  0.1680E-12
  0.1000E+17  0.1000E-73  0.1880E-45  0.7550E-32  0.1040E-21  0.1040E-16  0.8240E-14  0.6570E-13  0.1230E-12  0.1630E-12  0.2060E-12  0.2300E-12  0.2220E-12  0.1900E-12  0.1680E-12
WAVELENGTH(A)= 
   265.770
 7 14 t 
excit   
    77.400    116.000    193.000    387.000    774.000   1930.000   3870.000   5800.000   7740.000  11600.000  19300.000  38700.000  77400.000 116000.000 
  0.1000E+11  0.8630E-13  0.1050E-12  0.1310E-12  0.2170E-12  0.6140E-12  0.1440E-11  0.1830E-11  0.1970E-11  0.2020E-11  0.2020E-11  0.1950E-11  0.1720E-11  0.1460E-11  0.1300E-11
  0.1000E+12  0.8590E-13  0.1050E-12  0.1300E-12  0.2150E-12  0.6020E-12  0.1380E-11  0.1740E-11  0.1860E-11  0.1900E-11  0.1900E-11  0.1830E-11  0.1630E-11  0.1390E-11  0.1250E-11
  0.1000E+13  0.8270E-13  0.1010E-12  0.1250E-12  0.2020E-12  0.5070E-12  0.9740E-12  0.1140E-11  0.1180E-11  0.1190E-11  0.1190E-11  0.1150E-11  0.1060E-11  0.9540E-12  0.8840E-12
  0.1000E+14  0.6040E-13  0.7330E-13  0.8890E-13  0.1240E-12  0.1970E-12  0.2470E-12  0.2550E-12  0.2550E-12  0.2530E-12  0.2490E-12  0.2440E-12  0.2380E-12  0.2310E-12  0.2260E-12
  0.1000E+15  0.1630E-13  0.1960E-13  0.2280E-13  0.2560E-13  0.2760E-13  0.2910E-13  0.2910E-13  0.2880E-13  0.2850E-13  0.2800E-13  0.2750E-13  0.2710E-13  0.2690E-13  0.2670E-13
  0.1000E+16  0.1970E-14  0.2350E-14  0.2710E-14  0.2870E-14  0.2880E-14  0.2970E-14  0.2950E-14  0.2920E-14  0.2890E-14  0.2840E-14  0.2790E-14  0.2750E-14  0.2730E-14  0.2720E-14
  0.1000E+17  0.2010E-15  0.2400E-15  0.2760E-15  0.2900E-15  0.2890E-15  0.2970E-15  0.2960E-15  0.2920E-15  0.2890E-15  0.2840E-15  0.2790E-15  0.2750E-15  0.2740E-15  0.2730E-15
