 50  7 14
WAVELENGTH(A)= 
     1.041
 7 14 t 
excit   
    91.800    138.000    230.000    459.000    918.000   2300.000   4590.000   6890.000   9180.000  13800.000  23000.000  45900.000  91800.000 138000.000 
  0.1000E+11  0.1000E-73  0.1000E-73  0.1000E-73  0.1000E-73  0.1000E-73  0.2120E-27  0.7710E-21  0.1090E-18  0.1240E-17  0.1350E-16  0.8400E-16  0.2930E-15  0.4900E-15  0.5570E-15
  0.1000E+12  0.1000E-73  0.1000E-73  0.1000E-73  0.1000E-73  0.1000E-73  0.2120E-27  0.7710E-21  0.1090E-18  0.1240E-17  0.1350E-16  0.8400E-16  0.2930E-15  0.4900E-15  0.5570E-15
  0.1000E+13  0.1000E-73  0.1000E-73  0.1000E-73  0.1000E-73  0.1000E-73  0.2120E-27  0.7710E-21  0.1090E-18  0.1240E-17  0.1350E-16  0.8400E-16  0.2930E-15  0.4900E-15  0.5570E-15
  0.1000E+14  0.1000E-73  0.1000E-73  0.1000E-73  0.1000E-73  0.1000E-73  0.2120E-27  0.7710E-21  0.1090E-18  0.1240E-17  0.1350E-16  0.8400E-16  0.2930E-15  0.4900E-15  0.5570E-15
  0.1000E+15  0.1000E-73  0.1000E-73  0.1000E-73  0.1000E-73  0.1000E-73  0.2120E-27  0.7710E-21  0.1090E-18  0.1240E-17  0.1350E-16  0.8400E-16  0.2930E-15  0.4900E-15  0.5570E-15
  0.1000E+16  0.1000E-73  0.1000E-73  0.1000E-73  0.1000E-73  0.1000E-73  0.2120E-27  0.7710E-21  0.1090E-18  0.1240E-17  0.1350E-16  0.8400E-16  0.2930E-15  0.4900E-15  0.5570E-15
  0.1000E+17  0.1000E-73  0.1000E-73  0.1000E-73  0.1000E-73  0.1000E-73  0.2120E-27  0.7710E-21  0.1090E-18  0.1240E-17  0.1350E-16  0.8400E-16  0.2930E-15  0.4900E-15  0.5570E-15
WAVELENGTH(A)= 
     1.049
 7 14 t 
excit   
    91.800    138.000    230.000    459.000    918.000   2300.000   4590.000   6890.000   9180.000  13800.000  23000.000  45900.000  91800.000 138000.000 
  0.1000E+11  0.1000E-73  0.1000E-73  0.1000E-73  0.1000E-73  0.1000E-73  0.4460E-27  0.1620E-20  0.2290E-18  0.2610E-17  0.2840E-16  0.1770E-15  0.6170E-15  0.1030E-14  0.1170E-14
  0.1000E+12  0.1000E-73  0.1000E-73  0.1000E-73  0.1000E-73  0.1000E-73  0.4460E-27  0.1620E-20  0.2290E-18  0.2610E-17  0.2840E-16  0.1770E-15  0.6170E-15  0.1030E-14  0.1170E-14
  0.1000E+13  0.1000E-73  0.1000E-73  0.1000E-73  0.1000E-73  0.1000E-73  0.4460E-27  0.1620E-20  0.2290E-18  0.2610E-17  0.2840E-16  0.1770E-15  0.6170E-15  0.1030E-14  0.1170E-14
  0.1000E+14  0.1000E-73  0.1000E-73  0.1000E-73  0.1000E-73  0.1000E-73  0.4460E-27  0.1620E-20  0.2290E-18  0.2610E-17  0.2840E-16  0.1770E-15  0.6170E-15  0.1030E-14  0.1170E-14
  0.1000E+15  0.1000E-73  0.1000E-73  0.1000E-73  0.1000E-73  0.1000E-73  0.4460E-27  0.1620E-20  0.2290E-18  0.2610E-17  0.2840E-16  0.1770E-15  0.6170E-15  0.1030E-14  0.1170E-14
  0.1000E+16  0.1000E-73  0.1000E-73  0.1000E-73  0.1000E-73  0.1000E-73  0.4460E-27  0.1620E-20  0.2290E-18  0.2610E-17  0.2840E-16  0.1770E-15  0.6170E-15  0.1030E-14  0.1170E-14
  0.1000E+17  0.1000E-73  0.1000E-73  0.1000E-73  0.1000E-73  0.1000E-73  0.4460E-27  0.1620E-20  0.2290E-18  0.2610E-17  0.2840E-16  0.1770E-15  0.6170E-15  0.1030E-14  0.1170E-14
WAVELENGTH(A)= 
     1.061
 7 14 t 
excit   
    91.800    138.000    230.000    459.000    918.000   2300.000   4590.000   6890.000   9180.000  13800.000  23000.000  45900.000  91800.000 138000.000 
  0.1000E+11  0.1000E-73  0.1000E-73  0.1000E-73  0.1000E-73  0.1000E-73  0.1290E-26  0.4480E-20  0.6290E-18  0.7170E-17  0.7760E-16  0.4830E-15  0.1690E-14  0.2840E-14  0.3230E-14
  0.1000E+12  0.1000E-73  0.1000E-73  0.1000E-73  0.1000E-73  0.1000E-73  0.1290E-26  0.4480E-20  0.6290E-18  0.7170E-17  0.7760E-16  0.4830E-15  0.1690E-14  0.2840E-14  0.3230E-14
  0.1000E+13  0.1000E-73  0.1000E-73  0.1000E-73  0.1000E-73  0.1000E-73  0.1290E-26  0.4480E-20  0.6290E-18  0.7170E-17  0.7760E-16  0.4830E-15  0.1690E-14  0.2840E-14  0.3230E-14
  0.1000E+14  0.1000E-73  0.1000E-73  0.1000E-73  0.1000E-73  0.1000E-73  0.1290E-26  0.4480E-20  0.6290E-18  0.7170E-17  0.7760E-16  0.4830E-15  0.1690E-14  0.2840E-14  0.3230E-14
  0.1000E+15  0.1000E-73  0.1000E-73  0.1000E-73  0.1000E-73  0.1000E-73  0.1290E-26  0.4480E-20  0.6290E-18  0.7170E-17  0.7760E-16  0.4830E-15  0.1690E-14  0.2840E-14  0.3230E-14
  0.1000E+16  0.1000E-73  0.1000E-73  0.1000E-73  0.1000E-73  0.1000E-73  0.1290E-26  0.4480E-20  0.6290E-18  0.7170E-17  0.7760E-16  0.4830E-15  0.1690E-14  0.2840E-14  0.3230E-14
  0.1000E+17  0.1000E-73  0.1000E-73  0.1000E-73  0.1000E-73  0.1000E-73  0.1290E-26  0.4480E-20  0.6290E-18  0.7170E-17  0.7760E-16  0.4830E-15  0.1690E-14  0.2840E-14  0.3230E-14
WAVELENGTH(A)= 
     1.069
 7 14 t 
excit   
    91.800    138.000    230.000    459.000    918.000   2300.000   4590.000   6890.000   9180.000  13800.000  23000.000  45900.000  91800.000 138000.000 
  0.1000E+11  0.1000E-73  0.1000E-73  0.1000E-73  0.1000E-73  0.1000E-73  0.1400E-27  0.4870E-21  0.6840E-19  0.7800E-18  0.8440E-17  0.5250E-16  0.1840E-15  0.3080E-15  0.3510E-15
  0.1000E+12  0.1000E-73  0.1000E-73  0.1000E-73  0.1000E-73  0.1000E-73  0.1400E-27  0.4870E-21  0.6840E-19  0.7800E-18  0.8440E-17  0.5250E-16  0.1840E-15  0.3080E-15  0.3510E-15
  0.1000E+13  0.1000E-73  0.1000E-73  0.1000E-73  0.1000E-73  0.1000E-73  0.1400E-27  0.4870E-21  0.6840E-19  0.7800E-18  0.8440E-17  0.5250E-16  0.1840E-15  0.3080E-15  0.3510E-15
  0.1000E+14  0.1000E-73  0.1000E-73  0.1000E-73  0.1000E-73  0.1000E-73  0.1400E-27  0.4870E-21  0.6840E-19  0.7800E-18  0.8440E-17  0.5250E-16  0.1840E-15  0.3080E-15  0.3510E-15
  0.1000E+15  0.1000E-73  0.1000E-73  0.1000E-73  0.1000E-73  0.1000E-73  0.1400E-27  0.4870E-21  0.6840E-19  0.7800E-18  0.8440E-17  0.5250E-16  0.1840E-15  0.3080E-15  0.3510E-15
  0.1000E+16  0.1000E-73  0.1000E-73  0.1000E-73  0.1000E-73  0.1000E-73  0.1400E-27  0.4870E-21  0.6840E-19  0.7800E-18  0.8440E-17  0.5250E-16  0.1840E-15  0.3080E-15  0.3510E-15
  0.1000E+17  0.1000E-73  0.1000E-73  0.1000E-73  0.1000E-73  0.1000E-73  0.1400E-27  0.4870E-21  0.6840E-19  0.7800E-18  0.8440E-17  0.5250E-16  0.1840E-15  0.3080E-15  0.3510E-15
WAVELENGTH(A)= 
     1.124
 7 14 t 
excit   
    91.800    138.000    230.000    459.000    918.000   2300.000   4590.000   6890.000   9180.000  13800.000  23000.000  45900.000  91800.000 138000.000 
  0.1000E+11  0.1000E-73  0.1000E-73  0.1000E-73  0.1000E-73  0.1000E-73  0.9460E-28  0.2970E-21  0.3980E-19  0.4430E-18  0.4650E-17  0.2790E-16  0.9260E-16  0.1450E-15  0.1560E-15
  0.1000E+12  0.1000E-73  0.1000E-73  0.1000E-73  0.1000E-73  0.1000E-73  0.9460E-28  0.2970E-21  0.3980E-19  0.4430E-18  0.4650E-17  0.2790E-16  0.9260E-16  0.1450E-15  0.1560E-15
  0.1000E+13  0.1000E-73  0.1000E-73  0.1000E-73  0.1000E-73  0.1000E-73  0.9460E-28  0.2970E-21  0.3980E-19  0.4430E-18  0.4650E-17  0.2790E-16  0.9260E-16  0.1450E-15  0.1560E-15
  0.1000E+14  0.1000E-73  0.1000E-73  0.1000E-73  0.1000E-73  0.1000E-73  0.9460E-28  0.2970E-21  0.3980E-19  0.4430E-18  0.4650E-17  0.2790E-16  0.9260E-16  0.1450E-15  0.1560E-15
  0.1000E+15  0.1000E-73  0.1000E-73  0.1000E-73  0.1000E-73  0.1000E-73  0.9460E-28  0.2970E-21  0.3980E-19  0.4430E-18  0.4650E-17  0.2790E-16  0.9260E-16  0.1450E-15  0.1560E-15
  0.1000E+16  0.1000E-73  0.1000E-73  0.1000E-73  0.1000E-73  0.1000E-73  0.9460E-28  0.2970E-21  0.3980E-19  0.4430E-18  0.4650E-17  0.2790E-16  0.9260E-16  0.1450E-15  0.1560E-15
  0.1000E+17  0.1000E-73  0.1000E-73  0.1000E-73  0.1000E-73  0.1000E-73  0.9460E-28  0.2970E-21  0.3980E-19  0.4430E-18  0.4650E-17  0.2790E-16  0.9260E-16  0.1450E-15  0.1560E-15
WAVELENGTH(A)= 
     1.131
 7 14 t 
excit   
    91.800    138.000    230.000    459.000    918.000   2300.000   4590.000   6890.000   9180.000  13800.000  23000.000  45900.000  91800.000 138000.000 
  0.1000E+11  0.1000E-73  0.1000E-73  0.1000E-73  0.1000E-73  0.1000E-73  0.6690E-27  0.2110E-20  0.2880E-18  0.3260E-17  0.3500E-16  0.2160E-15  0.7350E-15  0.1170E-14  0.1280E-14
  0.1000E+12  0.1000E-73  0.1000E-73  0.1000E-73  0.1000E-73  0.1000E-73  0.6690E-27  0.2110E-20  0.2880E-18  0.3260E-17  0.3500E-16  0.2160E-15  0.7350E-15  0.1170E-14  0.1280E-14
  0.1000E+13  0.1000E-73  0.1000E-73  0.1000E-73  0.1000E-73  0.1000E-73  0.6690E-27  0.2110E-20  0.2880E-18  0.3260E-17  0.3500E-16  0.2160E-15  0.7350E-15  0.1170E-14  0.1280E-14
  0.1000E+14  0.1000E-73  0.1000E-73  0.1000E-73  0.1000E-73  0.1000E-73  0.6690E-27  0.2110E-20  0.2880E-18  0.3260E-17  0.3500E-16  0.2160E-15  0.7350E-15  0.1170E-14  0.1280E-14
  0.1000E+15  0.1000E-73  0.1000E-73  0.1000E-73  0.1000E-73  0.1000E-73  0.6690E-27  0.2110E-20  0.2880E-18  0.3260E-17  0.3500E-16  0.2160E-15  0.7350E-15  0.1170E-14  0.1280E-14
  0.1000E+16  0.1000E-73  0.1000E-73  0.1000E-73  0.1000E-73  0.1000E-73  0.6690E-27  0.2110E-20  0.2880E-18  0.3260E-17  0.3500E-16  0.2160E-15  0.7350E-15  0.1170E-14  0.1280E-14
  0.1000E+17  0.1000E-73  0.1000E-73  0.1000E-73  0.1000E-73  0.1000E-73  0.6690E-27  0.2110E-20  0.2880E-18  0.3260E-17  0.3500E-16  0.2160E-15  0.7350E-15  0.1170E-14  0.1280E-14
WAVELENGTH(A)= 
     1.190
 7 14 t 
excit   
    91.800    138.000    230.000    459.000    918.000   2300.000   4590.000   6890.000   9180.000  13800.000  23000.000  45900.000  91800.000 138000.000 
  0.1000E+11  0.1000E-73  0.1000E-73  0.1000E-73  0.1000E-73  0.1000E-73  0.1210E-26  0.3780E-20  0.5090E-18  0.5680E-17  0.5960E-16  0.3580E-15  0.1180E-14  0.1830E-14  0.1960E-14
  0.1000E+12  0.1000E-73  0.1000E-73  0.1000E-73  0.1000E-73  0.1000E-73  0.1210E-26  0.3780E-20  0.5090E-18  0.5680E-17  0.5960E-16  0.3580E-15  0.1180E-14  0.1830E-14  0.1960E-14
  0.1000E+13  0.1000E-73  0.1000E-73  0.1000E-73  0.1000E-73  0.1000E-73  0.1210E-26  0.3780E-20  0.5090E-18  0.5680E-17  0.5960E-16  0.3580E-15  0.1180E-14  0.1830E-14  0.1960E-14
  0.1000E+14  0.1000E-73  0.1000E-73  0.1000E-73  0.1000E-73  0.1000E-73  0.1210E-26  0.3780E-20  0.5090E-18  0.5680E-17  0.5960E-16  0.3580E-15  0.1180E-14  0.1830E-14  0.1960E-14
  0.1000E+15  0.1000E-73  0.1000E-73  0.1000E-73  0.1000E-73  0.1000E-73  0.1210E-26  0.3780E-20  0.5090E-18  0.5680E-17  0.5960E-16  0.3580E-15  0.1180E-14  0.1830E-14  0.1960E-14
  0.1000E+16  0.1000E-73  0.1000E-73  0.1000E-73  0.1000E-73  0.1000E-73  0.1210E-26  0.3780E-20  0.5090E-18  0.5680E-17  0.5960E-16  0.3580E-15  0.1180E-14  0.1830E-14  0.1960E-14
  0.1000E+17  0.1000E-73  0.1000E-73  0.1000E-73  0.1000E-73  0.2170E-46  0.1210E-26  0.3780E-20  0.5090E-18  0.5680E-17  0.5960E-16  0.3580E-15  0.1180E-14  0.1830E-14  0.1960E-14
WAVELENGTH(A)= 
     1.192
 7 14 t 
excit   
    91.800    138.000    230.000    459.000    918.000   2300.000   4590.000   6890.000   9180.000  13800.000  23000.000  45900.000  91800.000 138000.000 
  0.1000E+11  0.1000E-73  0.1000E-73  0.1000E-73  0.1000E-73  0.1000E-73  0.3720E-28  0.3240E-21  0.6300E-19  0.8510E-18  0.1090E-16  0.7770E-16  0.2990E-15  0.5210E-15  0.5980E-15
  0.1000E+12  0.1000E-73  0.1000E-73  0.1000E-73  0.1000E-73  0.1000E-73  0.3720E-28  0.3240E-21  0.6300E-19  0.8510E-18  0.1090E-16  0.7770E-16  0.2990E-15  0.5210E-15  0.5980E-15
  0.1000E+13  0.1000E-73  0.1000E-73  0.1000E-73  0.1000E-73  0.1000E-73  0.3720E-28  0.3240E-21  0.6300E-19  0.8510E-18  0.1090E-16  0.7770E-16  0.2990E-15  0.5210E-15  0.5980E-15
  0.1000E+14  0.1000E-73  0.1000E-73  0.1000E-73  0.1000E-73  0.1000E-73  0.3720E-28  0.3240E-21  0.6300E-19  0.8510E-18  0.1090E-16  0.7770E-16  0.2990E-15  0.5210E-15  0.5980E-15
  0.1000E+15  0.1000E-73  0.1000E-73  0.1000E-73  0.1000E-73  0.1000E-73  0.3720E-28  0.3240E-21  0.6300E-19  0.8510E-18  0.1090E-16  0.7770E-16  0.2990E-15  0.5210E-15  0.5980E-15
  0.1000E+16  0.1000E-73  0.1000E-73  0.1000E-73  0.1000E-73  0.1000E-73  0.3720E-28  0.3240E-21  0.6300E-19  0.8510E-18  0.1090E-16  0.7770E-16  0.2990E-15  0.5210E-15  0.5980E-15
  0.1000E+17  0.1000E-73  0.1000E-73  0.1000E-73  0.1000E-73  0.1000E-73  0.3720E-28  0.3240E-21  0.6300E-19  0.8510E-18  0.1090E-16  0.7770E-16  0.2990E-15  0.5210E-15  0.5980E-15
WAVELENGTH(A)= 
     1.205
 7 14 t 
excit   
    91.800    138.000    230.000    459.000    918.000   2300.000   4590.000   6890.000   9180.000  13800.000  23000.000  45900.000  91800.000 138000.000 
  0.1000E+11  0.1000E-73  0.1000E-73  0.1000E-73  0.1000E-73  0.1000E-73  0.8480E-27  0.2660E-20  0.3570E-18  0.3980E-17  0.4170E-16  0.2500E-15  0.8300E-15  0.1300E-14  0.1400E-14
  0.1000E+12  0.1000E-73  0.1000E-73  0.1000E-73  0.1000E-73  0.1000E-73  0.8480E-27  0.2660E-20  0.3570E-18  0.3980E-17  0.4170E-16  0.2500E-15  0.8300E-15  0.1300E-14  0.1400E-14
  0.1000E+13  0.1000E-73  0.1000E-73  0.1000E-73  0.1000E-73  0.1000E-73  0.8480E-27  0.2660E-20  0.3570E-18  0.3980E-17  0.4170E-16  0.2500E-15  0.8300E-15  0.1300E-14  0.1400E-14
  0.1000E+14  0.1000E-73  0.1000E-73  0.1000E-73  0.1000E-73  0.1000E-73  0.8480E-27  0.2660E-20  0.3570E-18  0.3980E-17  0.4170E-16  0.2500E-15  0.8300E-15  0.1300E-14  0.1400E-14
  0.1000E+15  0.1000E-73  0.1000E-73  0.1000E-73  0.1000E-73  0.1000E-73  0.8480E-27  0.2660E-20  0.3570E-18  0.3980E-17  0.4170E-16  0.2500E-15  0.8300E-15  0.1300E-14  0.1400E-14
  0.1000E+16  0.1000E-73  0.1000E-73  0.1000E-73  0.1000E-73  0.1000E-73  0.8480E-27  0.2660E-20  0.3570E-18  0.3980E-17  0.4170E-16  0.2500E-15  0.8300E-15  0.1300E-14  0.1400E-14
  0.1000E+17  0.1000E-73  0.1000E-73  0.1000E-73  0.1000E-73  0.1000E-73  0.8480E-27  0.2660E-20  0.3570E-18  0.3980E-17  0.4170E-16  0.2500E-15  0.8300E-15  0.1300E-14  0.1400E-14
WAVELENGTH(A)= 
     1.213
 7 14 t 
excit   
    91.800    138.000    230.000    459.000    918.000   2300.000   4590.000   6890.000   9180.000  13800.000  23000.000  45900.000  91800.000 138000.000 
  0.1000E+11  0.1000E-73  0.1000E-73  0.1000E-73  0.1000E-73  0.1000E-73  0.1800E-28  0.5650E-22  0.7720E-20  0.8760E-19  0.9400E-18  0.5800E-17  0.1970E-16  0.3150E-16  0.3430E-16
  0.1000E+12  0.1000E-73  0.1000E-73  0.1000E-73  0.1000E-73  0.1000E-73  0.1800E-28  0.5650E-22  0.7720E-20  0.8760E-19  0.9400E-18  0.5800E-17  0.1970E-16  0.3150E-16  0.3430E-16
  0.1000E+13  0.1000E-73  0.1000E-73  0.1000E-73  0.1000E-73  0.1000E-73  0.1800E-28  0.5650E-22  0.7720E-20  0.8760E-19  0.9400E-18  0.5800E-17  0.1970E-16  0.3150E-16  0.3430E-16
  0.1000E+14  0.1000E-73  0.1000E-73  0.1000E-73  0.1000E-73  0.1000E-73  0.1800E-28  0.5650E-22  0.7720E-20  0.8760E-19  0.9400E-18  0.5800E-17  0.1970E-16  0.3150E-16  0.3430E-16
  0.1000E+15  0.1000E-73  0.1000E-73  0.1000E-73  0.1000E-73  0.1000E-73  0.1800E-28  0.5650E-22  0.7720E-20  0.8760E-19  0.9400E-18  0.5800E-17  0.1970E-16  0.3150E-16  0.3430E-16
  0.1000E+16  0.1000E-73  0.1000E-73  0.1000E-73  0.1000E-73  0.1000E-73  0.1800E-28  0.5650E-22  0.7720E-20  0.8760E-19  0.9400E-18  0.5800E-17  0.1970E-16  0.3150E-16  0.3430E-16
  0.1000E+17  0.1000E-73  0.1000E-73  0.1000E-73  0.1000E-73  0.1000E-73  0.1800E-28  0.5650E-22  0.7720E-20  0.8760E-19  0.9400E-18  0.5800E-17  0.1970E-16  0.3150E-16  0.3430E-16
WAVELENGTH(A)= 
     1.281
 7 14 t 
excit   
    91.800    138.000    230.000    459.000    918.000   2300.000   4590.000   6890.000   9180.000  13800.000  23000.000  45900.000  91800.000 138000.000 
  0.1000E+11  0.1000E-73  0.1000E-73  0.1000E-73  0.1000E-73  0.1000E-73  0.1640E-26  0.5120E-20  0.6890E-18  0.7700E-17  0.8080E-16  0.4850E-15  0.1600E-14  0.2490E-14  0.2660E-14
  0.1000E+12  0.1000E-73  0.1000E-73  0.1000E-73  0.1000E-73  0.1000E-73  0.1640E-26  0.5120E-20  0.6890E-18  0.7700E-17  0.8080E-16  0.4850E-15  0.1600E-14  0.2490E-14  0.2660E-14
  0.1000E+13  0.1000E-73  0.1000E-73  0.1000E-73  0.1000E-73  0.1000E-73  0.1640E-26  0.5120E-20  0.6890E-18  0.7700E-17  0.8080E-16  0.4850E-15  0.1600E-14  0.2490E-14  0.2660E-14
  0.1000E+14  0.1000E-73  0.1000E-73  0.1000E-73  0.1000E-73  0.1000E-73  0.1640E-26  0.5120E-20  0.6890E-18  0.7700E-17  0.8080E-16  0.4850E-15  0.1600E-14  0.2490E-14  0.2660E-14
  0.1000E+15  0.1000E-73  0.1000E-73  0.1000E-73  0.1000E-73  0.1000E-73  0.1640E-26  0.5120E-20  0.6890E-18  0.7700E-17  0.8080E-16  0.4850E-15  0.1600E-14  0.2490E-14  0.2660E-14
  0.1000E+16  0.1000E-73  0.1000E-73  0.1000E-73  0.1000E-73  0.1000E-73  0.1640E-26  0.5120E-20  0.6890E-18  0.7700E-17  0.8080E-16  0.4850E-15  0.1600E-14  0.2490E-14  0.2660E-14
  0.1000E+17  0.1000E-73  0.1000E-73  0.1000E-73  0.1000E-73  0.2940E-46  0.1640E-26  0.5120E-20  0.6890E-18  0.7700E-17  0.8080E-16  0.4850E-15  0.1600E-14  0.2490E-14  0.2660E-14
WAVELENGTH(A)= 
     1.284
 7 14 t 
excit   
    91.800    138.000    230.000    459.000    918.000   2300.000   4590.000   6890.000   9180.000  13800.000  23000.000  45900.000  91800.000 138000.000 
  0.1000E+11  0.1000E-73  0.1000E-73  0.1000E-73  0.1000E-73  0.1000E-73  0.3570E-29  0.3100E-22  0.6030E-20  0.8150E-19  0.1050E-17  0.7440E-17  0.2860E-16  0.4990E-16  0.5730E-16
  0.1000E+12  0.1000E-73  0.1000E-73  0.1000E-73  0.1000E-73  0.1000E-73  0.3570E-29  0.3100E-22  0.6030E-20  0.8150E-19  0.1050E-17  0.7440E-17  0.2860E-16  0.4990E-16  0.5730E-16
  0.1000E+13  0.1000E-73  0.1000E-73  0.1000E-73  0.1000E-73  0.1000E-73  0.3570E-29  0.3100E-22  0.6030E-20  0.8150E-19  0.1050E-17  0.7440E-17  0.2860E-16  0.4990E-16  0.5730E-16
  0.1000E+14  0.1000E-73  0.1000E-73  0.1000E-73  0.1000E-73  0.1000E-73  0.3570E-29  0.3100E-22  0.6030E-20  0.8150E-19  0.1050E-17  0.7440E-17  0.2860E-16  0.4990E-16  0.5730E-16
  0.1000E+15  0.1000E-73  0.1000E-73  0.1000E-73  0.1000E-73  0.1000E-73  0.3570E-29  0.3100E-22  0.6030E-20  0.8150E-19  0.1050E-17  0.7440E-17  0.2860E-16  0.4990E-16  0.5730E-16
  0.1000E+16  0.1000E-73  0.1000E-73  0.1000E-73  0.1000E-73  0.1000E-73  0.3570E-29  0.3100E-22  0.6030E-20  0.8150E-19  0.1050E-17  0.7440E-17  0.2860E-16  0.4990E-16  0.5730E-16
  0.1000E+17  0.1000E-73  0.1000E-73  0.1000E-73  0.1000E-73  0.1000E-73  0.3570E-29  0.3100E-22  0.6030E-20  0.8150E-19  0.1050E-17  0.7440E-17  0.2860E-16  0.4990E-16  0.5730E-16
WAVELENGTH(A)= 
     1.855
 7 14 t 
excit   
    91.800    138.000    230.000    459.000    918.000   2300.000   4590.000   6890.000   9180.000  13800.000  23000.000  45900.000  91800.000 138000.000 
  0.1000E+11  0.1000E-73  0.1000E-73  0.1000E-73  0.1000E-73  0.1000E-73  0.9400E-30  0.1300E-22  0.2860E-20  0.4070E-19  0.5510E-18  0.4040E-17  0.1590E-16  0.2830E-16  0.3250E-16
  0.1000E+12  0.1000E-73  0.1000E-73  0.1000E-73  0.1000E-73  0.1000E-73  0.9400E-30  0.1300E-22  0.2860E-20  0.4070E-19  0.5510E-18  0.4040E-17  0.1590E-16  0.2830E-16  0.3250E-16
  0.1000E+13  0.1000E-73  0.1000E-73  0.1000E-73  0.1000E-73  0.1000E-73  0.9400E-30  0.1300E-22  0.2860E-20  0.4070E-19  0.5510E-18  0.4040E-17  0.1590E-16  0.2830E-16  0.3250E-16
  0.1000E+14  0.1000E-73  0.1000E-73  0.1000E-73  0.1000E-73  0.1000E-73  0.9400E-30  0.1300E-22  0.2860E-20  0.4070E-19  0.5510E-18  0.4040E-17  0.1590E-16  0.2830E-16  0.3250E-16
  0.1000E+15  0.1000E-73  0.1000E-73  0.1000E-73  0.1000E-73  0.1000E-73  0.9400E-30  0.1300E-22  0.2860E-20  0.4070E-19  0.5510E-18  0.4040E-17  0.1590E-16  0.2830E-16  0.3250E-16
  0.1000E+16  0.1000E-73  0.1000E-73  0.1000E-73  0.1000E-73  0.1000E-73  0.9400E-30  0.1300E-22  0.2860E-20  0.4070E-19  0.5510E-18  0.4040E-17  0.1590E-16  0.2830E-16  0.3250E-16
  0.1000E+17  0.1000E-73  0.1000E-73  0.1000E-73  0.1000E-73  0.1000E-73  0.9400E-30  0.1300E-22  0.2860E-20  0.4070E-19  0.5510E-18  0.4040E-17  0.1590E-16  0.2830E-16  0.3250E-16
WAVELENGTH(A)= 
     1.856
 7 14 t 
excit   
    91.800    138.000    230.000    459.000    918.000   2300.000   4590.000   6890.000   9180.000  13800.000  23000.000  45900.000  91800.000 138000.000 
  0.1000E+11  0.1000E-73  0.1000E-73  0.1000E-73  0.1000E-73  0.1000E-73  0.1960E-29  0.2690E-22  0.5910E-20  0.8440E-19  0.1140E-17  0.8390E-17  0.3320E-16  0.5870E-16  0.6760E-16
  0.1000E+12  0.1000E-73  0.1000E-73  0.1000E-73  0.1000E-73  0.1000E-73  0.1960E-29  0.2690E-22  0.5910E-20  0.8440E-19  0.1140E-17  0.8390E-17  0.3320E-16  0.5870E-16  0.6760E-16
  0.1000E+13  0.1000E-73  0.1000E-73  0.1000E-73  0.1000E-73  0.1000E-73  0.1960E-29  0.2690E-22  0.5910E-20  0.8440E-19  0.1140E-17  0.8390E-17  0.3320E-16  0.5870E-16  0.6760E-16
  0.1000E+14  0.1000E-73  0.1000E-73  0.1000E-73  0.1000E-73  0.1000E-73  0.1960E-29  0.2690E-22  0.5910E-20  0.8440E-19  0.1140E-17  0.8390E-17  0.3320E-16  0.5870E-16  0.6760E-16
  0.1000E+15  0.1000E-73  0.1000E-73  0.1000E-73  0.1000E-73  0.1000E-73  0.1960E-29  0.2690E-22  0.5910E-20  0.8440E-19  0.1140E-17  0.8390E-17  0.3320E-16  0.5870E-16  0.6760E-16
  0.1000E+16  0.1000E-73  0.1000E-73  0.1000E-73  0.1000E-73  0.1000E-73  0.1960E-29  0.2690E-22  0.5910E-20  0.8440E-19  0.1140E-17  0.8390E-17  0.3320E-16  0.5870E-16  0.6760E-16
  0.1000E+17  0.1000E-73  0.1000E-73  0.1000E-73  0.1000E-73  0.1000E-73  0.1960E-29  0.2690E-22  0.5910E-20  0.8440E-19  0.1140E-17  0.8390E-17  0.3320E-16  0.5870E-16  0.6760E-16
WAVELENGTH(A)= 
     1.931
 7 14 t 
excit   
    91.800    138.000    230.000    459.000    918.000   2300.000   4590.000   6890.000   9180.000  13800.000  23000.000  45900.000  91800.000 138000.000 
  0.1000E+11  0.1000E-73  0.1000E-73  0.1000E-73  0.1000E-73  0.1000E-73  0.8720E-30  0.1150E-22  0.2500E-20  0.3540E-19  0.4750E-18  0.3470E-17  0.1340E-16  0.2270E-16  0.2520E-16
  0.1000E+12  0.1000E-73  0.1000E-73  0.1000E-73  0.1000E-73  0.1000E-73  0.8720E-30  0.1150E-22  0.2500E-20  0.3540E-19  0.4750E-18  0.3470E-17  0.1340E-16  0.2270E-16  0.2520E-16
  0.1000E+13  0.1000E-73  0.1000E-73  0.1000E-73  0.1000E-73  0.1000E-73  0.8720E-30  0.1150E-22  0.2500E-20  0.3540E-19  0.4750E-18  0.3470E-17  0.1340E-16  0.2270E-16  0.2520E-16
  0.1000E+14  0.1000E-73  0.1000E-73  0.1000E-73  0.1000E-73  0.1000E-73  0.8720E-30  0.1150E-22  0.2500E-20  0.3540E-19  0.4750E-18  0.3470E-17  0.1340E-16  0.2270E-16  0.2520E-16
  0.1000E+15  0.1000E-73  0.1000E-73  0.1000E-73  0.1000E-73  0.1000E-73  0.8720E-30  0.1150E-22  0.2500E-20  0.3540E-19  0.4750E-18  0.3470E-17  0.1340E-16  0.2270E-16  0.2520E-16
  0.1000E+16  0.1000E-73  0.1000E-73  0.1000E-73  0.1000E-73  0.1000E-73  0.8720E-30  0.1150E-22  0.2500E-20  0.3540E-19  0.4750E-18  0.3470E-17  0.1340E-16  0.2270E-16  0.2520E-16
  0.1000E+17  0.1000E-73  0.1000E-73  0.1000E-73  0.1000E-73  0.1000E-73  0.8720E-30  0.1150E-22  0.2500E-20  0.3540E-19  0.4750E-18  0.3470E-17  0.1340E-16  0.2270E-16  0.2520E-16
WAVELENGTH(A)= 
     1.951
 7 14 t 
excit   
    91.800    138.000    230.000    459.000    918.000   2300.000   4590.000   6890.000   9180.000  13800.000  23000.000  45900.000  91800.000 138000.000 
  0.1000E+11  0.1000E-73  0.1000E-73  0.1000E-73  0.1000E-73  0.1000E-73  0.1320E-29  0.1770E-22  0.3850E-20  0.5460E-19  0.7280E-18  0.5280E-17  0.2010E-16  0.3320E-16  0.3610E-16
  0.1000E+12  0.1000E-73  0.1000E-73  0.1000E-73  0.1000E-73  0.1000E-73  0.1320E-29  0.1770E-22  0.3850E-20  0.5460E-19  0.7280E-18  0.5280E-17  0.2010E-16  0.3320E-16  0.3610E-16
  0.1000E+13  0.1000E-73  0.1000E-73  0.1000E-73  0.1000E-73  0.1000E-73  0.1320E-29  0.1770E-22  0.3850E-20  0.5460E-19  0.7280E-18  0.5280E-17  0.2010E-16  0.3320E-16  0.3610E-16
  0.1000E+14  0.1000E-73  0.1000E-73  0.1000E-73  0.1000E-73  0.1000E-73  0.1320E-29  0.1770E-22  0.3850E-20  0.5460E-19  0.7280E-18  0.5280E-17  0.2010E-16  0.3320E-16  0.3610E-16
  0.1000E+15  0.1000E-73  0.1000E-73  0.1000E-73  0.1000E-73  0.1000E-73  0.1320E-29  0.1770E-22  0.3850E-20  0.5460E-19  0.7280E-18  0.5280E-17  0.2010E-16  0.3320E-16  0.3610E-16
  0.1000E+16  0.1000E-73  0.1000E-73  0.1000E-73  0.1000E-73  0.1000E-73  0.1320E-29  0.1770E-22  0.3850E-20  0.5460E-19  0.7280E-18  0.5280E-17  0.2010E-16  0.3320E-16  0.3610E-16
  0.1000E+17  0.1000E-73  0.1000E-73  0.1000E-73  0.1000E-73  0.1000E-73  0.1320E-29  0.1770E-22  0.3850E-20  0.5460E-19  0.7280E-18  0.5280E-17  0.2010E-16  0.3320E-16  0.3610E-16
WAVELENGTH(A)= 
     1.997
 7 14 t 
excit   
    91.800    138.000    230.000    459.000    918.000   2300.000   4590.000   6890.000   9180.000  13800.000  23000.000  45900.000  91800.000 138000.000 
  0.1000E+11  0.1000E-73  0.1000E-73  0.1000E-73  0.1000E-73  0.1000E-73  0.1180E-29  0.1550E-22  0.3380E-20  0.4770E-19  0.6330E-18  0.4600E-17  0.1770E-16  0.2990E-16  0.3310E-16
  0.1000E+12  0.1000E-73  0.1000E-73  0.1000E-73  0.1000E-73  0.1000E-73  0.1180E-29  0.1550E-22  0.3380E-20  0.4770E-19  0.6330E-18  0.4600E-17  0.1770E-16  0.2990E-16  0.3310E-16
  0.1000E+13  0.1000E-73  0.1000E-73  0.1000E-73  0.1000E-73  0.1000E-73  0.1180E-29  0.1550E-22  0.3380E-20  0.4770E-19  0.6330E-18  0.4600E-17  0.1770E-16  0.2990E-16  0.3310E-16
  0.1000E+14  0.1000E-73  0.1000E-73  0.1000E-73  0.1000E-73  0.1000E-73  0.1180E-29  0.1550E-22  0.3380E-20  0.4770E-19  0.6330E-18  0.4600E-17  0.1770E-16  0.2990E-16  0.3310E-16
  0.1000E+15  0.1000E-73  0.1000E-73  0.1000E-73  0.1000E-73  0.1000E-73  0.1180E-29  0.1550E-22  0.3380E-20  0.4770E-19  0.6330E-18  0.4600E-17  0.1770E-16  0.2990E-16  0.3310E-16
  0.1000E+16  0.1000E-73  0.1000E-73  0.1000E-73  0.1000E-73  0.1000E-73  0.1180E-29  0.1550E-22  0.3380E-20  0.4770E-19  0.6330E-18  0.4600E-17  0.1770E-16  0.2990E-16  0.3310E-16
  0.1000E+17  0.1000E-73  0.1000E-73  0.1000E-73  0.1000E-73  0.1000E-73  0.1180E-29  0.1550E-22  0.3380E-20  0.4770E-19  0.6330E-18  0.4600E-17  0.1770E-16  0.2990E-16  0.3310E-16
WAVELENGTH(A)= 
     2.022
 7 14 t 
excit   
    91.800    138.000    230.000    459.000    918.000   2300.000   4590.000   6890.000   9180.000  13800.000  23000.000  45900.000  91800.000 138000.000 
  0.1000E+11  0.1000E-73  0.1000E-73  0.1000E-73  0.1000E-73  0.1000E-73  0.2250E-29  0.3010E-22  0.6550E-20  0.9290E-19  0.1240E-17  0.8980E-17  0.3410E-16  0.5640E-16  0.6140E-16
  0.1000E+12  0.1000E-73  0.1000E-73  0.1000E-73  0.1000E-73  0.1000E-73  0.2250E-29  0.3010E-22  0.6550E-20  0.9290E-19  0.1240E-17  0.8980E-17  0.3410E-16  0.5640E-16  0.6140E-16
  0.1000E+13  0.1000E-73  0.1000E-73  0.1000E-73  0.1000E-73  0.1000E-73  0.2250E-29  0.3010E-22  0.6550E-20  0.9290E-19  0.1240E-17  0.8980E-17  0.3410E-16  0.5640E-16  0.6140E-16
  0.1000E+14  0.1000E-73  0.1000E-73  0.1000E-73  0.1000E-73  0.1000E-73  0.2250E-29  0.3010E-22  0.6550E-20  0.9290E-19  0.1240E-17  0.8980E-17  0.3410E-16  0.5640E-16  0.6140E-16
  0.1000E+15  0.1000E-73  0.1000E-73  0.1000E-73  0.1000E-73  0.1000E-73  0.2250E-29  0.3010E-22  0.6550E-20  0.9290E-19  0.1240E-17  0.8980E-17  0.3410E-16  0.5640E-16  0.6140E-16
  0.1000E+16  0.1000E-73  0.1000E-73  0.1000E-73  0.1000E-73  0.1000E-73  0.2250E-29  0.3010E-22  0.6550E-20  0.9290E-19  0.1240E-17  0.8980E-17  0.3410E-16  0.5640E-16  0.6140E-16
  0.1000E+17  0.1000E-73  0.1000E-73  0.1000E-73  0.1000E-73  0.1000E-73  0.2250E-29  0.3010E-22  0.6550E-20  0.9290E-19  0.1240E-17  0.8980E-17  0.3410E-16  0.5640E-16  0.6140E-16
WAVELENGTH(A)= 
     2.139
 7 14 t 
excit   
    91.800    138.000    230.000    459.000    918.000   2300.000   4590.000   6890.000   9180.000  13800.000  23000.000  45900.000  91800.000 138000.000 
  0.1000E+11  0.1000E-73  0.1000E-73  0.1000E-73  0.1000E-73  0.1000E-73  0.1170E-29  0.1320E-22  0.2730E-20  0.3760E-19  0.4930E-18  0.3530E-17  0.1370E-16  0.2390E-16  0.2750E-16
  0.1000E+12  0.1000E-73  0.1000E-73  0.1000E-73  0.1000E-73  0.1000E-73  0.1170E-29  0.1320E-22  0.2730E-20  0.3760E-19  0.4930E-18  0.3530E-17  0.1370E-16  0.2390E-16  0.2750E-16
  0.1000E+13  0.1000E-73  0.1000E-73  0.1000E-73  0.1000E-73  0.1000E-73  0.1170E-29  0.1320E-22  0.2730E-20  0.3760E-19  0.4930E-18  0.3530E-17  0.1370E-16  0.2390E-16  0.2750E-16
  0.1000E+14  0.1000E-73  0.1000E-73  0.1000E-73  0.1000E-73  0.1000E-73  0.1170E-29  0.1320E-22  0.2730E-20  0.3760E-19  0.4930E-18  0.3530E-17  0.1370E-16  0.2390E-16  0.2750E-16
  0.1000E+15  0.1000E-73  0.1000E-73  0.1000E-73  0.1000E-73  0.1000E-73  0.1170E-29  0.1320E-22  0.2730E-20  0.3760E-19  0.4930E-18  0.3530E-17  0.1370E-16  0.2390E-16  0.2750E-16
  0.1000E+16  0.1000E-73  0.1000E-73  0.1000E-73  0.1000E-73  0.1000E-73  0.1170E-29  0.1320E-22  0.2730E-20  0.3760E-19  0.4930E-18  0.3530E-17  0.1370E-16  0.2390E-16  0.2750E-16
  0.1000E+17  0.1000E-73  0.1000E-73  0.1000E-73  0.1000E-73  0.1000E-73  0.1170E-29  0.1320E-22  0.2730E-20  0.3760E-19  0.4930E-18  0.3530E-17  0.1370E-16  0.2390E-16  0.2750E-16
WAVELENGTH(A)= 
     2.146
 7 14 t 
excit   
    91.800    138.000    230.000    459.000    918.000   2300.000   4590.000   6890.000   9180.000  13800.000  23000.000  45900.000  91800.000 138000.000 
  0.1000E+11  0.1000E-73  0.1000E-73  0.1000E-73  0.1000E-73  0.1000E-73  0.2490E-29  0.2820E-22  0.5830E-20  0.8020E-19  0.1050E-17  0.7520E-17  0.2920E-16  0.5100E-16  0.5870E-16
  0.1000E+12  0.1000E-73  0.1000E-73  0.1000E-73  0.1000E-73  0.1000E-73  0.2490E-29  0.2820E-22  0.5830E-20  0.8020E-19  0.1050E-17  0.7520E-17  0.2920E-16  0.5100E-16  0.5870E-16
  0.1000E+13  0.1000E-73  0.1000E-73  0.1000E-73  0.1000E-73  0.1000E-73  0.2490E-29  0.2820E-22  0.5830E-20  0.8020E-19  0.1050E-17  0.7520E-17  0.2920E-16  0.5100E-16  0.5870E-16
  0.1000E+14  0.1000E-73  0.1000E-73  0.1000E-73  0.1000E-73  0.1000E-73  0.2490E-29  0.2820E-22  0.5830E-20  0.8020E-19  0.1050E-17  0.7520E-17  0.2920E-16  0.5100E-16  0.5870E-16
  0.1000E+15  0.1000E-73  0.1000E-73  0.1000E-73  0.1000E-73  0.1000E-73  0.2490E-29  0.2820E-22  0.5830E-20  0.8020E-19  0.1050E-17  0.7520E-17  0.2920E-16  0.5100E-16  0.5870E-16
  0.1000E+16  0.1000E-73  0.1000E-73  0.1000E-73  0.1000E-73  0.1000E-73  0.2490E-29  0.2820E-22  0.5830E-20  0.8020E-19  0.1050E-17  0.7520E-17  0.2920E-16  0.5100E-16  0.5870E-16
  0.1000E+17  0.1000E-73  0.1000E-73  0.1000E-73  0.1000E-73  0.1000E-73  0.2490E-29  0.2820E-22  0.5830E-20  0.8020E-19  0.1050E-17  0.7520E-17  0.2920E-16  0.5100E-16  0.5870E-16
WAVELENGTH(A)= 
     2.156
 7 14 t 
excit   
    91.800    138.000    230.000    459.000    918.000   2300.000   4590.000   6890.000   9180.000  13800.000  23000.000  45900.000  91800.000 138000.000 
  0.1000E+11  0.1000E-73  0.1000E-73  0.1000E-73  0.1000E-73  0.1000E-73  0.5470E-29  0.6140E-22  0.1270E-19  0.1750E-18  0.2280E-17  0.1640E-16  0.6350E-16  0.1110E-15  0.1280E-15
  0.1000E+12  0.1000E-73  0.1000E-73  0.1000E-73  0.1000E-73  0.1000E-73  0.5470E-29  0.6140E-22  0.1270E-19  0.1750E-18  0.2280E-17  0.1640E-16  0.6350E-16  0.1110E-15  0.1280E-15
  0.1000E+13  0.1000E-73  0.1000E-73  0.1000E-73  0.1000E-73  0.1000E-73  0.5470E-29  0.6140E-22  0.1270E-19  0.1750E-18  0.2280E-17  0.1640E-16  0.6350E-16  0.1110E-15  0.1280E-15
  0.1000E+14  0.1000E-73  0.1000E-73  0.1000E-73  0.1000E-73  0.1000E-73  0.5470E-29  0.6140E-22  0.1270E-19  0.1750E-18  0.2280E-17  0.1640E-16  0.6350E-16  0.1110E-15  0.1280E-15
  0.1000E+15  0.1000E-73  0.1000E-73  0.1000E-73  0.1000E-73  0.1000E-73  0.5470E-29  0.6140E-22  0.1270E-19  0.1750E-18  0.2280E-17  0.1640E-16  0.6350E-16  0.1110E-15  0.1280E-15
  0.1000E+16  0.1000E-73  0.1000E-73  0.1000E-73  0.1000E-73  0.1000E-73  0.5470E-29  0.6140E-22  0.1270E-19  0.1750E-18  0.2280E-17  0.1640E-16  0.6350E-16  0.1110E-15  0.1280E-15
  0.1000E+17  0.1000E-73  0.1000E-73  0.1000E-73  0.1000E-73  0.1000E-73  0.5470E-29  0.6140E-22  0.1270E-19  0.1750E-18  0.2280E-17  0.1640E-16  0.6350E-16  0.1110E-15  0.1280E-15
WAVELENGTH(A)= 
     2.247
 7 14 t 
excit   
    91.800    138.000    230.000    459.000    918.000   2300.000   4590.000   6890.000   9180.000  13800.000  23000.000  45900.000  91800.000 138000.000 
  0.1000E+11  0.1000E-73  0.1000E-73  0.1000E-73  0.1000E-73  0.1000E-73  0.2470E-29  0.2660E-22  0.5440E-20  0.7460E-19  0.9710E-18  0.6910E-17  0.2620E-16  0.4410E-16  0.4880E-16
  0.1000E+12  0.1000E-73  0.1000E-73  0.1000E-73  0.1000E-73  0.1000E-73  0.2470E-29  0.2660E-22  0.5440E-20  0.7460E-19  0.9710E-18  0.6910E-17  0.2620E-16  0.4410E-16  0.4880E-16
  0.1000E+13  0.1000E-73  0.1000E-73  0.1000E-73  0.1000E-73  0.1000E-73  0.2470E-29  0.2660E-22  0.5440E-20  0.7460E-19  0.9710E-18  0.6910E-17  0.2620E-16  0.4410E-16  0.4880E-16
  0.1000E+14  0.1000E-73  0.1000E-73  0.1000E-73  0.1000E-73  0.1000E-73  0.2470E-29  0.2660E-22  0.5440E-20  0.7460E-19  0.9710E-18  0.6910E-17  0.2620E-16  0.4410E-16  0.4880E-16
  0.1000E+15  0.1000E-73  0.1000E-73  0.1000E-73  0.1000E-73  0.1000E-73  0.2470E-29  0.2660E-22  0.5440E-20  0.7460E-19  0.9710E-18  0.6910E-17  0.2620E-16  0.4410E-16  0.4880E-16
  0.1000E+16  0.1000E-73  0.1000E-73  0.1000E-73  0.1000E-73  0.1000E-73  0.2470E-29  0.2660E-22  0.5440E-20  0.7460E-19  0.9710E-18  0.6910E-17  0.2620E-16  0.4410E-16  0.4880E-16
  0.1000E+17  0.1000E-73  0.1000E-73  0.1000E-73  0.1000E-73  0.1000E-73  0.2470E-29  0.2660E-22  0.5440E-20  0.7460E-19  0.9710E-18  0.6910E-17  0.2620E-16  0.4410E-16  0.4880E-16
WAVELENGTH(A)= 
     2.295
 7 14 t 
excit   
    91.800    138.000    230.000    459.000    918.000   2300.000   4590.000   6890.000   9180.000  13800.000  23000.000  45900.000  91800.000 138000.000 
  0.1000E+11  0.1000E-73  0.1000E-73  0.1000E-73  0.1000E-73  0.1000E-73  0.4370E-29  0.4750E-22  0.9650E-20  0.1320E-18  0.1700E-17  0.1200E-16  0.4480E-16  0.7330E-16  0.7960E-16
  0.1000E+12  0.1000E-73  0.1000E-73  0.1000E-73  0.1000E-73  0.1000E-73  0.4370E-29  0.4750E-22  0.9650E-20  0.1320E-18  0.1700E-17  0.1200E-16  0.4480E-16  0.7330E-16  0.7960E-16
  0.1000E+13  0.1000E-73  0.1000E-73  0.1000E-73  0.1000E-73  0.1000E-73  0.4370E-29  0.4750E-22  0.9650E-20  0.1320E-18  0.1700E-17  0.1200E-16  0.4480E-16  0.7330E-16  0.7960E-16
  0.1000E+14  0.1000E-73  0.1000E-73  0.1000E-73  0.1000E-73  0.1000E-73  0.4370E-29  0.4750E-22  0.9650E-20  0.1320E-18  0.1700E-17  0.1200E-16  0.4480E-16  0.7330E-16  0.7960E-16
  0.1000E+15  0.1000E-73  0.1000E-73  0.1000E-73  0.1000E-73  0.1000E-73  0.4370E-29  0.4750E-22  0.9650E-20  0.1320E-18  0.1700E-17  0.1200E-16  0.4480E-16  0.7330E-16  0.7960E-16
  0.1000E+16  0.1000E-73  0.1000E-73  0.1000E-73  0.1000E-73  0.1000E-73  0.4370E-29  0.4750E-22  0.9650E-20  0.1320E-18  0.1700E-17  0.1200E-16  0.4480E-16  0.7330E-16  0.7960E-16
  0.1000E+17  0.1000E-73  0.1000E-73  0.1000E-73  0.1000E-73  0.1000E-73  0.4370E-29  0.4750E-22  0.9650E-20  0.1320E-18  0.1700E-17  0.1200E-16  0.4480E-16  0.7330E-16  0.7960E-16
WAVELENGTH(A)= 
     2.334
 7 14 t 
excit   
    91.800    138.000    230.000    459.000    918.000   2300.000   4590.000   6890.000   9180.000  13800.000  23000.000  45900.000  91800.000 138000.000 
  0.1000E+11  0.1000E-73  0.1000E-73  0.1000E-73  0.1000E-73  0.1000E-73  0.3200E-29  0.3440E-22  0.6960E-20  0.9540E-19  0.1230E-17  0.8700E-17  0.3260E-16  0.5460E-16  0.6050E-16
  0.1000E+12  0.1000E-73  0.1000E-73  0.1000E-73  0.1000E-73  0.1000E-73  0.3200E-29  0.3440E-22  0.6960E-20  0.9540E-19  0.1230E-17  0.8700E-17  0.3260E-16  0.5460E-16  0.6050E-16
  0.1000E+13  0.1000E-73  0.1000E-73  0.1000E-73  0.1000E-73  0.1000E-73  0.3200E-29  0.3440E-22  0.6960E-20  0.9540E-19  0.1230E-17  0.8700E-17  0.3260E-16  0.5460E-16  0.6050E-16
  0.1000E+14  0.1000E-73  0.1000E-73  0.1000E-73  0.1000E-73  0.1000E-73  0.3200E-29  0.3440E-22  0.6960E-20  0.9540E-19  0.1230E-17  0.8700E-17  0.3260E-16  0.5460E-16  0.6050E-16
  0.1000E+15  0.1000E-73  0.1000E-73  0.1000E-73  0.1000E-73  0.1000E-73  0.3200E-29  0.3440E-22  0.6960E-20  0.9540E-19  0.1230E-17  0.8700E-17  0.3260E-16  0.5460E-16  0.6050E-16
  0.1000E+16  0.1000E-73  0.1000E-73  0.1000E-73  0.1000E-73  0.1000E-73  0.3200E-29  0.3440E-22  0.6960E-20  0.9540E-19  0.1230E-17  0.8700E-17  0.3260E-16  0.5460E-16  0.6050E-16
  0.1000E+17  0.1000E-73  0.1000E-73  0.1000E-73  0.1000E-73  0.1000E-73  0.3200E-29  0.3440E-22  0.6960E-20  0.9540E-19  0.1230E-17  0.8700E-17  0.3260E-16  0.5460E-16  0.6050E-16
WAVELENGTH(A)= 
     2.391
 7 14 t 
excit   
    91.800    138.000    230.000    459.000    918.000   2300.000   4590.000   6890.000   9180.000  13800.000  23000.000  45900.000  91800.000 138000.000 
  0.1000E+11  0.1000E-73  0.1000E-73  0.1000E-73  0.1000E-73  0.1000E-73  0.9180E-30  0.1030E-22  0.2130E-20  0.2930E-19  0.3830E-18  0.2750E-17  0.1070E-16  0.1870E-16  0.2150E-16
  0.1000E+12  0.1000E-73  0.1000E-73  0.1000E-73  0.1000E-73  0.1000E-73  0.9180E-30  0.1030E-22  0.2130E-20  0.2930E-19  0.3830E-18  0.2750E-17  0.1070E-16  0.1870E-16  0.2150E-16
  0.1000E+13  0.1000E-73  0.1000E-73  0.1000E-73  0.1000E-73  0.1000E-73  0.9180E-30  0.1030E-22  0.2130E-20  0.2930E-19  0.3830E-18  0.2750E-17  0.1070E-16  0.1870E-16  0.2150E-16
  0.1000E+14  0.1000E-73  0.1000E-73  0.1000E-73  0.1000E-73  0.1000E-73  0.9180E-30  0.1030E-22  0.2130E-20  0.2930E-19  0.3830E-18  0.2750E-17  0.1070E-16  0.1870E-16  0.2150E-16
  0.1000E+15  0.1000E-73  0.1000E-73  0.1000E-73  0.1000E-73  0.1000E-73  0.9180E-30  0.1030E-22  0.2130E-20  0.2930E-19  0.3830E-18  0.2750E-17  0.1070E-16  0.1870E-16  0.2150E-16
  0.1000E+16  0.1000E-73  0.1000E-73  0.1000E-73  0.1000E-73  0.1000E-73  0.9180E-30  0.1030E-22  0.2130E-20  0.2930E-19  0.3830E-18  0.2750E-17  0.1070E-16  0.1870E-16  0.2150E-16
  0.1000E+17  0.1000E-73  0.1000E-73  0.1000E-73  0.1000E-73  0.1000E-73  0.9180E-30  0.1030E-22  0.2130E-20  0.2930E-19  0.3830E-18  0.2750E-17  0.1070E-16  0.1870E-16  0.2150E-16
WAVELENGTH(A)= 
     2.393
 7 14 t 
excit   
    91.800    138.000    230.000    459.000    918.000   2300.000   4590.000   6890.000   9180.000  13800.000  23000.000  45900.000  91800.000 138000.000 
  0.1000E+11  0.1000E-73  0.1000E-73  0.1000E-73  0.1000E-73  0.1000E-73  0.7150E-29  0.7770E-22  0.1580E-19  0.2160E-18  0.2790E-17  0.1960E-16  0.7320E-16  0.1200E-15  0.1300E-15
  0.1000E+12  0.1000E-73  0.1000E-73  0.1000E-73  0.1000E-73  0.1000E-73  0.7150E-29  0.7770E-22  0.1580E-19  0.2160E-18  0.2790E-17  0.1960E-16  0.7320E-16  0.1200E-15  0.1300E-15
  0.1000E+13  0.1000E-73  0.1000E-73  0.1000E-73  0.1000E-73  0.1000E-73  0.7150E-29  0.7770E-22  0.1580E-19  0.2160E-18  0.2790E-17  0.1960E-16  0.7320E-16  0.1200E-15  0.1300E-15
  0.1000E+14  0.1000E-73  0.1000E-73  0.1000E-73  0.1000E-73  0.1000E-73  0.7150E-29  0.7770E-22  0.1580E-19  0.2160E-18  0.2790E-17  0.1960E-16  0.7320E-16  0.1200E-15  0.1300E-15
  0.1000E+15  0.1000E-73  0.1000E-73  0.1000E-73  0.1000E-73  0.1000E-73  0.7150E-29  0.7770E-22  0.1580E-19  0.2160E-18  0.2790E-17  0.1960E-16  0.7320E-16  0.1200E-15  0.1300E-15
  0.1000E+16  0.1000E-73  0.1000E-73  0.1000E-73  0.1000E-73  0.1000E-73  0.7150E-29  0.7770E-22  0.1580E-19  0.2160E-18  0.2790E-17  0.1960E-16  0.7320E-16  0.1200E-15  0.1300E-15
  0.1000E+17  0.1000E-73  0.1000E-73  0.1000E-73  0.1000E-73  0.1000E-73  0.7150E-29  0.7770E-22  0.1580E-19  0.2160E-18  0.2790E-17  0.1960E-16  0.7320E-16  0.1200E-15  0.1300E-15
WAVELENGTH(A)= 
     3.007
 7 14 t 
excit   
    91.800    138.000    230.000    459.000    918.000   2300.000   4590.000   6890.000   9180.000  13800.000  23000.000  45900.000  91800.000 138000.000 
  0.1000E+11  0.1000E-73  0.1000E-73  0.1000E-73  0.1000E-73  0.1000E-73  0.4800E-29  0.3800E-22  0.6950E-20  0.9060E-19  0.1110E-17  0.7630E-17  0.2860E-16  0.4920E-16  0.5630E-16
  0.1000E+12  0.1000E-73  0.1000E-73  0.1000E-73  0.1000E-73  0.1000E-73  0.4800E-29  0.3800E-22  0.6950E-20  0.9060E-19  0.1110E-17  0.7630E-17  0.2860E-16  0.4920E-16  0.5630E-16
  0.1000E+13  0.1000E-73  0.1000E-73  0.1000E-73  0.1000E-73  0.1000E-73  0.4800E-29  0.3800E-22  0.6950E-20  0.9060E-19  0.1110E-17  0.7630E-17  0.2860E-16  0.4920E-16  0.5630E-16
  0.1000E+14  0.1000E-73  0.1000E-73  0.1000E-73  0.1000E-73  0.1000E-73  0.4800E-29  0.3800E-22  0.6950E-20  0.9060E-19  0.1110E-17  0.7630E-17  0.2860E-16  0.4920E-16  0.5630E-16
  0.1000E+15  0.1000E-73  0.1000E-73  0.1000E-73  0.1000E-73  0.1000E-73  0.4800E-29  0.3800E-22  0.6950E-20  0.9060E-19  0.1110E-17  0.7630E-17  0.2860E-16  0.4920E-16  0.5630E-16
  0.1000E+16  0.1000E-73  0.1000E-73  0.1000E-73  0.1000E-73  0.1000E-73  0.4800E-29  0.3800E-22  0.6950E-20  0.9060E-19  0.1110E-17  0.7630E-17  0.2860E-16  0.4920E-16  0.5630E-16
  0.1000E+17  0.1000E-73  0.1000E-73  0.1000E-73  0.1000E-73  0.1000E-73  0.4800E-29  0.3800E-22  0.6950E-20  0.9060E-19  0.1110E-17  0.7630E-17  0.2860E-16  0.4920E-16  0.5630E-16
WAVELENGTH(A)= 
     3.022
 7 14 t 
excit   
    91.800    138.000    230.000    459.000    918.000   2300.000   4590.000   6890.000   9180.000  13800.000  23000.000  45900.000  91800.000 138000.000 
  0.1000E+11  0.1000E-73  0.1000E-73  0.1000E-73  0.1000E-73  0.1000E-73  0.1020E-28  0.8030E-22  0.1470E-19  0.1920E-18  0.2350E-17  0.1610E-16  0.6040E-16  0.1040E-15  0.1190E-15
  0.1000E+12  0.1000E-73  0.1000E-73  0.1000E-73  0.1000E-73  0.1000E-73  0.1020E-28  0.8030E-22  0.1470E-19  0.1920E-18  0.2350E-17  0.1610E-16  0.6040E-16  0.1040E-15  0.1190E-15
  0.1000E+13  0.1000E-73  0.1000E-73  0.1000E-73  0.1000E-73  0.1000E-73  0.1020E-28  0.8030E-22  0.1470E-19  0.1920E-18  0.2350E-17  0.1610E-16  0.6040E-16  0.1040E-15  0.1190E-15
  0.1000E+14  0.1000E-73  0.1000E-73  0.1000E-73  0.1000E-73  0.1000E-73  0.1020E-28  0.8030E-22  0.1470E-19  0.1920E-18  0.2350E-17  0.1610E-16  0.6040E-16  0.1040E-15  0.1190E-15
  0.1000E+15  0.1000E-73  0.1000E-73  0.1000E-73  0.1000E-73  0.1000E-73  0.1020E-28  0.8030E-22  0.1470E-19  0.1920E-18  0.2350E-17  0.1610E-16  0.6040E-16  0.1040E-15  0.1190E-15
  0.1000E+16  0.1000E-73  0.1000E-73  0.1000E-73  0.1000E-73  0.1000E-73  0.1020E-28  0.8030E-22  0.1470E-19  0.1920E-18  0.2350E-17  0.1610E-16  0.6040E-16  0.1040E-15  0.1190E-15
  0.1000E+17  0.1000E-73  0.1000E-73  0.1000E-73  0.1000E-73  0.1000E-73  0.1020E-28  0.8030E-22  0.1470E-19  0.1920E-18  0.2350E-17  0.1610E-16  0.6040E-16  0.1040E-15  0.1190E-15
WAVELENGTH(A)= 
     3.076
 7 14 t 
excit   
    91.800    138.000    230.000    459.000    918.000   2300.000   4590.000   6890.000   9180.000  13800.000  23000.000  45900.000  91800.000 138000.000 
  0.1000E+11  0.1000E-73  0.1000E-73  0.1000E-73  0.1000E-73  0.1000E-73  0.2370E-28  0.1850E-21  0.3360E-19  0.4370E-18  0.5370E-17  0.3680E-16  0.1380E-15  0.2390E-15  0.2730E-15
  0.1000E+12  0.1000E-73  0.1000E-73  0.1000E-73  0.1000E-73  0.1000E-73  0.2370E-28  0.1850E-21  0.3360E-19  0.4370E-18  0.5370E-17  0.3680E-16  0.1380E-15  0.2390E-15  0.2730E-15
  0.1000E+13  0.1000E-73  0.1000E-73  0.1000E-73  0.1000E-73  0.1000E-73  0.2370E-28  0.1850E-21  0.3360E-19  0.4370E-18  0.5370E-17  0.3680E-16  0.1380E-15  0.2390E-15  0.2730E-15
  0.1000E+14  0.1000E-73  0.1000E-73  0.1000E-73  0.1000E-73  0.1000E-73  0.2370E-28  0.1850E-21  0.3360E-19  0.4370E-18  0.5370E-17  0.3680E-16  0.1380E-15  0.2390E-15  0.2730E-15
  0.1000E+15  0.1000E-73  0.1000E-73  0.1000E-73  0.1000E-73  0.1000E-73  0.2370E-28  0.1850E-21  0.3360E-19  0.4370E-18  0.5370E-17  0.3680E-16  0.1380E-15  0.2390E-15  0.2730E-15
  0.1000E+16  0.1000E-73  0.1000E-73  0.1000E-73  0.1000E-73  0.1000E-73  0.2370E-28  0.1850E-21  0.3360E-19  0.4370E-18  0.5370E-17  0.3680E-16  0.1380E-15  0.2390E-15  0.2730E-15
  0.1000E+17  0.1000E-73  0.1000E-73  0.1000E-73  0.1000E-73  0.1000E-73  0.2370E-28  0.1850E-21  0.3360E-19  0.4370E-18  0.5370E-17  0.3680E-16  0.1380E-15  0.2390E-15  0.2730E-15
WAVELENGTH(A)= 
     3.092
 7 14 t 
excit   
    91.800    138.000    230.000    459.000    918.000   2300.000   4590.000   6890.000   9180.000  13800.000  23000.000  45900.000  91800.000 138000.000 
  0.1000E+11  0.1000E-73  0.1000E-73  0.1000E-73  0.1000E-73  0.1000E-73  0.2550E-29  0.1990E-22  0.3610E-20  0.4700E-19  0.5770E-18  0.3960E-17  0.1490E-16  0.2570E-16  0.2940E-16
  0.1000E+12  0.1000E-73  0.1000E-73  0.1000E-73  0.1000E-73  0.1000E-73  0.2550E-29  0.1990E-22  0.3610E-20  0.4700E-19  0.5770E-18  0.3960E-17  0.1490E-16  0.2570E-16  0.2940E-16
  0.1000E+13  0.1000E-73  0.1000E-73  0.1000E-73  0.1000E-73  0.1000E-73  0.2550E-29  0.1990E-22  0.3610E-20  0.4700E-19  0.5770E-18  0.3960E-17  0.1490E-16  0.2570E-16  0.2940E-16
  0.1000E+14  0.1000E-73  0.1000E-73  0.1000E-73  0.1000E-73  0.1000E-73  0.2550E-29  0.1990E-22  0.3610E-20  0.4700E-19  0.5770E-18  0.3960E-17  0.1490E-16  0.2570E-16  0.2940E-16
  0.1000E+15  0.1000E-73  0.1000E-73  0.1000E-73  0.1000E-73  0.1000E-73  0.2550E-29  0.1990E-22  0.3610E-20  0.4700E-19  0.5770E-18  0.3960E-17  0.1490E-16  0.2570E-16  0.2940E-16
  0.1000E+16  0.1000E-73  0.1000E-73  0.1000E-73  0.1000E-73  0.1000E-73  0.2550E-29  0.1990E-22  0.3610E-20  0.4700E-19  0.5770E-18  0.3960E-17  0.1490E-16  0.2570E-16  0.2940E-16
  0.1000E+17  0.1000E-73  0.1000E-73  0.1000E-73  0.1000E-73  0.1000E-73  0.2550E-29  0.1990E-22  0.3610E-20  0.4700E-19  0.5770E-18  0.3960E-17  0.1490E-16  0.2570E-16  0.2940E-16
WAVELENGTH(A)= 
     3.216
 7 14 t 
excit   
    91.800    138.000    230.000    459.000    918.000   2300.000   4590.000   6890.000   9180.000  13800.000  23000.000  45900.000  91800.000 138000.000 
  0.1000E+11  0.1000E-73  0.1000E-73  0.1000E-73  0.1000E-73  0.1000E-73  0.1110E-28  0.8200E-22  0.1480E-19  0.1920E-18  0.2350E-17  0.1600E-16  0.5860E-16  0.9700E-16  0.1070E-15
  0.1000E+12  0.1000E-73  0.1000E-73  0.1000E-73  0.1000E-73  0.1000E-73  0.1110E-28  0.8200E-22  0.1480E-19  0.1920E-18  0.2350E-17  0.1600E-16  0.5860E-16  0.9700E-16  0.1070E-15
  0.1000E+13  0.1000E-73  0.1000E-73  0.1000E-73  0.1000E-73  0.1000E-73  0.1110E-28  0.8200E-22  0.1480E-19  0.1920E-18  0.2350E-17  0.1600E-16  0.5860E-16  0.9700E-16  0.1070E-15
  0.1000E+14  0.1000E-73  0.1000E-73  0.1000E-73  0.1000E-73  0.1000E-73  0.1110E-28  0.8200E-22  0.1480E-19  0.1920E-18  0.2350E-17  0.1600E-16  0.5860E-16  0.9700E-16  0.1070E-15
  0.1000E+15  0.1000E-73  0.1000E-73  0.1000E-73  0.1000E-73  0.1000E-73  0.1110E-28  0.8200E-22  0.1480E-19  0.1920E-18  0.2350E-17  0.1600E-16  0.5860E-16  0.9700E-16  0.1070E-15
  0.1000E+16  0.1000E-73  0.1000E-73  0.1000E-73  0.1000E-73  0.1000E-73  0.1110E-28  0.8200E-22  0.1480E-19  0.1920E-18  0.2350E-17  0.1600E-16  0.5860E-16  0.9700E-16  0.1070E-15
  0.1000E+17  0.1000E-73  0.1000E-73  0.1000E-73  0.1000E-73  0.1000E-73  0.1110E-28  0.8200E-22  0.1480E-19  0.1920E-18  0.2350E-17  0.1600E-16  0.5860E-16  0.9700E-16  0.1070E-15
WAVELENGTH(A)= 
     3.385
 7 14 t 
excit   
    91.800    138.000    230.000    459.000    918.000   2300.000   4590.000   6890.000   9180.000  13800.000  23000.000  45900.000  91800.000 138000.000 
  0.1000E+11  0.1000E-73  0.1000E-73  0.1000E-73  0.1000E-73  0.1000E-73  0.1400E-28  0.1030E-21  0.1840E-19  0.2360E-18  0.2850E-17  0.1920E-16  0.6950E-16  0.1140E-15  0.1250E-15
  0.1000E+12  0.1000E-73  0.1000E-73  0.1000E-73  0.1000E-73  0.1000E-73  0.1400E-28  0.1030E-21  0.1840E-19  0.2360E-18  0.2850E-17  0.1920E-16  0.6950E-16  0.1140E-15  0.1250E-15
  0.1000E+13  0.1000E-73  0.1000E-73  0.1000E-73  0.1000E-73  0.1000E-73  0.1400E-28  0.1030E-21  0.1840E-19  0.2360E-18  0.2850E-17  0.1920E-16  0.6950E-16  0.1140E-15  0.1250E-15
  0.1000E+14  0.1000E-73  0.1000E-73  0.1000E-73  0.1000E-73  0.1000E-73  0.1400E-28  0.1030E-21  0.1840E-19  0.2360E-18  0.2850E-17  0.1920E-16  0.6950E-16  0.1140E-15  0.1250E-15
  0.1000E+15  0.1000E-73  0.1000E-73  0.1000E-73  0.1000E-73  0.1000E-73  0.1400E-28  0.1030E-21  0.1840E-19  0.2360E-18  0.2850E-17  0.1920E-16  0.6950E-16  0.1140E-15  0.1250E-15
  0.1000E+16  0.1000E-73  0.1000E-73  0.1000E-73  0.1000E-73  0.1000E-73  0.1400E-28  0.1030E-21  0.1840E-19  0.2360E-18  0.2850E-17  0.1920E-16  0.6950E-16  0.1140E-15  0.1250E-15
  0.1000E+17  0.1000E-73  0.1000E-73  0.1000E-73  0.1000E-73  0.1000E-73  0.1400E-28  0.1030E-21  0.1840E-19  0.2360E-18  0.2850E-17  0.1920E-16  0.6950E-16  0.1140E-15  0.1250E-15
WAVELENGTH(A)= 
     3.419
 7 14 t 
excit   
    91.800    138.000    230.000    459.000    918.000   2300.000   4590.000   6890.000   9180.000  13800.000  23000.000  45900.000  91800.000 138000.000 
  0.1000E+11  0.1000E-73  0.1000E-73  0.1000E-73  0.1000E-73  0.1000E-73  0.2890E-28  0.2130E-21  0.3810E-19  0.4890E-18  0.5900E-17  0.3950E-16  0.1420E-15  0.2290E-15  0.2470E-15
  0.1000E+12  0.1000E-73  0.1000E-73  0.1000E-73  0.1000E-73  0.1000E-73  0.2890E-28  0.2130E-21  0.3810E-19  0.4890E-18  0.5900E-17  0.3950E-16  0.1420E-15  0.2290E-15  0.2470E-15
  0.1000E+13  0.1000E-73  0.1000E-73  0.1000E-73  0.1000E-73  0.1000E-73  0.2890E-28  0.2130E-21  0.3810E-19  0.4890E-18  0.5900E-17  0.3950E-16  0.1420E-15  0.2290E-15  0.2470E-15
  0.1000E+14  0.1000E-73  0.1000E-73  0.1000E-73  0.1000E-73  0.1000E-73  0.2890E-28  0.2130E-21  0.3810E-19  0.4890E-18  0.5900E-17  0.3950E-16  0.1420E-15  0.2290E-15  0.2470E-15
  0.1000E+15  0.1000E-73  0.1000E-73  0.1000E-73  0.1000E-73  0.1000E-73  0.2890E-28  0.2130E-21  0.3810E-19  0.4890E-18  0.5900E-17  0.3950E-16  0.1420E-15  0.2290E-15  0.2470E-15
  0.1000E+16  0.1000E-73  0.1000E-73  0.1000E-73  0.1000E-73  0.1000E-73  0.2890E-28  0.2130E-21  0.3810E-19  0.4890E-18  0.5900E-17  0.3950E-16  0.1420E-15  0.2290E-15  0.2470E-15
  0.1000E+17  0.1000E-73  0.1000E-73  0.1000E-73  0.1000E-73  0.1000E-73  0.2890E-28  0.2130E-21  0.3810E-19  0.4890E-18  0.5900E-17  0.3950E-16  0.1420E-15  0.2290E-15  0.2470E-15
WAVELENGTH(A)= 
     3.427
 7 14 t 
excit   
    91.800    138.000    230.000    459.000    918.000   2300.000   4590.000   6890.000   9180.000  13800.000  23000.000  45900.000  91800.000 138000.000 
  0.1000E+11  0.1000E-73  0.1000E-73  0.1000E-73  0.1000E-73  0.1000E-73  0.1400E-29  0.1690E-22  0.3640E-20  0.5160E-19  0.6970E-18  0.5170E-17  0.2050E-16  0.3620E-16  0.4170E-16
  0.1000E+12  0.1000E-73  0.1000E-73  0.1000E-73  0.1000E-73  0.1000E-73  0.1400E-29  0.1690E-22  0.3640E-20  0.5160E-19  0.6970E-18  0.5170E-17  0.2050E-16  0.3620E-16  0.4170E-16
  0.1000E+13  0.1000E-73  0.1000E-73  0.1000E-73  0.1000E-73  0.1000E-73  0.1400E-29  0.1690E-22  0.3640E-20  0.5160E-19  0.6970E-18  0.5170E-17  0.2050E-16  0.3620E-16  0.4170E-16
  0.1000E+14  0.1000E-73  0.1000E-73  0.1000E-73  0.1000E-73  0.1000E-73  0.1400E-29  0.1690E-22  0.3640E-20  0.5160E-19  0.6970E-18  0.5170E-17  0.2050E-16  0.3620E-16  0.4170E-16
  0.1000E+15  0.1000E-73  0.1000E-73  0.1000E-73  0.1000E-73  0.1000E-73  0.1400E-29  0.1690E-22  0.3640E-20  0.5160E-19  0.6970E-18  0.5170E-17  0.2050E-16  0.3620E-16  0.4170E-16
  0.1000E+16  0.1000E-73  0.1000E-73  0.1000E-73  0.1000E-73  0.1000E-73  0.1400E-29  0.1690E-22  0.3640E-20  0.5160E-19  0.6970E-18  0.5170E-17  0.2050E-16  0.3620E-16  0.4170E-16
  0.1000E+17  0.1000E-73  0.1000E-73  0.1000E-73  0.1000E-73  0.1000E-73  0.1400E-29  0.1690E-22  0.3640E-20  0.5160E-19  0.6970E-18  0.5170E-17  0.2050E-16  0.3620E-16  0.4170E-16
WAVELENGTH(A)= 
     3.552
 7 14 t 
excit   
    91.800    138.000    230.000    459.000    918.000   2300.000   4590.000   6890.000   9180.000  13800.000  23000.000  45900.000  91800.000 138000.000 
  0.1000E+11  0.1000E-73  0.1000E-73  0.1000E-73  0.1000E-73  0.1000E-73  0.2620E-29  0.2070E-22  0.3790E-20  0.4930E-19  0.6060E-18  0.4160E-17  0.1560E-16  0.2680E-16  0.3070E-16
  0.1000E+12  0.1000E-73  0.1000E-73  0.1000E-73  0.1000E-73  0.1000E-73  0.2620E-29  0.2070E-22  0.3790E-20  0.4930E-19  0.6060E-18  0.4160E-17  0.1560E-16  0.2680E-16  0.3070E-16
  0.1000E+13  0.1000E-73  0.1000E-73  0.1000E-73  0.1000E-73  0.1000E-73  0.2620E-29  0.2070E-22  0.3790E-20  0.4930E-19  0.6060E-18  0.4160E-17  0.1560E-16  0.2680E-16  0.3070E-16
  0.1000E+14  0.1000E-73  0.1000E-73  0.1000E-73  0.1000E-73  0.1000E-73  0.2620E-29  0.2070E-22  0.3790E-20  0.4930E-19  0.6060E-18  0.4160E-17  0.1560E-16  0.2680E-16  0.3070E-16
  0.1000E+15  0.1000E-73  0.1000E-73  0.1000E-73  0.1000E-73  0.1000E-73  0.2620E-29  0.2070E-22  0.3790E-20  0.4930E-19  0.6060E-18  0.4160E-17  0.1560E-16  0.2680E-16  0.3070E-16
  0.1000E+16  0.1000E-73  0.1000E-73  0.1000E-73  0.1000E-73  0.1000E-73  0.2620E-29  0.2070E-22  0.3790E-20  0.4930E-19  0.6060E-18  0.4160E-17  0.1560E-16  0.2680E-16  0.3070E-16
  0.1000E+17  0.1000E-73  0.1000E-73  0.1000E-73  0.1000E-73  0.1000E-73  0.2620E-29  0.2070E-22  0.3790E-20  0.4930E-19  0.6060E-18  0.4160E-17  0.1560E-16  0.2680E-16  0.3070E-16
WAVELENGTH(A)= 
     3.577
 7 14 t 
excit   
    91.800    138.000    230.000    459.000    918.000   2300.000   4590.000   6890.000   9180.000  13800.000  23000.000  45900.000  91800.000 138000.000 
  0.1000E+11  0.1000E-73  0.1000E-73  0.1000E-73  0.1000E-73  0.1000E-73  0.5140E-29  0.4010E-22  0.7290E-20  0.9490E-19  0.1160E-17  0.8000E-17  0.3000E-16  0.5190E-16  0.5930E-16
  0.1000E+12  0.1000E-73  0.1000E-73  0.1000E-73  0.1000E-73  0.1000E-73  0.5140E-29  0.4010E-22  0.7290E-20  0.9490E-19  0.1160E-17  0.8000E-17  0.3000E-16  0.5190E-16  0.5930E-16
  0.1000E+13  0.1000E-73  0.1000E-73  0.1000E-73  0.1000E-73  0.1000E-73  0.5140E-29  0.4010E-22  0.7290E-20  0.9490E-19  0.1160E-17  0.8000E-17  0.3000E-16  0.5190E-16  0.5930E-16
  0.1000E+14  0.1000E-73  0.1000E-73  0.1000E-73  0.1000E-73  0.1000E-73  0.5140E-29  0.4010E-22  0.7290E-20  0.9490E-19  0.1160E-17  0.8000E-17  0.3000E-16  0.5190E-16  0.5930E-16
  0.1000E+15  0.1000E-73  0.1000E-73  0.1000E-73  0.1000E-73  0.1000E-73  0.5140E-29  0.4010E-22  0.7290E-20  0.9490E-19  0.1160E-17  0.8000E-17  0.3000E-16  0.5190E-16  0.5930E-16
  0.1000E+16  0.1000E-73  0.1000E-73  0.1000E-73  0.1000E-73  0.1000E-73  0.5140E-29  0.4010E-22  0.7290E-20  0.9490E-19  0.1160E-17  0.8000E-17  0.3000E-16  0.5190E-16  0.5930E-16
  0.1000E+17  0.1000E-73  0.1000E-73  0.1000E-73  0.1000E-73  0.1000E-73  0.5140E-29  0.4010E-22  0.7290E-20  0.9490E-19  0.1160E-17  0.8000E-17  0.3000E-16  0.5190E-16  0.5930E-16
WAVELENGTH(A)= 
     3.642
 7 14 t 
excit   
    91.800    138.000    230.000    459.000    918.000   2300.000   4590.000   6890.000   9180.000  13800.000  23000.000  45900.000  91800.000 138000.000 
  0.1000E+11  0.1000E-73  0.1000E-73  0.1000E-73  0.1000E-73  0.1000E-73  0.4150E-28  0.3060E-21  0.5470E-19  0.7010E-18  0.8470E-17  0.5660E-16  0.2030E-15  0.3280E-15  0.3550E-15
  0.1000E+12  0.1000E-73  0.1000E-73  0.1000E-73  0.1000E-73  0.1000E-73  0.4150E-28  0.3060E-21  0.5470E-19  0.7010E-18  0.8470E-17  0.5660E-16  0.2030E-15  0.3280E-15  0.3550E-15
  0.1000E+13  0.1000E-73  0.1000E-73  0.1000E-73  0.1000E-73  0.1000E-73  0.4150E-28  0.3060E-21  0.5470E-19  0.7010E-18  0.8470E-17  0.5660E-16  0.2030E-15  0.3280E-15  0.3550E-15
  0.1000E+14  0.1000E-73  0.1000E-73  0.1000E-73  0.1000E-73  0.1000E-73  0.4150E-28  0.3060E-21  0.5470E-19  0.7010E-18  0.8470E-17  0.5660E-16  0.2030E-15  0.3280E-15  0.3550E-15
  0.1000E+15  0.1000E-73  0.1000E-73  0.1000E-73  0.1000E-73  0.1000E-73  0.4150E-28  0.3060E-21  0.5470E-19  0.7010E-18  0.8470E-17  0.5660E-16  0.2030E-15  0.3280E-15  0.3550E-15
  0.1000E+16  0.1000E-73  0.1000E-73  0.1000E-73  0.1000E-73  0.1000E-73  0.4150E-28  0.3060E-21  0.5470E-19  0.7010E-18  0.8470E-17  0.5660E-16  0.2030E-15  0.3280E-15  0.3550E-15
  0.1000E+17  0.1000E-73  0.1000E-73  0.1000E-73  0.1000E-73  0.1000E-73  0.4150E-28  0.3060E-21  0.5470E-19  0.7010E-18  0.8470E-17  0.5660E-16  0.2030E-15  0.3280E-15  0.3550E-15
WAVELENGTH(A)= 
     4.476
 7 14 t 
excit   
    91.800    138.000    230.000    459.000    918.000   2300.000   4590.000   6890.000   9180.000  13800.000  23000.000  45900.000  91800.000 138000.000 
  0.1000E+11  0.1000E-73  0.1000E-73  0.1000E-73  0.1000E-73  0.1000E-73  0.8530E-30  0.1170E-22  0.2580E-20  0.3680E-19  0.4960E-18  0.3660E-17  0.1450E-16  0.2560E-16  0.2950E-16
  0.1000E+12  0.1000E-73  0.1000E-73  0.1000E-73  0.1000E-73  0.1000E-73  0.8530E-30  0.1170E-22  0.2580E-20  0.3680E-19  0.4960E-18  0.3660E-17  0.1450E-16  0.2560E-16  0.2950E-16
  0.1000E+13  0.1000E-73  0.1000E-73  0.1000E-73  0.1000E-73  0.1000E-73  0.8530E-30  0.1170E-22  0.2580E-20  0.3680E-19  0.4960E-18  0.3660E-17  0.1450E-16  0.2560E-16  0.2950E-16
  0.1000E+14  0.1000E-73  0.1000E-73  0.1000E-73  0.1000E-73  0.1000E-73  0.8530E-30  0.1170E-22  0.2580E-20  0.3680E-19  0.4960E-18  0.3660E-17  0.1450E-16  0.2560E-16  0.2950E-16
  0.1000E+15  0.1000E-73  0.1000E-73  0.1000E-73  0.1000E-73  0.1000E-73  0.8530E-30  0.1170E-22  0.2580E-20  0.3680E-19  0.4960E-18  0.3660E-17  0.1450E-16  0.2560E-16  0.2950E-16
  0.1000E+16  0.1000E-73  0.1000E-73  0.1000E-73  0.1000E-73  0.1000E-73  0.8530E-30  0.1170E-22  0.2580E-20  0.3680E-19  0.4960E-18  0.3660E-17  0.1450E-16  0.2560E-16  0.2950E-16
  0.1000E+17  0.1000E-73  0.1000E-73  0.1000E-73  0.1000E-73  0.1000E-73  0.8530E-30  0.1170E-22  0.2580E-20  0.3680E-19  0.4960E-18  0.3660E-17  0.1450E-16  0.2560E-16  0.2950E-16
WAVELENGTH(A)= 
     4.742
 7 14 t 
excit   
    91.800    138.000    230.000    459.000    918.000   2300.000   4590.000   6890.000   9180.000  13800.000  23000.000  45900.000  91800.000 138000.000 
  0.1000E+11  0.1000E-73  0.1000E-73  0.1000E-73  0.1000E-73  0.1000E-73  0.8880E-30  0.1190E-22  0.2580E-20  0.3670E-19  0.4890E-18  0.3540E-17  0.1350E-16  0.2230E-16  0.2430E-16
  0.1000E+12  0.1000E-73  0.1000E-73  0.1000E-73  0.1000E-73  0.1000E-73  0.8880E-30  0.1190E-22  0.2580E-20  0.3670E-19  0.4890E-18  0.3540E-17  0.1350E-16  0.2230E-16  0.2430E-16
  0.1000E+13  0.1000E-73  0.1000E-73  0.1000E-73  0.1000E-73  0.1000E-73  0.8880E-30  0.1190E-22  0.2580E-20  0.3670E-19  0.4890E-18  0.3540E-17  0.1350E-16  0.2230E-16  0.2430E-16
  0.1000E+14  0.1000E-73  0.1000E-73  0.1000E-73  0.1000E-73  0.1000E-73  0.8880E-30  0.1190E-22  0.2580E-20  0.3670E-19  0.4890E-18  0.3540E-17  0.1350E-16  0.2230E-16  0.2430E-16
  0.1000E+15  0.1000E-73  0.1000E-73  0.1000E-73  0.1000E-73  0.1000E-73  0.8880E-30  0.1190E-22  0.2580E-20  0.3670E-19  0.4890E-18  0.3540E-17  0.1350E-16  0.2230E-16  0.2430E-16
  0.1000E+16  0.1000E-73  0.1000E-73  0.1000E-73  0.1000E-73  0.1000E-73  0.8880E-30  0.1190E-22  0.2580E-20  0.3670E-19  0.4890E-18  0.3540E-17  0.1350E-16  0.2230E-16  0.2430E-16
  0.1000E+17  0.1000E-73  0.1000E-73  0.1000E-73  0.1000E-73  0.1000E-73  0.8880E-30  0.1190E-22  0.2580E-20  0.3670E-19  0.4890E-18  0.3540E-17  0.1350E-16  0.2230E-16  0.2430E-16
WAVELENGTH(A)= 
     4.916
 7 14 t 
excit   
    91.800    138.000    230.000    459.000    918.000   2300.000   4590.000   6890.000   9180.000  13800.000  23000.000  45900.000  91800.000 138000.000 
  0.1000E+11  0.1000E-73  0.1000E-73  0.1000E-73  0.1000E-73  0.1000E-73  0.1490E-29  0.2000E-22  0.4350E-20  0.6170E-19  0.8220E-18  0.5960E-17  0.2270E-16  0.3750E-16  0.4080E-16
  0.1000E+12  0.1000E-73  0.1000E-73  0.1000E-73  0.1000E-73  0.1000E-73  0.1490E-29  0.2000E-22  0.4350E-20  0.6170E-19  0.8220E-18  0.5960E-17  0.2270E-16  0.3750E-16  0.4080E-16
  0.1000E+13  0.1000E-73  0.1000E-73  0.1000E-73  0.1000E-73  0.1000E-73  0.1490E-29  0.2000E-22  0.4350E-20  0.6170E-19  0.8220E-18  0.5960E-17  0.2270E-16  0.3750E-16  0.4080E-16
  0.1000E+14  0.1000E-73  0.1000E-73  0.1000E-73  0.1000E-73  0.1000E-73  0.1490E-29  0.2000E-22  0.4350E-20  0.6170E-19  0.8220E-18  0.5960E-17  0.2270E-16  0.3750E-16  0.4080E-16
  0.1000E+15  0.1000E-73  0.1000E-73  0.1000E-73  0.1000E-73  0.1000E-73  0.1490E-29  0.2000E-22  0.4350E-20  0.6170E-19  0.8220E-18  0.5960E-17  0.2270E-16  0.3750E-16  0.4080E-16
  0.1000E+16  0.1000E-73  0.1000E-73  0.1000E-73  0.1000E-73  0.1000E-73  0.1490E-29  0.2000E-22  0.4350E-20  0.6170E-19  0.8220E-18  0.5960E-17  0.2270E-16  0.3750E-16  0.4080E-16
  0.1000E+17  0.1000E-73  0.1000E-73  0.1000E-73  0.1000E-73  0.1000E-73  0.1490E-29  0.2000E-22  0.4350E-20  0.6170E-19  0.8220E-18  0.5960E-17  0.2270E-16  0.3750E-16  0.4080E-16
WAVELENGTH(A)= 
     6.596
 7 14 t 
excit   
    91.800    138.000    230.000    459.000    918.000   2300.000   4590.000   6890.000   9180.000  13800.000  23000.000  45900.000  91800.000 138000.000 
  0.1000E+11  0.1000E-73  0.1000E-73  0.1000E-73  0.1000E-73  0.1000E-73  0.1040E-29  0.1170E-22  0.2420E-20  0.3330E-19  0.4370E-18  0.3130E-17  0.1210E-16  0.2120E-16  0.2440E-16
  0.1000E+12  0.1000E-73  0.1000E-73  0.1000E-73  0.1000E-73  0.1000E-73  0.1040E-29  0.1170E-22  0.2420E-20  0.3330E-19  0.4370E-18  0.3130E-17  0.1210E-16  0.2120E-16  0.2440E-16
  0.1000E+13  0.1000E-73  0.1000E-73  0.1000E-73  0.1000E-73  0.1000E-73  0.1040E-29  0.1170E-22  0.2420E-20  0.3330E-19  0.4370E-18  0.3130E-17  0.1210E-16  0.2120E-16  0.2440E-16
  0.1000E+14  0.1000E-73  0.1000E-73  0.1000E-73  0.1000E-73  0.1000E-73  0.1040E-29  0.1170E-22  0.2420E-20  0.3330E-19  0.4370E-18  0.3130E-17  0.1210E-16  0.2120E-16  0.2440E-16
  0.1000E+15  0.1000E-73  0.1000E-73  0.1000E-73  0.1000E-73  0.1000E-73  0.1040E-29  0.1170E-22  0.2420E-20  0.3330E-19  0.4370E-18  0.3130E-17  0.1210E-16  0.2120E-16  0.2440E-16
  0.1000E+16  0.1000E-73  0.1000E-73  0.1000E-73  0.1000E-73  0.1000E-73  0.1040E-29  0.1170E-22  0.2420E-20  0.3330E-19  0.4370E-18  0.3130E-17  0.1210E-16  0.2120E-16  0.2440E-16
  0.1000E+17  0.1000E-73  0.1000E-73  0.1000E-73  0.1000E-73  0.1000E-73  0.1040E-29  0.1170E-22  0.2420E-20  0.3330E-19  0.4370E-18  0.3130E-17  0.1210E-16  0.2120E-16  0.2440E-16
WAVELENGTH(A)= 
     6.734
 7 14 t 
excit   
    91.800    138.000    230.000    459.000    918.000   2300.000   4590.000   6890.000   9180.000  13800.000  23000.000  45900.000  91800.000 138000.000 
  0.1000E+11  0.1000E-73  0.1000E-73  0.1000E-73  0.1000E-73  0.1000E-73  0.2180E-29  0.2450E-22  0.5050E-20  0.6970E-19  0.9090E-18  0.6540E-17  0.2530E-16  0.4440E-16  0.5120E-16
  0.1000E+12  0.1000E-73  0.1000E-73  0.1000E-73  0.1000E-73  0.1000E-73  0.2180E-29  0.2450E-22  0.5050E-20  0.6970E-19  0.9090E-18  0.6540E-17  0.2530E-16  0.4440E-16  0.5120E-16
  0.1000E+13  0.1000E-73  0.1000E-73  0.1000E-73  0.1000E-73  0.1000E-73  0.2180E-29  0.2450E-22  0.5050E-20  0.6970E-19  0.9090E-18  0.6540E-17  0.2530E-16  0.4440E-16  0.5120E-16
  0.1000E+14  0.1000E-73  0.1000E-73  0.1000E-73  0.1000E-73  0.1000E-73  0.2180E-29  0.2450E-22  0.5050E-20  0.6970E-19  0.9090E-18  0.6540E-17  0.2530E-16  0.4440E-16  0.5120E-16
  0.1000E+15  0.1000E-73  0.1000E-73  0.1000E-73  0.1000E-73  0.1000E-73  0.2180E-29  0.2450E-22  0.5050E-20  0.6970E-19  0.9090E-18  0.6540E-17  0.2530E-16  0.4440E-16  0.5120E-16
  0.1000E+16  0.1000E-73  0.1000E-73  0.1000E-73  0.1000E-73  0.1000E-73  0.2180E-29  0.2450E-22  0.5050E-20  0.6970E-19  0.9090E-18  0.6540E-17  0.2530E-16  0.4440E-16  0.5120E-16
  0.1000E+17  0.1000E-73  0.1000E-73  0.1000E-73  0.1000E-73  0.1000E-73  0.2180E-29  0.2450E-22  0.5050E-20  0.6970E-19  0.9090E-18  0.6540E-17  0.2530E-16  0.4440E-16  0.5120E-16
WAVELENGTH(A)= 
     6.973
 7 14 t 
excit   
    91.800    138.000    230.000    459.000    918.000   2300.000   4590.000   6890.000   9180.000  13800.000  23000.000  45900.000  91800.000 138000.000 
  0.1000E+11  0.1000E-73  0.1000E-73  0.1000E-73  0.1000E-73  0.1000E-73  0.1000E-29  0.1080E-22  0.2210E-20  0.3040E-19  0.3950E-18  0.2810E-17  0.1060E-16  0.1790E-16  0.1980E-16
  0.1000E+12  0.1000E-73  0.1000E-73  0.1000E-73  0.1000E-73  0.1000E-73  0.1000E-29  0.1080E-22  0.2210E-20  0.3040E-19  0.3950E-18  0.2810E-17  0.1060E-16  0.1790E-16  0.1980E-16
  0.1000E+13  0.1000E-73  0.1000E-73  0.1000E-73  0.1000E-73  0.1000E-73  0.1000E-29  0.1080E-22  0.2210E-20  0.3040E-19  0.3950E-18  0.2810E-17  0.1060E-16  0.1790E-16  0.1980E-16
  0.1000E+14  0.1000E-73  0.1000E-73  0.1000E-73  0.1000E-73  0.1000E-73  0.1000E-29  0.1080E-22  0.2210E-20  0.3040E-19  0.3950E-18  0.2810E-17  0.1060E-16  0.1790E-16  0.1980E-16
  0.1000E+15  0.1000E-73  0.1000E-73  0.1000E-73  0.1000E-73  0.1000E-73  0.1000E-29  0.1080E-22  0.2210E-20  0.3040E-19  0.3950E-18  0.2810E-17  0.1060E-16  0.1790E-16  0.1980E-16
  0.1000E+16  0.1000E-73  0.1000E-73  0.1000E-73  0.1000E-73  0.1000E-73  0.1000E-29  0.1080E-22  0.2210E-20  0.3040E-19  0.3950E-18  0.2810E-17  0.1060E-16  0.1790E-16  0.1980E-16
  0.1000E+17  0.1000E-73  0.1000E-73  0.1000E-73  0.1000E-73  0.1000E-73  0.1000E-29  0.1080E-22  0.2210E-20  0.3040E-19  0.3950E-18  0.2810E-17  0.1060E-16  0.1790E-16  0.1980E-16
WAVELENGTH(A)= 
     7.289
 7 14 t 
excit   
    91.800    138.000    230.000    459.000    918.000   2300.000   4590.000   6890.000   9180.000  13800.000  23000.000  45900.000  91800.000 138000.000 
  0.1000E+11  0.1000E-73  0.1000E-73  0.1000E-73  0.1000E-73  0.1000E-73  0.1280E-29  0.1380E-22  0.2780E-20  0.3810E-19  0.4910E-18  0.3470E-17  0.1300E-16  0.2180E-16  0.2420E-16
  0.1000E+12  0.1000E-73  0.1000E-73  0.1000E-73  0.1000E-73  0.1000E-73  0.1280E-29  0.1380E-22  0.2780E-20  0.3810E-19  0.4910E-18  0.3470E-17  0.1300E-16  0.2180E-16  0.2420E-16
  0.1000E+13  0.1000E-73  0.1000E-73  0.1000E-73  0.1000E-73  0.1000E-73  0.1280E-29  0.1380E-22  0.2780E-20  0.3810E-19  0.4910E-18  0.3470E-17  0.1300E-16  0.2180E-16  0.2420E-16
  0.1000E+14  0.1000E-73  0.1000E-73  0.1000E-73  0.1000E-73  0.1000E-73  0.1280E-29  0.1380E-22  0.2780E-20  0.3810E-19  0.4910E-18  0.3470E-17  0.1300E-16  0.2180E-16  0.2420E-16
  0.1000E+15  0.1000E-73  0.1000E-73  0.1000E-73  0.1000E-73  0.1000E-73  0.1280E-29  0.1380E-22  0.2780E-20  0.3810E-19  0.4910E-18  0.3470E-17  0.1300E-16  0.2180E-16  0.2420E-16
  0.1000E+16  0.1000E-73  0.1000E-73  0.1000E-73  0.1000E-73  0.1000E-73  0.1280E-29  0.1380E-22  0.2780E-20  0.3810E-19  0.4910E-18  0.3470E-17  0.1300E-16  0.2180E-16  0.2420E-16
  0.1000E+17  0.1000E-73  0.1000E-73  0.1000E-73  0.1000E-73  0.1000E-73  0.1280E-29  0.1380E-22  0.2780E-20  0.3810E-19  0.4910E-18  0.3470E-17  0.1300E-16  0.2180E-16  0.2420E-16
WAVELENGTH(A)= 
     7.457
 7 14 t 
excit   
    91.800    138.000    230.000    459.000    918.000   2300.000   4590.000   6890.000   9180.000  13800.000  23000.000  45900.000  91800.000 138000.000 
  0.1000E+11  0.1000E-73  0.1000E-73  0.1000E-73  0.1000E-73  0.1000E-73  0.3250E-29  0.3530E-22  0.7170E-20  0.9810E-19  0.1270E-17  0.8920E-17  0.3330E-16  0.5450E-16  0.5910E-16
  0.1000E+12  0.1000E-73  0.1000E-73  0.1000E-73  0.1000E-73  0.1000E-73  0.3250E-29  0.3530E-22  0.7170E-20  0.9810E-19  0.1270E-17  0.8920E-17  0.3330E-16  0.5450E-16  0.5910E-16
  0.1000E+13  0.1000E-73  0.1000E-73  0.1000E-73  0.1000E-73  0.1000E-73  0.3250E-29  0.3530E-22  0.7170E-20  0.9810E-19  0.1270E-17  0.8920E-17  0.3330E-16  0.5450E-16  0.5910E-16
  0.1000E+14  0.1000E-73  0.1000E-73  0.1000E-73  0.1000E-73  0.1000E-73  0.3250E-29  0.3530E-22  0.7170E-20  0.9810E-19  0.1270E-17  0.8920E-17  0.3330E-16  0.5450E-16  0.5910E-16
  0.1000E+15  0.1000E-73  0.1000E-73  0.1000E-73  0.1000E-73  0.1000E-73  0.3250E-29  0.3530E-22  0.7170E-20  0.9810E-19  0.1270E-17  0.8920E-17  0.3330E-16  0.5450E-16  0.5910E-16
  0.1000E+16  0.1000E-73  0.1000E-73  0.1000E-73  0.1000E-73  0.1000E-73  0.3250E-29  0.3530E-22  0.7170E-20  0.9810E-19  0.1270E-17  0.8920E-17  0.3330E-16  0.5450E-16  0.5910E-16
  0.1000E+17  0.1000E-73  0.1000E-73  0.1000E-73  0.1000E-73  0.1000E-73  0.3250E-29  0.3530E-22  0.7170E-20  0.9810E-19  0.1270E-17  0.8920E-17  0.3330E-16  0.5450E-16  0.5910E-16
WAVELENGTH(A)= 
     7.502
 7 14 t 
excit   
    91.800    138.000    230.000    459.000    918.000   2300.000   4590.000   6890.000   9180.000  13800.000  23000.000  45900.000  91800.000 138000.000 
  0.1000E+11  0.1000E-73  0.1000E-73  0.1000E-73  0.1000E-73  0.1000E-73  0.6140E-27  0.2330E-21  0.1560E-19  0.1240E-18  0.9300E-18  0.4330E-17  0.1230E-16  0.1860E-16  0.2060E-16
  0.1000E+12  0.1000E-73  0.1000E-73  0.1000E-73  0.1000E-73  0.1000E-73  0.6140E-27  0.2330E-21  0.1560E-19  0.1240E-18  0.9300E-18  0.4330E-17  0.1230E-16  0.1860E-16  0.2060E-16
  0.1000E+13  0.1000E-73  0.1000E-73  0.1000E-73  0.1000E-73  0.6850E-44  0.6140E-27  0.2330E-21  0.1560E-19  0.1240E-18  0.9300E-18  0.4330E-17  0.1230E-16  0.1860E-16  0.2060E-16
  0.1000E+14  0.1000E-73  0.1000E-73  0.1000E-73  0.1000E-73  0.6850E-44  0.6140E-27  0.2330E-21  0.1560E-19  0.1240E-18  0.9300E-18  0.4330E-17  0.1230E-16  0.1860E-16  0.2060E-16
  0.1000E+15  0.1000E-73  0.1000E-73  0.1000E-73  0.1000E-73  0.6920E-44  0.6140E-27  0.2330E-21  0.1560E-19  0.1240E-18  0.9300E-18  0.4330E-17  0.1230E-16  0.1860E-16  0.2060E-16
  0.1000E+16  0.1000E-73  0.1000E-73  0.1000E-73  0.1000E-73  0.6930E-44  0.6140E-27  0.2330E-21  0.1560E-19  0.1240E-18  0.9300E-18  0.4330E-17  0.1230E-16  0.1860E-16  0.2060E-16
  0.1000E+17  0.1000E-73  0.1000E-73  0.1000E-73  0.1000E-73  0.6930E-44  0.6140E-27  0.2330E-21  0.1560E-19  0.1240E-18  0.9300E-18  0.4330E-17  0.1230E-16  0.1860E-16  0.2060E-16
WAVELENGTH(A)= 
     7.728
 7 14 t 
excit   
    91.800    138.000    230.000    459.000    918.000   2300.000   4590.000   6890.000   9180.000  13800.000  23000.000  45900.000  91800.000 138000.000 
  0.1000E+11  0.1000E-73  0.1000E-73  0.1000E-73  0.1000E-73  0.1000E-73  0.1070E-29  0.1200E-22  0.2470E-20  0.3410E-19  0.4450E-18  0.3200E-17  0.1240E-16  0.2170E-16  0.2500E-16
  0.1000E+12  0.1000E-73  0.1000E-73  0.1000E-73  0.1000E-73  0.1000E-73  0.1070E-29  0.1200E-22  0.2470E-20  0.3410E-19  0.4450E-18  0.3200E-17  0.1240E-16  0.2170E-16  0.2500E-16
  0.1000E+13  0.1000E-73  0.1000E-73  0.1000E-73  0.1000E-73  0.1000E-73  0.1070E-29  0.1200E-22  0.2470E-20  0.3410E-19  0.4450E-18  0.3200E-17  0.1240E-16  0.2170E-16  0.2500E-16
  0.1000E+14  0.1000E-73  0.1000E-73  0.1000E-73  0.1000E-73  0.1000E-73  0.1070E-29  0.1200E-22  0.2470E-20  0.3410E-19  0.4450E-18  0.3200E-17  0.1240E-16  0.2170E-16  0.2500E-16
  0.1000E+15  0.1000E-73  0.1000E-73  0.1000E-73  0.1000E-73  0.1000E-73  0.1070E-29  0.1200E-22  0.2470E-20  0.3410E-19  0.4450E-18  0.3200E-17  0.1240E-16  0.2170E-16  0.2500E-16
  0.1000E+16  0.1000E-73  0.1000E-73  0.1000E-73  0.1000E-73  0.1000E-73  0.1070E-29  0.1200E-22  0.2470E-20  0.3410E-19  0.4450E-18  0.3200E-17  0.1240E-16  0.2170E-16  0.2500E-16
  0.1000E+17  0.1000E-73  0.1000E-73  0.1000E-73  0.1000E-73  0.1000E-73  0.1070E-29  0.1200E-22  0.2470E-20  0.3410E-19  0.4450E-18  0.3200E-17  0.1240E-16  0.2170E-16  0.2500E-16
WAVELENGTH(A)= 
     7.899
 7 14 t 
excit   
    91.800    138.000    230.000    459.000    918.000   2300.000   4590.000   6890.000   9180.000  13800.000  23000.000  45900.000  91800.000 138000.000 
  0.1000E+11  0.1000E-73  0.1000E-73  0.1000E-73  0.1000E-73  0.1000E-73  0.4820E-29  0.5240E-22  0.1060E-19  0.1460E-18  0.1880E-17  0.1320E-16  0.4940E-16  0.8080E-16  0.8770E-16
  0.1000E+12  0.1000E-73  0.1000E-73  0.1000E-73  0.1000E-73  0.1000E-73  0.4820E-29  0.5240E-22  0.1060E-19  0.1460E-18  0.1880E-17  0.1320E-16  0.4940E-16  0.8080E-16  0.8770E-16
  0.1000E+13  0.1000E-73  0.1000E-73  0.1000E-73  0.1000E-73  0.1000E-73  0.4820E-29  0.5240E-22  0.1060E-19  0.1460E-18  0.1880E-17  0.1320E-16  0.4940E-16  0.8080E-16  0.8770E-16
  0.1000E+14  0.1000E-73  0.1000E-73  0.1000E-73  0.1000E-73  0.1000E-73  0.4820E-29  0.5240E-22  0.1060E-19  0.1460E-18  0.1880E-17  0.1320E-16  0.4940E-16  0.8080E-16  0.8770E-16
  0.1000E+15  0.1000E-73  0.1000E-73  0.1000E-73  0.1000E-73  0.1000E-73  0.4820E-29  0.5240E-22  0.1060E-19  0.1460E-18  0.1880E-17  0.1320E-16  0.4940E-16  0.8080E-16  0.8770E-16
  0.1000E+16  0.1000E-73  0.1000E-73  0.1000E-73  0.1000E-73  0.1000E-73  0.4820E-29  0.5240E-22  0.1060E-19  0.1460E-18  0.1880E-17  0.1320E-16  0.4940E-16  0.8080E-16  0.8770E-16
  0.1000E+17  0.1000E-73  0.1000E-73  0.1000E-73  0.1000E-73  0.1000E-73  0.4820E-29  0.5240E-22  0.1060E-19  0.1460E-18  0.1880E-17  0.1320E-16  0.4940E-16  0.8080E-16  0.8770E-16
WAVELENGTH(A)= 
    12.453
 7 14 t 
excit   
    91.800    138.000    230.000    459.000    918.000   2300.000   4590.000   6890.000   9180.000  13800.000  23000.000  45900.000  91800.000 138000.000 
  0.1000E+11  0.1000E-73  0.1000E-73  0.1000E-73  0.1000E-73  0.1000E-73  0.3240E-26  0.1010E-20  0.6360E-19  0.4910E-18  0.3610E-17  0.1650E-16  0.4620E-16  0.6900E-16  0.7550E-16
  0.1000E+12  0.1000E-73  0.1000E-73  0.1000E-73  0.1000E-73  0.6040E-43  0.3240E-26  0.1010E-20  0.6360E-19  0.4910E-18  0.3610E-17  0.1650E-16  0.4620E-16  0.6900E-16  0.7550E-16
  0.1000E+13  0.1000E-73  0.1000E-73  0.1000E-73  0.1000E-73  0.6640E-43  0.3240E-26  0.1010E-20  0.6360E-19  0.4910E-18  0.3610E-17  0.1650E-16  0.4620E-16  0.6900E-16  0.7550E-16
  0.1000E+14  0.1000E-73  0.1000E-73  0.1000E-73  0.1000E-73  0.6700E-43  0.3240E-26  0.1010E-20  0.6360E-19  0.4910E-18  0.3610E-17  0.1650E-16  0.4620E-16  0.6900E-16  0.7550E-16
  0.1000E+15  0.1000E-73  0.1000E-73  0.1000E-73  0.1000E-73  0.6710E-43  0.3240E-26  0.1010E-20  0.6360E-19  0.4910E-18  0.3610E-17  0.1650E-16  0.4620E-16  0.6900E-16  0.7550E-16
  0.1000E+16  0.1000E-73  0.1000E-73  0.1000E-73  0.1000E-73  0.6710E-43  0.3240E-26  0.1010E-20  0.6360E-19  0.4910E-18  0.3610E-17  0.1650E-16  0.4620E-16  0.6900E-16  0.7550E-16
  0.1000E+17  0.1000E-73  0.1000E-73  0.1000E-73  0.1000E-73  0.6710E-43  0.3240E-26  0.1010E-20  0.6360E-19  0.4910E-18  0.3610E-17  0.1650E-16  0.4620E-16  0.6900E-16  0.7550E-16
WAVELENGTH(A)= 
    14.620
 7 14 t 
excit   
    91.800    138.000    230.000    459.000    918.000   2300.000   4590.000   6890.000   9180.000  13800.000  23000.000  45900.000  91800.000 138000.000 
  0.1000E+11  0.1000E-73  0.1000E-73  0.1000E-73  0.1000E-73  0.1000E-73  0.1070E-29  0.1440E-22  0.3130E-20  0.4440E-19  0.5920E-18  0.4290E-17  0.1630E-16  0.2690E-16  0.2940E-16
  0.1000E+12  0.1000E-73  0.1000E-73  0.1000E-73  0.1000E-73  0.1000E-73  0.1070E-29  0.1440E-22  0.3130E-20  0.4440E-19  0.5920E-18  0.4290E-17  0.1630E-16  0.2690E-16  0.2940E-16
  0.1000E+13  0.1000E-73  0.1000E-73  0.1000E-73  0.1000E-73  0.1000E-73  0.1070E-29  0.1440E-22  0.3130E-20  0.4440E-19  0.5920E-18  0.4290E-17  0.1630E-16  0.2690E-16  0.2940E-16
  0.1000E+14  0.1000E-73  0.1000E-73  0.1000E-73  0.1000E-73  0.1000E-73  0.1070E-29  0.1440E-22  0.3130E-20  0.4440E-19  0.5920E-18  0.4290E-17  0.1630E-16  0.2690E-16  0.2940E-16
  0.1000E+15  0.1000E-73  0.1000E-73  0.1000E-73  0.1000E-73  0.1000E-73  0.1070E-29  0.1440E-22  0.3130E-20  0.4440E-19  0.5920E-18  0.4290E-17  0.1630E-16  0.2690E-16  0.2940E-16
  0.1000E+16  0.1000E-73  0.1000E-73  0.1000E-73  0.1000E-73  0.1000E-73  0.1070E-29  0.1440E-22  0.3130E-20  0.4440E-19  0.5920E-18  0.4290E-17  0.1630E-16  0.2690E-16  0.2940E-16
  0.1000E+17  0.1000E-73  0.1000E-73  0.1000E-73  0.1000E-73  0.1000E-73  0.1070E-29  0.1440E-22  0.3130E-20  0.4440E-19  0.5920E-18  0.4290E-17  0.1630E-16  0.2690E-16  0.2940E-16
