 50  7 14
WAVELENGTH(A)= 
     2.753
 7 14 t 
excit   
    52.100     78.200    130.000    261.000    521.000   1300.000   2610.000   3910.000   5210.000   7820.000  13000.000  26100.000  52100.000  78200.000 
  0.1000E+11  0.1000E-73  0.3510E-36  0.2750E-26  0.6230E-19  0.2500E-15  0.2880E-13  0.1200E-12  0.1810E-12  0.2160E-12  0.2510E-12  0.2700E-12  0.2650E-12  0.2400E-12  0.2220E-12
  0.1000E+12  0.1000E-73  0.3510E-36  0.2750E-26  0.6230E-19  0.2500E-15  0.2880E-13  0.1200E-12  0.1810E-12  0.2160E-12  0.2510E-12  0.2700E-12  0.2650E-12  0.2400E-12  0.2220E-12
  0.1000E+13  0.1000E-73  0.3510E-36  0.2750E-26  0.6230E-19  0.2500E-15  0.2880E-13  0.1200E-12  0.1810E-12  0.2160E-12  0.2510E-12  0.2700E-12  0.2650E-12  0.2400E-12  0.2220E-12
  0.1000E+14  0.1000E-73  0.3510E-36  0.2750E-26  0.6230E-19  0.2500E-15  0.2880E-13  0.1200E-12  0.1810E-12  0.2160E-12  0.2510E-12  0.2700E-12  0.2650E-12  0.2400E-12  0.2220E-12
  0.1000E+15  0.1000E-73  0.3510E-36  0.2750E-26  0.6230E-19  0.2500E-15  0.2880E-13  0.1200E-12  0.1810E-12  0.2160E-12  0.2510E-12  0.2700E-12  0.2650E-12  0.2400E-12  0.2220E-12
  0.1000E+16  0.1000E-73  0.3510E-36  0.2750E-26  0.6230E-19  0.2500E-15  0.2880E-13  0.1200E-12  0.1810E-12  0.2160E-12  0.2510E-12  0.2700E-12  0.2650E-12  0.2400E-12  0.2220E-12
  0.1000E+17  0.1000E-73  0.3510E-36  0.2750E-26  0.6230E-19  0.2500E-15  0.2880E-13  0.1200E-12  0.1810E-12  0.2160E-12  0.2510E-12  0.2700E-12  0.2650E-12  0.2400E-12  0.2220E-12
WAVELENGTH(A)= 
     2.882
 7 14 t 
excit   
    52.100     78.200    130.000    261.000    521.000   1300.000   2610.000   3910.000   5210.000   7820.000  13000.000  26100.000  52100.000  78200.000 
  0.1000E+11  0.1000E-73  0.8550E-35  0.2400E-25  0.2520E-18  0.6930E-15  0.6380E-13  0.2460E-12  0.3640E-12  0.4310E-12  0.4950E-12  0.5290E-12  0.5170E-12  0.4700E-12  0.4320E-12
  0.1000E+12  0.1000E-73  0.8550E-35  0.2400E-25  0.2520E-18  0.6930E-15  0.6380E-13  0.2460E-12  0.3640E-12  0.4310E-12  0.4950E-12  0.5290E-12  0.5170E-12  0.4700E-12  0.4320E-12
  0.1000E+13  0.1000E-73  0.8550E-35  0.2400E-25  0.2520E-18  0.6930E-15  0.6380E-13  0.2460E-12  0.3640E-12  0.4310E-12  0.4950E-12  0.5290E-12  0.5170E-12  0.4700E-12  0.4320E-12
  0.1000E+14  0.1000E-73  0.8550E-35  0.2400E-25  0.2520E-18  0.6930E-15  0.6380E-13  0.2460E-12  0.3640E-12  0.4310E-12  0.4950E-12  0.5290E-12  0.5170E-12  0.4700E-12  0.4320E-12
  0.1000E+15  0.1000E-73  0.8550E-35  0.2400E-25  0.2520E-18  0.6930E-15  0.6380E-13  0.2460E-12  0.3640E-12  0.4310E-12  0.4950E-12  0.5290E-12  0.5170E-12  0.4700E-12  0.4320E-12
  0.1000E+16  0.2310E-46  0.8550E-35  0.2400E-25  0.2520E-18  0.6930E-15  0.6380E-13  0.2460E-12  0.3640E-12  0.4310E-12  0.4950E-12  0.5290E-12  0.5170E-12  0.4700E-12  0.4320E-12
  0.1000E+17  0.1160E-46  0.8550E-35  0.2400E-25  0.2520E-18  0.6930E-15  0.6380E-13  0.2460E-12  0.3640E-12  0.4310E-12  0.4950E-12  0.5290E-12  0.5170E-12  0.4700E-12  0.4320E-12
WAVELENGTH(A)= 
     3.108
 7 14 t 
excit   
    52.100     78.200    130.000    261.000    521.000   1300.000   2610.000   3910.000   5210.000   7820.000  13000.000  26100.000  52100.000  78200.000 
  0.1000E+11  0.1000E-73  0.1010E-32  0.5740E-24  0.1840E-17  0.2810E-14  0.1830E-12  0.6360E-12  0.9050E-12  0.1060E-11  0.1200E-11  0.1270E-11  0.1240E-11  0.1120E-11  0.1040E-11
  0.1000E+12  0.1000E-73  0.1010E-32  0.5740E-24  0.1840E-17  0.2810E-14  0.1830E-12  0.6360E-12  0.9050E-12  0.1060E-11  0.1200E-11  0.1270E-11  0.1240E-11  0.1120E-11  0.1040E-11
  0.1000E+13  0.1000E-73  0.1010E-32  0.5740E-24  0.1840E-17  0.2810E-14  0.1830E-12  0.6360E-12  0.9050E-12  0.1060E-11  0.1200E-11  0.1270E-11  0.1240E-11  0.1120E-11  0.1040E-11
  0.1000E+14  0.1210E-43  0.1010E-32  0.5740E-24  0.1840E-17  0.2810E-14  0.1830E-12  0.6360E-12  0.9050E-12  0.1060E-11  0.1200E-11  0.1270E-11  0.1240E-11  0.1120E-11  0.1040E-11
  0.1000E+15  0.1050E-43  0.1010E-32  0.5740E-24  0.1840E-17  0.2810E-14  0.1830E-12  0.6360E-12  0.9050E-12  0.1060E-11  0.1200E-11  0.1270E-11  0.1240E-11  0.1120E-11  0.1040E-11
  0.1000E+16  0.1040E-43  0.1010E-32  0.5740E-24  0.1840E-17  0.2810E-14  0.1830E-12  0.6360E-12  0.9050E-12  0.1060E-11  0.1200E-11  0.1270E-11  0.1240E-11  0.1120E-11  0.1040E-11
  0.1000E+17  0.1040E-43  0.1010E-32  0.5740E-24  0.1840E-17  0.2810E-14  0.1830E-12  0.6360E-12  0.9050E-12  0.1060E-11  0.1200E-11  0.1270E-11  0.1240E-11  0.1120E-11  0.1040E-11
WAVELENGTH(A)= 
     3.574
 7 14 t 
excit   
    52.100     78.200    130.000    261.000    521.000   1300.000   2610.000   3910.000   5210.000   7820.000  13000.000  26100.000  52100.000  78200.000 
  0.1000E+11  0.6870E-39  0.2410E-29  0.9510E-22  0.4110E-16  0.2330E-13  0.8560E-12  0.2470E-11  0.3360E-11  0.3830E-11  0.4260E-11  0.4470E-11  0.4340E-11  0.3950E-11  0.3660E-11
  0.1000E+12  0.6830E-39  0.2410E-29  0.9510E-22  0.4110E-16  0.2330E-13  0.8560E-12  0.2470E-11  0.3360E-11  0.3830E-11  0.4260E-11  0.4470E-11  0.4340E-11  0.3950E-11  0.3660E-11
  0.1000E+13  0.6840E-39  0.2410E-29  0.9510E-22  0.4110E-16  0.2330E-13  0.8560E-12  0.2470E-11  0.3360E-11  0.3830E-11  0.4260E-11  0.4470E-11  0.4340E-11  0.3950E-11  0.3660E-11
  0.1000E+14  0.6840E-39  0.2410E-29  0.9510E-22  0.4110E-16  0.2330E-13  0.8560E-12  0.2470E-11  0.3360E-11  0.3830E-11  0.4260E-11  0.4470E-11  0.4340E-11  0.3950E-11  0.3660E-11
  0.1000E+15  0.6840E-39  0.2410E-29  0.9510E-22  0.4110E-16  0.2330E-13  0.8560E-12  0.2470E-11  0.3360E-11  0.3830E-11  0.4260E-11  0.4470E-11  0.4340E-11  0.3950E-11  0.3660E-11
  0.1000E+16  0.6840E-39  0.2410E-29  0.9510E-22  0.4110E-16  0.2330E-13  0.8560E-12  0.2470E-11  0.3360E-11  0.3830E-11  0.4260E-11  0.4470E-11  0.4340E-11  0.3950E-11  0.3660E-11
  0.1000E+17  0.6840E-39  0.2410E-29  0.9510E-22  0.4110E-16  0.2330E-13  0.8560E-12  0.2470E-11  0.3360E-11  0.3830E-11  0.4260E-11  0.4470E-11  0.4340E-11  0.3950E-11  0.3660E-11
WAVELENGTH(A)= 
     3.731
 7 14 t 
excit   
    52.100     78.200    130.000    261.000    521.000   1300.000   2610.000   3910.000   5210.000   7820.000  13000.000  26100.000  52100.000  78200.000 
  0.1000E+11  0.2100E-39  0.2910E-30  0.5540E-23  0.1480E-17  0.7740E-15  0.3180E-13  0.9710E-13  0.1320E-12  0.1500E-12  0.1640E-12  0.1660E-12  0.1520E-12  0.1320E-12  0.1190E-12
  0.1000E+12  0.2100E-39  0.2910E-30  0.5540E-23  0.1480E-17  0.7740E-15  0.3180E-13  0.9710E-13  0.1320E-12  0.1500E-12  0.1640E-12  0.1660E-12  0.1520E-12  0.1320E-12  0.1190E-12
  0.1000E+13  0.2100E-39  0.2910E-30  0.5540E-23  0.1480E-17  0.7740E-15  0.3180E-13  0.9710E-13  0.1320E-12  0.1500E-12  0.1640E-12  0.1660E-12  0.1520E-12  0.1320E-12  0.1190E-12
  0.1000E+14  0.2100E-39  0.2910E-30  0.5540E-23  0.1480E-17  0.7740E-15  0.3180E-13  0.9710E-13  0.1320E-12  0.1500E-12  0.1640E-12  0.1660E-12  0.1520E-12  0.1320E-12  0.1190E-12
  0.1000E+15  0.2100E-39  0.2910E-30  0.5540E-23  0.1480E-17  0.7740E-15  0.3180E-13  0.9710E-13  0.1320E-12  0.1500E-12  0.1640E-12  0.1660E-12  0.1520E-12  0.1320E-12  0.1190E-12
  0.1000E+16  0.2100E-39  0.2910E-30  0.5540E-23  0.1480E-17  0.7740E-15  0.3180E-13  0.9710E-13  0.1320E-12  0.1500E-12  0.1640E-12  0.1660E-12  0.1520E-12  0.1320E-12  0.1190E-12
  0.1000E+17  0.2100E-39  0.2910E-30  0.5540E-23  0.1480E-17  0.7740E-15  0.3170E-13  0.9710E-13  0.1320E-12  0.1500E-12  0.1640E-12  0.1660E-12  0.1520E-12  0.1320E-12  0.1190E-12
WAVELENGTH(A)= 
     3.801
 7 14 t 
excit   
    52.100     78.200    130.000    261.000    521.000   1300.000   2610.000   3910.000   5210.000   7820.000  13000.000  26100.000  52100.000  78200.000 
  0.1000E+11  0.1520E-38  0.1410E-29  0.1940E-22  0.3730E-17  0.1390E-14  0.3850E-13  0.1000E-12  0.1290E-12  0.1420E-12  0.1510E-12  0.1480E-12  0.1290E-12  0.1040E-12  0.8930E-13
  0.1000E+12  0.1520E-38  0.1410E-29  0.1940E-22  0.3730E-17  0.1390E-14  0.3850E-13  0.1000E-12  0.1290E-12  0.1420E-12  0.1510E-12  0.1480E-12  0.1290E-12  0.1040E-12  0.8930E-13
  0.1000E+13  0.1520E-38  0.1410E-29  0.1940E-22  0.3730E-17  0.1390E-14  0.3850E-13  0.1000E-12  0.1290E-12  0.1420E-12  0.1510E-12  0.1480E-12  0.1290E-12  0.1040E-12  0.8930E-13
  0.1000E+14  0.1520E-38  0.1410E-29  0.1940E-22  0.3730E-17  0.1390E-14  0.3850E-13  0.1000E-12  0.1290E-12  0.1420E-12  0.1510E-12  0.1480E-12  0.1290E-12  0.1040E-12  0.8930E-13
  0.1000E+15  0.1520E-38  0.1410E-29  0.1940E-22  0.3730E-17  0.1390E-14  0.3850E-13  0.1000E-12  0.1290E-12  0.1420E-12  0.1510E-12  0.1480E-12  0.1290E-12  0.1040E-12  0.8930E-13
  0.1000E+16  0.1520E-38  0.1420E-29  0.1940E-22  0.3730E-17  0.1390E-14  0.3850E-13  0.1000E-12  0.1290E-12  0.1420E-12  0.1510E-12  0.1480E-12  0.1290E-12  0.1040E-12  0.8930E-13
  0.1000E+17  0.1520E-38  0.1420E-29  0.1940E-22  0.3730E-17  0.1390E-14  0.3850E-13  0.1000E-12  0.1290E-12  0.1420E-12  0.1510E-12  0.1480E-12  0.1290E-12  0.1040E-12  0.8930E-13
WAVELENGTH(A)= 
     4.021
 7 14 t 
excit   
    52.100     78.200    130.000    261.000    521.000   1300.000   2610.000   3910.000   5210.000   7820.000  13000.000  26100.000  52100.000  78200.000 
  0.1000E+11  0.3170E-36  0.9550E-28  0.5370E-21  0.5470E-16  0.1500E-13  0.3640E-12  0.9660E-12  0.1320E-11  0.1550E-11  0.1850E-11  0.2170E-11  0.2450E-11  0.2560E-11  0.2540E-11
  0.1000E+12  0.3170E-36  0.9550E-28  0.5370E-21  0.5470E-16  0.1500E-13  0.3640E-12  0.9660E-12  0.1320E-11  0.1550E-11  0.1850E-11  0.2170E-11  0.2450E-11  0.2560E-11  0.2540E-11
  0.1000E+13  0.3170E-36  0.9550E-28  0.5370E-21  0.5470E-16  0.1500E-13  0.3640E-12  0.9660E-12  0.1320E-11  0.1550E-11  0.1850E-11  0.2170E-11  0.2450E-11  0.2560E-11  0.2540E-11
  0.1000E+14  0.3170E-36  0.9550E-28  0.5370E-21  0.5470E-16  0.1500E-13  0.3640E-12  0.9660E-12  0.1320E-11  0.1550E-11  0.1850E-11  0.2170E-11  0.2450E-11  0.2560E-11  0.2540E-11
  0.1000E+15  0.3170E-36  0.9550E-28  0.5370E-21  0.5470E-16  0.1500E-13  0.3640E-12  0.9660E-12  0.1320E-11  0.1550E-11  0.1850E-11  0.2170E-11  0.2450E-11  0.2560E-11  0.2540E-11
  0.1000E+16  0.3170E-36  0.9550E-28  0.5370E-21  0.5470E-16  0.1510E-13  0.3650E-12  0.9660E-12  0.1320E-11  0.1550E-11  0.1850E-11  0.2170E-11  0.2450E-11  0.2560E-11  0.2540E-11
  0.1000E+17  0.3180E-36  0.9580E-28  0.5380E-21  0.5480E-16  0.1510E-13  0.3650E-12  0.9660E-12  0.1320E-11  0.1550E-11  0.1850E-11  0.2170E-11  0.2450E-11  0.2560E-11  0.2540E-11
WAVELENGTH(A)= 
     4.414
 7 14 t 
excit   
    52.100     78.200    130.000    261.000    521.000   1300.000   2610.000   3910.000   5210.000   7820.000  13000.000  26100.000  52100.000  78200.000 
  0.1000E+11  0.6800E-33  0.3510E-25  0.4800E-19  0.1710E-14  0.2900E-12  0.5430E-11  0.1330E-10  0.1770E-10  0.2050E-10  0.2370E-10  0.2670E-10  0.2860E-10  0.2840E-10  0.2740E-10
  0.1000E+12  0.6800E-33  0.3510E-25  0.4800E-19  0.1710E-14  0.2900E-12  0.5430E-11  0.1330E-10  0.1770E-10  0.2050E-10  0.2370E-10  0.2670E-10  0.2860E-10  0.2840E-10  0.2740E-10
  0.1000E+13  0.6800E-33  0.3510E-25  0.4800E-19  0.1710E-14  0.2900E-12  0.5430E-11  0.1330E-10  0.1770E-10  0.2050E-10  0.2370E-10  0.2670E-10  0.2860E-10  0.2840E-10  0.2740E-10
  0.1000E+14  0.6800E-33  0.3510E-25  0.4800E-19  0.1710E-14  0.2900E-12  0.5430E-11  0.1330E-10  0.1770E-10  0.2050E-10  0.2370E-10  0.2670E-10  0.2860E-10  0.2840E-10  0.2740E-10
  0.1000E+15  0.6800E-33  0.3510E-25  0.4800E-19  0.1710E-14  0.2900E-12  0.5430E-11  0.1330E-10  0.1770E-10  0.2050E-10  0.2370E-10  0.2670E-10  0.2860E-10  0.2840E-10  0.2740E-10
  0.1000E+16  0.6800E-33  0.3510E-25  0.4800E-19  0.1710E-14  0.2900E-12  0.5430E-11  0.1330E-10  0.1770E-10  0.2050E-10  0.2370E-10  0.2670E-10  0.2860E-10  0.2840E-10  0.2740E-10
  0.1000E+17  0.6800E-33  0.3510E-25  0.4800E-19  0.1710E-14  0.2900E-12  0.5430E-11  0.1330E-10  0.1770E-10  0.2050E-10  0.2370E-10  0.2670E-10  0.2860E-10  0.2840E-10  0.2740E-10
WAVELENGTH(A)= 
     4.712
 7 14 t 
excit   
    52.100     78.200    130.000    261.000    521.000   1300.000   2610.000   3910.000   5210.000   7820.000  13000.000  26100.000  52100.000  78200.000 
  0.1000E+11  0.9330E-34  0.1550E-26  0.8410E-21  0.1460E-16  0.1630E-14  0.2210E-13  0.4450E-13  0.5280E-13  0.5550E-13  0.5610E-13  0.5280E-13  0.4440E-13  0.3520E-13  0.3020E-13
  0.1000E+12  0.9330E-34  0.1550E-26  0.8410E-21  0.1460E-16  0.1630E-14  0.2210E-13  0.4450E-13  0.5280E-13  0.5550E-13  0.5610E-13  0.5280E-13  0.4440E-13  0.3520E-13  0.3020E-13
  0.1000E+13  0.9330E-34  0.1550E-26  0.8410E-21  0.1460E-16  0.1630E-14  0.2210E-13  0.4450E-13  0.5280E-13  0.5550E-13  0.5610E-13  0.5280E-13  0.4440E-13  0.3520E-13  0.3020E-13
  0.1000E+14  0.9330E-34  0.1550E-26  0.8410E-21  0.1460E-16  0.1630E-14  0.2210E-13  0.4450E-13  0.5280E-13  0.5550E-13  0.5610E-13  0.5280E-13  0.4440E-13  0.3520E-13  0.3020E-13
  0.1000E+15  0.9330E-34  0.1550E-26  0.8410E-21  0.1460E-16  0.1630E-14  0.2210E-13  0.4450E-13  0.5280E-13  0.5550E-13  0.5610E-13  0.5280E-13  0.4440E-13  0.3520E-13  0.3020E-13
  0.1000E+16  0.9330E-34  0.1550E-26  0.8410E-21  0.1460E-16  0.1630E-14  0.2210E-13  0.4450E-13  0.5280E-13  0.5550E-13  0.5610E-13  0.5280E-13  0.4440E-13  0.3520E-13  0.3020E-13
  0.1000E+17  0.9330E-34  0.1550E-26  0.8410E-21  0.1460E-16  0.1630E-14  0.2210E-13  0.4450E-13  0.5280E-13  0.5550E-13  0.5610E-13  0.5280E-13  0.4440E-13  0.3520E-13  0.3020E-13
WAVELENGTH(A)= 
     4.941
 7 14 t 
excit   
    52.100     78.200    130.000    261.000    521.000   1300.000   2610.000   3910.000   5210.000   7820.000  13000.000  26100.000  52100.000  78200.000 
  0.1000E+11  0.4420E-30  0.3350E-23  0.9760E-18  0.1050E-13  0.9460E-12  0.1180E-10  0.2450E-10  0.3040E-10  0.3340E-10  0.3620E-10  0.3780E-10  0.3720E-10  0.3440E-10  0.3220E-10
  0.1000E+12  0.4420E-30  0.3350E-23  0.9760E-18  0.1050E-13  0.9460E-12  0.1180E-10  0.2450E-10  0.3040E-10  0.3340E-10  0.3620E-10  0.3780E-10  0.3720E-10  0.3440E-10  0.3220E-10
  0.1000E+13  0.4420E-30  0.3350E-23  0.9760E-18  0.1050E-13  0.9460E-12  0.1180E-10  0.2450E-10  0.3040E-10  0.3340E-10  0.3620E-10  0.3780E-10  0.3720E-10  0.3440E-10  0.3220E-10
  0.1000E+14  0.4420E-30  0.3350E-23  0.9760E-18  0.1050E-13  0.9460E-12  0.1180E-10  0.2450E-10  0.3040E-10  0.3340E-10  0.3620E-10  0.3780E-10  0.3720E-10  0.3440E-10  0.3220E-10
  0.1000E+15  0.4420E-30  0.3350E-23  0.9760E-18  0.1050E-13  0.9460E-12  0.1180E-10  0.2450E-10  0.3040E-10  0.3340E-10  0.3620E-10  0.3780E-10  0.3720E-10  0.3440E-10  0.3220E-10
  0.1000E+16  0.4420E-30  0.3350E-23  0.9760E-18  0.1050E-13  0.9460E-12  0.1180E-10  0.2450E-10  0.3040E-10  0.3340E-10  0.3620E-10  0.3780E-10  0.3720E-10  0.3440E-10  0.3220E-10
  0.1000E+17  0.4420E-30  0.3350E-23  0.9760E-18  0.1050E-13  0.9460E-12  0.1180E-10  0.2450E-10  0.3040E-10  0.3340E-10  0.3620E-10  0.3780E-10  0.3720E-10  0.3440E-10  0.3220E-10
WAVELENGTH(A)= 
     4.963
 7 14 t 
excit   
    52.100     78.200    130.000    261.000    521.000   1300.000   2610.000   3910.000   5210.000   7820.000  13000.000  26100.000  52100.000  78200.000 
  0.1000E+11  0.1560E-33  0.1820E-25  0.4730E-19  0.2620E-14  0.5230E-12  0.9880E-11  0.2220E-10  0.2710E-10  0.2890E-10  0.2930E-10  0.2750E-10  0.2280E-10  0.1780E-10  0.1510E-10
  0.1000E+12  0.1560E-33  0.1820E-25  0.4730E-19  0.2620E-14  0.5230E-12  0.9880E-11  0.2220E-10  0.2710E-10  0.2890E-10  0.2930E-10  0.2750E-10  0.2280E-10  0.1780E-10  0.1510E-10
  0.1000E+13  0.1560E-33  0.1820E-25  0.4730E-19  0.2620E-14  0.5230E-12  0.9880E-11  0.2220E-10  0.2710E-10  0.2890E-10  0.2930E-10  0.2750E-10  0.2280E-10  0.1780E-10  0.1510E-10
  0.1000E+14  0.1560E-33  0.1820E-25  0.4730E-19  0.2620E-14  0.5230E-12  0.9880E-11  0.2220E-10  0.2710E-10  0.2890E-10  0.2930E-10  0.2750E-10  0.2280E-10  0.1780E-10  0.1510E-10
  0.1000E+15  0.1560E-33  0.1820E-25  0.4730E-19  0.2620E-14  0.5230E-12  0.9880E-11  0.2220E-10  0.2710E-10  0.2890E-10  0.2930E-10  0.2750E-10  0.2280E-10  0.1780E-10  0.1510E-10
  0.1000E+16  0.1560E-33  0.1820E-25  0.4730E-19  0.2620E-14  0.5230E-12  0.9880E-11  0.2220E-10  0.2710E-10  0.2890E-10  0.2930E-10  0.2750E-10  0.2280E-10  0.1780E-10  0.1510E-10
  0.1000E+17  0.1560E-33  0.1820E-25  0.4730E-19  0.2620E-14  0.5230E-12  0.9880E-11  0.2220E-10  0.2710E-10  0.2890E-10  0.2930E-10  0.2750E-10  0.2280E-10  0.1780E-10  0.1510E-10
WAVELENGTH(A)= 
     5.207
 7 14 t 
excit   
    52.100     78.200    130.000    261.000    521.000   1300.000   2610.000   3910.000   5210.000   7820.000  13000.000  26100.000  52100.000  78200.000 
  0.1000E+11  0.1760E-30  0.5850E-24  0.8830E-19  0.5830E-15  0.4150E-13  0.4710E-12  0.9480E-12  0.1130E-11  0.1200E-11  0.1230E-11  0.1170E-11  0.1010E-11  0.8340E-12  0.7330E-12
  0.1000E+12  0.1760E-30  0.5850E-24  0.8830E-19  0.5830E-15  0.4150E-13  0.4710E-12  0.9480E-12  0.1130E-11  0.1200E-11  0.1230E-11  0.1170E-11  0.1010E-11  0.8340E-12  0.7330E-12
  0.1000E+13  0.1760E-30  0.5850E-24  0.8830E-19  0.5830E-15  0.4150E-13  0.4710E-12  0.9480E-12  0.1130E-11  0.1200E-11  0.1230E-11  0.1170E-11  0.1010E-11  0.8340E-12  0.7330E-12
  0.1000E+14  0.1760E-30  0.5850E-24  0.8830E-19  0.5830E-15  0.4150E-13  0.4710E-12  0.9480E-12  0.1130E-11  0.1200E-11  0.1230E-11  0.1170E-11  0.1010E-11  0.8340E-12  0.7330E-12
  0.1000E+15  0.1760E-30  0.5850E-24  0.8830E-19  0.5830E-15  0.4150E-13  0.4710E-12  0.9480E-12  0.1130E-11  0.1200E-11  0.1230E-11  0.1170E-11  0.1010E-11  0.8340E-12  0.7330E-12
  0.1000E+16  0.1760E-30  0.5850E-24  0.8830E-19  0.5830E-15  0.4150E-13  0.4710E-12  0.9480E-12  0.1130E-11  0.1200E-11  0.1230E-11  0.1170E-11  0.1010E-11  0.8340E-12  0.7330E-12
  0.1000E+17  0.1750E-30  0.5850E-24  0.8830E-19  0.5820E-15  0.4150E-13  0.4710E-12  0.9480E-12  0.1130E-11  0.1200E-11  0.1230E-11  0.1170E-11  0.1010E-11  0.8340E-12  0.7330E-12
WAVELENGTH(A)= 
     5.231
 7 14 t 
excit   
    52.100     78.200    130.000    261.000    521.000   1300.000   2610.000   3910.000   5210.000   7820.000  13000.000  26100.000  52100.000  78200.000 
  0.1000E+11  0.4090E-39  0.3810E-30  0.5210E-23  0.1000E-17  0.3730E-15  0.1040E-13  0.2690E-13  0.3470E-13  0.3820E-13  0.4060E-13  0.3970E-13  0.3460E-13  0.2790E-13  0.2400E-13
  0.1000E+12  0.4090E-39  0.3810E-30  0.5210E-23  0.1000E-17  0.3730E-15  0.1040E-13  0.2690E-13  0.3470E-13  0.3820E-13  0.4060E-13  0.3970E-13  0.3460E-13  0.2790E-13  0.2400E-13
  0.1000E+13  0.4090E-39  0.3810E-30  0.5210E-23  0.1000E-17  0.3730E-15  0.1040E-13  0.2690E-13  0.3470E-13  0.3820E-13  0.4060E-13  0.3970E-13  0.3460E-13  0.2790E-13  0.2400E-13
  0.1000E+14  0.4090E-39  0.3810E-30  0.5210E-23  0.1000E-17  0.3730E-15  0.1040E-13  0.2690E-13  0.3470E-13  0.3820E-13  0.4060E-13  0.3970E-13  0.3460E-13  0.2790E-13  0.2400E-13
  0.1000E+15  0.4090E-39  0.3810E-30  0.5210E-23  0.1000E-17  0.3730E-15  0.1040E-13  0.2690E-13  0.3470E-13  0.3820E-13  0.4060E-13  0.3970E-13  0.3460E-13  0.2790E-13  0.2400E-13
  0.1000E+16  0.4090E-39  0.3810E-30  0.5210E-23  0.1000E-17  0.3730E-15  0.1040E-13  0.2690E-13  0.3470E-13  0.3820E-13  0.4060E-13  0.3970E-13  0.3460E-13  0.2790E-13  0.2400E-13
  0.1000E+17  0.4090E-39  0.3810E-30  0.5210E-23  0.1000E-17  0.3730E-15  0.1040E-13  0.2690E-13  0.3470E-13  0.3820E-13  0.4060E-13  0.3970E-13  0.3460E-13  0.2790E-13  0.2400E-13
WAVELENGTH(A)= 
     5.232
 7 14 t 
excit   
    52.100     78.200    130.000    261.000    521.000   1300.000   2610.000   3910.000   5210.000   7820.000  13000.000  26100.000  52100.000  78200.000 
  0.1000E+11  0.2030E-35  0.1050E-27  0.1440E-21  0.5120E-17  0.8670E-15  0.1620E-13  0.3990E-13  0.5300E-13  0.6140E-13  0.7100E-13  0.7990E-13  0.8570E-13  0.8490E-13  0.8210E-13
  0.1000E+12  0.2030E-35  0.1050E-27  0.1440E-21  0.5120E-17  0.8670E-15  0.1620E-13  0.3990E-13  0.5300E-13  0.6140E-13  0.7100E-13  0.7990E-13  0.8570E-13  0.8490E-13  0.8210E-13
  0.1000E+13  0.2030E-35  0.1050E-27  0.1440E-21  0.5120E-17  0.8670E-15  0.1620E-13  0.3990E-13  0.5300E-13  0.6140E-13  0.7100E-13  0.7990E-13  0.8570E-13  0.8490E-13  0.8210E-13
  0.1000E+14  0.2030E-35  0.1050E-27  0.1440E-21  0.5120E-17  0.8670E-15  0.1620E-13  0.3990E-13  0.5300E-13  0.6140E-13  0.7100E-13  0.7990E-13  0.8570E-13  0.8490E-13  0.8210E-13
  0.1000E+15  0.2030E-35  0.1050E-27  0.1440E-21  0.5120E-17  0.8670E-15  0.1620E-13  0.3990E-13  0.5300E-13  0.6140E-13  0.7100E-13  0.7990E-13  0.8570E-13  0.8490E-13  0.8210E-13
  0.1000E+16  0.2030E-35  0.1050E-27  0.1440E-21  0.5120E-17  0.8670E-15  0.1620E-13  0.3990E-13  0.5300E-13  0.6140E-13  0.7100E-13  0.7990E-13  0.8570E-13  0.8490E-13  0.8210E-13
  0.1000E+17  0.2030E-35  0.1050E-27  0.1440E-21  0.5120E-17  0.8670E-15  0.1620E-13  0.3990E-13  0.5300E-13  0.6140E-13  0.7100E-13  0.7990E-13  0.8570E-13  0.8490E-13  0.8210E-13
WAVELENGTH(A)= 
     5.420
 7 14 t 
excit   
    52.100     78.200    130.000    261.000    521.000   1300.000   2610.000   3910.000   5210.000   7820.000  13000.000  26100.000  52100.000  78200.000 
  0.1000E+11  0.1000E-73  0.9740E-37  0.7130E-27  0.1530E-19  0.5960E-16  0.6650E-14  0.2660E-13  0.3900E-13  0.4530E-13  0.5000E-13  0.4960E-13  0.4260E-13  0.3350E-13  0.2850E-13
  0.1000E+12  0.1000E-73  0.9740E-37  0.7130E-27  0.1530E-19  0.5960E-16  0.6650E-14  0.2660E-13  0.3900E-13  0.4530E-13  0.5000E-13  0.4960E-13  0.4260E-13  0.3350E-13  0.2850E-13
  0.1000E+13  0.1000E-73  0.9740E-37  0.7130E-27  0.1530E-19  0.5960E-16  0.6650E-14  0.2660E-13  0.3900E-13  0.4530E-13  0.5000E-13  0.4960E-13  0.4260E-13  0.3350E-13  0.2850E-13
  0.1000E+14  0.1000E-73  0.9740E-37  0.7130E-27  0.1530E-19  0.5960E-16  0.6650E-14  0.2660E-13  0.3900E-13  0.4530E-13  0.5000E-13  0.4960E-13  0.4260E-13  0.3350E-13  0.2850E-13
  0.1000E+15  0.1000E-73  0.9740E-37  0.7130E-27  0.1530E-19  0.5960E-16  0.6650E-14  0.2660E-13  0.3900E-13  0.4530E-13  0.5000E-13  0.4960E-13  0.4260E-13  0.3350E-13  0.2850E-13
  0.1000E+16  0.1000E-73  0.9740E-37  0.7130E-27  0.1530E-19  0.5960E-16  0.6650E-14  0.2660E-13  0.3900E-13  0.4530E-13  0.5000E-13  0.4960E-13  0.4260E-13  0.3350E-13  0.2850E-13
  0.1000E+17  0.1000E-73  0.9740E-37  0.7130E-27  0.1530E-19  0.5960E-16  0.6650E-14  0.2660E-13  0.3900E-13  0.4530E-13  0.5000E-13  0.4960E-13  0.4260E-13  0.3350E-13  0.2850E-13
WAVELENGTH(A)= 
     5.629
 7 14 t 
excit   
    52.100     78.200    130.000    261.000    521.000   1300.000   2610.000   3910.000   5210.000   7820.000  13000.000  26100.000  52100.000  78200.000 
  0.1000E+11  0.5400E-29  0.8370E-23  0.8530E-18  0.4750E-14  0.3260E-12  0.3860E-11  0.8080E-11  0.9830E-11  0.1060E-10  0.1090E-10  0.1060E-10  0.9370E-11  0.7840E-11  0.6970E-11
  0.1000E+12  0.5400E-29  0.8370E-23  0.8530E-18  0.4750E-14  0.3260E-12  0.3860E-11  0.8080E-11  0.9830E-11  0.1060E-10  0.1090E-10  0.1060E-10  0.9370E-11  0.7840E-11  0.6970E-11
  0.1000E+13  0.5400E-29  0.8370E-23  0.8530E-18  0.4750E-14  0.3260E-12  0.3860E-11  0.8080E-11  0.9830E-11  0.1060E-10  0.1090E-10  0.1060E-10  0.9370E-11  0.7840E-11  0.6970E-11
  0.1000E+14  0.5400E-29  0.8370E-23  0.8530E-18  0.4750E-14  0.3260E-12  0.3860E-11  0.8080E-11  0.9830E-11  0.1060E-10  0.1090E-10  0.1060E-10  0.9370E-11  0.7840E-11  0.6970E-11
  0.1000E+15  0.5400E-29  0.8370E-23  0.8530E-18  0.4750E-14  0.3260E-12  0.3860E-11  0.8080E-11  0.9830E-11  0.1060E-10  0.1090E-10  0.1060E-10  0.9370E-11  0.7840E-11  0.6970E-11
  0.1000E+16  0.5400E-29  0.8370E-23  0.8530E-18  0.4750E-14  0.3260E-12  0.3860E-11  0.8080E-11  0.9830E-11  0.1060E-10  0.1090E-10  0.1060E-10  0.9370E-11  0.7840E-11  0.6970E-11
  0.1000E+17  0.5400E-29  0.8370E-23  0.8530E-18  0.4750E-14  0.3260E-12  0.3860E-11  0.8080E-11  0.9830E-11  0.1060E-10  0.1090E-10  0.1060E-10  0.9370E-11  0.7840E-11  0.6970E-11
WAVELENGTH(A)= 
     5.656
 7 14 t 
excit   
    52.100     78.200    130.000    261.000    521.000   1300.000   2610.000   3910.000   5210.000   7820.000  13000.000  26100.000  52100.000  78200.000 
  0.1000E+11  0.1610E-36  0.4840E-28  0.2720E-21  0.2770E-16  0.7620E-14  0.1850E-12  0.4890E-12  0.6690E-12  0.7860E-12  0.9380E-12  0.1100E-11  0.1240E-11  0.1300E-11  0.1280E-11
  0.1000E+12  0.1610E-36  0.4840E-28  0.2720E-21  0.2770E-16  0.7620E-14  0.1850E-12  0.4890E-12  0.6690E-12  0.7860E-12  0.9380E-12  0.1100E-11  0.1240E-11  0.1300E-11  0.1280E-11
  0.1000E+13  0.1610E-36  0.4840E-28  0.2720E-21  0.2770E-16  0.7620E-14  0.1850E-12  0.4890E-12  0.6690E-12  0.7860E-12  0.9380E-12  0.1100E-11  0.1240E-11  0.1300E-11  0.1280E-11
  0.1000E+14  0.1610E-36  0.4840E-28  0.2720E-21  0.2770E-16  0.7620E-14  0.1850E-12  0.4890E-12  0.6690E-12  0.7860E-12  0.9380E-12  0.1100E-11  0.1240E-11  0.1300E-11  0.1280E-11
  0.1000E+15  0.1610E-36  0.4840E-28  0.2720E-21  0.2770E-16  0.7620E-14  0.1850E-12  0.4890E-12  0.6690E-12  0.7860E-12  0.9380E-12  0.1100E-11  0.1240E-11  0.1300E-11  0.1280E-11
  0.1000E+16  0.1610E-36  0.4840E-28  0.2720E-21  0.2770E-16  0.7620E-14  0.1850E-12  0.4890E-12  0.6690E-12  0.7860E-12  0.9380E-12  0.1100E-11  0.1240E-11  0.1300E-11  0.1280E-11
  0.1000E+17  0.1610E-36  0.4850E-28  0.2730E-21  0.2770E-16  0.7630E-14  0.1850E-12  0.4890E-12  0.6690E-12  0.7860E-12  0.9380E-12  0.1100E-11  0.1240E-11  0.1300E-11  0.1280E-11
WAVELENGTH(A)= 
     5.656
 7 14 t 
excit   
    52.100     78.200    130.000    261.000    521.000   1300.000   2610.000   3910.000   5210.000   7820.000  13000.000  26100.000  52100.000  78200.000 
  0.1000E+11  0.3390E-31  0.5620E-24  0.3060E-18  0.5310E-14  0.5940E-12  0.8030E-11  0.1620E-10  0.1920E-10  0.2020E-10  0.2040E-10  0.1920E-10  0.1610E-10  0.1280E-10  0.1100E-10
  0.1000E+12  0.3390E-31  0.5620E-24  0.3060E-18  0.5310E-14  0.5940E-12  0.8030E-11  0.1620E-10  0.1920E-10  0.2020E-10  0.2040E-10  0.1920E-10  0.1610E-10  0.1280E-10  0.1100E-10
  0.1000E+13  0.3390E-31  0.5620E-24  0.3060E-18  0.5310E-14  0.5940E-12  0.8030E-11  0.1620E-10  0.1920E-10  0.2020E-10  0.2040E-10  0.1920E-10  0.1610E-10  0.1280E-10  0.1100E-10
  0.1000E+14  0.3390E-31  0.5620E-24  0.3060E-18  0.5310E-14  0.5940E-12  0.8030E-11  0.1620E-10  0.1920E-10  0.2020E-10  0.2040E-10  0.1920E-10  0.1610E-10  0.1280E-10  0.1100E-10
  0.1000E+15  0.3390E-31  0.5620E-24  0.3060E-18  0.5310E-14  0.5940E-12  0.8030E-11  0.1620E-10  0.1920E-10  0.2020E-10  0.2040E-10  0.1920E-10  0.1610E-10  0.1280E-10  0.1100E-10
  0.1000E+16  0.3390E-31  0.5620E-24  0.3060E-18  0.5310E-14  0.5940E-12  0.8030E-11  0.1620E-10  0.1920E-10  0.2020E-10  0.2040E-10  0.1920E-10  0.1610E-10  0.1280E-10  0.1100E-10
  0.1000E+17  0.3390E-31  0.5620E-24  0.3060E-18  0.5310E-14  0.5940E-12  0.8030E-11  0.1620E-10  0.1920E-10  0.2020E-10  0.2040E-10  0.1920E-10  0.1610E-10  0.1280E-10  0.1100E-10
WAVELENGTH(A)= 
     5.840
 7 14 t 
excit   
    52.100     78.200    130.000    261.000    521.000   1300.000   2610.000   3910.000   5210.000   7820.000  13000.000  26100.000  52100.000  78200.000 
  0.1000E+11  0.1000E-73  0.1820E-36  0.1430E-26  0.3230E-19  0.1300E-15  0.1490E-13  0.6200E-13  0.9360E-13  0.1120E-12  0.1300E-12  0.1400E-12  0.1370E-12  0.1240E-12  0.1150E-12
  0.1000E+12  0.1000E-73  0.1820E-36  0.1430E-26  0.3230E-19  0.1300E-15  0.1490E-13  0.6200E-13  0.9360E-13  0.1120E-12  0.1300E-12  0.1400E-12  0.1370E-12  0.1240E-12  0.1150E-12
  0.1000E+13  0.1000E-73  0.1820E-36  0.1430E-26  0.3230E-19  0.1300E-15  0.1490E-13  0.6200E-13  0.9360E-13  0.1120E-12  0.1300E-12  0.1400E-12  0.1370E-12  0.1240E-12  0.1150E-12
  0.1000E+14  0.1000E-73  0.1820E-36  0.1430E-26  0.3230E-19  0.1300E-15  0.1490E-13  0.6200E-13  0.9360E-13  0.1120E-12  0.1300E-12  0.1400E-12  0.1370E-12  0.1240E-12  0.1150E-12
  0.1000E+15  0.1000E-73  0.1820E-36  0.1430E-26  0.3230E-19  0.1300E-15  0.1490E-13  0.6200E-13  0.9360E-13  0.1120E-12  0.1300E-12  0.1400E-12  0.1370E-12  0.1240E-12  0.1150E-12
  0.1000E+16  0.1000E-73  0.1820E-36  0.1430E-26  0.3230E-19  0.1300E-15  0.1490E-13  0.6200E-13  0.9360E-13  0.1120E-12  0.1300E-12  0.1400E-12  0.1370E-12  0.1240E-12  0.1150E-12
  0.1000E+17  0.1000E-73  0.1820E-36  0.1430E-26  0.3230E-19  0.1300E-15  0.1490E-13  0.6200E-13  0.9360E-13  0.1120E-12  0.1300E-12  0.1400E-12  0.1370E-12  0.1240E-12  0.1150E-12
WAVELENGTH(A)= 
     5.965
 7 14 t 
excit   
    52.100     78.200    130.000    261.000    521.000   1300.000   2610.000   3910.000   5210.000   7820.000  13000.000  26100.000  52100.000  78200.000 
  0.1000E+11  0.1000E-73  0.2720E-35  0.6920E-26  0.6810E-19  0.1820E-15  0.1630E-13  0.6100E-13  0.8770E-13  0.1010E-12  0.1100E-12  0.1100E-12  0.9530E-13  0.7640E-13  0.6540E-13
  0.1000E+12  0.1000E-73  0.2720E-35  0.6920E-26  0.6810E-19  0.1820E-15  0.1630E-13  0.6100E-13  0.8770E-13  0.1010E-12  0.1100E-12  0.1100E-12  0.9530E-13  0.7640E-13  0.6540E-13
  0.1000E+13  0.1000E-73  0.2720E-35  0.6920E-26  0.6810E-19  0.1820E-15  0.1630E-13  0.6100E-13  0.8770E-13  0.1010E-12  0.1100E-12  0.1100E-12  0.9530E-13  0.7640E-13  0.6540E-13
  0.1000E+14  0.1000E-73  0.2720E-35  0.6920E-26  0.6810E-19  0.1820E-15  0.1630E-13  0.6100E-13  0.8770E-13  0.1010E-12  0.1100E-12  0.1100E-12  0.9530E-13  0.7640E-13  0.6540E-13
  0.1000E+15  0.1000E-73  0.2720E-35  0.6920E-26  0.6810E-19  0.1820E-15  0.1630E-13  0.6100E-13  0.8770E-13  0.1010E-12  0.1100E-12  0.1100E-12  0.9530E-13  0.7640E-13  0.6540E-13
  0.1000E+16  0.7430E-47  0.2720E-35  0.6920E-26  0.6810E-19  0.1820E-15  0.1630E-13  0.6100E-13  0.8770E-13  0.1010E-12  0.1100E-12  0.1100E-12  0.9530E-13  0.7640E-13  0.6540E-13
  0.1000E+17  0.4460E-47  0.2720E-35  0.6920E-26  0.6810E-19  0.1820E-15  0.1630E-13  0.6100E-13  0.8770E-13  0.1010E-12  0.1100E-12  0.1100E-12  0.9530E-13  0.7640E-13  0.6540E-13
WAVELENGTH(A)= 
     6.129
 7 14 t 
excit   
    52.100     78.200    130.000    261.000    521.000   1300.000   2610.000   3910.000   5210.000   7820.000  13000.000  26100.000  52100.000  78200.000 
  0.1000E+11  0.3660E-34  0.3690E-26  0.8520E-20  0.4330E-15  0.8260E-13  0.1530E-11  0.3440E-11  0.4210E-11  0.4490E-11  0.4590E-11  0.4330E-11  0.3640E-11  0.2870E-11  0.2440E-11
  0.1000E+12  0.3660E-34  0.3690E-26  0.8520E-20  0.4330E-15  0.8260E-13  0.1530E-11  0.3440E-11  0.4210E-11  0.4490E-11  0.4590E-11  0.4330E-11  0.3640E-11  0.2870E-11  0.2440E-11
  0.1000E+13  0.3660E-34  0.3690E-26  0.8520E-20  0.4330E-15  0.8260E-13  0.1530E-11  0.3440E-11  0.4210E-11  0.4490E-11  0.4590E-11  0.4330E-11  0.3640E-11  0.2870E-11  0.2440E-11
  0.1000E+14  0.3660E-34  0.3690E-26  0.8520E-20  0.4330E-15  0.8260E-13  0.1530E-11  0.3440E-11  0.4210E-11  0.4490E-11  0.4590E-11  0.4330E-11  0.3640E-11  0.2870E-11  0.2440E-11
  0.1000E+15  0.3660E-34  0.3690E-26  0.8520E-20  0.4330E-15  0.8260E-13  0.1530E-11  0.3440E-11  0.4210E-11  0.4490E-11  0.4590E-11  0.4330E-11  0.3640E-11  0.2870E-11  0.2440E-11
  0.1000E+16  0.3660E-34  0.3690E-26  0.8520E-20  0.4330E-15  0.8260E-13  0.1530E-11  0.3440E-11  0.4210E-11  0.4490E-11  0.4590E-11  0.4330E-11  0.3640E-11  0.2870E-11  0.2440E-11
  0.1000E+17  0.3660E-34  0.3690E-26  0.8520E-20  0.4330E-15  0.8260E-13  0.1530E-11  0.3440E-11  0.4200E-11  0.4490E-11  0.4590E-11  0.4330E-11  0.3640E-11  0.2860E-11  0.2440E-11
WAVELENGTH(A)= 
     6.194
 7 14 t 
excit   
    52.100     78.200    130.000    261.000    521.000   1300.000   2610.000   3910.000   5210.000   7820.000  13000.000  26100.000  52100.000  78200.000 
  0.1000E+11  0.1000E-73  0.1180E-36  0.9700E-27  0.2250E-19  0.9160E-16  0.1060E-13  0.4350E-13  0.6490E-13  0.7690E-13  0.8680E-13  0.8940E-13  0.8080E-13  0.6610E-13  0.5730E-13
  0.1000E+12  0.1000E-73  0.1180E-36  0.9700E-27  0.2250E-19  0.9160E-16  0.1060E-13  0.4350E-13  0.6490E-13  0.7690E-13  0.8680E-13  0.8940E-13  0.8080E-13  0.6610E-13  0.5730E-13
  0.1000E+13  0.1000E-73  0.1180E-36  0.9700E-27  0.2250E-19  0.9160E-16  0.1060E-13  0.4350E-13  0.6490E-13  0.7690E-13  0.8680E-13  0.8940E-13  0.8080E-13  0.6610E-13  0.5730E-13
  0.1000E+14  0.1000E-73  0.1180E-36  0.9700E-27  0.2250E-19  0.9160E-16  0.1060E-13  0.4350E-13  0.6490E-13  0.7690E-13  0.8680E-13  0.8940E-13  0.8080E-13  0.6610E-13  0.5730E-13
  0.1000E+15  0.1000E-73  0.1180E-36  0.9700E-27  0.2250E-19  0.9160E-16  0.1060E-13  0.4350E-13  0.6490E-13  0.7690E-13  0.8680E-13  0.8940E-13  0.8080E-13  0.6610E-13  0.5730E-13
  0.1000E+16  0.1000E-73  0.1180E-36  0.9700E-27  0.2250E-19  0.9160E-16  0.1060E-13  0.4350E-13  0.6490E-13  0.7690E-13  0.8680E-13  0.8940E-13  0.8080E-13  0.6610E-13  0.5730E-13
  0.1000E+17  0.1000E-73  0.1180E-36  0.9700E-27  0.2250E-19  0.9160E-16  0.1060E-13  0.4350E-13  0.6490E-13  0.7690E-13  0.8680E-13  0.8940E-13  0.8080E-13  0.6610E-13  0.5730E-13
WAVELENGTH(A)= 
     6.455
 7 14 t 
excit   
    52.100     78.200    130.000    261.000    521.000   1300.000   2610.000   3910.000   5210.000   7820.000  13000.000  26100.000  52100.000  78200.000 
  0.1000E+11  0.1000E-73  0.4330E-35  0.1210E-25  0.1280E-18  0.3510E-15  0.3230E-13  0.1250E-12  0.1840E-12  0.2180E-12  0.2510E-12  0.2680E-12  0.2620E-12  0.2380E-12  0.2190E-12
  0.1000E+12  0.1000E-73  0.4330E-35  0.1210E-25  0.1280E-18  0.3510E-15  0.3230E-13  0.1250E-12  0.1840E-12  0.2180E-12  0.2510E-12  0.2680E-12  0.2620E-12  0.2380E-12  0.2190E-12
  0.1000E+13  0.1000E-73  0.4330E-35  0.1210E-25  0.1280E-18  0.3510E-15  0.3230E-13  0.1250E-12  0.1840E-12  0.2180E-12  0.2510E-12  0.2680E-12  0.2620E-12  0.2380E-12  0.2190E-12
  0.1000E+14  0.1000E-73  0.4330E-35  0.1210E-25  0.1280E-18  0.3510E-15  0.3230E-13  0.1250E-12  0.1840E-12  0.2180E-12  0.2510E-12  0.2680E-12  0.2620E-12  0.2380E-12  0.2190E-12
  0.1000E+15  0.1000E-73  0.4330E-35  0.1210E-25  0.1280E-18  0.3510E-15  0.3230E-13  0.1250E-12  0.1840E-12  0.2180E-12  0.2510E-12  0.2680E-12  0.2620E-12  0.2380E-12  0.2190E-12
  0.1000E+16  0.1170E-46  0.4330E-35  0.1210E-25  0.1280E-18  0.3510E-15  0.3230E-13  0.1250E-12  0.1840E-12  0.2180E-12  0.2510E-12  0.2680E-12  0.2620E-12  0.2380E-12  0.2190E-12
  0.1000E+17  0.5860E-47  0.4330E-35  0.1210E-25  0.1280E-18  0.3510E-15  0.3230E-13  0.1250E-12  0.1840E-12  0.2180E-12  0.2510E-12  0.2680E-12  0.2620E-12  0.2380E-12  0.2190E-12
WAVELENGTH(A)= 
     6.875
 7 14 t 
excit   
    52.100     78.200    130.000    261.000    521.000   1300.000   2610.000   3910.000   5210.000   7820.000  13000.000  26100.000  52100.000  78200.000 
  0.1000E+11  0.1000E-73  0.2760E-35  0.8160E-26  0.8890E-19  0.2480E-15  0.2280E-13  0.8760E-13  0.1280E-12  0.1490E-12  0.1670E-12  0.1710E-12  0.1530E-12  0.1260E-12  0.1090E-12
  0.1000E+12  0.1000E-73  0.2760E-35  0.8160E-26  0.8890E-19  0.2480E-15  0.2280E-13  0.8760E-13  0.1280E-12  0.1490E-12  0.1670E-12  0.1710E-12  0.1530E-12  0.1260E-12  0.1090E-12
  0.1000E+13  0.1000E-73  0.2760E-35  0.8160E-26  0.8890E-19  0.2480E-15  0.2280E-13  0.8760E-13  0.1280E-12  0.1490E-12  0.1670E-12  0.1710E-12  0.1530E-12  0.1260E-12  0.1090E-12
  0.1000E+14  0.1000E-73  0.2760E-35  0.8160E-26  0.8890E-19  0.2480E-15  0.2280E-13  0.8760E-13  0.1280E-12  0.1490E-12  0.1670E-12  0.1710E-12  0.1530E-12  0.1260E-12  0.1090E-12
  0.1000E+15  0.1000E-73  0.2760E-35  0.8160E-26  0.8890E-19  0.2480E-15  0.2280E-13  0.8760E-13  0.1280E-12  0.1490E-12  0.1670E-12  0.1710E-12  0.1530E-12  0.1260E-12  0.1090E-12
  0.1000E+16  0.1000E-73  0.2760E-35  0.8160E-26  0.8890E-19  0.2480E-15  0.2280E-13  0.8760E-13  0.1280E-12  0.1490E-12  0.1670E-12  0.1710E-12  0.1530E-12  0.1260E-12  0.1090E-12
  0.1000E+17  0.3100E-47  0.2760E-35  0.8160E-26  0.8890E-19  0.2480E-15  0.2280E-13  0.8750E-13  0.1280E-12  0.1490E-12  0.1670E-12  0.1710E-12  0.1530E-12  0.1260E-12  0.1090E-12
WAVELENGTH(A)= 
     7.071
 7 14 t 
excit   
    52.100     78.200    130.000    261.000    521.000   1300.000   2610.000   3910.000   5210.000   7820.000  13000.000  26100.000  52100.000  78200.000 
  0.1000E+11  0.1000E-73  0.4100E-33  0.1970E-24  0.5670E-18  0.8420E-15  0.5440E-13  0.1830E-12  0.2560E-12  0.2910E-12  0.3160E-12  0.3130E-12  0.2740E-12  0.2230E-12  0.1940E-12
  0.1000E+12  0.1000E-73  0.4100E-33  0.1970E-24  0.5670E-18  0.8420E-15  0.5440E-13  0.1830E-12  0.2560E-12  0.2910E-12  0.3160E-12  0.3130E-12  0.2740E-12  0.2230E-12  0.1940E-12
  0.1000E+13  0.1000E-73  0.4100E-33  0.1970E-24  0.5670E-18  0.8420E-15  0.5440E-13  0.1830E-12  0.2560E-12  0.2910E-12  0.3160E-12  0.3130E-12  0.2740E-12  0.2230E-12  0.1940E-12
  0.1000E+14  0.5700E-44  0.4100E-33  0.1970E-24  0.5670E-18  0.8420E-15  0.5440E-13  0.1830E-12  0.2560E-12  0.2910E-12  0.3160E-12  0.3130E-12  0.2740E-12  0.2230E-12  0.1940E-12
  0.1000E+15  0.5240E-44  0.4100E-33  0.1970E-24  0.5670E-18  0.8420E-15  0.5440E-13  0.1830E-12  0.2560E-12  0.2910E-12  0.3160E-12  0.3130E-12  0.2740E-12  0.2230E-12  0.1940E-12
  0.1000E+16  0.5180E-44  0.4100E-33  0.1970E-24  0.5670E-18  0.8420E-15  0.5440E-13  0.1830E-12  0.2560E-12  0.2910E-12  0.3160E-12  0.3130E-12  0.2740E-12  0.2230E-12  0.1940E-12
  0.1000E+17  0.5190E-44  0.4100E-33  0.1970E-24  0.5670E-18  0.8420E-15  0.5440E-13  0.1830E-12  0.2560E-12  0.2910E-12  0.3160E-12  0.3130E-12  0.2740E-12  0.2230E-12  0.1940E-12
WAVELENGTH(A)= 
     7.708
 7 14 t 
excit   
    52.100     78.200    130.000    261.000    521.000   1300.000   2610.000   3910.000   5210.000   7820.000  13000.000  26100.000  52100.000  78200.000 
  0.1000E+11  0.1000E-73  0.4950E-33  0.2800E-24  0.8970E-18  0.1370E-14  0.8940E-13  0.3100E-12  0.4420E-12  0.5180E-12  0.5860E-12  0.6220E-12  0.6040E-12  0.5480E-12  0.5060E-12
  0.1000E+12  0.1000E-73  0.4950E-33  0.2800E-24  0.8970E-18  0.1370E-14  0.8940E-13  0.3100E-12  0.4420E-12  0.5180E-12  0.5860E-12  0.6220E-12  0.6040E-12  0.5480E-12  0.5060E-12
  0.1000E+13  0.1000E-73  0.4950E-33  0.2800E-24  0.8970E-18  0.1370E-14  0.8940E-13  0.3100E-12  0.4420E-12  0.5180E-12  0.5860E-12  0.6220E-12  0.6040E-12  0.5480E-12  0.5060E-12
  0.1000E+14  0.5890E-44  0.4950E-33  0.2800E-24  0.8970E-18  0.1370E-14  0.8940E-13  0.3100E-12  0.4420E-12  0.5180E-12  0.5860E-12  0.6220E-12  0.6040E-12  0.5480E-12  0.5060E-12
  0.1000E+15  0.5100E-44  0.4950E-33  0.2800E-24  0.8970E-18  0.1370E-14  0.8940E-13  0.3100E-12  0.4420E-12  0.5180E-12  0.5860E-12  0.6220E-12  0.6040E-12  0.5480E-12  0.5060E-12
  0.1000E+16  0.5060E-44  0.4950E-33  0.2800E-24  0.8970E-18  0.1370E-14  0.8940E-13  0.3100E-12  0.4420E-12  0.5180E-12  0.5860E-12  0.6220E-12  0.6040E-12  0.5480E-12  0.5060E-12
  0.1000E+17  0.5070E-44  0.4950E-33  0.2800E-24  0.8970E-18  0.1370E-14  0.8940E-13  0.3100E-12  0.4420E-12  0.5180E-12  0.5860E-12  0.6220E-12  0.6040E-12  0.5480E-12  0.5060E-12
WAVELENGTH(A)= 
     8.276
 7 14 t 
excit   
    52.100     78.200    130.000    261.000    521.000   1300.000   2610.000   3910.000   5210.000   7820.000  13000.000  26100.000  52100.000  78200.000 
  0.1000E+11  0.1000E-73  0.3000E-33  0.1870E-24  0.6290E-18  0.9790E-15  0.6390E-13  0.2180E-12  0.3070E-12  0.3530E-12  0.3890E-12  0.3930E-12  0.3510E-12  0.2870E-12  0.2490E-12
  0.1000E+12  0.1000E-73  0.3000E-33  0.1870E-24  0.6290E-18  0.9790E-15  0.6390E-13  0.2180E-12  0.3070E-12  0.3530E-12  0.3890E-12  0.3930E-12  0.3510E-12  0.2870E-12  0.2490E-12
  0.1000E+13  0.1000E-73  0.3000E-33  0.1870E-24  0.6290E-18  0.9790E-15  0.6390E-13  0.2180E-12  0.3070E-12  0.3530E-12  0.3890E-12  0.3930E-12  0.3510E-12  0.2870E-12  0.2490E-12
  0.1000E+14  0.2120E-44  0.3000E-33  0.1870E-24  0.6290E-18  0.9790E-15  0.6390E-13  0.2180E-12  0.3070E-12  0.3530E-12  0.3890E-12  0.3930E-12  0.3510E-12  0.2870E-12  0.2490E-12
  0.1000E+15  0.2750E-44  0.3000E-33  0.1870E-24  0.6290E-18  0.9790E-15  0.6390E-13  0.2180E-12  0.3070E-12  0.3530E-12  0.3890E-12  0.3930E-12  0.3510E-12  0.2870E-12  0.2490E-12
  0.1000E+16  0.2730E-44  0.3000E-33  0.1870E-24  0.6290E-18  0.9790E-15  0.6390E-13  0.2180E-12  0.3070E-12  0.3530E-12  0.3890E-12  0.3930E-12  0.3510E-12  0.2870E-12  0.2490E-12
  0.1000E+17  0.2740E-44  0.3000E-33  0.1870E-24  0.6290E-18  0.9790E-15  0.6390E-13  0.2180E-12  0.3070E-12  0.3530E-12  0.3890E-12  0.3930E-12  0.3510E-12  0.2870E-12  0.2490E-12
WAVELENGTH(A)= 
    10.274
 7 14 t 
excit   
    52.100     78.200    130.000    261.000    521.000   1300.000   2610.000   3910.000   5210.000   7820.000  13000.000  26100.000  52100.000  78200.000 
  0.1000E+11  0.6720E-39  0.1610E-29  0.4690E-22  0.1630E-16  0.8640E-14  0.3150E-12  0.9010E-12  0.1190E-11  0.1330E-11  0.1420E-11  0.1390E-11  0.1220E-11  0.1010E-11  0.8840E-12
  0.1000E+12  0.6720E-39  0.1610E-29  0.4690E-22  0.1630E-16  0.8640E-14  0.3150E-12  0.9010E-12  0.1190E-11  0.1330E-11  0.1420E-11  0.1390E-11  0.1220E-11  0.1010E-11  0.8840E-12
  0.1000E+13  0.6720E-39  0.1610E-29  0.4690E-22  0.1630E-16  0.8640E-14  0.3150E-12  0.9010E-12  0.1190E-11  0.1330E-11  0.1420E-11  0.1390E-11  0.1220E-11  0.1010E-11  0.8840E-12
  0.1000E+14  0.6720E-39  0.1610E-29  0.4690E-22  0.1630E-16  0.8640E-14  0.3150E-12  0.9010E-12  0.1190E-11  0.1330E-11  0.1420E-11  0.1390E-11  0.1220E-11  0.1010E-11  0.8840E-12
  0.1000E+15  0.6720E-39  0.1610E-29  0.4690E-22  0.1630E-16  0.8640E-14  0.3150E-12  0.9010E-12  0.1190E-11  0.1330E-11  0.1420E-11  0.1390E-11  0.1220E-11  0.1010E-11  0.8840E-12
  0.1000E+16  0.6720E-39  0.1610E-29  0.4690E-22  0.1630E-16  0.8640E-14  0.3150E-12  0.9010E-12  0.1190E-11  0.1330E-11  0.1420E-11  0.1390E-11  0.1220E-11  0.1010E-11  0.8840E-12
  0.1000E+17  0.6720E-39  0.1610E-29  0.4690E-22  0.1630E-16  0.8640E-14  0.3150E-12  0.9010E-12  0.1190E-11  0.1330E-11  0.1420E-11  0.1390E-11  0.1220E-11  0.1010E-11  0.8840E-12
WAVELENGTH(A)= 
    11.329
 7 14 t 
excit   
    52.100     78.200    130.000    261.000    521.000   1300.000   2610.000   3910.000   5210.000   7820.000  13000.000  26100.000  52100.000  78200.000 
  0.1000E+11  0.1000E-73  0.9370E-37  0.7350E-27  0.1670E-19  0.6690E-16  0.7700E-14  0.3200E-13  0.4830E-13  0.5780E-13  0.6700E-13  0.7220E-13  0.7080E-13  0.6410E-13  0.5920E-13
  0.1000E+12  0.1000E-73  0.9370E-37  0.7350E-27  0.1670E-19  0.6690E-16  0.7700E-14  0.3200E-13  0.4830E-13  0.5780E-13  0.6700E-13  0.7220E-13  0.7080E-13  0.6410E-13  0.5920E-13
  0.1000E+13  0.1000E-73  0.9370E-37  0.7350E-27  0.1670E-19  0.6690E-16  0.7700E-14  0.3200E-13  0.4830E-13  0.5780E-13  0.6700E-13  0.7220E-13  0.7080E-13  0.6410E-13  0.5920E-13
  0.1000E+14  0.1000E-73  0.9370E-37  0.7350E-27  0.1670E-19  0.6690E-16  0.7700E-14  0.3200E-13  0.4830E-13  0.5780E-13  0.6700E-13  0.7220E-13  0.7080E-13  0.6410E-13  0.5920E-13
  0.1000E+15  0.1000E-73  0.9370E-37  0.7350E-27  0.1670E-19  0.6690E-16  0.7700E-14  0.3200E-13  0.4830E-13  0.5780E-13  0.6700E-13  0.7220E-13  0.7080E-13  0.6410E-13  0.5920E-13
  0.1000E+16  0.1000E-73  0.9370E-37  0.7350E-27  0.1670E-19  0.6690E-16  0.7700E-14  0.3200E-13  0.4830E-13  0.5780E-13  0.6700E-13  0.7220E-13  0.7080E-13  0.6410E-13  0.5920E-13
  0.1000E+17  0.1000E-73  0.9370E-37  0.7350E-27  0.1670E-19  0.6690E-16  0.7700E-14  0.3200E-13  0.4830E-13  0.5780E-13  0.6700E-13  0.7220E-13  0.7080E-13  0.6410E-13  0.5920E-13
WAVELENGTH(A)= 
    11.392
 7 14 t 
excit   
    52.100     78.200    130.000    261.000    521.000   1300.000   2610.000   3910.000   5210.000   7820.000  13000.000  26100.000  52100.000  78200.000 
  0.1000E+11  0.2910E-39  0.1020E-29  0.4020E-22  0.1740E-16  0.9850E-14  0.3620E-12  0.1050E-11  0.1420E-11  0.1620E-11  0.1800E-11  0.1890E-11  0.1840E-11  0.1670E-11  0.1550E-11
  0.1000E+12  0.2890E-39  0.1020E-29  0.4020E-22  0.1740E-16  0.9850E-14  0.3620E-12  0.1050E-11  0.1420E-11  0.1620E-11  0.1800E-11  0.1890E-11  0.1840E-11  0.1670E-11  0.1550E-11
  0.1000E+13  0.2890E-39  0.1020E-29  0.4020E-22  0.1740E-16  0.9850E-14  0.3620E-12  0.1050E-11  0.1420E-11  0.1620E-11  0.1800E-11  0.1890E-11  0.1840E-11  0.1670E-11  0.1550E-11
  0.1000E+14  0.2890E-39  0.1020E-29  0.4020E-22  0.1740E-16  0.9850E-14  0.3620E-12  0.1050E-11  0.1420E-11  0.1620E-11  0.1800E-11  0.1890E-11  0.1840E-11  0.1670E-11  0.1550E-11
  0.1000E+15  0.2890E-39  0.1020E-29  0.4020E-22  0.1740E-16  0.9850E-14  0.3620E-12  0.1050E-11  0.1420E-11  0.1620E-11  0.1800E-11  0.1890E-11  0.1840E-11  0.1670E-11  0.1550E-11
  0.1000E+16  0.2890E-39  0.1020E-29  0.4020E-22  0.1740E-16  0.9850E-14  0.3620E-12  0.1050E-11  0.1420E-11  0.1620E-11  0.1800E-11  0.1890E-11  0.1840E-11  0.1670E-11  0.1550E-11
  0.1000E+17  0.2890E-39  0.1020E-29  0.4020E-22  0.1740E-16  0.9850E-14  0.3620E-12  0.1050E-11  0.1420E-11  0.1620E-11  0.1800E-11  0.1890E-11  0.1840E-11  0.1670E-11  0.1550E-11
WAVELENGTH(A)= 
    11.900
 7 14 t 
excit   
    52.100     78.200    130.000    261.000    521.000   1300.000   2610.000   3910.000   5210.000   7820.000  13000.000  26100.000  52100.000  78200.000 
  0.1000E+11  0.1000E-73  0.9160E-37  0.7510E-27  0.1740E-19  0.7090E-16  0.8200E-14  0.3360E-13  0.5020E-13  0.5950E-13  0.6720E-13  0.6910E-13  0.6250E-13  0.5110E-13  0.4440E-13
  0.1000E+12  0.1000E-73  0.9160E-37  0.7510E-27  0.1740E-19  0.7090E-16  0.8200E-14  0.3360E-13  0.5020E-13  0.5950E-13  0.6720E-13  0.6910E-13  0.6250E-13  0.5110E-13  0.4440E-13
  0.1000E+13  0.1000E-73  0.9160E-37  0.7510E-27  0.1740E-19  0.7090E-16  0.8200E-14  0.3360E-13  0.5020E-13  0.5950E-13  0.6720E-13  0.6910E-13  0.6250E-13  0.5110E-13  0.4440E-13
  0.1000E+14  0.1000E-73  0.9160E-37  0.7510E-27  0.1740E-19  0.7090E-16  0.8200E-14  0.3360E-13  0.5020E-13  0.5950E-13  0.6720E-13  0.6910E-13  0.6250E-13  0.5110E-13  0.4440E-13
  0.1000E+15  0.1000E-73  0.9160E-37  0.7510E-27  0.1740E-19  0.7090E-16  0.8200E-14  0.3360E-13  0.5020E-13  0.5950E-13  0.6720E-13  0.6910E-13  0.6250E-13  0.5110E-13  0.4440E-13
  0.1000E+16  0.1000E-73  0.9160E-37  0.7510E-27  0.1740E-19  0.7090E-16  0.8200E-14  0.3360E-13  0.5020E-13  0.5950E-13  0.6720E-13  0.6910E-13  0.6250E-13  0.5110E-13  0.4440E-13
  0.1000E+17  0.1000E-73  0.9160E-37  0.7510E-27  0.1740E-19  0.7090E-16  0.8200E-14  0.3360E-13  0.5020E-13  0.5950E-13  0.6720E-13  0.6910E-13  0.6250E-13  0.5110E-13  0.4440E-13
WAVELENGTH(A)= 
    12.488
 7 14 t 
excit   
    52.100     78.200    130.000    261.000    521.000   1300.000   2610.000   3910.000   5210.000   7820.000  13000.000  26100.000  52100.000  78200.000 
  0.1000E+11  0.1310E-39  0.5590E-30  0.2620E-22  0.1270E-16  0.7500E-14  0.2750E-12  0.7820E-12  0.1040E-11  0.1160E-11  0.1250E-11  0.1240E-11  0.1100E-11  0.8910E-12  0.7750E-12
  0.1000E+12  0.1290E-39  0.5590E-30  0.2620E-22  0.1270E-16  0.7500E-14  0.2750E-12  0.7820E-12  0.1040E-11  0.1160E-11  0.1250E-11  0.1240E-11  0.1100E-11  0.8910E-12  0.7750E-12
  0.1000E+13  0.1290E-39  0.5590E-30  0.2620E-22  0.1270E-16  0.7500E-14  0.2750E-12  0.7820E-12  0.1040E-11  0.1160E-11  0.1250E-11  0.1240E-11  0.1100E-11  0.8910E-12  0.7750E-12
  0.1000E+14  0.1290E-39  0.5590E-30  0.2620E-22  0.1270E-16  0.7500E-14  0.2750E-12  0.7820E-12  0.1040E-11  0.1160E-11  0.1250E-11  0.1240E-11  0.1100E-11  0.8910E-12  0.7750E-12
  0.1000E+15  0.1290E-39  0.5590E-30  0.2620E-22  0.1270E-16  0.7500E-14  0.2750E-12  0.7820E-12  0.1040E-11  0.1160E-11  0.1250E-11  0.1240E-11  0.1100E-11  0.8910E-12  0.7750E-12
  0.1000E+16  0.1290E-39  0.5590E-30  0.2620E-22  0.1270E-16  0.7500E-14  0.2750E-12  0.7820E-12  0.1040E-11  0.1160E-11  0.1250E-11  0.1240E-11  0.1100E-11  0.8910E-12  0.7750E-12
  0.1000E+17  0.1290E-39  0.5590E-30  0.2620E-22  0.1270E-16  0.7500E-14  0.2750E-12  0.7820E-12  0.1040E-11  0.1160E-11  0.1250E-11  0.1240E-11  0.1100E-11  0.8910E-12  0.7750E-12
WAVELENGTH(A)= 
    12.938
 7 14 t 
excit   
    52.100     78.200    130.000    261.000    521.000   1300.000   2610.000   3910.000   5210.000   7820.000  13000.000  26100.000  52100.000  78200.000 
  0.1000E+11  0.1000E-73  0.1220E-35  0.3090E-26  0.3050E-19  0.8130E-16  0.7290E-14  0.2730E-13  0.3920E-13  0.4510E-13  0.4940E-13  0.4900E-13  0.4260E-13  0.3420E-13  0.2930E-13
  0.1000E+12  0.1000E-73  0.1220E-35  0.3090E-26  0.3050E-19  0.8130E-16  0.7290E-14  0.2730E-13  0.3920E-13  0.4510E-13  0.4940E-13  0.4900E-13  0.4260E-13  0.3420E-13  0.2930E-13
  0.1000E+13  0.1000E-73  0.1220E-35  0.3090E-26  0.3050E-19  0.8130E-16  0.7290E-14  0.2730E-13  0.3920E-13  0.4510E-13  0.4940E-13  0.4900E-13  0.4260E-13  0.3420E-13  0.2930E-13
  0.1000E+14  0.1000E-73  0.1220E-35  0.3090E-26  0.3050E-19  0.8130E-16  0.7290E-14  0.2730E-13  0.3920E-13  0.4510E-13  0.4940E-13  0.4900E-13  0.4260E-13  0.3420E-13  0.2930E-13
  0.1000E+15  0.1000E-73  0.1220E-35  0.3090E-26  0.3050E-19  0.8130E-16  0.7290E-14  0.2730E-13  0.3920E-13  0.4510E-13  0.4940E-13  0.4900E-13  0.4260E-13  0.3420E-13  0.2930E-13
  0.1000E+16  0.3320E-47  0.1220E-35  0.3090E-26  0.3050E-19  0.8130E-16  0.7290E-14  0.2730E-13  0.3920E-13  0.4510E-13  0.4940E-13  0.4900E-13  0.4260E-13  0.3420E-13  0.2930E-13
  0.1000E+17  0.1990E-47  0.1220E-35  0.3090E-26  0.3050E-19  0.8130E-16  0.7290E-14  0.2730E-13  0.3920E-13  0.4510E-13  0.4940E-13  0.4900E-13  0.4260E-13  0.3420E-13  0.2930E-13
WAVELENGTH(A)= 
    13.161
 7 14 t 
excit   
    52.100     78.200    130.000    261.000    521.000   1300.000   2610.000   3910.000   5210.000   7820.000  13000.000  26100.000  52100.000  78200.000 
  0.1000E+11  0.2490E-39  0.3450E-30  0.6570E-23  0.1750E-17  0.9180E-15  0.3760E-13  0.1150E-12  0.1570E-12  0.1780E-12  0.1940E-12  0.1960E-12  0.1810E-12  0.1560E-12  0.1410E-12
  0.1000E+12  0.2490E-39  0.3450E-30  0.6570E-23  0.1750E-17  0.9180E-15  0.3760E-13  0.1150E-12  0.1570E-12  0.1780E-12  0.1940E-12  0.1960E-12  0.1810E-12  0.1560E-12  0.1410E-12
  0.1000E+13  0.2490E-39  0.3450E-30  0.6570E-23  0.1750E-17  0.9180E-15  0.3760E-13  0.1150E-12  0.1570E-12  0.1780E-12  0.1940E-12  0.1960E-12  0.1810E-12  0.1560E-12  0.1410E-12
  0.1000E+14  0.2490E-39  0.3450E-30  0.6570E-23  0.1750E-17  0.9180E-15  0.3760E-13  0.1150E-12  0.1570E-12  0.1780E-12  0.1940E-12  0.1960E-12  0.1810E-12  0.1560E-12  0.1410E-12
  0.1000E+15  0.2490E-39  0.3450E-30  0.6570E-23  0.1750E-17  0.9180E-15  0.3760E-13  0.1150E-12  0.1570E-12  0.1780E-12  0.1940E-12  0.1960E-12  0.1810E-12  0.1560E-12  0.1410E-12
  0.1000E+16  0.2490E-39  0.3450E-30  0.6570E-23  0.1750E-17  0.9180E-15  0.3760E-13  0.1150E-12  0.1570E-12  0.1780E-12  0.1940E-12  0.1960E-12  0.1810E-12  0.1560E-12  0.1410E-12
  0.1000E+17  0.2490E-39  0.3450E-30  0.6570E-23  0.1750E-17  0.9180E-15  0.3760E-13  0.1150E-12  0.1570E-12  0.1780E-12  0.1940E-12  0.1960E-12  0.1810E-12  0.1560E-12  0.1410E-12
WAVELENGTH(A)= 
    13.777
 7 14 t 
excit   
    52.100     78.200    130.000    261.000    521.000   1300.000   2610.000   3910.000   5210.000   7820.000  13000.000  26100.000  52100.000  78200.000 
  0.1000E+11  0.6110E-40  0.1470E-30  0.4270E-23  0.1490E-17  0.7860E-15  0.2870E-13  0.8200E-13  0.1090E-12  0.1210E-12  0.1290E-12  0.1270E-12  0.1110E-12  0.9170E-13  0.8040E-13
  0.1000E+12  0.6110E-40  0.1470E-30  0.4270E-23  0.1490E-17  0.7860E-15  0.2870E-13  0.8200E-13  0.1090E-12  0.1210E-12  0.1290E-12  0.1270E-12  0.1110E-12  0.9170E-13  0.8040E-13
  0.1000E+13  0.6110E-40  0.1470E-30  0.4270E-23  0.1490E-17  0.7860E-15  0.2870E-13  0.8200E-13  0.1090E-12  0.1210E-12  0.1290E-12  0.1270E-12  0.1110E-12  0.9170E-13  0.8040E-13
  0.1000E+14  0.6110E-40  0.1470E-30  0.4270E-23  0.1490E-17  0.7860E-15  0.2870E-13  0.8200E-13  0.1090E-12  0.1210E-12  0.1290E-12  0.1270E-12  0.1110E-12  0.9170E-13  0.8040E-13
  0.1000E+15  0.6110E-40  0.1470E-30  0.4270E-23  0.1490E-17  0.7860E-15  0.2870E-13  0.8200E-13  0.1090E-12  0.1210E-12  0.1290E-12  0.1270E-12  0.1110E-12  0.9170E-13  0.8040E-13
  0.1000E+16  0.6110E-40  0.1470E-30  0.4270E-23  0.1490E-17  0.7860E-15  0.2870E-13  0.8200E-13  0.1090E-12  0.1210E-12  0.1290E-12  0.1270E-12  0.1110E-12  0.9170E-13  0.8040E-13
  0.1000E+17  0.6110E-40  0.1470E-30  0.4270E-23  0.1490E-17  0.7860E-15  0.2870E-13  0.8200E-13  0.1090E-12  0.1210E-12  0.1290E-12  0.1270E-12  0.1110E-12  0.9170E-13  0.8040E-13
WAVELENGTH(A)= 
    13.895
 7 14 t 
excit   
    52.100     78.200    130.000    261.000    521.000   1300.000   2610.000   3910.000   5210.000   7820.000  13000.000  26100.000  52100.000  78200.000 
  0.1000E+11  0.1000E-73  0.2150E-35  0.6040E-26  0.6350E-19  0.1750E-15  0.1610E-13  0.6210E-13  0.9170E-13  0.1090E-12  0.1250E-12  0.1330E-12  0.1300E-12  0.1180E-12  0.1090E-12
  0.1000E+12  0.1000E-73  0.2150E-35  0.6040E-26  0.6350E-19  0.1750E-15  0.1610E-13  0.6210E-13  0.9170E-13  0.1090E-12  0.1250E-12  0.1330E-12  0.1300E-12  0.1180E-12  0.1090E-12
  0.1000E+13  0.1000E-73  0.2150E-35  0.6040E-26  0.6350E-19  0.1750E-15  0.1610E-13  0.6210E-13  0.9170E-13  0.1090E-12  0.1250E-12  0.1330E-12  0.1300E-12  0.1180E-12  0.1090E-12
  0.1000E+14  0.1000E-73  0.2150E-35  0.6040E-26  0.6350E-19  0.1750E-15  0.1610E-13  0.6210E-13  0.9170E-13  0.1090E-12  0.1250E-12  0.1330E-12  0.1300E-12  0.1180E-12  0.1090E-12
  0.1000E+15  0.1000E-73  0.2150E-35  0.6040E-26  0.6350E-19  0.1750E-15  0.1610E-13  0.6210E-13  0.9170E-13  0.1090E-12  0.1250E-12  0.1330E-12  0.1300E-12  0.1180E-12  0.1090E-12
  0.1000E+16  0.5830E-47  0.2150E-35  0.6040E-26  0.6350E-19  0.1750E-15  0.1610E-13  0.6210E-13  0.9170E-13  0.1090E-12  0.1250E-12  0.1330E-12  0.1300E-12  0.1180E-12  0.1090E-12
  0.1000E+17  0.2910E-47  0.2150E-35  0.6040E-26  0.6350E-19  0.1750E-15  0.1610E-13  0.6210E-13  0.9170E-13  0.1090E-12  0.1250E-12  0.1330E-12  0.1300E-12  0.1180E-12  0.1090E-12
WAVELENGTH(A)= 
    14.697
 7 14 t 
excit   
    52.100     78.200    130.000    261.000    521.000   1300.000   2610.000   3910.000   5210.000   7820.000  13000.000  26100.000  52100.000  78200.000 
  0.1000E+11  0.1000E-73  0.2070E-35  0.6130E-26  0.6670E-19  0.1860E-15  0.1710E-13  0.6570E-13  0.9570E-13  0.1120E-12  0.1250E-12  0.1280E-12  0.1150E-12  0.9430E-13  0.8170E-13
  0.1000E+12  0.1000E-73  0.2070E-35  0.6130E-26  0.6670E-19  0.1860E-15  0.1710E-13  0.6570E-13  0.9570E-13  0.1120E-12  0.1250E-12  0.1280E-12  0.1150E-12  0.9430E-13  0.8170E-13
  0.1000E+13  0.1000E-73  0.2070E-35  0.6130E-26  0.6670E-19  0.1860E-15  0.1710E-13  0.6570E-13  0.9570E-13  0.1120E-12  0.1250E-12  0.1280E-12  0.1150E-12  0.9430E-13  0.8170E-13
  0.1000E+14  0.1000E-73  0.2070E-35  0.6130E-26  0.6670E-19  0.1860E-15  0.1710E-13  0.6570E-13  0.9570E-13  0.1120E-12  0.1250E-12  0.1280E-12  0.1150E-12  0.9430E-13  0.8170E-13
  0.1000E+15  0.1000E-73  0.2070E-35  0.6130E-26  0.6670E-19  0.1860E-15  0.1710E-13  0.6570E-13  0.9570E-13  0.1120E-12  0.1250E-12  0.1280E-12  0.1150E-12  0.9430E-13  0.8170E-13
  0.1000E+16  0.1000E-73  0.2070E-35  0.6130E-26  0.6670E-19  0.1860E-15  0.1710E-13  0.6570E-13  0.9570E-13  0.1120E-12  0.1250E-12  0.1280E-12  0.1150E-12  0.9430E-13  0.8170E-13
  0.1000E+17  0.2320E-47  0.2070E-35  0.6130E-26  0.6670E-19  0.1860E-15  0.1710E-13  0.6570E-13  0.9570E-13  0.1120E-12  0.1250E-12  0.1280E-12  0.1150E-12  0.9430E-13  0.8170E-13
WAVELENGTH(A)= 
    19.582
 7 14 t 
excit   
    52.100     78.200    130.000    261.000    521.000   1300.000   2610.000   3910.000   5210.000   7820.000  13000.000  26100.000  52100.000  78200.000 
  0.1000E+11  0.1000E-73  0.1600E-33  0.7700E-25  0.2210E-18  0.3280E-15  0.2120E-13  0.7150E-13  0.9970E-13  0.1130E-12  0.1230E-12  0.1220E-12  0.1070E-12  0.8710E-13  0.7560E-13
  0.1000E+12  0.1000E-73  0.1600E-33  0.7700E-25  0.2210E-18  0.3280E-15  0.2120E-13  0.7150E-13  0.9970E-13  0.1130E-12  0.1230E-12  0.1220E-12  0.1070E-12  0.8710E-13  0.7560E-13
  0.1000E+13  0.1000E-73  0.1600E-33  0.7700E-25  0.2210E-18  0.3280E-15  0.2120E-13  0.7150E-13  0.9970E-13  0.1130E-12  0.1230E-12  0.1220E-12  0.1070E-12  0.8710E-13  0.7560E-13
  0.1000E+14  0.2220E-44  0.1600E-33  0.7700E-25  0.2210E-18  0.3280E-15  0.2120E-13  0.7150E-13  0.9970E-13  0.1130E-12  0.1230E-12  0.1220E-12  0.1070E-12  0.8710E-13  0.7560E-13
  0.1000E+15  0.2040E-44  0.1600E-33  0.7700E-25  0.2210E-18  0.3280E-15  0.2120E-13  0.7150E-13  0.9970E-13  0.1130E-12  0.1230E-12  0.1220E-12  0.1070E-12  0.8710E-13  0.7560E-13
  0.1000E+16  0.2020E-44  0.1600E-33  0.7700E-25  0.2210E-18  0.3280E-15  0.2120E-13  0.7150E-13  0.9970E-13  0.1130E-12  0.1230E-12  0.1220E-12  0.1070E-12  0.8710E-13  0.7560E-13
  0.1000E+17  0.2020E-44  0.1600E-33  0.7700E-25  0.2210E-18  0.3280E-15  0.2120E-13  0.7150E-13  0.9970E-13  0.1130E-12  0.1230E-12  0.1220E-12  0.1070E-12  0.8710E-13  0.7560E-13
WAVELENGTH(A)= 
    21.379
 7 14 t 
excit   
    52.100     78.200    130.000    261.000    521.000   1300.000   2610.000   3910.000   5210.000   7820.000  13000.000  26100.000  52100.000  78200.000 
  0.1000E+11  0.1000E-73  0.2180E-33  0.1230E-24  0.3950E-18  0.6030E-15  0.3930E-13  0.1370E-12  0.1940E-12  0.2280E-12  0.2580E-12  0.2740E-12  0.2660E-12  0.2410E-12  0.2230E-12
  0.1000E+12  0.1000E-73  0.2180E-33  0.1230E-24  0.3950E-18  0.6030E-15  0.3930E-13  0.1370E-12  0.1940E-12  0.2280E-12  0.2580E-12  0.2740E-12  0.2660E-12  0.2410E-12  0.2230E-12
  0.1000E+13  0.1000E-73  0.2180E-33  0.1230E-24  0.3950E-18  0.6030E-15  0.3930E-13  0.1370E-12  0.1940E-12  0.2280E-12  0.2580E-12  0.2740E-12  0.2660E-12  0.2410E-12  0.2230E-12
  0.1000E+14  0.2590E-44  0.2180E-33  0.1230E-24  0.3950E-18  0.6030E-15  0.3930E-13  0.1370E-12  0.1940E-12  0.2280E-12  0.2580E-12  0.2740E-12  0.2660E-12  0.2410E-12  0.2230E-12
  0.1000E+15  0.2240E-44  0.2180E-33  0.1230E-24  0.3950E-18  0.6030E-15  0.3930E-13  0.1370E-12  0.1940E-12  0.2280E-12  0.2580E-12  0.2740E-12  0.2660E-12  0.2410E-12  0.2230E-12
  0.1000E+16  0.2230E-44  0.2180E-33  0.1230E-24  0.3950E-18  0.6030E-15  0.3930E-13  0.1370E-12  0.1940E-12  0.2280E-12  0.2580E-12  0.2740E-12  0.2660E-12  0.2410E-12  0.2230E-12
  0.1000E+17  0.2230E-44  0.2180E-33  0.1230E-24  0.3940E-18  0.6030E-15  0.3930E-13  0.1370E-12  0.1940E-12  0.2280E-12  0.2580E-12  0.2740E-12  0.2660E-12  0.2410E-12  0.2230E-12
WAVELENGTH(A)= 
    23.033
 7 14 t 
excit   
    52.100     78.200    130.000    261.000    521.000   1300.000   2610.000   3910.000   5210.000   7820.000  13000.000  26100.000  52100.000  78200.000 
  0.1000E+11  0.1000E-73  0.2050E-33  0.1270E-24  0.4290E-18  0.6680E-15  0.4360E-13  0.1490E-12  0.2090E-12  0.2410E-12  0.2650E-12  0.2680E-12  0.2400E-12  0.1960E-12  0.1700E-12
  0.1000E+12  0.1000E-73  0.2050E-33  0.1270E-24  0.4290E-18  0.6680E-15  0.4360E-13  0.1490E-12  0.2090E-12  0.2410E-12  0.2650E-12  0.2680E-12  0.2400E-12  0.1960E-12  0.1700E-12
  0.1000E+13  0.1000E-73  0.2050E-33  0.1270E-24  0.4290E-18  0.6680E-15  0.4360E-13  0.1490E-12  0.2090E-12  0.2410E-12  0.2650E-12  0.2680E-12  0.2400E-12  0.1960E-12  0.1700E-12
  0.1000E+14  0.1440E-44  0.2050E-33  0.1270E-24  0.4290E-18  0.6680E-15  0.4360E-13  0.1490E-12  0.2090E-12  0.2410E-12  0.2650E-12  0.2680E-12  0.2400E-12  0.1960E-12  0.1700E-12
  0.1000E+15  0.1880E-44  0.2050E-33  0.1270E-24  0.4290E-18  0.6680E-15  0.4360E-13  0.1490E-12  0.2090E-12  0.2410E-12  0.2650E-12  0.2680E-12  0.2400E-12  0.1960E-12  0.1700E-12
  0.1000E+16  0.1860E-44  0.2050E-33  0.1270E-24  0.4290E-18  0.6680E-15  0.4360E-13  0.1490E-12  0.2090E-12  0.2410E-12  0.2650E-12  0.2680E-12  0.2400E-12  0.1960E-12  0.1700E-12
  0.1000E+17  0.1870E-44  0.2050E-33  0.1270E-24  0.4290E-18  0.6680E-15  0.4360E-13  0.1490E-12  0.2090E-12  0.2410E-12  0.2650E-12  0.2680E-12  0.2400E-12  0.1960E-12  0.1700E-12
WAVELENGTH(A)= 
    23.757
 7 14 t 
excit   
    52.100     78.200    130.000    261.000    521.000   1300.000   2610.000   3910.000   5210.000   7820.000  13000.000  26100.000  52100.000  78200.000 
  0.1000E+11  0.1000E-73  0.6060E-37  0.4970E-27  0.1150E-19  0.4690E-16  0.5420E-14  0.2220E-13  0.3320E-13  0.3940E-13  0.4440E-13  0.4570E-13  0.4130E-13  0.3380E-13  0.2930E-13
  0.1000E+12  0.1000E-73  0.6060E-37  0.4970E-27  0.1150E-19  0.4690E-16  0.5420E-14  0.2220E-13  0.3320E-13  0.3940E-13  0.4440E-13  0.4570E-13  0.4130E-13  0.3380E-13  0.2930E-13
  0.1000E+13  0.1000E-73  0.6060E-37  0.4970E-27  0.1150E-19  0.4690E-16  0.5420E-14  0.2220E-13  0.3320E-13  0.3940E-13  0.4440E-13  0.4570E-13  0.4130E-13  0.3380E-13  0.2930E-13
  0.1000E+14  0.1000E-73  0.6060E-37  0.4970E-27  0.1150E-19  0.4690E-16  0.5420E-14  0.2220E-13  0.3320E-13  0.3940E-13  0.4440E-13  0.4570E-13  0.4130E-13  0.3380E-13  0.2930E-13
  0.1000E+15  0.1000E-73  0.6060E-37  0.4970E-27  0.1150E-19  0.4690E-16  0.5420E-14  0.2220E-13  0.3320E-13  0.3940E-13  0.4440E-13  0.4570E-13  0.4130E-13  0.3380E-13  0.2930E-13
  0.1000E+16  0.1000E-73  0.6060E-37  0.4970E-27  0.1150E-19  0.4690E-16  0.5420E-14  0.2220E-13  0.3320E-13  0.3940E-13  0.4440E-13  0.4570E-13  0.4130E-13  0.3380E-13  0.2930E-13
  0.1000E+17  0.1000E-73  0.6060E-37  0.4970E-27  0.1150E-19  0.4690E-16  0.5420E-14  0.2220E-13  0.3320E-13  0.3940E-13  0.4440E-13  0.4570E-13  0.4130E-13  0.3380E-13  0.2930E-13
WAVELENGTH(A)= 
    27.402
 7 14 t 
excit   
    52.100     78.200    130.000    261.000    521.000   1300.000   2610.000   3910.000   5210.000   7820.000  13000.000  26100.000  52100.000  78200.000 
  0.1000E+11  0.3560E-37  0.3310E-28  0.4530E-21  0.8720E-16  0.3240E-13  0.9000E-12  0.2340E-11  0.3010E-11  0.3320E-11  0.3530E-11  0.3450E-11  0.3000E-11  0.2420E-11  0.2090E-11
  0.1000E+12  0.3560E-37  0.3310E-28  0.4530E-21  0.8720E-16  0.3240E-13  0.9000E-12  0.2340E-11  0.3010E-11  0.3320E-11  0.3530E-11  0.3450E-11  0.3000E-11  0.2420E-11  0.2090E-11
  0.1000E+13  0.3560E-37  0.3310E-28  0.4530E-21  0.8720E-16  0.3240E-13  0.9000E-12  0.2340E-11  0.3010E-11  0.3320E-11  0.3530E-11  0.3450E-11  0.3000E-11  0.2420E-11  0.2090E-11
  0.1000E+14  0.3560E-37  0.3310E-28  0.4530E-21  0.8720E-16  0.3240E-13  0.9000E-12  0.2340E-11  0.3010E-11  0.3320E-11  0.3530E-11  0.3450E-11  0.3000E-11  0.2420E-11  0.2090E-11
  0.1000E+15  0.3560E-37  0.3310E-28  0.4530E-21  0.8720E-16  0.3240E-13  0.9000E-12  0.2340E-11  0.3010E-11  0.3320E-11  0.3530E-11  0.3450E-11  0.3000E-11  0.2420E-11  0.2090E-11
  0.1000E+16  0.3560E-37  0.3310E-28  0.4530E-21  0.8720E-16  0.3240E-13  0.9000E-12  0.2340E-11  0.3010E-11  0.3320E-11  0.3530E-11  0.3450E-11  0.3000E-11  0.2420E-11  0.2090E-11
  0.1000E+17  0.3560E-37  0.3310E-28  0.4530E-21  0.8730E-16  0.3240E-13  0.9000E-12  0.2340E-11  0.3010E-11  0.3320E-11  0.3530E-11  0.3450E-11  0.3000E-11  0.2420E-11  0.2090E-11
WAVELENGTH(A)= 
    27.427
 7 14 t 
excit   
    52.100     78.200    130.000    261.000    521.000   1300.000   2610.000   3910.000   5210.000   7820.000  13000.000  26100.000  52100.000  78200.000 
  0.1000E+11  0.6430E-37  0.1940E-28  0.1090E-21  0.1110E-16  0.3050E-14  0.7400E-13  0.1960E-12  0.2680E-12  0.3150E-12  0.3760E-12  0.4400E-12  0.4980E-12  0.5200E-12  0.5150E-12
  0.1000E+12  0.6430E-37  0.1940E-28  0.1090E-21  0.1110E-16  0.3050E-14  0.7400E-13  0.1960E-12  0.2680E-12  0.3150E-12  0.3760E-12  0.4400E-12  0.4980E-12  0.5200E-12  0.5150E-12
  0.1000E+13  0.6430E-37  0.1940E-28  0.1090E-21  0.1110E-16  0.3050E-14  0.7400E-13  0.1960E-12  0.2680E-12  0.3150E-12  0.3760E-12  0.4400E-12  0.4980E-12  0.5200E-12  0.5150E-12
  0.1000E+14  0.6430E-37  0.1940E-28  0.1090E-21  0.1110E-16  0.3050E-14  0.7400E-13  0.1960E-12  0.2680E-12  0.3150E-12  0.3760E-12  0.4400E-12  0.4980E-12  0.5200E-12  0.5150E-12
  0.1000E+15  0.6430E-37  0.1940E-28  0.1090E-21  0.1110E-16  0.3050E-14  0.7400E-13  0.1960E-12  0.2680E-12  0.3150E-12  0.3760E-12  0.4400E-12  0.4980E-12  0.5200E-12  0.5150E-12
  0.1000E+16  0.6430E-37  0.1940E-28  0.1090E-21  0.1110E-16  0.3050E-14  0.7400E-13  0.1960E-12  0.2680E-12  0.3150E-12  0.3760E-12  0.4400E-12  0.4980E-12  0.5200E-12  0.5150E-12
  0.1000E+17  0.6450E-37  0.1940E-28  0.1090E-21  0.1110E-16  0.3060E-14  0.7400E-13  0.1960E-12  0.2680E-12  0.3150E-12  0.3760E-12  0.4400E-12  0.4980E-12  0.5200E-12  0.5150E-12
WAVELENGTH(A)= 
    27.428
 7 14 t 
excit   
    52.100     78.200    130.000    261.000    521.000   1300.000   2610.000   3910.000   5210.000   7820.000  13000.000  26100.000  52100.000  78200.000 
  0.1000E+11  0.8050E-17  0.1960E-14  0.1450E-12  0.3150E-11  0.1250E-10  0.2390E-10  0.2630E-10  0.2550E-10  0.2430E-10  0.2200E-10  0.1890E-10  0.1480E-10  0.1140E-10  0.9650E-11
  0.1000E+12  0.8050E-17  0.1960E-14  0.1450E-12  0.3150E-11  0.1250E-10  0.2390E-10  0.2630E-10  0.2550E-10  0.2430E-10  0.2200E-10  0.1890E-10  0.1480E-10  0.1140E-10  0.9650E-11
  0.1000E+13  0.8050E-17  0.1960E-14  0.1450E-12  0.3150E-11  0.1250E-10  0.2390E-10  0.2630E-10  0.2550E-10  0.2430E-10  0.2200E-10  0.1890E-10  0.1480E-10  0.1140E-10  0.9650E-11
  0.1000E+14  0.8050E-17  0.1960E-14  0.1450E-12  0.3150E-11  0.1250E-10  0.2390E-10  0.2630E-10  0.2550E-10  0.2430E-10  0.2200E-10  0.1890E-10  0.1480E-10  0.1140E-10  0.9650E-11
  0.1000E+15  0.8050E-17  0.1960E-14  0.1450E-12  0.3150E-11  0.1250E-10  0.2390E-10  0.2630E-10  0.2550E-10  0.2430E-10  0.2200E-10  0.1890E-10  0.1480E-10  0.1140E-10  0.9650E-11
  0.1000E+16  0.8050E-17  0.1960E-14  0.1450E-12  0.3150E-11  0.1250E-10  0.2390E-10  0.2630E-10  0.2550E-10  0.2430E-10  0.2200E-10  0.1890E-10  0.1480E-10  0.1140E-10  0.9650E-11
  0.1000E+17  0.8060E-17  0.1960E-14  0.1450E-12  0.3150E-11  0.1250E-10  0.2390E-10  0.2630E-10  0.2550E-10  0.2430E-10  0.2200E-10  0.1890E-10  0.1480E-10  0.1140E-10  0.9650E-11
WAVELENGTH(A)= 
    28.230
 7 14 t 
excit   
    52.100     78.200    130.000    261.000    521.000   1300.000   2610.000   3910.000   5210.000   7820.000  13000.000  26100.000  52100.000  78200.000 
  0.1000E+11  0.7470E-12  0.1010E-10  0.7520E-10  0.2960E-09  0.5210E-09  0.6370E-09  0.6220E-09  0.5880E-09  0.5580E-09  0.5110E-09  0.4470E-09  0.3640E-09  0.2900E-09  0.2520E-09
  0.1000E+12  0.7470E-12  0.1010E-10  0.7520E-10  0.2960E-09  0.5210E-09  0.6370E-09  0.6220E-09  0.5880E-09  0.5580E-09  0.5110E-09  0.4470E-09  0.3640E-09  0.2900E-09  0.2520E-09
  0.1000E+13  0.7470E-12  0.1010E-10  0.7520E-10  0.2960E-09  0.5210E-09  0.6370E-09  0.6220E-09  0.5880E-09  0.5580E-09  0.5110E-09  0.4470E-09  0.3640E-09  0.2900E-09  0.2520E-09
  0.1000E+14  0.7470E-12  0.1010E-10  0.7520E-10  0.2960E-09  0.5210E-09  0.6370E-09  0.6220E-09  0.5880E-09  0.5580E-09  0.5110E-09  0.4470E-09  0.3640E-09  0.2900E-09  0.2520E-09
  0.1000E+15  0.7470E-12  0.1010E-10  0.7520E-10  0.2960E-09  0.5210E-09  0.6370E-09  0.6220E-09  0.5880E-09  0.5580E-09  0.5110E-09  0.4470E-09  0.3640E-09  0.2900E-09  0.2520E-09
  0.1000E+16  0.7470E-12  0.1010E-10  0.7520E-10  0.2960E-09  0.5210E-09  0.6370E-09  0.6220E-09  0.5880E-09  0.5580E-09  0.5110E-09  0.4470E-09  0.3640E-09  0.2900E-09  0.2520E-09
  0.1000E+17  0.7470E-12  0.1010E-10  0.7520E-10  0.2960E-09  0.5210E-09  0.6370E-09  0.6220E-09  0.5880E-09  0.5580E-09  0.5110E-09  0.4470E-09  0.3640E-09  0.2900E-09  0.2520E-09
WAVELENGTH(A)= 
    35.877
 7 14 t 
excit   
    52.100     78.200    130.000    261.000    521.000   1300.000   2610.000   3910.000   5210.000   7820.000  13000.000  26100.000  52100.000  78200.000 
  0.1000E+11  0.1000E-73  0.1060E-35  0.2980E-26  0.3130E-19  0.8610E-16  0.7930E-14  0.3060E-13  0.4520E-13  0.5350E-13  0.6150E-13  0.6570E-13  0.6430E-13  0.5830E-13  0.5370E-13
  0.1000E+12  0.1000E-73  0.1060E-35  0.2980E-26  0.3130E-19  0.8610E-16  0.7930E-14  0.3060E-13  0.4520E-13  0.5350E-13  0.6150E-13  0.6570E-13  0.6430E-13  0.5830E-13  0.5370E-13
  0.1000E+13  0.1000E-73  0.1060E-35  0.2980E-26  0.3130E-19  0.8610E-16  0.7930E-14  0.3060E-13  0.4520E-13  0.5350E-13  0.6150E-13  0.6570E-13  0.6430E-13  0.5830E-13  0.5370E-13
  0.1000E+14  0.1000E-73  0.1060E-35  0.2980E-26  0.3130E-19  0.8610E-16  0.7930E-14  0.3060E-13  0.4520E-13  0.5350E-13  0.6150E-13  0.6570E-13  0.6430E-13  0.5830E-13  0.5370E-13
  0.1000E+15  0.1000E-73  0.1060E-35  0.2980E-26  0.3130E-19  0.8610E-16  0.7930E-14  0.3060E-13  0.4520E-13  0.5350E-13  0.6150E-13  0.6570E-13  0.6430E-13  0.5830E-13  0.5370E-13
  0.1000E+16  0.2870E-47  0.1060E-35  0.2980E-26  0.3130E-19  0.8610E-16  0.7930E-14  0.3060E-13  0.4520E-13  0.5350E-13  0.6150E-13  0.6570E-13  0.6430E-13  0.5830E-13  0.5370E-13
  0.1000E+17  0.1440E-47  0.1060E-35  0.2980E-26  0.3130E-19  0.8610E-16  0.7930E-14  0.3060E-13  0.4520E-13  0.5350E-13  0.6150E-13  0.6570E-13  0.6430E-13  0.5830E-13  0.5370E-13
WAVELENGTH(A)= 
    38.317
 7 14 t 
excit   
    52.100     78.200    130.000    261.000    521.000   1300.000   2610.000   3910.000   5210.000   7820.000  13000.000  26100.000  52100.000  78200.000 
  0.1000E+11  0.1000E-73  0.1260E-35  0.3710E-26  0.4040E-19  0.1130E-15  0.1040E-13  0.3980E-13  0.5800E-13  0.6770E-13  0.7590E-13  0.7750E-13  0.6970E-13  0.5710E-13  0.4950E-13
  0.1000E+12  0.1000E-73  0.1260E-35  0.3710E-26  0.4040E-19  0.1130E-15  0.1040E-13  0.3980E-13  0.5800E-13  0.6770E-13  0.7590E-13  0.7750E-13  0.6970E-13  0.5710E-13  0.4950E-13
  0.1000E+13  0.1000E-73  0.1260E-35  0.3710E-26  0.4040E-19  0.1130E-15  0.1040E-13  0.3980E-13  0.5800E-13  0.6770E-13  0.7590E-13  0.7750E-13  0.6970E-13  0.5710E-13  0.4950E-13
  0.1000E+14  0.1000E-73  0.1260E-35  0.3710E-26  0.4040E-19  0.1130E-15  0.1040E-13  0.3980E-13  0.5800E-13  0.6770E-13  0.7590E-13  0.7750E-13  0.6970E-13  0.5710E-13  0.4950E-13
  0.1000E+15  0.1000E-73  0.1260E-35  0.3710E-26  0.4040E-19  0.1130E-15  0.1040E-13  0.3980E-13  0.5800E-13  0.6770E-13  0.7590E-13  0.7750E-13  0.6970E-13  0.5710E-13  0.4950E-13
  0.1000E+16  0.1000E-73  0.1260E-35  0.3710E-26  0.4040E-19  0.1130E-15  0.1040E-13  0.3980E-13  0.5800E-13  0.6770E-13  0.7590E-13  0.7750E-13  0.6970E-13  0.5710E-13  0.4950E-13
  0.1000E+17  0.1410E-47  0.1260E-35  0.3710E-26  0.4040E-19  0.1130E-15  0.1040E-13  0.3980E-13  0.5800E-13  0.6770E-13  0.7590E-13  0.7750E-13  0.6970E-13  0.5710E-13  0.4950E-13
WAVELENGTH(A)= 
    69.558
 7 14 t 
excit   
    52.100     78.200    130.000    261.000    521.000   1300.000   2610.000   3910.000   5210.000   7820.000  13000.000  26100.000  52100.000  78200.000 
  0.1000E+11  0.1150E-29  0.3830E-23  0.5780E-18  0.3810E-14  0.2710E-12  0.3080E-11  0.6200E-11  0.7410E-11  0.7870E-11  0.8030E-11  0.7660E-11  0.6640E-11  0.5460E-11  0.4800E-11
  0.1000E+12  0.1150E-29  0.3830E-23  0.5780E-18  0.3810E-14  0.2710E-12  0.3080E-11  0.6200E-11  0.7410E-11  0.7870E-11  0.8030E-11  0.7660E-11  0.6640E-11  0.5460E-11  0.4800E-11
  0.1000E+13  0.1150E-29  0.3830E-23  0.5780E-18  0.3810E-14  0.2710E-12  0.3080E-11  0.6200E-11  0.7410E-11  0.7870E-11  0.8030E-11  0.7660E-11  0.6640E-11  0.5460E-11  0.4800E-11
  0.1000E+14  0.1150E-29  0.3830E-23  0.5780E-18  0.3810E-14  0.2710E-12  0.3080E-11  0.6200E-11  0.7410E-11  0.7870E-11  0.8030E-11  0.7660E-11  0.6640E-11  0.5460E-11  0.4800E-11
  0.1000E+15  0.1150E-29  0.3830E-23  0.5780E-18  0.3810E-14  0.2710E-12  0.3080E-11  0.6200E-11  0.7410E-11  0.7870E-11  0.8030E-11  0.7660E-11  0.6640E-11  0.5460E-11  0.4800E-11
  0.1000E+16  0.1150E-29  0.3830E-23  0.5780E-18  0.3810E-14  0.2710E-12  0.3080E-11  0.6200E-11  0.7410E-11  0.7870E-11  0.8030E-11  0.7660E-11  0.6640E-11  0.5460E-11  0.4800E-11
  0.1000E+17  0.1150E-29  0.3830E-23  0.5780E-18  0.3810E-14  0.2710E-12  0.3080E-11  0.6200E-11  0.7410E-11  0.7870E-11  0.8030E-11  0.7660E-11  0.6640E-11  0.5460E-11  0.4800E-11
WAVELENGTH(A)= 
    69.648
 7 14 t 
excit   
    52.100     78.200    130.000    261.000    521.000   1300.000   2610.000   3910.000   5210.000   7820.000  13000.000  26100.000  52100.000  78200.000 
  0.1000E+11  0.3040E-38  0.2830E-29  0.3870E-22  0.7460E-17  0.2770E-14  0.7700E-13  0.2000E-12  0.2580E-12  0.2840E-12  0.3020E-12  0.2950E-12  0.2570E-12  0.2070E-12  0.1790E-12
  0.1000E+12  0.3040E-38  0.2830E-29  0.3870E-22  0.7460E-17  0.2770E-14  0.7700E-13  0.2000E-12  0.2580E-12  0.2840E-12  0.3020E-12  0.2950E-12  0.2570E-12  0.2070E-12  0.1790E-12
  0.1000E+13  0.3040E-38  0.2830E-29  0.3870E-22  0.7460E-17  0.2770E-14  0.7700E-13  0.2000E-12  0.2580E-12  0.2840E-12  0.3020E-12  0.2950E-12  0.2570E-12  0.2070E-12  0.1790E-12
  0.1000E+14  0.3040E-38  0.2830E-29  0.3870E-22  0.7460E-17  0.2770E-14  0.7700E-13  0.2000E-12  0.2580E-12  0.2840E-12  0.3020E-12  0.2950E-12  0.2570E-12  0.2070E-12  0.1790E-12
  0.1000E+15  0.3040E-38  0.2830E-29  0.3870E-22  0.7460E-17  0.2770E-14  0.7700E-13  0.2000E-12  0.2580E-12  0.2840E-12  0.3020E-12  0.2950E-12  0.2570E-12  0.2070E-12  0.1790E-12
  0.1000E+16  0.3040E-38  0.2830E-29  0.3870E-22  0.7460E-17  0.2770E-14  0.7700E-13  0.2000E-12  0.2580E-12  0.2840E-12  0.3020E-12  0.2950E-12  0.2570E-12  0.2070E-12  0.1790E-12
  0.1000E+17  0.3040E-38  0.2830E-29  0.3870E-22  0.7460E-17  0.2770E-14  0.7700E-13  0.2000E-12  0.2580E-12  0.2840E-12  0.3020E-12  0.2950E-12  0.2570E-12  0.2070E-12  0.1790E-12
WAVELENGTH(A)= 
    69.814
 7 14 t 
excit   
    52.100     78.200    130.000    261.000    521.000   1300.000   2610.000   3910.000   5210.000   7820.000  13000.000  26100.000  52100.000  78200.000 
  0.1000E+11  0.1500E-34  0.7770E-27  0.1060E-20  0.3780E-16  0.6410E-14  0.1200E-12  0.2950E-12  0.3910E-12  0.4530E-12  0.5250E-12  0.5900E-12  0.6330E-12  0.6270E-12  0.6070E-12
  0.1000E+12  0.1500E-34  0.7770E-27  0.1060E-20  0.3780E-16  0.6410E-14  0.1200E-12  0.2950E-12  0.3910E-12  0.4530E-12  0.5250E-12  0.5900E-12  0.6330E-12  0.6270E-12  0.6070E-12
  0.1000E+13  0.1500E-34  0.7770E-27  0.1060E-20  0.3780E-16  0.6410E-14  0.1200E-12  0.2950E-12  0.3910E-12  0.4530E-12  0.5250E-12  0.5900E-12  0.6330E-12  0.6270E-12  0.6070E-12
  0.1000E+14  0.1500E-34  0.7770E-27  0.1060E-20  0.3780E-16  0.6410E-14  0.1200E-12  0.2950E-12  0.3910E-12  0.4530E-12  0.5250E-12  0.5900E-12  0.6330E-12  0.6270E-12  0.6070E-12
  0.1000E+15  0.1500E-34  0.7770E-27  0.1060E-20  0.3780E-16  0.6410E-14  0.1200E-12  0.2950E-12  0.3910E-12  0.4530E-12  0.5250E-12  0.5900E-12  0.6330E-12  0.6270E-12  0.6070E-12
  0.1000E+16  0.1500E-34  0.7770E-27  0.1060E-20  0.3780E-16  0.6410E-14  0.1200E-12  0.2950E-12  0.3910E-12  0.4530E-12  0.5250E-12  0.5900E-12  0.6330E-12  0.6270E-12  0.6070E-12
  0.1000E+17  0.1500E-34  0.7770E-27  0.1060E-20  0.3780E-16  0.6410E-14  0.1200E-12  0.2950E-12  0.3910E-12  0.4530E-12  0.5250E-12  0.5900E-12  0.6330E-12  0.6270E-12  0.6070E-12
