 50  7 14
WAVELENGTH(A)= 
     1.004
 7 14 t 
excit   
    77.400    116.000    193.000    387.000    774.000   1930.000   3870.000   5800.000   7740.000  11600.000  19300.000  38700.000  77400.000 116000.000 
  0.1000E+11  0.1000E-73  0.1000E-73  0.1060E-38  0.5460E-25  0.3280E-18  0.3000E-14  0.5250E-13  0.1270E-12  0.1910E-12  0.2760E-12  0.3560E-12  0.4030E-12  0.4010E-12  0.3850E-12
  0.1000E+12  0.1000E-73  0.1000E-73  0.1040E-38  0.5370E-25  0.2950E-18  0.2330E-14  0.3810E-13  0.8870E-13  0.1320E-12  0.1860E-12  0.2380E-12  0.2740E-12  0.2810E-12  0.2770E-12
  0.1000E+13  0.1000E-73  0.1000E-73  0.1040E-38  0.4660E-25  0.1720E-18  0.9860E-15  0.1450E-13  0.3240E-13  0.4690E-13  0.6470E-13  0.8090E-13  0.9260E-13  0.9630E-13  0.9620E-13
  0.1000E+14  0.1000E-73  0.1000E-73  0.1010E-38  0.3100E-25  0.9330E-19  0.5400E-15  0.7970E-14  0.1780E-13  0.2580E-13  0.3540E-13  0.4360E-13  0.4790E-13  0.4700E-13  0.4520E-13
  0.1000E+15  0.1000E-73  0.1000E-73  0.9570E-39  0.2530E-25  0.8090E-19  0.4850E-15  0.7200E-14  0.1610E-13  0.2340E-13  0.3210E-13  0.3940E-13  0.4280E-13  0.4130E-13  0.3910E-13
  0.1000E+16  0.1000E-73  0.1000E-73  0.9440E-39  0.2460E-25  0.7960E-19  0.4790E-15  0.7120E-14  0.1590E-13  0.2310E-13  0.3170E-13  0.3900E-13  0.4220E-13  0.4070E-13  0.3850E-13
  0.1000E+17  0.1000E-73  0.1000E-73  0.9420E-39  0.2450E-25  0.7940E-19  0.4780E-15  0.7110E-14  0.1590E-13  0.2310E-13  0.3170E-13  0.3890E-13  0.4220E-13  0.4060E-13  0.3840E-13
WAVELENGTH(A)= 
     1.005
 7 14 t 
excit   
    77.400    116.000    193.000    387.000    774.000   1930.000   3870.000   5800.000   7740.000  11600.000  19300.000  38700.000  77400.000 116000.000 
  0.1000E+11  0.1000E-73  0.1000E-73  0.1000E-73  0.9330E-28  0.6130E-20  0.2320E-15  0.6410E-14  0.1780E-13  0.2840E-13  0.4300E-13  0.5500E-13  0.5770E-13  0.5060E-13  0.4470E-13
  0.1000E+12  0.1000E-73  0.1000E-73  0.1000E-73  0.9150E-28  0.5500E-20  0.1790E-15  0.4620E-14  0.1240E-13  0.1940E-13  0.2880E-13  0.3650E-13  0.3890E-13  0.3530E-13  0.3200E-13
  0.1000E+13  0.1000E-73  0.1000E-73  0.1000E-73  0.7860E-28  0.3150E-20  0.7370E-16  0.1710E-14  0.4360E-14  0.6660E-14  0.9620E-14  0.1190E-13  0.1270E-13  0.1170E-13  0.1080E-13
  0.1000E+14  0.1000E-73  0.1000E-73  0.1810E-43  0.5020E-28  0.1630E-20  0.3870E-16  0.8950E-15  0.2290E-14  0.3490E-14  0.5000E-14  0.6100E-14  0.6190E-14  0.5380E-14  0.4760E-14
  0.1000E+15  0.1000E-73  0.1000E-73  0.1310E-43  0.4000E-28  0.1390E-20  0.3440E-16  0.8000E-15  0.2050E-14  0.3120E-14  0.4480E-14  0.5430E-14  0.5450E-14  0.4640E-14  0.4050E-14
  0.1000E+16  0.1000E-73  0.1000E-73  0.1250E-43  0.3870E-28  0.1370E-20  0.3400E-16  0.7900E-15  0.2020E-14  0.3090E-14  0.4420E-14  0.5360E-14  0.5370E-14  0.4570E-14  0.3980E-14
  0.1000E+17  0.1000E-73  0.1000E-73  0.1240E-43  0.3850E-28  0.1370E-20  0.3390E-16  0.7890E-15  0.2020E-14  0.3080E-14  0.4420E-14  0.5360E-14  0.5360E-14  0.4560E-14  0.3970E-14
WAVELENGTH(A)= 
     1.045
 7 14 t 
excit   
    77.400    116.000    193.000    387.000    774.000   1930.000   3870.000   5800.000   7740.000  11600.000  19300.000  38700.000  77400.000 116000.000 
  0.1000E+11  0.1000E-73  0.1000E-73  0.3220E-37  0.4820E-24  0.1560E-17  0.9880E-14  0.1560E-12  0.3670E-12  0.5490E-12  0.7990E-12  0.1040E-11  0.1220E-11  0.1260E-11  0.1250E-11
  0.1000E+12  0.1000E-73  0.1000E-73  0.3230E-37  0.4780E-24  0.1430E-17  0.7900E-14  0.1160E-12  0.2650E-12  0.3900E-12  0.5570E-12  0.7210E-12  0.8570E-12  0.9130E-12  0.9200E-12
  0.1000E+13  0.1000E-73  0.1000E-73  0.3300E-37  0.4450E-24  0.9500E-18  0.3910E-14  0.5240E-13  0.1150E-12  0.1660E-12  0.2320E-12  0.2950E-12  0.3470E-12  0.3700E-12  0.3750E-12
  0.1000E+14  0.1000E-73  0.1000E-73  0.3740E-37  0.3720E-24  0.6400E-18  0.2580E-14  0.3460E-13  0.7620E-13  0.1100E-12  0.1540E-12  0.1930E-12  0.2210E-12  0.2250E-12  0.2210E-12
  0.1000E+15  0.1000E-73  0.1000E-73  0.4410E-37  0.3460E-24  0.5910E-18  0.2420E-14  0.3250E-13  0.7160E-13  0.1030E-12  0.1450E-12  0.1820E-12  0.2060E-12  0.2080E-12  0.2030E-12
  0.1000E+16  0.1000E-73  0.1000E-73  0.4580E-37  0.3420E-24  0.5860E-18  0.2400E-14  0.3220E-13  0.7120E-13  0.1030E-12  0.1440E-12  0.1810E-12  0.2050E-12  0.2070E-12  0.2010E-12
  0.1000E+17  0.1000E-73  0.1000E-73  0.4600E-37  0.3420E-24  0.5850E-18  0.2400E-14  0.3220E-13  0.7110E-13  0.1030E-12  0.1440E-12  0.1810E-12  0.2050E-12  0.2070E-12  0.2010E-12
WAVELENGTH(A)= 
     1.114
 7 14 t 
excit   
    77.400    116.000    193.000    387.000    774.000   1930.000   3870.000   5800.000   7740.000  11600.000  19300.000  38700.000  77400.000 116000.000 
  0.1000E+11  0.1000E-73  0.1000E-73  0.2210E-37  0.3310E-24  0.1070E-17  0.6780E-14  0.1070E-12  0.2510E-12  0.3760E-12  0.5480E-12  0.7150E-12  0.8380E-12  0.8660E-12  0.8550E-12
  0.1000E+12  0.1000E-73  0.1000E-73  0.2210E-37  0.3280E-24  0.9820E-18  0.5420E-14  0.7980E-13  0.1820E-12  0.2670E-12  0.3820E-12  0.4940E-12  0.5870E-12  0.6260E-12  0.6300E-12
  0.1000E+13  0.1000E-73  0.1000E-73  0.2260E-37  0.3050E-24  0.6510E-18  0.2680E-14  0.3590E-13  0.7890E-13  0.1140E-12  0.1590E-12  0.2020E-12  0.2380E-12  0.2540E-12  0.2570E-12
  0.1000E+14  0.1000E-73  0.1000E-73  0.2560E-37  0.2550E-24  0.4390E-18  0.1770E-14  0.2370E-13  0.5220E-13  0.7530E-13  0.1050E-12  0.1330E-12  0.1510E-12  0.1540E-12  0.1520E-12
  0.1000E+15  0.1000E-73  0.1000E-73  0.3020E-37  0.2370E-24  0.4050E-18  0.1660E-14  0.2220E-13  0.4910E-13  0.7090E-13  0.9910E-13  0.1250E-12  0.1410E-12  0.1430E-12  0.1390E-12
  0.1000E+16  0.1000E-73  0.1000E-73  0.3140E-37  0.2350E-24  0.4020E-18  0.1650E-14  0.2210E-13  0.4880E-13  0.7040E-13  0.9850E-13  0.1240E-12  0.1400E-12  0.1420E-12  0.1380E-12
  0.1000E+17  0.1000E-73  0.1000E-73  0.3160E-37  0.2340E-24  0.4010E-18  0.1650E-14  0.2210E-13  0.4880E-13  0.7040E-13  0.9840E-13  0.1240E-12  0.1400E-12  0.1420E-12  0.1380E-12
WAVELENGTH(A)= 
     1.131
 7 14 t 
excit   
    77.400    116.000    193.000    387.000    774.000   1930.000   3870.000   5800.000   7740.000  11600.000  19300.000  38700.000  77400.000 116000.000 
  0.1000E+11  0.1000E-73  0.1000E-73  0.1110E-35  0.1610E-23  0.1640E-17  0.5330E-14  0.7030E-13  0.1590E-12  0.2350E-12  0.3400E-12  0.4530E-12  0.5580E-12  0.6120E-12  0.6220E-12
  0.1000E+12  0.1000E-73  0.1000E-73  0.1110E-35  0.1580E-23  0.1470E-17  0.4130E-14  0.5070E-13  0.1110E-12  0.1600E-12  0.2280E-12  0.3000E-12  0.3770E-12  0.4270E-12  0.4450E-12
  0.1000E+13  0.1000E-73  0.1000E-73  0.1100E-35  0.1360E-23  0.8390E-18  0.1700E-14  0.1870E-13  0.3900E-13  0.5500E-13  0.7610E-13  0.9840E-13  0.1230E-12  0.1410E-12  0.1500E-12
  0.1000E+14  0.1000E-73  0.1000E-73  0.1040E-35  0.8690E-24  0.4360E-18  0.8920E-15  0.9840E-14  0.2050E-13  0.2890E-13  0.3970E-13  0.5030E-13  0.6010E-13  0.6510E-13  0.6630E-13
  0.1000E+15  0.1000E-73  0.1000E-73  0.9490E-36  0.6920E-24  0.3720E-18  0.7930E-15  0.8790E-14  0.1830E-13  0.2590E-13  0.3550E-13  0.4480E-13  0.5290E-13  0.5620E-13  0.5640E-13
  0.1000E+16  0.1000E-73  0.1000E-73  0.9250E-36  0.6690E-24  0.3660E-18  0.7820E-15  0.8690E-14  0.1810E-13  0.2550E-13  0.3510E-13  0.4430E-13  0.5210E-13  0.5530E-13  0.5540E-13
  0.1000E+17  0.1000E-73  0.1000E-73  0.9220E-36  0.6670E-24  0.3650E-18  0.7810E-15  0.8680E-14  0.1810E-13  0.2550E-13  0.3500E-13  0.4420E-13  0.5210E-13  0.5530E-13  0.5530E-13
WAVELENGTH(A)= 
     1.146
 7 14 t 
excit   
    77.400    116.000    193.000    387.000    774.000   1930.000   3870.000   5800.000   7740.000  11600.000  19300.000  38700.000  77400.000 116000.000 
  0.1000E+11  0.1000E-73  0.1000E-73  0.1390E-36  0.2040E-24  0.2400E-18  0.9530E-15  0.1440E-13  0.3420E-13  0.5130E-13  0.7410E-13  0.9390E-13  0.1020E-12  0.9700E-13  0.9050E-13
  0.1000E+12  0.1000E-73  0.1000E-73  0.1400E-36  0.2060E-24  0.2310E-18  0.8180E-15  0.1170E-13  0.2690E-13  0.3980E-13  0.5670E-13  0.7120E-13  0.7820E-13  0.7560E-13  0.7160E-13
  0.1000E+13  0.1000E-73  0.1000E-73  0.1520E-36  0.2230E-24  0.1960E-18  0.5450E-15  0.7190E-14  0.1620E-13  0.2360E-13  0.3320E-13  0.4110E-13  0.4450E-13  0.4250E-13  0.4020E-13
  0.1000E+14  0.1000E-73  0.1000E-73  0.2270E-36  0.2610E-24  0.1740E-18  0.4550E-15  0.5950E-14  0.1340E-13  0.1960E-13  0.2750E-13  0.3400E-13  0.3620E-13  0.3370E-13  0.3130E-13
  0.1000E+15  0.1000E-73  0.1000E-73  0.3420E-36  0.2750E-24  0.1710E-18  0.4430E-15  0.5800E-14  0.1310E-13  0.1910E-13  0.2680E-13  0.3310E-13  0.3520E-13  0.3270E-13  0.3020E-13
  0.1000E+16  0.1000E-73  0.1000E-73  0.3720E-36  0.2760E-24  0.1700E-18  0.4420E-15  0.5790E-14  0.1310E-13  0.1910E-13  0.2680E-13  0.3310E-13  0.3510E-13  0.3260E-13  0.3010E-13
  0.1000E+17  0.1000E-73  0.1000E-73  0.3750E-36  0.2770E-24  0.1700E-18  0.4420E-15  0.5790E-14  0.1310E-13  0.1910E-13  0.2680E-13  0.3300E-13  0.3510E-13  0.3260E-13  0.3010E-13
WAVELENGTH(A)= 
     1.150
 7 14 t 
excit   
    77.400    116.000    193.000    387.000    774.000   1930.000   3870.000   5800.000   7740.000  11600.000  19300.000  38700.000  77400.000 116000.000 
  0.1000E+11  0.1000E-73  0.1000E-73  0.1820E-35  0.1640E-23  0.1310E-17  0.3700E-14  0.4650E-13  0.1030E-12  0.1510E-12  0.2180E-12  0.2880E-12  0.3500E-12  0.3770E-12  0.3800E-12
  0.1000E+12  0.1000E-73  0.1000E-73  0.1820E-35  0.1620E-23  0.1180E-17  0.2880E-14  0.3380E-13  0.7260E-13  0.1040E-12  0.1470E-12  0.1930E-12  0.2380E-12  0.2650E-12  0.2740E-12
  0.1000E+13  0.1000E-73  0.1000E-73  0.1820E-35  0.1410E-23  0.6990E-18  0.1240E-14  0.1310E-13  0.2690E-13  0.3770E-13  0.5190E-13  0.6660E-13  0.8170E-13  0.9220E-13  0.9650E-13
  0.1000E+14  0.1000E-73  0.1000E-73  0.1790E-35  0.9650E-24  0.3890E-18  0.6930E-15  0.7320E-14  0.1510E-13  0.2120E-13  0.2900E-13  0.3660E-13  0.4320E-13  0.4610E-13  0.4640E-13
  0.1000E+15  0.1000E-73  0.1000E-73  0.1750E-35  0.8030E-24  0.3400E-18  0.6250E-15  0.6640E-14  0.1370E-13  0.1930E-13  0.2640E-13  0.3320E-13  0.3870E-13  0.4070E-13  0.4050E-13
  0.1000E+16  0.1000E-73  0.1000E-73  0.1740E-35  0.7830E-24  0.3350E-18  0.6180E-15  0.6570E-14  0.1360E-13  0.1910E-13  0.2610E-13  0.3290E-13  0.3830E-13  0.4010E-13  0.3990E-13
  0.1000E+17  0.1000E-73  0.1000E-73  0.1740E-35  0.7810E-24  0.3340E-18  0.6170E-15  0.6570E-14  0.1360E-13  0.1900E-13  0.2610E-13  0.3280E-13  0.3820E-13  0.4010E-13  0.3980E-13
WAVELENGTH(A)= 
     1.166
 7 14 t 
excit   
    77.400    116.000    193.000    387.000    774.000   1930.000   3870.000   5800.000   7740.000  11600.000  19300.000  38700.000  77400.000 116000.000 
  0.1000E+11  0.1000E-73  0.1000E-73  0.1080E-38  0.1460E-25  0.6060E-19  0.4460E-15  0.8030E-14  0.2070E-13  0.3260E-13  0.4970E-13  0.6520E-13  0.7120E-13  0.6540E-13  0.5940E-13
  0.1000E+12  0.1000E-73  0.1000E-73  0.1090E-37  0.1390E-24  0.5140E-18  0.2900E-14  0.4250E-13  0.9950E-13  0.1490E-12  0.2160E-12  0.2750E-12  0.2980E-12  0.2770E-12  0.2530E-12
  0.1000E+13  0.1000E-73  0.1000E-73  0.1030E-36  0.1050E-23  0.2200E-17  0.7830E-14  0.9870E-13  0.2170E-12  0.3140E-12  0.4410E-12  0.5540E-12  0.6150E-12  0.6030E-12  0.5750E-12
  0.1000E+14  0.1000E-73  0.1000E-73  0.6860E-36  0.3070E-23  0.3290E-17  0.9470E-14  0.1140E-12  0.2470E-12  0.3550E-12  0.4950E-12  0.6200E-12  0.6930E-12  0.6910E-12  0.6660E-12
  0.1000E+15  0.1000E-73  0.1000E-73  0.1580E-35  0.3800E-23  0.3460E-17  0.9670E-14  0.1160E-12  0.2500E-12  0.3600E-12  0.5010E-12  0.6280E-12  0.7020E-12  0.7010E-12  0.6760E-12
  0.1000E+16  0.1000E-73  0.1000E-73  0.1810E-35  0.3890E-23  0.3480E-17  0.9690E-14  0.1160E-12  0.2510E-12  0.3600E-12  0.5020E-12  0.6280E-12  0.7030E-12  0.7020E-12  0.6770E-12
  0.1000E+17  0.1000E-73  0.1000E-73  0.1840E-35  0.3900E-23  0.3480E-17  0.9690E-14  0.1160E-12  0.2510E-12  0.3610E-12  0.5020E-12  0.6280E-12  0.7030E-12  0.7020E-12  0.6780E-12
WAVELENGTH(A)= 
     1.173
 7 14 t 
excit   
    77.400    116.000    193.000    387.000    774.000   1930.000   3870.000   5800.000   7740.000  11600.000  19300.000  38700.000  77400.000 116000.000 
  0.1000E+11  0.1000E-73  0.1000E-73  0.1140E-36  0.4030E-24  0.6400E-18  0.2680E-14  0.3750E-13  0.8470E-13  0.1230E-12  0.1700E-12  0.2060E-12  0.2120E-12  0.1900E-12  0.1710E-12
  0.1000E+12  0.1000E-73  0.1000E-73  0.1150E-36  0.4070E-24  0.6140E-18  0.2290E-14  0.3010E-13  0.6610E-13  0.9410E-13  0.1280E-12  0.1540E-12  0.1600E-12  0.1460E-12  0.1340E-12
  0.1000E+13  0.1000E-73  0.1000E-73  0.1250E-36  0.4400E-24  0.5190E-18  0.1490E-14  0.1800E-13  0.3830E-13  0.5380E-13  0.7220E-13  0.8550E-13  0.8740E-13  0.7910E-13  0.7240E-13
  0.1000E+14  0.1000E-73  0.1000E-73  0.1870E-36  0.5130E-24  0.4570E-18  0.1230E-14  0.1460E-13  0.3110E-13  0.4370E-13  0.5870E-13  0.6910E-13  0.6940E-13  0.6120E-13  0.5490E-13
  0.1000E+15  0.1000E-73  0.1000E-73  0.2830E-36  0.5400E-24  0.4470E-18  0.1200E-14  0.1420E-13  0.3030E-13  0.4260E-13  0.5710E-13  0.6730E-13  0.6740E-13  0.5910E-13  0.5280E-13
  0.1000E+16  0.1000E-73  0.1000E-73  0.3080E-36  0.5430E-24  0.4460E-18  0.1190E-14  0.1420E-13  0.3020E-13  0.4240E-13  0.5700E-13  0.6710E-13  0.6720E-13  0.5890E-13  0.5260E-13
  0.1000E+17  0.1000E-73  0.1000E-73  0.3110E-36  0.5430E-24  0.4460E-18  0.1190E-14  0.1420E-13  0.3020E-13  0.4240E-13  0.5700E-13  0.6700E-13  0.6710E-13  0.5890E-13  0.5260E-13
WAVELENGTH(A)= 
     1.183
 7 14 t 
excit   
    77.400    116.000    193.000    387.000    774.000   1930.000   3870.000   5800.000   7740.000  11600.000  19300.000  38700.000  77400.000 116000.000 
  0.1000E+11  0.1000E-73  0.1000E-73  0.2180E-37  0.3260E-24  0.1060E-17  0.6680E-14  0.1050E-12  0.2480E-12  0.3710E-12  0.5400E-12  0.7050E-12  0.8270E-12  0.8540E-12  0.8430E-12
  0.1000E+12  0.1000E-73  0.1000E-73  0.2180E-37  0.3230E-24  0.9690E-18  0.5340E-14  0.7870E-13  0.1790E-12  0.2640E-12  0.3770E-12  0.4880E-12  0.5790E-12  0.6170E-12  0.6220E-12
  0.1000E+13  0.1000E-73  0.1000E-73  0.2230E-37  0.3010E-24  0.6420E-18  0.2640E-14  0.3540E-13  0.7780E-13  0.1120E-12  0.1570E-12  0.1990E-12  0.2340E-12  0.2500E-12  0.2540E-12
  0.1000E+14  0.1000E-73  0.1000E-73  0.2530E-37  0.2510E-24  0.4320E-18  0.1750E-14  0.2340E-13  0.5150E-13  0.7430E-13  0.1040E-12  0.1310E-12  0.1490E-12  0.1520E-12  0.1500E-12
  0.1000E+15  0.1000E-73  0.1000E-73  0.2980E-37  0.2340E-24  0.4000E-18  0.1640E-14  0.2190E-13  0.4840E-13  0.6990E-13  0.9770E-13  0.1230E-12  0.1390E-12  0.1410E-12  0.1370E-12
  0.1000E+16  0.1000E-73  0.1000E-73  0.3100E-37  0.2310E-24  0.3960E-18  0.1630E-14  0.2180E-13  0.4810E-13  0.6950E-13  0.9710E-13  0.1220E-12  0.1380E-12  0.1400E-12  0.1360E-12
  0.1000E+17  0.1000E-73  0.1000E-73  0.3110E-37  0.2310E-24  0.3960E-18  0.1620E-14  0.2180E-13  0.4810E-13  0.6940E-13  0.9710E-13  0.1220E-12  0.1380E-12  0.1400E-12  0.1360E-12
WAVELENGTH(A)= 
     1.230
 7 14 t 
excit   
    77.400    116.000    193.000    387.000    774.000   1930.000   3870.000   5800.000   7740.000  11600.000  19300.000  38700.000  77400.000 116000.000 
  0.1000E+11  0.1000E-73  0.1000E-73  0.2340E-36  0.3450E-24  0.4060E-18  0.1610E-14  0.2440E-13  0.5780E-13  0.8670E-13  0.1250E-12  0.1590E-12  0.1730E-12  0.1640E-12  0.1530E-12
  0.1000E+12  0.1000E-73  0.1000E-73  0.2370E-36  0.3490E-24  0.3900E-18  0.1380E-14  0.1970E-13  0.4560E-13  0.6730E-13  0.9590E-13  0.1210E-12  0.1320E-12  0.1280E-12  0.1210E-12
  0.1000E+13  0.1000E-73  0.1000E-73  0.2570E-36  0.3780E-24  0.3320E-18  0.9220E-15  0.1220E-13  0.2740E-13  0.3990E-13  0.5610E-13  0.6960E-13  0.7530E-13  0.7200E-13  0.6790E-13
  0.1000E+14  0.1000E-73  0.1000E-73  0.3840E-36  0.4420E-24  0.2950E-18  0.7690E-15  0.1010E-13  0.2270E-13  0.3310E-13  0.4650E-13  0.5740E-13  0.6120E-13  0.5710E-13  0.5290E-13
  0.1000E+15  0.1000E-73  0.1000E-73  0.5780E-36  0.4650E-24  0.2890E-18  0.7500E-15  0.9820E-14  0.2210E-13  0.3230E-13  0.4540E-13  0.5610E-13  0.5960E-13  0.5530E-13  0.5110E-13
  0.1000E+16  0.1000E-73  0.1000E-73  0.6290E-36  0.4680E-24  0.2880E-18  0.7480E-15  0.9790E-14  0.2210E-13  0.3230E-13  0.4530E-13  0.5590E-13  0.5940E-13  0.5510E-13  0.5090E-13
  0.1000E+17  0.1000E-73  0.1000E-73  0.6350E-36  0.4680E-24  0.2880E-18  0.7480E-15  0.9790E-14  0.2210E-13  0.3230E-13  0.4530E-13  0.5590E-13  0.5940E-13  0.5510E-13  0.5090E-13
WAVELENGTH(A)= 
     1.235
 7 14 t 
excit   
    77.400    116.000    193.000    387.000    774.000   1930.000   3870.000   5800.000   7740.000  11600.000  19300.000  38700.000  77400.000 116000.000 
  0.1000E+11  0.1000E-73  0.1000E-73  0.3190E-36  0.2870E-24  0.2290E-18  0.6460E-15  0.8120E-14  0.1810E-13  0.2650E-13  0.3810E-13  0.5030E-13  0.6120E-13  0.6600E-13  0.6650E-13
  0.1000E+12  0.1000E-73  0.1000E-73  0.3190E-36  0.2820E-24  0.2070E-18  0.5040E-15  0.5910E-14  0.1270E-13  0.1820E-13  0.2570E-13  0.3370E-13  0.4160E-13  0.4640E-13  0.4790E-13
  0.1000E+13  0.1000E-73  0.1000E-73  0.3180E-36  0.2470E-24  0.1220E-18  0.2160E-15  0.2290E-14  0.4710E-14  0.6600E-14  0.9070E-14  0.1160E-13  0.1430E-13  0.1610E-13  0.1690E-13
  0.1000E+14  0.1000E-73  0.1000E-73  0.3130E-36  0.1690E-24  0.6800E-19  0.1210E-15  0.1280E-14  0.2640E-14  0.3700E-14  0.5070E-14  0.6400E-14  0.7540E-14  0.8060E-14  0.8120E-14
  0.1000E+15  0.1000E-73  0.1000E-73  0.3060E-36  0.1400E-24  0.5940E-19  0.1090E-15  0.1160E-14  0.2400E-14  0.3370E-14  0.4610E-14  0.5810E-14  0.6770E-14  0.7110E-14  0.7080E-14
  0.1000E+16  0.1000E-73  0.1000E-73  0.3050E-36  0.1370E-24  0.5850E-19  0.1080E-15  0.1150E-14  0.2380E-14  0.3330E-14  0.4560E-14  0.5750E-14  0.6690E-14  0.7020E-14  0.6970E-14
  0.1000E+17  0.1000E-73  0.1000E-73  0.3040E-36  0.1370E-24  0.5840E-19  0.1080E-15  0.1150E-14  0.2370E-14  0.3330E-14  0.4560E-14  0.5740E-14  0.6680E-14  0.7010E-14  0.6960E-14
WAVELENGTH(A)= 
     1.236
 7 14 t 
excit   
    77.400    116.000    193.000    387.000    774.000   1930.000   3870.000   5800.000   7740.000  11600.000  19300.000  38700.000  77400.000 116000.000 
  0.1000E+11  0.1000E-73  0.1000E-73  0.3470E-36  0.3130E-24  0.2620E-18  0.7400E-15  0.8940E-14  0.1930E-13  0.2780E-13  0.3870E-13  0.4870E-13  0.5450E-13  0.5440E-13  0.5250E-13
  0.1000E+12  0.1000E-73  0.1000E-73  0.3970E-36  0.4370E-24  0.4490E-18  0.1300E-14  0.1530E-13  0.3300E-13  0.4720E-13  0.6570E-13  0.8200E-13  0.9020E-13  0.8730E-13  0.8270E-13
  0.1000E+13  0.1000E-73  0.1000E-73  0.8700E-36  0.1350E-23  0.1150E-17  0.2430E-14  0.2570E-13  0.5320E-13  0.7470E-13  0.1020E-12  0.1260E-12  0.1400E-12  0.1380E-12  0.1330E-12
  0.1000E+14  0.1000E-73  0.1000E-73  0.3860E-35  0.3360E-23  0.1600E-17  0.2810E-14  0.2860E-13  0.5850E-13  0.8160E-13  0.1110E-12  0.1370E-12  0.1520E-12  0.1520E-12  0.1470E-12
  0.1000E+15  0.1000E-73  0.1000E-73  0.8410E-35  0.4090E-23  0.1670E-17  0.2850E-14  0.2900E-13  0.5910E-13  0.8240E-13  0.1120E-12  0.1380E-12  0.1540E-12  0.1530E-12  0.1490E-12
  0.1000E+16  0.1000E-73  0.1000E-73  0.9620E-35  0.4180E-23  0.1680E-17  0.2860E-14  0.2900E-13  0.5910E-13  0.8240E-13  0.1120E-12  0.1380E-12  0.1540E-12  0.1530E-12  0.1490E-12
  0.1000E+17  0.1000E-73  0.1000E-73  0.9760E-35  0.4190E-23  0.1680E-17  0.2860E-14  0.2900E-13  0.5910E-13  0.8240E-13  0.1120E-12  0.1380E-12  0.1540E-12  0.1530E-12  0.1490E-12
WAVELENGTH(A)= 
     1.246
 7 14 t 
excit   
    77.400    116.000    193.000    387.000    774.000   1930.000   3870.000   5800.000   7740.000  11600.000  19300.000  38700.000  77400.000 116000.000 
  0.1000E+11  0.1000E-73  0.1000E-73  0.3830E-37  0.8220E-25  0.1390E-18  0.5650E-15  0.7870E-14  0.1840E-13  0.2770E-13  0.4010E-13  0.5050E-13  0.5350E-13  0.4800E-13  0.4280E-13
  0.1000E+12  0.1000E-73  0.1000E-73  0.3800E-36  0.7940E-24  0.1190E-17  0.3830E-14  0.4600E-13  0.1010E-12  0.1470E-12  0.2060E-12  0.2560E-12  0.2750E-12  0.2570E-12  0.2350E-12
  0.1000E+13  0.1000E-73  0.1000E-73  0.3610E-35  0.6010E-23  0.5100E-17  0.1040E-13  0.1080E-12  0.2240E-12  0.3140E-12  0.4290E-12  0.5290E-12  0.5850E-12  0.5790E-12  0.5540E-12
  0.1000E+14  0.1000E-73  0.1000E-73  0.2400E-34  0.1750E-22  0.7620E-17  0.1260E-13  0.1260E-12  0.2560E-12  0.3560E-12  0.4830E-12  0.5940E-12  0.6610E-12  0.6650E-12  0.6440E-12
  0.1000E+15  0.1000E-73  0.1000E-73  0.5500E-34  0.2170E-22  0.8010E-17  0.1280E-13  0.1280E-12  0.2600E-12  0.3610E-12  0.4890E-12  0.6010E-12  0.6700E-12  0.6750E-12  0.6550E-12
  0.1000E+16  0.1000E-73  0.1000E-73  0.6320E-34  0.2220E-22  0.8050E-17  0.1290E-13  0.1280E-12  0.2600E-12  0.3620E-12  0.4900E-12  0.6020E-12  0.6710E-12  0.6760E-12  0.6560E-12
  0.1000E+17  0.1000E-73  0.1000E-73  0.6420E-34  0.2230E-22  0.8060E-17  0.1290E-13  0.1280E-12  0.2600E-12  0.3620E-12  0.4900E-12  0.6020E-12  0.6710E-12  0.6760E-12  0.6560E-12
WAVELENGTH(A)= 
     1.249
 7 14 t 
excit   
    77.400    116.000    193.000    387.000    774.000   1930.000   3870.000   5800.000   7740.000  11600.000  19300.000  38700.000  77400.000 116000.000 
  0.1000E+11  0.1000E-73  0.1000E-73  0.1280E-36  0.4530E-24  0.7190E-18  0.3010E-14  0.4220E-13  0.9520E-13  0.1380E-12  0.1910E-12  0.2310E-12  0.2380E-12  0.2130E-12  0.1930E-12
  0.1000E+12  0.1000E-73  0.1000E-73  0.1290E-36  0.4580E-24  0.6900E-18  0.2570E-14  0.3380E-13  0.7420E-13  0.1060E-12  0.1440E-12  0.1730E-12  0.1800E-12  0.1640E-12  0.1510E-12
  0.1000E+13  0.1000E-73  0.1000E-73  0.1400E-36  0.4950E-24  0.5830E-18  0.1680E-14  0.2020E-13  0.4300E-13  0.6040E-13  0.8120E-13  0.9610E-13  0.9820E-13  0.8890E-13  0.8130E-13
  0.1000E+14  0.1000E-73  0.1000E-73  0.2110E-36  0.5770E-24  0.5140E-18  0.1380E-14  0.1640E-13  0.3500E-13  0.4910E-13  0.6590E-13  0.7770E-13  0.7800E-13  0.6880E-13  0.6170E-13
  0.1000E+15  0.1000E-73  0.1000E-73  0.3180E-36  0.6060E-24  0.5030E-18  0.1340E-14  0.1600E-13  0.3400E-13  0.4780E-13  0.6420E-13  0.7560E-13  0.7570E-13  0.6640E-13  0.5940E-13
  0.1000E+16  0.1000E-73  0.1000E-73  0.3460E-36  0.6100E-24  0.5020E-18  0.1340E-14  0.1590E-13  0.3390E-13  0.4770E-13  0.6400E-13  0.7540E-13  0.7550E-13  0.6620E-13  0.5910E-13
  0.1000E+17  0.1000E-73  0.1000E-73  0.3490E-36  0.6100E-24  0.5020E-18  0.1340E-14  0.1590E-13  0.3390E-13  0.4770E-13  0.6400E-13  0.7530E-13  0.7540E-13  0.6610E-13  0.5910E-13
WAVELENGTH(A)= 
     1.314
 7 14 t 
excit   
    77.400    116.000    193.000    387.000    774.000   1930.000   3870.000   5800.000   7740.000  11600.000  19300.000  38700.000  77400.000 116000.000 
  0.1000E+11  0.1000E-73  0.1000E-73  0.2800E-36  0.4120E-24  0.4850E-18  0.1930E-14  0.2910E-13  0.6910E-13  0.1040E-12  0.1500E-12  0.1900E-12  0.2070E-12  0.1960E-12  0.1830E-12
  0.1000E+12  0.1000E-73  0.1000E-73  0.2830E-36  0.4170E-24  0.4670E-18  0.1650E-14  0.2360E-13  0.5450E-13  0.8050E-13  0.1150E-12  0.1440E-12  0.1580E-12  0.1530E-12  0.1450E-12
  0.1000E+13  0.1000E-73  0.1000E-73  0.3070E-36  0.4510E-24  0.3970E-18  0.1100E-14  0.1450E-13  0.3270E-13  0.4770E-13  0.6700E-13  0.8320E-13  0.9000E-13  0.8600E-13  0.8120E-13
  0.1000E+14  0.1000E-73  0.1000E-73  0.4590E-36  0.5280E-24  0.3520E-18  0.9190E-15  0.1200E-13  0.2710E-13  0.3960E-13  0.5560E-13  0.6870E-13  0.7310E-13  0.6820E-13  0.6320E-13
  0.1000E+15  0.1000E-73  0.1000E-73  0.6910E-36  0.5550E-24  0.3450E-18  0.8970E-15  0.1170E-13  0.2650E-13  0.3870E-13  0.5430E-13  0.6700E-13  0.7120E-13  0.6610E-13  0.6110E-13
  0.1000E+16  0.1000E-73  0.1000E-73  0.7520E-36  0.5590E-24  0.3450E-18  0.8940E-15  0.1170E-13  0.2640E-13  0.3860E-13  0.5420E-13  0.6680E-13  0.7100E-13  0.6590E-13  0.6090E-13
  0.1000E+17  0.1000E-73  0.1000E-73  0.7590E-36  0.5590E-24  0.3450E-18  0.8940E-15  0.1170E-13  0.2640E-13  0.3850E-13  0.5410E-13  0.6680E-13  0.7100E-13  0.6590E-13  0.6090E-13
WAVELENGTH(A)= 
     1.315
 7 14 t 
excit   
    77.400    116.000    193.000    387.000    774.000   1930.000   3870.000   5800.000   7740.000  11600.000  19300.000  38700.000  77400.000 116000.000 
  0.1000E+11  0.1000E-73  0.1000E-73  0.2410E-34  0.4510E-23  0.1650E-17  0.2870E-14  0.2930E-13  0.5950E-13  0.8150E-13  0.1070E-12  0.1230E-12  0.1210E-12  0.1040E-12  0.9240E-13
  0.1000E+12  0.1000E-73  0.1000E-73  0.2500E-34  0.4890E-23  0.1830E-17  0.2970E-14  0.2890E-13  0.5740E-13  0.7790E-13  0.1010E-12  0.1150E-12  0.1120E-12  0.9720E-13  0.8650E-13
  0.1000E+13  0.1000E-73  0.1000E-73  0.3270E-34  0.7630E-23  0.2500E-17  0.3160E-14  0.2820E-13  0.5430E-13  0.7270E-13  0.9280E-13  0.1040E-12  0.1010E-12  0.8640E-13  0.7660E-13
  0.1000E+14  0.1000E-73  0.1000E-73  0.8140E-34  0.1370E-22  0.2920E-17  0.3230E-14  0.2800E-13  0.5350E-13  0.7140E-13  0.9080E-13  0.1020E-12  0.9780E-13  0.8350E-13  0.7380E-13
  0.1000E+15  0.1000E-73  0.1000E-73  0.1560E-33  0.1590E-22  0.2990E-17  0.3240E-14  0.2800E-13  0.5340E-13  0.7120E-13  0.9060E-13  0.1020E-12  0.9740E-13  0.8310E-13  0.7350E-13
  0.1000E+16  0.1000E-73  0.1000E-73  0.1750E-33  0.1620E-22  0.3000E-17  0.3240E-14  0.2800E-13  0.5340E-13  0.7120E-13  0.9060E-13  0.1020E-12  0.9740E-13  0.8310E-13  0.7340E-13
  0.1000E+17  0.1000E-73  0.1530E-48  0.1780E-33  0.1620E-22  0.3000E-17  0.3240E-14  0.2800E-13  0.5340E-13  0.7120E-13  0.9060E-13  0.1020E-12  0.9740E-13  0.8310E-13  0.7340E-13
WAVELENGTH(A)= 
     1.326
 7 14 t 
excit   
    77.400    116.000    193.000    387.000    774.000   1930.000   3870.000   5800.000   7740.000  11600.000  19300.000  38700.000  77400.000 116000.000 
  0.1000E+11  0.1000E-73  0.1000E-73  0.3380E-31  0.7480E-21  0.9290E-16  0.8280E-13  0.6760E-12  0.1280E-11  0.1720E-11  0.2240E-11  0.2680E-11  0.2940E-11  0.2940E-11  0.2840E-11
  0.1000E+12  0.1000E-73  0.1000E-73  0.3380E-31  0.7350E-21  0.8360E-16  0.6430E-13  0.4900E-12  0.8960E-12  0.1180E-11  0.1510E-11  0.1790E-11  0.1990E-11  0.2070E-11  0.2040E-11
  0.1000E+13  0.1000E-73  0.1000E-73  0.3360E-31  0.6380E-21  0.4880E-16  0.2720E-13  0.1870E-12  0.3270E-12  0.4200E-12  0.5240E-12  0.6110E-12  0.6740E-12  0.7070E-12  0.7080E-12
  0.1000E+14  0.1000E-73  0.1000E-73  0.3260E-31  0.4240E-21  0.2640E-16  0.1490E-13  0.1020E-12  0.1800E-12  0.2310E-12  0.2870E-12  0.3290E-12  0.3490E-12  0.3450E-12  0.3320E-12
  0.1000E+15  0.1000E-73  0.1000E-73  0.3100E-31  0.3460E-21  0.2290E-16  0.1330E-13  0.9240E-13  0.1620E-12  0.2090E-12  0.2600E-12  0.2970E-12  0.3110E-12  0.3030E-12  0.2880E-12
  0.1000E+16  0.1000E-73  0.1000E-73  0.3050E-31  0.3370E-21  0.2250E-16  0.1320E-13  0.9140E-13  0.1610E-12  0.2070E-12  0.2570E-12  0.2940E-12  0.3080E-12  0.2980E-12  0.2830E-12
  0.1000E+17  0.1000E-73  0.5630E-45  0.3050E-31  0.3360E-21  0.2240E-16  0.1320E-13  0.9130E-13  0.1610E-12  0.2070E-12  0.2570E-12  0.2940E-12  0.3070E-12  0.2980E-12  0.2830E-12
WAVELENGTH(A)= 
     1.329
 7 14 t 
excit   
    77.400    116.000    193.000    387.000    774.000   1930.000   3870.000   5800.000   7740.000  11600.000  19300.000  38700.000  77400.000 116000.000 
  0.1000E+11  0.1000E-73  0.1000E-73  0.5460E-36  0.1410E-23  0.1900E-17  0.6940E-14  0.8850E-13  0.1900E-12  0.2690E-12  0.3600E-12  0.4220E-12  0.4170E-12  0.3590E-12  0.3170E-12
  0.1000E+12  0.1000E-73  0.1000E-73  0.5450E-36  0.1380E-23  0.1700E-17  0.5370E-14  0.6380E-13  0.1330E-12  0.1840E-12  0.2410E-12  0.2800E-12  0.2820E-12  0.2510E-12  0.2270E-12
  0.1000E+13  0.1000E-73  0.1000E-73  0.5410E-36  0.1190E-23  0.9770E-18  0.2220E-14  0.2370E-13  0.4690E-13  0.6340E-13  0.8080E-13  0.9210E-13  0.9200E-13  0.8330E-13  0.7650E-13
  0.1000E+14  0.1000E-73  0.1000E-73  0.5130E-36  0.7660E-24  0.5100E-18  0.1170E-14  0.1250E-13  0.2470E-13  0.3340E-13  0.4230E-13  0.4730E-13  0.4530E-13  0.3860E-13  0.3410E-13
  0.1000E+15  0.1000E-73  0.1000E-73  0.4710E-36  0.6120E-24  0.4360E-18  0.1040E-14  0.1120E-13  0.2220E-13  0.2990E-13  0.3790E-13  0.4220E-13  0.3990E-13  0.3340E-13  0.2910E-13
  0.1000E+16  0.1000E-73  0.1000E-73  0.4600E-36  0.5920E-24  0.4290E-18  0.1030E-14  0.1100E-13  0.2190E-13  0.2960E-13  0.3740E-13  0.4170E-13  0.3930E-13  0.3290E-13  0.2850E-13
  0.1000E+17  0.1000E-73  0.1000E-73  0.4590E-36  0.5900E-24  0.4280E-18  0.1030E-14  0.1100E-13  0.2190E-13  0.2960E-13  0.3740E-13  0.4160E-13  0.3930E-13  0.3280E-13  0.2850E-13
WAVELENGTH(A)= 
     1.334
 7 14 t 
excit   
    77.400    116.000    193.000    387.000    774.000   1930.000   3870.000   5800.000   7740.000  11600.000  19300.000  38700.000  77400.000 116000.000 
  0.1000E+11  0.1000E-73  0.1000E-73  0.2260E-34  0.3340E-23  0.1230E-17  0.2170E-14  0.2240E-13  0.4640E-13  0.6520E-13  0.8940E-13  0.1090E-12  0.1180E-12  0.1120E-12  0.1040E-12
  0.1000E+12  0.1000E-73  0.1000E-73  0.3410E-34  0.7710E-23  0.3940E-17  0.7150E-14  0.7160E-13  0.1480E-12  0.2070E-12  0.2820E-12  0.3430E-12  0.3650E-12  0.3390E-12  0.3120E-12
  0.1000E+13  0.1000E-73  0.1000E-73  0.1430E-33  0.3980E-22  0.1410E-16  0.1720E-13  0.1520E-12  0.2980E-12  0.4060E-12  0.5430E-12  0.6530E-12  0.7110E-12  0.6910E-12  0.6580E-12
  0.1000E+14  0.1000E-73  0.1000E-73  0.8270E-33  0.1110E-21  0.2050E-16  0.2050E-13  0.1740E-12  0.3370E-12  0.4560E-12  0.6050E-12  0.7270E-12  0.7960E-12  0.7850E-12  0.7550E-12
  0.1000E+15  0.1000E-73  0.1000E-73  0.1870E-32  0.1360E-21  0.2160E-16  0.2090E-13  0.1770E-12  0.3420E-12  0.4620E-12  0.6120E-12  0.7360E-12  0.8060E-12  0.7960E-12  0.7670E-12
  0.1000E+16  0.1000E-73  0.1000E-73  0.2150E-32  0.1390E-21  0.2170E-16  0.2100E-13  0.1770E-12  0.3420E-12  0.4620E-12  0.6130E-12  0.7370E-12  0.8070E-12  0.7970E-12  0.7680E-12
  0.1000E+17  0.1000E-73  0.1000E-73  0.2180E-32  0.1400E-21  0.2170E-16  0.2100E-13  0.1770E-12  0.3420E-12  0.4630E-12  0.6130E-12  0.7370E-12  0.8070E-12  0.7970E-12  0.7680E-12
WAVELENGTH(A)= 
     1.342
 7 14 t 
excit   
    77.400    116.000    193.000    387.000    774.000   1930.000   3870.000   5800.000   7740.000  11600.000  19300.000  38700.000  77400.000 116000.000 
  0.1000E+11  0.1000E-73  0.1000E-73  0.8480E-35  0.1610E-23  0.6170E-18  0.1170E-14  0.1290E-13  0.2720E-13  0.3830E-13  0.5180E-13  0.6120E-13  0.6190E-13  0.5470E-13  0.4900E-13
  0.1000E+12  0.1000E-73  0.1000E-73  0.9460E-35  0.1990E-23  0.8380E-18  0.1530E-14  0.1660E-13  0.3530E-13  0.5000E-13  0.6820E-13  0.8180E-13  0.8410E-13  0.7520E-13  0.6780E-13
  0.1000E+13  0.1000E-73  0.1000E-73  0.1870E-34  0.4780E-23  0.1660E-17  0.2270E-14  0.2280E-13  0.4730E-13  0.6650E-13  0.9040E-13  0.1090E-12  0.1150E-12  0.1070E-12  0.9920E-13
  0.1000E+14  0.1000E-73  0.1000E-73  0.7720E-34  0.1090E-22  0.2190E-17  0.2520E-14  0.2450E-13  0.5040E-13  0.7060E-13  0.9570E-13  0.1160E-12  0.1230E-12  0.1160E-12  0.1080E-12
  0.1000E+15  0.1000E-73  0.1000E-73  0.1660E-33  0.1320E-22  0.2280E-17  0.2550E-14  0.2470E-13  0.5080E-13  0.7110E-13  0.9630E-13  0.1160E-12  0.1240E-12  0.1170E-12  0.1090E-12
  0.1000E+16  0.1000E-73  0.1000E-73  0.1900E-33  0.1350E-22  0.2280E-17  0.2550E-14  0.2470E-13  0.5080E-13  0.7110E-13  0.9640E-13  0.1170E-12  0.1240E-12  0.1170E-12  0.1090E-12
  0.1000E+17  0.1000E-73  0.1000E-73  0.1930E-33  0.1350E-22  0.2290E-17  0.2550E-14  0.2470E-13  0.5080E-13  0.7110E-13  0.9640E-13  0.1170E-12  0.1240E-12  0.1170E-12  0.1090E-12
WAVELENGTH(A)= 
     1.366
 7 14 t 
excit   
    77.400    116.000    193.000    387.000    774.000   1930.000   3870.000   5800.000   7740.000  11600.000  19300.000  38700.000  77400.000 116000.000 
  0.1000E+11  0.1000E-73  0.1000E-73  0.5530E-34  0.4160E-23  0.9640E-18  0.1370E-14  0.1450E-13  0.3100E-13  0.4410E-13  0.6050E-13  0.7370E-13  0.7750E-13  0.7130E-13  0.6550E-13
  0.1000E+12  0.1000E-73  0.1000E-73  0.5680E-34  0.4430E-23  0.1040E-17  0.1380E-14  0.1450E-13  0.3090E-13  0.4400E-13  0.6060E-13  0.7400E-13  0.7820E-13  0.7220E-13  0.6640E-13
  0.1000E+13  0.1000E-73  0.1000E-73  0.7090E-34  0.6380E-23  0.1300E-17  0.1420E-14  0.1440E-13  0.3070E-13  0.4400E-13  0.6080E-13  0.7450E-13  0.7910E-13  0.7340E-13  0.6790E-13
  0.1000E+14  0.1000E-73  0.1000E-73  0.1600E-33  0.1070E-22  0.1470E-17  0.1430E-14  0.1440E-13  0.3070E-13  0.4390E-13  0.6080E-13  0.7460E-13  0.7930E-13  0.7370E-13  0.6830E-13
  0.1000E+15  0.1000E-73  0.1000E-73  0.2960E-33  0.1220E-22  0.1500E-17  0.1430E-14  0.1440E-13  0.3070E-13  0.4390E-13  0.6080E-13  0.7460E-13  0.7930E-13  0.7380E-13  0.6840E-13
  0.1000E+16  0.1000E-73  0.1370E-47  0.3310E-33  0.1240E-22  0.1500E-17  0.1430E-14  0.1440E-13  0.3070E-13  0.4390E-13  0.6080E-13  0.7460E-13  0.7930E-13  0.7380E-13  0.6840E-13
  0.1000E+17  0.1000E-73  0.9610E-48  0.3360E-33  0.1250E-22  0.1500E-17  0.1430E-14  0.1440E-13  0.3070E-13  0.4390E-13  0.6080E-13  0.7460E-13  0.7930E-13  0.7380E-13  0.6840E-13
WAVELENGTH(A)= 
     1.374
 7 14 t 
excit   
    77.400    116.000    193.000    387.000    774.000   1930.000   3870.000   5800.000   7740.000  11600.000  19300.000  38700.000  77400.000 116000.000 
  0.1000E+11  0.1000E-73  0.1000E-73  0.5800E-34  0.5910E-23  0.1900E-17  0.3290E-14  0.3620E-13  0.7710E-13  0.1100E-12  0.1510E-12  0.1820E-12  0.1890E-12  0.1710E-12  0.1550E-12
  0.1000E+12  0.1000E-73  0.1000E-73  0.1000E-33  0.1400E-22  0.5480E-17  0.8540E-14  0.8300E-13  0.1690E-12  0.2350E-12  0.3170E-12  0.3800E-12  0.3970E-12  0.3650E-12  0.3330E-12
  0.1000E+13  0.1000E-73  0.1000E-73  0.4980E-33  0.7340E-22  0.1890E-16  0.1910E-13  0.1590E-12  0.3050E-12  0.4110E-12  0.5400E-12  0.6430E-12  0.6880E-12  0.6640E-12  0.6280E-12
  0.1000E+14  0.1000E-73  0.1000E-73  0.3010E-32  0.2050E-21  0.2750E-16  0.2260E-13  0.1810E-12  0.3410E-12  0.4550E-12  0.5940E-12  0.7050E-12  0.7590E-12  0.7440E-12  0.7120E-12
  0.1000E+15  0.1000E-73  0.1000E-73  0.6840E-32  0.2520E-21  0.2880E-16  0.2300E-13  0.1830E-12  0.3450E-12  0.4600E-12  0.6000E-12  0.7120E-12  0.7670E-12  0.7530E-12  0.7220E-12
  0.1000E+16  0.1000E-73  0.1000E-73  0.7850E-32  0.2580E-21  0.2890E-16  0.2310E-13  0.1840E-12  0.3450E-12  0.4610E-12  0.6010E-12  0.7130E-12  0.7680E-12  0.7540E-12  0.7230E-12
  0.1000E+17  0.1000E-73  0.1000E-73  0.7970E-32  0.2590E-21  0.2900E-16  0.2310E-13  0.1840E-12  0.3450E-12  0.4610E-12  0.6010E-12  0.7130E-12  0.7680E-12  0.7540E-12  0.7230E-12
WAVELENGTH(A)= 
     1.375
 7 14 t 
excit   
    77.400    116.000    193.000    387.000    774.000   1930.000   3870.000   5800.000   7740.000  11600.000  19300.000  38700.000  77400.000 116000.000 
  0.1000E+11  0.1000E-73  0.1000E-73  0.4380E-33  0.3160E-22  0.7880E-17  0.1110E-13  0.1070E-12  0.2160E-12  0.2990E-12  0.4020E-12  0.4850E-12  0.5170E-12  0.4890E-12  0.4580E-12
  0.1000E+12  0.1000E-73  0.1000E-73  0.5520E-33  0.5280E-22  0.1690E-16  0.2400E-13  0.2220E-12  0.4450E-12  0.6140E-12  0.8190E-12  0.9850E-12  0.1040E-11  0.9720E-12  0.8990E-12
  0.1000E+13  0.1000E-73  0.1000E-73  0.1620E-32  0.2080E-21  0.5060E-16  0.5000E-13  0.4110E-12  0.7850E-12  0.1060E-11  0.1380E-11  0.1650E-11  0.1770E-11  0.1720E-11  0.1630E-11
  0.1000E+14  0.1000E-73  0.1000E-73  0.8370E-32  0.5500E-21  0.7220E-16  0.5860E-13  0.4630E-12  0.8730E-12  0.1170E-11  0.1520E-11  0.1810E-11  0.1950E-11  0.1920E-11  0.1840E-11
  0.1000E+15  0.1000E-73  0.1000E-73  0.1870E-31  0.6740E-21  0.7560E-16  0.5970E-13  0.4700E-12  0.8830E-12  0.1180E-11  0.1530E-11  0.1830E-11  0.1970E-11  0.1940E-11  0.1870E-11
  0.1000E+16  0.1000E-73  0.1000E-73  0.2140E-31  0.6890E-21  0.7600E-16  0.5980E-13  0.4700E-12  0.8840E-12  0.1180E-11  0.1530E-11  0.1830E-11  0.1980E-11  0.1940E-11  0.1870E-11
  0.1000E+17  0.1000E-73  0.1000E-73  0.2170E-31  0.6910E-21  0.7600E-16  0.5980E-13  0.4700E-12  0.8840E-12  0.1180E-11  0.1530E-11  0.1830E-11  0.1980E-11  0.1940E-11  0.1870E-11
WAVELENGTH(A)= 
     1.411
 7 14 t 
excit   
    77.400    116.000    193.000    387.000    774.000   1930.000   3870.000   5800.000   7740.000  11600.000  19300.000  38700.000  77400.000 116000.000 
  0.1000E+11  0.1000E-73  0.1000E-73  0.2990E-34  0.5590E-23  0.2040E-17  0.3550E-14  0.3640E-13  0.7380E-13  0.1010E-12  0.1330E-12  0.1520E-12  0.1490E-12  0.1290E-12  0.1150E-12
  0.1000E+12  0.1000E-73  0.1000E-73  0.3090E-34  0.6060E-23  0.2260E-17  0.3680E-14  0.3580E-13  0.7120E-13  0.9650E-13  0.1250E-12  0.1420E-12  0.1390E-12  0.1200E-12  0.1070E-12
  0.1000E+13  0.1000E-73  0.1000E-73  0.4050E-34  0.9460E-23  0.3090E-17  0.3920E-14  0.3500E-13  0.6730E-13  0.9010E-13  0.1150E-12  0.1290E-12  0.1250E-12  0.1070E-12  0.9500E-13
  0.1000E+14  0.1000E-73  0.1000E-73  0.1010E-33  0.1700E-22  0.3630E-17  0.4000E-14  0.3470E-13  0.6630E-13  0.8850E-13  0.1130E-12  0.1260E-12  0.1210E-12  0.1030E-12  0.9150E-13
  0.1000E+15  0.1000E-73  0.1000E-73  0.1930E-33  0.1970E-22  0.3710E-17  0.4010E-14  0.3470E-13  0.6620E-13  0.8830E-13  0.1120E-12  0.1260E-12  0.1210E-12  0.1030E-12  0.9110E-13
  0.1000E+16  0.1000E-73  0.1000E-73  0.2170E-33  0.2000E-22  0.3720E-17  0.4010E-14  0.3470E-13  0.6620E-13  0.8830E-13  0.1120E-12  0.1260E-12  0.1210E-12  0.1030E-12  0.9100E-13
  0.1000E+17  0.1000E-73  0.1900E-48  0.2200E-33  0.2010E-22  0.3720E-17  0.4010E-14  0.3470E-13  0.6620E-13  0.8830E-13  0.1120E-12  0.1260E-12  0.1210E-12  0.1030E-12  0.9100E-13
WAVELENGTH(A)= 
     1.415
 7 14 t 
excit   
    77.400    116.000    193.000    387.000    774.000   1930.000   3870.000   5800.000   7740.000  11600.000  19300.000  38700.000  77400.000 116000.000 
  0.1000E+11  0.1000E-73  0.1000E-73  0.3730E-36  0.9650E-24  0.1300E-17  0.4740E-14  0.6050E-13  0.1300E-12  0.1840E-12  0.2460E-12  0.2890E-12  0.2850E-12  0.2460E-12  0.2170E-12
  0.1000E+12  0.1000E-73  0.1000E-73  0.3730E-36  0.9470E-24  0.1160E-17  0.3670E-14  0.4360E-13  0.9060E-13  0.1260E-12  0.1650E-12  0.1920E-12  0.1920E-12  0.1710E-12  0.1550E-12
  0.1000E+13  0.1000E-73  0.1000E-73  0.3700E-36  0.8150E-24  0.6670E-18  0.1520E-14  0.1620E-13  0.3200E-13  0.4330E-13  0.5520E-13  0.6300E-13  0.6290E-13  0.5690E-13  0.5230E-13
  0.1000E+14  0.1000E-73  0.1000E-73  0.3510E-36  0.5230E-24  0.3480E-18  0.8010E-15  0.8530E-14  0.1690E-13  0.2280E-13  0.2890E-13  0.3230E-13  0.3090E-13  0.2640E-13  0.2330E-13
  0.1000E+15  0.1000E-73  0.1000E-73  0.3220E-36  0.4180E-24  0.2980E-18  0.7120E-15  0.7630E-14  0.1510E-13  0.2050E-13  0.2590E-13  0.2880E-13  0.2730E-13  0.2280E-13  0.1990E-13
  0.1000E+16  0.1000E-73  0.1000E-73  0.3140E-36  0.4050E-24  0.2930E-18  0.7030E-15  0.7540E-14  0.1500E-13  0.2020E-13  0.2560E-13  0.2850E-13  0.2690E-13  0.2250E-13  0.1950E-13
  0.1000E+17  0.1000E-73  0.1000E-73  0.3130E-36  0.4030E-24  0.2920E-18  0.7020E-15  0.7530E-14  0.1490E-13  0.2020E-13  0.2550E-13  0.2850E-13  0.2690E-13  0.2240E-13  0.1950E-13
WAVELENGTH(A)= 
     1.426
 7 14 t 
excit   
    77.400    116.000    193.000    387.000    774.000   1930.000   3870.000   5800.000   7740.000  11600.000  19300.000  38700.000  77400.000 116000.000 
  0.1000E+11  0.1000E-73  0.1000E-73  0.6140E-36  0.1330E-23  0.1640E-17  0.5730E-14  0.7230E-13  0.1550E-12  0.2190E-12  0.2940E-12  0.3440E-12  0.3430E-12  0.2970E-12  0.2630E-12
  0.1000E+12  0.1000E-73  0.1000E-73  0.6150E-36  0.1320E-23  0.1490E-17  0.4530E-14  0.5340E-13  0.1110E-12  0.1530E-12  0.2020E-12  0.2350E-12  0.2370E-12  0.2120E-12  0.1920E-12
  0.1000E+13  0.1000E-73  0.1000E-73  0.6220E-36  0.1190E-23  0.9440E-18  0.2120E-14  0.2250E-13  0.4490E-13  0.6080E-13  0.7830E-13  0.8930E-13  0.8920E-13  0.8010E-13  0.7340E-13
  0.1000E+14  0.1000E-73  0.1000E-73  0.6670E-36  0.9250E-24  0.5930E-18  0.1320E-14  0.1400E-13  0.2790E-13  0.3780E-13  0.4850E-13  0.5460E-13  0.5280E-13  0.4510E-13  0.3990E-13
  0.1000E+15  0.1000E-73  0.1000E-73  0.7350E-36  0.8280E-24  0.5380E-18  0.1220E-14  0.1300E-13  0.2590E-13  0.3520E-13  0.4510E-13  0.5070E-13  0.4860E-13  0.4100E-13  0.3600E-13
  0.1000E+16  0.1000E-73  0.1000E-73  0.7530E-36  0.8160E-24  0.5320E-18  0.1210E-14  0.1290E-13  0.2570E-13  0.3490E-13  0.4480E-13  0.5030E-13  0.4820E-13  0.4060E-13  0.3550E-13
  0.1000E+17  0.1000E-73  0.1000E-73  0.7560E-36  0.8140E-24  0.5310E-18  0.1210E-14  0.1280E-13  0.2570E-13  0.3490E-13  0.4470E-13  0.5030E-13  0.4810E-13  0.4060E-13  0.3550E-13
WAVELENGTH(A)= 
     1.438
 7 14 t 
excit   
    77.400    116.000    193.000    387.000    774.000   1930.000   3870.000   5800.000   7740.000  11600.000  19300.000  38700.000  77400.000 116000.000 
  0.1000E+11  0.1000E-73  0.1000E-73  0.8760E-35  0.1700E-23  0.6580E-18  0.1290E-14  0.1500E-13  0.3250E-13  0.4640E-13  0.6370E-13  0.7630E-13  0.7790E-13  0.6910E-13  0.6210E-13
  0.1000E+12  0.1000E-73  0.1000E-73  0.9270E-35  0.1920E-23  0.7830E-18  0.1480E-14  0.1680E-13  0.3620E-13  0.5170E-13  0.7100E-13  0.8530E-13  0.8710E-13  0.7730E-13  0.6950E-13
  0.1000E+13  0.1000E-73  0.1000E-73  0.1400E-34  0.3550E-23  0.1250E-17  0.1840E-14  0.1970E-13  0.4180E-13  0.5930E-13  0.8090E-13  0.9720E-13  0.9990E-13  0.9010E-13  0.8180E-13
  0.1000E+14  0.1000E-73  0.1000E-73  0.4400E-34  0.7160E-23  0.1550E-17  0.1960E-14  0.2050E-13  0.4320E-13  0.6120E-13  0.8330E-13  0.1000E-12  0.1030E-12  0.9350E-13  0.8530E-13
  0.1000E+15  0.1000E-73  0.1000E-73  0.8970E-34  0.8460E-23  0.1600E-17  0.1980E-14  0.2060E-13  0.4340E-13  0.6140E-13  0.8360E-13  0.1000E-12  0.1030E-12  0.9390E-13  0.8570E-13
  0.1000E+16  0.1000E-73  0.1000E-73  0.1020E-33  0.8620E-23  0.1600E-17  0.1980E-14  0.2060E-13  0.4340E-13  0.6140E-13  0.8360E-13  0.1000E-12  0.1030E-12  0.9390E-13  0.8570E-13
  0.1000E+17  0.1000E-73  0.1000E-73  0.1030E-33  0.8640E-23  0.1600E-17  0.1980E-14  0.2060E-13  0.4340E-13  0.6140E-13  0.8360E-13  0.1000E-12  0.1030E-12  0.9390E-13  0.8580E-13
WAVELENGTH(A)= 
     1.440
 7 14 t 
excit   
    77.400    116.000    193.000    387.000    774.000   1930.000   3870.000   5800.000   7740.000  11600.000  19300.000  38700.000  77400.000 116000.000 
  0.1000E+11  0.1000E-73  0.1000E-73  0.2960E-32  0.6550E-22  0.8130E-17  0.7240E-14  0.5920E-13  0.1120E-12  0.1500E-12  0.1960E-12  0.2350E-12  0.2570E-12  0.2580E-12  0.2480E-12
  0.1000E+12  0.1000E-73  0.1000E-73  0.2960E-32  0.6430E-22  0.7320E-17  0.5630E-14  0.4290E-13  0.7840E-13  0.1030E-12  0.1320E-12  0.1570E-12  0.1740E-12  0.1810E-12  0.1780E-12
  0.1000E+13  0.1000E-73  0.1000E-73  0.2940E-32  0.5580E-22  0.4270E-17  0.2380E-14  0.1630E-13  0.2860E-13  0.3670E-13  0.4580E-13  0.5340E-13  0.5900E-13  0.6190E-13  0.6200E-13
  0.1000E+14  0.1000E-73  0.1000E-73  0.2850E-32  0.3710E-22  0.2310E-17  0.1300E-14  0.8960E-14  0.1570E-13  0.2020E-13  0.2510E-13  0.2880E-13  0.3050E-13  0.3020E-13  0.2910E-13
  0.1000E+15  0.1000E-73  0.1000E-73  0.2710E-32  0.3030E-22  0.2000E-17  0.1170E-14  0.8090E-14  0.1420E-13  0.1830E-13  0.2270E-13  0.2600E-13  0.2720E-13  0.2650E-13  0.2520E-13
  0.1000E+16  0.1000E-73  0.1000E-73  0.2670E-32  0.2950E-22  0.1970E-17  0.1150E-14  0.8000E-14  0.1410E-13  0.1810E-13  0.2250E-13  0.2570E-13  0.2690E-13  0.2610E-13  0.2480E-13
  0.1000E+17  0.1000E-73  0.4930E-46  0.2670E-32  0.2940E-22  0.1960E-17  0.1150E-14  0.7990E-14  0.1400E-13  0.1810E-13  0.2250E-13  0.2570E-13  0.2690E-13  0.2610E-13  0.2480E-13
WAVELENGTH(A)= 
     1.459
 7 14 t 
excit   
    77.400    116.000    193.000    387.000    774.000   1930.000   3870.000   5800.000   7740.000  11600.000  19300.000  38700.000  77400.000 116000.000 
  0.1000E+11  0.1000E-73  0.1000E-73  0.2370E-32  0.4270E-22  0.5350E-17  0.5750E-14  0.5890E-13  0.1260E-12  0.1800E-12  0.2490E-12  0.3080E-12  0.3330E-12  0.3180E-12  0.2990E-12
  0.1000E+12  0.1000E-73  0.1000E-73  0.2590E-32  0.5360E-22  0.7690E-17  0.7920E-14  0.7590E-13  0.1570E-12  0.2210E-12  0.3010E-12  0.3640E-12  0.3820E-12  0.3540E-12  0.3280E-12
  0.1000E+13  0.1000E-73  0.1000E-73  0.4640E-32  0.1330E-21  0.1640E-16  0.1230E-13  0.1040E-12  0.2040E-12  0.2810E-12  0.3710E-12  0.4380E-12  0.4500E-12  0.4100E-12  0.3760E-12
  0.1000E+14  0.1000E-73  0.1000E-73  0.1760E-31  0.3100E-21  0.2200E-16  0.1380E-13  0.1110E-12  0.2170E-12  0.2950E-12  0.3880E-12  0.4560E-12  0.4660E-12  0.4250E-12  0.3900E-12
  0.1000E+15  0.1000E-73  0.1000E-73  0.3730E-31  0.3730E-21  0.2290E-16  0.1390E-13  0.1120E-12  0.2180E-12  0.2970E-12  0.3900E-12  0.4580E-12  0.4680E-12  0.4270E-12  0.3920E-12
  0.1000E+16  0.1000E-73  0.8780E-45  0.4250E-31  0.3810E-21  0.2300E-16  0.1400E-13  0.1120E-12  0.2180E-12  0.2970E-12  0.3900E-12  0.4580E-12  0.4690E-12  0.4270E-12  0.3920E-12
  0.1000E+17  0.1000E-73  0.8480E-45  0.4310E-31  0.3820E-21  0.2300E-16  0.1400E-13  0.1120E-12  0.2180E-12  0.2970E-12  0.3900E-12  0.4580E-12  0.4690E-12  0.4270E-12  0.3920E-12
WAVELENGTH(A)= 
     3.380
 7 14 t 
excit   
    77.400    116.000    193.000    387.000    774.000   1930.000   3870.000   5800.000   7740.000  11600.000  19300.000  38700.000  77400.000 116000.000 
  0.1000E+11  0.1000E-73  0.1000E-73  0.1000E-73  0.3840E-28  0.3700E-20  0.1830E-15  0.5700E-14  0.1660E-13  0.2730E-13  0.4250E-13  0.5620E-13  0.6110E-13  0.5570E-13  0.5030E-13
  0.1000E+12  0.1000E-73  0.1000E-73  0.1000E-73  0.3840E-28  0.3460E-20  0.1510E-15  0.4420E-14  0.1250E-13  0.2020E-13  0.3100E-13  0.4060E-13  0.4470E-13  0.4180E-13  0.3840E-13
  0.1000E+13  0.1000E-73  0.1000E-73  0.1000E-73  0.3810E-28  0.2570E-20  0.8610E-16  0.2320E-14  0.6370E-14  0.1010E-13  0.1530E-13  0.1990E-13  0.2170E-13  0.2030E-13  0.1870E-13
  0.1000E+14  0.1000E-73  0.1000E-73  0.5550E-44  0.3740E-28  0.1990E-20  0.6460E-16  0.1740E-14  0.4790E-14  0.7640E-14  0.1160E-13  0.1490E-13  0.1600E-13  0.1450E-13  0.1320E-13
  0.1000E+15  0.1000E-73  0.1000E-73  0.5540E-44  0.3720E-28  0.1900E-20  0.6200E-16  0.1670E-14  0.4610E-14  0.7360E-14  0.1110E-13  0.1440E-13  0.1540E-13  0.1390E-13  0.1250E-13
  0.1000E+16  0.1000E-73  0.1000E-73  0.5690E-44  0.3710E-28  0.1890E-20  0.6170E-16  0.1660E-14  0.4590E-14  0.7330E-14  0.1110E-13  0.1430E-13  0.1530E-13  0.1380E-13  0.1240E-13
  0.1000E+17  0.1000E-73  0.1000E-73  0.5740E-44  0.3710E-28  0.1890E-20  0.6170E-16  0.1660E-14  0.4590E-14  0.7320E-14  0.1110E-13  0.1430E-13  0.1530E-13  0.1380E-13  0.1240E-13
WAVELENGTH(A)= 
     3.832
 7 14 t 
excit   
    77.400    116.000    193.000    387.000    774.000   1930.000   3870.000   5800.000   7740.000  11600.000  19300.000  38700.000  77400.000 116000.000 
  0.1000E+11  0.1000E-73  0.1000E-73  0.1000E-73  0.7770E-28  0.5110E-20  0.1930E-15  0.5340E-14  0.1480E-13  0.2370E-13  0.3590E-13  0.4580E-13  0.4810E-13  0.4210E-13  0.3730E-13
  0.1000E+12  0.1000E-73  0.1000E-73  0.1000E-73  0.7630E-28  0.4580E-20  0.1490E-15  0.3850E-14  0.1030E-13  0.1620E-13  0.2400E-13  0.3040E-13  0.3240E-13  0.2940E-13  0.2670E-13
  0.1000E+13  0.1000E-73  0.1000E-73  0.1000E-73  0.6550E-28  0.2620E-20  0.6150E-16  0.1420E-14  0.3640E-14  0.5550E-14  0.8010E-14  0.9950E-14  0.1060E-13  0.9720E-14  0.8970E-14
  0.1000E+14  0.1000E-73  0.1000E-73  0.1500E-43  0.4190E-28  0.1360E-20  0.3230E-16  0.7460E-15  0.1910E-14  0.2910E-14  0.4170E-14  0.5080E-14  0.5160E-14  0.4480E-14  0.3970E-14
  0.1000E+15  0.1000E-73  0.1000E-73  0.1090E-43  0.3330E-28  0.1160E-20  0.2870E-16  0.6660E-15  0.1710E-14  0.2600E-14  0.3730E-14  0.4530E-14  0.4540E-14  0.3870E-14  0.3380E-14
  0.1000E+16  0.1000E-73  0.1000E-73  0.1040E-43  0.3220E-28  0.1140E-20  0.2830E-16  0.6580E-15  0.1690E-14  0.2570E-14  0.3690E-14  0.4470E-14  0.4480E-14  0.3800E-14  0.3320E-14
  0.1000E+17  0.1000E-73  0.1000E-73  0.1040E-43  0.3210E-28  0.1140E-20  0.2830E-16  0.6580E-15  0.1680E-14  0.2570E-14  0.3680E-14  0.4470E-14  0.4470E-14  0.3800E-14  0.3310E-14
WAVELENGTH(A)= 
     4.019
 7 14 t 
excit   
    77.400    116.000    193.000    387.000    774.000   1930.000   3870.000   5800.000   7740.000  11600.000  19300.000  38700.000  77400.000 116000.000 
  0.1000E+11  0.1000E-73  0.1000E-73  0.1420E-39  0.7320E-26  0.4400E-19  0.4020E-15  0.7040E-14  0.1700E-13  0.2570E-13  0.3700E-13  0.4760E-13  0.5400E-13  0.5370E-13  0.5160E-13
  0.1000E+12  0.1000E-73  0.1000E-73  0.1400E-39  0.7190E-26  0.3960E-19  0.3120E-15  0.5100E-14  0.1190E-13  0.1760E-13  0.2490E-13  0.3180E-13  0.3660E-13  0.3770E-13  0.3710E-13
  0.1000E+13  0.1000E-73  0.1000E-73  0.1390E-39  0.6240E-26  0.2310E-19  0.1320E-15  0.1950E-14  0.4340E-14  0.6280E-14  0.8660E-14  0.1080E-13  0.1240E-13  0.1290E-13  0.1290E-13
  0.1000E+14  0.1000E-73  0.1000E-73  0.1350E-39  0.4150E-26  0.1250E-19  0.7230E-16  0.1070E-14  0.2390E-14  0.3450E-14  0.4750E-14  0.5850E-14  0.6420E-14  0.6300E-14  0.6050E-14
  0.1000E+15  0.1000E-73  0.1000E-73  0.1280E-39  0.3390E-26  0.1080E-19  0.6490E-16  0.9640E-15  0.2160E-14  0.3130E-14  0.4300E-14  0.5280E-14  0.5730E-14  0.5530E-14  0.5240E-14
  0.1000E+16  0.1000E-73  0.1000E-73  0.1260E-39  0.3300E-26  0.1070E-19  0.6420E-16  0.9540E-15  0.2140E-14  0.3100E-14  0.4250E-14  0.5220E-14  0.5660E-14  0.5450E-14  0.5160E-14
  0.1000E+17  0.1000E-73  0.1000E-73  0.1260E-39  0.3290E-26  0.1060E-19  0.6410E-16  0.9520E-15  0.2130E-14  0.3090E-14  0.4250E-14  0.5210E-14  0.5650E-14  0.5440E-14  0.5150E-14
WAVELENGTH(A)= 
     4.061
 7 14 t 
excit   
    77.400    116.000    193.000    387.000    774.000   1930.000   3870.000   5800.000   7740.000  11600.000  19300.000  38700.000  77400.000 116000.000 
  0.1000E+11  0.1000E-73  0.1000E-73  0.1000E-73  0.1420E-28  0.2360E-20  0.1570E-15  0.5310E-14  0.1590E-13  0.2650E-13  0.4230E-13  0.5750E-13  0.6510E-13  0.6130E-13  0.5610E-13
  0.1000E+12  0.1000E-73  0.1000E-73  0.1000E-73  0.1400E-28  0.2160E-20  0.1250E-15  0.3950E-14  0.1140E-13  0.1870E-13  0.2930E-13  0.3950E-13  0.4530E-13  0.4400E-13  0.4120E-13
  0.1000E+13  0.1000E-73  0.1000E-73  0.1000E-73  0.1290E-28  0.1400E-20  0.6030E-16  0.1720E-14  0.4790E-14  0.7690E-14  0.1180E-13  0.1560E-13  0.1770E-13  0.1730E-13  0.1630E-13
  0.1000E+14  0.1000E-73  0.1000E-73  0.1000E-73  0.1040E-28  0.9160E-21  0.3880E-16  0.1110E-14  0.3080E-14  0.4950E-14  0.7570E-14  0.9910E-14  0.1090E-13  0.1020E-13  0.9270E-14
  0.1000E+15  0.1000E-73  0.1000E-73  0.1000E-73  0.9500E-29  0.8390E-21  0.3610E-16  0.1030E-14  0.2880E-14  0.4640E-14  0.7090E-14  0.9260E-14  0.1010E-13  0.9330E-14  0.8440E-14
  0.1000E+16  0.1000E-73  0.1000E-73  0.5620E-45  0.9390E-29  0.8310E-21  0.3580E-16  0.1020E-14  0.2860E-14  0.4600E-14  0.7040E-14  0.9190E-14  0.1010E-13  0.9240E-14  0.8360E-14
  0.1000E+17  0.1000E-73  0.1000E-73  0.4760E-45  0.9370E-29  0.8300E-21  0.3580E-16  0.1020E-14  0.2860E-14  0.4600E-14  0.7030E-14  0.9180E-14  0.1000E-13  0.9240E-14  0.8350E-14
WAVELENGTH(A)= 
     4.685
 7 14 t 
excit   
    77.400    116.000    193.000    387.000    774.000   1930.000   3870.000   5800.000   7740.000  11600.000  19300.000  38700.000  77400.000 116000.000 
  0.1000E+11  0.1000E-73  0.1000E-73  0.1000E-73  0.2170E-27  0.1050E-19  0.3320E-15  0.8830E-14  0.2460E-13  0.3980E-13  0.6170E-13  0.8390E-13  0.9870E-13  0.1000E-12  0.9760E-13
  0.1000E+12  0.1000E-73  0.1000E-73  0.1000E-73  0.2130E-27  0.9470E-20  0.2600E-15  0.6450E-14  0.1740E-13  0.2760E-13  0.4190E-13  0.5650E-13  0.6750E-13  0.7100E-13  0.7060E-13
  0.1000E+13  0.1000E-73  0.1000E-73  0.8960E-43  0.1880E-27  0.5690E-20  0.1140E-15  0.2570E-14  0.6640E-14  0.1030E-13  0.1530E-13  0.2020E-13  0.2400E-13  0.2540E-13  0.2550E-13
  0.1000E+14  0.1000E-73  0.1000E-73  0.6760E-43  0.1320E-27  0.3260E-20  0.6610E-16  0.1490E-14  0.3860E-14  0.5990E-14  0.8870E-14  0.1160E-13  0.1320E-13  0.1320E-13  0.1280E-13
  0.1000E+15  0.1000E-73  0.1000E-73  0.6600E-43  0.1120E-27  0.2880E-20  0.6010E-16  0.1360E-14  0.3540E-14  0.5500E-14  0.8140E-14  0.1060E-13  0.1200E-13  0.1180E-13  0.1130E-13
  0.1000E+16  0.1000E-73  0.1000E-73  0.6630E-43  0.1090E-27  0.2840E-20  0.5950E-16  0.1350E-14  0.3500E-14  0.5450E-14  0.8060E-14  0.1050E-13  0.1180E-13  0.1170E-13  0.1120E-13
  0.1000E+17  0.1000E-73  0.1000E-73  0.6630E-43  0.1090E-27  0.2830E-20  0.5950E-16  0.1350E-14  0.3500E-14  0.5440E-14  0.8060E-14  0.1050E-13  0.1180E-13  0.1170E-13  0.1110E-13
WAVELENGTH(A)= 
     5.680
 7 14 t 
excit   
    77.400    116.000    193.000    387.000    774.000   1930.000   3870.000   5800.000   7740.000  11600.000  19300.000  38700.000  77400.000 116000.000 
  0.1000E+11  0.1000E-73  0.1000E-73  0.1460E-39  0.7500E-26  0.4510E-19  0.4120E-15  0.7210E-14  0.1740E-13  0.2630E-13  0.3800E-13  0.4880E-13  0.5540E-13  0.5500E-13  0.5290E-13
  0.1000E+12  0.1000E-73  0.1000E-73  0.1430E-39  0.7370E-26  0.4060E-19  0.3200E-15  0.5230E-14  0.1220E-13  0.1810E-13  0.2560E-13  0.3260E-13  0.3760E-13  0.3860E-13  0.3800E-13
  0.1000E+13  0.1000E-73  0.1000E-73  0.1430E-39  0.6400E-26  0.2370E-19  0.1350E-15  0.1990E-14  0.4450E-14  0.6440E-14  0.8880E-14  0.1110E-13  0.1270E-13  0.1320E-13  0.1320E-13
  0.1000E+14  0.1000E-73  0.1000E-73  0.1380E-39  0.4250E-26  0.1280E-19  0.7410E-16  0.1090E-14  0.2450E-14  0.3540E-14  0.4860E-14  0.5990E-14  0.6580E-14  0.6460E-14  0.6200E-14
  0.1000E+15  0.1000E-73  0.1000E-73  0.1310E-39  0.3480E-26  0.1110E-19  0.6660E-16  0.9880E-15  0.2210E-14  0.3210E-14  0.4410E-14  0.5410E-14  0.5870E-14  0.5670E-14  0.5370E-14
  0.1000E+16  0.1000E-73  0.1000E-73  0.1300E-39  0.3380E-26  0.1090E-19  0.6580E-16  0.9780E-15  0.2190E-14  0.3170E-14  0.4360E-14  0.5350E-14  0.5800E-14  0.5590E-14  0.5290E-14
  0.1000E+17  0.1000E-73  0.1000E-73  0.1290E-39  0.3370E-26  0.1090E-19  0.6570E-16  0.9760E-15  0.2190E-14  0.3170E-14  0.4360E-14  0.5340E-14  0.5790E-14  0.5580E-14  0.5280E-14
WAVELENGTH(A)= 
     6.662
 7 14 t 
excit   
    77.400    116.000    193.000    387.000    774.000   1930.000   3870.000   5800.000   7740.000  11600.000  19300.000  38700.000  77400.000 116000.000 
  0.1000E+11  0.1040E-20  0.2570E-17  0.1230E-14  0.1070E-12  0.8530E-12  0.2360E-11  0.2910E-11  0.2970E-11  0.2920E-11  0.2780E-11  0.2540E-11  0.2150E-11  0.1770E-11  0.1560E-11
  0.1000E+12  0.1050E-20  0.2600E-17  0.1240E-14  0.1090E-12  0.8390E-12  0.2090E-11  0.2430E-11  0.2420E-11  0.2350E-11  0.2210E-11  0.2000E-11  0.1710E-11  0.1430E-11  0.1270E-11
  0.1000E+13  0.1150E-20  0.2850E-17  0.1390E-14  0.1270E-12  0.7880E-12  0.1540E-11  0.1650E-11  0.1600E-11  0.1540E-11  0.1430E-11  0.1290E-11  0.1090E-11  0.8970E-12  0.7980E-12
  0.1000E+14  0.1870E-20  0.4670E-17  0.2330E-14  0.1660E-12  0.7560E-12  0.1360E-11  0.1440E-11  0.1390E-11  0.1340E-11  0.1250E-11  0.1120E-11  0.9310E-12  0.7560E-12  0.6630E-12
  0.1000E+15  0.3420E-20  0.8490E-17  0.3770E-14  0.1800E-12  0.7510E-12  0.1340E-11  0.1410E-11  0.1370E-11  0.1320E-11  0.1230E-11  0.1100E-11  0.9140E-12  0.7390E-12  0.6470E-12
  0.1000E+16  0.3960E-20  0.9800E-17  0.4150E-14  0.1820E-12  0.7500E-12  0.1330E-11  0.1410E-11  0.1370E-11  0.1310E-11  0.1220E-11  0.1100E-11  0.9120E-12  0.7380E-12  0.6450E-12
  0.1000E+17  0.4020E-20  0.9970E-17  0.4190E-14  0.1820E-12  0.7500E-12  0.1330E-11  0.1410E-11  0.1370E-11  0.1310E-11  0.1220E-11  0.1100E-11  0.9120E-12  0.7370E-12  0.6450E-12
WAVELENGTH(A)= 
     7.330
 7 14 t 
excit   
    77.400    116.000    193.000    387.000    774.000   1930.000   3870.000   5800.000   7740.000  11600.000  19300.000  38700.000  77400.000 116000.000 
  0.1000E+11  0.4230E-26  0.1250E-21  0.5680E-18  0.6600E-15  0.2620E-13  0.1810E-12  0.3730E-12  0.5240E-12  0.6310E-12  0.7370E-12  0.7860E-12  0.7200E-12  0.5860E-12  0.5030E-12
  0.1000E+12  0.4070E-25  0.1200E-20  0.5510E-17  0.6340E-14  0.2270E-12  0.1280E-11  0.1980E-11  0.2260E-11  0.2410E-11  0.2460E-11  0.2350E-11  0.1980E-11  0.1530E-11  0.1280E-11
  0.1000E+13  0.3920E-24  0.1160E-19  0.5220E-16  0.4790E-13  0.9740E-12  0.3510E-11  0.4610E-11  0.4850E-11  0.4930E-11  0.4780E-11  0.4430E-11  0.3730E-11  0.2980E-11  0.2570E-11
  0.1000E+14  0.2930E-23  0.8610E-19  0.3460E-15  0.1400E-12  0.1450E-11  0.4240E-11  0.5340E-11  0.5520E-11  0.5550E-11  0.5340E-11  0.4930E-11  0.4160E-11  0.3370E-11  0.2940E-11
  0.1000E+15  0.8340E-23  0.2430E-18  0.7960E-15  0.1730E-12  0.1530E-11  0.4330E-11  0.5430E-11  0.5600E-11  0.5630E-11  0.5400E-11  0.4980E-11  0.4210E-11  0.3420E-11  0.2980E-11
  0.1000E+16  0.1020E-22  0.2960E-18  0.9140E-15  0.1770E-12  0.1540E-11  0.4340E-11  0.5430E-11  0.5610E-11  0.5630E-11  0.5410E-11  0.4990E-11  0.4220E-11  0.3420E-11  0.2980E-11
  0.1000E+17  0.1050E-22  0.3030E-18  0.9280E-15  0.1780E-12  0.1540E-11  0.4340E-11  0.5440E-11  0.5610E-11  0.5630E-11  0.5410E-11  0.4990E-11  0.4220E-11  0.3420E-11  0.2980E-11
WAVELENGTH(A)= 
    11.051
 7 14 t 
excit   
    77.400    116.000    193.000    387.000    774.000   1930.000   3870.000   5800.000   7740.000  11600.000  19300.000  38700.000  77400.000 116000.000 
  0.1000E+11  0.2850E-20  0.7060E-17  0.3370E-14  0.2930E-12  0.2340E-11  0.6490E-11  0.7990E-11  0.8160E-11  0.8020E-11  0.7640E-11  0.6990E-11  0.5920E-11  0.4860E-11  0.4290E-11
  0.1000E+12  0.2880E-20  0.7140E-17  0.3420E-14  0.3000E-12  0.2310E-11  0.5740E-11  0.6680E-11  0.6650E-11  0.6450E-11  0.6070E-11  0.5500E-11  0.4700E-11  0.3920E-11  0.3510E-11
  0.1000E+13  0.3150E-20  0.7830E-17  0.3830E-14  0.3480E-12  0.2170E-11  0.4240E-11  0.4540E-11  0.4410E-11  0.4240E-11  0.3940E-11  0.3540E-11  0.2980E-11  0.2470E-11  0.2190E-11
  0.1000E+14  0.5150E-20  0.1280E-16  0.6410E-14  0.4550E-12  0.2080E-11  0.3740E-11  0.3950E-11  0.3830E-11  0.3680E-11  0.3430E-11  0.3070E-11  0.2560E-11  0.2080E-11  0.1820E-11
  0.1000E+15  0.9400E-20  0.2330E-16  0.1040E-13  0.4940E-12  0.2060E-11  0.3670E-11  0.3880E-11  0.3760E-11  0.3620E-11  0.3370E-11  0.3020E-11  0.2510E-11  0.2030E-11  0.1780E-11
  0.1000E+16  0.1090E-19  0.2690E-16  0.1140E-13  0.4990E-12  0.2060E-11  0.3670E-11  0.3870E-11  0.3760E-11  0.3610E-11  0.3370E-11  0.3010E-11  0.2510E-11  0.2030E-11  0.1770E-11
  0.1000E+17  0.1110E-19  0.2740E-16  0.1150E-13  0.5000E-12  0.2060E-11  0.3670E-11  0.3870E-11  0.3750E-11  0.3610E-11  0.3360E-11  0.3010E-11  0.2510E-11  0.2030E-11  0.1770E-11
WAVELENGTH(A)= 
    11.841
 7 14 t 
excit   
    77.400    116.000    193.000    387.000    774.000   1930.000   3870.000   5800.000   7740.000  11600.000  19300.000  38700.000  77400.000 116000.000 
  0.1000E+11  0.2840E-26  0.8370E-22  0.3810E-18  0.4430E-15  0.1760E-13  0.1220E-12  0.2500E-12  0.3520E-12  0.4230E-12  0.4950E-12  0.5270E-12  0.4830E-12  0.3930E-12  0.3380E-12
  0.1000E+12  0.2730E-25  0.8060E-21  0.3690E-17  0.4250E-14  0.1520E-12  0.8620E-12  0.1330E-11  0.1520E-11  0.1620E-11  0.1650E-11  0.1580E-11  0.1330E-11  0.1030E-11  0.8580E-12
  0.1000E+13  0.2630E-24  0.7760E-20  0.3500E-16  0.3220E-13  0.6540E-12  0.2350E-11  0.3090E-11  0.3250E-11  0.3310E-11  0.3210E-11  0.2970E-11  0.2500E-11  0.2000E-11  0.1730E-11
  0.1000E+14  0.1970E-23  0.5780E-19  0.2320E-15  0.9380E-13  0.9760E-12  0.2850E-11  0.3580E-11  0.3700E-11  0.3730E-11  0.3580E-11  0.3300E-11  0.2790E-11  0.2260E-11  0.1970E-11
  0.1000E+15  0.5600E-23  0.1630E-18  0.5340E-15  0.1160E-12  0.1030E-11  0.2910E-11  0.3640E-11  0.3760E-11  0.3770E-11  0.3630E-11  0.3340E-11  0.2830E-11  0.2290E-11  0.2000E-11
  0.1000E+16  0.6860E-23  0.1990E-18  0.6130E-15  0.1190E-12  0.1030E-11  0.2910E-11  0.3650E-11  0.3760E-11  0.3780E-11  0.3630E-11  0.3350E-11  0.2830E-11  0.2300E-11  0.2000E-11
  0.1000E+17  0.7020E-23  0.2030E-18  0.6220E-15  0.1190E-12  0.1030E-11  0.2910E-11  0.3650E-11  0.3760E-11  0.3780E-11  0.3630E-11  0.3350E-11  0.2830E-11  0.2300E-11  0.2000E-11
WAVELENGTH(A)= 
    13.346
 7 14 t 
excit   
    77.400    116.000    193.000    387.000    774.000   1930.000   3870.000   5800.000   7740.000  11600.000  19300.000  38700.000  77400.000 116000.000 
  0.1000E+11  0.1000E-73  0.1000E-73  0.1050E-34  0.1970E-23  0.7180E-18  0.1250E-14  0.1280E-13  0.2590E-13  0.3560E-13  0.4670E-13  0.5350E-13  0.5260E-13  0.4540E-13  0.4030E-13
  0.1000E+12  0.1000E-73  0.1000E-73  0.1090E-34  0.2130E-23  0.7960E-18  0.1290E-14  0.1260E-13  0.2500E-13  0.3400E-13  0.4400E-13  0.5010E-13  0.4890E-13  0.4240E-13  0.3770E-13
  0.1000E+13  0.1000E-73  0.1000E-73  0.1420E-34  0.3330E-23  0.1090E-17  0.1380E-14  0.1230E-13  0.2370E-13  0.3170E-13  0.4050E-13  0.4550E-13  0.4390E-13  0.3770E-13  0.3340E-13
  0.1000E+14  0.1000E-73  0.1000E-73  0.3550E-34  0.5980E-23  0.1280E-17  0.1410E-14  0.1220E-13  0.2330E-13  0.3110E-13  0.3960E-13  0.4450E-13  0.4260E-13  0.3640E-13  0.3220E-13
  0.1000E+15  0.1000E-73  0.1000E-73  0.6790E-34  0.6930E-23  0.1300E-17  0.1410E-14  0.1220E-13  0.2330E-13  0.3110E-13  0.3950E-13  0.4430E-13  0.4250E-13  0.3630E-13  0.3200E-13
  0.1000E+16  0.1000E-73  0.1000E-73  0.7640E-34  0.7050E-23  0.1310E-17  0.1410E-14  0.1220E-13  0.2330E-13  0.3100E-13  0.3950E-13  0.4430E-13  0.4250E-13  0.3620E-13  0.3200E-13
  0.1000E+17  0.1000E-73  0.6680E-49  0.7740E-34  0.7060E-23  0.1310E-17  0.1410E-14  0.1220E-13  0.2330E-13  0.3100E-13  0.3950E-13  0.4430E-13  0.4250E-13  0.3620E-13  0.3200E-13
WAVELENGTH(A)= 
    16.775
 7 14 t 
excit   
    77.400    116.000    193.000    387.000    774.000   1930.000   3870.000   5800.000   7740.000  11600.000  19300.000  38700.000  77400.000 116000.000 
  0.1000E+11  0.5600E-16  0.1380E-14  0.2380E-13  0.4920E-12  0.3000E-11  0.7780E-11  0.1030E-10  0.1170E-10  0.1250E-10  0.1330E-10  0.1360E-10  0.1290E-10  0.1140E-10  0.1050E-10
  0.1000E+12  0.5580E-16  0.1380E-14  0.2370E-13  0.4760E-12  0.2600E-11  0.5720E-11  0.7050E-11  0.7680E-11  0.8030E-11  0.8370E-11  0.8510E-11  0.8240E-11  0.7630E-11  0.7190E-11
  0.1000E+13  0.5400E-16  0.1330E-14  0.2250E-13  0.3610E-12  0.1120E-11  0.1570E-11  0.1690E-11  0.1740E-11  0.1760E-11  0.1790E-11  0.1800E-11  0.1790E-11  0.1770E-11  0.1740E-11
  0.1000E+14  0.4040E-16  0.9900E-15  0.1500E-13  0.1050E-12  0.1670E-12  0.1900E-12  0.1960E-12  0.1990E-12  0.2000E-12  0.2010E-12  0.2030E-12  0.2030E-12  0.2030E-12  0.2030E-12
  0.1000E+15  0.1150E-16  0.2790E-15  0.3430E-14  0.1300E-13  0.1760E-13  0.1940E-13  0.1990E-13  0.2020E-13  0.2030E-13  0.2040E-13  0.2050E-13  0.2060E-13  0.2070E-13  0.2070E-13
  0.1000E+16  0.1410E-17  0.3410E-16  0.3950E-15  0.1330E-14  0.1770E-14  0.1940E-14  0.2000E-14  0.2020E-14  0.2030E-14  0.2040E-14  0.2050E-14  0.2060E-14  0.2070E-14  0.2070E-14
  0.1000E+17  0.1440E-18  0.3480E-17  0.4000E-16  0.1340E-15  0.1770E-15  0.1940E-15  0.2000E-15  0.2020E-15  0.2030E-15  0.2040E-15  0.2060E-15  0.2060E-15  0.2070E-15  0.2070E-15
WAVELENGTH(A)= 
    19.241
 7 14 t 
excit   
    77.400    116.000    193.000    387.000    774.000   1930.000   3870.000   5800.000   7740.000  11600.000  19300.000  38700.000  77400.000 116000.000 
  0.1000E+11  0.7800E-19  0.2480E-16  0.2300E-14  0.6130E-13  0.2920E-12  0.7050E-12  0.1160E-11  0.1610E-11  0.1970E-11  0.2410E-11  0.2740E-11  0.2790E-11  0.2560E-11  0.2360E-11
  0.1000E+12  0.7950E-19  0.2530E-16  0.2360E-14  0.6880E-13  0.4440E-12  0.1440E-11  0.2200E-11  0.2720E-11  0.3080E-11  0.3440E-11  0.3640E-11  0.3460E-11  0.3040E-11  0.2750E-11
  0.1000E+13  0.9430E-19  0.3010E-16  0.2960E-14  0.1240E-12  0.1010E-11  0.2910E-11  0.3900E-11  0.4360E-11  0.4640E-11  0.4830E-11  0.4820E-11  0.4410E-11  0.3780E-11  0.3390E-11
  0.1000E+14  0.2010E-18  0.6460E-16  0.6750E-14  0.2460E-12  0.1370E-11  0.3400E-11  0.4370E-11  0.4780E-11  0.5030E-11  0.5170E-11  0.5110E-11  0.4640E-11  0.3980E-11  0.3570E-11
  0.1000E+15  0.4290E-18  0.1370E-15  0.1250E-13  0.2900E-12  0.1430E-11  0.3460E-11  0.4430E-11  0.4830E-11  0.5070E-11  0.5210E-11  0.5140E-11  0.4660E-11  0.4000E-11  0.3590E-11
  0.1000E+16  0.5090E-18  0.1620E-15  0.1410E-13  0.2950E-12  0.1440E-11  0.3460E-11  0.4430E-11  0.4830E-11  0.5080E-11  0.5210E-11  0.5140E-11  0.4670E-11  0.4000E-11  0.3600E-11
  0.1000E+17  0.5190E-18  0.1650E-15  0.1420E-13  0.2960E-12  0.1440E-11  0.3460E-11  0.4430E-11  0.4830E-11  0.5080E-11  0.5210E-11  0.5140E-11  0.4670E-11  0.4000E-11  0.3600E-11
WAVELENGTH(A)= 
    25.221
 7 14 t 
excit   
    77.400    116.000    193.000    387.000    774.000   1930.000   3870.000   5800.000   7740.000  11600.000  19300.000  38700.000  77400.000 116000.000 
  0.1000E+11  0.1000E-73  0.1000E-73  0.1060E-36  0.3730E-24  0.5930E-18  0.2480E-14  0.3480E-13  0.7850E-13  0.1140E-12  0.1580E-12  0.1910E-12  0.1970E-12  0.1760E-12  0.1590E-12
  0.1000E+12  0.1000E-73  0.1000E-73  0.1070E-36  0.3770E-24  0.5690E-18  0.2120E-14  0.2790E-13  0.6120E-13  0.8720E-13  0.1190E-12  0.1430E-12  0.1480E-12  0.1360E-12  0.1240E-12
  0.1000E+13  0.1000E-73  0.1000E-73  0.1160E-36  0.4080E-24  0.4810E-18  0.1380E-14  0.1670E-13  0.3550E-13  0.4980E-13  0.6690E-13  0.7920E-13  0.8100E-13  0.7330E-13  0.6710E-13
  0.1000E+14  0.1000E-73  0.1000E-73  0.1740E-36  0.4760E-24  0.4240E-18  0.1140E-14  0.1360E-13  0.2880E-13  0.4050E-13  0.5440E-13  0.6400E-13  0.6430E-13  0.5670E-13  0.5090E-13
  0.1000E+15  0.1000E-73  0.1000E-73  0.2620E-36  0.5000E-24  0.4150E-18  0.1110E-14  0.1320E-13  0.2810E-13  0.3940E-13  0.5290E-13  0.6230E-13  0.6240E-13  0.5480E-13  0.4900E-13
  0.1000E+16  0.1000E-73  0.1000E-73  0.2850E-36  0.5030E-24  0.4140E-18  0.1110E-14  0.1320E-13  0.2800E-13  0.3930E-13  0.5280E-13  0.6210E-13  0.6220E-13  0.5460E-13  0.4880E-13
  0.1000E+17  0.1000E-73  0.1000E-73  0.2880E-36  0.5030E-24  0.4140E-18  0.1110E-14  0.1310E-13  0.2800E-13  0.3930E-13  0.5280E-13  0.6210E-13  0.6220E-13  0.5450E-13  0.4870E-13
WAVELENGTH(A)= 
    25.959
 7 14 t 
excit   
    77.400    116.000    193.000    387.000    774.000   1930.000   3870.000   5800.000   7740.000  11600.000  19300.000  38700.000  77400.000 116000.000 
  0.1000E+11  0.2100E-22  0.5200E-19  0.2480E-16  0.2160E-14  0.1730E-13  0.4770E-13  0.5880E-13  0.6000E-13  0.5900E-13  0.5620E-13  0.5140E-13  0.4360E-13  0.3580E-13  0.3160E-13
  0.1000E+12  0.2120E-22  0.5250E-19  0.2510E-16  0.2210E-14  0.1700E-13  0.4220E-13  0.4910E-13  0.4890E-13  0.4750E-13  0.4460E-13  0.4050E-13  0.3460E-13  0.2880E-13  0.2580E-13
  0.1000E+13  0.2320E-22  0.5760E-19  0.2810E-16  0.2560E-14  0.1590E-13  0.3120E-13  0.3340E-13  0.3240E-13  0.3120E-13  0.2900E-13  0.2600E-13  0.2190E-13  0.1810E-13  0.1610E-13
  0.1000E+14  0.3790E-22  0.9440E-19  0.4720E-16  0.3350E-14  0.1530E-13  0.2750E-13  0.2900E-13  0.2820E-13  0.2710E-13  0.2520E-13  0.2260E-13  0.1880E-13  0.1530E-13  0.1340E-13
  0.1000E+15  0.6910E-22  0.1720E-18  0.7620E-16  0.3640E-14  0.1520E-13  0.2700E-13  0.2850E-13  0.2770E-13  0.2660E-13  0.2480E-13  0.2220E-13  0.1850E-13  0.1500E-13  0.1310E-13
  0.1000E+16  0.8000E-22  0.1980E-18  0.8390E-16  0.3670E-14  0.1520E-13  0.2700E-13  0.2850E-13  0.2760E-13  0.2660E-13  0.2480E-13  0.2220E-13  0.1840E-13  0.1490E-13  0.1310E-13
  0.1000E+17  0.8140E-22  0.2020E-18  0.8480E-16  0.3680E-14  0.1520E-13  0.2700E-13  0.2850E-13  0.2760E-13  0.2660E-13  0.2480E-13  0.2220E-13  0.1840E-13  0.1490E-13  0.1300E-13
WAVELENGTH(A)= 
    30.084
 7 14 t 
excit   
    77.400    116.000    193.000    387.000    774.000   1930.000   3870.000   5800.000   7740.000  11600.000  19300.000  38700.000  77400.000 116000.000 
  0.1000E+11  0.1000E-73  0.1000E-73  0.1700E-34  0.3180E-23  0.1160E-17  0.2020E-14  0.2070E-13  0.4190E-13  0.5750E-13  0.7540E-13  0.8640E-13  0.8490E-13  0.7340E-13  0.6510E-13
  0.1000E+12  0.1000E-73  0.1000E-73  0.1760E-34  0.3440E-23  0.1290E-17  0.2090E-14  0.2040E-13  0.4040E-13  0.5490E-13  0.7110E-13  0.8090E-13  0.7910E-13  0.6850E-13  0.6090E-13
  0.1000E+13  0.1000E-73  0.1000E-73  0.2300E-34  0.5380E-23  0.1760E-17  0.2230E-14  0.1990E-13  0.3830E-13  0.5120E-13  0.6540E-13  0.7360E-13  0.7090E-13  0.6080E-13  0.5400E-13
  0.1000E+14  0.1000E-73  0.1000E-73  0.5730E-34  0.9650E-23  0.2060E-17  0.2270E-14  0.1970E-13  0.3770E-13  0.5030E-13  0.6400E-13  0.7180E-13  0.6890E-13  0.5880E-13  0.5200E-13
  0.1000E+15  0.1000E-73  0.1000E-73  0.1100E-33  0.1120E-22  0.2110E-17  0.2280E-14  0.1970E-13  0.3760E-13  0.5020E-13  0.6380E-13  0.7160E-13  0.6860E-13  0.5860E-13  0.5180E-13
  0.1000E+16  0.1000E-73  0.1000E-73  0.1230E-33  0.1140E-22  0.2110E-17  0.2280E-14  0.1970E-13  0.3760E-13  0.5020E-13  0.6380E-13  0.7160E-13  0.6860E-13  0.5860E-13  0.5170E-13
  0.1000E+17  0.1000E-73  0.1080E-48  0.1250E-33  0.1140E-22  0.2110E-17  0.2280E-14  0.1970E-13  0.3760E-13  0.5020E-13  0.6380E-13  0.7160E-13  0.6860E-13  0.5850E-13  0.5170E-13
WAVELENGTH(A)= 
    30.404
 7 14 t 
excit   
    77.400    116.000    193.000    387.000    774.000   1930.000   3870.000   5800.000   7740.000  11600.000  19300.000  38700.000  77400.000 116000.000 
  0.1000E+11  0.1000E-73  0.1000E-73  0.1350E-34  0.2520E-23  0.9200E-18  0.1600E-14  0.1640E-13  0.3320E-13  0.4560E-13  0.5980E-13  0.6850E-13  0.6730E-13  0.5820E-13  0.5160E-13
  0.1000E+12  0.1000E-73  0.1000E-73  0.1390E-34  0.2730E-23  0.1020E-17  0.1660E-14  0.1610E-13  0.3210E-13  0.4350E-13  0.5640E-13  0.6410E-13  0.6270E-13  0.5430E-13  0.4830E-13
  0.1000E+13  0.1000E-73  0.1000E-73  0.1830E-34  0.4260E-23  0.1390E-17  0.1770E-14  0.1580E-13  0.3030E-13  0.4060E-13  0.5180E-13  0.5830E-13  0.5620E-13  0.4820E-13  0.4280E-13
  0.1000E+14  0.1000E-73  0.1000E-73  0.4550E-34  0.7650E-23  0.1630E-17  0.1800E-14  0.1560E-13  0.2990E-13  0.3990E-13  0.5070E-13  0.5700E-13  0.5460E-13  0.4660E-13  0.4120E-13
  0.1000E+15  0.1000E-73  0.1000E-73  0.8690E-34  0.8880E-23  0.1670E-17  0.1810E-14  0.1560E-13  0.2980E-13  0.3980E-13  0.5060E-13  0.5680E-13  0.5440E-13  0.4640E-13  0.4100E-13
  0.1000E+16  0.1000E-73  0.1000E-73  0.9790E-34  0.9030E-23  0.1680E-17  0.1810E-14  0.1560E-13  0.2980E-13  0.3980E-13  0.5060E-13  0.5680E-13  0.5440E-13  0.4640E-13  0.4100E-13
  0.1000E+17  0.1000E-73  0.8550E-49  0.9920E-34  0.9050E-23  0.1680E-17  0.1810E-14  0.1560E-13  0.2980E-13  0.3980E-13  0.5060E-13  0.5680E-13  0.5440E-13  0.4640E-13  0.4100E-13
WAVELENGTH(A)= 
    65.703
 7 14 t 
excit   
    77.400    116.000    193.000    387.000    774.000   1930.000   3870.000   5800.000   7740.000  11600.000  19300.000  38700.000  77400.000 116000.000 
  0.1000E+11  0.1000E-73  0.1000E-73  0.9390E-35  0.1760E-23  0.6410E-18  0.1120E-14  0.1140E-13  0.2320E-13  0.3170E-13  0.4160E-13  0.4770E-13  0.4690E-13  0.4060E-13  0.3600E-13
  0.1000E+12  0.1000E-73  0.1000E-73  0.9710E-35  0.1900E-23  0.7110E-18  0.1150E-14  0.1120E-13  0.2230E-13  0.3030E-13  0.3930E-13  0.4470E-13  0.4370E-13  0.3780E-13  0.3370E-13
  0.1000E+13  0.1000E-73  0.1000E-73  0.1270E-34  0.2970E-23  0.9710E-18  0.1230E-14  0.1100E-13  0.2110E-13  0.2830E-13  0.3610E-13  0.4070E-13  0.3920E-13  0.3360E-13  0.2980E-13
  0.1000E+14  0.1000E-73  0.1000E-73  0.3170E-34  0.5330E-23  0.1140E-17  0.1260E-14  0.1090E-13  0.2080E-13  0.2780E-13  0.3530E-13  0.3970E-13  0.3800E-13  0.3250E-13  0.2870E-13
  0.1000E+15  0.1000E-73  0.1000E-73  0.6060E-34  0.6190E-23  0.1160E-17  0.1260E-14  0.1090E-13  0.2080E-13  0.2770E-13  0.3530E-13  0.3960E-13  0.3790E-13  0.3240E-13  0.2860E-13
  0.1000E+16  0.1000E-73  0.1000E-73  0.6820E-34  0.6290E-23  0.1170E-17  0.1260E-14  0.1090E-13  0.2080E-13  0.2770E-13  0.3520E-13  0.3960E-13  0.3790E-13  0.3230E-13  0.2860E-13
  0.1000E+17  0.1000E-73  0.5960E-49  0.6910E-34  0.6300E-23  0.1170E-17  0.1260E-14  0.1090E-13  0.2080E-13  0.2770E-13  0.3520E-13  0.3960E-13  0.3790E-13  0.3230E-13  0.2860E-13
WAVELENGTH(A)= 
    76.923
 7 14 t 
excit   
    77.400    116.000    193.000    387.000    774.000   1930.000   3870.000   5800.000   7740.000  11600.000  19300.000  38700.000  77400.000 116000.000 
  0.1000E+11  0.1000E-73  0.1000E-73  0.1230E-34  0.2290E-23  0.8370E-18  0.1460E-14  0.1490E-13  0.3020E-13  0.4140E-13  0.5440E-13  0.6230E-13  0.6130E-13  0.5290E-13  0.4700E-13
  0.1000E+12  0.1000E-73  0.1000E-73  0.1270E-34  0.2480E-23  0.9280E-18  0.1510E-14  0.1470E-13  0.2920E-13  0.3960E-13  0.5130E-13  0.5830E-13  0.5700E-13  0.4940E-13  0.4390E-13
  0.1000E+13  0.1000E-73  0.1000E-73  0.1660E-34  0.3880E-23  0.1270E-17  0.1610E-14  0.1430E-13  0.2760E-13  0.3690E-13  0.4710E-13  0.5310E-13  0.5110E-13  0.4390E-13  0.3890E-13
  0.1000E+14  0.1000E-73  0.1000E-73  0.4130E-34  0.6960E-23  0.1490E-17  0.1640E-14  0.1420E-13  0.2720E-13  0.3630E-13  0.4610E-13  0.5180E-13  0.4970E-13  0.4240E-13  0.3750E-13
  0.1000E+15  0.1000E-73  0.1000E-73  0.7910E-34  0.8080E-23  0.1520E-17  0.1640E-14  0.1420E-13  0.2710E-13  0.3620E-13  0.4600E-13  0.5170E-13  0.4950E-13  0.4220E-13  0.3730E-13
  0.1000E+16  0.1000E-73  0.1000E-73  0.8910E-34  0.8220E-23  0.1520E-17  0.1640E-14  0.1420E-13  0.2710E-13  0.3620E-13  0.4600E-13  0.5170E-13  0.4950E-13  0.4220E-13  0.3730E-13
  0.1000E+17  0.1000E-73  0.7780E-49  0.9020E-34  0.8230E-23  0.1520E-17  0.1640E-14  0.1420E-13  0.2710E-13  0.3620E-13  0.4600E-13  0.5170E-13  0.4950E-13  0.4220E-13  0.3730E-13
WAVELENGTH(A)= 
   454.545
 7 14 t 
excit   
    77.400    116.000    193.000    387.000    774.000   1930.000   3870.000   5800.000   7740.000  11600.000  19300.000  38700.000  77400.000 116000.000 
  0.1000E+11  0.1000E-73  0.1000E-73  0.8410E-33  0.1590E-22  0.2010E-17  0.2140E-14  0.2160E-13  0.4550E-13  0.6450E-13  0.8790E-13  0.1060E-12  0.1110E-12  0.1020E-12  0.9410E-13
  0.1000E+12  0.1000E-73  0.1000E-73  0.1050E-32  0.2660E-22  0.4400E-17  0.4430E-14  0.3910E-13  0.7740E-13  0.1060E-12  0.1390E-12  0.1600E-12  0.1580E-12  0.1370E-12  0.1220E-12
  0.1000E+13  0.1000E-73  0.1000E-73  0.2980E-32  0.1050E-21  0.1330E-16  0.9060E-14  0.6760E-13  0.1250E-12  0.1640E-12  0.2070E-12  0.2320E-12  0.2230E-12  0.1920E-12  0.1700E-12
  0.1000E+14  0.1000E-73  0.2110E-45  0.1520E-31  0.2770E-21  0.1900E-16  0.1060E-13  0.7550E-13  0.1370E-12  0.1790E-12  0.2230E-12  0.2490E-12  0.2390E-12  0.2060E-12  0.1830E-12
  0.1000E+15  0.1000E-73  0.6060E-45  0.3380E-31  0.3400E-21  0.1990E-16  0.1080E-13  0.7640E-13  0.1380E-12  0.1800E-12  0.2250E-12  0.2510E-12  0.2410E-12  0.2080E-12  0.1850E-12
  0.1000E+16  0.1000E-73  0.7420E-45  0.3870E-31  0.3470E-21  0.2000E-16  0.1080E-13  0.7650E-13  0.1390E-12  0.1810E-12  0.2250E-12  0.2510E-12  0.2410E-12  0.2080E-12  0.1850E-12
  0.1000E+17  0.1000E-73  0.7580E-45  0.3930E-31  0.3480E-21  0.2000E-16  0.1080E-13  0.7650E-13  0.1390E-12  0.1810E-12  0.2260E-12  0.2510E-12  0.2410E-12  0.2080E-12  0.1850E-12
