 50  7 14
WAVELENGTH(A)= 
     1.046
 7 14 t 
excit   
    84.400    127.000    211.000    422.000    844.000   2110.000   4220.000   6330.000   8440.000  12700.000  21100.000  42200.000  84400.000 127000.000 
  0.1000E+11  0.1000E-73  0.1000E-73  0.2420E-36  0.2660E-24  0.2360E-18  0.7020E-15  0.8760E-14  0.1940E-13  0.2840E-13  0.4100E-13  0.5470E-13  0.6790E-13  0.7520E-13  0.7690E-13
  0.1000E+12  0.1000E-73  0.1000E-73  0.2420E-36  0.2660E-24  0.2360E-18  0.7020E-15  0.8760E-14  0.1940E-13  0.2840E-13  0.4100E-13  0.5470E-13  0.6790E-13  0.7520E-13  0.7690E-13
  0.1000E+13  0.1000E-73  0.1000E-73  0.2420E-36  0.2660E-24  0.2360E-18  0.7020E-15  0.8760E-14  0.1940E-13  0.2840E-13  0.4100E-13  0.5470E-13  0.6790E-13  0.7520E-13  0.7690E-13
  0.1000E+14  0.1000E-73  0.1000E-73  0.2420E-36  0.2660E-24  0.2360E-18  0.7020E-15  0.8760E-14  0.1940E-13  0.2840E-13  0.4100E-13  0.5470E-13  0.6790E-13  0.7520E-13  0.7690E-13
  0.1000E+15  0.1000E-73  0.1000E-73  0.2420E-36  0.2660E-24  0.2360E-18  0.7020E-15  0.8760E-14  0.1940E-13  0.2840E-13  0.4100E-13  0.5470E-13  0.6790E-13  0.7520E-13  0.7690E-13
  0.1000E+16  0.1000E-73  0.1000E-73  0.2420E-36  0.2660E-24  0.2360E-18  0.7020E-15  0.8760E-14  0.1940E-13  0.2840E-13  0.4100E-13  0.5470E-13  0.6790E-13  0.7520E-13  0.7690E-13
  0.1000E+17  0.1000E-73  0.1000E-73  0.2420E-36  0.2660E-24  0.2360E-18  0.7020E-15  0.8760E-14  0.1940E-13  0.2840E-13  0.4100E-13  0.5470E-13  0.6790E-13  0.7520E-13  0.7690E-13
WAVELENGTH(A)= 
     1.053
 7 14 t 
excit   
    84.400    127.000    211.000    422.000    844.000   2110.000   4220.000   6330.000   8440.000  12700.000  21100.000  42200.000  84400.000 127000.000 
  0.1000E+11  0.1000E-73  0.1000E-73  0.4290E-36  0.3920E-24  0.3180E-18  0.9030E-15  0.1120E-13  0.2470E-13  0.3610E-13  0.5210E-13  0.6940E-13  0.8570E-13  0.9440E-13  0.9570E-13
  0.1000E+12  0.1000E-73  0.1000E-73  0.4290E-36  0.3920E-24  0.3180E-18  0.9030E-15  0.1120E-13  0.2470E-13  0.3610E-13  0.5210E-13  0.6940E-13  0.8570E-13  0.9440E-13  0.9570E-13
  0.1000E+13  0.1000E-73  0.1000E-73  0.4290E-36  0.3920E-24  0.3180E-18  0.9030E-15  0.1120E-13  0.2470E-13  0.3610E-13  0.5210E-13  0.6940E-13  0.8570E-13  0.9440E-13  0.9570E-13
  0.1000E+14  0.1000E-73  0.1000E-73  0.4290E-36  0.3920E-24  0.3180E-18  0.9030E-15  0.1120E-13  0.2470E-13  0.3610E-13  0.5210E-13  0.6940E-13  0.8570E-13  0.9440E-13  0.9570E-13
  0.1000E+15  0.1000E-73  0.1000E-73  0.4290E-36  0.3920E-24  0.3180E-18  0.9030E-15  0.1120E-13  0.2470E-13  0.3610E-13  0.5210E-13  0.6940E-13  0.8570E-13  0.9440E-13  0.9570E-13
  0.1000E+16  0.1000E-73  0.1000E-73  0.4290E-36  0.3920E-24  0.3180E-18  0.9030E-15  0.1120E-13  0.2470E-13  0.3610E-13  0.5210E-13  0.6940E-13  0.8570E-13  0.9440E-13  0.9570E-13
  0.1000E+17  0.1000E-73  0.1000E-73  0.4290E-36  0.3920E-24  0.3180E-18  0.9030E-15  0.1120E-13  0.2470E-13  0.3610E-13  0.5210E-13  0.6940E-13  0.8570E-13  0.9440E-13  0.9570E-13
WAVELENGTH(A)= 
     1.056
 7 14 t 
excit   
    84.400    127.000    211.000    422.000    844.000   2110.000   4220.000   6330.000   8440.000  12700.000  21100.000  42200.000  84400.000 127000.000 
  0.1000E+11  0.1000E-73  0.1000E-73  0.8170E-36  0.6820E-24  0.5290E-18  0.1480E-14  0.1840E-13  0.4070E-13  0.5960E-13  0.8620E-13  0.1140E-12  0.1400E-12  0.1540E-12  0.1560E-12
  0.1000E+12  0.1000E-73  0.1000E-73  0.8170E-36  0.6820E-24  0.5290E-18  0.1480E-14  0.1840E-13  0.4070E-13  0.5960E-13  0.8620E-13  0.1140E-12  0.1400E-12  0.1540E-12  0.1560E-12
  0.1000E+13  0.1000E-73  0.1000E-73  0.8170E-36  0.6820E-24  0.5290E-18  0.1480E-14  0.1840E-13  0.4070E-13  0.5960E-13  0.8620E-13  0.1140E-12  0.1400E-12  0.1540E-12  0.1560E-12
  0.1000E+14  0.1000E-73  0.1000E-73  0.8170E-36  0.6820E-24  0.5290E-18  0.1480E-14  0.1840E-13  0.4070E-13  0.5960E-13  0.8620E-13  0.1140E-12  0.1400E-12  0.1540E-12  0.1560E-12
  0.1000E+15  0.1000E-73  0.1000E-73  0.8170E-36  0.6820E-24  0.5290E-18  0.1480E-14  0.1840E-13  0.4070E-13  0.5960E-13  0.8620E-13  0.1140E-12  0.1400E-12  0.1540E-12  0.1560E-12
  0.1000E+16  0.1000E-73  0.1000E-73  0.8170E-36  0.6820E-24  0.5290E-18  0.1480E-14  0.1840E-13  0.4070E-13  0.5960E-13  0.8620E-13  0.1140E-12  0.1400E-12  0.1540E-12  0.1560E-12
  0.1000E+17  0.1000E-73  0.1000E-73  0.8170E-36  0.6820E-24  0.5290E-18  0.1480E-14  0.1840E-13  0.4070E-13  0.5960E-13  0.8620E-13  0.1140E-12  0.1400E-12  0.1540E-12  0.1560E-12
WAVELENGTH(A)= 
     1.089
 7 14 t 
excit   
    84.400    127.000    211.000    422.000    844.000   2110.000   4220.000   6330.000   8440.000  12700.000  21100.000  42200.000  84400.000 127000.000 
  0.1000E+11  0.1000E-73  0.1000E-73  0.4900E-35  0.1770E-23  0.9110E-18  0.1970E-14  0.2220E-13  0.4740E-13  0.6860E-13  0.9770E-13  0.1280E-12  0.1570E-12  0.1710E-12  0.1730E-12
  0.1000E+12  0.1000E-73  0.1000E-73  0.4900E-35  0.1770E-23  0.9110E-18  0.1970E-14  0.2220E-13  0.4740E-13  0.6860E-13  0.9770E-13  0.1280E-12  0.1570E-12  0.1710E-12  0.1730E-12
  0.1000E+13  0.1000E-73  0.1000E-73  0.4900E-35  0.1770E-23  0.9110E-18  0.1970E-14  0.2220E-13  0.4740E-13  0.6860E-13  0.9770E-13  0.1280E-12  0.1570E-12  0.1710E-12  0.1730E-12
  0.1000E+14  0.1000E-73  0.1000E-73  0.4900E-35  0.1770E-23  0.9110E-18  0.1970E-14  0.2220E-13  0.4740E-13  0.6860E-13  0.9770E-13  0.1280E-12  0.1570E-12  0.1710E-12  0.1730E-12
  0.1000E+15  0.1000E-73  0.1000E-73  0.4900E-35  0.1770E-23  0.9110E-18  0.1970E-14  0.2220E-13  0.4740E-13  0.6860E-13  0.9770E-13  0.1280E-12  0.1570E-12  0.1710E-12  0.1730E-12
  0.1000E+16  0.1000E-73  0.1000E-73  0.4900E-35  0.1770E-23  0.9110E-18  0.1970E-14  0.2220E-13  0.4740E-13  0.6860E-13  0.9770E-13  0.1280E-12  0.1570E-12  0.1710E-12  0.1730E-12
  0.1000E+17  0.1000E-73  0.1000E-73  0.4900E-35  0.1770E-23  0.9110E-18  0.1970E-14  0.2220E-13  0.4740E-13  0.6860E-13  0.9770E-13  0.1280E-12  0.1570E-12  0.1710E-12  0.1730E-12
WAVELENGTH(A)= 
     1.093
 7 14 t 
excit   
    84.400    127.000    211.000    422.000    844.000   2110.000   4220.000   6330.000   8440.000  12700.000  21100.000  42200.000  84400.000 127000.000 
  0.1000E+11  0.1000E-73  0.1000E-73  0.5700E-35  0.1900E-23  0.9340E-18  0.1940E-14  0.2170E-13  0.4640E-13  0.6670E-13  0.9450E-13  0.1240E-12  0.1520E-12  0.1670E-12  0.1690E-12
  0.1000E+12  0.1000E-73  0.1000E-73  0.5700E-35  0.1900E-23  0.9340E-18  0.1940E-14  0.2170E-13  0.4640E-13  0.6670E-13  0.9450E-13  0.1240E-12  0.1520E-12  0.1670E-12  0.1690E-12
  0.1000E+13  0.1000E-73  0.1000E-73  0.5700E-35  0.1900E-23  0.9340E-18  0.1940E-14  0.2170E-13  0.4640E-13  0.6670E-13  0.9450E-13  0.1240E-12  0.1520E-12  0.1670E-12  0.1690E-12
  0.1000E+14  0.1000E-73  0.1000E-73  0.5700E-35  0.1900E-23  0.9340E-18  0.1940E-14  0.2170E-13  0.4640E-13  0.6670E-13  0.9450E-13  0.1240E-12  0.1520E-12  0.1670E-12  0.1690E-12
  0.1000E+15  0.1000E-73  0.1000E-73  0.5700E-35  0.1900E-23  0.9340E-18  0.1940E-14  0.2170E-13  0.4640E-13  0.6670E-13  0.9450E-13  0.1240E-12  0.1520E-12  0.1670E-12  0.1690E-12
  0.1000E+16  0.1000E-73  0.1000E-73  0.5700E-35  0.1900E-23  0.9340E-18  0.1940E-14  0.2170E-13  0.4640E-13  0.6670E-13  0.9450E-13  0.1240E-12  0.1520E-12  0.1670E-12  0.1690E-12
  0.1000E+17  0.1000E-73  0.1000E-73  0.5700E-35  0.1900E-23  0.9340E-18  0.1940E-14  0.2170E-13  0.4640E-13  0.6670E-13  0.9450E-13  0.1240E-12  0.1520E-12  0.1670E-12  0.1690E-12
WAVELENGTH(A)= 
     1.100
 7 14 t 
excit   
    84.400    127.000    211.000    422.000    844.000   2110.000   4220.000   6330.000   8440.000  12700.000  21100.000  42200.000  84400.000 127000.000 
  0.1000E+11  0.1000E-73  0.1000E-73  0.3950E-37  0.6740E-25  0.7380E-19  0.2440E-15  0.3020E-14  0.6440E-14  0.9080E-14  0.1220E-13  0.1420E-13  0.1390E-13  0.1190E-13  0.1040E-13
  0.1000E+12  0.1000E-73  0.1000E-73  0.3950E-37  0.6740E-25  0.7380E-19  0.2440E-15  0.3020E-14  0.6440E-14  0.9080E-14  0.1220E-13  0.1420E-13  0.1390E-13  0.1190E-13  0.1040E-13
  0.1000E+13  0.1000E-73  0.1000E-73  0.3950E-37  0.6740E-25  0.7380E-19  0.2440E-15  0.3020E-14  0.6440E-14  0.9080E-14  0.1220E-13  0.1420E-13  0.1390E-13  0.1190E-13  0.1040E-13
  0.1000E+14  0.1000E-73  0.1000E-73  0.3950E-37  0.6740E-25  0.7380E-19  0.2440E-15  0.3020E-14  0.6440E-14  0.9080E-14  0.1220E-13  0.1420E-13  0.1390E-13  0.1190E-13  0.1040E-13
  0.1000E+15  0.1000E-73  0.1000E-73  0.3950E-37  0.6740E-25  0.7380E-19  0.2440E-15  0.3020E-14  0.6440E-14  0.9080E-14  0.1220E-13  0.1420E-13  0.1390E-13  0.1190E-13  0.1040E-13
  0.1000E+16  0.1000E-73  0.1000E-73  0.3950E-37  0.6740E-25  0.7380E-19  0.2440E-15  0.3020E-14  0.6440E-14  0.9080E-14  0.1220E-13  0.1420E-13  0.1390E-13  0.1190E-13  0.1040E-13
  0.1000E+17  0.1000E-73  0.1000E-73  0.3950E-37  0.6740E-25  0.7380E-19  0.2440E-15  0.3020E-14  0.6440E-14  0.9080E-14  0.1220E-13  0.1420E-13  0.1390E-13  0.1190E-13  0.1040E-13
WAVELENGTH(A)= 
     1.101
 7 14 t 
excit   
    84.400    127.000    211.000    422.000    844.000   2110.000   4220.000   6330.000   8440.000  12700.000  21100.000  42200.000  84400.000 127000.000 
  0.1000E+11  0.1000E-73  0.1000E-73  0.3700E-36  0.6140E-24  0.6680E-18  0.2180E-14  0.2700E-13  0.5780E-13  0.8130E-13  0.1080E-12  0.1260E-12  0.1240E-12  0.1060E-12  0.9290E-13
  0.1000E+12  0.1000E-73  0.1000E-73  0.3700E-36  0.6140E-24  0.6680E-18  0.2180E-14  0.2700E-13  0.5780E-13  0.8130E-13  0.1080E-12  0.1260E-12  0.1240E-12  0.1060E-12  0.9290E-13
  0.1000E+13  0.1000E-73  0.1000E-73  0.3700E-36  0.6140E-24  0.6680E-18  0.2180E-14  0.2700E-13  0.5780E-13  0.8130E-13  0.1080E-12  0.1260E-12  0.1240E-12  0.1060E-12  0.9290E-13
  0.1000E+14  0.1000E-73  0.1000E-73  0.3700E-36  0.6140E-24  0.6680E-18  0.2180E-14  0.2700E-13  0.5780E-13  0.8130E-13  0.1080E-12  0.1260E-12  0.1240E-12  0.1060E-12  0.9290E-13
  0.1000E+15  0.1000E-73  0.1000E-73  0.3700E-36  0.6140E-24  0.6680E-18  0.2180E-14  0.2700E-13  0.5780E-13  0.8130E-13  0.1080E-12  0.1260E-12  0.1240E-12  0.1060E-12  0.9290E-13
  0.1000E+16  0.1000E-73  0.1000E-73  0.3700E-36  0.6140E-24  0.6680E-18  0.2180E-14  0.2700E-13  0.5780E-13  0.8130E-13  0.1080E-12  0.1260E-12  0.1240E-12  0.1060E-12  0.9290E-13
  0.1000E+17  0.1000E-73  0.1000E-73  0.3700E-36  0.6140E-24  0.6680E-18  0.2180E-14  0.2700E-13  0.5780E-13  0.8130E-13  0.1080E-12  0.1260E-12  0.1240E-12  0.1060E-12  0.9290E-13
WAVELENGTH(A)= 
     1.124
 7 14 t 
excit   
    84.400    127.000    211.000    422.000    844.000   2110.000   4220.000   6330.000   8440.000  12700.000  21100.000  42200.000  84400.000 127000.000 
  0.1000E+11  0.1000E-73  0.1000E-73  0.2820E-36  0.2680E-24  0.2200E-18  0.6110E-15  0.7150E-14  0.1500E-13  0.2090E-13  0.2780E-13  0.3210E-13  0.3140E-13  0.2670E-13  0.2340E-13
  0.1000E+12  0.1000E-73  0.1000E-73  0.2820E-36  0.2680E-24  0.2200E-18  0.6110E-15  0.7150E-14  0.1500E-13  0.2090E-13  0.2780E-13  0.3210E-13  0.3140E-13  0.2670E-13  0.2340E-13
  0.1000E+13  0.1000E-73  0.1000E-73  0.2820E-36  0.2680E-24  0.2200E-18  0.6110E-15  0.7150E-14  0.1500E-13  0.2090E-13  0.2780E-13  0.3210E-13  0.3140E-13  0.2670E-13  0.2340E-13
  0.1000E+14  0.1000E-73  0.1000E-73  0.2820E-36  0.2680E-24  0.2200E-18  0.6110E-15  0.7150E-14  0.1500E-13  0.2090E-13  0.2780E-13  0.3210E-13  0.3140E-13  0.2670E-13  0.2340E-13
  0.1000E+15  0.1000E-73  0.1000E-73  0.2820E-36  0.2680E-24  0.2200E-18  0.6110E-15  0.7150E-14  0.1500E-13  0.2090E-13  0.2780E-13  0.3210E-13  0.3140E-13  0.2670E-13  0.2340E-13
  0.1000E+16  0.1000E-73  0.1000E-73  0.2820E-36  0.2680E-24  0.2200E-18  0.6110E-15  0.7150E-14  0.1500E-13  0.2090E-13  0.2780E-13  0.3210E-13  0.3140E-13  0.2670E-13  0.2340E-13
  0.1000E+17  0.1000E-73  0.1000E-73  0.2820E-36  0.2680E-24  0.2200E-18  0.6110E-15  0.7150E-14  0.1500E-13  0.2090E-13  0.2780E-13  0.3210E-13  0.3140E-13  0.2670E-13  0.2340E-13
WAVELENGTH(A)= 
     1.127
 7 14 t 
excit   
    84.400    127.000    211.000    422.000    844.000   2110.000   4220.000   6330.000   8440.000  12700.000  21100.000  42200.000  84400.000 127000.000 
  0.1000E+11  0.1000E-73  0.1000E-73  0.3950E-34  0.5750E-23  0.1850E-17  0.3020E-14  0.3110E-13  0.6430E-13  0.9120E-13  0.1280E-12  0.1660E-12  0.2010E-12  0.2200E-12  0.2220E-12
  0.1000E+12  0.1000E-73  0.1000E-73  0.3950E-34  0.5750E-23  0.1850E-17  0.3020E-14  0.3110E-13  0.6430E-13  0.9120E-13  0.1280E-12  0.1660E-12  0.2010E-12  0.2200E-12  0.2220E-12
  0.1000E+13  0.1000E-73  0.1000E-73  0.3950E-34  0.5750E-23  0.1850E-17  0.3020E-14  0.3110E-13  0.6430E-13  0.9120E-13  0.1280E-12  0.1660E-12  0.2010E-12  0.2200E-12  0.2220E-12
  0.1000E+14  0.1000E-73  0.1000E-73  0.3950E-34  0.5750E-23  0.1850E-17  0.3020E-14  0.3110E-13  0.6430E-13  0.9120E-13  0.1280E-12  0.1660E-12  0.2010E-12  0.2200E-12  0.2220E-12
  0.1000E+15  0.1000E-73  0.1000E-73  0.3950E-34  0.5750E-23  0.1850E-17  0.3020E-14  0.3110E-13  0.6430E-13  0.9120E-13  0.1280E-12  0.1660E-12  0.2010E-12  0.2200E-12  0.2220E-12
  0.1000E+16  0.1000E-73  0.1000E-73  0.3950E-34  0.5750E-23  0.1850E-17  0.3020E-14  0.3110E-13  0.6430E-13  0.9120E-13  0.1280E-12  0.1660E-12  0.2010E-12  0.2200E-12  0.2220E-12
  0.1000E+17  0.1000E-73  0.1000E-73  0.3950E-34  0.5750E-23  0.1850E-17  0.3020E-14  0.3110E-13  0.6430E-13  0.9120E-13  0.1280E-12  0.1660E-12  0.2010E-12  0.2200E-12  0.2220E-12
WAVELENGTH(A)= 
     1.146
 7 14 t 
excit   
    84.400    127.000    211.000    422.000    844.000   2110.000   4220.000   6330.000   8440.000  12700.000  21100.000  42200.000  84400.000 127000.000 
  0.1000E+11  0.1000E-73  0.1000E-73  0.1330E-36  0.2200E-24  0.2400E-18  0.7840E-15  0.9690E-14  0.2070E-13  0.2920E-13  0.3890E-13  0.4540E-13  0.4460E-13  0.3800E-13  0.3330E-13
  0.1000E+12  0.1000E-73  0.1000E-73  0.1330E-36  0.2200E-24  0.2400E-18  0.7840E-15  0.9690E-14  0.2070E-13  0.2920E-13  0.3890E-13  0.4540E-13  0.4460E-13  0.3800E-13  0.3330E-13
  0.1000E+13  0.1000E-73  0.1000E-73  0.1330E-36  0.2200E-24  0.2400E-18  0.7840E-15  0.9690E-14  0.2070E-13  0.2920E-13  0.3890E-13  0.4540E-13  0.4460E-13  0.3800E-13  0.3330E-13
  0.1000E+14  0.1000E-73  0.1000E-73  0.1330E-36  0.2200E-24  0.2400E-18  0.7840E-15  0.9690E-14  0.2070E-13  0.2920E-13  0.3890E-13  0.4540E-13  0.4460E-13  0.3800E-13  0.3330E-13
  0.1000E+15  0.1000E-73  0.1000E-73  0.1330E-36  0.2200E-24  0.2400E-18  0.7840E-15  0.9690E-14  0.2070E-13  0.2920E-13  0.3890E-13  0.4540E-13  0.4460E-13  0.3800E-13  0.3330E-13
  0.1000E+16  0.1000E-73  0.1000E-73  0.1330E-36  0.2200E-24  0.2400E-18  0.7840E-15  0.9690E-14  0.2070E-13  0.2920E-13  0.3890E-13  0.4540E-13  0.4460E-13  0.3800E-13  0.3330E-13
  0.1000E+17  0.1000E-73  0.1000E-73  0.1330E-36  0.2200E-24  0.2400E-18  0.7840E-15  0.9690E-14  0.2070E-13  0.2920E-13  0.3890E-13  0.4540E-13  0.4460E-13  0.3800E-13  0.3330E-13
WAVELENGTH(A)= 
     1.146
 7 14 t 
excit   
    84.400    127.000    211.000    422.000    844.000   2110.000   4220.000   6330.000   8440.000  12700.000  21100.000  42200.000  84400.000 127000.000 
  0.1000E+11  0.1000E-73  0.1000E-73  0.5500E-34  0.5230E-23  0.1370E-17  0.2030E-14  0.2070E-13  0.4280E-13  0.6060E-13  0.8430E-13  0.1080E-12  0.1250E-12  0.1310E-12  0.1310E-12
  0.1000E+12  0.1000E-73  0.1000E-73  0.5500E-34  0.5230E-23  0.1370E-17  0.2030E-14  0.2070E-13  0.4280E-13  0.6060E-13  0.8430E-13  0.1080E-12  0.1250E-12  0.1310E-12  0.1310E-12
  0.1000E+13  0.1000E-73  0.1000E-73  0.5500E-34  0.5230E-23  0.1370E-17  0.2030E-14  0.2070E-13  0.4280E-13  0.6060E-13  0.8430E-13  0.1080E-12  0.1250E-12  0.1310E-12  0.1310E-12
  0.1000E+14  0.1000E-73  0.1000E-73  0.5500E-34  0.5230E-23  0.1370E-17  0.2030E-14  0.2070E-13  0.4280E-13  0.6060E-13  0.8430E-13  0.1080E-12  0.1250E-12  0.1310E-12  0.1310E-12
  0.1000E+15  0.1000E-73  0.1000E-73  0.5500E-34  0.5230E-23  0.1370E-17  0.2030E-14  0.2070E-13  0.4280E-13  0.6060E-13  0.8430E-13  0.1080E-12  0.1250E-12  0.1310E-12  0.1310E-12
  0.1000E+16  0.1000E-73  0.1000E-73  0.5500E-34  0.5230E-23  0.1370E-17  0.2030E-14  0.2070E-13  0.4280E-13  0.6060E-13  0.8430E-13  0.1080E-12  0.1250E-12  0.1310E-12  0.1310E-12
  0.1000E+17  0.1000E-73  0.1000E-73  0.5500E-34  0.5230E-23  0.1370E-17  0.2030E-14  0.2070E-13  0.4280E-13  0.6060E-13  0.8430E-13  0.1080E-12  0.1250E-12  0.1310E-12  0.1310E-12
WAVELENGTH(A)= 
     1.146
 7 14 t 
excit   
    84.400    127.000    211.000    422.000    844.000   2110.000   4220.000   6330.000   8440.000  12700.000  21100.000  42200.000  84400.000 127000.000 
  0.1000E+11  0.1000E-73  0.1000E-73  0.3910E-37  0.6440E-25  0.6930E-19  0.2260E-15  0.2790E-14  0.5950E-14  0.8360E-14  0.1120E-13  0.1300E-13  0.1270E-13  0.1080E-13  0.9500E-14
  0.1000E+12  0.1000E-73  0.1000E-73  0.3910E-37  0.6440E-25  0.6930E-19  0.2260E-15  0.2790E-14  0.5950E-14  0.8360E-14  0.1120E-13  0.1300E-13  0.1270E-13  0.1080E-13  0.9500E-14
  0.1000E+13  0.1000E-73  0.1000E-73  0.3910E-37  0.6440E-25  0.6930E-19  0.2260E-15  0.2790E-14  0.5950E-14  0.8360E-14  0.1120E-13  0.1300E-13  0.1270E-13  0.1080E-13  0.9500E-14
  0.1000E+14  0.1000E-73  0.1000E-73  0.3910E-37  0.6440E-25  0.6930E-19  0.2260E-15  0.2790E-14  0.5950E-14  0.8360E-14  0.1120E-13  0.1300E-13  0.1270E-13  0.1080E-13  0.9500E-14
  0.1000E+15  0.1000E-73  0.1000E-73  0.3910E-37  0.6440E-25  0.6930E-19  0.2260E-15  0.2790E-14  0.5950E-14  0.8360E-14  0.1120E-13  0.1300E-13  0.1270E-13  0.1080E-13  0.9500E-14
  0.1000E+16  0.1000E-73  0.1000E-73  0.3910E-37  0.6440E-25  0.6930E-19  0.2260E-15  0.2790E-14  0.5950E-14  0.8360E-14  0.1120E-13  0.1300E-13  0.1270E-13  0.1080E-13  0.9500E-14
  0.1000E+17  0.1000E-73  0.1000E-73  0.3910E-37  0.6440E-25  0.6930E-19  0.2260E-15  0.2790E-14  0.5950E-14  0.8360E-14  0.1120E-13  0.1300E-13  0.1270E-13  0.1080E-13  0.9500E-14
WAVELENGTH(A)= 
     1.163
 7 14 t 
excit   
    84.400    127.000    211.000    422.000    844.000   2110.000   4220.000   6330.000   8440.000  12700.000  21100.000  42200.000  84400.000 127000.000 
  0.1000E+11  0.1000E-73  0.1000E-73  0.7360E-36  0.2920E-24  0.1560E-18  0.3310E-15  0.3550E-14  0.7220E-14  0.9920E-14  0.1290E-13  0.1480E-13  0.1430E-13  0.1210E-13  0.1060E-13
  0.1000E+12  0.1000E-73  0.1000E-73  0.7360E-36  0.2920E-24  0.1560E-18  0.3310E-15  0.3550E-14  0.7220E-14  0.9920E-14  0.1290E-13  0.1480E-13  0.1430E-13  0.1210E-13  0.1060E-13
  0.1000E+13  0.1000E-73  0.1000E-73  0.7360E-36  0.2920E-24  0.1560E-18  0.3310E-15  0.3550E-14  0.7220E-14  0.9920E-14  0.1290E-13  0.1480E-13  0.1430E-13  0.1210E-13  0.1060E-13
  0.1000E+14  0.1000E-73  0.1000E-73  0.7360E-36  0.2920E-24  0.1560E-18  0.3310E-15  0.3550E-14  0.7220E-14  0.9920E-14  0.1290E-13  0.1480E-13  0.1430E-13  0.1210E-13  0.1060E-13
  0.1000E+15  0.1000E-73  0.1000E-73  0.7360E-36  0.2920E-24  0.1560E-18  0.3310E-15  0.3550E-14  0.7220E-14  0.9920E-14  0.1290E-13  0.1480E-13  0.1430E-13  0.1210E-13  0.1060E-13
  0.1000E+16  0.1000E-73  0.1000E-73  0.7360E-36  0.2920E-24  0.1560E-18  0.3310E-15  0.3550E-14  0.7220E-14  0.9920E-14  0.1290E-13  0.1480E-13  0.1430E-13  0.1210E-13  0.1060E-13
  0.1000E+17  0.1000E-73  0.1000E-73  0.7360E-36  0.2920E-24  0.1560E-18  0.3310E-15  0.3550E-14  0.7220E-14  0.9920E-14  0.1290E-13  0.1480E-13  0.1430E-13  0.1210E-13  0.1060E-13
WAVELENGTH(A)= 
     1.166
 7 14 t 
excit   
    84.400    127.000    211.000    422.000    844.000   2110.000   4220.000   6330.000   8440.000  12700.000  21100.000  42200.000  84400.000 127000.000 
  0.1000E+11  0.1000E-73  0.1000E-73  0.1000E-34  0.3730E-23  0.1920E-17  0.4020E-14  0.4280E-13  0.8710E-13  0.1200E-12  0.1560E-12  0.1780E-12  0.1730E-12  0.1460E-12  0.1280E-12
  0.1000E+12  0.1000E-73  0.1000E-73  0.1000E-34  0.3730E-23  0.1920E-17  0.4020E-14  0.4280E-13  0.8710E-13  0.1200E-12  0.1560E-12  0.1780E-12  0.1730E-12  0.1460E-12  0.1280E-12
  0.1000E+13  0.1000E-73  0.1000E-73  0.1000E-34  0.3730E-23  0.1920E-17  0.4020E-14  0.4280E-13  0.8710E-13  0.1200E-12  0.1560E-12  0.1780E-12  0.1730E-12  0.1460E-12  0.1280E-12
  0.1000E+14  0.1000E-73  0.1000E-73  0.1000E-34  0.3730E-23  0.1920E-17  0.4020E-14  0.4280E-13  0.8710E-13  0.1200E-12  0.1560E-12  0.1780E-12  0.1730E-12  0.1460E-12  0.1280E-12
  0.1000E+15  0.1000E-73  0.1000E-73  0.1000E-34  0.3730E-23  0.1920E-17  0.4020E-14  0.4280E-13  0.8710E-13  0.1200E-12  0.1560E-12  0.1780E-12  0.1730E-12  0.1460E-12  0.1280E-12
  0.1000E+16  0.1000E-73  0.1000E-73  0.1000E-34  0.3730E-23  0.1920E-17  0.4020E-14  0.4280E-13  0.8710E-13  0.1200E-12  0.1560E-12  0.1780E-12  0.1730E-12  0.1460E-12  0.1280E-12
  0.1000E+17  0.1000E-73  0.1000E-73  0.1000E-34  0.3730E-23  0.1920E-17  0.4020E-14  0.4280E-13  0.8710E-13  0.1200E-12  0.1560E-12  0.1780E-12  0.1730E-12  0.1460E-12  0.1280E-12
WAVELENGTH(A)= 
     1.171
 7 14 t 
excit   
    84.400    127.000    211.000    422.000    844.000   2110.000   4220.000   6330.000   8440.000  12700.000  21100.000  42200.000  84400.000 127000.000 
  0.1000E+11  0.1000E-73  0.1000E-73  0.1210E-35  0.1150E-23  0.9420E-18  0.2620E-14  0.3060E-13  0.6420E-13  0.8950E-13  0.1190E-12  0.1370E-12  0.1350E-12  0.1150E-12  0.1000E-12
  0.1000E+12  0.1000E-73  0.1000E-73  0.1210E-35  0.1150E-23  0.9420E-18  0.2620E-14  0.3060E-13  0.6420E-13  0.8950E-13  0.1190E-12  0.1370E-12  0.1350E-12  0.1150E-12  0.1000E-12
  0.1000E+13  0.1000E-73  0.1000E-73  0.1210E-35  0.1150E-23  0.9420E-18  0.2620E-14  0.3060E-13  0.6420E-13  0.8950E-13  0.1190E-12  0.1370E-12  0.1350E-12  0.1150E-12  0.1000E-12
  0.1000E+14  0.1000E-73  0.1000E-73  0.1210E-35  0.1150E-23  0.9420E-18  0.2620E-14  0.3060E-13  0.6420E-13  0.8950E-13  0.1190E-12  0.1370E-12  0.1350E-12  0.1150E-12  0.1000E-12
  0.1000E+15  0.1000E-73  0.1000E-73  0.1210E-35  0.1150E-23  0.9420E-18  0.2620E-14  0.3060E-13  0.6420E-13  0.8950E-13  0.1190E-12  0.1370E-12  0.1350E-12  0.1150E-12  0.1000E-12
  0.1000E+16  0.1000E-73  0.1000E-73  0.1210E-35  0.1150E-23  0.9420E-18  0.2620E-14  0.3060E-13  0.6420E-13  0.8950E-13  0.1190E-12  0.1370E-12  0.1350E-12  0.1150E-12  0.1000E-12
  0.1000E+17  0.1000E-73  0.1000E-73  0.1210E-35  0.1150E-23  0.9420E-18  0.2620E-14  0.3060E-13  0.6420E-13  0.8950E-13  0.1190E-12  0.1370E-12  0.1350E-12  0.1150E-12  0.1000E-12
WAVELENGTH(A)= 
     1.199
 7 14 t 
excit   
    84.400    127.000    211.000    422.000    844.000   2110.000   4220.000   6330.000   8440.000  12700.000  21100.000  42200.000  84400.000 127000.000 
  0.1000E+11  0.1000E-73  0.1000E-73  0.1660E-33  0.5150E-23  0.7690E-18  0.7990E-15  0.7190E-14  0.1430E-13  0.1990E-13  0.2720E-13  0.3450E-13  0.4100E-13  0.4380E-13  0.4420E-13
  0.1000E+12  0.1000E-73  0.1000E-73  0.1660E-33  0.5150E-23  0.7690E-18  0.7990E-15  0.7190E-14  0.1430E-13  0.1990E-13  0.2720E-13  0.3450E-13  0.4100E-13  0.4380E-13  0.4420E-13
  0.1000E+13  0.1000E-73  0.1000E-73  0.1660E-33  0.5150E-23  0.7690E-18  0.7990E-15  0.7190E-14  0.1430E-13  0.1990E-13  0.2720E-13  0.3450E-13  0.4100E-13  0.4380E-13  0.4420E-13
  0.1000E+14  0.1000E-73  0.1000E-73  0.1660E-33  0.5150E-23  0.7690E-18  0.7990E-15  0.7190E-14  0.1430E-13  0.1990E-13  0.2720E-13  0.3450E-13  0.4100E-13  0.4380E-13  0.4420E-13
  0.1000E+15  0.1000E-73  0.1000E-73  0.1660E-33  0.5150E-23  0.7690E-18  0.7990E-15  0.7190E-14  0.1430E-13  0.1990E-13  0.2720E-13  0.3450E-13  0.4100E-13  0.4380E-13  0.4420E-13
  0.1000E+16  0.1000E-73  0.1000E-73  0.1660E-33  0.5150E-23  0.7690E-18  0.7990E-15  0.7190E-14  0.1430E-13  0.1990E-13  0.2720E-13  0.3450E-13  0.4100E-13  0.4380E-13  0.4420E-13
  0.1000E+17  0.1000E-73  0.1000E-73  0.1660E-33  0.5150E-23  0.7690E-18  0.7990E-15  0.7190E-14  0.1430E-13  0.1990E-13  0.2720E-13  0.3450E-13  0.4100E-13  0.4380E-13  0.4420E-13
WAVELENGTH(A)= 
     1.206
 7 14 t 
excit   
    84.400    127.000    211.000    422.000    844.000   2110.000   4220.000   6330.000   8440.000  12700.000  21100.000  42200.000  84400.000 127000.000 
  0.1000E+11  0.1000E-73  0.1000E-73  0.1270E-31  0.3420E-21  0.4730E-16  0.4570E-13  0.3900E-12  0.7520E-12  0.1020E-11  0.1350E-11  0.1630E-11  0.1780E-11  0.1760E-11  0.1700E-11
  0.1000E+12  0.1000E-73  0.1000E-73  0.1270E-31  0.3420E-21  0.4730E-16  0.4570E-13  0.3900E-12  0.7520E-12  0.1020E-11  0.1350E-11  0.1630E-11  0.1780E-11  0.1760E-11  0.1700E-11
  0.1000E+13  0.1000E-73  0.1000E-73  0.1270E-31  0.3420E-21  0.4730E-16  0.4570E-13  0.3900E-12  0.7520E-12  0.1020E-11  0.1350E-11  0.1630E-11  0.1780E-11  0.1760E-11  0.1700E-11
  0.1000E+14  0.1000E-73  0.1000E-73  0.1270E-31  0.3420E-21  0.4730E-16  0.4570E-13  0.3900E-12  0.7520E-12  0.1020E-11  0.1350E-11  0.1630E-11  0.1780E-11  0.1760E-11  0.1700E-11
  0.1000E+15  0.1000E-73  0.1000E-73  0.1270E-31  0.3420E-21  0.4730E-16  0.4570E-13  0.3900E-12  0.7520E-12  0.1020E-11  0.1350E-11  0.1630E-11  0.1780E-11  0.1760E-11  0.1700E-11
  0.1000E+16  0.1000E-73  0.1000E-73  0.1270E-31  0.3420E-21  0.4730E-16  0.4570E-13  0.3900E-12  0.7520E-12  0.1020E-11  0.1350E-11  0.1630E-11  0.1780E-11  0.1760E-11  0.1700E-11
  0.1000E+17  0.1000E-73  0.2490E-45  0.1270E-31  0.3420E-21  0.4730E-16  0.4570E-13  0.3900E-12  0.7520E-12  0.1020E-11  0.1350E-11  0.1630E-11  0.1780E-11  0.1760E-11  0.1700E-11
WAVELENGTH(A)= 
     1.208
 7 14 t 
excit   
    84.400    127.000    211.000    422.000    844.000   2110.000   4220.000   6330.000   8440.000  12700.000  21100.000  42200.000  84400.000 127000.000 
  0.1000E+11  0.1000E-73  0.1000E-73  0.4170E-37  0.7290E-25  0.8120E-19  0.2710E-15  0.3360E-14  0.7210E-14  0.1020E-13  0.1360E-13  0.1590E-13  0.1560E-13  0.1340E-13  0.1170E-13
  0.1000E+12  0.1000E-73  0.1000E-73  0.4170E-37  0.7290E-25  0.8120E-19  0.2710E-15  0.3360E-14  0.7210E-14  0.1020E-13  0.1360E-13  0.1590E-13  0.1560E-13  0.1340E-13  0.1170E-13
  0.1000E+13  0.1000E-73  0.1000E-73  0.4170E-37  0.7290E-25  0.8120E-19  0.2710E-15  0.3360E-14  0.7210E-14  0.1020E-13  0.1360E-13  0.1590E-13  0.1560E-13  0.1340E-13  0.1170E-13
  0.1000E+14  0.1000E-73  0.1000E-73  0.4170E-37  0.7290E-25  0.8120E-19  0.2710E-15  0.3360E-14  0.7210E-14  0.1020E-13  0.1360E-13  0.1590E-13  0.1560E-13  0.1340E-13  0.1170E-13
  0.1000E+15  0.1000E-73  0.1000E-73  0.4170E-37  0.7290E-25  0.8120E-19  0.2710E-15  0.3360E-14  0.7210E-14  0.1020E-13  0.1360E-13  0.1590E-13  0.1560E-13  0.1340E-13  0.1170E-13
  0.1000E+16  0.1000E-73  0.1000E-73  0.4170E-37  0.7290E-25  0.8120E-19  0.2710E-15  0.3360E-14  0.7210E-14  0.1020E-13  0.1360E-13  0.1590E-13  0.1560E-13  0.1340E-13  0.1170E-13
  0.1000E+17  0.1000E-73  0.1000E-73  0.4170E-37  0.7290E-25  0.8120E-19  0.2710E-15  0.3360E-14  0.7210E-14  0.1020E-13  0.1360E-13  0.1590E-13  0.1560E-13  0.1340E-13  0.1170E-13
WAVELENGTH(A)= 
     1.210
 7 14 t 
excit   
    84.400    127.000    211.000    422.000    844.000   2110.000   4220.000   6330.000   8440.000  12700.000  21100.000  42200.000  84400.000 127000.000 
  0.1000E+11  0.1000E-73  0.1000E-73  0.2200E-36  0.3750E-24  0.4110E-18  0.1360E-14  0.1680E-13  0.3580E-13  0.5060E-13  0.6760E-13  0.7900E-13  0.7750E-13  0.6620E-13  0.5800E-13
  0.1000E+12  0.1000E-73  0.1000E-73  0.2200E-36  0.3750E-24  0.4110E-18  0.1360E-14  0.1680E-13  0.3580E-13  0.5060E-13  0.6760E-13  0.7900E-13  0.7750E-13  0.6620E-13  0.5800E-13
  0.1000E+13  0.1000E-73  0.1000E-73  0.2200E-36  0.3750E-24  0.4110E-18  0.1360E-14  0.1680E-13  0.3580E-13  0.5060E-13  0.6760E-13  0.7900E-13  0.7750E-13  0.6620E-13  0.5800E-13
  0.1000E+14  0.1000E-73  0.1000E-73  0.2200E-36  0.3750E-24  0.4110E-18  0.1360E-14  0.1680E-13  0.3580E-13  0.5060E-13  0.6760E-13  0.7900E-13  0.7750E-13  0.6620E-13  0.5800E-13
  0.1000E+15  0.1000E-73  0.1000E-73  0.2200E-36  0.3750E-24  0.4110E-18  0.1360E-14  0.1680E-13  0.3580E-13  0.5060E-13  0.6760E-13  0.7900E-13  0.7750E-13  0.6620E-13  0.5800E-13
  0.1000E+16  0.1000E-73  0.1000E-73  0.2200E-36  0.3750E-24  0.4110E-18  0.1360E-14  0.1680E-13  0.3580E-13  0.5060E-13  0.6760E-13  0.7900E-13  0.7750E-13  0.6620E-13  0.5800E-13
  0.1000E+17  0.1000E-73  0.1000E-73  0.2200E-36  0.3750E-24  0.4110E-18  0.1360E-14  0.1680E-13  0.3580E-13  0.5060E-13  0.6760E-13  0.7900E-13  0.7750E-13  0.6620E-13  0.5800E-13
WAVELENGTH(A)= 
     1.211
 7 14 t 
excit   
    84.400    127.000    211.000    422.000    844.000   2110.000   4220.000   6330.000   8440.000  12700.000  21100.000  42200.000  84400.000 127000.000 
  0.1000E+11  0.1000E-73  0.1000E-73  0.1920E-36  0.3160E-24  0.3400E-18  0.1110E-14  0.1370E-13  0.2920E-13  0.4100E-13  0.5480E-13  0.6370E-13  0.6250E-13  0.5310E-13  0.4660E-13
  0.1000E+12  0.1000E-73  0.1000E-73  0.1920E-36  0.3160E-24  0.3400E-18  0.1110E-14  0.1370E-13  0.2920E-13  0.4100E-13  0.5480E-13  0.6370E-13  0.6250E-13  0.5310E-13  0.4660E-13
  0.1000E+13  0.1000E-73  0.1000E-73  0.1920E-36  0.3160E-24  0.3400E-18  0.1110E-14  0.1370E-13  0.2920E-13  0.4100E-13  0.5480E-13  0.6370E-13  0.6250E-13  0.5310E-13  0.4660E-13
  0.1000E+14  0.1000E-73  0.1000E-73  0.1920E-36  0.3160E-24  0.3400E-18  0.1110E-14  0.1370E-13  0.2920E-13  0.4100E-13  0.5480E-13  0.6370E-13  0.6250E-13  0.5310E-13  0.4660E-13
  0.1000E+15  0.1000E-73  0.1000E-73  0.1920E-36  0.3160E-24  0.3400E-18  0.1110E-14  0.1370E-13  0.2920E-13  0.4100E-13  0.5480E-13  0.6370E-13  0.6250E-13  0.5310E-13  0.4660E-13
  0.1000E+16  0.1000E-73  0.1000E-73  0.1920E-36  0.3160E-24  0.3400E-18  0.1110E-14  0.1370E-13  0.2920E-13  0.4100E-13  0.5480E-13  0.6370E-13  0.6250E-13  0.5310E-13  0.4660E-13
  0.1000E+17  0.1000E-73  0.1000E-73  0.1920E-36  0.3160E-24  0.3400E-18  0.1110E-14  0.1370E-13  0.2920E-13  0.4100E-13  0.5480E-13  0.6370E-13  0.6250E-13  0.5310E-13  0.4660E-13
WAVELENGTH(A)= 
     1.214
 7 14 t 
excit   
    84.400    127.000    211.000    422.000    844.000   2110.000   4220.000   6330.000   8440.000  12700.000  21100.000  42200.000  84400.000 127000.000 
  0.1000E+11  0.1000E-73  0.1000E-73  0.4710E-35  0.1870E-23  0.9960E-18  0.2120E-14  0.2270E-13  0.4620E-13  0.6350E-13  0.8270E-13  0.9450E-13  0.9170E-13  0.7740E-13  0.6770E-13
  0.1000E+12  0.1000E-73  0.1000E-73  0.4710E-35  0.1870E-23  0.9960E-18  0.2120E-14  0.2270E-13  0.4620E-13  0.6350E-13  0.8270E-13  0.9450E-13  0.9170E-13  0.7740E-13  0.6770E-13
  0.1000E+13  0.1000E-73  0.1000E-73  0.4710E-35  0.1870E-23  0.9960E-18  0.2120E-14  0.2270E-13  0.4620E-13  0.6350E-13  0.8270E-13  0.9450E-13  0.9170E-13  0.7740E-13  0.6770E-13
  0.1000E+14  0.1000E-73  0.1000E-73  0.4710E-35  0.1870E-23  0.9960E-18  0.2120E-14  0.2270E-13  0.4620E-13  0.6350E-13  0.8270E-13  0.9450E-13  0.9170E-13  0.7740E-13  0.6770E-13
  0.1000E+15  0.1000E-73  0.1000E-73  0.4710E-35  0.1870E-23  0.9960E-18  0.2120E-14  0.2270E-13  0.4620E-13  0.6350E-13  0.8270E-13  0.9450E-13  0.9170E-13  0.7740E-13  0.6770E-13
  0.1000E+16  0.1000E-73  0.1000E-73  0.4710E-35  0.1870E-23  0.9960E-18  0.2120E-14  0.2270E-13  0.4620E-13  0.6350E-13  0.8270E-13  0.9450E-13  0.9170E-13  0.7740E-13  0.6770E-13
  0.1000E+17  0.1000E-73  0.1000E-73  0.4710E-35  0.1870E-23  0.9960E-18  0.2120E-14  0.2270E-13  0.4620E-13  0.6350E-13  0.8270E-13  0.9450E-13  0.9170E-13  0.7740E-13  0.6770E-13
WAVELENGTH(A)= 
     1.217
 7 14 t 
excit   
    84.400    127.000    211.000    422.000    844.000   2110.000   4220.000   6330.000   8440.000  12700.000  21100.000  42200.000  84400.000 127000.000 
  0.1000E+11  0.1000E-73  0.1000E-73  0.1030E-35  0.3830E-24  0.1970E-18  0.4130E-15  0.4390E-14  0.8940E-14  0.1230E-13  0.1600E-13  0.1830E-13  0.1770E-13  0.1500E-13  0.1310E-13
  0.1000E+12  0.1000E-73  0.1000E-73  0.1030E-35  0.3830E-24  0.1970E-18  0.4130E-15  0.4390E-14  0.8940E-14  0.1230E-13  0.1600E-13  0.1830E-13  0.1770E-13  0.1500E-13  0.1310E-13
  0.1000E+13  0.1000E-73  0.1000E-73  0.1030E-35  0.3830E-24  0.1970E-18  0.4130E-15  0.4390E-14  0.8940E-14  0.1230E-13  0.1600E-13  0.1830E-13  0.1770E-13  0.1500E-13  0.1310E-13
  0.1000E+14  0.1000E-73  0.1000E-73  0.1030E-35  0.3830E-24  0.1970E-18  0.4130E-15  0.4390E-14  0.8940E-14  0.1230E-13  0.1600E-13  0.1830E-13  0.1770E-13  0.1500E-13  0.1310E-13
  0.1000E+15  0.1000E-73  0.1000E-73  0.1030E-35  0.3830E-24  0.1970E-18  0.4130E-15  0.4390E-14  0.8940E-14  0.1230E-13  0.1600E-13  0.1830E-13  0.1770E-13  0.1500E-13  0.1310E-13
  0.1000E+16  0.1000E-73  0.1000E-73  0.1030E-35  0.3830E-24  0.1970E-18  0.4130E-15  0.4390E-14  0.8940E-14  0.1230E-13  0.1600E-13  0.1830E-13  0.1770E-13  0.1500E-13  0.1310E-13
  0.1000E+17  0.1000E-73  0.1000E-73  0.1030E-35  0.3830E-24  0.1970E-18  0.4130E-15  0.4390E-14  0.8940E-14  0.1230E-13  0.1600E-13  0.1830E-13  0.1770E-13  0.1500E-13  0.1310E-13
WAVELENGTH(A)= 
     1.238
 7 14 t 
excit   
    84.400    127.000    211.000    422.000    844.000   2110.000   4220.000   6330.000   8440.000  12700.000  21100.000  42200.000  84400.000 127000.000 
  0.1000E+11  0.1000E-73  0.1000E-73  0.8380E-32  0.1200E-21  0.1210E-16  0.9860E-14  0.8100E-13  0.1540E-12  0.2060E-12  0.2640E-12  0.3000E-12  0.2940E-12  0.2560E-12  0.2290E-12
  0.1000E+12  0.1000E-73  0.1000E-73  0.8380E-32  0.1200E-21  0.1210E-16  0.9860E-14  0.8100E-13  0.1540E-12  0.2060E-12  0.2640E-12  0.3000E-12  0.2940E-12  0.2560E-12  0.2290E-12
  0.1000E+13  0.1000E-73  0.1000E-73  0.8380E-32  0.1200E-21  0.1210E-16  0.9860E-14  0.8100E-13  0.1540E-12  0.2060E-12  0.2640E-12  0.3000E-12  0.2940E-12  0.2560E-12  0.2290E-12
  0.1000E+14  0.1000E-73  0.1000E-73  0.8380E-32  0.1200E-21  0.1210E-16  0.9860E-14  0.8100E-13  0.1540E-12  0.2060E-12  0.2640E-12  0.3000E-12  0.2940E-12  0.2560E-12  0.2290E-12
  0.1000E+15  0.1000E-73  0.2180E-45  0.8380E-32  0.1200E-21  0.1210E-16  0.9860E-14  0.8100E-13  0.1540E-12  0.2060E-12  0.2640E-12  0.3000E-12  0.2940E-12  0.2560E-12  0.2290E-12
  0.1000E+16  0.1000E-73  0.1960E-45  0.8380E-32  0.1200E-21  0.1210E-16  0.9860E-14  0.8100E-13  0.1540E-12  0.2060E-12  0.2640E-12  0.3000E-12  0.2940E-12  0.2560E-12  0.2290E-12
  0.1000E+17  0.1000E-73  0.1980E-45  0.8380E-32  0.1200E-21  0.1210E-16  0.9860E-14  0.8100E-13  0.1540E-12  0.2060E-12  0.2640E-12  0.3000E-12  0.2940E-12  0.2560E-12  0.2290E-12
WAVELENGTH(A)= 
     1.267
 7 14 t 
excit   
    84.400    127.000    211.000    422.000    844.000   2110.000   4220.000   6330.000   8440.000  12700.000  21100.000  42200.000  84400.000 127000.000 
  0.1000E+11  0.1000E-73  0.1000E-73  0.4050E-33  0.2020E-22  0.3810E-17  0.4360E-14  0.3790E-13  0.7220E-13  0.9570E-13  0.1210E-12  0.1350E-12  0.1270E-12  0.1070E-12  0.9330E-13
  0.1000E+12  0.1000E-73  0.1000E-73  0.4050E-33  0.2020E-22  0.3810E-17  0.4360E-14  0.3790E-13  0.7220E-13  0.9570E-13  0.1210E-12  0.1350E-12  0.1270E-12  0.1070E-12  0.9330E-13
  0.1000E+13  0.1000E-73  0.1000E-73  0.4050E-33  0.2020E-22  0.3810E-17  0.4360E-14  0.3790E-13  0.7220E-13  0.9570E-13  0.1210E-12  0.1350E-12  0.1270E-12  0.1070E-12  0.9330E-13
  0.1000E+14  0.1000E-73  0.1000E-73  0.4050E-33  0.2020E-22  0.3810E-17  0.4360E-14  0.3790E-13  0.7220E-13  0.9570E-13  0.1210E-12  0.1350E-12  0.1270E-12  0.1070E-12  0.9330E-13
  0.1000E+15  0.1000E-73  0.1000E-73  0.4050E-33  0.2020E-22  0.3810E-17  0.4360E-14  0.3790E-13  0.7220E-13  0.9570E-13  0.1210E-12  0.1350E-12  0.1270E-12  0.1070E-12  0.9330E-13
  0.1000E+16  0.1000E-73  0.1000E-73  0.4050E-33  0.2020E-22  0.3810E-17  0.4360E-14  0.3790E-13  0.7220E-13  0.9570E-13  0.1210E-12  0.1350E-12  0.1270E-12  0.1070E-12  0.9330E-13
  0.1000E+17  0.1000E-73  0.1000E-73  0.4050E-33  0.2020E-22  0.3810E-17  0.4360E-14  0.3790E-13  0.7220E-13  0.9570E-13  0.1210E-12  0.1350E-12  0.1270E-12  0.1070E-12  0.9330E-13
WAVELENGTH(A)= 
     1.269
 7 14 t 
excit   
    84.400    127.000    211.000    422.000    844.000   2110.000   4220.000   6330.000   8440.000  12700.000  21100.000  42200.000  84400.000 127000.000 
  0.1000E+11  0.1000E-73  0.1000E-73  0.3360E-37  0.5880E-25  0.6550E-19  0.2180E-15  0.2710E-14  0.5810E-14  0.8190E-14  0.1100E-13  0.1280E-13  0.1260E-13  0.1080E-13  0.9470E-14
  0.1000E+12  0.1000E-73  0.1000E-73  0.3360E-37  0.5880E-25  0.6550E-19  0.2180E-15  0.2710E-14  0.5810E-14  0.8190E-14  0.1100E-13  0.1280E-13  0.1260E-13  0.1080E-13  0.9470E-14
  0.1000E+13  0.1000E-73  0.1000E-73  0.3370E-37  0.5880E-25  0.6550E-19  0.2180E-15  0.2710E-14  0.5810E-14  0.8190E-14  0.1100E-13  0.1280E-13  0.1260E-13  0.1080E-13  0.9470E-14
  0.1000E+14  0.1000E-73  0.1000E-73  0.3370E-37  0.5880E-25  0.6550E-19  0.2180E-15  0.2710E-14  0.5810E-14  0.8190E-14  0.1100E-13  0.1280E-13  0.1260E-13  0.1080E-13  0.9470E-14
  0.1000E+15  0.1000E-73  0.1000E-73  0.3370E-37  0.5880E-25  0.6550E-19  0.2180E-15  0.2710E-14  0.5810E-14  0.8190E-14  0.1100E-13  0.1280E-13  0.1260E-13  0.1080E-13  0.9470E-14
  0.1000E+16  0.1000E-73  0.1000E-73  0.3370E-37  0.5880E-25  0.6550E-19  0.2180E-15  0.2710E-14  0.5810E-14  0.8190E-14  0.1100E-13  0.1280E-13  0.1260E-13  0.1080E-13  0.9470E-14
  0.1000E+17  0.1000E-73  0.1000E-73  0.3370E-37  0.5880E-25  0.6550E-19  0.2180E-15  0.2710E-14  0.5810E-14  0.8190E-14  0.1100E-13  0.1280E-13  0.1260E-13  0.1080E-13  0.9470E-14
WAVELENGTH(A)= 
     1.272
 7 14 t 
excit   
    84.400    127.000    211.000    422.000    844.000   2110.000   4220.000   6330.000   8440.000  12700.000  21100.000  42200.000  84400.000 127000.000 
  0.1000E+11  0.1000E-73  0.1000E-73  0.3080E-36  0.5060E-24  0.5450E-18  0.1780E-14  0.2190E-13  0.4680E-13  0.6580E-13  0.8790E-13  0.1020E-12  0.1000E-12  0.8520E-13  0.7480E-13
  0.1000E+12  0.1000E-73  0.1000E-73  0.3080E-36  0.5060E-24  0.5450E-18  0.1780E-14  0.2190E-13  0.4680E-13  0.6580E-13  0.8790E-13  0.1020E-12  0.1000E-12  0.8520E-13  0.7480E-13
  0.1000E+13  0.1000E-73  0.1000E-73  0.3080E-36  0.5060E-24  0.5450E-18  0.1780E-14  0.2190E-13  0.4680E-13  0.6580E-13  0.8790E-13  0.1020E-12  0.1000E-12  0.8520E-13  0.7480E-13
  0.1000E+14  0.1000E-73  0.1000E-73  0.3080E-36  0.5060E-24  0.5450E-18  0.1780E-14  0.2190E-13  0.4680E-13  0.6580E-13  0.8790E-13  0.1020E-12  0.1000E-12  0.8520E-13  0.7480E-13
  0.1000E+15  0.1000E-73  0.1000E-73  0.3080E-36  0.5060E-24  0.5450E-18  0.1780E-14  0.2190E-13  0.4680E-13  0.6580E-13  0.8790E-13  0.1020E-12  0.1000E-12  0.8520E-13  0.7480E-13
  0.1000E+16  0.1000E-73  0.1000E-73  0.3080E-36  0.5060E-24  0.5450E-18  0.1780E-14  0.2190E-13  0.4680E-13  0.6580E-13  0.8790E-13  0.1020E-12  0.1000E-12  0.8520E-13  0.7480E-13
  0.1000E+17  0.1000E-73  0.1000E-73  0.3080E-36  0.5060E-24  0.5450E-18  0.1780E-14  0.2190E-13  0.4680E-13  0.6580E-13  0.8790E-13  0.1020E-12  0.1000E-12  0.8520E-13  0.7480E-13
WAVELENGTH(A)= 
     1.286
 7 14 t 
excit   
    84.400    127.000    211.000    422.000    844.000   2110.000   4220.000   6330.000   8440.000  12700.000  21100.000  42200.000  84400.000 127000.000 
  0.1000E+11  0.1000E-73  0.1000E-73  0.9260E-32  0.7190E-22  0.5790E-17  0.4690E-14  0.4330E-13  0.8840E-13  0.1230E-12  0.1660E-12  0.1990E-12  0.2080E-12  0.1920E-12  0.1780E-12
  0.1000E+12  0.1000E-73  0.1000E-73  0.9260E-32  0.7190E-22  0.5790E-17  0.4690E-14  0.4330E-13  0.8840E-13  0.1230E-12  0.1660E-12  0.1990E-12  0.2080E-12  0.1920E-12  0.1780E-12
  0.1000E+13  0.1000E-73  0.1000E-73  0.9260E-32  0.7190E-22  0.5790E-17  0.4690E-14  0.4330E-13  0.8840E-13  0.1230E-12  0.1660E-12  0.1990E-12  0.2080E-12  0.1920E-12  0.1780E-12
  0.1000E+14  0.1000E-73  0.1000E-73  0.9260E-32  0.7190E-22  0.5790E-17  0.4690E-14  0.4330E-13  0.8840E-13  0.1230E-12  0.1660E-12  0.1990E-12  0.2080E-12  0.1920E-12  0.1780E-12
  0.1000E+15  0.1000E-73  0.1000E-73  0.9260E-32  0.7190E-22  0.5790E-17  0.4690E-14  0.4330E-13  0.8840E-13  0.1230E-12  0.1660E-12  0.1990E-12  0.2080E-12  0.1920E-12  0.1780E-12
  0.1000E+16  0.1000E-73  0.4850E-45  0.9260E-32  0.7190E-22  0.5790E-17  0.4690E-14  0.4330E-13  0.8840E-13  0.1230E-12  0.1660E-12  0.1990E-12  0.2080E-12  0.1920E-12  0.1780E-12
  0.1000E+17  0.1000E-73  0.6300E-45  0.9260E-32  0.7190E-22  0.5790E-17  0.4690E-14  0.4330E-13  0.8840E-13  0.1230E-12  0.1660E-12  0.1990E-12  0.2080E-12  0.1920E-12  0.1780E-12
WAVELENGTH(A)= 
     1.287
 7 14 t 
excit   
    84.400    127.000    211.000    422.000    844.000   2110.000   4220.000   6330.000   8440.000  12700.000  21100.000  42200.000  84400.000 127000.000 
  0.1000E+11  0.1000E-73  0.1000E-73  0.3600E-35  0.1430E-23  0.7600E-18  0.1620E-14  0.1740E-13  0.3530E-13  0.4850E-13  0.6320E-13  0.7220E-13  0.7000E-13  0.5910E-13  0.5170E-13
  0.1000E+12  0.1000E-73  0.1000E-73  0.3600E-35  0.1430E-23  0.7600E-18  0.1620E-14  0.1740E-13  0.3530E-13  0.4850E-13  0.6320E-13  0.7220E-13  0.7000E-13  0.5910E-13  0.5170E-13
  0.1000E+13  0.1000E-73  0.1000E-73  0.3600E-35  0.1430E-23  0.7600E-18  0.1620E-14  0.1740E-13  0.3530E-13  0.4850E-13  0.6320E-13  0.7220E-13  0.7000E-13  0.5910E-13  0.5170E-13
  0.1000E+14  0.1000E-73  0.1000E-73  0.3600E-35  0.1430E-23  0.7600E-18  0.1620E-14  0.1740E-13  0.3530E-13  0.4850E-13  0.6320E-13  0.7220E-13  0.7000E-13  0.5910E-13  0.5170E-13
  0.1000E+15  0.1000E-73  0.1000E-73  0.3600E-35  0.1430E-23  0.7600E-18  0.1620E-14  0.1740E-13  0.3530E-13  0.4850E-13  0.6320E-13  0.7220E-13  0.7000E-13  0.5910E-13  0.5170E-13
  0.1000E+16  0.1000E-73  0.1000E-73  0.3600E-35  0.1430E-23  0.7600E-18  0.1620E-14  0.1740E-13  0.3530E-13  0.4850E-13  0.6320E-13  0.7220E-13  0.7000E-13  0.5910E-13  0.5170E-13
  0.1000E+17  0.1000E-73  0.1000E-73  0.3600E-35  0.1430E-23  0.7600E-18  0.1620E-14  0.1740E-13  0.3530E-13  0.4850E-13  0.6320E-13  0.7220E-13  0.7000E-13  0.5910E-13  0.5170E-13
WAVELENGTH(A)= 
     1.304
 7 14 t 
excit   
    84.400    127.000    211.000    422.000    844.000   2110.000   4220.000   6330.000   8440.000  12700.000  21100.000  42200.000  84400.000 127000.000 
  0.1000E+11  0.1000E-73  0.1000E-73  0.1020E-33  0.7600E-23  0.1740E-17  0.2260E-14  0.2050E-13  0.3930E-13  0.5290E-13  0.6700E-13  0.7520E-13  0.7180E-13  0.6080E-13  0.5300E-13
  0.1000E+12  0.1000E-73  0.1000E-73  0.1020E-33  0.7600E-23  0.1740E-17  0.2260E-14  0.2050E-13  0.3930E-13  0.5290E-13  0.6700E-13  0.7520E-13  0.7180E-13  0.6080E-13  0.5300E-13
  0.1000E+13  0.1000E-73  0.1000E-73  0.1020E-33  0.7600E-23  0.1740E-17  0.2260E-14  0.2050E-13  0.3930E-13  0.5290E-13  0.6700E-13  0.7520E-13  0.7180E-13  0.6080E-13  0.5300E-13
  0.1000E+14  0.1000E-73  0.1000E-73  0.1020E-33  0.7600E-23  0.1740E-17  0.2260E-14  0.2050E-13  0.3930E-13  0.5290E-13  0.6700E-13  0.7520E-13  0.7180E-13  0.6080E-13  0.5300E-13
  0.1000E+15  0.1000E-73  0.1000E-73  0.1020E-33  0.7600E-23  0.1740E-17  0.2260E-14  0.2050E-13  0.3930E-13  0.5290E-13  0.6700E-13  0.7520E-13  0.7180E-13  0.6080E-13  0.5300E-13
  0.1000E+16  0.1000E-73  0.1000E-73  0.1020E-33  0.7600E-23  0.1740E-17  0.2260E-14  0.2050E-13  0.3930E-13  0.5290E-13  0.6700E-13  0.7520E-13  0.7180E-13  0.6080E-13  0.5300E-13
  0.1000E+17  0.1000E-73  0.1000E-73  0.1020E-33  0.7600E-23  0.1740E-17  0.2260E-14  0.2050E-13  0.3930E-13  0.5290E-13  0.6700E-13  0.7520E-13  0.7180E-13  0.6080E-13  0.5300E-13
WAVELENGTH(A)= 
     1.340
 7 14 t 
excit   
    84.400    127.000    211.000    422.000    844.000   2110.000   4220.000   6330.000   8440.000  12700.000  21100.000  42200.000  84400.000 127000.000 
  0.1000E+11  0.1000E-73  0.1000E-73  0.4420E-33  0.6300E-23  0.6360E-18  0.5200E-15  0.4270E-14  0.8130E-14  0.1090E-13  0.1390E-13  0.1580E-13  0.1550E-13  0.1350E-13  0.1210E-13
  0.1000E+12  0.1000E-73  0.1000E-73  0.4420E-33  0.6300E-23  0.6360E-18  0.5200E-15  0.4270E-14  0.8130E-14  0.1090E-13  0.1390E-13  0.1580E-13  0.1550E-13  0.1350E-13  0.1210E-13
  0.1000E+13  0.1000E-73  0.1000E-73  0.4420E-33  0.6300E-23  0.6360E-18  0.5200E-15  0.4270E-14  0.8130E-14  0.1090E-13  0.1390E-13  0.1580E-13  0.1550E-13  0.1350E-13  0.1210E-13
  0.1000E+14  0.1000E-73  0.1000E-73  0.4420E-33  0.6300E-23  0.6360E-18  0.5200E-15  0.4270E-14  0.8130E-14  0.1090E-13  0.1390E-13  0.1580E-13  0.1550E-13  0.1350E-13  0.1210E-13
  0.1000E+15  0.1000E-73  0.1150E-46  0.4420E-33  0.6300E-23  0.6360E-18  0.5200E-15  0.4270E-14  0.8130E-14  0.1090E-13  0.1390E-13  0.1580E-13  0.1550E-13  0.1350E-13  0.1210E-13
  0.1000E+16  0.1000E-73  0.1030E-46  0.4420E-33  0.6300E-23  0.6360E-18  0.5200E-15  0.4270E-14  0.8130E-14  0.1090E-13  0.1390E-13  0.1580E-13  0.1550E-13  0.1350E-13  0.1210E-13
  0.1000E+17  0.1000E-73  0.1040E-46  0.4420E-33  0.6300E-23  0.6360E-18  0.5200E-15  0.4270E-14  0.8130E-14  0.1090E-13  0.1390E-13  0.1580E-13  0.1550E-13  0.1350E-13  0.1210E-13
WAVELENGTH(A)= 
     1.407
 7 14 t 
excit   
    84.400    127.000    211.000    422.000    844.000   2110.000   4220.000   6330.000   8440.000  12700.000  21100.000  42200.000  84400.000 127000.000 
  0.1000E+11  0.1000E-73  0.1000E-73  0.5600E-33  0.8000E-23  0.8060E-18  0.6590E-15  0.5410E-14  0.1030E-13  0.1380E-13  0.1760E-13  0.2000E-13  0.1970E-13  0.1710E-13  0.1530E-13
  0.1000E+12  0.1000E-73  0.1000E-73  0.5600E-33  0.8000E-23  0.8060E-18  0.6590E-15  0.5410E-14  0.1030E-13  0.1380E-13  0.1760E-13  0.2000E-13  0.1970E-13  0.1710E-13  0.1530E-13
  0.1000E+13  0.1000E-73  0.1000E-73  0.5600E-33  0.8000E-23  0.8060E-18  0.6590E-15  0.5410E-14  0.1030E-13  0.1380E-13  0.1760E-13  0.2000E-13  0.1970E-13  0.1710E-13  0.1530E-13
  0.1000E+14  0.1000E-73  0.1000E-73  0.5600E-33  0.8000E-23  0.8060E-18  0.6590E-15  0.5410E-14  0.1030E-13  0.1380E-13  0.1760E-13  0.2000E-13  0.1970E-13  0.1710E-13  0.1530E-13
  0.1000E+15  0.1000E-73  0.1460E-46  0.5600E-33  0.8000E-23  0.8060E-18  0.6590E-15  0.5410E-14  0.1030E-13  0.1380E-13  0.1760E-13  0.2000E-13  0.1970E-13  0.1710E-13  0.1530E-13
  0.1000E+16  0.1000E-73  0.1310E-46  0.5600E-33  0.8000E-23  0.8060E-18  0.6590E-15  0.5410E-14  0.1030E-13  0.1380E-13  0.1760E-13  0.2000E-13  0.1970E-13  0.1710E-13  0.1530E-13
  0.1000E+17  0.1000E-73  0.1320E-46  0.5600E-33  0.8000E-23  0.8060E-18  0.6590E-15  0.5410E-14  0.1030E-13  0.1380E-13  0.1760E-13  0.2000E-13  0.1970E-13  0.1710E-13  0.1530E-13
WAVELENGTH(A)= 
     1.506
 7 14 t 
excit   
    84.400    127.000    211.000    422.000    844.000   2110.000   4220.000   6330.000   8440.000  12700.000  21100.000  42200.000  84400.000 127000.000 
  0.1000E+11  0.1000E-73  0.1000E-73  0.4890E-33  0.6980E-23  0.7040E-18  0.5750E-15  0.4730E-14  0.9000E-14  0.1200E-13  0.1540E-13  0.1750E-13  0.1720E-13  0.1500E-13  0.1340E-13
  0.1000E+12  0.1000E-73  0.1000E-73  0.4890E-33  0.6980E-23  0.7040E-18  0.5750E-15  0.4730E-14  0.9000E-14  0.1200E-13  0.1540E-13  0.1750E-13  0.1720E-13  0.1500E-13  0.1340E-13
  0.1000E+13  0.1000E-73  0.1000E-73  0.4890E-33  0.6980E-23  0.7040E-18  0.5750E-15  0.4730E-14  0.9000E-14  0.1200E-13  0.1540E-13  0.1750E-13  0.1720E-13  0.1500E-13  0.1340E-13
  0.1000E+14  0.1000E-73  0.1000E-73  0.4890E-33  0.6980E-23  0.7040E-18  0.5750E-15  0.4730E-14  0.9000E-14  0.1200E-13  0.1540E-13  0.1750E-13  0.1720E-13  0.1500E-13  0.1340E-13
  0.1000E+15  0.1000E-73  0.1270E-46  0.4890E-33  0.6980E-23  0.7040E-18  0.5750E-15  0.4730E-14  0.9000E-14  0.1200E-13  0.1540E-13  0.1750E-13  0.1720E-13  0.1500E-13  0.1340E-13
  0.1000E+16  0.1000E-73  0.1150E-46  0.4890E-33  0.6980E-23  0.7040E-18  0.5750E-15  0.4730E-14  0.9000E-14  0.1200E-13  0.1540E-13  0.1750E-13  0.1720E-13  0.1500E-13  0.1340E-13
  0.1000E+17  0.1000E-73  0.1150E-46  0.4890E-33  0.6980E-23  0.7040E-18  0.5750E-15  0.4730E-14  0.9000E-14  0.1200E-13  0.1540E-13  0.1750E-13  0.1720E-13  0.1500E-13  0.1340E-13
WAVELENGTH(A)= 
     2.090
 7 14 t 
excit   
    84.400    127.000    211.000    422.000    844.000   2110.000   4220.000   6330.000   8440.000  12700.000  21100.000  42200.000  84400.000 127000.000 
  0.1000E+11  0.1000E-73  0.1000E-73  0.1000E-73  0.4380E-29  0.4970E-21  0.2660E-16  0.8390E-15  0.2460E-14  0.4070E-14  0.6460E-14  0.8810E-14  0.1020E-13  0.1010E-13  0.9690E-14
  0.1000E+12  0.1000E-73  0.1000E-73  0.1000E-73  0.4380E-29  0.4970E-21  0.2660E-16  0.8390E-15  0.2460E-14  0.4070E-14  0.6460E-14  0.8810E-14  0.1020E-13  0.1010E-13  0.9690E-14
  0.1000E+13  0.1000E-73  0.1000E-73  0.1000E-73  0.4380E-29  0.4970E-21  0.2660E-16  0.8390E-15  0.2460E-14  0.4070E-14  0.6460E-14  0.8810E-14  0.1020E-13  0.1010E-13  0.9690E-14
  0.1000E+14  0.1000E-73  0.1000E-73  0.1000E-73  0.4380E-29  0.4970E-21  0.2660E-16  0.8390E-15  0.2460E-14  0.4070E-14  0.6460E-14  0.8810E-14  0.1020E-13  0.1010E-13  0.9690E-14
  0.1000E+15  0.1000E-73  0.1000E-73  0.1000E-73  0.4380E-29  0.4970E-21  0.2660E-16  0.8390E-15  0.2460E-14  0.4070E-14  0.6460E-14  0.8810E-14  0.1020E-13  0.1010E-13  0.9690E-14
  0.1000E+16  0.1000E-73  0.1000E-73  0.2730E-45  0.4380E-29  0.4970E-21  0.2660E-16  0.8390E-15  0.2460E-14  0.4070E-14  0.6460E-14  0.8810E-14  0.1020E-13  0.1010E-13  0.9690E-14
  0.1000E+17  0.1000E-73  0.1000E-73  0.2390E-45  0.4380E-29  0.4970E-21  0.2660E-16  0.8390E-15  0.2460E-14  0.4070E-14  0.6460E-14  0.8810E-14  0.1020E-13  0.1010E-13  0.9690E-14
WAVELENGTH(A)= 
     2.287
 7 14 t 
excit   
    84.400    127.000    211.000    422.000    844.000   2110.000   4220.000   6330.000   8440.000  12700.000  21100.000  42200.000  84400.000 127000.000 
  0.1000E+11  0.1000E-73  0.1000E-73  0.1000E-73  0.5000E-28  0.2030E-20  0.5970E-16  0.1540E-14  0.4190E-14  0.6650E-14  0.1000E-13  0.1280E-13  0.1350E-13  0.1200E-13  0.1070E-13
  0.1000E+12  0.1000E-73  0.1000E-73  0.1000E-73  0.5000E-28  0.2030E-20  0.5970E-16  0.1540E-14  0.4190E-14  0.6650E-14  0.1000E-13  0.1280E-13  0.1350E-13  0.1200E-13  0.1070E-13
  0.1000E+13  0.1000E-73  0.1000E-73  0.1000E-73  0.5000E-28  0.2030E-20  0.5970E-16  0.1540E-14  0.4190E-14  0.6650E-14  0.1000E-13  0.1280E-13  0.1350E-13  0.1200E-13  0.1070E-13
  0.1000E+14  0.1000E-73  0.1000E-73  0.2170E-43  0.5000E-28  0.2030E-20  0.5970E-16  0.1540E-14  0.4190E-14  0.6650E-14  0.1000E-13  0.1280E-13  0.1350E-13  0.1200E-13  0.1070E-13
  0.1000E+15  0.1000E-73  0.1000E-73  0.2220E-43  0.5000E-28  0.2030E-20  0.5970E-16  0.1540E-14  0.4190E-14  0.6650E-14  0.1000E-13  0.1280E-13  0.1350E-13  0.1200E-13  0.1070E-13
  0.1000E+16  0.1000E-73  0.1000E-73  0.2250E-43  0.5000E-28  0.2030E-20  0.5970E-16  0.1540E-14  0.4190E-14  0.6650E-14  0.1000E-13  0.1280E-13  0.1350E-13  0.1200E-13  0.1070E-13
  0.1000E+17  0.1000E-73  0.1000E-73  0.2250E-43  0.5000E-28  0.2030E-20  0.5970E-16  0.1540E-14  0.4190E-14  0.6650E-14  0.1000E-13  0.1280E-13  0.1350E-13  0.1200E-13  0.1070E-13
WAVELENGTH(A)= 
     2.431
 7 14 t 
excit   
    84.400    127.000    211.000    422.000    844.000   2110.000   4220.000   6330.000   8440.000  12700.000  21100.000  42200.000  84400.000 127000.000 
  0.1000E+11  0.1000E-73  0.1000E-73  0.1000E-73  0.6140E-28  0.2630E-20  0.7870E-16  0.2050E-14  0.5680E-14  0.9110E-14  0.1410E-13  0.1890E-13  0.2180E-13  0.2160E-13  0.2060E-13
  0.1000E+12  0.1000E-73  0.1000E-73  0.1000E-73  0.6140E-28  0.2630E-20  0.7870E-16  0.2050E-14  0.5680E-14  0.9110E-14  0.1410E-13  0.1890E-13  0.2180E-13  0.2160E-13  0.2060E-13
  0.1000E+13  0.1000E-73  0.1000E-73  0.1000E-73  0.6140E-28  0.2630E-20  0.7870E-16  0.2050E-14  0.5680E-14  0.9110E-14  0.1410E-13  0.1890E-13  0.2180E-13  0.2160E-13  0.2060E-13
  0.1000E+14  0.1000E-73  0.1000E-73  0.2320E-43  0.6140E-28  0.2630E-20  0.7870E-16  0.2050E-14  0.5680E-14  0.9110E-14  0.1410E-13  0.1890E-13  0.2180E-13  0.2160E-13  0.2060E-13
  0.1000E+15  0.1000E-73  0.1000E-73  0.2430E-43  0.6140E-28  0.2630E-20  0.7870E-16  0.2050E-14  0.5680E-14  0.9110E-14  0.1410E-13  0.1890E-13  0.2180E-13  0.2160E-13  0.2060E-13
  0.1000E+16  0.1000E-73  0.1000E-73  0.2430E-43  0.6140E-28  0.2630E-20  0.7870E-16  0.2050E-14  0.5680E-14  0.9110E-14  0.1410E-13  0.1890E-13  0.2180E-13  0.2160E-13  0.2060E-13
  0.1000E+17  0.1000E-73  0.1000E-73  0.2440E-43  0.6140E-28  0.2630E-20  0.7870E-16  0.2050E-14  0.5680E-14  0.9110E-14  0.1410E-13  0.1890E-13  0.2180E-13  0.2160E-13  0.2060E-13
WAVELENGTH(A)= 
     2.553
 7 14 t 
excit   
    84.400    127.000    211.000    422.000    844.000   2110.000   4220.000   6330.000   8440.000  12700.000  21100.000  42200.000  84400.000 127000.000 
  0.1000E+11  0.1000E-73  0.1000E-73  0.1000E-73  0.4570E-28  0.1990E-20  0.5980E-16  0.1550E-14  0.4230E-14  0.6760E-14  0.1030E-13  0.1340E-13  0.1450E-13  0.1320E-13  0.1190E-13
  0.1000E+12  0.1000E-73  0.1000E-73  0.1000E-73  0.4570E-28  0.1990E-20  0.5980E-16  0.1550E-14  0.4230E-14  0.6760E-14  0.1030E-13  0.1340E-13  0.1450E-13  0.1320E-13  0.1190E-13
  0.1000E+13  0.1000E-73  0.1000E-73  0.1000E-73  0.4570E-28  0.1990E-20  0.5980E-16  0.1550E-14  0.4230E-14  0.6760E-14  0.1030E-13  0.1340E-13  0.1450E-13  0.1320E-13  0.1190E-13
  0.1000E+14  0.1000E-73  0.1000E-73  0.1570E-43  0.4570E-28  0.1990E-20  0.5980E-16  0.1550E-14  0.4230E-14  0.6760E-14  0.1030E-13  0.1340E-13  0.1450E-13  0.1320E-13  0.1190E-13
  0.1000E+15  0.1000E-73  0.1000E-73  0.1730E-43  0.4570E-28  0.1990E-20  0.5980E-16  0.1550E-14  0.4230E-14  0.6760E-14  0.1030E-13  0.1340E-13  0.1450E-13  0.1320E-13  0.1190E-13
  0.1000E+16  0.1000E-73  0.1000E-73  0.1730E-43  0.4570E-28  0.1990E-20  0.5980E-16  0.1550E-14  0.4230E-14  0.6760E-14  0.1030E-13  0.1340E-13  0.1450E-13  0.1320E-13  0.1190E-13
  0.1000E+17  0.1000E-73  0.1000E-73  0.1720E-43  0.4570E-28  0.1990E-20  0.5980E-16  0.1550E-14  0.4230E-14  0.6760E-14  0.1030E-13  0.1340E-13  0.1450E-13  0.1320E-13  0.1190E-13
WAVELENGTH(A)= 
     3.181
 7 14 t 
excit   
    84.400    127.000    211.000    422.000    844.000   2110.000   4220.000   6330.000   8440.000  12700.000  21100.000  42200.000  84400.000 127000.000 
  0.1000E+11  0.1000E-73  0.1000E-73  0.1000E-73  0.1010E-27  0.2640E-20  0.5820E-16  0.1350E-14  0.3540E-14  0.5500E-14  0.8080E-14  0.1010E-13  0.1030E-13  0.8840E-14  0.7740E-14
  0.1000E+12  0.1000E-73  0.1000E-73  0.1000E-73  0.1010E-27  0.2640E-20  0.5820E-16  0.1350E-14  0.3540E-14  0.5500E-14  0.8080E-14  0.1010E-13  0.1030E-13  0.8840E-14  0.7740E-14
  0.1000E+13  0.1000E-73  0.1000E-73  0.1820E-42  0.1010E-27  0.2640E-20  0.5820E-16  0.1350E-14  0.3540E-14  0.5500E-14  0.8080E-14  0.1010E-13  0.1030E-13  0.8840E-14  0.7740E-14
  0.1000E+14  0.1000E-73  0.1000E-73  0.1090E-42  0.1010E-27  0.2640E-20  0.5820E-16  0.1350E-14  0.3540E-14  0.5500E-14  0.8080E-14  0.1010E-13  0.1030E-13  0.8840E-14  0.7740E-14
  0.1000E+15  0.1000E-73  0.1000E-73  0.1040E-42  0.1010E-27  0.2640E-20  0.5820E-16  0.1350E-14  0.3540E-14  0.5500E-14  0.8080E-14  0.1010E-13  0.1030E-13  0.8840E-14  0.7740E-14
  0.1000E+16  0.1000E-73  0.1000E-73  0.1040E-42  0.1010E-27  0.2640E-20  0.5820E-16  0.1350E-14  0.3540E-14  0.5500E-14  0.8080E-14  0.1010E-13  0.1030E-13  0.8840E-14  0.7740E-14
  0.1000E+17  0.1000E-73  0.1000E-73  0.1040E-42  0.1010E-27  0.2640E-20  0.5820E-16  0.1350E-14  0.3540E-14  0.5500E-14  0.8080E-14  0.1010E-13  0.1030E-13  0.8840E-14  0.7740E-14
WAVELENGTH(A)= 
     3.232
 7 14 t 
excit   
    84.400    127.000    211.000    422.000    844.000   2110.000   4220.000   6330.000   8440.000  12700.000  21100.000  42200.000  84400.000 127000.000 
  0.1000E+11  0.1000E-73  0.1000E-73  0.1540E-39  0.7820E-26  0.4820E-19  0.4700E-15  0.8630E-14  0.2110E-13  0.3170E-13  0.4570E-13  0.5640E-13  0.5830E-13  0.5150E-13  0.4620E-13
  0.1000E+12  0.1000E-73  0.1000E-73  0.1520E-39  0.7820E-26  0.4820E-19  0.4700E-15  0.8630E-14  0.2110E-13  0.3170E-13  0.4570E-13  0.5640E-13  0.5830E-13  0.5150E-13  0.4620E-13
  0.1000E+13  0.1000E-73  0.1000E-73  0.1520E-39  0.7820E-26  0.4820E-19  0.4700E-15  0.8630E-14  0.2110E-13  0.3170E-13  0.4570E-13  0.5640E-13  0.5830E-13  0.5150E-13  0.4620E-13
  0.1000E+14  0.1000E-73  0.1000E-73  0.1520E-39  0.7820E-26  0.4820E-19  0.4700E-15  0.8630E-14  0.2110E-13  0.3170E-13  0.4570E-13  0.5640E-13  0.5830E-13  0.5150E-13  0.4620E-13
  0.1000E+15  0.1000E-73  0.1000E-73  0.1520E-39  0.7820E-26  0.4820E-19  0.4700E-15  0.8630E-14  0.2110E-13  0.3170E-13  0.4570E-13  0.5640E-13  0.5830E-13  0.5150E-13  0.4620E-13
  0.1000E+16  0.1000E-73  0.1000E-73  0.1520E-39  0.7820E-26  0.4820E-19  0.4700E-15  0.8630E-14  0.2110E-13  0.3170E-13  0.4570E-13  0.5640E-13  0.5830E-13  0.5150E-13  0.4620E-13
  0.1000E+17  0.1000E-73  0.1000E-73  0.1520E-39  0.7820E-26  0.4820E-19  0.4700E-15  0.8630E-14  0.2110E-13  0.3170E-13  0.4570E-13  0.5640E-13  0.5830E-13  0.5150E-13  0.4620E-13
WAVELENGTH(A)= 
     3.448
 7 14 t 
excit   
    84.400    127.000    211.000    422.000    844.000   2110.000   4220.000   6330.000   8440.000  12700.000  21100.000  42200.000  84400.000 127000.000 
  0.1000E+11  0.1000E-73  0.1000E-73  0.1000E-73  0.1890E-28  0.1030E-20  0.3520E-16  0.9430E-15  0.2590E-14  0.4130E-14  0.6220E-14  0.7910E-14  0.8200E-14  0.7090E-14  0.6220E-14
  0.1000E+12  0.1000E-73  0.1000E-73  0.1000E-73  0.1890E-28  0.1030E-20  0.3520E-16  0.9430E-15  0.2590E-14  0.4130E-14  0.6220E-14  0.7910E-14  0.8200E-14  0.7090E-14  0.6220E-14
  0.1000E+13  0.1000E-73  0.1000E-73  0.1000E-73  0.1890E-28  0.1030E-20  0.3520E-16  0.9430E-15  0.2590E-14  0.4130E-14  0.6220E-14  0.7910E-14  0.8200E-14  0.7090E-14  0.6220E-14
  0.1000E+14  0.1000E-73  0.1000E-73  0.1000E-73  0.1890E-28  0.1030E-20  0.3520E-16  0.9430E-15  0.2590E-14  0.4130E-14  0.6220E-14  0.7910E-14  0.8200E-14  0.7090E-14  0.6220E-14
  0.1000E+15  0.1000E-73  0.1000E-73  0.4880E-44  0.1890E-28  0.1030E-20  0.3520E-16  0.9430E-15  0.2590E-14  0.4130E-14  0.6220E-14  0.7910E-14  0.8200E-14  0.7090E-14  0.6220E-14
  0.1000E+16  0.1000E-73  0.1000E-73  0.4630E-44  0.1890E-28  0.1030E-20  0.3520E-16  0.9430E-15  0.2590E-14  0.4130E-14  0.6220E-14  0.7910E-14  0.8200E-14  0.7090E-14  0.6220E-14
  0.1000E+17  0.1000E-73  0.1000E-73  0.4540E-44  0.1890E-28  0.1030E-20  0.3520E-16  0.9430E-15  0.2590E-14  0.4130E-14  0.6220E-14  0.7910E-14  0.8200E-14  0.7090E-14  0.6220E-14
WAVELENGTH(A)= 
     3.475
 7 14 t 
excit   
    84.400    127.000    211.000    422.000    844.000   2110.000   4220.000   6330.000   8440.000  12700.000  21100.000  42200.000  84400.000 127000.000 
  0.1000E+11  0.1000E-73  0.1000E-73  0.9250E-40  0.5990E-26  0.4150E-19  0.4230E-15  0.7760E-14  0.1910E-13  0.2910E-13  0.4270E-13  0.5520E-13  0.6250E-13  0.6190E-13  0.5940E-13
  0.1000E+12  0.1000E-73  0.1000E-73  0.9020E-40  0.5990E-26  0.4150E-19  0.4230E-15  0.7760E-14  0.1910E-13  0.2910E-13  0.4270E-13  0.5520E-13  0.6250E-13  0.6190E-13  0.5940E-13
  0.1000E+13  0.1000E-73  0.1000E-73  0.8950E-40  0.5990E-26  0.4150E-19  0.4230E-15  0.7760E-14  0.1910E-13  0.2910E-13  0.4270E-13  0.5520E-13  0.6250E-13  0.6190E-13  0.5940E-13
  0.1000E+14  0.1000E-73  0.1000E-73  0.8960E-40  0.5990E-26  0.4150E-19  0.4230E-15  0.7760E-14  0.1910E-13  0.2910E-13  0.4270E-13  0.5520E-13  0.6250E-13  0.6190E-13  0.5940E-13
  0.1000E+15  0.1000E-73  0.1000E-73  0.8960E-40  0.5990E-26  0.4150E-19  0.4230E-15  0.7760E-14  0.1910E-13  0.2910E-13  0.4270E-13  0.5520E-13  0.6250E-13  0.6190E-13  0.5940E-13
  0.1000E+16  0.1000E-73  0.1000E-73  0.8960E-40  0.5990E-26  0.4150E-19  0.4230E-15  0.7760E-14  0.1910E-13  0.2910E-13  0.4270E-13  0.5520E-13  0.6250E-13  0.6190E-13  0.5940E-13
  0.1000E+17  0.1000E-73  0.1000E-73  0.8960E-40  0.5990E-26  0.4150E-19  0.4230E-15  0.7760E-14  0.1910E-13  0.2910E-13  0.4270E-13  0.5520E-13  0.6250E-13  0.6190E-13  0.5940E-13
WAVELENGTH(A)= 
     3.703
 7 14 t 
excit   
    84.400    127.000    211.000    422.000    844.000   2110.000   4220.000   6330.000   8440.000  12700.000  21100.000  42200.000  84400.000 127000.000 
  0.1000E+11  0.1000E-73  0.1000E-73  0.4780E-40  0.4690E-26  0.3410E-19  0.3510E-15  0.6400E-14  0.1560E-13  0.2350E-13  0.3380E-13  0.4230E-13  0.4470E-13  0.4020E-13  0.3600E-13
  0.1000E+12  0.1000E-73  0.1000E-73  0.6210E-40  0.4690E-26  0.3410E-19  0.3510E-15  0.6400E-14  0.1560E-13  0.2350E-13  0.3380E-13  0.4230E-13  0.4470E-13  0.4020E-13  0.3600E-13
  0.1000E+13  0.1000E-73  0.1000E-73  0.6310E-40  0.4690E-26  0.3410E-19  0.3510E-15  0.6400E-14  0.1560E-13  0.2350E-13  0.3380E-13  0.4230E-13  0.4470E-13  0.4020E-13  0.3600E-13
  0.1000E+14  0.1000E-73  0.1000E-73  0.6310E-40  0.4690E-26  0.3410E-19  0.3510E-15  0.6400E-14  0.1560E-13  0.2350E-13  0.3380E-13  0.4230E-13  0.4470E-13  0.4020E-13  0.3600E-13
  0.1000E+15  0.1000E-73  0.1000E-73  0.6310E-40  0.4690E-26  0.3410E-19  0.3510E-15  0.6400E-14  0.1560E-13  0.2350E-13  0.3380E-13  0.4230E-13  0.4470E-13  0.4020E-13  0.3600E-13
  0.1000E+16  0.1000E-73  0.1000E-73  0.6310E-40  0.4690E-26  0.3410E-19  0.3510E-15  0.6400E-14  0.1560E-13  0.2350E-13  0.3380E-13  0.4230E-13  0.4470E-13  0.4020E-13  0.3600E-13
  0.1000E+17  0.1000E-73  0.1000E-73  0.6310E-40  0.4690E-26  0.3410E-19  0.3510E-15  0.6400E-14  0.1560E-13  0.2350E-13  0.3380E-13  0.4230E-13  0.4470E-13  0.4020E-13  0.3600E-13
WAVELENGTH(A)= 
     3.885
 7 14 t 
excit   
    84.400    127.000    211.000    422.000    844.000   2110.000   4220.000   6330.000   8440.000  12700.000  21100.000  42200.000  84400.000 127000.000 
  0.1000E+11  0.1000E-73  0.1000E-73  0.3360E-40  0.1710E-26  0.1050E-19  0.1020E-15  0.1880E-14  0.4610E-14  0.6910E-14  0.9970E-14  0.1230E-13  0.1270E-13  0.1120E-13  0.1010E-13
  0.1000E+12  0.1000E-73  0.1000E-73  0.3320E-40  0.1710E-26  0.1050E-19  0.1020E-15  0.1880E-14  0.4610E-14  0.6910E-14  0.9970E-14  0.1230E-13  0.1270E-13  0.1120E-13  0.1010E-13
  0.1000E+13  0.1000E-73  0.1000E-73  0.3310E-40  0.1710E-26  0.1050E-19  0.1020E-15  0.1880E-14  0.4610E-14  0.6910E-14  0.9970E-14  0.1230E-13  0.1270E-13  0.1120E-13  0.1010E-13
  0.1000E+14  0.1000E-73  0.1000E-73  0.3320E-40  0.1710E-26  0.1050E-19  0.1020E-15  0.1880E-14  0.4610E-14  0.6910E-14  0.9970E-14  0.1230E-13  0.1270E-13  0.1120E-13  0.1010E-13
  0.1000E+15  0.1000E-73  0.1000E-73  0.3320E-40  0.1710E-26  0.1050E-19  0.1020E-15  0.1880E-14  0.4610E-14  0.6910E-14  0.9970E-14  0.1230E-13  0.1270E-13  0.1120E-13  0.1010E-13
  0.1000E+16  0.1000E-73  0.1000E-73  0.3320E-40  0.1710E-26  0.1050E-19  0.1020E-15  0.1880E-14  0.4610E-14  0.6910E-14  0.9970E-14  0.1230E-13  0.1270E-13  0.1120E-13  0.1010E-13
  0.1000E+17  0.1000E-73  0.1000E-73  0.3320E-40  0.1710E-26  0.1050E-19  0.1020E-15  0.1880E-14  0.4610E-14  0.6910E-14  0.9970E-14  0.1230E-13  0.1270E-13  0.1120E-13  0.1010E-13
WAVELENGTH(A)= 
     5.448
 7 14 t 
excit   
    84.400    127.000    211.000    422.000    844.000   2110.000   4220.000   6330.000   8440.000  12700.000  21100.000  42200.000  84400.000 127000.000 
  0.1000E+11  0.3690E-22  0.2420E-18  0.2480E-15  0.3870E-13  0.4140E-12  0.1400E-11  0.1850E-11  0.1950E-11  0.1950E-11  0.1890E-11  0.1740E-11  0.1490E-11  0.1210E-11  0.1070E-11
  0.1000E+12  0.3690E-22  0.2420E-18  0.2480E-15  0.3870E-13  0.4140E-12  0.1400E-11  0.1850E-11  0.1950E-11  0.1950E-11  0.1890E-11  0.1740E-11  0.1490E-11  0.1210E-11  0.1070E-11
  0.1000E+13  0.3690E-22  0.2420E-18  0.2480E-15  0.3870E-13  0.4140E-12  0.1400E-11  0.1850E-11  0.1950E-11  0.1950E-11  0.1890E-11  0.1740E-11  0.1490E-11  0.1210E-11  0.1070E-11
  0.1000E+14  0.3690E-22  0.2420E-18  0.2480E-15  0.3870E-13  0.4140E-12  0.1400E-11  0.1850E-11  0.1950E-11  0.1950E-11  0.1890E-11  0.1740E-11  0.1490E-11  0.1210E-11  0.1070E-11
  0.1000E+15  0.3690E-22  0.2420E-18  0.2480E-15  0.3870E-13  0.4140E-12  0.1400E-11  0.1850E-11  0.1950E-11  0.1950E-11  0.1890E-11  0.1740E-11  0.1490E-11  0.1210E-11  0.1070E-11
  0.1000E+16  0.3690E-22  0.2420E-18  0.2480E-15  0.3870E-13  0.4140E-12  0.1400E-11  0.1850E-11  0.1950E-11  0.1950E-11  0.1890E-11  0.1740E-11  0.1490E-11  0.1210E-11  0.1070E-11
  0.1000E+17  0.3690E-22  0.2420E-18  0.2480E-15  0.3870E-13  0.4140E-12  0.1400E-11  0.1850E-11  0.1950E-11  0.1950E-11  0.1890E-11  0.1740E-11  0.1490E-11  0.1210E-11  0.1070E-11
WAVELENGTH(A)= 
     6.938
 7 14 t 
excit   
    84.400    127.000    211.000    422.000    844.000   2110.000   4220.000   6330.000   8440.000  12700.000  21100.000  42200.000  84400.000 127000.000 
  0.1000E+11  0.7430E-19  0.7040E-16  0.1550E-13  0.7670E-12  0.4650E-11  0.1120E-10  0.1320E-10  0.1310E-10  0.1290E-10  0.1210E-10  0.1080E-10  0.8990E-11  0.7250E-11  0.6340E-11
  0.1000E+12  0.7430E-19  0.7040E-16  0.1550E-13  0.7670E-12  0.4650E-11  0.1120E-10  0.1320E-10  0.1310E-10  0.1290E-10  0.1210E-10  0.1080E-10  0.8990E-11  0.7250E-11  0.6340E-11
  0.1000E+13  0.7430E-19  0.7040E-16  0.1550E-13  0.7670E-12  0.4650E-11  0.1120E-10  0.1320E-10  0.1310E-10  0.1290E-10  0.1210E-10  0.1080E-10  0.8990E-11  0.7250E-11  0.6340E-11
  0.1000E+14  0.7430E-19  0.7040E-16  0.1550E-13  0.7670E-12  0.4650E-11  0.1120E-10  0.1320E-10  0.1310E-10  0.1290E-10  0.1210E-10  0.1080E-10  0.8990E-11  0.7250E-11  0.6340E-11
  0.1000E+15  0.7430E-19  0.7040E-16  0.1550E-13  0.7670E-12  0.4650E-11  0.1120E-10  0.1320E-10  0.1310E-10  0.1290E-10  0.1210E-10  0.1080E-10  0.8990E-11  0.7250E-11  0.6340E-11
  0.1000E+16  0.7430E-19  0.7040E-16  0.1550E-13  0.7670E-12  0.4650E-11  0.1120E-10  0.1320E-10  0.1310E-10  0.1290E-10  0.1210E-10  0.1080E-10  0.8990E-11  0.7250E-11  0.6340E-11
  0.1000E+17  0.7430E-19  0.7040E-16  0.1550E-13  0.7670E-12  0.4650E-11  0.1120E-10  0.1320E-10  0.1310E-10  0.1290E-10  0.1210E-10  0.1080E-10  0.8990E-11  0.7250E-11  0.6340E-11
WAVELENGTH(A)= 
     7.547
 7 14 t 
excit   
    84.400    127.000    211.000    422.000    844.000   2110.000   4220.000   6330.000   8440.000  12700.000  21100.000  42200.000  84400.000 127000.000 
  0.1000E+11  0.1000E-73  0.1000E-73  0.1000E-73  0.2420E-28  0.1040E-20  0.3100E-16  0.8090E-15  0.2240E-14  0.3590E-14  0.5550E-14  0.7440E-14  0.8580E-14  0.8500E-14  0.8130E-14
  0.1000E+12  0.1000E-73  0.1000E-73  0.1000E-73  0.2420E-28  0.1040E-20  0.3100E-16  0.8090E-15  0.2240E-14  0.3590E-14  0.5550E-14  0.7440E-14  0.8580E-14  0.8500E-14  0.8130E-14
  0.1000E+13  0.1000E-73  0.1000E-73  0.1000E-73  0.2420E-28  0.1040E-20  0.3100E-16  0.8090E-15  0.2240E-14  0.3590E-14  0.5550E-14  0.7440E-14  0.8580E-14  0.8500E-14  0.8130E-14
  0.1000E+14  0.1000E-73  0.1000E-73  0.9140E-44  0.2420E-28  0.1040E-20  0.3100E-16  0.8090E-15  0.2240E-14  0.3590E-14  0.5550E-14  0.7440E-14  0.8580E-14  0.8500E-14  0.8130E-14
  0.1000E+15  0.1000E-73  0.1000E-73  0.9590E-44  0.2420E-28  0.1040E-20  0.3100E-16  0.8090E-15  0.2240E-14  0.3590E-14  0.5550E-14  0.7440E-14  0.8580E-14  0.8500E-14  0.8130E-14
  0.1000E+16  0.1000E-73  0.1000E-73  0.9590E-44  0.2420E-28  0.1040E-20  0.3100E-16  0.8090E-15  0.2240E-14  0.3590E-14  0.5550E-14  0.7440E-14  0.8580E-14  0.8500E-14  0.8130E-14
  0.1000E+17  0.1000E-73  0.1000E-73  0.9600E-44  0.2420E-28  0.1040E-20  0.3100E-16  0.8090E-15  0.2240E-14  0.3590E-14  0.5550E-14  0.7440E-14  0.8580E-14  0.8500E-14  0.8130E-14
WAVELENGTH(A)= 
    10.270
 7 14 t 
excit   
    84.400    127.000    211.000    422.000    844.000   2110.000   4220.000   6330.000   8440.000  12700.000  21100.000  42200.000  84400.000 127000.000 
  0.1000E+11  0.3040E-16  0.2950E-14  0.1060E-12  0.1370E-11  0.4330E-11  0.7280E-11  0.7660E-11  0.7430E-11  0.7130E-11  0.6600E-11  0.5840E-11  0.4750E-11  0.3760E-11  0.3250E-11
  0.1000E+12  0.3040E-16  0.2950E-14  0.1060E-12  0.1370E-11  0.4330E-11  0.7280E-11  0.7660E-11  0.7430E-11  0.7130E-11  0.6600E-11  0.5840E-11  0.4750E-11  0.3760E-11  0.3250E-11
  0.1000E+13  0.3040E-16  0.2950E-14  0.1060E-12  0.1370E-11  0.4330E-11  0.7280E-11  0.7660E-11  0.7430E-11  0.7130E-11  0.6600E-11  0.5840E-11  0.4750E-11  0.3760E-11  0.3250E-11
  0.1000E+14  0.3040E-16  0.2950E-14  0.1060E-12  0.1370E-11  0.4330E-11  0.7280E-11  0.7660E-11  0.7430E-11  0.7130E-11  0.6600E-11  0.5840E-11  0.4750E-11  0.3760E-11  0.3250E-11
  0.1000E+15  0.3040E-16  0.2950E-14  0.1060E-12  0.1370E-11  0.4330E-11  0.7280E-11  0.7660E-11  0.7430E-11  0.7130E-11  0.6600E-11  0.5840E-11  0.4750E-11  0.3760E-11  0.3250E-11
  0.1000E+16  0.3040E-16  0.2950E-14  0.1060E-12  0.1370E-11  0.4330E-11  0.7280E-11  0.7660E-11  0.7430E-11  0.7130E-11  0.6600E-11  0.5840E-11  0.4750E-11  0.3760E-11  0.3250E-11
  0.1000E+17  0.3040E-16  0.2950E-14  0.1060E-12  0.1370E-11  0.4330E-11  0.7280E-11  0.7660E-11  0.7430E-11  0.7130E-11  0.6600E-11  0.5840E-11  0.4750E-11  0.3760E-11  0.3250E-11
WAVELENGTH(A)= 
    16.202
 7 14 t 
excit   
    84.400    127.000    211.000    422.000    844.000   2110.000   4220.000   6330.000   8440.000  12700.000  21100.000  42200.000  84400.000 127000.000 
  0.1000E+11  0.1320E-13  0.2240E-12  0.1980E-11  0.9010E-11  0.1690E-10  0.2070E-10  0.1940E-10  0.1800E-10  0.1690E-10  0.1530E-10  0.1320E-10  0.1060E-10  0.8290E-11  0.7160E-11
  0.1000E+12  0.1320E-13  0.2240E-12  0.1980E-11  0.9010E-11  0.1690E-10  0.2070E-10  0.1940E-10  0.1800E-10  0.1690E-10  0.1530E-10  0.1320E-10  0.1060E-10  0.8290E-11  0.7160E-11
  0.1000E+13  0.1320E-13  0.2240E-12  0.1980E-11  0.9010E-11  0.1690E-10  0.2070E-10  0.1940E-10  0.1800E-10  0.1690E-10  0.1530E-10  0.1320E-10  0.1060E-10  0.8290E-11  0.7160E-11
  0.1000E+14  0.1320E-13  0.2240E-12  0.1980E-11  0.9010E-11  0.1690E-10  0.2070E-10  0.1940E-10  0.1800E-10  0.1690E-10  0.1530E-10  0.1320E-10  0.1060E-10  0.8290E-11  0.7160E-11
  0.1000E+15  0.1320E-13  0.2240E-12  0.1980E-11  0.9010E-11  0.1690E-10  0.2070E-10  0.1940E-10  0.1800E-10  0.1690E-10  0.1530E-10  0.1320E-10  0.1060E-10  0.8290E-11  0.7160E-11
  0.1000E+16  0.1320E-13  0.2240E-12  0.1980E-11  0.9010E-11  0.1690E-10  0.2070E-10  0.1940E-10  0.1800E-10  0.1690E-10  0.1530E-10  0.1320E-10  0.1060E-10  0.8290E-11  0.7160E-11
  0.1000E+17  0.1320E-13  0.2240E-12  0.1980E-11  0.9010E-11  0.1690E-10  0.2070E-10  0.1940E-10  0.1800E-10  0.1690E-10  0.1530E-10  0.1320E-10  0.1060E-10  0.8290E-11  0.7160E-11
WAVELENGTH(A)= 
    21.386
 7 14 t 
excit   
    84.400    127.000    211.000    422.000    844.000   2110.000   4220.000   6330.000   8440.000  12700.000  21100.000  42200.000  84400.000 127000.000 
  0.1000E+11  0.5240E-22  0.4960E-19  0.1090E-16  0.5410E-15  0.3270E-14  0.7920E-14  0.9310E-14  0.9260E-14  0.9060E-14  0.8510E-14  0.7630E-14  0.6330E-14  0.5110E-14  0.4470E-14
  0.1000E+12  0.5240E-22  0.4960E-19  0.1090E-16  0.5410E-15  0.3270E-14  0.7920E-14  0.9310E-14  0.9260E-14  0.9060E-14  0.8510E-14  0.7630E-14  0.6330E-14  0.5110E-14  0.4470E-14
  0.1000E+13  0.5240E-22  0.4960E-19  0.1090E-16  0.5410E-15  0.3270E-14  0.7920E-14  0.9310E-14  0.9260E-14  0.9060E-14  0.8510E-14  0.7630E-14  0.6330E-14  0.5110E-14  0.4470E-14
  0.1000E+14  0.5240E-22  0.4960E-19  0.1090E-16  0.5410E-15  0.3270E-14  0.7920E-14  0.9310E-14  0.9260E-14  0.9060E-14  0.8510E-14  0.7630E-14  0.6330E-14  0.5110E-14  0.4470E-14
  0.1000E+15  0.5240E-22  0.4960E-19  0.1090E-16  0.5410E-15  0.3270E-14  0.7920E-14  0.9310E-14  0.9260E-14  0.9060E-14  0.8510E-14  0.7630E-14  0.6330E-14  0.5110E-14  0.4470E-14
  0.1000E+16  0.5240E-22  0.4960E-19  0.1090E-16  0.5410E-15  0.3270E-14  0.7920E-14  0.9310E-14  0.9260E-14  0.9060E-14  0.8510E-14  0.7630E-14  0.6330E-14  0.5110E-14  0.4470E-14
  0.1000E+17  0.5240E-22  0.4960E-19  0.1090E-16  0.5410E-15  0.3270E-14  0.7920E-14  0.9310E-14  0.9260E-14  0.9060E-14  0.8510E-14  0.7630E-14  0.6330E-14  0.5110E-14  0.4470E-14
WAVELENGTH(A)= 
    28.050
 7 14 t 
excit   
    84.400    127.000    211.000    422.000    844.000   2110.000   4220.000   6330.000   8440.000  12700.000  21100.000  42200.000  84400.000 127000.000 
  0.1000E+11  0.2130E-18  0.2070E-16  0.7390E-15  0.9560E-14  0.3030E-13  0.5100E-13  0.5360E-13  0.5200E-13  0.4990E-13  0.4620E-13  0.4080E-13  0.3330E-13  0.2630E-13  0.2280E-13
  0.1000E+12  0.2130E-18  0.2070E-16  0.7390E-15  0.9560E-14  0.3030E-13  0.5100E-13  0.5360E-13  0.5200E-13  0.4990E-13  0.4620E-13  0.4080E-13  0.3330E-13  0.2630E-13  0.2280E-13
  0.1000E+13  0.2130E-18  0.2070E-16  0.7390E-15  0.9560E-14  0.3030E-13  0.5100E-13  0.5360E-13  0.5200E-13  0.4990E-13  0.4620E-13  0.4080E-13  0.3330E-13  0.2630E-13  0.2280E-13
  0.1000E+14  0.2130E-18  0.2070E-16  0.7390E-15  0.9560E-14  0.3030E-13  0.5100E-13  0.5360E-13  0.5200E-13  0.4990E-13  0.4620E-13  0.4080E-13  0.3330E-13  0.2630E-13  0.2280E-13
  0.1000E+15  0.2130E-18  0.2070E-16  0.7390E-15  0.9560E-14  0.3030E-13  0.5100E-13  0.5360E-13  0.5200E-13  0.4990E-13  0.4620E-13  0.4080E-13  0.3330E-13  0.2630E-13  0.2280E-13
  0.1000E+16  0.2130E-18  0.2070E-16  0.7390E-15  0.9560E-14  0.3030E-13  0.5100E-13  0.5360E-13  0.5200E-13  0.4990E-13  0.4620E-13  0.4080E-13  0.3330E-13  0.2630E-13  0.2280E-13
  0.1000E+17  0.2130E-18  0.2070E-16  0.7390E-15  0.9560E-14  0.3030E-13  0.5100E-13  0.5360E-13  0.5200E-13  0.4990E-13  0.4620E-13  0.4080E-13  0.3330E-13  0.2630E-13  0.2280E-13
WAVELENGTH(A)= 
    32.733
 7 14 t 
excit   
    84.400    127.000    211.000    422.000    844.000   2110.000   4220.000   6330.000   8440.000  12700.000  21100.000  42200.000  84400.000 127000.000 
  0.1000E+11  0.1000E-73  0.1000E-73  0.2130E-32  0.3040E-22  0.3060E-17  0.2500E-14  0.2060E-13  0.3910E-13  0.5230E-13  0.6700E-13  0.7600E-13  0.7470E-13  0.6500E-13  0.5810E-13
  0.1000E+12  0.1000E-73  0.1000E-73  0.2130E-32  0.3040E-22  0.3060E-17  0.2500E-14  0.2060E-13  0.3910E-13  0.5230E-13  0.6700E-13  0.7600E-13  0.7470E-13  0.6500E-13  0.5810E-13
  0.1000E+13  0.1000E-73  0.1000E-73  0.2130E-32  0.3040E-22  0.3060E-17  0.2500E-14  0.2060E-13  0.3910E-13  0.5230E-13  0.6700E-13  0.7600E-13  0.7470E-13  0.6500E-13  0.5810E-13
  0.1000E+14  0.1000E-73  0.1000E-73  0.2130E-32  0.3040E-22  0.3060E-17  0.2500E-14  0.2060E-13  0.3910E-13  0.5230E-13  0.6700E-13  0.7600E-13  0.7470E-13  0.6500E-13  0.5810E-13
  0.1000E+15  0.1000E-73  0.5530E-46  0.2130E-32  0.3040E-22  0.3060E-17  0.2500E-14  0.2060E-13  0.3910E-13  0.5230E-13  0.6700E-13  0.7600E-13  0.7470E-13  0.6500E-13  0.5810E-13
  0.1000E+16  0.1000E-73  0.4980E-46  0.2130E-32  0.3040E-22  0.3060E-17  0.2500E-14  0.2060E-13  0.3910E-13  0.5230E-13  0.6700E-13  0.7600E-13  0.7470E-13  0.6500E-13  0.5810E-13
  0.1000E+17  0.1000E-73  0.5020E-46  0.2130E-32  0.3040E-22  0.3060E-17  0.2500E-14  0.2060E-13  0.3910E-13  0.5230E-13  0.6700E-13  0.7600E-13  0.7470E-13  0.6500E-13  0.5810E-13
