 50  7 14
WAVELENGTH(A)= 
   184.372
 7 14 t 
excit   
     1.400      2.090      3.490      6.980     14.000     34.900     69.800    105.000    140.000    209.000    349.000    698.000   1400.000   2090.000 
  0.1000E+11  0.2470E-29  0.2040E-22  0.6290E-17  0.7140E-13  0.6900E-11  0.8860E-10  0.1850E-09  0.2320E-09  0.2610E-09  0.2920E-09  0.3190E-09  0.3330E-09  0.3280E-09  0.3170E-09
  0.1000E+12  0.2450E-29  0.1980E-22  0.5990E-17  0.6590E-13  0.5870E-11  0.6860E-10  0.1450E-09  0.1830E-09  0.2060E-09  0.2310E-09  0.2520E-09  0.2620E-09  0.2570E-09  0.2470E-09
  0.1000E+13  0.2300E-29  0.1780E-22  0.5070E-17  0.5200E-13  0.4500E-11  0.5590E-10  0.1190E-09  0.1510E-09  0.1700E-09  0.1910E-09  0.2080E-09  0.2170E-09  0.2120E-09  0.2040E-09
  0.1000E+14  0.2240E-29  0.1690E-22  0.4670E-17  0.4530E-13  0.3780E-11  0.4780E-10  0.1050E-09  0.1330E-09  0.1500E-09  0.1690E-09  0.1830E-09  0.1900E-09  0.1830E-09  0.1750E-09
  0.1000E+15  0.2240E-29  0.1680E-22  0.4620E-17  0.4400E-13  0.3600E-11  0.4620E-10  0.1020E-09  0.1300E-09  0.1470E-09  0.1640E-09  0.1790E-09  0.1850E-09  0.1780E-09  0.1700E-09
  0.1000E+16  0.2240E-29  0.1690E-22  0.4620E-17  0.4390E-13  0.3590E-11  0.4580E-10  0.1010E-09  0.1280E-09  0.1450E-09  0.1620E-09  0.1760E-09  0.1820E-09  0.1750E-09  0.1670E-09
  0.1000E+17  0.2310E-29  0.1720E-22  0.4690E-17  0.4430E-13  0.3600E-11  0.4520E-10  0.9650E-10  0.1210E-09  0.1360E-09  0.1510E-09  0.1630E-09  0.1700E-09  0.1650E-09  0.1590E-09
WAVELENGTH(A)= 
   190.319
 7 14 t 
excit   
     1.400      2.090      3.490      6.980     14.000     34.900     69.800    105.000    140.000    209.000    349.000    698.000   1400.000   2090.000 
  0.1000E+11  0.7780E-28  0.3900E-21  0.8020E-16  0.6570E-12  0.5150E-10  0.5700E-09  0.1080E-08  0.1290E-08  0.1400E-08  0.1480E-08  0.1510E-08  0.1470E-08  0.1360E-08  0.1280E-08
  0.1000E+12  0.7960E-28  0.3900E-21  0.7820E-16  0.6180E-12  0.4470E-10  0.4450E-09  0.8510E-09  0.1020E-08  0.1110E-08  0.1170E-08  0.1200E-08  0.1160E-08  0.1070E-08  0.9980E-09
  0.1000E+13  0.8500E-28  0.3930E-21  0.7310E-16  0.5310E-12  0.3670E-10  0.3850E-09  0.7470E-09  0.8990E-09  0.9740E-09  0.1030E-08  0.1050E-08  0.1010E-08  0.9290E-09  0.8660E-09
  0.1000E+14  0.9260E-28  0.4220E-21  0.7680E-16  0.5330E-12  0.3530E-10  0.3590E-09  0.6980E-09  0.8400E-09  0.9090E-09  0.9620E-09  0.9800E-09  0.9390E-09  0.8530E-09  0.7910E-09
  0.1000E+15  0.9420E-28  0.4290E-21  0.7820E-16  0.5400E-12  0.3510E-10  0.3530E-09  0.6880E-09  0.8280E-09  0.8960E-09  0.9480E-09  0.9650E-09  0.9240E-09  0.8380E-09  0.7760E-09
  0.1000E+16  0.9430E-28  0.4300E-21  0.7830E-16  0.5400E-12  0.3510E-10  0.3510E-09  0.6800E-09  0.8170E-09  0.8830E-09  0.9330E-09  0.9500E-09  0.9100E-09  0.8270E-09  0.7660E-09
  0.1000E+17  0.9410E-28  0.4290E-21  0.7820E-16  0.5400E-12  0.3500E-10  0.3430E-09  0.6460E-09  0.7660E-09  0.8220E-09  0.8640E-09  0.8790E-09  0.8470E-09  0.7780E-09  0.7250E-09
WAVELENGTH(A)= 
   191.366
 7 14 t 
excit   
     1.400      2.090      3.490      6.980     14.000     34.900     69.800    105.000    140.000    209.000    349.000    698.000   1400.000   2090.000 
  0.1000E+11  0.3210E-28  0.1260E-21  0.2140E-16  0.1510E-12  0.1010E-10  0.8920E-10  0.1630E-09  0.1930E-09  0.2070E-09  0.2180E-09  0.2220E-09  0.2150E-09  0.1970E-09  0.1840E-09
  0.1000E+12  0.3150E-28  0.1210E-21  0.2000E-16  0.1370E-12  0.8750E-11  0.7860E-10  0.1470E-09  0.1750E-09  0.1880E-09  0.1990E-09  0.2030E-09  0.1960E-09  0.1790E-09  0.1670E-09
  0.1000E+13  0.3150E-28  0.1160E-21  0.1800E-16  0.1150E-12  0.7410E-11  0.7150E-10  0.1340E-09  0.1600E-09  0.1720E-09  0.1810E-09  0.1850E-09  0.1780E-09  0.1630E-09  0.1520E-09
  0.1000E+14  0.3240E-28  0.1170E-21  0.1780E-16  0.1080E-12  0.6800E-11  0.6650E-10  0.1260E-09  0.1500E-09  0.1610E-09  0.1700E-09  0.1730E-09  0.1660E-09  0.1510E-09  0.1400E-09
  0.1000E+15  0.3260E-28  0.1180E-21  0.1780E-16  0.1070E-12  0.6670E-11  0.6540E-10  0.1240E-09  0.1480E-09  0.1590E-09  0.1680E-09  0.1710E-09  0.1640E-09  0.1490E-09  0.1380E-09
  0.1000E+16  0.3260E-28  0.1180E-21  0.1780E-16  0.1070E-12  0.6650E-11  0.6510E-10  0.1230E-09  0.1460E-09  0.1570E-09  0.1660E-09  0.1680E-09  0.1620E-09  0.1470E-09  0.1360E-09
  0.1000E+17  0.3250E-28  0.1180E-21  0.1780E-16  0.1070E-12  0.6630E-11  0.6370E-10  0.1180E-09  0.1380E-09  0.1470E-09  0.1540E-09  0.1560E-09  0.1510E-09  0.1390E-09  0.1290E-09
WAVELENGTH(A)= 
   191.440
 7 14 t 
excit   
     1.400      2.090      3.490      6.980     14.000     34.900     69.800    105.000    140.000    209.000    349.000    698.000   1400.000   2090.000 
  0.1000E+11  0.1330E-29  0.7570E-23  0.1750E-17  0.1680E-13  0.2180E-11  0.6050E-10  0.1520E-09  0.1950E-09  0.2150E-09  0.2320E-09  0.2380E-09  0.2250E-09  0.1980E-09  0.1790E-09
  0.1000E+12  0.6500E-29  0.3590E-22  0.7930E-17  0.7120E-13  0.7890E-11  0.1230E-09  0.2520E-09  0.3050E-09  0.3300E-09  0.3510E-09  0.3590E-09  0.3450E-09  0.3130E-09  0.2900E-09
  0.1000E+13  0.1600E-28  0.8900E-22  0.1920E-16  0.1590E-12  0.1260E-10  0.1380E-09  0.2660E-09  0.3180E-09  0.3430E-09  0.3640E-09  0.3710E-09  0.3580E-09  0.3280E-09  0.3050E-09
  0.1000E+14  0.1950E-28  0.1090E-21  0.2340E-16  0.1840E-12  0.1310E-10  0.1350E-09  0.2600E-09  0.3110E-09  0.3350E-09  0.3550E-09  0.3620E-09  0.3480E-09  0.3180E-09  0.2960E-09
  0.1000E+15  0.2000E-28  0.1120E-21  0.2390E-16  0.1860E-12  0.1300E-10  0.1340E-09  0.2580E-09  0.3080E-09  0.3320E-09  0.3520E-09  0.3590E-09  0.3450E-09  0.3150E-09  0.2940E-09
  0.1000E+16  0.2000E-28  0.1120E-21  0.2400E-16  0.1870E-12  0.1300E-10  0.1340E-09  0.2560E-09  0.3050E-09  0.3280E-09  0.3480E-09  0.3550E-09  0.3410E-09  0.3120E-09  0.2910E-09
  0.1000E+17  0.2000E-28  0.1120E-21  0.2390E-16  0.1860E-12  0.1290E-10  0.1310E-09  0.2450E-09  0.2880E-09  0.3070E-09  0.3230E-09  0.3290E-09  0.3180E-09  0.2940E-09  0.2760E-09
WAVELENGTH(A)= 
   191.697
 7 14 t 
excit   
     1.400      2.090      3.490      6.980     14.000     34.900     69.800    105.000    140.000    209.000    349.000    698.000   1400.000   2090.000 
  0.1000E+11  0.8530E-28  0.3350E-21  0.5690E-16  0.4020E-12  0.2680E-10  0.2370E-09  0.4330E-09  0.5110E-09  0.5490E-09  0.5790E-09  0.5900E-09  0.5700E-09  0.5230E-09  0.4890E-09
  0.1000E+12  0.8370E-28  0.3220E-21  0.5320E-16  0.3650E-12  0.2320E-10  0.2090E-09  0.3910E-09  0.4640E-09  0.5000E-09  0.5280E-09  0.5380E-09  0.5190E-09  0.4750E-09  0.4430E-09
  0.1000E+13  0.8360E-28  0.3070E-21  0.4770E-16  0.3050E-12  0.1970E-10  0.1900E-09  0.3570E-09  0.4230E-09  0.4560E-09  0.4810E-09  0.4900E-09  0.4720E-09  0.4320E-09  0.4030E-09
  0.1000E+14  0.8600E-28  0.3110E-21  0.4720E-16  0.2860E-12  0.1800E-10  0.1760E-09  0.3340E-09  0.3970E-09  0.4280E-09  0.4520E-09  0.4590E-09  0.4410E-09  0.4010E-09  0.3720E-09
  0.1000E+15  0.8660E-28  0.3130E-21  0.4730E-16  0.2850E-12  0.1770E-10  0.1740E-09  0.3300E-09  0.3920E-09  0.4230E-09  0.4460E-09  0.4530E-09  0.4340E-09  0.3940E-09  0.3660E-09
  0.1000E+16  0.8660E-28  0.3130E-21  0.4730E-16  0.2840E-12  0.1770E-10  0.1730E-09  0.3270E-09  0.3880E-09  0.4170E-09  0.4400E-09  0.4470E-09  0.4290E-09  0.3900E-09  0.3620E-09
  0.1000E+17  0.8640E-28  0.3120E-21  0.4720E-16  0.2840E-12  0.1760E-10  0.1690E-09  0.3120E-09  0.3660E-09  0.3910E-09  0.4090E-09  0.4150E-09  0.4000E-09  0.3680E-09  0.3440E-09
WAVELENGTH(A)= 
   192.167
 7 14 t 
excit   
     1.400      2.090      3.490      6.980     14.000     34.900     69.800    105.000    140.000    209.000    349.000    698.000   1400.000   2090.000 
  0.1000E+11  0.4720E-29  0.2690E-22  0.6170E-17  0.5630E-13  0.5240E-11  0.8460E-10  0.1870E-09  0.2310E-09  0.2530E-09  0.2710E-09  0.2780E-09  0.2660E-09  0.2390E-09  0.2200E-09
  0.1000E+12  0.8650E-29  0.4660E-22  0.1020E-16  0.8980E-13  0.8810E-11  0.1210E-09  0.2440E-09  0.2950E-09  0.3200E-09  0.3410E-09  0.3480E-09  0.3340E-09  0.3030E-09  0.2820E-09
  0.1000E+13  0.2090E-28  0.1080E-21  0.2210E-16  0.1730E-12  0.1310E-10  0.1410E-09  0.2740E-09  0.3290E-09  0.3550E-09  0.3760E-09  0.3820E-09  0.3660E-09  0.3320E-09  0.3090E-09
  0.1000E+14  0.2850E-28  0.1490E-21  0.3030E-16  0.2280E-12  0.1560E-10  0.1530E-09  0.2890E-09  0.3440E-09  0.3700E-09  0.3910E-09  0.3970E-09  0.3810E-09  0.3460E-09  0.3220E-09
  0.1000E+15  0.2970E-28  0.1560E-21  0.3200E-16  0.2400E-12  0.1620E-10  0.1550E-09  0.2910E-09  0.3460E-09  0.3710E-09  0.3920E-09  0.3980E-09  0.3820E-09  0.3470E-09  0.3240E-09
  0.1000E+16  0.2980E-28  0.1570E-21  0.3210E-16  0.2420E-12  0.1620E-10  0.1550E-09  0.2890E-09  0.3420E-09  0.3680E-09  0.3880E-09  0.3940E-09  0.3780E-09  0.3440E-09  0.3210E-09
  0.1000E+17  0.2980E-28  0.1570E-21  0.3210E-16  0.2410E-12  0.1620E-10  0.1520E-09  0.2760E-09  0.3230E-09  0.3440E-09  0.3610E-09  0.3660E-09  0.3530E-09  0.3240E-09  0.3050E-09
WAVELENGTH(A)= 
   192.680
 7 14 t 
excit   
     1.400      2.090      3.490      6.980     14.000     34.900     69.800    105.000    140.000    209.000    349.000    698.000   1400.000   2090.000 
  0.1000E+11  0.3560E-28  0.2030E-21  0.4590E-16  0.3990E-12  0.2880E-10  0.2590E-09  0.4890E-09  0.5830E-09  0.6290E-09  0.6680E-09  0.6780E-09  0.6520E-09  0.5960E-09  0.5540E-09
  0.1000E+12  0.3640E-28  0.2040E-21  0.4540E-16  0.3840E-12  0.2710E-10  0.2610E-09  0.5010E-09  0.5980E-09  0.6460E-09  0.6860E-09  0.6980E-09  0.6730E-09  0.6180E-09  0.5760E-09
  0.1000E+13  0.3730E-28  0.2030E-21  0.4290E-16  0.3430E-12  0.2450E-10  0.2480E-09  0.4730E-09  0.5630E-09  0.6070E-09  0.6440E-09  0.6560E-09  0.6330E-09  0.5830E-09  0.5440E-09
  0.1000E+14  0.3810E-28  0.2050E-21  0.4260E-16  0.3270E-12  0.2280E-10  0.2330E-09  0.4470E-09  0.5330E-09  0.5760E-09  0.6110E-09  0.6210E-09  0.5980E-09  0.5480E-09  0.5100E-09
  0.1000E+15  0.3830E-28  0.2050E-21  0.4270E-16  0.3250E-12  0.2240E-10  0.2300E-09  0.4420E-09  0.5270E-09  0.5690E-09  0.6040E-09  0.6140E-09  0.5900E-09  0.5400E-09  0.5030E-09
  0.1000E+16  0.3830E-28  0.2060E-21  0.4270E-16  0.3250E-12  0.2240E-10  0.2290E-09  0.4380E-09  0.5220E-09  0.5620E-09  0.5960E-09  0.6060E-09  0.5830E-09  0.5340E-09  0.4970E-09
  0.1000E+17  0.3820E-28  0.2050E-21  0.4260E-16  0.3240E-12  0.2230E-10  0.2240E-09  0.4190E-09  0.4920E-09  0.5270E-09  0.5550E-09  0.5630E-09  0.5440E-09  0.5040E-09  0.4720E-09
WAVELENGTH(A)= 
   192.692
 7 14 t 
excit   
     1.400      2.090      3.490      6.980     14.000     34.900     69.800    105.000    140.000    209.000    349.000    698.000   1400.000   2090.000 
  0.1000E+11  0.3210E-27  0.1130E-20  0.1760E-15  0.1200E-11  0.8590E-10  0.8500E-09  0.1560E-08  0.1840E-08  0.1970E-08  0.2080E-08  0.2120E-08  0.2060E-08  0.1900E-08  0.1780E-08
  0.1000E+12  0.3160E-27  0.1100E-20  0.1670E-15  0.1100E-11  0.7230E-10  0.6710E-09  0.1250E-08  0.1490E-08  0.1610E-08  0.1700E-08  0.1730E-08  0.1670E-08  0.1530E-08  0.1430E-08
  0.1000E+13  0.3050E-27  0.1020E-20  0.1460E-15  0.8900E-12  0.5700E-10  0.5630E-09  0.1060E-08  0.1260E-08  0.1360E-08  0.1440E-08  0.1470E-08  0.1420E-08  0.1300E-08  0.1210E-08
  0.1000E+14  0.3050E-27  0.9980E-21  0.1390E-15  0.7970E-12  0.4910E-10  0.4930E-09  0.9490E-09  0.1130E-08  0.1230E-08  0.1300E-08  0.1320E-08  0.1260E-08  0.1150E-08  0.1060E-08
  0.1000E+15  0.3050E-27  0.9970E-21  0.1380E-15  0.7810E-12  0.4720E-10  0.4790E-09  0.9280E-09  0.1110E-08  0.1200E-08  0.1270E-08  0.1290E-08  0.1230E-08  0.1120E-08  0.1030E-08
  0.1000E+16  0.3050E-27  0.9970E-21  0.1380E-15  0.7790E-12  0.4700E-10  0.4750E-09  0.9180E-09  0.1100E-08  0.1180E-08  0.1250E-08  0.1270E-08  0.1220E-08  0.1100E-08  0.1020E-08
  0.1000E+17  0.3050E-27  0.9950E-21  0.1380E-15  0.7780E-12  0.4680E-10  0.4650E-09  0.8740E-09  0.1030E-08  0.1100E-08  0.1160E-08  0.1180E-08  0.1130E-08  0.1040E-08  0.9680E-09
WAVELENGTH(A)= 
   192.717
 7 14 t 
excit   
     1.400      2.090      3.490      6.980     14.000     34.900     69.800    105.000    140.000    209.000    349.000    698.000   1400.000   2090.000 
  0.1000E+11  0.1100E-27  0.4030E-21  0.6450E-16  0.4350E-12  0.2770E-10  0.2370E-09  0.4310E-09  0.5070E-09  0.5430E-09  0.5730E-09  0.5830E-09  0.5610E-09  0.5160E-09  0.4820E-09
  0.1000E+12  0.1060E-27  0.3790E-21  0.5910E-16  0.3870E-12  0.2370E-10  0.2070E-09  0.3850E-09  0.4560E-09  0.4900E-09  0.5180E-09  0.5270E-09  0.5060E-09  0.4640E-09  0.4330E-09
  0.1000E+13  0.1060E-27  0.3590E-21  0.5220E-16  0.3180E-12  0.1990E-10  0.1900E-09  0.3540E-09  0.4200E-09  0.4510E-09  0.4760E-09  0.4840E-09  0.4650E-09  0.4260E-09  0.3960E-09
  0.1000E+14  0.1100E-27  0.3670E-21  0.5200E-16  0.3010E-12  0.1850E-10  0.1780E-09  0.3350E-09  0.3970E-09  0.4270E-09  0.4510E-09  0.4570E-09  0.4370E-09  0.3980E-09  0.3690E-09
  0.1000E+15  0.1110E-27  0.3700E-21  0.5230E-16  0.3000E-12  0.1830E-10  0.1760E-09  0.3310E-09  0.3930E-09  0.4220E-09  0.4450E-09  0.4510E-09  0.4310E-09  0.3920E-09  0.3640E-09
  0.1000E+16  0.1110E-27  0.3700E-21  0.5230E-16  0.3000E-12  0.1820E-10  0.1750E-09  0.3280E-09  0.3890E-09  0.4170E-09  0.4400E-09  0.4460E-09  0.4260E-09  0.3880E-09  0.3600E-09
  0.1000E+17  0.1110E-27  0.3690E-21  0.5220E-16  0.2990E-12  0.1810E-10  0.1710E-09  0.3140E-09  0.3660E-09  0.3900E-09  0.4090E-09  0.4140E-09  0.3980E-09  0.3660E-09  0.3420E-09
WAVELENGTH(A)= 
   192.918
 7 14 t 
excit   
     1.400      2.090      3.490      6.980     14.000     34.900     69.800    105.000    140.000    209.000    349.000    698.000   1400.000   2090.000 
  0.1000E+11  0.2130E-29  0.1680E-22  0.4990E-17  0.5450E-13  0.5170E-11  0.7660E-10  0.1690E-09  0.2110E-09  0.2320E-09  0.2490E-09  0.2560E-09  0.2460E-09  0.2220E-09  0.2040E-09
  0.1000E+12  0.3840E-29  0.2840E-22  0.7920E-17  0.8220E-13  0.8040E-11  0.1140E-09  0.2370E-09  0.2900E-09  0.3160E-09  0.3370E-09  0.3440E-09  0.3300E-09  0.3000E-09  0.2770E-09
  0.1000E+13  0.9690E-29  0.6940E-22  0.1810E-16  0.1680E-12  0.1340E-10  0.1500E-09  0.2970E-09  0.3580E-09  0.3870E-09  0.4110E-09  0.4180E-09  0.4000E-09  0.3620E-09  0.3350E-09
  0.1000E+14  0.1370E-28  0.1000E-21  0.2640E-16  0.2410E-12  0.1770E-10  0.1750E-09  0.3320E-09  0.3960E-09  0.4260E-09  0.4500E-09  0.4580E-09  0.4390E-09  0.4000E-09  0.3720E-09
  0.1000E+15  0.1440E-28  0.1060E-21  0.2820E-16  0.2580E-12  0.1880E-10  0.1800E-09  0.3380E-09  0.4010E-09  0.4310E-09  0.4550E-09  0.4630E-09  0.4440E-09  0.4050E-09  0.3770E-09
  0.1000E+16  0.1450E-28  0.1060E-21  0.2840E-16  0.2600E-12  0.1890E-10  0.1800E-09  0.3360E-09  0.3980E-09  0.4270E-09  0.4510E-09  0.4580E-09  0.4400E-09  0.4020E-09  0.3750E-09
  0.1000E+17  0.1440E-28  0.1060E-21  0.2830E-16  0.2600E-12  0.1890E-10  0.1760E-09  0.3210E-09  0.3750E-09  0.4000E-09  0.4190E-09  0.4250E-09  0.4110E-09  0.3790E-09  0.3560E-09
WAVELENGTH(A)= 
   193.060
 7 14 t 
excit   
     1.400      2.090      3.490      6.980     14.000     34.900     69.800    105.000    140.000    209.000    349.000    698.000   1400.000   2090.000 
  0.1000E+11  0.2000E-28  0.1120E-21  0.2520E-16  0.2190E-12  0.1610E-10  0.1510E-09  0.2830E-09  0.3370E-09  0.3630E-09  0.3840E-09  0.3920E-09  0.3780E-09  0.3470E-09  0.3230E-09
  0.1000E+12  0.2050E-28  0.1120E-21  0.2450E-16  0.2070E-12  0.1460E-10  0.1410E-09  0.2710E-09  0.3240E-09  0.3500E-09  0.3710E-09  0.3790E-09  0.3660E-09  0.3350E-09  0.3110E-09
  0.1000E+13  0.2290E-28  0.1190E-21  0.2450E-16  0.1910E-12  0.1350E-10  0.1380E-09  0.2660E-09  0.3170E-09  0.3430E-09  0.3620E-09  0.3700E-09  0.3560E-09  0.3260E-09  0.3020E-09
  0.1000E+14  0.2540E-28  0.1320E-21  0.2670E-16  0.2000E-12  0.1370E-10  0.1380E-09  0.2620E-09  0.3130E-09  0.3370E-09  0.3560E-09  0.3630E-09  0.3490E-09  0.3180E-09  0.2940E-09
  0.1000E+15  0.2590E-28  0.1350E-21  0.2730E-16  0.2040E-12  0.1390E-10  0.1370E-09  0.2610E-09  0.3110E-09  0.3360E-09  0.3550E-09  0.3610E-09  0.3460E-09  0.3160E-09  0.2920E-09
  0.1000E+16  0.2600E-28  0.1350E-21  0.2740E-16  0.2050E-12  0.1390E-10  0.1370E-09  0.2590E-09  0.3080E-09  0.3320E-09  0.3500E-09  0.3560E-09  0.3420E-09  0.3130E-09  0.2900E-09
  0.1000E+17  0.2590E-28  0.1350E-21  0.2740E-16  0.2050E-12  0.1380E-10  0.1340E-09  0.2480E-09  0.2910E-09  0.3110E-09  0.3260E-09  0.3310E-09  0.3200E-09  0.2950E-09  0.2750E-09
WAVELENGTH(A)= 
   193.456
 7 14 t 
excit   
     1.400      2.090      3.490      6.980     14.000     34.900     69.800    105.000    140.000    209.000    349.000    698.000   1400.000   2090.000 
  0.1000E+11  0.2310E-27  0.7720E-21  0.1160E-15  0.7530E-12  0.4990E-10  0.4550E-09  0.8280E-09  0.9750E-09  0.1040E-08  0.1100E-08  0.1120E-08  0.1080E-08  0.9960E-09  0.9330E-09
  0.1000E+12  0.2230E-27  0.7280E-21  0.1060E-15  0.6730E-12  0.4210E-10  0.3760E-09  0.6980E-09  0.8280E-09  0.8890E-09  0.9400E-09  0.9550E-09  0.9220E-09  0.8440E-09  0.7880E-09
  0.1000E+13  0.2110E-27  0.6590E-21  0.9070E-16  0.5350E-12  0.3360E-10  0.3220E-09  0.6020E-09  0.7140E-09  0.7670E-09  0.8110E-09  0.8240E-09  0.7950E-09  0.7280E-09  0.6800E-09
  0.1000E+14  0.2070E-27  0.6350E-21  0.8460E-16  0.4690E-12  0.2860E-10  0.2840E-09  0.5410E-09  0.6450E-09  0.6940E-09  0.7340E-09  0.7440E-09  0.7140E-09  0.6480E-09  0.6020E-09
  0.1000E+15  0.2070E-27  0.6330E-21  0.8380E-16  0.4560E-12  0.2750E-10  0.2760E-09  0.5300E-09  0.6320E-09  0.6810E-09  0.7200E-09  0.7290E-09  0.6980E-09  0.6330E-09  0.5860E-09
  0.1000E+16  0.2070E-27  0.6320E-21  0.8370E-16  0.4550E-12  0.2730E-10  0.2740E-09  0.5240E-09  0.6250E-09  0.6720E-09  0.7100E-09  0.7190E-09  0.6890E-09  0.6250E-09  0.5800E-09
  0.1000E+17  0.2060E-27  0.6310E-21  0.8350E-16  0.4540E-12  0.2720E-10  0.2680E-09  0.5010E-09  0.5880E-09  0.6280E-09  0.6600E-09  0.6670E-09  0.6430E-09  0.5890E-09  0.5500E-09
WAVELENGTH(A)= 
   193.744
 7 14 t 
excit   
     1.400      2.090      3.490      6.980     14.000     34.900     69.800    105.000    140.000    209.000    349.000    698.000   1400.000   2090.000 
  0.1000E+11  0.1460E-28  0.7370E-22  0.1540E-16  0.1300E-12  0.1150E-10  0.1750E-09  0.3780E-09  0.4650E-09  0.5090E-09  0.5430E-09  0.5540E-09  0.5320E-09  0.4790E-09  0.4410E-09
  0.1000E+12  0.2410E-28  0.1160E-21  0.2310E-16  0.1910E-12  0.1790E-10  0.2340E-09  0.4660E-09  0.5610E-09  0.6090E-09  0.6450E-09  0.6560E-09  0.6330E-09  0.5750E-09  0.5340E-09
  0.1000E+13  0.5080E-28  0.2350E-21  0.4380E-16  0.3240E-12  0.2400E-10  0.2550E-09  0.4900E-09  0.5850E-09  0.6320E-09  0.6670E-09  0.6780E-09  0.6530E-09  0.5940E-09  0.5520E-09
  0.1000E+14  0.6470E-28  0.3000E-21  0.5550E-16  0.3900E-12  0.2610E-10  0.2600E-09  0.4930E-09  0.5860E-09  0.6330E-09  0.6670E-09  0.6760E-09  0.6500E-09  0.5910E-09  0.5490E-09
  0.1000E+15  0.6690E-28  0.3110E-21  0.5760E-16  0.4020E-12  0.2650E-10  0.2600E-09  0.4920E-09  0.5850E-09  0.6310E-09  0.6650E-09  0.6740E-09  0.6480E-09  0.5890E-09  0.5470E-09
  0.1000E+16  0.6720E-28  0.3120E-21  0.5790E-16  0.4030E-12  0.2650E-10  0.2590E-09  0.4880E-09  0.5790E-09  0.6240E-09  0.6570E-09  0.6660E-09  0.6400E-09  0.5830E-09  0.5420E-09
  0.1000E+17  0.6700E-28  0.3120E-21  0.5780E-16  0.4030E-12  0.2640E-10  0.2540E-09  0.4670E-09  0.5460E-09  0.5840E-09  0.6110E-09  0.6180E-09  0.5980E-09  0.5500E-09  0.5150E-09
WAVELENGTH(A)= 
   193.795
 7 14 t 
excit   
     1.400      2.090      3.490      6.980     14.000     34.900     69.800    105.000    140.000    209.000    349.000    698.000   1400.000   2090.000 
  0.1000E+11  0.2510E-27  0.8390E-21  0.1260E-15  0.8180E-12  0.5420E-10  0.4950E-09  0.9000E-09  0.1060E-08  0.1130E-08  0.1200E-08  0.1220E-08  0.1180E-08  0.1080E-08  0.1010E-08
  0.1000E+12  0.2420E-27  0.7910E-21  0.1160E-15  0.7310E-12  0.4570E-10  0.4080E-09  0.7580E-09  0.8990E-09  0.9660E-09  0.1020E-08  0.1040E-08  0.1000E-08  0.9170E-09  0.8550E-09
  0.1000E+13  0.2290E-27  0.7150E-21  0.9850E-16  0.5810E-12  0.3640E-10  0.3490E-09  0.6540E-09  0.7760E-09  0.8330E-09  0.8810E-09  0.8950E-09  0.8630E-09  0.7910E-09  0.7380E-09
  0.1000E+14  0.2250E-27  0.6900E-21  0.9190E-16  0.5090E-12  0.3110E-10  0.3080E-09  0.5870E-09  0.7000E-09  0.7540E-09  0.7970E-09  0.8080E-09  0.7750E-09  0.7040E-09  0.6540E-09
  0.1000E+15  0.2250E-27  0.6870E-21  0.9100E-16  0.4960E-12  0.2980E-10  0.3000E-09  0.5750E-09  0.6870E-09  0.7390E-09  0.7820E-09  0.7920E-09  0.7580E-09  0.6870E-09  0.6370E-09
  0.1000E+16  0.2250E-27  0.6870E-21  0.9080E-16  0.4940E-12  0.2960E-10  0.2980E-09  0.5690E-09  0.6780E-09  0.7300E-09  0.7710E-09  0.7810E-09  0.7480E-09  0.6790E-09  0.6290E-09
  0.1000E+17  0.2240E-27  0.6850E-21  0.9070E-16  0.4930E-12  0.2950E-10  0.2910E-09  0.5440E-09  0.6390E-09  0.6820E-09  0.7160E-09  0.7240E-09  0.6980E-09  0.6400E-09  0.5970E-09
WAVELENGTH(A)= 
   193.856
 7 14 t 
excit   
     1.400      2.090      3.490      6.980     14.000     34.900     69.800    105.000    140.000    209.000    349.000    698.000   1400.000   2090.000 
  0.1000E+11  0.2490E-29  0.1410E-22  0.3270E-17  0.3140E-13  0.4060E-11  0.1130E-09  0.2840E-09  0.3630E-09  0.4010E-09  0.4330E-09  0.4440E-09  0.4200E-09  0.3690E-09  0.3340E-09
  0.1000E+12  0.1210E-28  0.6700E-22  0.1480E-16  0.1330E-12  0.1470E-10  0.2290E-09  0.4690E-09  0.5690E-09  0.6160E-09  0.6560E-09  0.6700E-09  0.6430E-09  0.5850E-09  0.5420E-09
  0.1000E+13  0.2990E-28  0.1660E-21  0.3580E-16  0.2960E-12  0.2350E-10  0.2570E-09  0.4960E-09  0.5930E-09  0.6390E-09  0.6780E-09  0.6920E-09  0.6670E-09  0.6110E-09  0.5690E-09
  0.1000E+14  0.3640E-28  0.2030E-21  0.4360E-16  0.3430E-12  0.2440E-10  0.2520E-09  0.4850E-09  0.5790E-09  0.6240E-09  0.6610E-09  0.6750E-09  0.6490E-09  0.5940E-09  0.5530E-09
  0.1000E+15  0.3730E-28  0.2080E-21  0.4460E-16  0.3480E-12  0.2420E-10  0.2500E-09  0.4810E-09  0.5750E-09  0.6190E-09  0.6560E-09  0.6690E-09  0.6430E-09  0.5880E-09  0.5470E-09
  0.1000E+16  0.3730E-28  0.2090E-21  0.4470E-16  0.3480E-12  0.2420E-10  0.2490E-09  0.4770E-09  0.5690E-09  0.6120E-09  0.6480E-09  0.6610E-09  0.6360E-09  0.5820E-09  0.5420E-09
  0.1000E+17  0.3720E-28  0.2080E-21  0.4470E-16  0.3480E-12  0.2410E-10  0.2440E-09  0.4560E-09  0.5370E-09  0.5730E-09  0.6030E-09  0.6140E-09  0.5940E-09  0.5490E-09  0.5150E-09
WAVELENGTH(A)= 
   194.096
 7 14 t 
excit   
     1.400      2.090      3.490      6.980     14.000     34.900     69.800    105.000    140.000    209.000    349.000    698.000   1400.000   2090.000 
  0.1000E+11  0.6250E-27  0.2320E-20  0.3740E-15  0.2560E-11  0.1830E-09  0.1920E-08  0.3580E-08  0.4230E-08  0.4540E-08  0.4810E-08  0.4890E-08  0.4750E-08  0.4400E-08  0.4120E-08
  0.1000E+12  0.6190E-27  0.2260E-20  0.3560E-15  0.2360E-11  0.1560E-09  0.1460E-08  0.2730E-08  0.3250E-08  0.3500E-08  0.3710E-08  0.3780E-08  0.3650E-08  0.3360E-08  0.3140E-08
  0.1000E+13  0.5720E-27  0.1990E-20  0.2950E-15  0.1820E-11  0.1170E-09  0.1170E-08  0.2220E-08  0.2650E-08  0.2860E-08  0.3030E-08  0.3080E-08  0.2980E-08  0.2740E-08  0.2560E-08
  0.1000E+14  0.5530E-27  0.1870E-20  0.2690E-15  0.1580E-11  0.9770E-10  0.9910E-09  0.1930E-08  0.2320E-08  0.2510E-08  0.2670E-08  0.2700E-08  0.2590E-08  0.2360E-08  0.2180E-08
  0.1000E+15  0.5510E-27  0.1860E-20  0.2650E-15  0.1530E-11  0.9300E-10  0.9550E-09  0.1880E-08  0.2260E-08  0.2450E-08  0.2600E-08  0.2630E-08  0.2520E-08  0.2280E-08  0.2110E-08
  0.1000E+16  0.5500E-27  0.1860E-20  0.2650E-15  0.1520E-11  0.9240E-10  0.9460E-09  0.1860E-08  0.2230E-08  0.2410E-08  0.2550E-08  0.2590E-08  0.2480E-08  0.2250E-08  0.2080E-08
  0.1000E+17  0.5490E-27  0.1850E-20  0.2640E-15  0.1520E-11  0.9200E-10  0.9230E-09  0.1760E-08  0.2090E-08  0.2240E-08  0.2360E-08  0.2390E-08  0.2310E-08  0.2110E-08  0.1970E-08
WAVELENGTH(A)= 
   194.148
 7 14 t 
excit   
     1.400      2.090      3.490      6.980     14.000     34.900     69.800    105.000    140.000    209.000    349.000    698.000   1400.000   2090.000 
  0.1000E+11  0.3510E-28  0.1780E-21  0.3670E-16  0.2970E-12  0.2070E-10  0.1840E-09  0.3470E-09  0.4140E-09  0.4460E-09  0.4730E-09  0.4810E-09  0.4630E-09  0.4200E-09  0.3920E-09
  0.1000E+12  0.3660E-28  0.1830E-21  0.3690E-16  0.2910E-12  0.1990E-10  0.1900E-09  0.3630E-09  0.4320E-09  0.4660E-09  0.4940E-09  0.5040E-09  0.4870E-09  0.4430E-09  0.4150E-09
  0.1000E+13  0.3770E-28  0.1820E-21  0.3520E-16  0.2620E-12  0.1820E-10  0.1800E-09  0.3410E-09  0.4050E-09  0.4360E-09  0.4620E-09  0.4710E-09  0.4560E-09  0.4170E-09  0.3920E-09
  0.1000E+14  0.3810E-28  0.1820E-21  0.3450E-16  0.2470E-12  0.1670E-10  0.1680E-09  0.3200E-09  0.3810E-09  0.4110E-09  0.4360E-09  0.4440E-09  0.4280E-09  0.3890E-09  0.3650E-09
  0.1000E+15  0.3820E-28  0.1820E-21  0.3450E-16  0.2450E-12  0.1640E-10  0.1650E-09  0.3160E-09  0.3770E-09  0.4060E-09  0.4300E-09  0.4380E-09  0.4220E-09  0.3830E-09  0.3590E-09
  0.1000E+16  0.3820E-28  0.1820E-21  0.3450E-16  0.2450E-12  0.1630E-10  0.1640E-09  0.3130E-09  0.3730E-09  0.4020E-09  0.4250E-09  0.4320E-09  0.4170E-09  0.3790E-09  0.3550E-09
  0.1000E+17  0.3810E-28  0.1820E-21  0.3440E-16  0.2450E-12  0.1630E-10  0.1610E-09  0.2990E-09  0.3510E-09  0.3760E-09  0.3950E-09  0.4010E-09  0.3890E-09  0.3580E-09  0.3370E-09
WAVELENGTH(A)= 
   194.303
 7 14 t 
excit   
     1.400      2.090      3.490      6.980     14.000     34.900     69.800    105.000    140.000    209.000    349.000    698.000   1400.000   2090.000 
  0.1000E+11  0.1720E-29  0.1090E-22  0.2690E-17  0.2740E-13  0.4180E-11  0.1660E-09  0.4770E-09  0.6280E-09  0.7080E-09  0.7710E-09  0.7910E-09  0.7400E-09  0.6380E-09  0.5660E-09
  0.1000E+12  0.1390E-28  0.8920E-22  0.2240E-16  0.2280E-12  0.2860E-10  0.5070E-09  0.1080E-08  0.1310E-08  0.1430E-08  0.1530E-08  0.1560E-08  0.1500E-08  0.1360E-08  0.1250E-08
  0.1000E+13  0.4670E-28  0.3060E-21  0.7580E-16  0.6950E-12  0.5710E-10  0.6260E-09  0.1220E-08  0.1460E-08  0.1580E-08  0.1670E-08  0.1710E-08  0.1650E-08  0.1510E-08  0.1410E-08
  0.1000E+14  0.5980E-28  0.3950E-21  0.9660E-16  0.8380E-12  0.6140E-10  0.6340E-09  0.1220E-08  0.1450E-08  0.1580E-08  0.1670E-08  0.1700E-08  0.1640E-08  0.1510E-08  0.1400E-08
  0.1000E+15  0.6160E-28  0.4070E-21  0.9930E-16  0.8540E-12  0.6160E-10  0.6330E-09  0.1220E-08  0.1450E-08  0.1570E-08  0.1660E-08  0.1700E-08  0.1640E-08  0.1500E-08  0.1390E-08
  0.1000E+16  0.6170E-28  0.4080E-21  0.9950E-16  0.8560E-12  0.6170E-10  0.6310E-09  0.1210E-08  0.1440E-08  0.1550E-08  0.1640E-08  0.1680E-08  0.1620E-08  0.1480E-08  0.1380E-08
  0.1000E+17  0.6160E-28  0.4070E-21  0.9940E-16  0.8550E-12  0.6150E-10  0.6190E-09  0.1160E-08  0.1360E-08  0.1460E-08  0.1530E-08  0.1560E-08  0.1510E-08  0.1400E-08  0.1310E-08
WAVELENGTH(A)= 
   194.556
 7 14 t 
excit   
     1.400      2.090      3.490      6.980     14.000     34.900     69.800    105.000    140.000    209.000    349.000    698.000   1400.000   2090.000 
  0.1000E+11  0.1360E-27  0.4790E-21  0.7450E-16  0.5070E-12  0.3640E-10  0.3600E-09  0.6610E-09  0.7770E-09  0.8360E-09  0.8820E-09  0.8990E-09  0.8720E-09  0.8050E-09  0.7540E-09
  0.1000E+12  0.1340E-27  0.4650E-21  0.7070E-16  0.4660E-12  0.3060E-10  0.2840E-09  0.5310E-09  0.6300E-09  0.6800E-09  0.7190E-09  0.7330E-09  0.7080E-09  0.6500E-09  0.6060E-09
  0.1000E+13  0.1290E-27  0.4300E-21  0.6170E-16  0.3770E-12  0.2410E-10  0.2380E-09  0.4500E-09  0.5350E-09  0.5770E-09  0.6110E-09  0.6220E-09  0.6000E-09  0.5500E-09  0.5130E-09
  0.1000E+14  0.1290E-27  0.4220E-21  0.5880E-16  0.3380E-12  0.2080E-10  0.2090E-09  0.4020E-09  0.4800E-09  0.5190E-09  0.5490E-09  0.5580E-09  0.5350E-09  0.4860E-09  0.4500E-09
  0.1000E+15  0.1290E-27  0.4220E-21  0.5850E-16  0.3310E-12  0.2000E-10  0.2030E-09  0.3930E-09  0.4700E-09  0.5080E-09  0.5380E-09  0.5460E-09  0.5230E-09  0.4730E-09  0.4380E-09
  0.1000E+16  0.1290E-27  0.4220E-21  0.5850E-16  0.3300E-12  0.1990E-10  0.2010E-09  0.3890E-09  0.4640E-09  0.5010E-09  0.5300E-09  0.5380E-09  0.5150E-09  0.4670E-09  0.4320E-09
  0.1000E+17  0.1290E-27  0.4210E-21  0.5840E-16  0.3290E-12  0.1980E-10  0.1970E-09  0.3700E-09  0.4360E-09  0.4670E-09  0.4910E-09  0.4980E-09  0.4800E-09  0.4400E-09  0.4100E-09
WAVELENGTH(A)= 
   195.529
 7 14 t 
excit   
     1.400      2.090      3.490      6.980     14.000     34.900     69.800    105.000    140.000    209.000    349.000    698.000   1400.000   2090.000 
  0.1000E+11  0.1370E-27  0.3820E-21  0.4980E-16  0.2980E-12  0.2000E-10  0.1870E-09  0.3390E-09  0.3960E-09  0.4240E-09  0.4460E-09  0.4530E-09  0.4370E-09  0.4020E-09  0.3760E-09
  0.1000E+12  0.1340E-27  0.3680E-21  0.4700E-16  0.2720E-12  0.1680E-10  0.1500E-09  0.2770E-09  0.3270E-09  0.3510E-09  0.3710E-09  0.3760E-09  0.3610E-09  0.3300E-09  0.3080E-09
  0.1000E+13  0.1280E-27  0.3380E-21  0.4090E-16  0.2200E-12  0.1330E-10  0.1260E-09  0.2350E-09  0.2780E-09  0.2990E-09  0.3160E-09  0.3200E-09  0.3070E-09  0.2810E-09  0.2620E-09
  0.1000E+14  0.1260E-27  0.3270E-21  0.3830E-16  0.1920E-12  0.1120E-10  0.1100E-09  0.2100E-09  0.2490E-09  0.2680E-09  0.2830E-09  0.2870E-09  0.2730E-09  0.2480E-09  0.2290E-09
  0.1000E+15  0.1250E-27  0.3250E-21  0.3790E-16  0.1870E-12  0.1070E-10  0.1060E-09  0.2050E-09  0.2440E-09  0.2630E-09  0.2770E-09  0.2810E-09  0.2670E-09  0.2410E-09  0.2230E-09
  0.1000E+16  0.1250E-27  0.3250E-21  0.3780E-16  0.1870E-12  0.1060E-10  0.1060E-09  0.2030E-09  0.2410E-09  0.2590E-09  0.2740E-09  0.2770E-09  0.2630E-09  0.2380E-09  0.2200E-09
  0.1000E+17  0.1250E-27  0.3250E-21  0.3780E-16  0.1860E-12  0.1060E-10  0.1030E-09  0.1930E-09  0.2270E-09  0.2420E-09  0.2540E-09  0.2570E-09  0.2460E-09  0.2240E-09  0.2090E-09
WAVELENGTH(A)= 
   196.185
 7 14 t 
excit   
     1.400      2.090      3.490      6.980     14.000     34.900     69.800    105.000    140.000    209.000    349.000    698.000   1400.000   2090.000 
  0.1000E+11  0.1990E-27  0.5270E-21  0.6570E-16  0.3780E-12  0.2480E-10  0.2340E-09  0.4310E-09  0.5090E-09  0.5450E-09  0.5740E-09  0.5820E-09  0.5580E-09  0.5080E-09  0.4750E-09
  0.1000E+12  0.2090E-27  0.5430E-21  0.6600E-16  0.3690E-12  0.2300E-10  0.2140E-09  0.3970E-09  0.4700E-09  0.5040E-09  0.5310E-09  0.5390E-09  0.5160E-09  0.4690E-09  0.4370E-09
  0.1000E+13  0.2390E-27  0.5980E-21  0.6850E-16  0.3520E-12  0.2100E-10  0.1960E-09  0.3630E-09  0.4280E-09  0.4590E-09  0.4830E-09  0.4890E-09  0.4680E-09  0.4260E-09  0.3970E-09
  0.1000E+14  0.2570E-27  0.6350E-21  0.7100E-16  0.3440E-12  0.1940E-10  0.1810E-09  0.3370E-09  0.3990E-09  0.4280E-09  0.4500E-09  0.4550E-09  0.4340E-09  0.3920E-09  0.3640E-09
  0.1000E+15  0.2600E-27  0.6420E-21  0.7160E-16  0.3430E-12  0.1900E-10  0.1770E-09  0.3320E-09  0.3940E-09  0.4220E-09  0.4440E-09  0.4490E-09  0.4270E-09  0.3850E-09  0.3570E-09
  0.1000E+16  0.2600E-27  0.6430E-21  0.7160E-16  0.3430E-12  0.1900E-10  0.1760E-09  0.3290E-09  0.3890E-09  0.4170E-09  0.4380E-09  0.4430E-09  0.4210E-09  0.3800E-09  0.3530E-09
  0.1000E+17  0.2590E-27  0.6410E-21  0.7150E-16  0.3420E-12  0.1890E-10  0.1730E-09  0.3140E-09  0.3670E-09  0.3900E-09  0.4070E-09  0.4110E-09  0.3930E-09  0.3590E-09  0.3350E-09
WAVELENGTH(A)= 
   196.479
 7 14 t 
excit   
     1.400      2.090      3.490      6.980     14.000     34.900     69.800    105.000    140.000    209.000    349.000    698.000   1400.000   2090.000 
  0.1000E+11  0.1810E-28  0.7470E-22  0.1330E-16  0.9780E-13  0.7490E-11  0.1030E-09  0.2200E-09  0.2700E-09  0.2950E-09  0.3140E-09  0.3200E-09  0.3050E-09  0.2740E-09  0.2510E-09
  0.1000E+12  0.2820E-28  0.1100E-21  0.1870E-16  0.1360E-12  0.1160E-10  0.1450E-09  0.2860E-09  0.3430E-09  0.3710E-09  0.3920E-09  0.3990E-09  0.3820E-09  0.3460E-09  0.3200E-09
  0.1000E+13  0.5920E-28  0.2210E-21  0.3490E-16  0.2280E-12  0.1580E-10  0.1600E-09  0.3030E-09  0.3600E-09  0.3870E-09  0.4090E-09  0.4140E-09  0.3970E-09  0.3610E-09  0.3340E-09
  0.1000E+14  0.7630E-28  0.2860E-21  0.4450E-16  0.2750E-12  0.1720E-10  0.1640E-09  0.3060E-09  0.3630E-09  0.3890E-09  0.4100E-09  0.4150E-09  0.3970E-09  0.3610E-09  0.3340E-09
  0.1000E+15  0.7900E-28  0.2970E-21  0.4630E-16  0.2840E-12  0.1750E-10  0.1650E-09  0.3060E-09  0.3620E-09  0.3890E-09  0.4090E-09  0.4140E-09  0.3960E-09  0.3600E-09  0.3330E-09
  0.1000E+16  0.7930E-28  0.2980E-21  0.4650E-16  0.2850E-12  0.1750E-10  0.1640E-09  0.3040E-09  0.3590E-09  0.3850E-09  0.4050E-09  0.4090E-09  0.3920E-09  0.3560E-09  0.3300E-09
  0.1000E+17  0.7900E-28  0.2970E-21  0.4640E-16  0.2850E-12  0.1750E-10  0.1610E-09  0.2910E-09  0.3390E-09  0.3600E-09  0.3770E-09  0.3810E-09  0.3660E-09  0.3360E-09  0.3130E-09
WAVELENGTH(A)= 
   196.727
 7 14 t 
excit   
     1.400      2.090      3.490      6.980     14.000     34.900     69.800    105.000    140.000    209.000    349.000    698.000   1400.000   2090.000 
  0.1000E+11  0.1630E-27  0.4230E-21  0.5170E-16  0.2880E-12  0.1780E-10  0.1600E-09  0.2880E-09  0.3370E-09  0.3600E-09  0.3780E-09  0.3840E-09  0.3700E-09  0.3390E-09  0.3180E-09
  0.1000E+12  0.1580E-27  0.4020E-21  0.4800E-16  0.2590E-12  0.1500E-10  0.1280E-09  0.2340E-09  0.2760E-09  0.2960E-09  0.3120E-09  0.3160E-09  0.3030E-09  0.2770E-09  0.2580E-09
  0.1000E+13  0.1500E-27  0.3630E-21  0.4070E-16  0.2040E-12  0.1180E-10  0.1080E-09  0.2010E-09  0.2370E-09  0.2540E-09  0.2680E-09  0.2710E-09  0.2600E-09  0.2370E-09  0.2210E-09
  0.1000E+14  0.1500E-27  0.3550E-21  0.3860E-16  0.1830E-12  0.1020E-10  0.9620E-10  0.1810E-09  0.2150E-09  0.2310E-09  0.2430E-09  0.2460E-09  0.2340E-09  0.2120E-09  0.1960E-09
  0.1000E+15  0.1500E-27  0.3550E-21  0.3840E-16  0.1790E-12  0.9900E-11  0.9370E-10  0.1770E-09  0.2110E-09  0.2260E-09  0.2380E-09  0.2410E-09  0.2290E-09  0.2070E-09  0.1910E-09
  0.1000E+16  0.1500E-27  0.3550E-21  0.3830E-16  0.1790E-12  0.9850E-11  0.9300E-10  0.1750E-09  0.2080E-09  0.2230E-09  0.2350E-09  0.2370E-09  0.2260E-09  0.2040E-09  0.1890E-09
  0.1000E+17  0.1500E-27  0.3540E-21  0.3830E-16  0.1790E-12  0.9810E-11  0.9100E-10  0.1670E-09  0.1950E-09  0.2080E-09  0.2180E-09  0.2200E-09  0.2100E-09  0.1920E-09  0.1790E-09
WAVELENGTH(A)= 
   197.078
 7 14 t 
excit   
     1.400      2.090      3.490      6.980     14.000     34.900     69.800    105.000    140.000    209.000    349.000    698.000   1400.000   2090.000 
  0.1000E+11  0.2900E-27  0.7530E-21  0.9210E-16  0.5120E-12  0.3170E-10  0.2850E-09  0.5120E-09  0.6000E-09  0.6410E-09  0.6740E-09  0.6840E-09  0.6580E-09  0.6040E-09  0.5660E-09
  0.1000E+12  0.2810E-27  0.7160E-21  0.8540E-16  0.4610E-12  0.2660E-10  0.2270E-09  0.4170E-09  0.4910E-09  0.5270E-09  0.5550E-09  0.5630E-09  0.5400E-09  0.4930E-09  0.4600E-09
  0.1000E+13  0.2670E-27  0.6470E-21  0.7250E-16  0.3640E-12  0.2100E-10  0.1930E-09  0.3570E-09  0.4220E-09  0.4520E-09  0.4760E-09  0.4830E-09  0.4630E-09  0.4220E-09  0.3940E-09
  0.1000E+14  0.2670E-27  0.6320E-21  0.6870E-16  0.3250E-12  0.1820E-10  0.1710E-09  0.3220E-09  0.3820E-09  0.4110E-09  0.4330E-09  0.4370E-09  0.4170E-09  0.3770E-09  0.3490E-09
  0.1000E+15  0.2670E-27  0.6320E-21  0.6830E-16  0.3190E-12  0.1760E-10  0.1670E-09  0.3160E-09  0.3750E-09  0.4030E-09  0.4240E-09  0.4290E-09  0.4080E-09  0.3680E-09  0.3410E-09
  0.1000E+16  0.2670E-27  0.6320E-21  0.6830E-16  0.3190E-12  0.1750E-10  0.1660E-09  0.3120E-09  0.3700E-09  0.3970E-09  0.4180E-09  0.4220E-09  0.4020E-09  0.3630E-09  0.3360E-09
  0.1000E+17  0.2660E-27  0.6300E-21  0.6810E-16  0.3180E-12  0.1750E-10  0.1620E-09  0.2980E-09  0.3480E-09  0.3710E-09  0.3880E-09  0.3910E-09  0.3750E-09  0.3420E-09  0.3190E-09
WAVELENGTH(A)= 
   197.354
 7 14 t 
excit   
     1.400      2.090      3.490      6.980     14.000     34.900     69.800    105.000    140.000    209.000    349.000    698.000   1400.000   2090.000 
  0.1000E+11  0.4190E-27  0.1030E-20  0.1200E-15  0.6530E-12  0.4190E-10  0.3920E-09  0.7070E-09  0.8270E-09  0.8840E-09  0.9290E-09  0.9420E-09  0.9050E-09  0.8310E-09  0.7770E-09
  0.1000E+12  0.4170E-27  0.1000E-20  0.1140E-15  0.6020E-12  0.3550E-10  0.3090E-09  0.5680E-09  0.6700E-09  0.7180E-09  0.7560E-09  0.7660E-09  0.7340E-09  0.6690E-09  0.6230E-09
  0.1000E+13  0.4180E-27  0.9610E-21  0.1030E-15  0.4990E-12  0.2850E-10  0.2640E-09  0.4910E-09  0.5800E-09  0.6220E-09  0.6550E-09  0.6630E-09  0.6330E-09  0.5760E-09  0.5350E-09
  0.1000E+14  0.4330E-27  0.9810E-21  0.1020E-15  0.4690E-12  0.2570E-10  0.2380E-09  0.4470E-09  0.5300E-09  0.5690E-09  0.5990E-09  0.6050E-09  0.5740E-09  0.5190E-09  0.4790E-09
  0.1000E+15  0.4370E-27  0.9890E-21  0.1030E-15  0.4660E-12  0.2510E-10  0.2320E-09  0.4390E-09  0.5210E-09  0.5590E-09  0.5890E-09  0.5940E-09  0.5630E-09  0.5070E-09  0.4680E-09
  0.1000E+16  0.4370E-27  0.9890E-21  0.1030E-15  0.4650E-12  0.2500E-10  0.2310E-09  0.4340E-09  0.5140E-09  0.5510E-09  0.5800E-09  0.5850E-09  0.5550E-09  0.5010E-09  0.4620E-09
  0.1000E+17  0.4360E-27  0.9870E-21  0.1020E-15  0.4640E-12  0.2490E-10  0.2260E-09  0.4140E-09  0.4830E-09  0.5150E-09  0.5380E-09  0.5420E-09  0.5170E-09  0.4710E-09  0.4380E-09
WAVELENGTH(A)= 
   197.760
 7 14 t 
excit   
     1.400      2.090      3.490      6.980     14.000     34.900     69.800    105.000    140.000    209.000    349.000    698.000   1400.000   2090.000 
  0.1000E+11  0.2560E-27  0.6380E-21  0.7520E-16  0.4030E-12  0.2300E-10  0.1870E-09  0.3330E-09  0.3890E-09  0.4150E-09  0.4360E-09  0.4410E-09  0.4240E-09  0.3870E-09  0.3610E-09
  0.1000E+12  0.2490E-27  0.6020E-21  0.6880E-16  0.3580E-12  0.1970E-10  0.1630E-09  0.2970E-09  0.3500E-09  0.3740E-09  0.3930E-09  0.3980E-09  0.3810E-09  0.3460E-09  0.3230E-09
  0.1000E+13  0.2560E-27  0.5850E-21  0.6230E-16  0.3000E-12  0.1680E-10  0.1510E-09  0.2760E-09  0.3240E-09  0.3470E-09  0.3640E-09  0.3680E-09  0.3520E-09  0.3200E-09  0.2970E-09
  0.1000E+14  0.2720E-27  0.6110E-21  0.6340E-16  0.2900E-12  0.1590E-10  0.1430E-09  0.2630E-09  0.3090E-09  0.3310E-09  0.3470E-09  0.3500E-09  0.3330E-09  0.3010E-09  0.2790E-09
  0.1000E+15  0.2750E-27  0.6180E-21  0.6400E-16  0.2900E-12  0.1570E-10  0.1410E-09  0.2600E-09  0.3060E-09  0.3270E-09  0.3430E-09  0.3460E-09  0.3290E-09  0.2970E-09  0.2750E-09
  0.1000E+16  0.2750E-27  0.6190E-21  0.6410E-16  0.2900E-12  0.1570E-10  0.1410E-09  0.2580E-09  0.3030E-09  0.3230E-09  0.3390E-09  0.3420E-09  0.3250E-09  0.2940E-09  0.2720E-09
  0.1000E+17  0.2740E-27  0.6180E-21  0.6400E-16  0.2900E-12  0.1560E-10  0.1380E-09  0.2460E-09  0.2850E-09  0.3030E-09  0.3150E-09  0.3170E-09  0.3040E-09  0.2770E-09  0.2580E-09
WAVELENGTH(A)= 
   197.775
 7 14 t 
excit   
     1.400      2.090      3.490      6.980     14.000     34.900     69.800    105.000    140.000    209.000    349.000    698.000   1400.000   2090.000 
  0.1000E+11  0.5440E-28  0.2140E-21  0.3630E-16  0.2560E-12  0.1710E-10  0.1510E-09  0.2760E-09  0.3260E-09  0.3500E-09  0.3690E-09  0.3760E-09  0.3630E-09  0.3340E-09  0.3120E-09
  0.1000E+12  0.5340E-28  0.2050E-21  0.3390E-16  0.2330E-12  0.1480E-10  0.1330E-09  0.2490E-09  0.2960E-09  0.3190E-09  0.3370E-09  0.3430E-09  0.3310E-09  0.3030E-09  0.2820E-09
  0.1000E+13  0.5330E-28  0.1960E-21  0.3040E-16  0.1940E-12  0.1250E-10  0.1210E-09  0.2270E-09  0.2700E-09  0.2910E-09  0.3070E-09  0.3120E-09  0.3010E-09  0.2760E-09  0.2570E-09
  0.1000E+14  0.5490E-28  0.1980E-21  0.3010E-16  0.1830E-12  0.1150E-10  0.1120E-09  0.2130E-09  0.2530E-09  0.2730E-09  0.2880E-09  0.2930E-09  0.2810E-09  0.2560E-09  0.2370E-09
  0.1000E+15  0.5520E-28  0.1990E-21  0.3020E-16  0.1810E-12  0.1130E-10  0.1110E-09  0.2100E-09  0.2500E-09  0.2690E-09  0.2840E-09  0.2890E-09  0.2770E-09  0.2510E-09  0.2330E-09
  0.1000E+16  0.5520E-28  0.2000E-21  0.3020E-16  0.1810E-12  0.1130E-10  0.1100E-09  0.2080E-09  0.2470E-09  0.2660E-09  0.2810E-09  0.2850E-09  0.2730E-09  0.2490E-09  0.2310E-09
  0.1000E+17  0.5510E-28  0.1990E-21  0.3010E-16  0.1810E-12  0.1120E-10  0.1080E-09  0.1990E-09  0.2330E-09  0.2490E-09  0.2610E-09  0.2640E-09  0.2550E-09  0.2340E-09  0.2190E-09
WAVELENGTH(A)= 
   198.671
 7 14 t 
excit   
     1.400      2.090      3.490      6.980     14.000     34.900     69.800    105.000    140.000    209.000    349.000    698.000   1400.000   2090.000 
  0.1000E+11  0.2650E-27  0.6900E-21  0.8430E-16  0.4690E-12  0.2900E-10  0.2600E-09  0.4690E-09  0.5490E-09  0.5870E-09  0.6170E-09  0.6260E-09  0.6030E-09  0.5530E-09  0.5180E-09
  0.1000E+12  0.2570E-27  0.6550E-21  0.7820E-16  0.4220E-12  0.2440E-10  0.2080E-09  0.3810E-09  0.4500E-09  0.4820E-09  0.5080E-09  0.5150E-09  0.4940E-09  0.4510E-09  0.4210E-09
  0.1000E+13  0.2450E-27  0.5920E-21  0.6640E-16  0.3330E-12  0.1920E-10  0.1770E-09  0.3270E-09  0.3860E-09  0.4140E-09  0.4360E-09  0.4420E-09  0.4240E-09  0.3860E-09  0.3610E-09
  0.1000E+14  0.2440E-27  0.5790E-21  0.6290E-16  0.2980E-12  0.1670E-10  0.1570E-09  0.2950E-09  0.3500E-09  0.3760E-09  0.3960E-09  0.4000E-09  0.3810E-09  0.3450E-09  0.3200E-09
  0.1000E+15  0.2440E-27  0.5790E-21  0.6260E-16  0.2920E-12  0.1610E-10  0.1530E-09  0.2890E-09  0.3430E-09  0.3690E-09  0.3880E-09  0.3920E-09  0.3730E-09  0.3370E-09  0.3120E-09
  0.1000E+16  0.2440E-27  0.5790E-21  0.6250E-16  0.2920E-12  0.1610E-10  0.1520E-09  0.2860E-09  0.3390E-09  0.3640E-09  0.3830E-09  0.3870E-09  0.3680E-09  0.3320E-09  0.3080E-09
  0.1000E+17  0.2440E-27  0.5770E-21  0.6240E-16  0.2910E-12  0.1600E-10  0.1480E-09  0.2730E-09  0.3190E-09  0.3390E-09  0.3550E-09  0.3580E-09  0.3430E-09  0.3130E-09  0.2920E-09
WAVELENGTH(A)= 
   199.310
 7 14 t 
excit   
     1.400      2.090      3.490      6.980     14.000     34.900     69.800    105.000    140.000    209.000    349.000    698.000   1400.000   2090.000 
  0.1000E+11  0.2650E-27  0.6500E-21  0.7570E-16  0.4130E-12  0.2660E-10  0.2480E-09  0.4480E-09  0.5240E-09  0.5600E-09  0.5880E-09  0.5960E-09  0.5730E-09  0.5260E-09  0.4920E-09
  0.1000E+12  0.2640E-27  0.6350E-21  0.7240E-16  0.3820E-12  0.2250E-10  0.1960E-09  0.3600E-09  0.4240E-09  0.4550E-09  0.4790E-09  0.4850E-09  0.4650E-09  0.4240E-09  0.3940E-09
  0.1000E+13  0.2650E-27  0.6090E-21  0.6510E-16  0.3160E-12  0.1810E-10  0.1670E-09  0.3110E-09  0.3670E-09  0.3940E-09  0.4150E-09  0.4200E-09  0.4010E-09  0.3650E-09  0.3390E-09
  0.1000E+14  0.2750E-27  0.6210E-21  0.6470E-16  0.2970E-12  0.1630E-10  0.1510E-09  0.2830E-09  0.3360E-09  0.3610E-09  0.3800E-09  0.3830E-09  0.3640E-09  0.3280E-09  0.3030E-09
  0.1000E+15  0.2770E-27  0.6260E-21  0.6500E-16  0.2950E-12  0.1590E-10  0.1470E-09  0.2780E-09  0.3300E-09  0.3540E-09  0.3730E-09  0.3760E-09  0.3570E-09  0.3210E-09  0.2960E-09
  0.1000E+16  0.2770E-27  0.6270E-21  0.6500E-16  0.2950E-12  0.1580E-10  0.1460E-09  0.2750E-09  0.3260E-09  0.3490E-09  0.3670E-09  0.3710E-09  0.3520E-09  0.3170E-09  0.2930E-09
  0.1000E+17  0.2760E-27  0.6250E-21  0.6490E-16  0.2940E-12  0.1580E-10  0.1430E-09  0.2620E-09  0.3060E-09  0.3260E-09  0.3410E-09  0.3430E-09  0.3280E-09  0.2990E-09  0.2770E-09
WAVELENGTH(A)= 
   205.861
 7 14 t 
excit   
     1.400      2.090      3.490      6.980     14.000     34.900     69.800    105.000    140.000    209.000    349.000    698.000   1400.000   2090.000 
  0.1000E+11  0.8930E-27  0.1220E-20  0.8890E-16  0.3360E-12  0.1670E-10  0.1260E-09  0.2190E-09  0.2540E-09  0.2690E-09  0.2810E-09  0.2830E-09  0.2700E-09  0.2460E-09  0.2290E-09
  0.1000E+12  0.8720E-27  0.1160E-20  0.8260E-16  0.3020E-12  0.1420E-10  0.1080E-09  0.1910E-09  0.2230E-09  0.2370E-09  0.2480E-09  0.2500E-09  0.2380E-09  0.2160E-09  0.2010E-09
  0.1000E+13  0.8720E-27  0.1110E-20  0.7370E-16  0.2500E-12  0.1190E-10  0.9670E-10  0.1720E-09  0.2010E-09  0.2140E-09  0.2240E-09  0.2260E-09  0.2150E-09  0.1940E-09  0.1800E-09
  0.1000E+14  0.9030E-27  0.1130E-20  0.7320E-16  0.2350E-12  0.1090E-10  0.8940E-10  0.1610E-09  0.1880E-09  0.2010E-09  0.2100E-09  0.2100E-09  0.1990E-09  0.1790E-09  0.1660E-09
  0.1000E+15  0.9110E-27  0.1140E-20  0.7360E-16  0.2340E-12  0.1060E-10  0.8790E-10  0.1580E-09  0.1860E-09  0.1980E-09  0.2070E-09  0.2080E-09  0.1960E-09  0.1760E-09  0.1630E-09
  0.1000E+16  0.9110E-27  0.1140E-20  0.7360E-16  0.2340E-12  0.1060E-10  0.8750E-10  0.1570E-09  0.1840E-09  0.1950E-09  0.2040E-09  0.2050E-09  0.1940E-09  0.1740E-09  0.1610E-09
  0.1000E+17  0.9080E-27  0.1140E-20  0.7350E-16  0.2330E-12  0.1060E-10  0.8560E-10  0.1500E-09  0.1730E-09  0.1830E-09  0.1900E-09  0.1900E-09  0.1810E-09  0.1640E-09  0.1530E-09
WAVELENGTH(A)= 
   208.007
 7 14 t 
excit   
     1.400      2.090      3.490      6.980     14.000     34.900     69.800    105.000    140.000    209.000    349.000    698.000   1400.000   2090.000 
  0.1000E+11  0.9900E-27  0.1320E-20  0.9440E-16  0.3510E-12  0.1810E-10  0.1510E-09  0.2640E-09  0.3070E-09  0.3260E-09  0.3410E-09  0.3440E-09  0.3290E-09  0.3010E-09  0.2810E-09
  0.1000E+12  0.9730E-27  0.1270E-20  0.8880E-16  0.3200E-12  0.1540E-10  0.1200E-09  0.2120E-09  0.2480E-09  0.2650E-09  0.2770E-09  0.2800E-09  0.2660E-09  0.2420E-09  0.2250E-09
  0.1000E+13  0.9370E-27  0.1160E-20  0.7630E-16  0.2560E-12  0.1210E-10  0.1010E-09  0.1810E-09  0.2130E-09  0.2270E-09  0.2380E-09  0.2400E-09  0.2280E-09  0.2060E-09  0.1920E-09
  0.1000E+14  0.9370E-27  0.1140E-20  0.7250E-16  0.2300E-12  0.1060E-10  0.8930E-10  0.1640E-09  0.1930E-09  0.2060E-09  0.2160E-09  0.2170E-09  0.2050E-09  0.1840E-09  0.1700E-09
  0.1000E+15  0.9390E-27  0.1140E-20  0.7220E-16  0.2260E-12  0.1020E-10  0.8700E-10  0.1600E-09  0.1890E-09  0.2020E-09  0.2120E-09  0.2130E-09  0.2000E-09  0.1800E-09  0.1650E-09
  0.1000E+16  0.9390E-27  0.1140E-20  0.7210E-16  0.2250E-12  0.1010E-10  0.8630E-10  0.1580E-09  0.1860E-09  0.1990E-09  0.2080E-09  0.2090E-09  0.1970E-09  0.1770E-09  0.1630E-09
  0.1000E+17  0.9360E-27  0.1140E-20  0.7190E-16  0.2250E-12  0.1010E-10  0.8440E-10  0.1510E-09  0.1750E-09  0.1860E-09  0.1930E-09  0.1940E-09  0.1840E-09  0.1670E-09  0.1550E-09
WAVELENGTH(A)= 
   209.414
 7 14 t 
excit   
     1.400      2.090      3.490      6.980     14.000     34.900     69.800    105.000    140.000    209.000    349.000    698.000   1400.000   2090.000 
  0.1000E+11  0.9440E-27  0.1130E-20  0.7500E-16  0.2650E-12  0.1350E-10  0.1120E-09  0.1960E-09  0.2270E-09  0.2410E-09  0.2520E-09  0.2540E-09  0.2420E-09  0.2210E-09  0.2060E-09
  0.1000E+12  0.9340E-27  0.1100E-20  0.7110E-16  0.2430E-12  0.1150E-10  0.8820E-10  0.1570E-09  0.1830E-09  0.1950E-09  0.2050E-09  0.2060E-09  0.1960E-09  0.1780E-09  0.1650E-09
  0.1000E+13  0.9190E-27  0.1030E-20  0.6250E-16  0.1980E-12  0.9130E-11  0.7490E-10  0.1350E-09  0.1580E-09  0.1680E-09  0.1770E-09  0.1770E-09  0.1680E-09  0.1520E-09  0.1410E-09
  0.1000E+14  0.9360E-27  0.1030E-20  0.6080E-16  0.1820E-12  0.8100E-11  0.6700E-10  0.1230E-09  0.1440E-09  0.1540E-09  0.1610E-09  0.1610E-09  0.1520E-09  0.1360E-09  0.1260E-09
  0.1000E+15  0.9410E-27  0.1040E-20  0.6080E-16  0.1800E-12  0.7860E-11  0.6540E-10  0.1200E-09  0.1410E-09  0.1510E-09  0.1580E-09  0.1580E-09  0.1490E-09  0.1330E-09  0.1230E-09
  0.1000E+16  0.9410E-27  0.1040E-20  0.6080E-16  0.1790E-12  0.7830E-11  0.6490E-10  0.1190E-09  0.1390E-09  0.1490E-09  0.1560E-09  0.1560E-09  0.1470E-09  0.1320E-09  0.1210E-09
  0.1000E+17  0.9370E-27  0.1030E-20  0.6060E-16  0.1790E-12  0.7790E-11  0.6340E-10  0.1130E-09  0.1310E-09  0.1390E-09  0.1440E-09  0.1440E-09  0.1370E-09  0.1240E-09  0.1150E-09
WAVELENGTH(A)= 
   231.771
 7 14 t 
excit   
     1.400      2.090      3.490      6.980     14.000     34.900     69.800    105.000    140.000    209.000    349.000    698.000   1400.000   2090.000 
  0.1000E+11  0.1270E-28  0.6380E-22  0.1310E-16  0.1070E-12  0.8430E-11  0.9320E-10  0.1770E-09  0.2120E-09  0.2290E-09  0.2420E-09  0.2480E-09  0.2410E-09  0.2230E-09  0.2090E-09
  0.1000E+12  0.1300E-28  0.6390E-22  0.1280E-16  0.1010E-12  0.7310E-11  0.7280E-10  0.1390E-09  0.1670E-09  0.1810E-09  0.1920E-09  0.1970E-09  0.1900E-09  0.1750E-09  0.1630E-09
  0.1000E+13  0.1390E-28  0.6430E-22  0.1200E-16  0.8690E-13  0.6010E-11  0.6300E-10  0.1220E-09  0.1470E-09  0.1590E-09  0.1690E-09  0.1720E-09  0.1660E-09  0.1520E-09  0.1420E-09
  0.1000E+14  0.1520E-28  0.6900E-22  0.1260E-16  0.8730E-13  0.5780E-11  0.5870E-10  0.1140E-09  0.1380E-09  0.1490E-09  0.1580E-09  0.1600E-09  0.1540E-09  0.1400E-09  0.1290E-09
  0.1000E+15  0.1540E-28  0.7030E-22  0.1280E-16  0.8830E-13  0.5750E-11  0.5780E-10  0.1130E-09  0.1360E-09  0.1470E-09  0.1550E-09  0.1580E-09  0.1510E-09  0.1370E-09  0.1270E-09
  0.1000E+16  0.1540E-28  0.7040E-22  0.1280E-16  0.8850E-13  0.5750E-11  0.5740E-10  0.1110E-09  0.1340E-09  0.1440E-09  0.1530E-09  0.1550E-09  0.1490E-09  0.1350E-09  0.1250E-09
  0.1000E+17  0.1540E-28  0.7020E-22  0.1280E-16  0.8830E-13  0.5720E-11  0.5610E-10  0.1060E-09  0.1250E-09  0.1350E-09  0.1410E-09  0.1440E-09  0.1390E-09  0.1270E-09  0.1190E-09
WAVELENGTH(A)= 
   242.237
 7 14 t 
excit   
     1.400      2.090      3.490      6.980     14.000     34.900     69.800    105.000    140.000    209.000    349.000    698.000   1400.000   2090.000 
  0.1000E+11  0.5620E-24  0.9990E-19  0.1430E-14  0.1590E-11  0.4640E-10  0.2840E-09  0.4480E-09  0.5010E-09  0.5230E-09  0.5340E-09  0.5270E-09  0.4910E-09  0.4410E-09  0.4080E-09
  0.1000E+12  0.5580E-24  0.9750E-19  0.1360E-14  0.1470E-11  0.3960E-10  0.2210E-09  0.3520E-09  0.3960E-09  0.4150E-09  0.4250E-09  0.4190E-09  0.3890E-09  0.3470E-09  0.3200E-09
  0.1000E+13  0.5280E-24  0.8790E-19  0.1160E-14  0.1170E-11  0.3060E-10  0.1800E-09  0.2920E-09  0.3290E-09  0.3450E-09  0.3530E-09  0.3480E-09  0.3220E-09  0.2880E-09  0.2650E-09
  0.1000E+14  0.5160E-24  0.8400E-19  0.1070E-14  0.1020E-11  0.2570E-10  0.1550E-09  0.2560E-09  0.2910E-09  0.3050E-09  0.3130E-09  0.3080E-09  0.2830E-09  0.2500E-09  0.2280E-09
  0.1000E+15  0.5140E-24  0.8350E-19  0.1060E-14  0.9900E-12  0.2450E-10  0.1500E-09  0.2490E-09  0.2830E-09  0.2980E-09  0.3050E-09  0.3000E-09  0.2760E-09  0.2430E-09  0.2210E-09
  0.1000E+16  0.5140E-24  0.8340E-19  0.1060E-14  0.9870E-12  0.2440E-10  0.1480E-09  0.2460E-09  0.2790E-09  0.2930E-09  0.3000E-09  0.2950E-09  0.2710E-09  0.2390E-09  0.2180E-09
  0.1000E+17  0.5110E-24  0.8300E-19  0.1050E-14  0.9840E-12  0.2420E-10  0.1450E-09  0.2340E-09  0.2620E-09  0.2730E-09  0.2780E-09  0.2730E-09  0.2530E-09  0.2250E-09  0.2070E-09
WAVELENGTH(A)= 
   243.523
 7 14 t 
excit   
     1.400      2.090      3.490      6.980     14.000     34.900     69.800    105.000    140.000    209.000    349.000    698.000   1400.000   2090.000 
  0.1000E+11  0.7500E-24  0.1130E-18  0.1390E-14  0.1390E-11  0.3500E-10  0.1840E-09  0.2860E-09  0.3190E-09  0.3330E-09  0.3390E-09  0.3330E-09  0.3090E-09  0.2740E-09  0.2520E-09
  0.1000E+12  0.7390E-24  0.1080E-18  0.1300E-14  0.1270E-11  0.3120E-10  0.1660E-09  0.2620E-09  0.2930E-09  0.3060E-09  0.3120E-09  0.3060E-09  0.2840E-09  0.2510E-09  0.2300E-09
  0.1000E+13  0.7570E-24  0.1050E-18  0.1180E-14  0.1080E-11  0.2680E-10  0.1490E-09  0.2340E-09  0.2620E-09  0.2730E-09  0.2790E-09  0.2730E-09  0.2530E-09  0.2250E-09  0.2060E-09
  0.1000E+14  0.7680E-24  0.1040E-18  0.1140E-14  0.9760E-12  0.2350E-10  0.1340E-09  0.2150E-09  0.2410E-09  0.2520E-09  0.2570E-09  0.2510E-09  0.2320E-09  0.2040E-09  0.1860E-09
  0.1000E+15  0.7690E-24  0.1040E-18  0.1130E-14  0.9550E-12  0.2270E-10  0.1310E-09  0.2110E-09  0.2370E-09  0.2480E-09  0.2520E-09  0.2470E-09  0.2270E-09  0.2000E-09  0.1820E-09
  0.1000E+16  0.7690E-24  0.1040E-18  0.1130E-14  0.9520E-12  0.2260E-10  0.1310E-09  0.2090E-09  0.2340E-09  0.2440E-09  0.2490E-09  0.2440E-09  0.2250E-09  0.1970E-09  0.1800E-09
  0.1000E+17  0.7640E-24  0.1040E-18  0.1130E-14  0.9490E-12  0.2250E-10  0.1280E-09  0.2000E-09  0.2210E-09  0.2290E-09  0.2320E-09  0.2260E-09  0.2100E-09  0.1860E-09  0.1710E-09
WAVELENGTH(A)= 
   243.870
 7 14 t 
excit   
     1.400      2.090      3.490      6.980     14.000     34.900     69.800    105.000    140.000    209.000    349.000    698.000   1400.000   2090.000 
  0.1000E+11  0.5830E-24  0.8060E-19  0.9550E-15  0.9470E-12  0.2630E-10  0.1490E-09  0.2330E-09  0.2600E-09  0.2710E-09  0.2760E-09  0.2710E-09  0.2500E-09  0.2230E-09  0.2050E-09
  0.1000E+12  0.5700E-24  0.7770E-19  0.9010E-15  0.8640E-12  0.2210E-10  0.1200E-09  0.1930E-09  0.2170E-09  0.2270E-09  0.2320E-09  0.2280E-09  0.2100E-09  0.1850E-09  0.1700E-09
  0.1000E+13  0.5420E-24  0.7130E-19  0.7830E-15  0.6970E-12  0.1750E-10  0.1010E-09  0.1650E-09  0.1850E-09  0.1940E-09  0.1980E-09  0.1940E-09  0.1790E-09  0.1580E-09  0.1450E-09
  0.1000E+14  0.5310E-24  0.6870E-19  0.7310E-15  0.6080E-12  0.1470E-10  0.8790E-10  0.1460E-09  0.1660E-09  0.1740E-09  0.1770E-09  0.1740E-09  0.1590E-09  0.1390E-09  0.1260E-09
  0.1000E+15  0.5290E-24  0.6830E-19  0.7230E-15  0.5910E-12  0.1400E-10  0.8520E-10  0.1430E-09  0.1620E-09  0.1700E-09  0.1740E-09  0.1700E-09  0.1550E-09  0.1350E-09  0.1230E-09
  0.1000E+16  0.5290E-24  0.6820E-19  0.7220E-15  0.5890E-12  0.1390E-10  0.8470E-10  0.1420E-09  0.1600E-09  0.1680E-09  0.1710E-09  0.1680E-09  0.1530E-09  0.1340E-09  0.1220E-09
  0.1000E+17  0.5270E-24  0.6800E-19  0.7200E-15  0.5870E-12  0.1390E-10  0.8300E-10  0.1350E-09  0.1510E-09  0.1570E-09  0.1600E-09  0.1560E-09  0.1430E-09  0.1260E-09  0.1160E-09
WAVELENGTH(A)= 
   244.741
 7 14 t 
excit   
     1.400      2.090      3.490      6.980     14.000     34.900     69.800    105.000    140.000    209.000    349.000    698.000   1400.000   2090.000 
  0.1000E+11  0.7410E-25  0.1560E-19  0.2570E-15  0.3220E-12  0.1070E-10  0.9190E-10  0.1670E-09  0.1940E-09  0.2050E-09  0.2110E-09  0.2090E-09  0.1920E-09  0.1670E-09  0.1510E-09
  0.1000E+12  0.1140E-24  0.2300E-19  0.3640E-15  0.4510E-12  0.1630E-10  0.1230E-09  0.2050E-09  0.2330E-09  0.2450E-09  0.2500E-09  0.2470E-09  0.2280E-09  0.2010E-09  0.1840E-09
  0.1000E+13  0.2170E-24  0.4200E-19  0.6250E-15  0.7030E-12  0.2060E-10  0.1260E-09  0.2030E-09  0.2290E-09  0.2390E-09  0.2440E-09  0.2400E-09  0.2220E-09  0.1970E-09  0.1810E-09
  0.1000E+14  0.2580E-24  0.4960E-19  0.7230E-15  0.7600E-12  0.2010E-10  0.1200E-09  0.1940E-09  0.2190E-09  0.2290E-09  0.2330E-09  0.2290E-09  0.2120E-09  0.1870E-09  0.1710E-09
  0.1000E+15  0.2630E-24  0.5060E-19  0.7350E-15  0.7610E-12  0.1980E-10  0.1190E-09  0.1920E-09  0.2160E-09  0.2260E-09  0.2310E-09  0.2270E-09  0.2090E-09  0.1850E-09  0.1690E-09
  0.1000E+16  0.2640E-24  0.5070E-19  0.7360E-15  0.7610E-12  0.1980E-10  0.1180E-09  0.1910E-09  0.2140E-09  0.2240E-09  0.2280E-09  0.2240E-09  0.2070E-09  0.1830E-09  0.1670E-09
  0.1000E+17  0.2620E-24  0.5050E-19  0.7330E-15  0.7580E-12  0.1970E-10  0.1160E-09  0.1820E-09  0.2020E-09  0.2090E-09  0.2120E-09  0.2080E-09  0.1930E-09  0.1720E-09  0.1590E-09
WAVELENGTH(A)= 
   245.854
 7 14 t 
excit   
     1.400      2.090      3.490      6.980     14.000     34.900     69.800    105.000    140.000    209.000    349.000    698.000   1400.000   2090.000 
  0.1000E+11  0.1860E-23  0.2780E-18  0.3430E-14  0.3420E-11  0.9420E-10  0.5670E-09  0.8870E-09  0.9900E-09  0.1030E-08  0.1050E-08  0.1040E-08  0.9620E-09  0.8670E-09  0.7970E-09
  0.1000E+12  0.1840E-23  0.2700E-18  0.3270E-14  0.3160E-11  0.8010E-10  0.4310E-09  0.6780E-09  0.7610E-09  0.7950E-09  0.8130E-09  0.8000E-09  0.7400E-09  0.6630E-09  0.6070E-09
  0.1000E+13  0.1700E-23  0.2370E-18  0.2710E-14  0.2440E-11  0.6020E-10  0.3450E-09  0.5520E-09  0.6210E-09  0.6490E-09  0.6650E-09  0.6540E-09  0.6040E-09  0.5400E-09  0.4940E-09
  0.1000E+14  0.1640E-23  0.2240E-18  0.2470E-14  0.2110E-11  0.5020E-10  0.2930E-09  0.4800E-09  0.5440E-09  0.5700E-09  0.5840E-09  0.5730E-09  0.5260E-09  0.4650E-09  0.4220E-09
  0.1000E+15  0.1630E-23  0.2220E-18  0.2430E-14  0.2050E-11  0.4780E-10  0.2830E-09  0.4670E-09  0.5300E-09  0.5560E-09  0.5690E-09  0.5580E-09  0.5110E-09  0.4510E-09  0.4080E-09
  0.1000E+16  0.1630E-23  0.2220E-18  0.2430E-14  0.2040E-11  0.4750E-10  0.2800E-09  0.4610E-09  0.5220E-09  0.5470E-09  0.5600E-09  0.5480E-09  0.5030E-09  0.4440E-09  0.4030E-09
  0.1000E+17  0.1620E-23  0.2210E-18  0.2420E-14  0.2030E-11  0.4720E-10  0.2730E-09  0.4380E-09  0.4890E-09  0.5090E-09  0.5180E-09  0.5080E-09  0.4680E-09  0.4180E-09  0.3820E-09
WAVELENGTH(A)= 
   247.128
 7 14 t 
excit   
     1.400      2.090      3.490      6.980     14.000     34.900     69.800    105.000    140.000    209.000    349.000    698.000   1400.000   2090.000 
  0.1000E+11  0.2360E-24  0.4610E-19  0.7020E-15  0.8100E-12  0.2160E-10  0.1110E-09  0.1740E-09  0.1950E-09  0.2040E-09  0.2080E-09  0.2040E-09  0.1890E-09  0.1660E-09  0.1520E-09
  0.1000E+12  0.2380E-24  0.4570E-19  0.6810E-15  0.7660E-12  0.1990E-10  0.1080E-09  0.1730E-09  0.1950E-09  0.2030E-09  0.2080E-09  0.2050E-09  0.1890E-09  0.1670E-09  0.1530E-09
  0.1000E+13  0.2400E-24  0.4450E-19  0.6310E-15  0.6680E-12  0.1760E-10  0.1010E-09  0.1600E-09  0.1800E-09  0.1880E-09  0.1920E-09  0.1890E-09  0.1750E-09  0.1550E-09  0.1420E-09
  0.1000E+14  0.2420E-24  0.4410E-19  0.6120E-15  0.6200E-12  0.1600E-10  0.9290E-10  0.1490E-09  0.1680E-09  0.1760E-09  0.1790E-09  0.1760E-09  0.1630E-09  0.1430E-09  0.1310E-09
  0.1000E+15  0.2420E-24  0.4410E-19  0.6090E-15  0.6110E-12  0.1560E-10  0.9120E-10  0.1470E-09  0.1660E-09  0.1730E-09  0.1770E-09  0.1740E-09  0.1600E-09  0.1410E-09  0.1290E-09
  0.1000E+16  0.2420E-24  0.4410E-19  0.6090E-15  0.6100E-12  0.1550E-10  0.9070E-10  0.1460E-09  0.1640E-09  0.1710E-09  0.1750E-09  0.1710E-09  0.1580E-09  0.1400E-09  0.1280E-09
  0.1000E+17  0.2400E-24  0.4390E-19  0.6060E-15  0.6080E-12  0.1540E-10  0.8880E-10  0.1390E-09  0.1540E-09  0.1600E-09  0.1620E-09  0.1590E-09  0.1480E-09  0.1320E-09  0.1210E-09
WAVELENGTH(A)= 
   247.131
 7 14 t 
excit   
     1.400      2.090      3.490      6.980     14.000     34.900     69.800    105.000    140.000    209.000    349.000    698.000   1400.000   2090.000 
  0.1000E+11  0.1240E-23  0.1480E-18  0.1540E-14  0.1380E-11  0.3610E-10  0.1990E-09  0.3050E-09  0.3380E-09  0.3520E-09  0.3580E-09  0.3510E-09  0.3250E-09  0.2900E-09  0.2680E-09
  0.1000E+12  0.1220E-23  0.1430E-18  0.1460E-14  0.1260E-11  0.3030E-10  0.1570E-09  0.2450E-09  0.2740E-09  0.2860E-09  0.2920E-09  0.2860E-09  0.2640E-09  0.2340E-09  0.2150E-09
  0.1000E+13  0.1150E-23  0.1300E-18  0.1250E-14  0.1000E-11  0.2360E-10  0.1300E-09  0.2050E-09  0.2300E-09  0.2400E-09  0.2450E-09  0.2400E-09  0.2220E-09  0.1960E-09  0.1800E-09
  0.1000E+14  0.1120E-23  0.1240E-18  0.1160E-14  0.8750E-12  0.1980E-10  0.1120E-09  0.1810E-09  0.2040E-09  0.2140E-09  0.2180E-09  0.2130E-09  0.1960E-09  0.1720E-09  0.1570E-09
  0.1000E+15  0.1120E-23  0.1230E-18  0.1140E-14  0.8500E-12  0.1890E-10  0.1090E-09  0.1770E-09  0.2000E-09  0.2090E-09  0.2140E-09  0.2080E-09  0.1910E-09  0.1670E-09  0.1520E-09
  0.1000E+16  0.1120E-23  0.1230E-18  0.1140E-14  0.8470E-12  0.1880E-10  0.1080E-09  0.1750E-09  0.1970E-09  0.2060E-09  0.2100E-09  0.2050E-09  0.1880E-09  0.1650E-09  0.1500E-09
  0.1000E+17  0.1110E-23  0.1230E-18  0.1140E-14  0.8440E-12  0.1870E-10  0.1050E-09  0.1670E-09  0.1850E-09  0.1930E-09  0.1950E-09  0.1900E-09  0.1750E-09  0.1550E-09  0.1420E-09
WAVELENGTH(A)= 
   264.273
 7 14 t 
excit   
     1.400      2.090      3.490      6.980     14.000     34.900     69.800    105.000    140.000    209.000    349.000    698.000   1400.000   2090.000 
  0.1000E+11  0.6700E-23  0.4300E-18  0.2710E-14  0.1650E-11  0.3520E-10  0.1780E-09  0.2670E-09  0.2940E-09  0.3030E-09  0.3070E-09  0.2990E-09  0.2750E-09  0.2450E-09  0.2250E-09
  0.1000E+12  0.6620E-23  0.4170E-18  0.2570E-14  0.1510E-11  0.2980E-10  0.1380E-09  0.2090E-09  0.2310E-09  0.2400E-09  0.2430E-09  0.2370E-09  0.2170E-09  0.1920E-09  0.1760E-09
  0.1000E+13  0.6270E-23  0.3760E-18  0.2180E-14  0.1200E-11  0.2300E-10  0.1140E-09  0.1740E-09  0.1930E-09  0.2000E-09  0.2030E-09  0.1980E-09  0.1810E-09  0.1600E-09  0.1460E-09
  0.1000E+14  0.6200E-23  0.3640E-18  0.2040E-14  0.1060E-11  0.1960E-10  0.9850E-10  0.1540E-09  0.1720E-09  0.1780E-09  0.1810E-09  0.1760E-09  0.1600E-09  0.1400E-09  0.1270E-09
  0.1000E+15  0.6190E-23  0.3630E-18  0.2030E-14  0.1030E-11  0.1880E-10  0.9540E-10  0.1500E-09  0.1680E-09  0.1740E-09  0.1770E-09  0.1720E-09  0.1560E-09  0.1360E-09  0.1230E-09
  0.1000E+16  0.6190E-23  0.3620E-18  0.2030E-14  0.1030E-11  0.1870E-10  0.9460E-10  0.1490E-09  0.1650E-09  0.1720E-09  0.1740E-09  0.1690E-09  0.1540E-09  0.1340E-09  0.1220E-09
  0.1000E+17  0.6140E-23  0.3600E-18  0.2010E-14  0.1030E-11  0.1860E-10  0.9240E-10  0.1410E-09  0.1550E-09  0.1600E-09  0.1610E-09  0.1570E-09  0.1430E-09  0.1260E-09  0.1160E-09
WAVELENGTH(A)= 
  1010.650
 7 14 t 
excit   
     1.400      2.090      3.490      6.980     14.000     34.900     69.800    105.000    140.000    209.000    349.000    698.000   1400.000   2090.000 
  0.1000E+11  0.2390E-12  0.3370E-11  0.2530E-10  0.9870E-10  0.1710E-09  0.2820E-09  0.3780E-09  0.4140E-09  0.4290E-09  0.4370E-09  0.4320E-09  0.4060E-09  0.3660E-09  0.3390E-09
  0.1000E+12  0.2150E-12  0.3020E-11  0.2250E-10  0.8640E-10  0.1440E-09  0.2390E-09  0.3220E-09  0.3520E-09  0.3650E-09  0.3730E-09  0.3700E-09  0.3510E-09  0.3200E-09  0.2990E-09
  0.1000E+13  0.1130E-12  0.1640E-11  0.1260E-10  0.4990E-10  0.8710E-10  0.1320E-09  0.1560E-09  0.1630E-09  0.1660E-09  0.1680E-09  0.1680E-09  0.1660E-09  0.1600E-09  0.1550E-09
  0.1000E+14  0.2020E-13  0.3140E-12  0.2620E-11  0.1150E-10  0.2090E-10  0.2460E-10  0.2530E-10  0.2560E-10  0.2570E-10  0.2580E-10  0.2600E-10  0.2630E-10  0.2650E-10  0.2650E-10
  0.1000E+15  0.2200E-14  0.3460E-13  0.2950E-12  0.1330E-11  0.2440E-11  0.2690E-11  0.2690E-11  0.2700E-11  0.2710E-11  0.2720E-11  0.2750E-11  0.2790E-11  0.2820E-11  0.2850E-11
  0.1000E+16  0.2210E-15  0.3500E-14  0.2990E-13  0.1360E-12  0.2480E-12  0.2700E-12  0.2690E-12  0.2690E-12  0.2700E-12  0.2710E-12  0.2730E-12  0.2770E-12  0.2820E-12  0.2840E-12
  0.1000E+17  0.2220E-16  0.3500E-15  0.2990E-14  0.1360E-13  0.2480E-13  0.2650E-13  0.2570E-13  0.2540E-13  0.2530E-13  0.2520E-13  0.2540E-13  0.2590E-13  0.2660E-13  0.2700E-13
WAVELENGTH(A)= 
  1034.290
 7 14 t 
excit   
     1.400      2.090      3.490      6.980     14.000     34.900     69.800    105.000    140.000    209.000    349.000    698.000   1400.000   2090.000 
  0.1000E+11  0.2140E-12  0.2840E-11  0.2030E-10  0.7670E-10  0.1360E-09  0.2170E-09  0.2770E-09  0.2990E-09  0.3070E-09  0.3090E-09  0.3030E-09  0.2810E-09  0.2510E-09  0.2310E-09
  0.1000E+12  0.1920E-12  0.2550E-11  0.1810E-10  0.6740E-10  0.1130E-09  0.1810E-09  0.2390E-09  0.2600E-09  0.2680E-09  0.2730E-09  0.2690E-09  0.2550E-09  0.2320E-09  0.2160E-09
  0.1000E+13  0.9680E-13  0.1330E-11  0.9730E-11  0.3740E-10  0.6450E-10  0.9530E-10  0.1110E-09  0.1150E-09  0.1170E-09  0.1180E-09  0.1180E-09  0.1160E-09  0.1120E-09  0.1090E-09
  0.1000E+14  0.1670E-13  0.2430E-12  0.1930E-11  0.8170E-11  0.1460E-10  0.1700E-10  0.1740E-10  0.1760E-10  0.1760E-10  0.1770E-10  0.1780E-10  0.1800E-10  0.1810E-10  0.1810E-10
  0.1000E+15  0.1800E-14  0.2660E-13  0.2150E-12  0.9340E-12  0.1670E-11  0.1840E-11  0.1850E-11  0.1850E-11  0.1850E-11  0.1860E-11  0.1870E-11  0.1900E-11  0.1920E-11  0.1940E-11
  0.1000E+16  0.1820E-15  0.2690E-14  0.2180E-13  0.9480E-13  0.1700E-12  0.1850E-12  0.1840E-12  0.1840E-12  0.1840E-12  0.1850E-12  0.1860E-12  0.1890E-12  0.1920E-12  0.1940E-12
  0.1000E+17  0.1820E-16  0.2690E-15  0.2180E-14  0.9490E-14  0.1700E-13  0.1820E-13  0.1770E-13  0.1740E-13  0.1730E-13  0.1720E-13  0.1730E-13  0.1760E-13  0.1810E-13  0.1840E-13
WAVELENGTH(A)= 
  1044.040
 7 14 t 
excit   
     1.400      2.090      3.490      6.980     14.000     34.900     69.800    105.000    140.000    209.000    349.000    698.000   1400.000   2090.000 
  0.1000E+11  0.3030E-12  0.4020E-11  0.2880E-10  0.1090E-09  0.1930E-09  0.3080E-09  0.3930E-09  0.4230E-09  0.4340E-09  0.4380E-09  0.4290E-09  0.3980E-09  0.3550E-09  0.3280E-09
  0.1000E+12  0.2720E-12  0.3610E-11  0.2570E-10  0.9550E-10  0.1600E-09  0.2570E-09  0.3390E-09  0.3680E-09  0.3800E-09  0.3860E-09  0.3820E-09  0.3610E-09  0.3290E-09  0.3070E-09
  0.1000E+13  0.1370E-12  0.1880E-11  0.1380E-10  0.5300E-10  0.9140E-10  0.1350E-09  0.1570E-09  0.1630E-09  0.1650E-09  0.1670E-09  0.1670E-09  0.1640E-09  0.1590E-09  0.1540E-09
  0.1000E+14  0.2370E-13  0.3440E-12  0.2730E-11  0.1160E-10  0.2070E-10  0.2410E-10  0.2470E-10  0.2490E-10  0.2500E-10  0.2510E-10  0.2530E-10  0.2550E-10  0.2560E-10  0.2570E-10
  0.1000E+15  0.2560E-14  0.3770E-13  0.3050E-12  0.1320E-11  0.2370E-11  0.2610E-11  0.2620E-11  0.2620E-11  0.2630E-11  0.2640E-11  0.2660E-11  0.2690E-11  0.2730E-11  0.2750E-11
  0.1000E+16  0.2580E-15  0.3800E-14  0.3080E-13  0.1340E-12  0.2400E-12  0.2620E-12  0.2610E-12  0.2610E-12  0.2610E-12  0.2620E-12  0.2640E-12  0.2670E-12  0.2720E-12  0.2740E-12
  0.1000E+17  0.2580E-16  0.3810E-15  0.3090E-14  0.1350E-13  0.2400E-13  0.2580E-13  0.2500E-13  0.2460E-13  0.2450E-13  0.2440E-13  0.2450E-13  0.2500E-13  0.2560E-13  0.2610E-13
WAVELENGTH(A)= 
  1064.130
 7 14 t 
excit   
     1.400      2.090      3.490      6.980     14.000     34.900     69.800    105.000    140.000    209.000    349.000    698.000   1400.000   2090.000 
  0.1000E+11  0.4520E-12  0.6390E-11  0.4800E-10  0.1870E-09  0.3240E-09  0.5330E-09  0.7150E-09  0.7830E-09  0.8120E-09  0.8270E-09  0.8170E-09  0.7680E-09  0.6930E-09  0.6420E-09
  0.1000E+12  0.4070E-12  0.5710E-11  0.4260E-10  0.1630E-09  0.2720E-09  0.4520E-09  0.6100E-09  0.6670E-09  0.6920E-09  0.7060E-09  0.7000E-09  0.6640E-09  0.6060E-09  0.5660E-09
  0.1000E+13  0.2140E-12  0.3110E-11  0.2390E-10  0.9450E-10  0.1650E-09  0.2500E-09  0.2950E-09  0.3090E-09  0.3140E-09  0.3180E-09  0.3190E-09  0.3140E-09  0.3020E-09  0.2930E-09
  0.1000E+14  0.3820E-13  0.5940E-12  0.4950E-11  0.2170E-10  0.3950E-10  0.4650E-10  0.4790E-10  0.4840E-10  0.4870E-10  0.4890E-10  0.4930E-10  0.4980E-10  0.5010E-10  0.5020E-10
  0.1000E+15  0.4160E-14  0.6550E-13  0.5590E-12  0.2530E-11  0.4620E-11  0.5090E-11  0.5100E-11  0.5120E-11  0.5140E-11  0.5160E-11  0.5200E-11  0.5270E-11  0.5350E-11  0.5390E-11
  0.1000E+16  0.4190E-15  0.6620E-14  0.5660E-13  0.2570E-12  0.4700E-12  0.5120E-12  0.5090E-12  0.5100E-12  0.5110E-12  0.5120E-12  0.5170E-12  0.5250E-12  0.5330E-12  0.5380E-12
  0.1000E+17  0.4200E-16  0.6630E-15  0.5670E-14  0.2570E-13  0.4700E-13  0.5020E-13  0.4870E-13  0.4810E-13  0.4790E-13  0.4770E-13  0.4800E-13  0.4900E-13  0.5030E-13  0.5110E-13
WAVELENGTH(A)= 
  1220.970
 7 14 t 
excit   
     1.400      2.090      3.490      6.980     14.000     34.900     69.800    105.000    140.000    209.000    349.000    698.000   1400.000   2090.000 
  0.1000E+11  0.9000E-14  0.1680E-12  0.1590E-11  0.7790E-11  0.2610E-10  0.1280E-09  0.2270E-09  0.2650E-09  0.2820E-09  0.2930E-09  0.2920E-09  0.2730E-09  0.2400E-09  0.2190E-09
  0.1000E+12  0.3330E-13  0.6080E-12  0.5610E-11  0.2680E-10  0.7720E-10  0.2130E-09  0.3070E-09  0.3400E-09  0.3540E-09  0.3630E-09  0.3610E-09  0.3420E-09  0.3110E-09  0.2890E-09
  0.1000E+13  0.4620E-13  0.9130E-12  0.8940E-11  0.4300E-10  0.8920E-10  0.1450E-09  0.1720E-09  0.1810E-09  0.1840E-09  0.1870E-09  0.1870E-09  0.1840E-09  0.1770E-09  0.1710E-09
  0.1000E+14  0.1000E-13  0.2170E-12  0.2350E-11  0.1250E-10  0.2470E-10  0.2950E-10  0.3030E-10  0.3050E-10  0.3070E-10  0.3090E-10  0.3120E-10  0.3160E-10  0.3180E-10  0.3200E-10
  0.1000E+15  0.1110E-14  0.2450E-13  0.2720E-12  0.1490E-11  0.2950E-11  0.3290E-11  0.3270E-11  0.3270E-11  0.3280E-11  0.3290E-11  0.3330E-11  0.3390E-11  0.3450E-11  0.3490E-11
  0.1000E+16  0.1130E-15  0.2480E-14  0.2760E-13  0.1520E-12  0.3010E-12  0.3310E-12  0.3270E-12  0.3260E-12  0.3270E-12  0.3280E-12  0.3320E-12  0.3380E-12  0.3450E-12  0.3490E-12
  0.1000E+17  0.1130E-16  0.2480E-15  0.2760E-14  0.1520E-13  0.3010E-13  0.3260E-13  0.3140E-13  0.3090E-13  0.3070E-13  0.3060E-13  0.3090E-13  0.3160E-13  0.3260E-13  0.3320E-13
WAVELENGTH(A)= 
  1253.940
 7 14 t 
excit   
     1.400      2.090      3.490      6.980     14.000     34.900     69.800    105.000    140.000    209.000    349.000    698.000   1400.000   2090.000 
  0.1000E+11  0.2120E-12  0.2810E-11  0.2010E-10  0.7590E-10  0.1350E-09  0.2150E-09  0.2750E-09  0.2960E-09  0.3030E-09  0.3060E-09  0.3000E-09  0.2780E-09  0.2480E-09  0.2290E-09
  0.1000E+12  0.1900E-12  0.2520E-11  0.1790E-10  0.6670E-10  0.1120E-09  0.1800E-09  0.2370E-09  0.2570E-09  0.2650E-09  0.2700E-09  0.2670E-09  0.2520E-09  0.2290E-09  0.2140E-09
  0.1000E+13  0.9570E-13  0.1310E-11  0.9630E-11  0.3700E-10  0.6380E-10  0.9430E-10  0.1090E-09  0.1140E-09  0.1160E-09  0.1170E-09  0.1170E-09  0.1150E-09  0.1110E-09  0.1080E-09
  0.1000E+14  0.1650E-13  0.2400E-12  0.1910E-11  0.8080E-11  0.1440E-10  0.1680E-10  0.1730E-10  0.1740E-10  0.1740E-10  0.1750E-10  0.1760E-10  0.1780E-10  0.1790E-10  0.1790E-10
  0.1000E+15  0.1780E-14  0.2630E-13  0.2130E-12  0.9240E-12  0.1660E-11  0.1820E-11  0.1830E-11  0.1830E-11  0.1830E-11  0.1840E-11  0.1850E-11  0.1880E-11  0.1900E-11  0.1920E-11
  0.1000E+16  0.1800E-15  0.2660E-14  0.2150E-13  0.9380E-13  0.1680E-12  0.1830E-12  0.1830E-12  0.1820E-12  0.1820E-12  0.1830E-12  0.1840E-12  0.1870E-12  0.1900E-12  0.1920E-12
  0.1000E+17  0.1800E-16  0.2660E-15  0.2160E-14  0.9390E-14  0.1680E-13  0.1800E-13  0.1750E-13  0.1720E-13  0.1710E-13  0.1700E-13  0.1710E-13  0.1750E-13  0.1790E-13  0.1820E-13
WAVELENGTH(A)= 
  4305.020
 7 14 t 
excit   
     1.400      2.090      3.490      6.980     14.000     34.900     69.800    105.000    140.000    209.000    349.000    698.000   1400.000   2090.000 
  0.1000E+11  0.1220E-10  0.2240E-10  0.3620E-10  0.5520E-10  0.1270E-09  0.5020E-09  0.7480E-09  0.8230E-09  0.8560E-09  0.8790E-09  0.8830E-09  0.8580E-09  0.8090E-09  0.7720E-09
  0.1000E+12  0.1060E-10  0.2000E-10  0.3300E-10  0.5050E-10  0.9120E-10  0.1560E-09  0.1700E-09  0.1730E-09  0.1740E-09  0.1750E-09  0.1750E-09  0.1750E-09  0.1730E-09  0.1720E-09
  0.1000E+13  0.3580E-11  0.6910E-11  0.1120E-10  0.1550E-10  0.1830E-10  0.1920E-10  0.1920E-10  0.1920E-10  0.1920E-10  0.1920E-10  0.1920E-10  0.1920E-10  0.1930E-10  0.1930E-10
  0.1000E+14  0.4590E-12  0.8910E-12  0.1430E-11  0.1860E-11  0.1960E-11  0.1940E-11  0.1930E-11  0.1920E-11  0.1910E-11  0.1910E-11  0.1910E-11  0.1910E-11  0.1920E-11  0.1920E-11
  0.1000E+15  0.4720E-13  0.9170E-13  0.1470E-12  0.1900E-12  0.1970E-12  0.1940E-12  0.1920E-12  0.1910E-12  0.1910E-12  0.1900E-12  0.1900E-12  0.1900E-12  0.1910E-12  0.1910E-12
  0.1000E+16  0.4730E-14  0.9200E-14  0.1470E-13  0.1900E-13  0.1970E-13  0.1930E-13  0.1910E-13  0.1890E-13  0.1890E-13  0.1880E-13  0.1880E-13  0.1880E-13  0.1890E-13  0.1900E-13
  0.1000E+17  0.4730E-15  0.9200E-15  0.1470E-14  0.1900E-14  0.1960E-14  0.1900E-14  0.1830E-14  0.1790E-14  0.1770E-14  0.1750E-14  0.1750E-14  0.1760E-14  0.1790E-14  0.1800E-14
WAVELENGTH(A)= 
  4868.000
 7 14 t 
excit   
     1.400      2.090      3.490      6.980     14.000     34.900     69.800    105.000    140.000    209.000    349.000    698.000   1400.000   2090.000 
  0.1000E+11  0.1490E-10  0.2320E-10  0.3300E-10  0.4560E-10  0.8300E-10  0.2370E-09  0.3180E-09  0.3410E-09  0.3500E-09  0.3570E-09  0.3570E-09  0.3490E-09  0.3340E-09  0.3220E-09
  0.1000E+12  0.8850E-11  0.1380E-10  0.1900E-10  0.2430E-10  0.3630E-10  0.5380E-10  0.5680E-10  0.5730E-10  0.5750E-10  0.5750E-10  0.5750E-10  0.5730E-10  0.5700E-10  0.5680E-10
  0.1000E+13  0.2020E-11  0.3190E-11  0.4350E-11  0.5250E-11  0.5870E-11  0.6080E-11  0.6010E-11  0.5980E-11  0.5970E-11  0.5950E-11  0.5950E-11  0.5960E-11  0.5980E-11  0.6000E-11
  0.1000E+14  0.2390E-12  0.3800E-12  0.5180E-12  0.6000E-12  0.6040E-12  0.5920E-12  0.5840E-12  0.5810E-12  0.5790E-12  0.5780E-12  0.5770E-12  0.5770E-12  0.5780E-12  0.5790E-12
  0.1000E+15  0.2430E-13  0.3870E-13  0.5290E-13  0.6060E-13  0.5970E-13  0.5860E-13  0.5790E-13  0.5760E-13  0.5740E-13  0.5730E-13  0.5710E-13  0.5710E-13  0.5720E-13  0.5720E-13
  0.1000E+16  0.2440E-14  0.3880E-14  0.5300E-14  0.6070E-14  0.5960E-14  0.5840E-14  0.5740E-14  0.5700E-14  0.5680E-14  0.5660E-14  0.5640E-14  0.5640E-14  0.5660E-14  0.5670E-14
  0.1000E+17  0.2440E-15  0.3880E-15  0.5300E-15  0.6070E-15  0.5950E-15  0.5720E-15  0.5490E-15  0.5370E-15  0.5320E-15  0.5260E-15  0.5240E-15  0.5270E-15  0.5330E-15  0.5380E-15
WAVELENGTH(A)= 
  6695.910
 7 14 t 
excit   
     1.400      2.090      3.490      6.980     14.000     34.900     69.800    105.000    140.000    209.000    349.000    698.000   1400.000   2090.000 
  0.1000E+11  0.1330E-10  0.1810E-10  0.2410E-10  0.3440E-10  0.1020E-09  0.3290E-09  0.4140E-09  0.4350E-09  0.4430E-09  0.4490E-09  0.4490E-09  0.4420E-09  0.4290E-09  0.4180E-09
  0.1000E+12  0.1060E-10  0.1400E-10  0.1760E-10  0.2250E-10  0.4010E-10  0.5990E-10  0.6210E-10  0.6230E-10  0.6230E-10  0.6230E-10  0.6220E-10  0.6190E-10  0.6160E-10  0.6130E-10
  0.1000E+13  0.3330E-11  0.4370E-11  0.5210E-11  0.5790E-11  0.6380E-11  0.6540E-11  0.6430E-11  0.6380E-11  0.6360E-11  0.6330E-11  0.6310E-11  0.6300E-11  0.6310E-11  0.6320E-11
  0.1000E+14  0.4220E-12  0.5540E-12  0.6500E-12  0.6740E-12  0.6520E-12  0.6380E-12  0.6260E-12  0.6210E-12  0.6180E-12  0.6150E-12  0.6130E-12  0.6110E-12  0.6100E-12  0.6100E-12
  0.1000E+15  0.4330E-13  0.5690E-13  0.6660E-13  0.6800E-13  0.6460E-13  0.6320E-13  0.6210E-13  0.6160E-13  0.6130E-13  0.6100E-13  0.6080E-13  0.6050E-13  0.6040E-13  0.6040E-13
  0.1000E+16  0.4340E-14  0.5700E-14  0.6670E-14  0.6810E-14  0.6450E-14  0.6300E-14  0.6160E-14  0.6100E-14  0.6060E-14  0.6030E-14  0.6000E-14  0.5980E-14  0.5980E-14  0.5980E-14
  0.1000E+17  0.4350E-15  0.5710E-15  0.6680E-15  0.6810E-15  0.6430E-15  0.6180E-15  0.5900E-15  0.5760E-15  0.5680E-15  0.5610E-15  0.5580E-15  0.5590E-15  0.5640E-15  0.5680E-15
