 50  7 14
WAVELENGTH(A)= 
     3.429
 7 14 t 
excit   
    34.900     52.300     87.200    174.000    349.000    872.000   1740.000   2620.000   3490.000   5230.000   8720.000  17400.000  34900.000  52300.000 
  0.1000E+11  0.1000E-73  0.6950E-41  0.5490E-29  0.3900E-20  0.8800E-16  0.2900E-13  0.1740E-12  0.3050E-12  0.3980E-12  0.5150E-12  0.6320E-12  0.7280E-12  0.7590E-12  0.7500E-12
  0.1000E+12  0.1000E-73  0.7090E-41  0.5490E-29  0.3900E-20  0.8800E-16  0.2900E-13  0.1740E-12  0.3050E-12  0.3980E-12  0.5150E-12  0.6320E-12  0.7280E-12  0.7590E-12  0.7500E-12
  0.1000E+13  0.1000E-73  0.7090E-41  0.5490E-29  0.3900E-20  0.8800E-16  0.2900E-13  0.1740E-12  0.3050E-12  0.3980E-12  0.5150E-12  0.6320E-12  0.7280E-12  0.7590E-12  0.7500E-12
  0.1000E+14  0.1000E-73  0.7090E-41  0.5490E-29  0.3900E-20  0.8800E-16  0.2900E-13  0.1740E-12  0.3050E-12  0.3980E-12  0.5150E-12  0.6320E-12  0.7280E-12  0.7590E-12  0.7500E-12
  0.1000E+15  0.1000E-73  0.7090E-41  0.5490E-29  0.3900E-20  0.8800E-16  0.2900E-13  0.1740E-12  0.3050E-12  0.3980E-12  0.5150E-12  0.6320E-12  0.7280E-12  0.7590E-12  0.7500E-12
  0.1000E+16  0.1000E-73  0.7090E-41  0.5490E-29  0.3900E-20  0.8800E-16  0.2900E-13  0.1740E-12  0.3050E-12  0.3980E-12  0.5150E-12  0.6320E-12  0.7280E-12  0.7590E-12  0.7500E-12
  0.1000E+17  0.1000E-73  0.7090E-41  0.5490E-29  0.3900E-20  0.8790E-16  0.2900E-13  0.1740E-12  0.3050E-12  0.3980E-12  0.5150E-12  0.6310E-12  0.7280E-12  0.7590E-12  0.7500E-12
WAVELENGTH(A)= 
     3.851
 7 14 t 
excit   
    34.900     52.300     87.200    174.000    349.000    872.000   1740.000   2620.000   3490.000   5230.000   8720.000  17400.000  34900.000  52300.000 
  0.1000E+11  0.1000E-73  0.4000E-37  0.1510E-26  0.1160E-18  0.9240E-15  0.1720E-12  0.8660E-12  0.1420E-11  0.1790E-11  0.2230E-11  0.2620E-11  0.2890E-11  0.2900E-11  0.2820E-11
  0.1000E+12  0.1000E-73  0.4000E-37  0.1510E-26  0.1160E-18  0.9240E-15  0.1720E-12  0.8660E-12  0.1420E-11  0.1790E-11  0.2230E-11  0.2620E-11  0.2890E-11  0.2900E-11  0.2820E-11
  0.1000E+13  0.1000E-73  0.4000E-37  0.1510E-26  0.1160E-18  0.9240E-15  0.1720E-12  0.8660E-12  0.1420E-11  0.1790E-11  0.2230E-11  0.2620E-11  0.2890E-11  0.2900E-11  0.2820E-11
  0.1000E+14  0.1000E-73  0.4000E-37  0.1510E-26  0.1160E-18  0.9240E-15  0.1720E-12  0.8660E-12  0.1420E-11  0.1790E-11  0.2230E-11  0.2620E-11  0.2890E-11  0.2900E-11  0.2820E-11
  0.1000E+15  0.1000E-73  0.4000E-37  0.1510E-26  0.1160E-18  0.9240E-15  0.1720E-12  0.8660E-12  0.1420E-11  0.1790E-11  0.2230E-11  0.2620E-11  0.2890E-11  0.2900E-11  0.2820E-11
  0.1000E+16  0.1000E-73  0.4000E-37  0.1510E-26  0.1160E-18  0.9240E-15  0.1720E-12  0.8660E-12  0.1420E-11  0.1790E-11  0.2230E-11  0.2620E-11  0.2890E-11  0.2900E-11  0.2820E-11
  0.1000E+17  0.1000E-73  0.4010E-37  0.1510E-26  0.1160E-18  0.9240E-15  0.1720E-12  0.8650E-12  0.1420E-11  0.1790E-11  0.2230E-11  0.2620E-11  0.2890E-11  0.2900E-11  0.2820E-11
WAVELENGTH(A)= 
     3.957
 7 14 t 
excit   
    34.900     52.300     87.200    174.000    349.000    872.000   1740.000   2620.000   3490.000   5230.000   8720.000  17400.000  34900.000  52300.000 
  0.1000E+11  0.1000E-73  0.3510E-36  0.6780E-26  0.3030E-18  0.1710E-14  0.2410E-12  0.1080E-11  0.1680E-11  0.2040E-11  0.2420E-11  0.2670E-11  0.2700E-11  0.2540E-11  0.2380E-11
  0.1000E+12  0.1000E-73  0.3510E-36  0.6780E-26  0.3030E-18  0.1710E-14  0.2410E-12  0.1080E-11  0.1680E-11  0.2040E-11  0.2420E-11  0.2670E-11  0.2700E-11  0.2540E-11  0.2380E-11
  0.1000E+13  0.1000E-73  0.3510E-36  0.6780E-26  0.3030E-18  0.1710E-14  0.2410E-12  0.1080E-11  0.1680E-11  0.2040E-11  0.2420E-11  0.2670E-11  0.2700E-11  0.2540E-11  0.2380E-11
  0.1000E+14  0.1000E-73  0.3510E-36  0.6780E-26  0.3030E-18  0.1710E-14  0.2410E-12  0.1080E-11  0.1680E-11  0.2040E-11  0.2420E-11  0.2670E-11  0.2700E-11  0.2540E-11  0.2380E-11
  0.1000E+15  0.1000E-73  0.3510E-36  0.6780E-26  0.3030E-18  0.1710E-14  0.2410E-12  0.1080E-11  0.1680E-11  0.2040E-11  0.2420E-11  0.2670E-11  0.2700E-11  0.2540E-11  0.2380E-11
  0.1000E+16  0.1000E-73  0.3510E-36  0.6780E-26  0.3030E-18  0.1710E-14  0.2410E-12  0.1080E-11  0.1680E-11  0.2040E-11  0.2420E-11  0.2670E-11  0.2700E-11  0.2540E-11  0.2380E-11
  0.1000E+17  0.1000E-73  0.3510E-36  0.6780E-26  0.3030E-18  0.1710E-14  0.2410E-12  0.1070E-11  0.1680E-11  0.2040E-11  0.2420E-11  0.2670E-11  0.2700E-11  0.2540E-11  0.2380E-11
WAVELENGTH(A)= 
     4.472
 7 14 t 
excit   
    34.900     52.300     87.200    174.000    349.000    872.000   1740.000   2620.000   3490.000   5230.000   8720.000  17400.000  34900.000  52300.000 
  0.1000E+11  0.1000E-73  0.1230E-32  0.1520E-23  0.8680E-17  0.1780E-13  0.1410E-11  0.5210E-11  0.7650E-11  0.9070E-11  0.1050E-10  0.1140E-10  0.1140E-10  0.1070E-10  0.1000E-10
  0.1000E+12  0.1000E-73  0.1230E-32  0.1520E-23  0.8680E-17  0.1780E-13  0.1410E-11  0.5210E-11  0.7650E-11  0.9070E-11  0.1050E-10  0.1140E-10  0.1140E-10  0.1070E-10  0.1000E-10
  0.1000E+13  0.6010E-44  0.1230E-32  0.1520E-23  0.8680E-17  0.1780E-13  0.1410E-11  0.5210E-11  0.7650E-11  0.9070E-11  0.1050E-10  0.1140E-10  0.1140E-10  0.1070E-10  0.1000E-10
  0.1000E+14  0.4810E-44  0.1230E-32  0.1520E-23  0.8680E-17  0.1780E-13  0.1410E-11  0.5210E-11  0.7650E-11  0.9070E-11  0.1050E-10  0.1140E-10  0.1140E-10  0.1070E-10  0.1000E-10
  0.1000E+15  0.4750E-44  0.1230E-32  0.1520E-23  0.8680E-17  0.1780E-13  0.1410E-11  0.5210E-11  0.7650E-11  0.9070E-11  0.1050E-10  0.1140E-10  0.1140E-10  0.1070E-10  0.1000E-10
  0.1000E+16  0.4760E-44  0.1230E-32  0.1520E-23  0.8680E-17  0.1780E-13  0.1410E-11  0.5210E-11  0.7650E-11  0.9070E-11  0.1050E-10  0.1140E-10  0.1140E-10  0.1070E-10  0.1000E-10
  0.1000E+17  0.4770E-44  0.1230E-32  0.1520E-23  0.8680E-17  0.1780E-13  0.1410E-11  0.5210E-11  0.7650E-11  0.9070E-11  0.1050E-10  0.1140E-10  0.1140E-10  0.1070E-10  0.1000E-10
WAVELENGTH(A)= 
     4.726
 7 14 t 
excit   
    34.900     52.300     87.200    174.000    349.000    872.000   1740.000   2620.000   3490.000   5230.000   8720.000  17400.000  34900.000  52300.000 
  0.1000E+11  0.1870E-42  0.1170E-31  0.4620E-23  0.1110E-16  0.1450E-13  0.8520E-12  0.2790E-11  0.3860E-11  0.4380E-11  0.4740E-11  0.4700E-11  0.4110E-11  0.3300E-11  0.2840E-11
  0.1000E+12  0.1890E-42  0.1170E-31  0.4620E-23  0.1110E-16  0.1450E-13  0.8520E-12  0.2790E-11  0.3860E-11  0.4380E-11  0.4740E-11  0.4700E-11  0.4110E-11  0.3300E-11  0.2840E-11
  0.1000E+13  0.1880E-42  0.1170E-31  0.4620E-23  0.1110E-16  0.1450E-13  0.8520E-12  0.2790E-11  0.3860E-11  0.4380E-11  0.4740E-11  0.4700E-11  0.4110E-11  0.3300E-11  0.2840E-11
  0.1000E+14  0.1880E-42  0.1170E-31  0.4620E-23  0.1110E-16  0.1450E-13  0.8520E-12  0.2790E-11  0.3860E-11  0.4380E-11  0.4740E-11  0.4700E-11  0.4110E-11  0.3300E-11  0.2840E-11
  0.1000E+15  0.1880E-42  0.1170E-31  0.4620E-23  0.1110E-16  0.1450E-13  0.8520E-12  0.2790E-11  0.3860E-11  0.4380E-11  0.4740E-11  0.4700E-11  0.4110E-11  0.3300E-11  0.2840E-11
  0.1000E+16  0.1880E-42  0.1170E-31  0.4620E-23  0.1110E-16  0.1450E-13  0.8520E-12  0.2790E-11  0.3860E-11  0.4380E-11  0.4740E-11  0.4700E-11  0.4110E-11  0.3300E-11  0.2840E-11
  0.1000E+17  0.1880E-42  0.1170E-31  0.4620E-23  0.1110E-16  0.1450E-13  0.8510E-12  0.2790E-11  0.3850E-11  0.4380E-11  0.4740E-11  0.4700E-11  0.4100E-11  0.3300E-11  0.2840E-11
WAVELENGTH(A)= 
     5.067
 7 14 t 
excit   
    34.900     52.300     87.200    174.000    349.000    872.000   1740.000   2620.000   3490.000   5230.000   8720.000  17400.000  34900.000  52300.000 
  0.1000E+11  0.6200E-40  0.7610E-30  0.9460E-22  0.1190E-15  0.1290E-12  0.7630E-11  0.2660E-10  0.3830E-10  0.4500E-10  0.5130E-10  0.5470E-10  0.5360E-10  0.4880E-10  0.4520E-10
  0.1000E+12  0.6150E-40  0.7610E-30  0.9460E-22  0.1190E-15  0.1290E-12  0.7630E-11  0.2660E-10  0.3830E-10  0.4500E-10  0.5130E-10  0.5470E-10  0.5360E-10  0.4880E-10  0.4520E-10
  0.1000E+13  0.6150E-40  0.7610E-30  0.9460E-22  0.1190E-15  0.1290E-12  0.7630E-11  0.2660E-10  0.3830E-10  0.4500E-10  0.5130E-10  0.5470E-10  0.5360E-10  0.4880E-10  0.4520E-10
  0.1000E+14  0.6150E-40  0.7610E-30  0.9460E-22  0.1190E-15  0.1290E-12  0.7630E-11  0.2660E-10  0.3830E-10  0.4500E-10  0.5130E-10  0.5470E-10  0.5360E-10  0.4880E-10  0.4520E-10
  0.1000E+15  0.6150E-40  0.7610E-30  0.9460E-22  0.1190E-15  0.1290E-12  0.7630E-11  0.2660E-10  0.3830E-10  0.4500E-10  0.5130E-10  0.5470E-10  0.5360E-10  0.4880E-10  0.4520E-10
  0.1000E+16  0.6150E-40  0.7610E-30  0.9460E-22  0.1190E-15  0.1290E-12  0.7630E-11  0.2660E-10  0.3830E-10  0.4500E-10  0.5130E-10  0.5470E-10  0.5360E-10  0.4880E-10  0.4520E-10
  0.1000E+17  0.6190E-40  0.7640E-30  0.9490E-22  0.1190E-15  0.1290E-12  0.7630E-11  0.2660E-10  0.3830E-10  0.4500E-10  0.5130E-10  0.5470E-10  0.5360E-10  0.4880E-10  0.4520E-10
WAVELENGTH(A)= 
     5.524
 7 14 t 
excit   
    34.900     52.300     87.200    174.000    349.000    872.000   1740.000   2620.000   3490.000   5230.000   8720.000  17400.000  34900.000  52300.000 
  0.1000E+11  0.4410E-37  0.7340E-28  0.1610E-20  0.4440E-15  0.2030E-12  0.6670E-11  0.1870E-10  0.2490E-10  0.2790E-10  0.3010E-10  0.3010E-10  0.2730E-10  0.2300E-10  0.2050E-10
  0.1000E+12  0.4410E-37  0.7340E-28  0.1610E-20  0.4440E-15  0.2030E-12  0.6670E-11  0.1870E-10  0.2490E-10  0.2790E-10  0.3010E-10  0.3010E-10  0.2730E-10  0.2300E-10  0.2050E-10
  0.1000E+13  0.4410E-37  0.7340E-28  0.1610E-20  0.4440E-15  0.2030E-12  0.6670E-11  0.1870E-10  0.2490E-10  0.2790E-10  0.3010E-10  0.3010E-10  0.2730E-10  0.2300E-10  0.2050E-10
  0.1000E+14  0.4410E-37  0.7340E-28  0.1610E-20  0.4440E-15  0.2030E-12  0.6670E-11  0.1870E-10  0.2490E-10  0.2790E-10  0.3010E-10  0.3010E-10  0.2730E-10  0.2300E-10  0.2050E-10
  0.1000E+15  0.4410E-37  0.7340E-28  0.1610E-20  0.4440E-15  0.2030E-12  0.6670E-11  0.1870E-10  0.2490E-10  0.2790E-10  0.3010E-10  0.3010E-10  0.2730E-10  0.2300E-10  0.2050E-10
  0.1000E+16  0.4410E-37  0.7340E-28  0.1610E-20  0.4440E-15  0.2030E-12  0.6670E-11  0.1870E-10  0.2490E-10  0.2790E-10  0.3010E-10  0.3010E-10  0.2730E-10  0.2300E-10  0.2050E-10
  0.1000E+17  0.4410E-37  0.7340E-28  0.1610E-20  0.4440E-15  0.2030E-12  0.6660E-11  0.1870E-10  0.2490E-10  0.2790E-10  0.3000E-10  0.3010E-10  0.2720E-10  0.2300E-10  0.2050E-10
WAVELENGTH(A)= 
     5.910
 7 14 t 
excit   
    34.900     52.300     87.200    174.000    349.000    872.000   1740.000   2620.000   3490.000   5230.000   8720.000  17400.000  34900.000  52300.000 
  0.1000E+11  0.1670E-34  0.6850E-26  0.4850E-19  0.5760E-14  0.1720E-11  0.4380E-10  0.1150E-09  0.1540E-09  0.1750E-09  0.1960E-09  0.2100E-09  0.2110E-09  0.1990E-09  0.1870E-09
  0.1000E+12  0.1670E-34  0.6850E-26  0.4850E-19  0.5760E-14  0.1720E-11  0.4380E-10  0.1150E-09  0.1540E-09  0.1750E-09  0.1960E-09  0.2100E-09  0.2110E-09  0.1990E-09  0.1870E-09
  0.1000E+13  0.1670E-34  0.6850E-26  0.4850E-19  0.5760E-14  0.1720E-11  0.4380E-10  0.1150E-09  0.1540E-09  0.1750E-09  0.1960E-09  0.2100E-09  0.2110E-09  0.1990E-09  0.1870E-09
  0.1000E+14  0.1670E-34  0.6850E-26  0.4850E-19  0.5760E-14  0.1720E-11  0.4380E-10  0.1150E-09  0.1540E-09  0.1750E-09  0.1960E-09  0.2100E-09  0.2110E-09  0.1990E-09  0.1870E-09
  0.1000E+15  0.1670E-34  0.6850E-26  0.4850E-19  0.5760E-14  0.1720E-11  0.4380E-10  0.1150E-09  0.1540E-09  0.1750E-09  0.1960E-09  0.2100E-09  0.2110E-09  0.1990E-09  0.1870E-09
  0.1000E+16  0.1670E-34  0.6850E-26  0.4860E-19  0.5760E-14  0.1720E-11  0.4380E-10  0.1150E-09  0.1540E-09  0.1750E-09  0.1960E-09  0.2100E-09  0.2110E-09  0.1990E-09  0.1870E-09
  0.1000E+17  0.1680E-34  0.6870E-26  0.4860E-19  0.5770E-14  0.1720E-11  0.4380E-10  0.1150E-09  0.1540E-09  0.1750E-09  0.1960E-09  0.2100E-09  0.2110E-09  0.1990E-09  0.1870E-09
WAVELENGTH(A)= 
     6.456
 7 14 t 
excit   
    34.900     52.300     87.200    174.000    349.000    872.000   1740.000   2620.000   3490.000   5230.000   8720.000  17400.000  34900.000  52300.000 
  0.1000E+11  0.8240E-33  0.6240E-25  0.1150E-18  0.5040E-14  0.9470E-12  0.2040E-10  0.5250E-10  0.6840E-10  0.7620E-10  0.8190E-10  0.8250E-10  0.7600E-10  0.6590E-10  0.5970E-10
  0.1000E+12  0.8240E-33  0.6240E-25  0.1150E-18  0.5040E-14  0.9470E-12  0.2040E-10  0.5250E-10  0.6840E-10  0.7620E-10  0.8190E-10  0.8250E-10  0.7600E-10  0.6590E-10  0.5970E-10
  0.1000E+13  0.8240E-33  0.6240E-25  0.1150E-18  0.5040E-14  0.9470E-12  0.2040E-10  0.5250E-10  0.6840E-10  0.7620E-10  0.8190E-10  0.8250E-10  0.7600E-10  0.6590E-10  0.5970E-10
  0.1000E+14  0.8240E-33  0.6240E-25  0.1150E-18  0.5040E-14  0.9470E-12  0.2040E-10  0.5250E-10  0.6840E-10  0.7620E-10  0.8190E-10  0.8250E-10  0.7600E-10  0.6590E-10  0.5970E-10
  0.1000E+15  0.8240E-33  0.6240E-25  0.1150E-18  0.5040E-14  0.9470E-12  0.2040E-10  0.5250E-10  0.6840E-10  0.7620E-10  0.8190E-10  0.8250E-10  0.7600E-10  0.6590E-10  0.5970E-10
  0.1000E+16  0.8240E-33  0.6240E-25  0.1150E-18  0.5040E-14  0.9470E-12  0.2040E-10  0.5250E-10  0.6840E-10  0.7610E-10  0.8190E-10  0.8250E-10  0.7600E-10  0.6590E-10  0.5970E-10
  0.1000E+17  0.8240E-33  0.6240E-25  0.1150E-18  0.5030E-14  0.9450E-12  0.2040E-10  0.5230E-10  0.6820E-10  0.7590E-10  0.8170E-10  0.8230E-10  0.7590E-10  0.6580E-10  0.5960E-10
WAVELENGTH(A)= 
     8.474
 7 14 t 
excit   
    34.900     52.300     87.200    174.000    349.000    872.000   1740.000   2620.000   3490.000   5230.000   8720.000  17400.000  34900.000  52300.000 
  0.1000E+11  0.3510E-29  0.3360E-23  0.1870E-18  0.5830E-15  0.2790E-13  0.2320E-12  0.4280E-12  0.5170E-12  0.5690E-12  0.6290E-12  0.6890E-12  0.7270E-12  0.7200E-12  0.6980E-12
  0.1000E+12  0.3510E-29  0.3360E-23  0.1870E-18  0.5830E-15  0.2790E-13  0.2320E-12  0.4280E-12  0.5170E-12  0.5690E-12  0.6290E-12  0.6890E-12  0.7270E-12  0.7200E-12  0.6980E-12
  0.1000E+13  0.3510E-29  0.3360E-23  0.1870E-18  0.5830E-15  0.2790E-13  0.2320E-12  0.4280E-12  0.5170E-12  0.5690E-12  0.6290E-12  0.6890E-12  0.7270E-12  0.7200E-12  0.6980E-12
  0.1000E+14  0.3510E-29  0.3360E-23  0.1870E-18  0.5830E-15  0.2790E-13  0.2320E-12  0.4280E-12  0.5170E-12  0.5690E-12  0.6290E-12  0.6890E-12  0.7270E-12  0.7200E-12  0.6980E-12
  0.1000E+15  0.3510E-29  0.3360E-23  0.1870E-18  0.5830E-15  0.2790E-13  0.2320E-12  0.4280E-12  0.5170E-12  0.5690E-12  0.6290E-12  0.6890E-12  0.7270E-12  0.7200E-12  0.6980E-12
  0.1000E+16  0.3510E-29  0.3360E-23  0.1870E-18  0.5830E-15  0.2790E-13  0.2320E-12  0.4280E-12  0.5170E-12  0.5690E-12  0.6290E-12  0.6890E-12  0.7270E-12  0.7200E-12  0.6980E-12
  0.1000E+17  0.3510E-29  0.3360E-23  0.1870E-18  0.5840E-15  0.2790E-13  0.2320E-12  0.4280E-12  0.5170E-12  0.5690E-12  0.6290E-12  0.6890E-12  0.7270E-12  0.7200E-12  0.6980E-12
WAVELENGTH(A)= 
     9.040
 7 14 t 
excit   
    34.900     52.300     87.200    174.000    349.000    872.000   1740.000   2620.000   3490.000   5230.000   8720.000  17400.000  34900.000  52300.000 
  0.1000E+11  0.1000E-73  0.1080E-40  0.8520E-29  0.6050E-20  0.1370E-15  0.4510E-13  0.2710E-12  0.4730E-12  0.6190E-12  0.7990E-12  0.9810E-12  0.1130E-11  0.1180E-11  0.1160E-11
  0.1000E+12  0.1000E-73  0.1100E-40  0.8520E-29  0.6050E-20  0.1370E-15  0.4510E-13  0.2710E-12  0.4730E-12  0.6190E-12  0.7990E-12  0.9810E-12  0.1130E-11  0.1180E-11  0.1160E-11
  0.1000E+13  0.1000E-73  0.1100E-40  0.8520E-29  0.6050E-20  0.1370E-15  0.4510E-13  0.2710E-12  0.4730E-12  0.6190E-12  0.7990E-12  0.9810E-12  0.1130E-11  0.1180E-11  0.1160E-11
  0.1000E+14  0.1000E-73  0.1100E-40  0.8520E-29  0.6050E-20  0.1370E-15  0.4510E-13  0.2710E-12  0.4730E-12  0.6190E-12  0.7990E-12  0.9810E-12  0.1130E-11  0.1180E-11  0.1160E-11
  0.1000E+15  0.1000E-73  0.1100E-40  0.8520E-29  0.6050E-20  0.1370E-15  0.4500E-13  0.2710E-12  0.4730E-12  0.6190E-12  0.7990E-12  0.9810E-12  0.1130E-11  0.1180E-11  0.1160E-11
  0.1000E+16  0.1000E-73  0.1100E-40  0.8520E-29  0.6050E-20  0.1370E-15  0.4500E-13  0.2710E-12  0.4730E-12  0.6190E-12  0.7990E-12  0.9810E-12  0.1130E-11  0.1180E-11  0.1160E-11
  0.1000E+17  0.1000E-73  0.1100E-40  0.8520E-29  0.6050E-20  0.1370E-15  0.4500E-13  0.2710E-12  0.4730E-12  0.6180E-12  0.7990E-12  0.9800E-12  0.1130E-11  0.1180E-11  0.1160E-11
WAVELENGTH(A)= 
     9.141
 7 14 t 
excit   
    34.900     52.300     87.200    174.000    349.000    872.000   1740.000   2620.000   3490.000   5230.000   8720.000  17400.000  34900.000  52300.000 
  0.1000E+11  0.3530E-29  0.5530E-23  0.4570E-18  0.1920E-14  0.1060E-12  0.9550E-12  0.1740E-11  0.2010E-11  0.2100E-11  0.2110E-11  0.1990E-11  0.1670E-11  0.1320E-11  0.1130E-11
  0.1000E+12  0.3530E-29  0.5530E-23  0.4570E-18  0.1920E-14  0.1060E-12  0.9550E-12  0.1740E-11  0.2010E-11  0.2100E-11  0.2110E-11  0.1990E-11  0.1670E-11  0.1320E-11  0.1130E-11
  0.1000E+13  0.3530E-29  0.5530E-23  0.4570E-18  0.1920E-14  0.1060E-12  0.9550E-12  0.1740E-11  0.2010E-11  0.2100E-11  0.2110E-11  0.1990E-11  0.1670E-11  0.1320E-11  0.1130E-11
  0.1000E+14  0.3530E-29  0.5530E-23  0.4570E-18  0.1920E-14  0.1060E-12  0.9550E-12  0.1740E-11  0.2010E-11  0.2100E-11  0.2110E-11  0.1990E-11  0.1670E-11  0.1320E-11  0.1130E-11
  0.1000E+15  0.3530E-29  0.5530E-23  0.4570E-18  0.1920E-14  0.1060E-12  0.9550E-12  0.1740E-11  0.2010E-11  0.2100E-11  0.2110E-11  0.1990E-11  0.1670E-11  0.1320E-11  0.1130E-11
  0.1000E+16  0.3530E-29  0.5530E-23  0.4570E-18  0.1920E-14  0.1060E-12  0.9550E-12  0.1740E-11  0.2010E-11  0.2100E-11  0.2110E-11  0.1990E-11  0.1670E-11  0.1320E-11  0.1130E-11
  0.1000E+17  0.3530E-29  0.5530E-23  0.4570E-18  0.1920E-14  0.1060E-12  0.9540E-12  0.1740E-11  0.2010E-11  0.2100E-11  0.2110E-11  0.1990E-11  0.1670E-11  0.1320E-11  0.1130E-11
WAVELENGTH(A)= 
     9.832
 7 14 t 
excit   
    34.900     52.300     87.200    174.000    349.000    872.000   1740.000   2620.000   3490.000   5230.000   8720.000  17400.000  34900.000  52300.000 
  0.1000E+11  0.7490E-28  0.4720E-22  0.1880E-17  0.4560E-14  0.1900E-12  0.1430E-11  0.2390E-11  0.2650E-11  0.2690E-11  0.2620E-11  0.2370E-11  0.1910E-11  0.1470E-11  0.1240E-11
  0.1000E+12  0.7490E-28  0.4720E-22  0.1880E-17  0.4560E-14  0.1900E-12  0.1430E-11  0.2390E-11  0.2650E-11  0.2690E-11  0.2620E-11  0.2370E-11  0.1910E-11  0.1470E-11  0.1240E-11
  0.1000E+13  0.7490E-28  0.4720E-22  0.1880E-17  0.4560E-14  0.1900E-12  0.1430E-11  0.2390E-11  0.2650E-11  0.2690E-11  0.2620E-11  0.2370E-11  0.1910E-11  0.1470E-11  0.1240E-11
  0.1000E+14  0.7490E-28  0.4720E-22  0.1880E-17  0.4560E-14  0.1900E-12  0.1430E-11  0.2390E-11  0.2650E-11  0.2690E-11  0.2620E-11  0.2370E-11  0.1910E-11  0.1470E-11  0.1240E-11
  0.1000E+15  0.7490E-28  0.4720E-22  0.1880E-17  0.4560E-14  0.1900E-12  0.1430E-11  0.2390E-11  0.2650E-11  0.2690E-11  0.2620E-11  0.2370E-11  0.1910E-11  0.1470E-11  0.1240E-11
  0.1000E+16  0.7490E-28  0.4720E-22  0.1880E-17  0.4560E-14  0.1900E-12  0.1430E-11  0.2390E-11  0.2650E-11  0.2690E-11  0.2620E-11  0.2360E-11  0.1910E-11  0.1470E-11  0.1240E-11
  0.1000E+17  0.7500E-28  0.4720E-22  0.1880E-17  0.4560E-14  0.1900E-12  0.1430E-11  0.2390E-11  0.2650E-11  0.2690E-11  0.2620E-11  0.2360E-11  0.1910E-11  0.1470E-11  0.1240E-11
WAVELENGTH(A)= 
    10.224
 7 14 t 
excit   
    34.900     52.300     87.200    174.000    349.000    872.000   1740.000   2620.000   3490.000   5230.000   8720.000  17400.000  34900.000  52300.000 
  0.1000E+11  0.1000E-73  0.1120E-35  0.2170E-25  0.9690E-18  0.5460E-14  0.7720E-12  0.3440E-11  0.5360E-11  0.6530E-11  0.7730E-11  0.8550E-11  0.8650E-11  0.8120E-11  0.7610E-11
  0.1000E+12  0.1000E-73  0.1120E-35  0.2170E-25  0.9690E-18  0.5460E-14  0.7720E-12  0.3440E-11  0.5360E-11  0.6530E-11  0.7730E-11  0.8550E-11  0.8650E-11  0.8120E-11  0.7610E-11
  0.1000E+13  0.1000E-73  0.1120E-35  0.2170E-25  0.9690E-18  0.5460E-14  0.7720E-12  0.3440E-11  0.5360E-11  0.6530E-11  0.7730E-11  0.8550E-11  0.8650E-11  0.8120E-11  0.7610E-11
  0.1000E+14  0.1000E-73  0.1120E-35  0.2170E-25  0.9690E-18  0.5460E-14  0.7720E-12  0.3440E-11  0.5360E-11  0.6530E-11  0.7730E-11  0.8550E-11  0.8650E-11  0.8120E-11  0.7610E-11
  0.1000E+15  0.1000E-73  0.1120E-35  0.2170E-25  0.9690E-18  0.5460E-14  0.7720E-12  0.3440E-11  0.5360E-11  0.6530E-11  0.7730E-11  0.8550E-11  0.8650E-11  0.8120E-11  0.7610E-11
  0.1000E+16  0.1000E-73  0.1120E-35  0.2170E-25  0.9690E-18  0.5460E-14  0.7720E-12  0.3440E-11  0.5360E-11  0.6530E-11  0.7730E-11  0.8550E-11  0.8650E-11  0.8120E-11  0.7610E-11
  0.1000E+17  0.1000E-73  0.1120E-35  0.2170E-25  0.9690E-18  0.5460E-14  0.7720E-12  0.3440E-11  0.5360E-11  0.6530E-11  0.7730E-11  0.8540E-11  0.8650E-11  0.8110E-11  0.7610E-11
WAVELENGTH(A)= 
    10.232
 7 14 t 
excit   
    34.900     52.300     87.200    174.000    349.000    872.000   1740.000   2620.000   3490.000   5230.000   8720.000  17400.000  34900.000  52300.000 
  0.1000E+11  0.1000E-73  0.1280E-40  0.1370E-28  0.1240E-19  0.3120E-15  0.1070E-12  0.6210E-12  0.1030E-11  0.1270E-11  0.1490E-11  0.1550E-11  0.1390E-11  0.1110E-11  0.9500E-12
  0.1000E+12  0.1000E-73  0.1270E-40  0.1370E-28  0.1240E-19  0.3120E-15  0.1070E-12  0.6210E-12  0.1030E-11  0.1270E-11  0.1490E-11  0.1550E-11  0.1390E-11  0.1110E-11  0.9500E-12
  0.1000E+13  0.1000E-73  0.1280E-40  0.1370E-28  0.1240E-19  0.3120E-15  0.1070E-12  0.6210E-12  0.1030E-11  0.1270E-11  0.1490E-11  0.1550E-11  0.1390E-11  0.1110E-11  0.9500E-12
  0.1000E+14  0.1000E-73  0.1280E-40  0.1370E-28  0.1240E-19  0.3120E-15  0.1070E-12  0.6210E-12  0.1030E-11  0.1270E-11  0.1490E-11  0.1550E-11  0.1390E-11  0.1110E-11  0.9500E-12
  0.1000E+15  0.1000E-73  0.1280E-40  0.1370E-28  0.1240E-19  0.3120E-15  0.1070E-12  0.6210E-12  0.1030E-11  0.1270E-11  0.1490E-11  0.1550E-11  0.1390E-11  0.1110E-11  0.9500E-12
  0.1000E+16  0.1000E-73  0.1280E-40  0.1370E-28  0.1240E-19  0.3120E-15  0.1070E-12  0.6210E-12  0.1030E-11  0.1270E-11  0.1490E-11  0.1550E-11  0.1390E-11  0.1110E-11  0.9500E-12
  0.1000E+17  0.1000E-73  0.1280E-40  0.1370E-28  0.1240E-19  0.3120E-15  0.1070E-12  0.6210E-12  0.1030E-11  0.1270E-11  0.1490E-11  0.1550E-11  0.1390E-11  0.1110E-11  0.9500E-12
WAVELENGTH(A)= 
    11.094
 7 14 t 
excit   
    34.900     52.300     87.200    174.000    349.000    872.000   1740.000   2620.000   3490.000   5230.000   8720.000  17400.000  34900.000  52300.000 
  0.1000E+11  0.1000E-73  0.3560E-40  0.1860E-28  0.9820E-20  0.1890E-15  0.5540E-13  0.3080E-12  0.5020E-12  0.6220E-12  0.7280E-12  0.7650E-12  0.6960E-12  0.5670E-12  0.4900E-12
  0.1000E+12  0.1000E-73  0.3560E-40  0.1860E-28  0.9820E-20  0.1890E-15  0.5540E-13  0.3080E-12  0.5020E-12  0.6220E-12  0.7280E-12  0.7650E-12  0.6960E-12  0.5670E-12  0.4900E-12
  0.1000E+13  0.1000E-73  0.3560E-40  0.1860E-28  0.9820E-20  0.1890E-15  0.5540E-13  0.3080E-12  0.5020E-12  0.6220E-12  0.7280E-12  0.7650E-12  0.6960E-12  0.5670E-12  0.4900E-12
  0.1000E+14  0.1000E-73  0.3560E-40  0.1860E-28  0.9820E-20  0.1890E-15  0.5540E-13  0.3080E-12  0.5020E-12  0.6220E-12  0.7280E-12  0.7650E-12  0.6960E-12  0.5670E-12  0.4900E-12
  0.1000E+15  0.1000E-73  0.3560E-40  0.1860E-28  0.9820E-20  0.1890E-15  0.5540E-13  0.3080E-12  0.5020E-12  0.6220E-12  0.7280E-12  0.7650E-12  0.6960E-12  0.5670E-12  0.4900E-12
  0.1000E+16  0.1000E-73  0.3560E-40  0.1860E-28  0.9820E-20  0.1890E-15  0.5540E-13  0.3080E-12  0.5020E-12  0.6220E-12  0.7280E-12  0.7650E-12  0.6960E-12  0.5670E-12  0.4900E-12
  0.1000E+17  0.1000E-73  0.3560E-40  0.1860E-28  0.9820E-20  0.1890E-15  0.5540E-13  0.3070E-12  0.5020E-12  0.6210E-12  0.7280E-12  0.7650E-12  0.6950E-12  0.5660E-12  0.4900E-12
WAVELENGTH(A)= 
    11.224
 7 14 t 
excit   
    34.900     52.300     87.200    174.000    349.000    872.000   1740.000   2620.000   3490.000   5230.000   8720.000  17400.000  34900.000  52300.000 
  0.1000E+11  0.5080E-29  0.4870E-23  0.2710E-18  0.8450E-15  0.4040E-13  0.3360E-12  0.6190E-12  0.7490E-12  0.8240E-12  0.9110E-12  0.9980E-12  0.1050E-11  0.1040E-11  0.1010E-11
  0.1000E+12  0.5080E-29  0.4870E-23  0.2710E-18  0.8450E-15  0.4040E-13  0.3360E-12  0.6190E-12  0.7490E-12  0.8240E-12  0.9110E-12  0.9980E-12  0.1050E-11  0.1040E-11  0.1010E-11
  0.1000E+13  0.5080E-29  0.4870E-23  0.2710E-18  0.8450E-15  0.4040E-13  0.3360E-12  0.6190E-12  0.7490E-12  0.8240E-12  0.9110E-12  0.9980E-12  0.1050E-11  0.1040E-11  0.1010E-11
  0.1000E+14  0.5080E-29  0.4870E-23  0.2710E-18  0.8450E-15  0.4040E-13  0.3360E-12  0.6190E-12  0.7490E-12  0.8240E-12  0.9110E-12  0.9980E-12  0.1050E-11  0.1040E-11  0.1010E-11
  0.1000E+15  0.5080E-29  0.4870E-23  0.2710E-18  0.8450E-15  0.4040E-13  0.3360E-12  0.6190E-12  0.7490E-12  0.8240E-12  0.9110E-12  0.9980E-12  0.1050E-11  0.1040E-11  0.1010E-11
  0.1000E+16  0.5080E-29  0.4870E-23  0.2710E-18  0.8450E-15  0.4040E-13  0.3360E-12  0.6190E-12  0.7490E-12  0.8240E-12  0.9110E-12  0.9980E-12  0.1050E-11  0.1040E-11  0.1010E-11
  0.1000E+17  0.5090E-29  0.4870E-23  0.2710E-18  0.8460E-15  0.4040E-13  0.3360E-12  0.6190E-12  0.7490E-12  0.8240E-12  0.9110E-12  0.9970E-12  0.1050E-11  0.1040E-11  0.1010E-11
WAVELENGTH(A)= 
    11.700
 7 14 t 
excit   
    34.900     52.300     87.200    174.000    349.000    872.000   1740.000   2620.000   3490.000   5230.000   8720.000  17400.000  34900.000  52300.000 
  0.1000E+11  0.1000E-73  0.1930E-36  0.4510E-26  0.2310E-18  0.1390E-14  0.2040E-12  0.9120E-12  0.1400E-11  0.1680E-11  0.1940E-11  0.2040E-11  0.1880E-11  0.1570E-11  0.1370E-11
  0.1000E+12  0.1000E-73  0.1930E-36  0.4510E-26  0.2310E-18  0.1390E-14  0.2040E-12  0.9120E-12  0.1400E-11  0.1680E-11  0.1940E-11  0.2040E-11  0.1880E-11  0.1570E-11  0.1370E-11
  0.1000E+13  0.1000E-73  0.1930E-36  0.4510E-26  0.2310E-18  0.1390E-14  0.2040E-12  0.9120E-12  0.1400E-11  0.1680E-11  0.1940E-11  0.2040E-11  0.1880E-11  0.1570E-11  0.1370E-11
  0.1000E+14  0.1000E-73  0.1930E-36  0.4510E-26  0.2310E-18  0.1390E-14  0.2040E-12  0.9120E-12  0.1400E-11  0.1680E-11  0.1940E-11  0.2040E-11  0.1880E-11  0.1570E-11  0.1370E-11
  0.1000E+15  0.1000E-73  0.1930E-36  0.4510E-26  0.2310E-18  0.1390E-14  0.2040E-12  0.9120E-12  0.1400E-11  0.1680E-11  0.1940E-11  0.2040E-11  0.1880E-11  0.1570E-11  0.1370E-11
  0.1000E+16  0.1000E-73  0.1930E-36  0.4510E-26  0.2310E-18  0.1390E-14  0.2040E-12  0.9120E-12  0.1400E-11  0.1680E-11  0.1940E-11  0.2040E-11  0.1880E-11  0.1570E-11  0.1370E-11
  0.1000E+17  0.1000E-73  0.1940E-36  0.4520E-26  0.2310E-18  0.1390E-14  0.2040E-12  0.9120E-12  0.1400E-11  0.1680E-11  0.1940E-11  0.2040E-11  0.1880E-11  0.1570E-11  0.1370E-11
WAVELENGTH(A)= 
    12.068
 7 14 t 
excit   
    34.900     52.300     87.200    174.000    349.000    872.000   1740.000   2620.000   3490.000   5230.000   8720.000  17400.000  34900.000  52300.000 
  0.1000E+11  0.5250E-23  0.7840E-19  0.1570E-15  0.4180E-13  0.6100E-12  0.2640E-11  0.3990E-11  0.4500E-11  0.4770E-11  0.5080E-11  0.5310E-11  0.5370E-11  0.5140E-11  0.4910E-11
  0.1000E+12  0.5250E-23  0.7840E-19  0.1570E-15  0.4180E-13  0.6100E-12  0.2640E-11  0.3990E-11  0.4500E-11  0.4770E-11  0.5080E-11  0.5310E-11  0.5370E-11  0.5140E-11  0.4910E-11
  0.1000E+13  0.5250E-23  0.7840E-19  0.1570E-15  0.4180E-13  0.6100E-12  0.2640E-11  0.3990E-11  0.4500E-11  0.4770E-11  0.5080E-11  0.5310E-11  0.5370E-11  0.5140E-11  0.4910E-11
  0.1000E+14  0.5250E-23  0.7840E-19  0.1570E-15  0.4180E-13  0.6100E-12  0.2640E-11  0.3990E-11  0.4500E-11  0.4770E-11  0.5080E-11  0.5310E-11  0.5370E-11  0.5140E-11  0.4910E-11
  0.1000E+15  0.5250E-23  0.7840E-19  0.1570E-15  0.4180E-13  0.6100E-12  0.2640E-11  0.3990E-11  0.4500E-11  0.4770E-11  0.5080E-11  0.5310E-11  0.5370E-11  0.5140E-11  0.4910E-11
  0.1000E+16  0.5250E-23  0.7840E-19  0.1570E-15  0.4180E-13  0.6100E-12  0.2640E-11  0.3990E-11  0.4500E-11  0.4770E-11  0.5080E-11  0.5310E-11  0.5370E-11  0.5140E-11  0.4910E-11
  0.1000E+17  0.5260E-23  0.7860E-19  0.1580E-15  0.4180E-13  0.6100E-12  0.2640E-11  0.3990E-11  0.4500E-11  0.4770E-11  0.5080E-11  0.5310E-11  0.5370E-11  0.5140E-11  0.4910E-11
WAVELENGTH(A)= 
    12.492
 7 14 t 
excit   
    34.900     52.300     87.200    174.000    349.000    872.000   1740.000   2620.000   3490.000   5230.000   8720.000  17400.000  34900.000  52300.000 
  0.1000E+11  0.1000E-73  0.3750E-36  0.5240E-26  0.1830E-18  0.9080E-15  0.1180E-12  0.4950E-12  0.7370E-12  0.8660E-12  0.9640E-12  0.9670E-12  0.8430E-12  0.6700E-12  0.5720E-12
  0.1000E+12  0.1000E-73  0.3750E-36  0.5240E-26  0.1830E-18  0.9080E-15  0.1180E-12  0.4950E-12  0.7370E-12  0.8660E-12  0.9640E-12  0.9670E-12  0.8430E-12  0.6700E-12  0.5720E-12
  0.1000E+13  0.1000E-73  0.3750E-36  0.5240E-26  0.1830E-18  0.9080E-15  0.1180E-12  0.4950E-12  0.7370E-12  0.8660E-12  0.9640E-12  0.9670E-12  0.8430E-12  0.6700E-12  0.5720E-12
  0.1000E+14  0.1000E-73  0.3750E-36  0.5240E-26  0.1830E-18  0.9080E-15  0.1180E-12  0.4950E-12  0.7370E-12  0.8660E-12  0.9640E-12  0.9670E-12  0.8430E-12  0.6700E-12  0.5720E-12
  0.1000E+15  0.1000E-73  0.3750E-36  0.5240E-26  0.1830E-18  0.9080E-15  0.1180E-12  0.4950E-12  0.7370E-12  0.8660E-12  0.9640E-12  0.9670E-12  0.8430E-12  0.6700E-12  0.5720E-12
  0.1000E+16  0.1000E-73  0.3750E-36  0.5240E-26  0.1830E-18  0.9080E-15  0.1180E-12  0.4950E-12  0.7370E-12  0.8660E-12  0.9640E-12  0.9670E-12  0.8430E-12  0.6700E-12  0.5720E-12
  0.1000E+17  0.8770E-49  0.3760E-36  0.5250E-26  0.1830E-18  0.9080E-15  0.1180E-12  0.4950E-12  0.7360E-12  0.8660E-12  0.9640E-12  0.9670E-12  0.8430E-12  0.6700E-12  0.5720E-12
WAVELENGTH(A)= 
    12.715
 7 14 t 
excit   
    34.900     52.300     87.200    174.000    349.000    872.000   1740.000   2620.000   3490.000   5230.000   8720.000  17400.000  34900.000  52300.000 
  0.1000E+11  0.1000E-73  0.5040E-37  0.1900E-26  0.1460E-18  0.1160E-14  0.2160E-12  0.1090E-11  0.1780E-11  0.2250E-11  0.2800E-11  0.3290E-11  0.3630E-11  0.3650E-11  0.3550E-11
  0.1000E+12  0.1000E-73  0.5040E-37  0.1900E-26  0.1460E-18  0.1160E-14  0.2160E-12  0.1090E-11  0.1780E-11  0.2250E-11  0.2800E-11  0.3290E-11  0.3630E-11  0.3650E-11  0.3550E-11
  0.1000E+13  0.1000E-73  0.5040E-37  0.1900E-26  0.1460E-18  0.1160E-14  0.2160E-12  0.1090E-11  0.1780E-11  0.2250E-11  0.2800E-11  0.3290E-11  0.3630E-11  0.3650E-11  0.3550E-11
  0.1000E+14  0.1000E-73  0.5040E-37  0.1900E-26  0.1460E-18  0.1160E-14  0.2160E-12  0.1090E-11  0.1780E-11  0.2250E-11  0.2800E-11  0.3290E-11  0.3630E-11  0.3650E-11  0.3550E-11
  0.1000E+15  0.1000E-73  0.5040E-37  0.1900E-26  0.1460E-18  0.1160E-14  0.2160E-12  0.1090E-11  0.1780E-11  0.2250E-11  0.2800E-11  0.3290E-11  0.3630E-11  0.3650E-11  0.3550E-11
  0.1000E+16  0.1000E-73  0.5040E-37  0.1900E-26  0.1460E-18  0.1160E-14  0.2160E-12  0.1090E-11  0.1780E-11  0.2250E-11  0.2800E-11  0.3290E-11  0.3630E-11  0.3650E-11  0.3550E-11
  0.1000E+17  0.1000E-73  0.5040E-37  0.1900E-26  0.1460E-18  0.1160E-14  0.2160E-12  0.1090E-11  0.1780E-11  0.2250E-11  0.2800E-11  0.3290E-11  0.3630E-11  0.3640E-11  0.3540E-11
WAVELENGTH(A)= 
    12.880
 7 14 t 
excit   
    34.900     52.300     87.200    174.000    349.000    872.000   1740.000   2620.000   3490.000   5230.000   8720.000  17400.000  34900.000  52300.000 
  0.1000E+11  0.8750E-24  0.3190E-19  0.1310E-15  0.5830E-13  0.1070E-11  0.5170E-11  0.7840E-11  0.8620E-11  0.8840E-11  0.8760E-11  0.8220E-11  0.7070E-11  0.5740E-11  0.5040E-11
  0.1000E+12  0.8750E-24  0.3190E-19  0.1310E-15  0.5830E-13  0.1070E-11  0.5170E-11  0.7840E-11  0.8620E-11  0.8840E-11  0.8760E-11  0.8220E-11  0.7070E-11  0.5740E-11  0.5040E-11
  0.1000E+13  0.8750E-24  0.3190E-19  0.1310E-15  0.5830E-13  0.1070E-11  0.5170E-11  0.7840E-11  0.8620E-11  0.8840E-11  0.8760E-11  0.8220E-11  0.7070E-11  0.5740E-11  0.5040E-11
  0.1000E+14  0.8750E-24  0.3190E-19  0.1310E-15  0.5830E-13  0.1070E-11  0.5170E-11  0.7840E-11  0.8620E-11  0.8840E-11  0.8760E-11  0.8220E-11  0.7070E-11  0.5740E-11  0.5040E-11
  0.1000E+15  0.8750E-24  0.3190E-19  0.1310E-15  0.5830E-13  0.1070E-11  0.5170E-11  0.7840E-11  0.8620E-11  0.8840E-11  0.8760E-11  0.8220E-11  0.7070E-11  0.5740E-11  0.5040E-11
  0.1000E+16  0.8750E-24  0.3190E-19  0.1310E-15  0.5830E-13  0.1070E-11  0.5170E-11  0.7840E-11  0.8620E-11  0.8840E-11  0.8750E-11  0.8220E-11  0.7070E-11  0.5740E-11  0.5040E-11
  0.1000E+17  0.8760E-24  0.3190E-19  0.1310E-15  0.5830E-13  0.1070E-11  0.5170E-11  0.7840E-11  0.8610E-11  0.8840E-11  0.8750E-11  0.8220E-11  0.7070E-11  0.5740E-11  0.5030E-11
WAVELENGTH(A)= 
    14.551
 7 14 t 
excit   
    34.900     52.300     87.200    174.000    349.000    872.000   1740.000   2620.000   3490.000   5230.000   8720.000  17400.000  34900.000  52300.000 
  0.1000E+11  0.1000E-73  0.3190E-32  0.3930E-23  0.2250E-16  0.4620E-13  0.3640E-11  0.1350E-10  0.1980E-10  0.2350E-10  0.2710E-10  0.2950E-10  0.2960E-10  0.2760E-10  0.2600E-10
  0.1000E+12  0.1000E-73  0.3190E-32  0.3930E-23  0.2250E-16  0.4620E-13  0.3640E-11  0.1350E-10  0.1980E-10  0.2350E-10  0.2710E-10  0.2950E-10  0.2960E-10  0.2760E-10  0.2600E-10
  0.1000E+13  0.1560E-43  0.3190E-32  0.3930E-23  0.2250E-16  0.4620E-13  0.3640E-11  0.1350E-10  0.1980E-10  0.2350E-10  0.2710E-10  0.2950E-10  0.2960E-10  0.2760E-10  0.2600E-10
  0.1000E+14  0.1240E-43  0.3190E-32  0.3930E-23  0.2250E-16  0.4620E-13  0.3640E-11  0.1350E-10  0.1980E-10  0.2350E-10  0.2710E-10  0.2950E-10  0.2960E-10  0.2760E-10  0.2600E-10
  0.1000E+15  0.1230E-43  0.3190E-32  0.3930E-23  0.2250E-16  0.4620E-13  0.3640E-11  0.1350E-10  0.1980E-10  0.2350E-10  0.2710E-10  0.2950E-10  0.2960E-10  0.2760E-10  0.2600E-10
  0.1000E+16  0.1230E-43  0.3190E-32  0.3930E-23  0.2250E-16  0.4620E-13  0.3640E-11  0.1350E-10  0.1980E-10  0.2350E-10  0.2710E-10  0.2950E-10  0.2960E-10  0.2760E-10  0.2600E-10
  0.1000E+17  0.1230E-43  0.3190E-32  0.3930E-23  0.2250E-16  0.4610E-13  0.3640E-11  0.1350E-10  0.1980E-10  0.2350E-10  0.2710E-10  0.2950E-10  0.2960E-10  0.2760E-10  0.2600E-10
WAVELENGTH(A)= 
    14.563
 7 14 t 
excit   
    34.900     52.300     87.200    174.000    349.000    872.000   1740.000   2620.000   3490.000   5230.000   8720.000  17400.000  34900.000  52300.000 
  0.1000E+11  0.1000E-73  0.4260E-37  0.2910E-26  0.3340E-18  0.3020E-14  0.5610E-12  0.2660E-11  0.4140E-11  0.4970E-11  0.5670E-11  0.5810E-11  0.5160E-11  0.4170E-11  0.3600E-11
  0.1000E+12  0.1000E-73  0.4260E-37  0.2910E-26  0.3340E-18  0.3020E-14  0.5610E-12  0.2660E-11  0.4140E-11  0.4970E-11  0.5670E-11  0.5810E-11  0.5160E-11  0.4170E-11  0.3600E-11
  0.1000E+13  0.1000E-73  0.4260E-37  0.2910E-26  0.3340E-18  0.3020E-14  0.5610E-12  0.2660E-11  0.4140E-11  0.4970E-11  0.5670E-11  0.5810E-11  0.5160E-11  0.4170E-11  0.3600E-11
  0.1000E+14  0.1000E-73  0.4260E-37  0.2910E-26  0.3340E-18  0.3020E-14  0.5610E-12  0.2660E-11  0.4140E-11  0.4970E-11  0.5670E-11  0.5810E-11  0.5160E-11  0.4170E-11  0.3600E-11
  0.1000E+15  0.1000E-73  0.4260E-37  0.2910E-26  0.3340E-18  0.3020E-14  0.5610E-12  0.2660E-11  0.4140E-11  0.4970E-11  0.5670E-11  0.5810E-11  0.5160E-11  0.4170E-11  0.3600E-11
  0.1000E+16  0.1000E-73  0.4260E-37  0.2910E-26  0.3340E-18  0.3020E-14  0.5610E-12  0.2660E-11  0.4140E-11  0.4970E-11  0.5670E-11  0.5810E-11  0.5160E-11  0.4170E-11  0.3600E-11
  0.1000E+17  0.1000E-73  0.4260E-37  0.2910E-26  0.3340E-18  0.3020E-14  0.5610E-12  0.2660E-11  0.4140E-11  0.4970E-11  0.5670E-11  0.5810E-11  0.5160E-11  0.4170E-11  0.3600E-11
WAVELENGTH(A)= 
    15.703
 7 14 t 
excit   
    34.900     52.300     87.200    174.000    349.000    872.000   1740.000   2620.000   3490.000   5230.000   8720.000  17400.000  34900.000  52300.000 
  0.1000E+11  0.4740E-21  0.3320E-17  0.3600E-14  0.5890E-12  0.6460E-11  0.2220E-10  0.2910E-10  0.2980E-10  0.2930E-10  0.2750E-10  0.2430E-10  0.1940E-10  0.1490E-10  0.1270E-10
  0.1000E+12  0.4740E-21  0.3320E-17  0.3600E-14  0.5890E-12  0.6460E-11  0.2220E-10  0.2910E-10  0.2980E-10  0.2930E-10  0.2750E-10  0.2430E-10  0.1940E-10  0.1490E-10  0.1270E-10
  0.1000E+13  0.4740E-21  0.3320E-17  0.3600E-14  0.5890E-12  0.6460E-11  0.2220E-10  0.2910E-10  0.2980E-10  0.2930E-10  0.2750E-10  0.2430E-10  0.1940E-10  0.1490E-10  0.1270E-10
  0.1000E+14  0.4740E-21  0.3320E-17  0.3600E-14  0.5890E-12  0.6460E-11  0.2220E-10  0.2910E-10  0.2980E-10  0.2930E-10  0.2750E-10  0.2430E-10  0.1940E-10  0.1490E-10  0.1270E-10
  0.1000E+15  0.4740E-21  0.3320E-17  0.3600E-14  0.5890E-12  0.6460E-11  0.2220E-10  0.2910E-10  0.2980E-10  0.2930E-10  0.2750E-10  0.2430E-10  0.1940E-10  0.1490E-10  0.1270E-10
  0.1000E+16  0.4740E-21  0.3320E-17  0.3600E-14  0.5890E-12  0.6460E-11  0.2220E-10  0.2910E-10  0.2980E-10  0.2930E-10  0.2750E-10  0.2430E-10  0.1940E-10  0.1490E-10  0.1270E-10
  0.1000E+17  0.4740E-21  0.3320E-17  0.3600E-14  0.5890E-12  0.6460E-11  0.2220E-10  0.2900E-10  0.2980E-10  0.2930E-10  0.2750E-10  0.2430E-10  0.1940E-10  0.1490E-10  0.1270E-10
WAVELENGTH(A)= 
    17.241
 7 14 t 
excit   
    34.900     52.300     87.200    174.000    349.000    872.000   1740.000   2620.000   3490.000   5230.000   8720.000  17400.000  34900.000  52300.000 
  0.1000E+11  0.1000E-73  0.3150E-33  0.5440E-24  0.3970E-17  0.9100E-14  0.7530E-12  0.2790E-11  0.4050E-11  0.4740E-11  0.5330E-11  0.5510E-11  0.5040E-11  0.4200E-11  0.3670E-11
  0.1000E+12  0.1000E-73  0.3150E-33  0.5440E-24  0.3970E-17  0.9100E-14  0.7530E-12  0.2790E-11  0.4050E-11  0.4740E-11  0.5330E-11  0.5510E-11  0.5040E-11  0.4200E-11  0.3670E-11
  0.1000E+13  0.1000E-73  0.3150E-33  0.5440E-24  0.3970E-17  0.9100E-14  0.7530E-12  0.2790E-11  0.4050E-11  0.4740E-11  0.5330E-11  0.5510E-11  0.5040E-11  0.4200E-11  0.3670E-11
  0.1000E+14  0.1000E-73  0.3150E-33  0.5440E-24  0.3970E-17  0.9100E-14  0.7530E-12  0.2790E-11  0.4050E-11  0.4740E-11  0.5330E-11  0.5510E-11  0.5040E-11  0.4200E-11  0.3670E-11
  0.1000E+15  0.8830E-45  0.3150E-33  0.5440E-24  0.3970E-17  0.9100E-14  0.7530E-12  0.2790E-11  0.4050E-11  0.4740E-11  0.5330E-11  0.5510E-11  0.5040E-11  0.4200E-11  0.3670E-11
  0.1000E+16  0.7950E-45  0.3150E-33  0.5440E-24  0.3970E-17  0.9100E-14  0.7530E-12  0.2790E-11  0.4050E-11  0.4740E-11  0.5340E-11  0.5510E-11  0.5040E-11  0.4200E-11  0.3670E-11
  0.1000E+17  0.8060E-45  0.3180E-33  0.5470E-24  0.3980E-17  0.9130E-14  0.7550E-12  0.2800E-11  0.4060E-11  0.4750E-11  0.5340E-11  0.5520E-11  0.5040E-11  0.4200E-11  0.3670E-11
WAVELENGTH(A)= 
    18.252
 7 14 t 
excit   
    34.900     52.300     87.200    174.000    349.000    872.000   1740.000   2620.000   3490.000   5230.000   8720.000  17400.000  34900.000  52300.000 
  0.1000E+11  0.1000E-73  0.7600E-36  0.1400E-25  0.6000E-18  0.3350E-14  0.4720E-12  0.2070E-11  0.3140E-11  0.3750E-11  0.4260E-11  0.4410E-11  0.4010E-11  0.3330E-11  0.2920E-11
  0.1000E+12  0.1000E-73  0.7600E-36  0.1400E-25  0.6000E-18  0.3350E-14  0.4720E-12  0.2070E-11  0.3140E-11  0.3750E-11  0.4260E-11  0.4410E-11  0.4010E-11  0.3330E-11  0.2920E-11
  0.1000E+13  0.1000E-73  0.7600E-36  0.1400E-25  0.6000E-18  0.3350E-14  0.4720E-12  0.2070E-11  0.3140E-11  0.3750E-11  0.4260E-11  0.4410E-11  0.4010E-11  0.3330E-11  0.2920E-11
  0.1000E+14  0.1000E-73  0.7600E-36  0.1400E-25  0.6000E-18  0.3350E-14  0.4720E-12  0.2070E-11  0.3140E-11  0.3750E-11  0.4260E-11  0.4410E-11  0.4010E-11  0.3330E-11  0.2920E-11
  0.1000E+15  0.1000E-73  0.7600E-36  0.1400E-25  0.6000E-18  0.3350E-14  0.4720E-12  0.2070E-11  0.3140E-11  0.3750E-11  0.4260E-11  0.4410E-11  0.4010E-11  0.3330E-11  0.2920E-11
  0.1000E+16  0.1000E-73  0.7600E-36  0.1400E-25  0.6000E-18  0.3350E-14  0.4720E-12  0.2070E-11  0.3140E-11  0.3750E-11  0.4260E-11  0.4410E-11  0.4010E-11  0.3330E-11  0.2920E-11
  0.1000E+17  0.1000E-73  0.7600E-36  0.1400E-25  0.6000E-18  0.3350E-14  0.4710E-12  0.2070E-11  0.3140E-11  0.3750E-11  0.4260E-11  0.4400E-11  0.4010E-11  0.3330E-11  0.2920E-11
WAVELENGTH(A)= 
    18.534
 7 14 t 
excit   
    34.900     52.300     87.200    174.000    349.000    872.000   1740.000   2620.000   3490.000   5230.000   8720.000  17400.000  34900.000  52300.000 
  0.1000E+11  0.1120E-22  0.1670E-18  0.3350E-15  0.8880E-13  0.1300E-11  0.5620E-11  0.8490E-11  0.9570E-11  0.1010E-10  0.1080E-10  0.1130E-10  0.1140E-10  0.1090E-10  0.1040E-10
  0.1000E+12  0.1120E-22  0.1670E-18  0.3350E-15  0.8880E-13  0.1300E-11  0.5620E-11  0.8490E-11  0.9570E-11  0.1010E-10  0.1080E-10  0.1130E-10  0.1140E-10  0.1090E-10  0.1040E-10
  0.1000E+13  0.1120E-22  0.1670E-18  0.3350E-15  0.8880E-13  0.1300E-11  0.5620E-11  0.8490E-11  0.9570E-11  0.1010E-10  0.1080E-10  0.1130E-10  0.1140E-10  0.1090E-10  0.1040E-10
  0.1000E+14  0.1120E-22  0.1670E-18  0.3350E-15  0.8880E-13  0.1300E-11  0.5620E-11  0.8490E-11  0.9570E-11  0.1010E-10  0.1080E-10  0.1130E-10  0.1140E-10  0.1090E-10  0.1040E-10
  0.1000E+15  0.1120E-22  0.1670E-18  0.3350E-15  0.8880E-13  0.1300E-11  0.5620E-11  0.8490E-11  0.9570E-11  0.1010E-10  0.1080E-10  0.1130E-10  0.1140E-10  0.1090E-10  0.1040E-10
  0.1000E+16  0.1120E-22  0.1670E-18  0.3350E-15  0.8880E-13  0.1300E-11  0.5620E-11  0.8490E-11  0.9570E-11  0.1010E-10  0.1080E-10  0.1130E-10  0.1140E-10  0.1090E-10  0.1040E-10
  0.1000E+17  0.1120E-22  0.1670E-18  0.3350E-15  0.8890E-13  0.1300E-11  0.5630E-11  0.8490E-11  0.9560E-11  0.1010E-10  0.1080E-10  0.1130E-10  0.1140E-10  0.1090E-10  0.1040E-10
WAVELENGTH(A)= 
    20.807
 7 14 t 
excit   
    34.900     52.300     87.200    174.000    349.000    872.000   1740.000   2620.000   3490.000   5230.000   8720.000  17400.000  34900.000  52300.000 
  0.1000E+11  0.1000E-73  0.5030E-32  0.3410E-23  0.1260E-16  0.2140E-13  0.1550E-11  0.5520E-11  0.7830E-11  0.9020E-11  0.9960E-11  0.1010E-10  0.9130E-11  0.7640E-11  0.6730E-11
  0.1000E+12  0.4440E-43  0.5030E-32  0.3410E-23  0.1260E-16  0.2140E-13  0.1550E-11  0.5520E-11  0.7830E-11  0.9020E-11  0.9960E-11  0.1010E-10  0.9130E-11  0.7640E-11  0.6730E-11
  0.1000E+13  0.4110E-43  0.5030E-32  0.3410E-23  0.1260E-16  0.2140E-13  0.1550E-11  0.5520E-11  0.7830E-11  0.9020E-11  0.9960E-11  0.1010E-10  0.9130E-11  0.7640E-11  0.6730E-11
  0.1000E+14  0.4120E-43  0.5030E-32  0.3410E-23  0.1260E-16  0.2140E-13  0.1550E-11  0.5520E-11  0.7830E-11  0.9020E-11  0.9960E-11  0.1010E-10  0.9130E-11  0.7640E-11  0.6730E-11
  0.1000E+15  0.4130E-43  0.5030E-32  0.3410E-23  0.1260E-16  0.2140E-13  0.1550E-11  0.5520E-11  0.7830E-11  0.9020E-11  0.9960E-11  0.1010E-10  0.9130E-11  0.7640E-11  0.6730E-11
  0.1000E+16  0.4130E-43  0.5030E-32  0.3410E-23  0.1260E-16  0.2140E-13  0.1550E-11  0.5520E-11  0.7830E-11  0.9020E-11  0.9960E-11  0.1010E-10  0.9130E-11  0.7640E-11  0.6730E-11
  0.1000E+17  0.4150E-43  0.5050E-32  0.3410E-23  0.1260E-16  0.2140E-13  0.1550E-11  0.5520E-11  0.7830E-11  0.9020E-11  0.9960E-11  0.1010E-10  0.9130E-11  0.7640E-11  0.6730E-11
WAVELENGTH(A)= 
    20.810
 7 14 t 
excit   
    34.900     52.300     87.200    174.000    349.000    872.000   1740.000   2620.000   3490.000   5230.000   8720.000  17400.000  34900.000  52300.000 
  0.1000E+11  0.1000E-73  0.7350E-38  0.2780E-27  0.2130E-19  0.1700E-15  0.3160E-13  0.1590E-12  0.2600E-12  0.3290E-12  0.4090E-12  0.4810E-12  0.5300E-12  0.5320E-12  0.5180E-12
  0.1000E+12  0.1000E-73  0.7350E-38  0.2780E-27  0.2130E-19  0.1700E-15  0.3160E-13  0.1590E-12  0.2600E-12  0.3290E-12  0.4090E-12  0.4810E-12  0.5300E-12  0.5320E-12  0.5180E-12
  0.1000E+13  0.1000E-73  0.7350E-38  0.2780E-27  0.2130E-19  0.1700E-15  0.3160E-13  0.1590E-12  0.2600E-12  0.3290E-12  0.4090E-12  0.4810E-12  0.5300E-12  0.5320E-12  0.5180E-12
  0.1000E+14  0.1000E-73  0.7350E-38  0.2780E-27  0.2130E-19  0.1700E-15  0.3160E-13  0.1590E-12  0.2600E-12  0.3290E-12  0.4090E-12  0.4810E-12  0.5300E-12  0.5320E-12  0.5180E-12
  0.1000E+15  0.1000E-73  0.7350E-38  0.2780E-27  0.2130E-19  0.1700E-15  0.3160E-13  0.1590E-12  0.2600E-12  0.3290E-12  0.4090E-12  0.4810E-12  0.5300E-12  0.5320E-12  0.5180E-12
  0.1000E+16  0.1000E-73  0.7350E-38  0.2780E-27  0.2130E-19  0.1700E-15  0.3150E-13  0.1590E-12  0.2600E-12  0.3290E-12  0.4090E-12  0.4810E-12  0.5300E-12  0.5320E-12  0.5170E-12
  0.1000E+17  0.1000E-73  0.7350E-38  0.2780E-27  0.2130E-19  0.1700E-15  0.3150E-13  0.1590E-12  0.2600E-12  0.3290E-12  0.4090E-12  0.4810E-12  0.5300E-12  0.5320E-12  0.5170E-12
WAVELENGTH(A)= 
    21.180
 7 14 t 
excit   
    34.900     52.300     87.200    174.000    349.000    872.000   1740.000   2620.000   3490.000   5230.000   8720.000  17400.000  34900.000  52300.000 
  0.1000E+11  0.1330E-24  0.4860E-20  0.1990E-16  0.8870E-14  0.1630E-12  0.7870E-12  0.1190E-11  0.1310E-11  0.1350E-11  0.1330E-11  0.1250E-11  0.1080E-11  0.8740E-12  0.7670E-12
  0.1000E+12  0.1330E-24  0.4860E-20  0.1990E-16  0.8870E-14  0.1630E-12  0.7870E-12  0.1190E-11  0.1310E-11  0.1350E-11  0.1330E-11  0.1250E-11  0.1080E-11  0.8740E-12  0.7670E-12
  0.1000E+13  0.1330E-24  0.4860E-20  0.1990E-16  0.8870E-14  0.1630E-12  0.7870E-12  0.1190E-11  0.1310E-11  0.1350E-11  0.1330E-11  0.1250E-11  0.1080E-11  0.8740E-12  0.7670E-12
  0.1000E+14  0.1330E-24  0.4860E-20  0.1990E-16  0.8870E-14  0.1630E-12  0.7870E-12  0.1190E-11  0.1310E-11  0.1350E-11  0.1330E-11  0.1250E-11  0.1080E-11  0.8740E-12  0.7670E-12
  0.1000E+15  0.1330E-24  0.4860E-20  0.1990E-16  0.8870E-14  0.1630E-12  0.7870E-12  0.1190E-11  0.1310E-11  0.1350E-11  0.1330E-11  0.1250E-11  0.1080E-11  0.8740E-12  0.7670E-12
  0.1000E+16  0.1330E-24  0.4860E-20  0.1990E-16  0.8870E-14  0.1630E-12  0.7870E-12  0.1190E-11  0.1310E-11  0.1350E-11  0.1330E-11  0.1250E-11  0.1080E-11  0.8740E-12  0.7660E-12
  0.1000E+17  0.1330E-24  0.4860E-20  0.1990E-16  0.8870E-14  0.1630E-12  0.7870E-12  0.1190E-11  0.1310E-11  0.1340E-11  0.1330E-11  0.1250E-11  0.1080E-11  0.8740E-12  0.7660E-12
WAVELENGTH(A)= 
    24.067
 7 14 t 
excit   
    34.900     52.300     87.200    174.000    349.000    872.000   1740.000   2620.000   3490.000   5230.000   8720.000  17400.000  34900.000  52300.000 
  0.1000E+11  0.2700E-29  0.2590E-23  0.1440E-18  0.4490E-15  0.2150E-13  0.1780E-12  0.3290E-12  0.3980E-12  0.4380E-12  0.4840E-12  0.5300E-12  0.5600E-12  0.5540E-12  0.5370E-12
  0.1000E+12  0.2700E-29  0.2590E-23  0.1440E-18  0.4490E-15  0.2150E-13  0.1780E-12  0.3290E-12  0.3980E-12  0.4380E-12  0.4840E-12  0.5300E-12  0.5600E-12  0.5540E-12  0.5370E-12
  0.1000E+13  0.2700E-29  0.2590E-23  0.1440E-18  0.4490E-15  0.2150E-13  0.1780E-12  0.3290E-12  0.3980E-12  0.4380E-12  0.4840E-12  0.5300E-12  0.5600E-12  0.5540E-12  0.5370E-12
  0.1000E+14  0.2700E-29  0.2590E-23  0.1440E-18  0.4490E-15  0.2150E-13  0.1780E-12  0.3290E-12  0.3980E-12  0.4380E-12  0.4840E-12  0.5300E-12  0.5600E-12  0.5540E-12  0.5370E-12
  0.1000E+15  0.2700E-29  0.2590E-23  0.1440E-18  0.4490E-15  0.2150E-13  0.1780E-12  0.3290E-12  0.3980E-12  0.4380E-12  0.4840E-12  0.5300E-12  0.5600E-12  0.5540E-12  0.5370E-12
  0.1000E+16  0.2700E-29  0.2590E-23  0.1440E-18  0.4490E-15  0.2150E-13  0.1780E-12  0.3290E-12  0.3980E-12  0.4380E-12  0.4840E-12  0.5300E-12  0.5600E-12  0.5540E-12  0.5370E-12
  0.1000E+17  0.2710E-29  0.2590E-23  0.1440E-18  0.4500E-15  0.2150E-13  0.1790E-12  0.3290E-12  0.3980E-12  0.4380E-12  0.4840E-12  0.5300E-12  0.5590E-12  0.5540E-12  0.5370E-12
WAVELENGTH(A)= 
    25.317
 7 14 t 
excit   
    34.900     52.300     87.200    174.000    349.000    872.000   1740.000   2620.000   3490.000   5230.000   8720.000  17400.000  34900.000  52300.000 
  0.1000E+11  0.1000E-73  0.3340E-41  0.2630E-29  0.1870E-20  0.4220E-16  0.1390E-13  0.8370E-13  0.1460E-12  0.1910E-12  0.2470E-12  0.3030E-12  0.3490E-12  0.3640E-12  0.3600E-12
  0.1000E+12  0.1000E-73  0.3400E-41  0.2630E-29  0.1870E-20  0.4220E-16  0.1390E-13  0.8370E-13  0.1460E-12  0.1910E-12  0.2470E-12  0.3030E-12  0.3490E-12  0.3640E-12  0.3600E-12
  0.1000E+13  0.1000E-73  0.3400E-41  0.2630E-29  0.1870E-20  0.4220E-16  0.1390E-13  0.8370E-13  0.1460E-12  0.1910E-12  0.2470E-12  0.3030E-12  0.3490E-12  0.3640E-12  0.3600E-12
  0.1000E+14  0.1000E-73  0.3400E-41  0.2630E-29  0.1870E-20  0.4220E-16  0.1390E-13  0.8370E-13  0.1460E-12  0.1910E-12  0.2470E-12  0.3030E-12  0.3490E-12  0.3640E-12  0.3600E-12
  0.1000E+15  0.1000E-73  0.3400E-41  0.2630E-29  0.1870E-20  0.4220E-16  0.1390E-13  0.8370E-13  0.1460E-12  0.1910E-12  0.2470E-12  0.3030E-12  0.3490E-12  0.3640E-12  0.3600E-12
  0.1000E+16  0.1000E-73  0.3400E-41  0.2630E-29  0.1870E-20  0.4220E-16  0.1390E-13  0.8370E-13  0.1460E-12  0.1910E-12  0.2470E-12  0.3030E-12  0.3490E-12  0.3640E-12  0.3600E-12
  0.1000E+17  0.1000E-73  0.3400E-41  0.2630E-29  0.1870E-20  0.4220E-16  0.1390E-13  0.8360E-13  0.1460E-12  0.1910E-12  0.2470E-12  0.3030E-12  0.3490E-12  0.3640E-12  0.3600E-12
WAVELENGTH(A)= 
    25.443
 7 14 t 
excit   
    34.900     52.300     87.200    174.000    349.000    872.000   1740.000   2620.000   3490.000   5230.000   8720.000  17400.000  34900.000  52300.000 
  0.1000E+11  0.1120E-29  0.1750E-23  0.1450E-18  0.6060E-15  0.3340E-13  0.3020E-12  0.5490E-12  0.6340E-12  0.6650E-12  0.6680E-12  0.6280E-12  0.5280E-12  0.4180E-12  0.3570E-12
  0.1000E+12  0.1120E-29  0.1750E-23  0.1450E-18  0.6060E-15  0.3340E-13  0.3020E-12  0.5490E-12  0.6340E-12  0.6650E-12  0.6680E-12  0.6280E-12  0.5280E-12  0.4180E-12  0.3570E-12
  0.1000E+13  0.1120E-29  0.1750E-23  0.1450E-18  0.6060E-15  0.3340E-13  0.3020E-12  0.5490E-12  0.6340E-12  0.6650E-12  0.6680E-12  0.6280E-12  0.5280E-12  0.4180E-12  0.3570E-12
  0.1000E+14  0.1120E-29  0.1750E-23  0.1450E-18  0.6060E-15  0.3340E-13  0.3020E-12  0.5490E-12  0.6340E-12  0.6650E-12  0.6680E-12  0.6280E-12  0.5280E-12  0.4180E-12  0.3570E-12
  0.1000E+15  0.1120E-29  0.1750E-23  0.1450E-18  0.6060E-15  0.3340E-13  0.3020E-12  0.5490E-12  0.6340E-12  0.6650E-12  0.6680E-12  0.6280E-12  0.5280E-12  0.4180E-12  0.3570E-12
  0.1000E+16  0.1120E-29  0.1750E-23  0.1450E-18  0.6060E-15  0.3340E-13  0.3020E-12  0.5490E-12  0.6340E-12  0.6650E-12  0.6680E-12  0.6280E-12  0.5280E-12  0.4180E-12  0.3570E-12
  0.1000E+17  0.1120E-29  0.1750E-23  0.1450E-18  0.6060E-15  0.3340E-13  0.3020E-12  0.5490E-12  0.6340E-12  0.6640E-12  0.6680E-12  0.6280E-12  0.5280E-12  0.4180E-12  0.3570E-12
WAVELENGTH(A)= 
    28.212
 7 14 t 
excit   
    34.900     52.300     87.200    174.000    349.000    872.000   1740.000   2620.000   3490.000   5230.000   8720.000  17400.000  34900.000  52300.000 
  0.1000E+11  0.1000E-73  0.3830E-36  0.7400E-26  0.3300E-18  0.1860E-14  0.2630E-12  0.1170E-11  0.1830E-11  0.2230E-11  0.2640E-11  0.2910E-11  0.2950E-11  0.2770E-11  0.2600E-11
  0.1000E+12  0.1000E-73  0.3830E-36  0.7400E-26  0.3300E-18  0.1860E-14  0.2630E-12  0.1170E-11  0.1830E-11  0.2230E-11  0.2640E-11  0.2910E-11  0.2950E-11  0.2770E-11  0.2600E-11
  0.1000E+13  0.1000E-73  0.3830E-36  0.7400E-26  0.3300E-18  0.1860E-14  0.2630E-12  0.1170E-11  0.1830E-11  0.2230E-11  0.2640E-11  0.2910E-11  0.2950E-11  0.2770E-11  0.2600E-11
  0.1000E+14  0.1000E-73  0.3830E-36  0.7400E-26  0.3300E-18  0.1860E-14  0.2630E-12  0.1170E-11  0.1830E-11  0.2230E-11  0.2640E-11  0.2910E-11  0.2950E-11  0.2770E-11  0.2600E-11
  0.1000E+15  0.1000E-73  0.3830E-36  0.7400E-26  0.3300E-18  0.1860E-14  0.2630E-12  0.1170E-11  0.1830E-11  0.2230E-11  0.2640E-11  0.2910E-11  0.2950E-11  0.2770E-11  0.2600E-11
  0.1000E+16  0.1000E-73  0.3830E-36  0.7400E-26  0.3300E-18  0.1860E-14  0.2630E-12  0.1170E-11  0.1830E-11  0.2230E-11  0.2640E-11  0.2910E-11  0.2950E-11  0.2770E-11  0.2600E-11
  0.1000E+17  0.1000E-73  0.3830E-36  0.7400E-26  0.3300E-18  0.1860E-14  0.2630E-12  0.1170E-11  0.1830E-11  0.2220E-11  0.2640E-11  0.2910E-11  0.2950E-11  0.2770E-11  0.2600E-11
WAVELENGTH(A)= 
    28.233
 7 14 t 
excit   
    34.900     52.300     87.200    174.000    349.000    872.000   1740.000   2620.000   3490.000   5230.000   8720.000  17400.000  34900.000  52300.000 
  0.1000E+11  0.1000E-73  0.4370E-41  0.4670E-29  0.4220E-20  0.1070E-15  0.3660E-13  0.2120E-12  0.3510E-12  0.4340E-12  0.5090E-12  0.5310E-12  0.4740E-12  0.3800E-12  0.3240E-12
  0.1000E+12  0.1000E-73  0.4340E-41  0.4670E-29  0.4220E-20  0.1070E-15  0.3660E-13  0.2120E-12  0.3510E-12  0.4340E-12  0.5090E-12  0.5310E-12  0.4740E-12  0.3800E-12  0.3240E-12
  0.1000E+13  0.1000E-73  0.4360E-41  0.4670E-29  0.4220E-20  0.1070E-15  0.3660E-13  0.2120E-12  0.3510E-12  0.4340E-12  0.5090E-12  0.5310E-12  0.4740E-12  0.3800E-12  0.3240E-12
  0.1000E+14  0.1000E-73  0.4350E-41  0.4670E-29  0.4220E-20  0.1070E-15  0.3660E-13  0.2120E-12  0.3510E-12  0.4340E-12  0.5090E-12  0.5310E-12  0.4740E-12  0.3800E-12  0.3240E-12
  0.1000E+15  0.1000E-73  0.4350E-41  0.4670E-29  0.4220E-20  0.1070E-15  0.3660E-13  0.2120E-12  0.3510E-12  0.4340E-12  0.5090E-12  0.5310E-12  0.4740E-12  0.3800E-12  0.3240E-12
  0.1000E+16  0.1000E-73  0.4350E-41  0.4670E-29  0.4220E-20  0.1070E-15  0.3660E-13  0.2120E-12  0.3510E-12  0.4340E-12  0.5090E-12  0.5310E-12  0.4740E-12  0.3800E-12  0.3240E-12
  0.1000E+17  0.1000E-73  0.4360E-41  0.4670E-29  0.4220E-20  0.1070E-15  0.3650E-13  0.2120E-12  0.3510E-12  0.4340E-12  0.5090E-12  0.5300E-12  0.4740E-12  0.3800E-12  0.3240E-12
WAVELENGTH(A)= 
    31.633
 7 14 t 
excit   
    34.900     52.300     87.200    174.000    349.000    872.000   1740.000   2620.000   3490.000   5230.000   8720.000  17400.000  34900.000  52300.000 
  0.1000E+11  0.5430E-28  0.3420E-22  0.1360E-17  0.3300E-14  0.1380E-12  0.1040E-11  0.1730E-11  0.1920E-11  0.1950E-11  0.1900E-11  0.1710E-11  0.1390E-11  0.1070E-11  0.9010E-12
  0.1000E+12  0.5430E-28  0.3420E-22  0.1360E-17  0.3300E-14  0.1380E-12  0.1040E-11  0.1730E-11  0.1920E-11  0.1950E-11  0.1900E-11  0.1710E-11  0.1390E-11  0.1070E-11  0.9010E-12
  0.1000E+13  0.5430E-28  0.3420E-22  0.1360E-17  0.3300E-14  0.1380E-12  0.1040E-11  0.1730E-11  0.1920E-11  0.1950E-11  0.1900E-11  0.1710E-11  0.1390E-11  0.1070E-11  0.9010E-12
  0.1000E+14  0.5430E-28  0.3420E-22  0.1360E-17  0.3300E-14  0.1380E-12  0.1040E-11  0.1730E-11  0.1920E-11  0.1950E-11  0.1900E-11  0.1710E-11  0.1390E-11  0.1070E-11  0.9010E-12
  0.1000E+15  0.5430E-28  0.3420E-22  0.1360E-17  0.3300E-14  0.1380E-12  0.1040E-11  0.1730E-11  0.1920E-11  0.1950E-11  0.1900E-11  0.1710E-11  0.1390E-11  0.1070E-11  0.9010E-12
  0.1000E+16  0.5430E-28  0.3420E-22  0.1360E-17  0.3300E-14  0.1380E-12  0.1040E-11  0.1730E-11  0.1920E-11  0.1950E-11  0.1900E-11  0.1710E-11  0.1390E-11  0.1070E-11  0.9010E-12
  0.1000E+17  0.5430E-28  0.3420E-22  0.1360E-17  0.3300E-14  0.1380E-12  0.1040E-11  0.1730E-11  0.1920E-11  0.1950E-11  0.1900E-11  0.1710E-11  0.1390E-11  0.1070E-11  0.9010E-12
WAVELENGTH(A)= 
    32.214
 7 14 t 
excit   
    34.900     52.300     87.200    174.000    349.000    872.000   1740.000   2620.000   3490.000   5230.000   8720.000  17400.000  34900.000  52300.000 
  0.1000E+11  0.1000E-73  0.1080E-36  0.2530E-26  0.1290E-18  0.7800E-15  0.1140E-12  0.5110E-12  0.7860E-12  0.9450E-12  0.1090E-11  0.1150E-11  0.1060E-11  0.8810E-12  0.7680E-12
  0.1000E+12  0.1000E-73  0.1080E-36  0.2530E-26  0.1290E-18  0.7800E-15  0.1140E-12  0.5110E-12  0.7860E-12  0.9450E-12  0.1090E-11  0.1150E-11  0.1060E-11  0.8810E-12  0.7680E-12
  0.1000E+13  0.1000E-73  0.1080E-36  0.2530E-26  0.1290E-18  0.7800E-15  0.1140E-12  0.5110E-12  0.7860E-12  0.9450E-12  0.1090E-11  0.1150E-11  0.1060E-11  0.8810E-12  0.7680E-12
  0.1000E+14  0.1000E-73  0.1080E-36  0.2530E-26  0.1290E-18  0.7800E-15  0.1140E-12  0.5110E-12  0.7860E-12  0.9450E-12  0.1090E-11  0.1150E-11  0.1060E-11  0.8810E-12  0.7680E-12
  0.1000E+15  0.1000E-73  0.1080E-36  0.2530E-26  0.1290E-18  0.7800E-15  0.1140E-12  0.5110E-12  0.7860E-12  0.9450E-12  0.1090E-11  0.1150E-11  0.1060E-11  0.8810E-12  0.7680E-12
  0.1000E+16  0.1000E-73  0.1080E-36  0.2530E-26  0.1290E-18  0.7800E-15  0.1140E-12  0.5110E-12  0.7860E-12  0.9450E-12  0.1090E-11  0.1150E-11  0.1060E-11  0.8810E-12  0.7680E-12
  0.1000E+17  0.1000E-73  0.1090E-36  0.2530E-26  0.1290E-18  0.7810E-15  0.1150E-12  0.5110E-12  0.7870E-12  0.9450E-12  0.1090E-11  0.1150E-11  0.1060E-11  0.8810E-12  0.7680E-12
WAVELENGTH(A)= 
    35.942
 7 14 t 
excit   
    34.900     52.300     87.200    174.000    349.000    872.000   1740.000   2620.000   3490.000   5230.000   8720.000  17400.000  34900.000  52300.000 
  0.1000E+11  0.1000E-73  0.3480E-40  0.1820E-28  0.9610E-20  0.1850E-15  0.5420E-13  0.3010E-12  0.4910E-12  0.6080E-12  0.7120E-12  0.7490E-12  0.6810E-12  0.5540E-12  0.4790E-12
  0.1000E+12  0.1000E-73  0.3480E-40  0.1820E-28  0.9610E-20  0.1850E-15  0.5420E-13  0.3010E-12  0.4910E-12  0.6080E-12  0.7120E-12  0.7490E-12  0.6810E-12  0.5540E-12  0.4790E-12
  0.1000E+13  0.1000E-73  0.3480E-40  0.1820E-28  0.9610E-20  0.1850E-15  0.5420E-13  0.3010E-12  0.4910E-12  0.6080E-12  0.7120E-12  0.7490E-12  0.6810E-12  0.5540E-12  0.4790E-12
  0.1000E+14  0.1000E-73  0.3480E-40  0.1820E-28  0.9610E-20  0.1850E-15  0.5420E-13  0.3010E-12  0.4910E-12  0.6080E-12  0.7120E-12  0.7490E-12  0.6810E-12  0.5540E-12  0.4790E-12
  0.1000E+15  0.1000E-73  0.3480E-40  0.1820E-28  0.9610E-20  0.1850E-15  0.5420E-13  0.3010E-12  0.4910E-12  0.6080E-12  0.7120E-12  0.7490E-12  0.6810E-12  0.5540E-12  0.4790E-12
  0.1000E+16  0.1000E-73  0.3480E-40  0.1820E-28  0.9610E-20  0.1850E-15  0.5420E-13  0.3010E-12  0.4910E-12  0.6080E-12  0.7120E-12  0.7490E-12  0.6810E-12  0.5540E-12  0.4790E-12
  0.1000E+17  0.1000E-73  0.3480E-40  0.1820E-28  0.9610E-20  0.1850E-15  0.5420E-13  0.3010E-12  0.4910E-12  0.6080E-12  0.7120E-12  0.7480E-12  0.6800E-12  0.5540E-12  0.4790E-12
WAVELENGTH(A)= 
    36.243
 7 14 t 
excit   
    34.900     52.300     87.200    174.000    349.000    872.000   1740.000   2620.000   3490.000   5230.000   8720.000  17400.000  34900.000  52300.000 
  0.1000E+11  0.5000E-29  0.4790E-23  0.2670E-18  0.8330E-15  0.3980E-13  0.3310E-12  0.6100E-12  0.7380E-12  0.8120E-12  0.8980E-12  0.9830E-12  0.1040E-11  0.1030E-11  0.9960E-12
  0.1000E+12  0.5000E-29  0.4790E-23  0.2670E-18  0.8330E-15  0.3980E-13  0.3310E-12  0.6100E-12  0.7380E-12  0.8120E-12  0.8980E-12  0.9830E-12  0.1040E-11  0.1030E-11  0.9960E-12
  0.1000E+13  0.5000E-29  0.4790E-23  0.2670E-18  0.8330E-15  0.3980E-13  0.3310E-12  0.6100E-12  0.7380E-12  0.8120E-12  0.8980E-12  0.9830E-12  0.1040E-11  0.1030E-11  0.9960E-12
  0.1000E+14  0.5000E-29  0.4790E-23  0.2670E-18  0.8330E-15  0.3980E-13  0.3310E-12  0.6100E-12  0.7380E-12  0.8120E-12  0.8980E-12  0.9830E-12  0.1040E-11  0.1030E-11  0.9960E-12
  0.1000E+15  0.5000E-29  0.4790E-23  0.2670E-18  0.8330E-15  0.3980E-13  0.3310E-12  0.6100E-12  0.7380E-12  0.8120E-12  0.8980E-12  0.9830E-12  0.1040E-11  0.1030E-11  0.9960E-12
  0.1000E+16  0.5010E-29  0.4800E-23  0.2670E-18  0.8330E-15  0.3980E-13  0.3310E-12  0.6100E-12  0.7380E-12  0.8120E-12  0.8980E-12  0.9830E-12  0.1040E-11  0.1030E-11  0.9960E-12
  0.1000E+17  0.5010E-29  0.4800E-23  0.2670E-18  0.8330E-15  0.3980E-13  0.3310E-12  0.6100E-12  0.7380E-12  0.8120E-12  0.8980E-12  0.9830E-12  0.1040E-11  0.1030E-11  0.9960E-12
WAVELENGTH(A)= 
    39.017
 7 14 t 
excit   
    34.900     52.300     87.200    174.000    349.000    872.000   1740.000   2620.000   3490.000   5230.000   8720.000  17400.000  34900.000  52300.000 
  0.1000E+11  0.1000E-73  0.6380E-36  0.8910E-26  0.3110E-18  0.1540E-14  0.2000E-12  0.8410E-12  0.1250E-11  0.1470E-11  0.1640E-11  0.1640E-11  0.1430E-11  0.1140E-11  0.9730E-12
  0.1000E+12  0.1000E-73  0.6380E-36  0.8910E-26  0.3110E-18  0.1540E-14  0.2000E-12  0.8410E-12  0.1250E-11  0.1470E-11  0.1640E-11  0.1640E-11  0.1430E-11  0.1140E-11  0.9730E-12
  0.1000E+13  0.1000E-73  0.6380E-36  0.8910E-26  0.3110E-18  0.1540E-14  0.2000E-12  0.8410E-12  0.1250E-11  0.1470E-11  0.1640E-11  0.1640E-11  0.1430E-11  0.1140E-11  0.9730E-12
  0.1000E+14  0.1000E-73  0.6380E-36  0.8910E-26  0.3110E-18  0.1540E-14  0.2000E-12  0.8410E-12  0.1250E-11  0.1470E-11  0.1640E-11  0.1640E-11  0.1430E-11  0.1140E-11  0.9730E-12
  0.1000E+15  0.1000E-73  0.6380E-36  0.8910E-26  0.3110E-18  0.1540E-14  0.2000E-12  0.8410E-12  0.1250E-11  0.1470E-11  0.1640E-11  0.1640E-11  0.1430E-11  0.1140E-11  0.9730E-12
  0.1000E+16  0.1000E-73  0.6380E-36  0.8910E-26  0.3110E-18  0.1540E-14  0.2000E-12  0.8410E-12  0.1250E-11  0.1470E-11  0.1640E-11  0.1640E-11  0.1430E-11  0.1140E-11  0.9730E-12
  0.1000E+17  0.1490E-48  0.6390E-36  0.8920E-26  0.3110E-18  0.1540E-14  0.2000E-12  0.8410E-12  0.1250E-11  0.1470E-11  0.1640E-11  0.1640E-11  0.1430E-11  0.1140E-11  0.9730E-12
WAVELENGTH(A)= 
    61.229
 7 14 t 
excit   
    34.900     52.300     87.200    174.000    349.000    872.000   1740.000   2620.000   3490.000   5230.000   8720.000  17400.000  34900.000  52300.000 
  0.1000E+11  0.4220E-41  0.5170E-31  0.6430E-23  0.8070E-17  0.8750E-14  0.5180E-12  0.1810E-11  0.2610E-11  0.3060E-11  0.3490E-11  0.3720E-11  0.3640E-11  0.3310E-11  0.3070E-11
  0.1000E+12  0.4180E-41  0.5170E-31  0.6430E-23  0.8070E-17  0.8750E-14  0.5180E-12  0.1810E-11  0.2610E-11  0.3060E-11  0.3490E-11  0.3720E-11  0.3640E-11  0.3310E-11  0.3070E-11
  0.1000E+13  0.4180E-41  0.5170E-31  0.6430E-23  0.8070E-17  0.8750E-14  0.5180E-12  0.1810E-11  0.2610E-11  0.3060E-11  0.3490E-11  0.3720E-11  0.3640E-11  0.3310E-11  0.3070E-11
  0.1000E+14  0.4180E-41  0.5170E-31  0.6430E-23  0.8070E-17  0.8750E-14  0.5180E-12  0.1810E-11  0.2610E-11  0.3060E-11  0.3490E-11  0.3720E-11  0.3640E-11  0.3310E-11  0.3070E-11
  0.1000E+15  0.4180E-41  0.5170E-31  0.6430E-23  0.8070E-17  0.8750E-14  0.5180E-12  0.1810E-11  0.2610E-11  0.3060E-11  0.3490E-11  0.3720E-11  0.3640E-11  0.3310E-11  0.3070E-11
  0.1000E+16  0.4180E-41  0.5170E-31  0.6430E-23  0.8070E-17  0.8750E-14  0.5180E-12  0.1810E-11  0.2610E-11  0.3060E-11  0.3490E-11  0.3720E-11  0.3640E-11  0.3310E-11  0.3070E-11
  0.1000E+17  0.4200E-41  0.5190E-31  0.6450E-23  0.8080E-17  0.8760E-14  0.5180E-12  0.1810E-11  0.2600E-11  0.3060E-11  0.3490E-11  0.3720E-11  0.3640E-11  0.3310E-11  0.3070E-11
WAVELENGTH(A)= 
    61.961
 7 14 t 
excit   
    34.900     52.300     87.200    174.000    349.000    872.000   1740.000   2620.000   3490.000   5230.000   8720.000  17400.000  34900.000  52300.000 
  0.1000E+11  0.6340E-13  0.1590E-11  0.1900E-10  0.1060E-09  0.2130E-09  0.2600E-09  0.2340E-09  0.2100E-09  0.1910E-09  0.1650E-09  0.1360E-09  0.1030E-09  0.7710E-10  0.6490E-10
  0.1000E+12  0.6340E-13  0.1590E-11  0.1900E-10  0.1060E-09  0.2130E-09  0.2600E-09  0.2340E-09  0.2100E-09  0.1910E-09  0.1650E-09  0.1360E-09  0.1030E-09  0.7710E-10  0.6490E-10
  0.1000E+13  0.6340E-13  0.1590E-11  0.1900E-10  0.1060E-09  0.2130E-09  0.2600E-09  0.2340E-09  0.2100E-09  0.1910E-09  0.1650E-09  0.1360E-09  0.1030E-09  0.7710E-10  0.6490E-10
  0.1000E+14  0.6340E-13  0.1590E-11  0.1900E-10  0.1060E-09  0.2130E-09  0.2600E-09  0.2340E-09  0.2100E-09  0.1910E-09  0.1650E-09  0.1360E-09  0.1030E-09  0.7710E-10  0.6490E-10
  0.1000E+15  0.6340E-13  0.1590E-11  0.1900E-10  0.1060E-09  0.2130E-09  0.2600E-09  0.2340E-09  0.2100E-09  0.1910E-09  0.1650E-09  0.1360E-09  0.1030E-09  0.7710E-10  0.6490E-10
  0.1000E+16  0.6340E-13  0.1590E-11  0.1900E-10  0.1060E-09  0.2130E-09  0.2600E-09  0.2340E-09  0.2100E-09  0.1910E-09  0.1650E-09  0.1360E-09  0.1030E-09  0.7710E-10  0.6490E-10
  0.1000E+17  0.6360E-13  0.1590E-11  0.1910E-10  0.1060E-09  0.2140E-09  0.2610E-09  0.2340E-09  0.2100E-09  0.1910E-09  0.1650E-09  0.1360E-09  0.1030E-09  0.7720E-10  0.6490E-10
WAVELENGTH(A)= 
    69.927
 7 14 t 
excit   
    34.900     52.300     87.200    174.000    349.000    872.000   1740.000   2620.000   3490.000   5230.000   8720.000  17400.000  34900.000  52300.000 
  0.1000E+11  0.4660E-36  0.1910E-27  0.1360E-20  0.1610E-15  0.4800E-13  0.1220E-11  0.3220E-11  0.4290E-11  0.4880E-11  0.5470E-11  0.5860E-11  0.5890E-11  0.5550E-11  0.5230E-11
  0.1000E+12  0.4660E-36  0.1910E-27  0.1360E-20  0.1610E-15  0.4800E-13  0.1220E-11  0.3220E-11  0.4290E-11  0.4880E-11  0.5470E-11  0.5860E-11  0.5890E-11  0.5550E-11  0.5230E-11
  0.1000E+13  0.4660E-36  0.1910E-27  0.1360E-20  0.1610E-15  0.4800E-13  0.1220E-11  0.3220E-11  0.4290E-11  0.4880E-11  0.5470E-11  0.5860E-11  0.5890E-11  0.5550E-11  0.5230E-11
  0.1000E+14  0.4660E-36  0.1910E-27  0.1360E-20  0.1610E-15  0.4800E-13  0.1220E-11  0.3220E-11  0.4290E-11  0.4880E-11  0.5470E-11  0.5860E-11  0.5890E-11  0.5550E-11  0.5230E-11
  0.1000E+15  0.4660E-36  0.1910E-27  0.1360E-20  0.1610E-15  0.4800E-13  0.1220E-11  0.3220E-11  0.4290E-11  0.4880E-11  0.5470E-11  0.5860E-11  0.5890E-11  0.5550E-11  0.5230E-11
  0.1000E+16  0.4660E-36  0.1910E-27  0.1360E-20  0.1610E-15  0.4800E-13  0.1220E-11  0.3220E-11  0.4290E-11  0.4880E-11  0.5470E-11  0.5860E-11  0.5890E-11  0.5550E-11  0.5230E-11
  0.1000E+17  0.4680E-36  0.1920E-27  0.1360E-20  0.1610E-15  0.4810E-13  0.1220E-11  0.3220E-11  0.4290E-11  0.4890E-11  0.5470E-11  0.5860E-11  0.5900E-11  0.5550E-11  0.5230E-11
WAVELENGTH(A)= 
    69.990
 7 14 t 
excit   
    34.900     52.300     87.200    174.000    349.000    872.000   1740.000   2620.000   3490.000   5230.000   8720.000  17400.000  34900.000  52300.000 
  0.1000E+11  0.2600E-24  0.4900E-20  0.2000E-16  0.9040E-14  0.1730E-12  0.8870E-12  0.1390E-11  0.1550E-11  0.1600E-11  0.1600E-11  0.1510E-11  0.1310E-11  0.1070E-11  0.9460E-12
  0.1000E+12  0.1380E-23  0.5030E-20  0.2000E-16  0.9040E-14  0.1730E-12  0.8870E-12  0.1390E-11  0.1550E-11  0.1600E-11  0.1600E-11  0.1510E-11  0.1310E-11  0.1070E-11  0.9460E-12
  0.1000E+13  0.1260E-22  0.6290E-20  0.2000E-16  0.9040E-14  0.1730E-12  0.8870E-12  0.1390E-11  0.1550E-11  0.1600E-11  0.1600E-11  0.1510E-11  0.1310E-11  0.1070E-11  0.9460E-12
  0.1000E+14  0.1250E-21  0.1890E-19  0.2050E-16  0.9050E-14  0.1730E-12  0.8870E-12  0.1390E-11  0.1550E-11  0.1600E-11  0.1600E-11  0.1510E-11  0.1310E-11  0.1070E-11  0.9460E-12
  0.1000E+15  0.1250E-20  0.1450E-18  0.2520E-16  0.9100E-14  0.1730E-12  0.8880E-12  0.1390E-11  0.1550E-11  0.1600E-11  0.1600E-11  0.1510E-11  0.1310E-11  0.1070E-11  0.9460E-12
  0.1000E+16  0.1250E-19  0.1410E-17  0.7220E-16  0.9660E-14  0.1750E-12  0.8890E-12  0.1390E-11  0.1550E-11  0.1600E-11  0.1600E-11  0.1510E-11  0.1310E-11  0.1070E-11  0.9470E-12
  0.1000E+17  0.1250E-18  0.1410E-16  0.5420E-15  0.1520E-13  0.1890E-12  0.9070E-12  0.1410E-11  0.1560E-11  0.1610E-11  0.1610E-11  0.1520E-11  0.1320E-11  0.1080E-11  0.9480E-12
WAVELENGTH(A)= 
    70.121
 7 14 t 
excit   
    34.900     52.300     87.200    174.000    349.000    872.000   1740.000   2620.000   3490.000   5230.000   8720.000  17400.000  34900.000  52300.000 
  0.1000E+11  0.9890E-42  0.6200E-31  0.2440E-22  0.5870E-16  0.7690E-13  0.4500E-11  0.1480E-10  0.2040E-10  0.2320E-10  0.2510E-10  0.2490E-10  0.2170E-10  0.1740E-10  0.1500E-10
  0.1000E+12  0.9970E-42  0.6200E-31  0.2440E-22  0.5870E-16  0.7690E-13  0.4500E-11  0.1480E-10  0.2040E-10  0.2320E-10  0.2510E-10  0.2490E-10  0.2170E-10  0.1740E-10  0.1500E-10
  0.1000E+13  0.9950E-42  0.6200E-31  0.2440E-22  0.5870E-16  0.7690E-13  0.4500E-11  0.1480E-10  0.2040E-10  0.2320E-10  0.2510E-10  0.2490E-10  0.2170E-10  0.1740E-10  0.1500E-10
  0.1000E+14  0.9950E-42  0.6200E-31  0.2440E-22  0.5870E-16  0.7690E-13  0.4500E-11  0.1480E-10  0.2040E-10  0.2320E-10  0.2510E-10  0.2490E-10  0.2170E-10  0.1740E-10  0.1500E-10
  0.1000E+15  0.9950E-42  0.6200E-31  0.2440E-22  0.5870E-16  0.7690E-13  0.4500E-11  0.1480E-10  0.2040E-10  0.2320E-10  0.2510E-10  0.2490E-10  0.2170E-10  0.1740E-10  0.1500E-10
  0.1000E+16  0.9950E-42  0.6200E-31  0.2440E-22  0.5870E-16  0.7690E-13  0.4500E-11  0.1480E-10  0.2040E-10  0.2320E-10  0.2510E-10  0.2490E-10  0.2170E-10  0.1740E-10  0.1500E-10
  0.1000E+17  0.9960E-42  0.6200E-31  0.2440E-22  0.5870E-16  0.7690E-13  0.4500E-11  0.1480E-10  0.2040E-10  0.2310E-10  0.2510E-10  0.2480E-10  0.2170E-10  0.1740E-10  0.1500E-10
WAVELENGTH(A)= 
    78.308
 7 14 t 
excit   
    34.900     52.300     87.200    174.000    349.000    872.000   1740.000   2620.000   3490.000   5230.000   8720.000  17400.000  34900.000  52300.000 
  0.1000E+11  0.1380E-09  0.5180E-09  0.1390E-08  0.2650E-08  0.3300E-08  0.3300E-08  0.2960E-08  0.2700E-08  0.2510E-08  0.2260E-08  0.1950E-08  0.1570E-08  0.1240E-08  0.1080E-08
  0.1000E+12  0.1380E-09  0.5180E-09  0.1390E-08  0.2650E-08  0.3300E-08  0.3300E-08  0.2960E-08  0.2700E-08  0.2510E-08  0.2260E-08  0.1950E-08  0.1570E-08  0.1240E-08  0.1080E-08
  0.1000E+13  0.1380E-09  0.5180E-09  0.1390E-08  0.2650E-08  0.3300E-08  0.3300E-08  0.2960E-08  0.2700E-08  0.2510E-08  0.2260E-08  0.1950E-08  0.1570E-08  0.1240E-08  0.1080E-08
  0.1000E+14  0.1380E-09  0.5180E-09  0.1390E-08  0.2650E-08  0.3300E-08  0.3300E-08  0.2960E-08  0.2700E-08  0.2510E-08  0.2260E-08  0.1950E-08  0.1570E-08  0.1240E-08  0.1080E-08
  0.1000E+15  0.1380E-09  0.5180E-09  0.1390E-08  0.2650E-08  0.3300E-08  0.3300E-08  0.2960E-08  0.2700E-08  0.2510E-08  0.2260E-08  0.1950E-08  0.1570E-08  0.1240E-08  0.1080E-08
  0.1000E+16  0.1380E-09  0.5180E-09  0.1390E-08  0.2650E-08  0.3300E-08  0.3300E-08  0.2960E-08  0.2700E-08  0.2510E-08  0.2260E-08  0.1950E-08  0.1570E-08  0.1240E-08  0.1080E-08
  0.1000E+17  0.1380E-09  0.5180E-09  0.1390E-08  0.2650E-08  0.3300E-08  0.3300E-08  0.2950E-08  0.2700E-08  0.2510E-08  0.2260E-08  0.1950E-08  0.1570E-08  0.1240E-08  0.1080E-08
WAVELENGTH(A)= 
   132.536
 7 14 t 
excit   
    34.900     52.300     87.200    174.000    349.000    872.000   1740.000   2620.000   3490.000   5230.000   8720.000  17400.000  34900.000  52300.000 
  0.1000E+11  0.2680E-25  0.9780E-21  0.4000E-17  0.1790E-14  0.3280E-13  0.1580E-12  0.2400E-12  0.2640E-12  0.2710E-12  0.2680E-12  0.2520E-12  0.2170E-12  0.1760E-12  0.1540E-12
  0.1000E+12  0.2680E-25  0.9780E-21  0.4000E-17  0.1790E-14  0.3280E-13  0.1580E-12  0.2400E-12  0.2640E-12  0.2710E-12  0.2680E-12  0.2520E-12  0.2170E-12  0.1760E-12  0.1540E-12
  0.1000E+13  0.2680E-25  0.9780E-21  0.4000E-17  0.1790E-14  0.3280E-13  0.1580E-12  0.2400E-12  0.2640E-12  0.2710E-12  0.2680E-12  0.2520E-12  0.2170E-12  0.1760E-12  0.1540E-12
  0.1000E+14  0.2680E-25  0.9780E-21  0.4000E-17  0.1790E-14  0.3280E-13  0.1580E-12  0.2400E-12  0.2640E-12  0.2710E-12  0.2680E-12  0.2520E-12  0.2170E-12  0.1760E-12  0.1540E-12
  0.1000E+15  0.2680E-25  0.9780E-21  0.4000E-17  0.1790E-14  0.3280E-13  0.1580E-12  0.2400E-12  0.2640E-12  0.2710E-12  0.2680E-12  0.2520E-12  0.2170E-12  0.1760E-12  0.1540E-12
  0.1000E+16  0.2680E-25  0.9780E-21  0.4000E-17  0.1790E-14  0.3280E-13  0.1580E-12  0.2400E-12  0.2640E-12  0.2710E-12  0.2680E-12  0.2520E-12  0.2170E-12  0.1760E-12  0.1540E-12
  0.1000E+17  0.2680E-25  0.9790E-21  0.4000E-17  0.1790E-14  0.3280E-13  0.1580E-12  0.2400E-12  0.2640E-12  0.2710E-12  0.2680E-12  0.2520E-12  0.2170E-12  0.1760E-12  0.1540E-12
WAVELENGTH(A)= 
   155.916
 7 14 t 
excit   
    34.900     52.300     87.200    174.000    349.000    872.000   1740.000   2620.000   3490.000   5230.000   8720.000  17400.000  34900.000  52300.000 
  0.1000E+11  0.2920E-24  0.4370E-20  0.8780E-17  0.2330E-14  0.3400E-13  0.1470E-12  0.2220E-12  0.2510E-12  0.2660E-12  0.2830E-12  0.2960E-12  0.2990E-12  0.2870E-12  0.2740E-12
  0.1000E+12  0.2920E-24  0.4370E-20  0.8780E-17  0.2330E-14  0.3400E-13  0.1470E-12  0.2220E-12  0.2510E-12  0.2660E-12  0.2830E-12  0.2960E-12  0.2990E-12  0.2870E-12  0.2740E-12
  0.1000E+13  0.2920E-24  0.4370E-20  0.8780E-17  0.2330E-14  0.3400E-13  0.1470E-12  0.2220E-12  0.2510E-12  0.2660E-12  0.2830E-12  0.2960E-12  0.2990E-12  0.2870E-12  0.2740E-12
  0.1000E+14  0.2920E-24  0.4370E-20  0.8780E-17  0.2330E-14  0.3400E-13  0.1470E-12  0.2220E-12  0.2510E-12  0.2660E-12  0.2830E-12  0.2960E-12  0.2990E-12  0.2870E-12  0.2740E-12
  0.1000E+15  0.2920E-24  0.4370E-20  0.8780E-17  0.2330E-14  0.3400E-13  0.1470E-12  0.2220E-12  0.2510E-12  0.2660E-12  0.2830E-12  0.2960E-12  0.2990E-12  0.2870E-12  0.2740E-12
  0.1000E+16  0.2930E-24  0.4370E-20  0.8780E-17  0.2330E-14  0.3400E-13  0.1470E-12  0.2220E-12  0.2510E-12  0.2660E-12  0.2830E-12  0.2960E-12  0.2990E-12  0.2870E-12  0.2740E-12
  0.1000E+17  0.2930E-24  0.4380E-20  0.8790E-17  0.2330E-14  0.3400E-13  0.1470E-12  0.2220E-12  0.2510E-12  0.2660E-12  0.2830E-12  0.2960E-12  0.2990E-12  0.2870E-12  0.2740E-12
WAVELENGTH(A)= 
   157.142
 7 14 t 
excit   
    34.900     52.300     87.200    174.000    349.000    872.000   1740.000   2620.000   3490.000   5230.000   8720.000  17400.000  34900.000  52300.000 
  0.1000E+11  0.1000E-73  0.2690E-34  0.3310E-25  0.1890E-18  0.3890E-15  0.3070E-13  0.1140E-12  0.1670E-12  0.1980E-12  0.2290E-12  0.2490E-12  0.2500E-12  0.2330E-12  0.2190E-12
  0.1000E+12  0.1000E-73  0.2690E-34  0.3310E-25  0.1890E-18  0.3890E-15  0.3070E-13  0.1140E-12  0.1670E-12  0.1980E-12  0.2290E-12  0.2490E-12  0.2500E-12  0.2330E-12  0.2190E-12
  0.1000E+13  0.1310E-45  0.2690E-34  0.3310E-25  0.1890E-18  0.3890E-15  0.3070E-13  0.1140E-12  0.1670E-12  0.1980E-12  0.2290E-12  0.2490E-12  0.2500E-12  0.2330E-12  0.2190E-12
  0.1000E+14  0.1050E-45  0.2690E-34  0.3310E-25  0.1890E-18  0.3890E-15  0.3070E-13  0.1140E-12  0.1670E-12  0.1980E-12  0.2290E-12  0.2490E-12  0.2500E-12  0.2330E-12  0.2190E-12
  0.1000E+15  0.1040E-45  0.2690E-34  0.3310E-25  0.1890E-18  0.3890E-15  0.3070E-13  0.1140E-12  0.1670E-12  0.1980E-12  0.2290E-12  0.2490E-12  0.2500E-12  0.2330E-12  0.2190E-12
  0.1000E+16  0.1040E-45  0.2690E-34  0.3310E-25  0.1890E-18  0.3890E-15  0.3070E-13  0.1140E-12  0.1670E-12  0.1980E-12  0.2290E-12  0.2490E-12  0.2500E-12  0.2330E-12  0.2190E-12
  0.1000E+17  0.1040E-45  0.2690E-34  0.3310E-25  0.1890E-18  0.3890E-15  0.3070E-13  0.1140E-12  0.1670E-12  0.1980E-12  0.2290E-12  0.2490E-12  0.2500E-12  0.2330E-12  0.2190E-12
