 50  7 14
WAVELENGTH(A)= 
   167.175
 7 14 t 
excit   
     1.400      2.090      3.490      6.980     14.000     34.900     69.800    105.000    140.000    209.000    349.000    698.000   1400.000   2090.000 
  0.1000E+11  0.8910E-33  0.9370E-25  0.2480E-18  0.1480E-13  0.3940E-11  0.1410E-09  0.3920E-09  0.5170E-09  0.5830E-09  0.6430E-09  0.6700E-09  0.6450E-09  0.5760E-09  0.5240E-09
  0.1000E+12  0.6150E-32  0.5800E-24  0.1280E-17  0.6160E-13  0.1160E-10  0.2010E-09  0.4330E-09  0.5370E-09  0.5910E-09  0.6410E-09  0.6670E-09  0.6580E-09  0.6140E-09  0.5780E-09
  0.1000E+13  0.1350E-31  0.1030E-23  0.1740E-17  0.6560E-13  0.1020E-10  0.1470E-09  0.3150E-09  0.3920E-09  0.4320E-09  0.4680E-09  0.4870E-09  0.4780E-09  0.4440E-09  0.4170E-09
  0.1000E+14  0.1640E-31  0.1160E-23  0.1700E-17  0.5460E-13  0.7980E-11  0.1250E-09  0.2780E-09  0.3500E-09  0.3870E-09  0.4200E-09  0.4360E-09  0.4260E-09  0.3920E-09  0.3650E-09
  0.1000E+15  0.1690E-31  0.1190E-23  0.1690E-17  0.5230E-13  0.7530E-11  0.1220E-09  0.2740E-09  0.3440E-09  0.3810E-09  0.4140E-09  0.4300E-09  0.4190E-09  0.3840E-09  0.3580E-09
  0.1000E+16  0.1700E-31  0.1200E-23  0.1690E-17  0.5200E-13  0.7480E-11  0.1220E-09  0.2720E-09  0.3430E-09  0.3790E-09  0.4120E-09  0.4280E-09  0.4170E-09  0.3830E-09  0.3560E-09
  0.1000E+17  0.1690E-31  0.1190E-23  0.1690E-17  0.5190E-13  0.7460E-11  0.1200E-09  0.2660E-09  0.3330E-09  0.3670E-09  0.3980E-09  0.4140E-09  0.4050E-09  0.3730E-09  0.3480E-09
WAVELENGTH(A)= 
   176.024
 7 14 t 
excit   
     1.400      2.090      3.490      6.980     14.000     34.900     69.800    105.000    140.000    209.000    349.000    698.000   1400.000   2090.000 
  0.1000E+11  0.6110E-32  0.2620E-24  0.3370E-18  0.1170E-13  0.2370E-11  0.7410E-10  0.2000E-09  0.2620E-09  0.2950E-09  0.3220E-09  0.3330E-09  0.3170E-09  0.2810E-09  0.2530E-09
  0.1000E+12  0.5050E-31  0.1900E-23  0.2010E-17  0.5550E-13  0.8140E-11  0.1380E-09  0.3060E-09  0.3820E-09  0.4210E-09  0.4540E-09  0.4700E-09  0.4550E-09  0.4170E-09  0.3860E-09
  0.1000E+13  0.1630E-30  0.4930E-23  0.3940E-17  0.8450E-13  0.1020E-10  0.1410E-09  0.2970E-09  0.3660E-09  0.4010E-09  0.4320E-09  0.4460E-09  0.4340E-09  0.4000E-09  0.3730E-09
  0.1000E+14  0.2290E-30  0.6640E-23  0.4700E-17  0.8760E-13  0.9800E-11  0.1330E-09  0.2810E-09  0.3470E-09  0.3810E-09  0.4100E-09  0.4230E-09  0.4100E-09  0.3770E-09  0.3500E-09
  0.1000E+15  0.2420E-30  0.7000E-23  0.4870E-17  0.8790E-13  0.9620E-11  0.1310E-09  0.2790E-09  0.3440E-09  0.3780E-09  0.4070E-09  0.4200E-09  0.4070E-09  0.3730E-09  0.3460E-09
  0.1000E+16  0.2440E-30  0.7040E-23  0.4890E-17  0.8790E-13  0.9600E-11  0.1310E-09  0.2780E-09  0.3430E-09  0.3770E-09  0.4050E-09  0.4180E-09  0.4050E-09  0.3720E-09  0.3450E-09
  0.1000E+17  0.2430E-30  0.7030E-23  0.4880E-17  0.8780E-13  0.9570E-11  0.1290E-09  0.2710E-09  0.3330E-09  0.3650E-09  0.3920E-09  0.4050E-09  0.3930E-09  0.3620E-09  0.3380E-09
WAVELENGTH(A)= 
   178.216
 7 14 t 
excit   
     1.400      2.090      3.490      6.980     14.000     34.900     69.800    105.000    140.000    209.000    349.000    698.000   1400.000   2090.000 
  0.1000E+11  0.8090E-32  0.3470E-24  0.4470E-18  0.1560E-13  0.3140E-11  0.9820E-10  0.2650E-09  0.3470E-09  0.3900E-09  0.4270E-09  0.4420E-09  0.4210E-09  0.3720E-09  0.3350E-09
  0.1000E+12  0.6700E-31  0.2520E-23  0.2670E-17  0.7360E-13  0.1080E-10  0.1830E-09  0.4060E-09  0.5060E-09  0.5570E-09  0.6020E-09  0.6220E-09  0.6030E-09  0.5520E-09  0.5120E-09
  0.1000E+13  0.2160E-30  0.6530E-23  0.5210E-17  0.1120E-12  0.1360E-10  0.1870E-09  0.3930E-09  0.4850E-09  0.5320E-09  0.5720E-09  0.5910E-09  0.5740E-09  0.5300E-09  0.4940E-09
  0.1000E+14  0.3040E-30  0.8790E-23  0.6230E-17  0.1160E-12  0.1300E-10  0.1760E-09  0.3730E-09  0.4600E-09  0.5050E-09  0.5430E-09  0.5610E-09  0.5440E-09  0.4990E-09  0.4640E-09
  0.1000E+15  0.3210E-30  0.9280E-23  0.6450E-17  0.1160E-12  0.1270E-10  0.1740E-09  0.3690E-09  0.4560E-09  0.5010E-09  0.5390E-09  0.5560E-09  0.5390E-09  0.4940E-09  0.4590E-09
  0.1000E+16  0.3230E-30  0.9330E-23  0.6470E-17  0.1160E-12  0.1270E-10  0.1740E-09  0.3680E-09  0.4540E-09  0.4990E-09  0.5370E-09  0.5540E-09  0.5370E-09  0.4920E-09  0.4580E-09
  0.1000E+17  0.3220E-30  0.9320E-23  0.6470E-17  0.1160E-12  0.1270E-10  0.1710E-09  0.3590E-09  0.4410E-09  0.4830E-09  0.5190E-09  0.5360E-09  0.5210E-09  0.4800E-09  0.4480E-09
WAVELENGTH(A)= 
   182.247
 7 14 t 
excit   
     1.400      2.090      3.490      6.980     14.000     34.900     69.800    105.000    140.000    209.000    349.000    698.000   1400.000   2090.000 
  0.1000E+11  0.9950E-29  0.8350E-22  0.2470E-16  0.2520E-12  0.2090E-10  0.2750E-09  0.5860E-09  0.7210E-09  0.7860E-09  0.8430E-09  0.8630E-09  0.8280E-09  0.7470E-09  0.6890E-09
  0.1000E+12  0.1540E-28  0.1240E-21  0.3510E-16  0.3430E-12  0.2800E-10  0.3050E-09  0.5800E-09  0.6920E-09  0.7460E-09  0.7920E-09  0.8110E-09  0.7850E-09  0.7230E-09  0.6770E-09
  0.1000E+13  0.2630E-28  0.1780E-21  0.4170E-16  0.3460E-12  0.2550E-10  0.2580E-09  0.4920E-09  0.5880E-09  0.6350E-09  0.6740E-09  0.6880E-09  0.6630E-09  0.6070E-09  0.5660E-09
  0.1000E+14  0.3380E-28  0.2140E-21  0.4470E-16  0.3320E-12  0.2330E-10  0.2420E-09  0.4670E-09  0.5610E-09  0.6060E-09  0.6430E-09  0.6560E-09  0.6300E-09  0.5750E-09  0.5340E-09
  0.1000E+15  0.3530E-28  0.2220E-21  0.4560E-16  0.3300E-12  0.2300E-10  0.2400E-09  0.4640E-09  0.5570E-09  0.6020E-09  0.6390E-09  0.6520E-09  0.6260E-09  0.5700E-09  0.5290E-09
  0.1000E+16  0.3550E-28  0.2230E-21  0.4570E-16  0.3300E-12  0.2290E-10  0.2390E-09  0.4630E-09  0.5550E-09  0.6000E-09  0.6370E-09  0.6500E-09  0.6240E-09  0.5680E-09  0.5280E-09
  0.1000E+17  0.3540E-28  0.2230E-21  0.4560E-16  0.3290E-12  0.2280E-10  0.2360E-09  0.4520E-09  0.5390E-09  0.5810E-09  0.6160E-09  0.6280E-09  0.6050E-09  0.5540E-09  0.5160E-09
WAVELENGTH(A)= 
   187.263
 7 14 t 
excit   
     1.400      2.090      3.490      6.980     14.000     34.900     69.800    105.000    140.000    209.000    349.000    698.000   1400.000   2090.000 
  0.1000E+11  0.1990E-28  0.1140E-21  0.2650E-16  0.2320E-12  0.1790E-10  0.1580E-09  0.2660E-09  0.3060E-09  0.3250E-09  0.3410E-09  0.3490E-09  0.3440E-09  0.3270E-09  0.3110E-09
  0.1000E+12  0.2110E-28  0.1110E-21  0.2230E-16  0.1590E-12  0.9950E-11  0.7640E-10  0.1330E-09  0.1550E-09  0.1660E-09  0.1750E-09  0.1790E-09  0.1740E-09  0.1630E-09  0.1530E-09
  0.1000E+13  0.2330E-28  0.1040E-21  0.1710E-16  0.1020E-12  0.6040E-11  0.5440E-10  0.1010E-09  0.1200E-09  0.1290E-09  0.1360E-09  0.1390E-09  0.1330E-09  0.1220E-09  0.1140E-09
  0.1000E+14  0.2630E-28  0.1090E-21  0.1620E-16  0.9090E-13  0.5410E-11  0.5130E-10  0.9680E-10  0.1150E-09  0.1240E-09  0.1310E-09  0.1330E-09  0.1280E-09  0.1160E-09  0.1080E-09
  0.1000E+15  0.2710E-28  0.1100E-21  0.1600E-16  0.8910E-13  0.5350E-11  0.5100E-10  0.9630E-10  0.1150E-09  0.1240E-09  0.1310E-09  0.1330E-09  0.1270E-09  0.1160E-09  0.1070E-09
  0.1000E+16  0.2710E-28  0.1100E-21  0.1600E-16  0.8890E-13  0.5340E-11  0.5090E-10  0.9610E-10  0.1140E-09  0.1230E-09  0.1300E-09  0.1320E-09  0.1270E-09  0.1150E-09  0.1070E-09
  0.1000E+17  0.2710E-28  0.1100E-21  0.1600E-16  0.8880E-13  0.5330E-11  0.5030E-10  0.9380E-10  0.1110E-09  0.1190E-09  0.1260E-09  0.1280E-09  0.1230E-09  0.1120E-09  0.1040E-09
WAVELENGTH(A)= 
   191.100
 7 14 t 
excit   
     1.400      2.090      3.490      6.980     14.000     34.900     69.800    105.000    140.000    209.000    349.000    698.000   1400.000   2090.000 
  0.1000E+11  0.1260E-27  0.5140E-21  0.8850E-16  0.6120E-12  0.4160E-10  0.3730E-09  0.6570E-09  0.7660E-09  0.8170E-09  0.8600E-09  0.8750E-09  0.8500E-09  0.7880E-09  0.7440E-09
  0.1000E+12  0.1460E-27  0.5550E-21  0.8510E-16  0.5040E-12  0.3010E-10  0.2460E-09  0.4340E-09  0.5070E-09  0.5420E-09  0.5700E-09  0.5790E-09  0.5600E-09  0.5160E-09  0.4860E-09
  0.1000E+13  0.1850E-27  0.5990E-21  0.7640E-16  0.3870E-12  0.2180E-10  0.1920E-09  0.3520E-09  0.4150E-09  0.4450E-09  0.4690E-09  0.4750E-09  0.4560E-09  0.4140E-09  0.3860E-09
  0.1000E+14  0.2230E-27  0.6680E-21  0.7660E-16  0.3590E-12  0.1990E-10  0.1810E-09  0.3360E-09  0.3980E-09  0.4270E-09  0.4500E-09  0.4550E-09  0.4350E-09  0.3940E-09  0.3660E-09
  0.1000E+15  0.2310E-27  0.6860E-21  0.7710E-16  0.3550E-12  0.1960E-10  0.1800E-09  0.3340E-09  0.3960E-09  0.4250E-09  0.4470E-09  0.4520E-09  0.4330E-09  0.3910E-09  0.3630E-09
  0.1000E+16  0.2320E-27  0.6880E-21  0.7720E-16  0.3540E-12  0.1960E-10  0.1800E-09  0.3330E-09  0.3940E-09  0.4230E-09  0.4460E-09  0.4510E-09  0.4310E-09  0.3900E-09  0.3620E-09
  0.1000E+17  0.2320E-27  0.6870E-21  0.7710E-16  0.3540E-12  0.1960E-10  0.1770E-09  0.3260E-09  0.3830E-09  0.4100E-09  0.4310E-09  0.4360E-09  0.4190E-09  0.3800E-09  0.3540E-09
WAVELENGTH(A)= 
   192.680
 7 14 t 
excit   
     1.400      2.090      3.490      6.980     14.000     34.900     69.800    105.000    140.000    209.000    349.000    698.000   1400.000   2090.000 
  0.1000E+11  0.1170E-27  0.7070E-21  0.1740E-15  0.1610E-11  0.1300E-09  0.1130E-08  0.1850E-08  0.2100E-08  0.2220E-08  0.2330E-08  0.2380E-08  0.2350E-08  0.2260E-08  0.2180E-08
  0.1000E+12  0.1190E-27  0.6570E-21  0.1380E-15  0.1010E-11  0.6330E-10  0.4490E-09  0.7580E-09  0.8780E-09  0.9370E-09  0.9890E-09  0.1010E-08  0.9850E-09  0.9300E-09  0.8850E-09
  0.1000E+13  0.1100E-27  0.5200E-21  0.8870E-16  0.5380E-12  0.3160E-10  0.2740E-09  0.5030E-09  0.5940E-09  0.6390E-09  0.6760E-09  0.6870E-09  0.6640E-09  0.6140E-09  0.5750E-09
  0.1000E+14  0.1090E-27  0.4680E-21  0.7160E-16  0.4110E-12  0.2460E-10  0.2360E-09  0.4500E-09  0.5360E-09  0.5780E-09  0.6130E-09  0.6230E-09  0.5970E-09  0.5470E-09  0.5080E-09
  0.1000E+15  0.1090E-27  0.4590E-21  0.6820E-16  0.3860E-12  0.2350E-10  0.2310E-09  0.4430E-09  0.5290E-09  0.5710E-09  0.6060E-09  0.6150E-09  0.5890E-09  0.5380E-09  0.5000E-09
  0.1000E+16  0.1090E-27  0.4570E-21  0.6780E-16  0.3830E-12  0.2340E-10  0.2310E-09  0.4420E-09  0.5270E-09  0.5690E-09  0.6030E-09  0.6120E-09  0.5870E-09  0.5360E-09  0.4980E-09
  0.1000E+17  0.1090E-27  0.4560E-21  0.6760E-16  0.3830E-12  0.2330E-10  0.2280E-09  0.4310E-09  0.5120E-09  0.5510E-09  0.5830E-09  0.5920E-09  0.5700E-09  0.5230E-09  0.4870E-09
WAVELENGTH(A)= 
   192.716
 7 14 t 
excit   
     1.400      2.090      3.490      6.980     14.000     34.900     69.800    105.000    140.000    209.000    349.000    698.000   1400.000   2090.000 
  0.1000E+11  0.3280E-27  0.1140E-20  0.1680E-15  0.1000E-11  0.5960E-10  0.4620E-09  0.7800E-09  0.8980E-09  0.9540E-09  0.1000E-08  0.1020E-08  0.9910E-09  0.9310E-09  0.8820E-09
  0.1000E+12  0.3160E-27  0.1030E-20  0.1330E-15  0.6690E-12  0.3510E-10  0.2670E-09  0.4660E-09  0.5430E-09  0.5790E-09  0.6090E-09  0.6200E-09  0.5980E-09  0.5550E-09  0.5220E-09
  0.1000E+13  0.3030E-27  0.8760E-21  0.9920E-16  0.4420E-12  0.2320E-10  0.1980E-09  0.3600E-09  0.4230E-09  0.4530E-09  0.4770E-09  0.4840E-09  0.4630E-09  0.4240E-09  0.3950E-09
  0.1000E+14  0.3130E-27  0.8320E-21  0.8630E-16  0.3720E-12  0.1990E-10  0.1800E-09  0.3330E-09  0.3930E-09  0.4220E-09  0.4440E-09  0.4500E-09  0.4280E-09  0.3890E-09  0.3600E-09
  0.1000E+15  0.3160E-27  0.8240E-21  0.8350E-16  0.3560E-12  0.1920E-10  0.1770E-09  0.3290E-09  0.3890E-09  0.4180E-09  0.4400E-09  0.4450E-09  0.4230E-09  0.3840E-09  0.3550E-09
  0.1000E+16  0.3170E-27  0.8230E-21  0.8310E-16  0.3540E-12  0.1920E-10  0.1760E-09  0.3280E-09  0.3880E-09  0.4160E-09  0.4380E-09  0.4430E-09  0.4220E-09  0.3830E-09  0.3540E-09
  0.1000E+17  0.3160E-27  0.8210E-21  0.8290E-16  0.3530E-12  0.1910E-10  0.1740E-09  0.3200E-09  0.3760E-09  0.4030E-09  0.4240E-09  0.4290E-09  0.4100E-09  0.3740E-09  0.3460E-09
WAVELENGTH(A)= 
   193.060
 7 14 t 
excit   
     1.400      2.090      3.490      6.980     14.000     34.900     69.800    105.000    140.000    209.000    349.000    698.000   1400.000   2090.000 
  0.1000E+11  0.5400E-28  0.3100E-21  0.7210E-16  0.6300E-12  0.4870E-10  0.4310E-09  0.7240E-09  0.8330E-09  0.8830E-09  0.9270E-09  0.9490E-09  0.9340E-09  0.8880E-09  0.8450E-09
  0.1000E+12  0.5730E-28  0.3020E-21  0.6060E-16  0.4310E-12  0.2710E-10  0.2080E-09  0.3610E-09  0.4220E-09  0.4510E-09  0.4750E-09  0.4850E-09  0.4730E-09  0.4420E-09  0.4160E-09
  0.1000E+13  0.6320E-28  0.2830E-21  0.4650E-16  0.2760E-12  0.1640E-10  0.1480E-09  0.2750E-09  0.3260E-09  0.3510E-09  0.3710E-09  0.3780E-09  0.3630E-09  0.3330E-09  0.3090E-09
  0.1000E+14  0.7160E-28  0.2960E-21  0.4400E-16  0.2470E-12  0.1470E-10  0.1390E-09  0.2630E-09  0.3130E-09  0.3380E-09  0.3570E-09  0.3630E-09  0.3470E-09  0.3160E-09  0.2920E-09
  0.1000E+15  0.7360E-28  0.3000E-21  0.4360E-16  0.2420E-12  0.1450E-10  0.1390E-09  0.2620E-09  0.3120E-09  0.3360E-09  0.3550E-09  0.3610E-09  0.3460E-09  0.3140E-09  0.2910E-09
  0.1000E+16  0.7380E-28  0.3000E-21  0.4350E-16  0.2420E-12  0.1450E-10  0.1380E-09  0.2610E-09  0.3110E-09  0.3350E-09  0.3540E-09  0.3600E-09  0.3440E-09  0.3140E-09  0.2900E-09
  0.1000E+17  0.7360E-28  0.2990E-21  0.4350E-16  0.2410E-12  0.1450E-10  0.1370E-09  0.2550E-09  0.3020E-09  0.3250E-09  0.3420E-09  0.3480E-09  0.3340E-09  0.3060E-09  0.2840E-09
WAVELENGTH(A)= 
   193.342
 7 14 t 
excit   
     1.400      2.090      3.490      6.980     14.000     34.900     69.800    105.000    140.000    209.000    349.000    698.000   1400.000   2090.000 
  0.1000E+11  0.1870E-30  0.3590E-23  0.2240E-17  0.4250E-13  0.5390E-11  0.9410E-10  0.2160E-09  0.2720E-09  0.3010E-09  0.3250E-09  0.3340E-09  0.3200E-09  0.2860E-09  0.2620E-09
  0.1000E+12  0.6340E-30  0.1060E-22  0.5520E-17  0.8590E-13  0.9340E-11  0.1500E-09  0.3530E-09  0.4500E-09  0.5000E-09  0.5410E-09  0.5550E-09  0.5260E-09  0.4640E-09  0.4200E-09
  0.1000E+13  0.3610E-29  0.4810E-22  0.1900E-16  0.2220E-12  0.2070E-10  0.3260E-09  0.7310E-09  0.9100E-09  0.1000E-08  0.1080E-08  0.1100E-08  0.1050E-08  0.9430E-09  0.8620E-09
  0.1000E+14  0.7660E-29  0.1020E-21  0.3880E-16  0.4410E-12  0.3800E-10  0.4550E-09  0.9240E-09  0.1120E-08  0.1220E-08  0.1310E-08  0.1340E-08  0.1290E-08  0.1180E-08  0.1100E-08
  0.1000E+15  0.8600E-29  0.1160E-21  0.4400E-16  0.5010E-12  0.4240E-10  0.4760E-09  0.9510E-09  0.1150E-08  0.1250E-08  0.1340E-08  0.1370E-08  0.1330E-08  0.1210E-08  0.1130E-08
  0.1000E+16  0.8710E-29  0.1180E-21  0.4460E-16  0.5080E-12  0.4290E-10  0.4780E-09  0.9520E-09  0.1150E-08  0.1250E-08  0.1340E-08  0.1370E-08  0.1330E-08  0.1210E-08  0.1130E-08
  0.1000E+17  0.8690E-29  0.1180E-21  0.4460E-16  0.5080E-12  0.4290E-10  0.4720E-09  0.9300E-09  0.1120E-08  0.1220E-08  0.1300E-08  0.1330E-08  0.1290E-08  0.1180E-08  0.1110E-08
WAVELENGTH(A)= 
   193.564
 7 14 t 
excit   
     1.400      2.090      3.490      6.980     14.000     34.900     69.800    105.000    140.000    209.000    349.000    698.000   1400.000   2090.000 
  0.1000E+11  0.2450E-28  0.2060E-21  0.6080E-16  0.6210E-12  0.5150E-10  0.6770E-09  0.1440E-08  0.1770E-08  0.1940E-08  0.2070E-08  0.2120E-08  0.2040E-08  0.1840E-08  0.1700E-08
  0.1000E+12  0.3790E-28  0.3040E-21  0.8630E-16  0.8440E-12  0.6900E-10  0.7510E-09  0.1430E-08  0.1700E-08  0.1840E-08  0.1950E-08  0.1990E-08  0.1930E-08  0.1780E-08  0.1670E-08
  0.1000E+13  0.6480E-28  0.4380E-21  0.1030E-15  0.8530E-12  0.6270E-10  0.6340E-09  0.1210E-08  0.1450E-08  0.1560E-08  0.1660E-08  0.1690E-08  0.1630E-08  0.1490E-08  0.1390E-08
  0.1000E+14  0.8310E-28  0.5260E-21  0.1100E-15  0.8170E-12  0.5740E-10  0.5950E-09  0.1150E-08  0.1380E-08  0.1490E-08  0.1580E-08  0.1610E-08  0.1550E-08  0.1410E-08  0.1310E-08
  0.1000E+15  0.8700E-28  0.5470E-21  0.1120E-15  0.8130E-12  0.5650E-10  0.5900E-09  0.1140E-08  0.1370E-08  0.1480E-08  0.1570E-08  0.1600E-08  0.1540E-08  0.1400E-08  0.1300E-08
  0.1000E+16  0.8740E-28  0.5500E-21  0.1120E-15  0.8120E-12  0.5640E-10  0.5880E-09  0.1140E-08  0.1370E-08  0.1480E-08  0.1570E-08  0.1600E-08  0.1530E-08  0.1400E-08  0.1300E-08
  0.1000E+17  0.8720E-28  0.5490E-21  0.1120E-15  0.8110E-12  0.5620E-10  0.5810E-09  0.1110E-08  0.1330E-08  0.1430E-08  0.1520E-08  0.1550E-08  0.1490E-08  0.1360E-08  0.1270E-08
WAVELENGTH(A)= 
   194.147
 7 14 t 
excit   
     1.400      2.090      3.490      6.980     14.000     34.900     69.800    105.000    140.000    209.000    349.000    698.000   1400.000   2090.000 
  0.1000E+11  0.1140E-27  0.6180E-21  0.1390E-15  0.1200E-11  0.9300E-10  0.7900E-09  0.1280E-08  0.1450E-08  0.1530E-08  0.1600E-08  0.1640E-08  0.1620E-08  0.1550E-08  0.1500E-08
  0.1000E+12  0.1150E-27  0.5680E-21  0.1080E-15  0.7410E-12  0.4450E-10  0.3060E-09  0.5140E-09  0.5940E-09  0.6330E-09  0.6660E-09  0.6800E-09  0.6670E-09  0.6240E-09  0.5970E-09
  0.1000E+13  0.1070E-27  0.4490E-21  0.6940E-16  0.3900E-12  0.2210E-10  0.1890E-09  0.3470E-09  0.4100E-09  0.4400E-09  0.4650E-09  0.4740E-09  0.4580E-09  0.4200E-09  0.3950E-09
  0.1000E+14  0.1080E-27  0.4130E-21  0.5740E-16  0.3070E-12  0.1770E-10  0.1670E-09  0.3150E-09  0.3750E-09  0.4040E-09  0.4270E-09  0.4350E-09  0.4180E-09  0.3800E-09  0.3550E-09
  0.1000E+15  0.1090E-27  0.4070E-21  0.5510E-16  0.2910E-12  0.1710E-10  0.1640E-09  0.3110E-09  0.3710E-09  0.4000E-09  0.4230E-09  0.4300E-09  0.4130E-09  0.3750E-09  0.3500E-09
  0.1000E+16  0.1090E-27  0.4060E-21  0.5480E-16  0.2890E-12  0.1700E-10  0.1630E-09  0.3100E-09  0.3690E-09  0.3980E-09  0.4210E-09  0.4280E-09  0.4120E-09  0.3730E-09  0.3490E-09
  0.1000E+17  0.1080E-27  0.4050E-21  0.5470E-16  0.2880E-12  0.1690E-10  0.1610E-09  0.3030E-09  0.3590E-09  0.3860E-09  0.4070E-09  0.4140E-09  0.4000E-09  0.3640E-09  0.3410E-09
WAVELENGTH(A)= 
   195.325
 7 14 t 
excit   
     1.400      2.090      3.490      6.980     14.000     34.900     69.800    105.000    140.000    209.000    349.000    698.000   1400.000   2090.000 
  0.1000E+11  0.1410E-27  0.4000E-21  0.4970E-16  0.2630E-12  0.1530E-10  0.1470E-09  0.2830E-09  0.3380E-09  0.3640E-09  0.3840E-09  0.3890E-09  0.3700E-09  0.3330E-09  0.3080E-09
  0.1000E+12  0.1980E-27  0.5290E-21  0.6130E-16  0.3000E-12  0.1730E-10  0.1640E-09  0.3060E-09  0.3610E-09  0.3870E-09  0.4070E-09  0.4120E-09  0.3920E-09  0.3540E-09  0.3290E-09
  0.1000E+13  0.3800E-27  0.8540E-21  0.8250E-16  0.3500E-12  0.1880E-10  0.1660E-09  0.3020E-09  0.3540E-09  0.3790E-09  0.3970E-09  0.4010E-09  0.3810E-09  0.3460E-09  0.3210E-09
  0.1000E+14  0.5220E-27  0.1110E-20  0.9710E-16  0.3730E-12  0.1900E-10  0.1630E-09  0.2960E-09  0.3470E-09  0.3710E-09  0.3890E-09  0.3920E-09  0.3720E-09  0.3370E-09  0.3120E-09
  0.1000E+15  0.5510E-27  0.1170E-20  0.1010E-15  0.3780E-12  0.1900E-10  0.1620E-09  0.2950E-09  0.3460E-09  0.3700E-09  0.3870E-09  0.3900E-09  0.3710E-09  0.3350E-09  0.3100E-09
  0.1000E+16  0.5550E-27  0.1180E-20  0.1010E-15  0.3790E-12  0.1890E-10  0.1620E-09  0.2940E-09  0.3450E-09  0.3690E-09  0.3860E-09  0.3890E-09  0.3690E-09  0.3340E-09  0.3090E-09
  0.1000E+17  0.5530E-27  0.1170E-20  0.1010E-15  0.3780E-12  0.1890E-10  0.1600E-09  0.2870E-09  0.3350E-09  0.3570E-09  0.3730E-09  0.3770E-09  0.3590E-09  0.3260E-09  0.3030E-09
WAVELENGTH(A)= 
   196.218
 7 14 t 
excit   
     1.400      2.090      3.490      6.980     14.000     34.900     69.800    105.000    140.000    209.000    349.000    698.000   1400.000   2090.000 
  0.1000E+11  0.4130E-29  0.3470E-22  0.1030E-16  0.1050E-12  0.8690E-11  0.1140E-09  0.2430E-09  0.2990E-09  0.3270E-09  0.3500E-09  0.3580E-09  0.3440E-09  0.3100E-09  0.2860E-09
  0.1000E+12  0.6410E-29  0.5140E-22  0.1460E-16  0.1420E-12  0.1160E-10  0.1270E-09  0.2410E-09  0.2870E-09  0.3100E-09  0.3290E-09  0.3370E-09  0.3260E-09  0.3000E-09  0.2810E-09
  0.1000E+13  0.1090E-28  0.7390E-22  0.1730E-16  0.1440E-12  0.1060E-10  0.1070E-09  0.2040E-09  0.2440E-09  0.2640E-09  0.2800E-09  0.2860E-09  0.2750E-09  0.2520E-09  0.2350E-09
  0.1000E+14  0.1400E-28  0.8880E-22  0.1860E-16  0.1380E-12  0.9690E-11  0.1000E-09  0.1940E-09  0.2330E-09  0.2520E-09  0.2670E-09  0.2730E-09  0.2620E-09  0.2390E-09  0.2220E-09
  0.1000E+15  0.1470E-28  0.9240E-22  0.1890E-16  0.1370E-12  0.9530E-11  0.9950E-10  0.1930E-09  0.2310E-09  0.2500E-09  0.2650E-09  0.2710E-09  0.2600E-09  0.2370E-09  0.2200E-09
  0.1000E+16  0.1480E-28  0.9280E-22  0.1900E-16  0.1370E-12  0.9510E-11  0.9930E-10  0.1920E-09  0.2310E-09  0.2490E-09  0.2650E-09  0.2700E-09  0.2590E-09  0.2360E-09  0.2190E-09
  0.1000E+17  0.1470E-28  0.9260E-22  0.1890E-16  0.1370E-12  0.9490E-11  0.9810E-10  0.1880E-09  0.2240E-09  0.2410E-09  0.2560E-09  0.2610E-09  0.2510E-09  0.2300E-09  0.2140E-09
WAVELENGTH(A)= 
   197.140
 7 14 t 
excit   
     1.400      2.090      3.490      6.980     14.000     34.900     69.800    105.000    140.000    209.000    349.000    698.000   1400.000   2090.000 
  0.1000E+11  0.9750E-28  0.3980E-21  0.6860E-16  0.4740E-12  0.3220E-10  0.2890E-09  0.5090E-09  0.5930E-09  0.6330E-09  0.6660E-09  0.6780E-09  0.6590E-09  0.6110E-09  0.5770E-09
  0.1000E+12  0.1130E-27  0.4300E-21  0.6590E-16  0.3910E-12  0.2330E-10  0.1910E-09  0.3360E-09  0.3930E-09  0.4200E-09  0.4420E-09  0.4490E-09  0.4340E-09  0.4000E-09  0.3770E-09
  0.1000E+13  0.1440E-27  0.4640E-21  0.5920E-16  0.3000E-12  0.1690E-10  0.1490E-09  0.2730E-09  0.3220E-09  0.3450E-09  0.3630E-09  0.3680E-09  0.3530E-09  0.3210E-09  0.2990E-09
  0.1000E+14  0.1730E-27  0.5170E-21  0.5940E-16  0.2780E-12  0.1540E-10  0.1400E-09  0.2610E-09  0.3080E-09  0.3310E-09  0.3480E-09  0.3530E-09  0.3370E-09  0.3050E-09  0.2830E-09
  0.1000E+15  0.1790E-27  0.5320E-21  0.5980E-16  0.2750E-12  0.1520E-10  0.1390E-09  0.2590E-09  0.3070E-09  0.3290E-09  0.3470E-09  0.3510E-09  0.3350E-09  0.3030E-09  0.2810E-09
  0.1000E+16  0.1800E-27  0.5330E-21  0.5980E-16  0.2750E-12  0.1520E-10  0.1390E-09  0.2580E-09  0.3060E-09  0.3280E-09  0.3450E-09  0.3490E-09  0.3340E-09  0.3020E-09  0.2800E-09
  0.1000E+17  0.1790E-27  0.5320E-21  0.5970E-16  0.2740E-12  0.1520E-10  0.1370E-09  0.2520E-09  0.2970E-09  0.3180E-09  0.3340E-09  0.3380E-09  0.3240E-09  0.2950E-09  0.2740E-09
WAVELENGTH(A)= 
   197.759
 7 14 t 
excit   
     1.400      2.090      3.490      6.980     14.000     34.900     69.800    105.000    140.000    209.000    349.000    698.000   1400.000   2090.000 
  0.1000E+11  0.7480E-27  0.1740E-20  0.1800E-15  0.8130E-12  0.4070E-10  0.2940E-09  0.5000E-09  0.5760E-09  0.6110E-09  0.6400E-09  0.6480E-09  0.6250E-09  0.5770E-09  0.5430E-09
  0.1000E+12  0.7220E-27  0.1570E-20  0.1460E-15  0.5650E-12  0.2630E-10  0.1970E-09  0.3430E-09  0.3980E-09  0.4230E-09  0.4430E-09  0.4480E-09  0.4300E-09  0.3940E-09  0.3690E-09
  0.1000E+13  0.7200E-27  0.1400E-20  0.1150E-15  0.4060E-12  0.1920E-10  0.1560E-09  0.2790E-09  0.3250E-09  0.3470E-09  0.3630E-09  0.3660E-09  0.3490E-09  0.3160E-09  0.2940E-09
  0.1000E+14  0.7690E-27  0.1380E-20  0.1040E-15  0.3560E-12  0.1700E-10  0.1440E-09  0.2610E-09  0.3060E-09  0.3270E-09  0.3420E-09  0.3440E-09  0.3270E-09  0.2940E-09  0.2720E-09
  0.1000E+15  0.7820E-27  0.1380E-20  0.1020E-15  0.3440E-12  0.1660E-10  0.1430E-09  0.2590E-09  0.3040E-09  0.3240E-09  0.3390E-09  0.3410E-09  0.3240E-09  0.2910E-09  0.2690E-09
  0.1000E+16  0.7830E-27  0.1380E-20  0.1020E-15  0.3430E-12  0.1650E-10  0.1420E-09  0.2580E-09  0.3030E-09  0.3230E-09  0.3380E-09  0.3400E-09  0.3220E-09  0.2900E-09  0.2680E-09
  0.1000E+17  0.7810E-27  0.1370E-20  0.1020E-15  0.3420E-12  0.1650E-10  0.1400E-09  0.2520E-09  0.2940E-09  0.3130E-09  0.3270E-09  0.3290E-09  0.3130E-09  0.2830E-09  0.2620E-09
WAVELENGTH(A)= 
   198.851
 7 14 t 
excit   
     1.400      2.090      3.490      6.980     14.000     34.900     69.800    105.000    140.000    209.000    349.000    698.000   1400.000   2090.000 
  0.1000E+11  0.6320E-30  0.4510E-23  0.1430E-17  0.1730E-13  0.2020E-11  0.6180E-10  0.1900E-09  0.2580E-09  0.2930E-09  0.3210E-09  0.3270E-09  0.2970E-09  0.2440E-09  0.2090E-09
  0.1000E+12  0.1620E-28  0.9950E-22  0.2460E-16  0.2220E-12  0.2060E-10  0.3910E-09  0.9090E-09  0.1140E-08  0.1250E-08  0.1340E-08  0.1360E-08  0.1290E-08  0.1130E-08  0.1030E-08
  0.1000E+13  0.1020E-27  0.5310E-21  0.1030E-15  0.7590E-12  0.5660E-10  0.6440E-09  0.1250E-08  0.1500E-08  0.1610E-08  0.1710E-08  0.1750E-08  0.1680E-08  0.1530E-08  0.1420E-08
  0.1000E+14  0.1630E-27  0.8360E-21  0.1480E-15  0.9730E-12  0.6500E-10  0.6540E-09  0.1240E-08  0.1480E-08  0.1600E-08  0.1690E-08  0.1720E-08  0.1660E-08  0.1510E-08  0.1400E-08
  0.1000E+15  0.1750E-27  0.9010E-21  0.1580E-15  0.1010E-11  0.6550E-10  0.6510E-09  0.1240E-08  0.1480E-08  0.1590E-08  0.1680E-08  0.1720E-08  0.1650E-08  0.1500E-08  0.1400E-08
  0.1000E+16  0.1760E-27  0.9080E-21  0.1590E-15  0.1010E-11  0.6550E-10  0.6500E-09  0.1230E-08  0.1470E-08  0.1590E-08  0.1680E-08  0.1710E-08  0.1640E-08  0.1500E-08  0.1390E-08
  0.1000E+17  0.1760E-27  0.9060E-21  0.1590E-15  0.1010E-11  0.6540E-10  0.6420E-09  0.1210E-08  0.1430E-08  0.1540E-08  0.1620E-08  0.1660E-08  0.1590E-08  0.1460E-08  0.1360E-08
WAVELENGTH(A)= 
   200.765
 7 14 t 
excit   
     1.400      2.090      3.490      6.980     14.000     34.900     69.800    105.000    140.000    209.000    349.000    698.000   1400.000   2090.000 
  0.1000E+11  0.2610E-28  0.1300E-21  0.2640E-16  0.2140E-12  0.1800E-10  0.2920E-09  0.6470E-09  0.8020E-09  0.8710E-09  0.9320E-09  0.9500E-09  0.9060E-09  0.8050E-09  0.7350E-09
  0.1000E+12  0.7260E-28  0.3440E-21  0.6710E-16  0.5120E-12  0.3820E-10  0.3890E-09  0.7130E-09  0.8420E-09  0.8970E-09  0.9460E-09  0.9640E-09  0.9340E-09  0.8580E-09  0.8040E-09
  0.1000E+13  0.1570E-27  0.6100E-21  0.9330E-16  0.5720E-12  0.3610E-10  0.3220E-09  0.5900E-09  0.6980E-09  0.7450E-09  0.7860E-09  0.7990E-09  0.7690E-09  0.7020E-09  0.6550E-09
  0.1000E+14  0.2060E-27  0.7540E-21  0.1020E-15  0.5460E-12  0.3240E-10  0.3000E-09  0.5590E-09  0.6630E-09  0.7090E-09  0.7480E-09  0.7600E-09  0.7290E-09  0.6610E-09  0.6140E-09
  0.1000E+15  0.2160E-27  0.7880E-21  0.1040E-15  0.5430E-12  0.3180E-10  0.2970E-09  0.5550E-09  0.6590E-09  0.7050E-09  0.7440E-09  0.7550E-09  0.7240E-09  0.6560E-09  0.6090E-09
  0.1000E+16  0.2180E-27  0.7910E-21  0.1050E-15  0.5420E-12  0.3180E-10  0.2960E-09  0.5530E-09  0.6570E-09  0.7020E-09  0.7410E-09  0.7520E-09  0.7210E-09  0.6540E-09  0.6070E-09
  0.1000E+17  0.2170E-27  0.7900E-21  0.1040E-15  0.5410E-12  0.3170E-10  0.2930E-09  0.5400E-09  0.6380E-09  0.6800E-09  0.7170E-09  0.7280E-09  0.7000E-09  0.6380E-09  0.5930E-09
WAVELENGTH(A)= 
   203.530
 7 14 t 
excit   
     1.400      2.090      3.490      6.980     14.000     34.900     69.800    105.000    140.000    209.000    349.000    698.000   1400.000   2090.000 
  0.1000E+11  0.1020E-28  0.8600E-22  0.2550E-16  0.2600E-12  0.2150E-10  0.2830E-09  0.6040E-09  0.7430E-09  0.8100E-09  0.8680E-09  0.8890E-09  0.8520E-09  0.7690E-09  0.7100E-09
  0.1000E+12  0.1590E-28  0.1270E-21  0.3610E-16  0.3530E-12  0.2890E-10  0.3140E-09  0.5970E-09  0.7130E-09  0.7680E-09  0.8160E-09  0.8350E-09  0.8080E-09  0.7440E-09  0.6970E-09
  0.1000E+13  0.2710E-28  0.1830E-21  0.4300E-16  0.3570E-12  0.2620E-10  0.2650E-09  0.5060E-09  0.6060E-09  0.6540E-09  0.6940E-09  0.7090E-09  0.6830E-09  0.6260E-09  0.5830E-09
  0.1000E+14  0.3480E-28  0.2200E-21  0.4610E-16  0.3420E-12  0.2400E-10  0.2490E-09  0.4810E-09  0.5770E-09  0.6240E-09  0.6630E-09  0.6760E-09  0.6490E-09  0.5920E-09  0.5500E-09
  0.1000E+15  0.3640E-28  0.2290E-21  0.4700E-16  0.3400E-12  0.2360E-10  0.2470E-09  0.4780E-09  0.5740E-09  0.6200E-09  0.6580E-09  0.6710E-09  0.6440E-09  0.5870E-09  0.5450E-09
  0.1000E+16  0.3660E-28  0.2300E-21  0.4700E-16  0.3400E-12  0.2360E-10  0.2460E-09  0.4770E-09  0.5720E-09  0.6180E-09  0.6560E-09  0.6690E-09  0.6420E-09  0.5850E-09  0.5440E-09
  0.1000E+17  0.3650E-28  0.2300E-21  0.4700E-16  0.3390E-12  0.2350E-10  0.2430E-09  0.4650E-09  0.5550E-09  0.5990E-09  0.6340E-09  0.6470E-09  0.6240E-09  0.5710E-09  0.5320E-09
WAVELENGTH(A)= 
   203.581
 7 14 t 
excit   
     1.400      2.090      3.490      6.980     14.000     34.900     69.800    105.000    140.000    209.000    349.000    698.000   1400.000   2090.000 
  0.1000E+11  0.1400E-27  0.5710E-21  0.9840E-16  0.6800E-12  0.4620E-10  0.4150E-09  0.7310E-09  0.8510E-09  0.9090E-09  0.9560E-09  0.9720E-09  0.9450E-09  0.8760E-09  0.8280E-09
  0.1000E+12  0.1620E-27  0.6170E-21  0.9460E-16  0.5610E-12  0.3340E-10  0.2740E-09  0.4830E-09  0.5640E-09  0.6030E-09  0.6340E-09  0.6440E-09  0.6230E-09  0.5740E-09  0.5400E-09
  0.1000E+13  0.2060E-27  0.6660E-21  0.8490E-16  0.4300E-12  0.2430E-10  0.2130E-09  0.3910E-09  0.4610E-09  0.4950E-09  0.5210E-09  0.5280E-09  0.5070E-09  0.4610E-09  0.4290E-09
  0.1000E+14  0.2480E-27  0.7420E-21  0.8520E-16  0.3990E-12  0.2210E-10  0.2020E-09  0.3740E-09  0.4420E-09  0.4750E-09  0.5000E-09  0.5060E-09  0.4840E-09  0.4380E-09  0.4060E-09
  0.1000E+15  0.2570E-27  0.7630E-21  0.8580E-16  0.3940E-12  0.2180E-10  0.2000E-09  0.3720E-09  0.4400E-09  0.4720E-09  0.4970E-09  0.5030E-09  0.4810E-09  0.4350E-09  0.4030E-09
  0.1000E+16  0.2580E-27  0.7650E-21  0.8580E-16  0.3940E-12  0.2180E-10  0.2000E-09  0.3710E-09  0.4380E-09  0.4710E-09  0.4950E-09  0.5010E-09  0.4800E-09  0.4330E-09  0.4020E-09
  0.1000E+17  0.2570E-27  0.7640E-21  0.8570E-16  0.3930E-12  0.2170E-10  0.1970E-09  0.3620E-09  0.4260E-09  0.4560E-09  0.4790E-09  0.4850E-09  0.4650E-09  0.4230E-09  0.3930E-09
WAVELENGTH(A)= 
   208.383
 7 14 t 
excit   
     1.400      2.090      3.490      6.980     14.000     34.900     69.800    105.000    140.000    209.000    349.000    698.000   1400.000   2090.000 
  0.1000E+11  0.1920E-27  0.5440E-21  0.6750E-16  0.3570E-12  0.2080E-10  0.2000E-09  0.3850E-09  0.4590E-09  0.4950E-09  0.5220E-09  0.5290E-09  0.5030E-09  0.4530E-09  0.4190E-09
  0.1000E+12  0.2690E-27  0.7190E-21  0.8340E-16  0.4090E-12  0.2360E-10  0.2230E-09  0.4160E-09  0.4910E-09  0.5270E-09  0.5540E-09  0.5600E-09  0.5330E-09  0.4820E-09  0.4470E-09
  0.1000E+13  0.5170E-27  0.1160E-20  0.1120E-15  0.4750E-12  0.2550E-10  0.2250E-09  0.4110E-09  0.4820E-09  0.5160E-09  0.5400E-09  0.5450E-09  0.5190E-09  0.4700E-09  0.4360E-09
  0.1000E+14  0.7100E-27  0.1510E-20  0.1320E-15  0.5080E-12  0.2580E-10  0.2210E-09  0.4020E-09  0.4720E-09  0.5050E-09  0.5290E-09  0.5330E-09  0.5060E-09  0.4580E-09  0.4240E-09
  0.1000E+15  0.7500E-27  0.1590E-20  0.1370E-15  0.5150E-12  0.2580E-10  0.2210E-09  0.4010E-09  0.4700E-09  0.5030E-09  0.5270E-09  0.5310E-09  0.5040E-09  0.4550E-09  0.4220E-09
  0.1000E+16  0.7540E-27  0.1600E-20  0.1370E-15  0.5150E-12  0.2580E-10  0.2200E-09  0.4000E-09  0.4690E-09  0.5020E-09  0.5250E-09  0.5290E-09  0.5020E-09  0.4540E-09  0.4210E-09
  0.1000E+17  0.7520E-27  0.1600E-20  0.1370E-15  0.5150E-12  0.2570E-10  0.2170E-09  0.3900E-09  0.4550E-09  0.4860E-09  0.5080E-09  0.5120E-09  0.4880E-09  0.4430E-09  0.4110E-09
WAVELENGTH(A)= 
   209.860
 7 14 t 
excit   
     1.400      2.090      3.490      6.980     14.000     34.900     69.800    105.000    140.000    209.000    349.000    698.000   1400.000   2090.000 
  0.1000E+11  0.2820E-28  0.9660E-22  0.1620E-16  0.1210E-12  0.1100E-10  0.2100E-09  0.4880E-09  0.6110E-09  0.6690E-09  0.7140E-09  0.7180E-09  0.6700E-09  0.5780E-09  0.5180E-09
  0.1000E+12  0.2190E-27  0.6610E-21  0.9170E-16  0.5480E-12  0.3780E-10  0.4360E-09  0.8610E-09  0.1030E-08  0.1110E-08  0.1170E-08  0.1180E-08  0.1120E-08  0.9960E-09  0.9120E-09
  0.1000E+13  0.8530E-27  0.2080E-20  0.2180E-15  0.1010E-11  0.5740E-10  0.5320E-09  0.9830E-09  0.1160E-08  0.1240E-08  0.1300E-08  0.1310E-08  0.1250E-08  0.1120E-08  0.1040E-08
  0.1000E+14  0.1330E-26  0.3130E-20  0.2970E-15  0.1220E-11  0.6350E-10  0.5470E-09  0.9960E-09  0.1170E-08  0.1250E-08  0.1310E-08  0.1320E-08  0.1250E-08  0.1130E-08  0.1050E-08
  0.1000E+15  0.1420E-26  0.3370E-20  0.3150E-15  0.1260E-11  0.6450E-10  0.5490E-09  0.9970E-09  0.1170E-08  0.1250E-08  0.1310E-08  0.1320E-08  0.1250E-08  0.1130E-08  0.1050E-08
  0.1000E+16  0.1430E-26  0.3390E-20  0.3170E-15  0.1270E-11  0.6460E-10  0.5480E-09  0.9940E-09  0.1170E-08  0.1250E-08  0.1310E-08  0.1320E-08  0.1250E-08  0.1130E-08  0.1040E-08
  0.1000E+17  0.1430E-26  0.3390E-20  0.3160E-15  0.1270E-11  0.6450E-10  0.5410E-09  0.9710E-09  0.1130E-08  0.1210E-08  0.1270E-08  0.1270E-08  0.1210E-08  0.1100E-08  0.1020E-08
WAVELENGTH(A)= 
   211.462
 7 14 t 
excit   
     1.400      2.090      3.490      6.980     14.000     34.900     69.800    105.000    140.000    209.000    349.000    698.000   1400.000   2090.000 
  0.1000E+11  0.2540E-27  0.7210E-21  0.8950E-16  0.4730E-12  0.2760E-10  0.2650E-09  0.5100E-09  0.6080E-09  0.6550E-09  0.6920E-09  0.7010E-09  0.6670E-09  0.6000E-09  0.5560E-09
  0.1000E+12  0.3560E-27  0.9530E-21  0.1110E-15  0.5410E-12  0.3120E-10  0.2960E-09  0.5510E-09  0.6500E-09  0.6980E-09  0.7340E-09  0.7420E-09  0.7060E-09  0.6390E-09  0.5920E-09
  0.1000E+13  0.6850E-27  0.1540E-20  0.1490E-15  0.6300E-12  0.3380E-10  0.2990E-09  0.5440E-09  0.6380E-09  0.6840E-09  0.7160E-09  0.7230E-09  0.6870E-09  0.6230E-09  0.5780E-09
  0.1000E+14  0.9410E-27  0.2000E-20  0.1750E-15  0.6730E-12  0.3420E-10  0.2930E-09  0.5330E-09  0.6250E-09  0.6690E-09  0.7010E-09  0.7060E-09  0.6710E-09  0.6060E-09  0.5620E-09
  0.1000E+15  0.9940E-27  0.2110E-20  0.1810E-15  0.6820E-12  0.3420E-10  0.2920E-09  0.5310E-09  0.6230E-09  0.6670E-09  0.6980E-09  0.7040E-09  0.6680E-09  0.6040E-09  0.5590E-09
  0.1000E+16  0.9990E-27  0.2120E-20  0.1820E-15  0.6830E-12  0.3410E-10  0.2920E-09  0.5300E-09  0.6210E-09  0.6650E-09  0.6960E-09  0.7010E-09  0.6660E-09  0.6020E-09  0.5570E-09
  0.1000E+17  0.9970E-27  0.2120E-20  0.1820E-15  0.6820E-12  0.3410E-10  0.2880E-09  0.5170E-09  0.6030E-09  0.6440E-09  0.6730E-09  0.6790E-09  0.6460E-09  0.5870E-09  0.5450E-09
WAVELENGTH(A)= 
   212.660
 7 14 t 
excit   
     1.400      2.090      3.490      6.980     14.000     34.900     69.800    105.000    140.000    209.000    349.000    698.000   1400.000   2090.000 
  0.1000E+11  0.2680E-27  0.5830E-21  0.6010E-16  0.2840E-12  0.1660E-10  0.1680E-09  0.3250E-09  0.3870E-09  0.4170E-09  0.4390E-09  0.4430E-09  0.4200E-09  0.3770E-09  0.3470E-09
  0.1000E+12  0.4410E-27  0.9040E-21  0.8730E-16  0.3820E-12  0.2090E-10  0.1790E-09  0.3170E-09  0.3690E-09  0.3930E-09  0.4110E-09  0.4140E-09  0.3950E-09  0.3600E-09  0.3350E-09
  0.1000E+13  0.7830E-27  0.1340E-20  0.1060E-15  0.3900E-12  0.1920E-10  0.1510E-09  0.2650E-09  0.3070E-09  0.3280E-09  0.3420E-09  0.3450E-09  0.3280E-09  0.2970E-09  0.2760E-09
  0.1000E+14  0.9770E-27  0.1570E-20  0.1100E-15  0.3590E-12  0.1680E-10  0.1370E-09  0.2450E-09  0.2860E-09  0.3050E-09  0.3190E-09  0.3210E-09  0.3040E-09  0.2740E-09  0.2530E-09
  0.1000E+15  0.1020E-26  0.1620E-20  0.1110E-15  0.3520E-12  0.1630E-10  0.1340E-09  0.2420E-09  0.2830E-09  0.3020E-09  0.3160E-09  0.3170E-09  0.3000E-09  0.2700E-09  0.2500E-09
  0.1000E+16  0.1020E-26  0.1620E-20  0.1110E-15  0.3510E-12  0.1620E-10  0.1340E-09  0.2410E-09  0.2820E-09  0.3010E-09  0.3140E-09  0.3160E-09  0.2990E-09  0.2690E-09  0.2490E-09
  0.1000E+17  0.1020E-26  0.1620E-20  0.1110E-15  0.3500E-12  0.1620E-10  0.1320E-09  0.2350E-09  0.2730E-09  0.2910E-09  0.3040E-09  0.3060E-09  0.2900E-09  0.2630E-09  0.2430E-09
WAVELENGTH(A)= 
   214.634
 7 14 t 
excit   
     1.400      2.090      3.490      6.980     14.000     34.900     69.800    105.000    140.000    209.000    349.000    698.000   1400.000   2090.000 
  0.1000E+11  0.1090E-27  0.4450E-21  0.7660E-16  0.5300E-12  0.3600E-10  0.3230E-09  0.5690E-09  0.6630E-09  0.7080E-09  0.7440E-09  0.7570E-09  0.7360E-09  0.6820E-09  0.6450E-09
  0.1000E+12  0.1260E-27  0.4800E-21  0.7370E-16  0.4370E-12  0.2600E-10  0.2130E-09  0.3760E-09  0.4390E-09  0.4690E-09  0.4930E-09  0.5010E-09  0.4850E-09  0.4470E-09  0.4210E-09
  0.1000E+13  0.1600E-27  0.5190E-21  0.6620E-16  0.3350E-12  0.1890E-10  0.1660E-09  0.3050E-09  0.3590E-09  0.3850E-09  0.4060E-09  0.4110E-09  0.3950E-09  0.3590E-09  0.3340E-09
  0.1000E+14  0.1930E-27  0.5780E-21  0.6640E-16  0.3110E-12  0.1720E-10  0.1570E-09  0.2910E-09  0.3440E-09  0.3700E-09  0.3890E-09  0.3940E-09  0.3770E-09  0.3410E-09  0.3160E-09
  0.1000E+15  0.2000E-27  0.5940E-21  0.6680E-16  0.3070E-12  0.1700E-10  0.1560E-09  0.2900E-09  0.3430E-09  0.3680E-09  0.3870E-09  0.3920E-09  0.3750E-09  0.3390E-09  0.3140E-09
  0.1000E+16  0.2010E-27  0.5960E-21  0.6680E-16  0.3070E-12  0.1700E-10  0.1560E-09  0.2890E-09  0.3410E-09  0.3670E-09  0.3860E-09  0.3900E-09  0.3730E-09  0.3380E-09  0.3130E-09
  0.1000E+17  0.2000E-27  0.5950E-21  0.6670E-16  0.3060E-12  0.1690E-10  0.1540E-09  0.2820E-09  0.3320E-09  0.3550E-09  0.3730E-09  0.3780E-09  0.3630E-09  0.3290E-09  0.3060E-09
WAVELENGTH(A)= 
   216.983
 7 14 t 
excit   
     1.400      2.090      3.490      6.980     14.000     34.900     69.800    105.000    140.000    209.000    349.000    698.000   1400.000   2090.000 
  0.1000E+11  0.8040E-27  0.1370E-20  0.1250E-15  0.5720E-12  0.3890E-10  0.5860E-09  0.1260E-08  0.1530E-08  0.1660E-08  0.1750E-08  0.1770E-08  0.1660E-08  0.1460E-08  0.1320E-08
  0.1000E+12  0.3460E-26  0.5480E-20  0.4520E-15  0.1820E-11  0.1010E-09  0.8890E-09  0.1560E-08  0.1820E-08  0.1930E-08  0.2010E-08  0.2030E-08  0.1940E-08  0.1770E-08  0.1640E-08
  0.1000E+13  0.8950E-26  0.1150E-19  0.7250E-15  0.2310E-11  0.1070E-09  0.8000E-09  0.1380E-08  0.1600E-08  0.1690E-08  0.1760E-08  0.1770E-08  0.1690E-08  0.1540E-08  0.1430E-08
  0.1000E+14  0.1220E-25  0.1470E-19  0.8240E-15  0.2280E-11  0.9810E-10  0.7460E-09  0.1300E-08  0.1510E-08  0.1610E-08  0.1680E-08  0.1680E-08  0.1600E-08  0.1450E-08  0.1340E-08
  0.1000E+15  0.1280E-25  0.1550E-19  0.8470E-15  0.2270E-11  0.9620E-10  0.7380E-09  0.1290E-08  0.1500E-08  0.1590E-08  0.1660E-08  0.1670E-08  0.1590E-08  0.1430E-08  0.1330E-08
  0.1000E+16  0.1290E-25  0.1560E-19  0.8500E-15  0.2270E-11  0.9590E-10  0.7360E-09  0.1290E-08  0.1500E-08  0.1590E-08  0.1660E-08  0.1660E-08  0.1580E-08  0.1430E-08  0.1320E-08
  0.1000E+17  0.1280E-25  0.1550E-19  0.8480E-15  0.2270E-11  0.9560E-10  0.7270E-09  0.1260E-08  0.1450E-08  0.1540E-08  0.1600E-08  0.1610E-08  0.1530E-08  0.1390E-08  0.1290E-08
WAVELENGTH(A)= 
   218.752
 7 14 t 
excit   
     1.400      2.090      3.490      6.980     14.000     34.900     69.800    105.000    140.000    209.000    349.000    698.000   1400.000   2090.000 
  0.1000E+11  0.4680E-28  0.8670E-22  0.9320E-17  0.5060E-13  0.3980E-11  0.9410E-10  0.2630E-09  0.3480E-09  0.3890E-09  0.4200E-09  0.4230E-09  0.3810E-09  0.3120E-09  0.2680E-09
  0.1000E+12  0.1150E-26  0.1820E-20  0.1530E-15  0.6150E-12  0.3790E-10  0.5600E-09  0.1200E-08  0.1460E-08  0.1580E-08  0.1670E-08  0.1690E-08  0.1580E-08  0.1390E-08  0.1250E-08
  0.1000E+13  0.7130E-26  0.9600E-20  0.6310E-15  0.2070E-11  0.1020E-09  0.9130E-09  0.1640E-08  0.1920E-08  0.2040E-08  0.2130E-08  0.2150E-08  0.2050E-08  0.1860E-08  0.1720E-08
  0.1000E+14  0.1140E-25  0.1510E-19  0.9040E-15  0.2640E-11  0.1170E-09  0.9260E-09  0.1630E-08  0.1900E-08  0.2020E-08  0.2110E-08  0.2130E-08  0.2020E-08  0.1830E-08  0.1700E-08
  0.1000E+15  0.1220E-25  0.1620E-19  0.9610E-15  0.2730E-11  0.1180E-09  0.9220E-09  0.1620E-08  0.1890E-08  0.2010E-08  0.2100E-08  0.2120E-08  0.2010E-08  0.1820E-08  0.1690E-08
  0.1000E+16  0.1230E-25  0.1640E-19  0.9680E-15  0.2750E-11  0.1180E-09  0.9210E-09  0.1620E-08  0.1890E-08  0.2000E-08  0.2090E-08  0.2110E-08  0.2010E-08  0.1820E-08  0.1690E-08
  0.1000E+17  0.1230E-25  0.1630E-19  0.9670E-15  0.2740E-11  0.1180E-09  0.9090E-09  0.1580E-08  0.1830E-08  0.1940E-08  0.2020E-08  0.2040E-08  0.1950E-08  0.1770E-08  0.1650E-08
WAVELENGTH(A)= 
   219.979
 7 14 t 
excit   
     1.400      2.090      3.490      6.980     14.000     34.900     69.800    105.000    140.000    209.000    349.000    698.000   1400.000   2090.000 
  0.1000E+11  0.1250E-27  0.3560E-21  0.4420E-16  0.2340E-12  0.1360E-10  0.1310E-09  0.2520E-09  0.3000E-09  0.3230E-09  0.3420E-09  0.3460E-09  0.3290E-09  0.2960E-09  0.2740E-09
  0.1000E+12  0.1760E-27  0.4700E-21  0.5460E-16  0.2670E-12  0.1540E-10  0.1460E-09  0.2720E-09  0.3210E-09  0.3450E-09  0.3620E-09  0.3660E-09  0.3480E-09  0.3150E-09  0.2920E-09
  0.1000E+13  0.3380E-27  0.7600E-21  0.7340E-16  0.3110E-12  0.1670E-10  0.1470E-09  0.2680E-09  0.3150E-09  0.3370E-09  0.3530E-09  0.3570E-09  0.3390E-09  0.3070E-09  0.2850E-09
  0.1000E+14  0.4640E-27  0.9880E-21  0.8640E-16  0.3320E-12  0.1690E-10  0.1450E-09  0.2630E-09  0.3080E-09  0.3300E-09  0.3460E-09  0.3490E-09  0.3310E-09  0.2990E-09  0.2770E-09
  0.1000E+15  0.4910E-27  0.1040E-20  0.8940E-16  0.3370E-12  0.1690E-10  0.1440E-09  0.2620E-09  0.3070E-09  0.3290E-09  0.3450E-09  0.3470E-09  0.3300E-09  0.2980E-09  0.2760E-09
  0.1000E+16  0.4930E-27  0.1050E-20  0.8970E-16  0.3370E-12  0.1690E-10  0.1440E-09  0.2610E-09  0.3060E-09  0.3280E-09  0.3430E-09  0.3460E-09  0.3290E-09  0.2970E-09  0.2750E-09
  0.1000E+17  0.4920E-27  0.1040E-20  0.8960E-16  0.3370E-12  0.1680E-10  0.1420E-09  0.2550E-09  0.2980E-09  0.3180E-09  0.3320E-09  0.3350E-09  0.3190E-09  0.2900E-09  0.2690E-09
WAVELENGTH(A)= 
   220.323
 7 14 t 
excit   
     1.400      2.090      3.490      6.980     14.000     34.900     69.800    105.000    140.000    209.000    349.000    698.000   1400.000   2090.000 
  0.1000E+11  0.3500E-27  0.5980E-21  0.5430E-16  0.2490E-12  0.1700E-10  0.2560E-09  0.5470E-09  0.6670E-09  0.7220E-09  0.7640E-09  0.7700E-09  0.7240E-09  0.6370E-09  0.5770E-09
  0.1000E+12  0.1510E-26  0.2390E-20  0.1970E-15  0.7960E-12  0.4400E-10  0.3870E-09  0.6820E-09  0.7920E-09  0.8410E-09  0.8780E-09  0.8840E-09  0.8450E-09  0.7700E-09  0.7160E-09
  0.1000E+13  0.3900E-26  0.5010E-20  0.3160E-15  0.1010E-11  0.4650E-10  0.3490E-09  0.6020E-09  0.6960E-09  0.7380E-09  0.7690E-09  0.7730E-09  0.7370E-09  0.6710E-09  0.6240E-09
  0.1000E+14  0.5300E-26  0.6430E-20  0.3590E-15  0.9940E-12  0.4280E-10  0.3250E-09  0.5680E-09  0.6600E-09  0.7000E-09  0.7300E-09  0.7330E-09  0.6970E-09  0.6310E-09  0.5840E-09
  0.1000E+15  0.5580E-26  0.6750E-20  0.3690E-15  0.9910E-12  0.4190E-10  0.3220E-09  0.5640E-09  0.6550E-09  0.6950E-09  0.7250E-09  0.7280E-09  0.6910E-09  0.6250E-09  0.5790E-09
  0.1000E+16  0.5610E-26  0.6780E-20  0.3700E-15  0.9910E-12  0.4180E-10  0.3210E-09  0.5620E-09  0.6530E-09  0.6930E-09  0.7220E-09  0.7250E-09  0.6890E-09  0.6230E-09  0.5770E-09
  0.1000E+17  0.5590E-26  0.6770E-20  0.3700E-15  0.9890E-12  0.4170E-10  0.3170E-09  0.5490E-09  0.6340E-09  0.6710E-09  0.6990E-09  0.7020E-09  0.6690E-09  0.6080E-09  0.5640E-09
WAVELENGTH(A)= 
   221.073
 7 14 t 
excit   
     1.400      2.090      3.490      6.980     14.000     34.900     69.800    105.000    140.000    209.000    349.000    698.000   1400.000   2090.000 
  0.1000E+11  0.1000E-27  0.2700E-21  0.3240E-16  0.1700E-12  0.1020E-10  0.1080E-09  0.2160E-09  0.2620E-09  0.2830E-09  0.2990E-09  0.3030E-09  0.2860E-09  0.2550E-09  0.2340E-09
  0.1000E+12  0.1680E-27  0.4240E-21  0.4770E-16  0.2320E-12  0.1370E-10  0.1370E-09  0.2620E-09  0.3120E-09  0.3350E-09  0.3530E-09  0.3560E-09  0.3370E-09  0.3030E-09  0.2780E-09
  0.1000E+13  0.4080E-27  0.8460E-21  0.7690E-16  0.3130E-12  0.1670E-10  0.1550E-09  0.2880E-09  0.3400E-09  0.3640E-09  0.3820E-09  0.3850E-09  0.3650E-09  0.3290E-09  0.3030E-09
  0.1000E+14  0.6210E-27  0.1230E-20  0.1020E-15  0.3750E-12  0.1870E-10  0.1610E-09  0.2950E-09  0.3470E-09  0.3700E-09  0.3890E-09  0.3910E-09  0.3710E-09  0.3350E-09  0.3090E-09
  0.1000E+15  0.6670E-27  0.1330E-20  0.1080E-15  0.3900E-12  0.1910E-10  0.1620E-09  0.2950E-09  0.3470E-09  0.3710E-09  0.3890E-09  0.3920E-09  0.3710E-09  0.3350E-09  0.3090E-09
  0.1000E+16  0.6720E-27  0.1340E-20  0.1090E-15  0.3920E-12  0.1920E-10  0.1620E-09  0.2950E-09  0.3460E-09  0.3700E-09  0.3880E-09  0.3910E-09  0.3710E-09  0.3350E-09  0.3090E-09
  0.1000E+17  0.6710E-27  0.1330E-20  0.1080E-15  0.3920E-12  0.1910E-10  0.1600E-09  0.2880E-09  0.3360E-09  0.3580E-09  0.3750E-09  0.3780E-09  0.3600E-09  0.3260E-09  0.3020E-09
WAVELENGTH(A)= 
   221.271
 7 14 t 
excit   
     1.400      2.090      3.490      6.980     14.000     34.900     69.800    105.000    140.000    209.000    349.000    698.000   1400.000   2090.000 
  0.1000E+11  0.4240E-29  0.3840E-22  0.1260E-16  0.1430E-12  0.1250E-10  0.1310E-09  0.2420E-09  0.2870E-09  0.3090E-09  0.3270E-09  0.3350E-09  0.3260E-09  0.3040E-09  0.2870E-09
  0.1000E+12  0.5750E-29  0.4740E-22  0.1350E-16  0.1270E-12  0.9590E-11  0.9320E-10  0.1770E-09  0.2120E-09  0.2290E-09  0.2430E-09  0.2470E-09  0.2380E-09  0.2170E-09  0.2030E-09
  0.1000E+13  0.1190E-28  0.8080E-22  0.1840E-16  0.1400E-12  0.9590E-11  0.1030E-09  0.2060E-09  0.2490E-09  0.2700E-09  0.2870E-09  0.2910E-09  0.2770E-09  0.2480E-09  0.2280E-09
  0.1000E+14  0.1860E-28  0.1220E-21  0.2600E-16  0.1910E-12  0.1270E-10  0.1250E-09  0.2400E-09  0.2870E-09  0.3100E-09  0.3280E-09  0.3320E-09  0.3180E-09  0.2870E-09  0.2660E-09
  0.1000E+15  0.2010E-28  0.1310E-21  0.2780E-16  0.2040E-12  0.1370E-10  0.1300E-09  0.2460E-09  0.2930E-09  0.3160E-09  0.3340E-09  0.3380E-09  0.3240E-09  0.2940E-09  0.2730E-09
  0.1000E+16  0.2030E-28  0.1320E-21  0.2790E-16  0.2060E-12  0.1380E-10  0.1300E-09  0.2460E-09  0.2930E-09  0.3150E-09  0.3340E-09  0.3380E-09  0.3240E-09  0.2940E-09  0.2730E-09
  0.1000E+17  0.2020E-28  0.1320E-21  0.2790E-16  0.2060E-12  0.1380E-10  0.1290E-09  0.2400E-09  0.2840E-09  0.3060E-09  0.3230E-09  0.3270E-09  0.3150E-09  0.2870E-09  0.2670E-09
WAVELENGTH(A)= 
   221.716
 7 14 t 
excit   
     1.400      2.090      3.490      6.980     14.000     34.900     69.800    105.000    140.000    209.000    349.000    698.000   1400.000   2090.000 
  0.1000E+11  0.3340E-25  0.1570E-19  0.4690E-15  0.8590E-12  0.2960E-10  0.1970E-09  0.3290E-09  0.3750E-09  0.3950E-09  0.4080E-09  0.4070E-09  0.3830E-09  0.3460E-09  0.3200E-09
  0.1000E+12  0.4160E-25  0.1850E-19  0.5070E-15  0.8380E-12  0.2720E-10  0.1640E-09  0.2600E-09  0.2920E-09  0.3060E-09  0.3150E-09  0.3130E-09  0.2950E-09  0.2680E-09  0.2490E-09
  0.1000E+13  0.5480E-25  0.2100E-19  0.4860E-15  0.6970E-12  0.2100E-10  0.1240E-09  0.2000E-09  0.2260E-09  0.2370E-09  0.2440E-09  0.2420E-09  0.2270E-09  0.2040E-09  0.1880E-09
  0.1000E+14  0.6200E-25  0.2200E-19  0.4570E-15  0.5980E-12  0.1760E-10  0.1110E-09  0.1830E-09  0.2080E-09  0.2190E-09  0.2260E-09  0.2240E-09  0.2090E-09  0.1860E-09  0.1710E-09
  0.1000E+15  0.6340E-25  0.2220E-19  0.4510E-15  0.5770E-12  0.1700E-10  0.1090E-09  0.1810E-09  0.2060E-09  0.2170E-09  0.2240E-09  0.2220E-09  0.2060E-09  0.1840E-09  0.1690E-09
  0.1000E+16  0.6360E-25  0.2220E-19  0.4500E-15  0.5740E-12  0.1690E-10  0.1080E-09  0.1800E-09  0.2050E-09  0.2160E-09  0.2230E-09  0.2210E-09  0.2060E-09  0.1830E-09  0.1680E-09
  0.1000E+17  0.6340E-25  0.2210E-19  0.4490E-15  0.5730E-12  0.1680E-10  0.1070E-09  0.1760E-09  0.2000E-09  0.2100E-09  0.2160E-09  0.2140E-09  0.2000E-09  0.1790E-09  0.1640E-09
WAVELENGTH(A)= 
   224.594
 7 14 t 
excit   
     1.400      2.090      3.490      6.980     14.000     34.900     69.800    105.000    140.000    209.000    349.000    698.000   1400.000   2090.000 
  0.1000E+11  0.2290E-27  0.3130E-21  0.2580E-16  0.1150E-12  0.8270E-11  0.1500E-09  0.3520E-09  0.4410E-09  0.4830E-09  0.5140E-09  0.5160E-09  0.4760E-09  0.4060E-09  0.3600E-09
  0.1000E+12  0.2850E-26  0.3340E-20  0.2190E-15  0.7450E-12  0.4010E-10  0.4510E-09  0.8870E-09  0.1060E-08  0.1130E-08  0.1190E-08  0.1190E-08  0.1120E-08  0.9960E-09  0.9080E-09
  0.1000E+13  0.1340E-25  0.1290E-19  0.6450E-15  0.1730E-11  0.7650E-10  0.6130E-09  0.1070E-08  0.1240E-08  0.1310E-08  0.1360E-08  0.1370E-08  0.1300E-08  0.1180E-08  0.1100E-08
  0.1000E+14  0.2060E-25  0.1920E-19  0.8700E-15  0.2060E-11  0.8240E-10  0.6060E-09  0.1050E-08  0.1210E-08  0.1280E-08  0.1330E-08  0.1330E-08  0.1270E-08  0.1150E-08  0.1070E-08
  0.1000E+15  0.2190E-25  0.2060E-19  0.9170E-15  0.2110E-11  0.8230E-10  0.6020E-09  0.1040E-08  0.1200E-08  0.1270E-08  0.1320E-08  0.1330E-08  0.1260E-08  0.1140E-08  0.1060E-08
  0.1000E+16  0.2210E-25  0.2070E-19  0.9220E-15  0.2120E-11  0.8230E-10  0.6010E-09  0.1040E-08  0.1200E-08  0.1270E-08  0.1320E-08  0.1320E-08  0.1260E-08  0.1140E-08  0.1050E-08
  0.1000E+17  0.2200E-25  0.2070E-19  0.9210E-15  0.2110E-11  0.8210E-10  0.5940E-09  0.1010E-08  0.1160E-08  0.1230E-08  0.1270E-08  0.1280E-08  0.1220E-08  0.1110E-08  0.1030E-08
WAVELENGTH(A)= 
   226.801
 7 14 t 
excit   
     1.400      2.090      3.490      6.980     14.000     34.900     69.800    105.000    140.000    209.000    349.000    698.000   1400.000   2090.000 
  0.1000E+11  0.5660E-26  0.5340E-20  0.2940E-15  0.8900E-12  0.4330E-10  0.3910E-09  0.7080E-09  0.8240E-09  0.8780E-09  0.9140E-09  0.9150E-09  0.8690E-09  0.7810E-09  0.7200E-09
  0.1000E+12  0.1060E-25  0.9340E-20  0.4670E-15  0.1260E-11  0.5400E-10  0.3770E-09  0.6140E-09  0.6960E-09  0.7330E-09  0.7580E-09  0.7570E-09  0.7260E-09  0.6650E-09  0.6210E-09
  0.1000E+13  0.1830E-25  0.1330E-19  0.5280E-15  0.1170E-11  0.4400E-10  0.2860E-09  0.4720E-09  0.5390E-09  0.5680E-09  0.5880E-09  0.5870E-09  0.5590E-09  0.5070E-09  0.4710E-09
  0.1000E+14  0.2240E-25  0.1510E-19  0.5280E-15  0.1030E-11  0.3700E-10  0.2560E-09  0.4340E-09  0.4970E-09  0.5260E-09  0.5450E-09  0.5430E-09  0.5150E-09  0.4630E-09  0.4280E-09
  0.1000E+15  0.2320E-25  0.1550E-19  0.5310E-15  0.1000E-11  0.3570E-10  0.2510E-09  0.4280E-09  0.4920E-09  0.5200E-09  0.5390E-09  0.5370E-09  0.5090E-09  0.4570E-09  0.4220E-09
  0.1000E+16  0.2330E-25  0.1560E-19  0.5310E-15  0.9990E-12  0.3550E-10  0.2510E-09  0.4270E-09  0.4900E-09  0.5190E-09  0.5370E-09  0.5350E-09  0.5070E-09  0.4560E-09  0.4200E-09
  0.1000E+17  0.2320E-25  0.1560E-19  0.5300E-15  0.9970E-12  0.3540E-10  0.2480E-09  0.4170E-09  0.4760E-09  0.5020E-09  0.5200E-09  0.5180E-09  0.4920E-09  0.4450E-09  0.4110E-09
WAVELENGTH(A)= 
   227.892
 7 14 t 
excit   
     1.400      2.090      3.490      6.980     14.000     34.900     69.800    105.000    140.000    209.000    349.000    698.000   1400.000   2090.000 
  0.1000E+11  0.1100E-26  0.1010E-20  0.5920E-16  0.2020E-12  0.1270E-10  0.1930E-09  0.4090E-09  0.4940E-09  0.5330E-09  0.5590E-09  0.5610E-09  0.5200E-09  0.4530E-09  0.4080E-09
  0.1000E+12  0.7570E-26  0.6220E-20  0.3080E-15  0.8530E-12  0.3920E-10  0.3150E-09  0.5380E-09  0.6170E-09  0.6520E-09  0.6750E-09  0.6750E-09  0.6380E-09  0.5760E-09  0.5340E-09
  0.1000E+13  0.2150E-25  0.1430E-19  0.5340E-15  0.1150E-11  0.4340E-10  0.2910E-09  0.4860E-09  0.5550E-09  0.5850E-09  0.6040E-09  0.6040E-09  0.5700E-09  0.5140E-09  0.4760E-09
  0.1000E+14  0.2970E-25  0.1870E-19  0.6210E-15  0.1160E-11  0.4080E-10  0.2750E-09  0.4640E-09  0.5310E-09  0.5600E-09  0.5790E-09  0.5780E-09  0.5440E-09  0.4890E-09  0.4510E-09
  0.1000E+15  0.3130E-25  0.1970E-19  0.6400E-15  0.1160E-11  0.4020E-10  0.2730E-09  0.4610E-09  0.5280E-09  0.5570E-09  0.5760E-09  0.5750E-09  0.5410E-09  0.4850E-09  0.4480E-09
  0.1000E+16  0.3150E-25  0.1980E-19  0.6420E-15  0.1160E-11  0.4010E-10  0.2720E-09  0.4590E-09  0.5260E-09  0.5550E-09  0.5740E-09  0.5730E-09  0.5390E-09  0.4840E-09  0.4460E-09
  0.1000E+17  0.3140E-25  0.1980E-19  0.6410E-15  0.1160E-11  0.4000E-10  0.2690E-09  0.4490E-09  0.5110E-09  0.5380E-09  0.5550E-09  0.5540E-09  0.5230E-09  0.4720E-09  0.4370E-09
WAVELENGTH(A)= 
   231.579
 7 14 t 
excit   
     1.400      2.090      3.490      6.980     14.000     34.900     69.800    105.000    140.000    209.000    349.000    698.000   1400.000   2090.000 
  0.1000E+11  0.6600E-27  0.6060E-21  0.3540E-16  0.1210E-12  0.7570E-11  0.1160E-09  0.2450E-09  0.2960E-09  0.3190E-09  0.3350E-09  0.3360E-09  0.3120E-09  0.2710E-09  0.2440E-09
  0.1000E+12  0.4530E-26  0.3730E-20  0.1840E-15  0.5110E-12  0.2350E-10  0.1880E-09  0.3220E-09  0.3690E-09  0.3900E-09  0.4040E-09  0.4040E-09  0.3820E-09  0.3450E-09  0.3200E-09
  0.1000E+13  0.1290E-25  0.8550E-20  0.3200E-15  0.6860E-12  0.2600E-10  0.1740E-09  0.2910E-09  0.3320E-09  0.3500E-09  0.3620E-09  0.3610E-09  0.3410E-09  0.3080E-09  0.2850E-09
  0.1000E+14  0.1780E-25  0.1120E-19  0.3720E-15  0.6940E-12  0.2440E-10  0.1650E-09  0.2780E-09  0.3180E-09  0.3350E-09  0.3470E-09  0.3460E-09  0.3260E-09  0.2930E-09  0.2700E-09
  0.1000E+15  0.1870E-25  0.1180E-19  0.3830E-15  0.6960E-12  0.2400E-10  0.1630E-09  0.2760E-09  0.3160E-09  0.3340E-09  0.3450E-09  0.3440E-09  0.3240E-09  0.2900E-09  0.2680E-09
  0.1000E+16  0.1880E-25  0.1180E-19  0.3840E-15  0.6960E-12  0.2400E-10  0.1630E-09  0.2750E-09  0.3150E-09  0.3320E-09  0.3440E-09  0.3430E-09  0.3230E-09  0.2900E-09  0.2670E-09
  0.1000E+17  0.1880E-25  0.1180E-19  0.3840E-15  0.6950E-12  0.2390E-10  0.1610E-09  0.2680E-09  0.3060E-09  0.3220E-09  0.3320E-09  0.3320E-09  0.3130E-09  0.2830E-09  0.2610E-09
WAVELENGTH(A)= 
   233.278
 7 14 t 
excit   
     1.400      2.090      3.490      6.980     14.000     34.900     69.800    105.000    140.000    209.000    349.000    698.000   1400.000   2090.000 
  0.1000E+11  0.6320E-25  0.2630E-19  0.7660E-15  0.1410E-11  0.5120E-10  0.2810E-09  0.4020E-09  0.4350E-09  0.4490E-09  0.4560E-09  0.4520E-09  0.4310E-09  0.4000E-09  0.3770E-09
  0.1000E+12  0.6410E-25  0.2440E-19  0.6030E-15  0.8890E-12  0.2510E-10  0.1140E-09  0.1710E-09  0.1890E-09  0.1980E-09  0.2020E-09  0.2000E-09  0.1880E-09  0.1710E-09  0.1590E-09
  0.1000E+13  0.6210E-25  0.2000E-19  0.4010E-15  0.4860E-12  0.1300E-10  0.7450E-10  0.1220E-09  0.1380E-09  0.1450E-09  0.1490E-09  0.1470E-09  0.1370E-09  0.1210E-09  0.1110E-09
  0.1000E+14  0.6550E-25  0.1930E-19  0.3480E-15  0.4000E-12  0.1090E-10  0.6770E-10  0.1140E-09  0.1290E-09  0.1360E-09  0.1400E-09  0.1380E-09  0.1280E-09  0.1120E-09  0.1020E-09
  0.1000E+15  0.6650E-25  0.1930E-19  0.3380E-15  0.3850E-12  0.1060E-10  0.6690E-10  0.1130E-09  0.1280E-09  0.1350E-09  0.1390E-09  0.1370E-09  0.1260E-09  0.1110E-09  0.1010E-09
  0.1000E+16  0.6660E-25  0.1930E-19  0.3370E-15  0.3830E-12  0.1060E-10  0.6670E-10  0.1120E-09  0.1280E-09  0.1350E-09  0.1380E-09  0.1360E-09  0.1260E-09  0.1110E-09  0.1010E-09
  0.1000E+17  0.6610E-25  0.1920E-19  0.3360E-15  0.3820E-12  0.1050E-10  0.6570E-10  0.1090E-09  0.1240E-09  0.1300E-09  0.1340E-09  0.1320E-09  0.1220E-09  0.1080E-09  0.9880E-10
WAVELENGTH(A)= 
   238.695
 7 14 t 
excit   
     1.400      2.090      3.490      6.980     14.000     34.900     69.800    105.000    140.000    209.000    349.000    698.000   1400.000   2090.000 
  0.1000E+11  0.3560E-25  0.1670E-19  0.5000E-15  0.9160E-12  0.3160E-10  0.2100E-09  0.3510E-09  0.4000E-09  0.4210E-09  0.4350E-09  0.4340E-09  0.4090E-09  0.3690E-09  0.3410E-09
  0.1000E+12  0.4430E-25  0.1970E-19  0.5410E-15  0.8940E-12  0.2900E-10  0.1750E-09  0.2770E-09  0.3110E-09  0.3260E-09  0.3350E-09  0.3340E-09  0.3150E-09  0.2860E-09  0.2660E-09
  0.1000E+13  0.5840E-25  0.2230E-19  0.5180E-15  0.7430E-12  0.2240E-10  0.1320E-09  0.2130E-09  0.2400E-09  0.2530E-09  0.2600E-09  0.2580E-09  0.2420E-09  0.2170E-09  0.2010E-09
  0.1000E+14  0.6610E-25  0.2340E-19  0.4870E-15  0.6380E-12  0.1880E-10  0.1180E-09  0.1950E-09  0.2220E-09  0.2340E-09  0.2410E-09  0.2390E-09  0.2230E-09  0.1980E-09  0.1820E-09
  0.1000E+15  0.6760E-25  0.2370E-19  0.4800E-15  0.6150E-12  0.1810E-10  0.1160E-09  0.1930E-09  0.2200E-09  0.2310E-09  0.2380E-09  0.2360E-09  0.2200E-09  0.1960E-09  0.1800E-09
  0.1000E+16  0.6780E-25  0.2370E-19  0.4790E-15  0.6120E-12  0.1800E-10  0.1160E-09  0.1920E-09  0.2190E-09  0.2310E-09  0.2380E-09  0.2350E-09  0.2190E-09  0.1950E-09  0.1790E-09
  0.1000E+17  0.6750E-25  0.2360E-19  0.4780E-15  0.6110E-12  0.1800E-10  0.1140E-09  0.1880E-09  0.2130E-09  0.2230E-09  0.2300E-09  0.2280E-09  0.2130E-09  0.1910E-09  0.1750E-09
WAVELENGTH(A)= 
   238.864
 7 14 t 
excit   
     1.400      2.090      3.490      6.980     14.000     34.900     69.800    105.000    140.000    209.000    349.000    698.000   1400.000   2090.000 
  0.1000E+11  0.2220E-25  0.1340E-19  0.5140E-15  0.1170E-11  0.4670E-10  0.2820E-09  0.4250E-09  0.4710E-09  0.4900E-09  0.5020E-09  0.4990E-09  0.4740E-09  0.4340E-09  0.4080E-09
  0.1000E+12  0.2490E-25  0.1380E-19  0.4540E-15  0.8450E-12  0.2790E-10  0.1670E-09  0.2770E-09  0.3160E-09  0.3330E-09  0.3440E-09  0.3410E-09  0.3180E-09  0.2830E-09  0.2610E-09
  0.1000E+13  0.3570E-25  0.1640E-19  0.4420E-15  0.7020E-12  0.2270E-10  0.1490E-09  0.2480E-09  0.2820E-09  0.2970E-09  0.3060E-09  0.3030E-09  0.2820E-09  0.2510E-09  0.2300E-09
  0.1000E+14  0.4360E-25  0.1880E-19  0.4560E-15  0.6700E-12  0.2100E-10  0.1380E-09  0.2320E-09  0.2660E-09  0.2800E-09  0.2880E-09  0.2850E-09  0.2650E-09  0.2340E-09  0.2140E-09
  0.1000E+15  0.4510E-25  0.1930E-19  0.4580E-15  0.6600E-12  0.2050E-10  0.1360E-09  0.2300E-09  0.2630E-09  0.2770E-09  0.2860E-09  0.2820E-09  0.2620E-09  0.2310E-09  0.2120E-09
  0.1000E+16  0.4530E-25  0.1930E-19  0.4580E-15  0.6580E-12  0.2040E-10  0.1360E-09  0.2290E-09  0.2620E-09  0.2760E-09  0.2850E-09  0.2810E-09  0.2610E-09  0.2300E-09  0.2110E-09
  0.1000E+17  0.4500E-25  0.1920E-19  0.4560E-15  0.6560E-12  0.2040E-10  0.1340E-09  0.2230E-09  0.2540E-09  0.2680E-09  0.2750E-09  0.2720E-09  0.2530E-09  0.2250E-09  0.2060E-09
WAVELENGTH(A)= 
   240.307
 7 14 t 
excit   
     1.400      2.090      3.490      6.980     14.000     34.900     69.800    105.000    140.000    209.000    349.000    698.000   1400.000   2090.000 
  0.1000E+11  0.3970E-25  0.1700E-19  0.4720E-15  0.8190E-12  0.2860E-10  0.2360E-09  0.4330E-09  0.5060E-09  0.5380E-09  0.5600E-09  0.5590E-09  0.5220E-09  0.4640E-09  0.4240E-09
  0.1000E+12  0.7000E-25  0.2870E-19  0.7660E-15  0.1280E-11  0.4400E-10  0.2980E-09  0.4870E-09  0.5510E-09  0.5790E-09  0.5970E-09  0.5940E-09  0.5600E-09  0.5070E-09  0.4700E-09
  0.1000E+13  0.1360E-24  0.4690E-19  0.1020E-14  0.1440E-11  0.4430E-10  0.2660E-09  0.4250E-09  0.4790E-09  0.5020E-09  0.5160E-09  0.5130E-09  0.4830E-09  0.4360E-09  0.4040E-09
  0.1000E+14  0.1740E-24  0.5620E-19  0.1090E-14  0.1370E-11  0.3960E-10  0.2430E-09  0.3950E-09  0.4470E-09  0.4690E-09  0.4830E-09  0.4790E-09  0.4490E-09  0.4030E-09  0.3720E-09
  0.1000E+15  0.1810E-24  0.5820E-19  0.1110E-14  0.1340E-11  0.3850E-10  0.2390E-09  0.3900E-09  0.4420E-09  0.4640E-09  0.4780E-09  0.4740E-09  0.4440E-09  0.3980E-09  0.3670E-09
  0.1000E+16  0.1820E-24  0.5840E-19  0.1110E-14  0.1340E-11  0.3830E-10  0.2380E-09  0.3890E-09  0.4400E-09  0.4630E-09  0.4760E-09  0.4720E-09  0.4420E-09  0.3970E-09  0.3650E-09
  0.1000E+17  0.1820E-24  0.5830E-19  0.1110E-14  0.1340E-11  0.3820E-10  0.2350E-09  0.3800E-09  0.4280E-09  0.4480E-09  0.4610E-09  0.4570E-09  0.4300E-09  0.3870E-09  0.3580E-09
WAVELENGTH(A)= 
   243.524
 7 14 t 
excit   
     1.400      2.090      3.490      6.980     14.000     34.900     69.800    105.000    140.000    209.000    349.000    698.000   1400.000   2090.000 
  0.1000E+11  0.1970E-23  0.2750E-18  0.2990E-14  0.2510E-11  0.5450E-10  0.2580E-09  0.3880E-09  0.4300E-09  0.4460E-09  0.4540E-09  0.4460E-09  0.4140E-09  0.3700E-09  0.3410E-09
  0.1000E+12  0.2030E-23  0.2680E-18  0.2650E-14  0.1970E-11  0.4150E-10  0.1980E-09  0.2940E-09  0.3240E-09  0.3350E-09  0.3410E-09  0.3340E-09  0.3100E-09  0.2770E-09  0.2560E-09
  0.1000E+13  0.2150E-23  0.2520E-18  0.2210E-14  0.1500E-11  0.3110E-10  0.1490E-09  0.2230E-09  0.2460E-09  0.2550E-09  0.2590E-09  0.2530E-09  0.2340E-09  0.2080E-09  0.1910E-09
  0.1000E+14  0.2180E-23  0.2360E-18  0.1890E-14  0.1210E-11  0.2500E-10  0.1290E-09  0.1990E-09  0.2210E-09  0.2300E-09  0.2340E-09  0.2280E-09  0.2100E-09  0.1850E-09  0.1690E-09
  0.1000E+15  0.2190E-23  0.2320E-18  0.1810E-14  0.1130E-11  0.2370E-10  0.1260E-09  0.1950E-09  0.2180E-09  0.2260E-09  0.2300E-09  0.2250E-09  0.2060E-09  0.1820E-09  0.1650E-09
  0.1000E+16  0.2190E-23  0.2320E-18  0.1800E-14  0.1120E-11  0.2350E-10  0.1250E-09  0.1950E-09  0.2170E-09  0.2250E-09  0.2290E-09  0.2240E-09  0.2060E-09  0.1810E-09  0.1650E-09
  0.1000E+17  0.2170E-23  0.2300E-18  0.1790E-14  0.1120E-11  0.2340E-10  0.1230E-09  0.1900E-09  0.2100E-09  0.2180E-09  0.2220E-09  0.2170E-09  0.1990E-09  0.1760E-09  0.1610E-09
WAVELENGTH(A)= 
   291.785
 7 14 t 
excit   
     1.400      2.090      3.490      6.980     14.000     34.900     69.800    105.000    140.000    209.000    349.000    698.000   1400.000   2090.000 
  0.1000E+11  0.5270E-23  0.3200E-18  0.1880E-14  0.1050E-11  0.2220E-10  0.1540E-09  0.2680E-09  0.3070E-09  0.3220E-09  0.3290E-09  0.3210E-09  0.2900E-09  0.2480E-09  0.2220E-09
  0.1000E+12  0.1330E-22  0.7610E-18  0.4310E-14  0.2300E-11  0.4630E-10  0.2470E-09  0.3800E-09  0.4200E-09  0.4340E-09  0.4390E-09  0.4270E-09  0.3910E-09  0.3420E-09  0.3110E-09
  0.1000E+13  0.3510E-22  0.1660E-17  0.7470E-14  0.3280E-11  0.5710E-10  0.2540E-09  0.3700E-09  0.4040E-09  0.4150E-09  0.4180E-09  0.4070E-09  0.3730E-09  0.3300E-09  0.3010E-09
  0.1000E+14  0.4820E-22  0.2170E-17  0.8720E-14  0.3360E-11  0.5440E-10  0.2380E-09  0.3490E-09  0.3810E-09  0.3930E-09  0.3960E-09  0.3840E-09  0.3520E-09  0.3090E-09  0.2820E-09
  0.1000E+15  0.5070E-22  0.2280E-17  0.8980E-14  0.3360E-11  0.5330E-10  0.2340E-09  0.3450E-09  0.3780E-09  0.3890E-09  0.3920E-09  0.3810E-09  0.3480E-09  0.3060E-09  0.2780E-09
  0.1000E+16  0.5090E-22  0.2290E-17  0.9000E-14  0.3360E-11  0.5320E-10  0.2340E-09  0.3440E-09  0.3770E-09  0.3880E-09  0.3910E-09  0.3790E-09  0.3470E-09  0.3050E-09  0.2770E-09
  0.1000E+17  0.5060E-22  0.2280E-17  0.8970E-14  0.3350E-11  0.5290E-10  0.2310E-09  0.3360E-09  0.3660E-09  0.3770E-09  0.3790E-09  0.3680E-09  0.3380E-09  0.2980E-09  0.2720E-09
WAVELENGTH(A)= 
  1516.050
 7 14 t 
excit   
     1.400      2.090      3.490      6.980     14.000     34.900     69.800    105.000    140.000    209.000    349.000    698.000   1400.000   2090.000 
  0.1000E+11  0.4490E-12  0.6280E-11  0.4580E-10  0.1680E-09  0.2750E-09  0.3770E-09  0.4660E-09  0.5000E-09  0.5130E-09  0.5180E-09  0.5060E-09  0.4700E-09  0.4190E-09  0.3850E-09
  0.1000E+12  0.4540E-12  0.5990E-11  0.3940E-10  0.1250E-09  0.1840E-09  0.2840E-09  0.3830E-09  0.4220E-09  0.4380E-09  0.4490E-09  0.4460E-09  0.4230E-09  0.3840E-09  0.3570E-09
  0.1000E+13  0.2900E-12  0.3550E-11  0.2150E-10  0.6500E-10  0.9800E-10  0.1480E-09  0.1800E-09  0.1910E-09  0.1960E-09  0.2000E-09  0.2020E-09  0.1990E-09  0.1920E-09  0.1870E-09
  0.1000E+14  0.5690E-13  0.7010E-12  0.4280E-11  0.1400E-10  0.2220E-10  0.2650E-10  0.2840E-10  0.2910E-10  0.2940E-10  0.2980E-10  0.3020E-10  0.3060E-10  0.3080E-10  0.3080E-10
  0.1000E+15  0.6290E-14  0.7770E-13  0.4740E-12  0.1590E-11  0.2560E-11  0.2880E-11  0.3010E-11  0.3060E-11  0.3090E-11  0.3130E-11  0.3170E-11  0.3220E-11  0.3270E-11  0.3290E-11
  0.1000E+16  0.6360E-15  0.7850E-14  0.4790E-13  0.1610E-12  0.2600E-12  0.2900E-12  0.3020E-12  0.3070E-12  0.3100E-12  0.3140E-12  0.3180E-12  0.3230E-12  0.3280E-12  0.3310E-12
  0.1000E+17  0.6370E-16  0.7860E-15  0.4800E-14  0.1620E-13  0.2600E-13  0.2870E-13  0.2950E-13  0.2990E-13  0.3010E-13  0.3040E-13  0.3080E-13  0.3140E-13  0.3200E-13  0.3240E-13
WAVELENGTH(A)= 
  1695.650
 7 14 t 
excit   
     1.400      2.090      3.490      6.980     14.000     34.900     69.800    105.000    140.000    209.000    349.000    698.000   1400.000   2090.000 
  0.1000E+11  0.8560E-12  0.1200E-10  0.8740E-10  0.3200E-09  0.5240E-09  0.7190E-09  0.8890E-09  0.9520E-09  0.9770E-09  0.9860E-09  0.9640E-09  0.8950E-09  0.7980E-09  0.7340E-09
  0.1000E+12  0.8660E-12  0.1140E-10  0.7500E-10  0.2370E-09  0.3510E-09  0.5410E-09  0.7310E-09  0.8030E-09  0.8350E-09  0.8550E-09  0.8500E-09  0.8050E-09  0.7320E-09  0.6810E-09
  0.1000E+13  0.5520E-12  0.6770E-11  0.4100E-10  0.1240E-09  0.1870E-09  0.2820E-09  0.3440E-09  0.3640E-09  0.3740E-09  0.3810E-09  0.3840E-09  0.3790E-09  0.3660E-09  0.3550E-09
  0.1000E+14  0.1080E-12  0.1340E-11  0.8150E-11  0.2670E-10  0.4230E-10  0.5050E-10  0.5400E-10  0.5540E-10  0.5600E-10  0.5680E-10  0.5750E-10  0.5820E-10  0.5860E-10  0.5870E-10
  0.1000E+15  0.1200E-13  0.1480E-12  0.9030E-12  0.3030E-11  0.4880E-11  0.5480E-11  0.5730E-11  0.5830E-11  0.5890E-11  0.5970E-11  0.6050E-11  0.6140E-11  0.6230E-11  0.6270E-11
  0.1000E+16  0.1210E-14  0.1500E-13  0.9130E-13  0.3070E-12  0.4960E-12  0.5520E-12  0.5750E-12  0.5850E-12  0.5910E-12  0.5980E-12  0.6060E-12  0.6160E-12  0.6250E-12  0.6300E-12
  0.1000E+17  0.1210E-15  0.1500E-14  0.9140E-14  0.3080E-13  0.4960E-13  0.5470E-13  0.5620E-13  0.5700E-13  0.5730E-13  0.5800E-13  0.5880E-13  0.5990E-13  0.6100E-13  0.6170E-13
WAVELENGTH(A)= 
  1742.830
 7 14 t 
excit   
     1.400      2.090      3.490      6.980     14.000     34.900     69.800    105.000    140.000    209.000    349.000    698.000   1400.000   2090.000 
  0.1000E+11  0.2870E-11  0.1210E-10  0.3430E-10  0.6620E-10  0.1460E-09  0.6780E-09  0.1180E-08  0.1370E-08  0.1460E-08  0.1530E-08  0.1550E-08  0.1480E-08  0.1350E-08  0.1260E-08
  0.1000E+12  0.5590E-11  0.2230E-10  0.6010E-10  0.1070E-09  0.1840E-09  0.5810E-09  0.8880E-09  0.9960E-09  0.1040E-08  0.1080E-08  0.1090E-08  0.1050E-08  0.9740E-09  0.9200E-09
  0.1000E+13  0.8000E-11  0.2830E-10  0.6620E-10  0.1060E-09  0.1430E-09  0.2500E-09  0.2970E-09  0.3110E-09  0.3160E-09  0.3210E-09  0.3220E-09  0.3190E-09  0.3120E-09  0.3060E-09
  0.1000E+14  0.1950E-11  0.7100E-11  0.1650E-10  0.2680E-10  0.3280E-10  0.3780E-10  0.3950E-10  0.4010E-10  0.4030E-10  0.4060E-10  0.4070E-10  0.4080E-10  0.4080E-10  0.4080E-10
  0.1000E+15  0.2220E-12  0.8200E-12  0.1910E-11  0.3130E-11  0.3740E-11  0.3990E-11  0.4090E-11  0.4130E-11  0.4140E-11  0.4170E-11  0.4180E-11  0.4200E-11  0.4210E-11  0.4220E-11
  0.1000E+16  0.2250E-13  0.8330E-13  0.1940E-12  0.3180E-12  0.3790E-12  0.4010E-12  0.4100E-12  0.4130E-12  0.4150E-12  0.4170E-12  0.4180E-12  0.4200E-12  0.4220E-12  0.4230E-12
  0.1000E+17  0.2250E-14  0.8340E-14  0.1940E-13  0.3190E-13  0.3790E-13  0.3960E-13  0.4000E-13  0.4020E-13  0.4020E-13  0.4030E-13  0.4050E-13  0.4090E-13  0.4120E-13  0.4140E-13
WAVELENGTH(A)= 
  2418.670
 7 14 t 
excit   
     1.400      2.090      3.490      6.980     14.000     34.900     69.800    105.000    140.000    209.000    349.000    698.000   1400.000   2090.000 
  0.1000E+11  0.1990E-11  0.8380E-11  0.2370E-10  0.4580E-10  0.1010E-09  0.4700E-09  0.8150E-09  0.9500E-09  0.1010E-08  0.1060E-08  0.1070E-08  0.1030E-08  0.9350E-09  0.8700E-09
  0.1000E+12  0.3870E-11  0.1540E-10  0.4160E-10  0.7440E-10  0.1270E-09  0.4020E-09  0.6150E-09  0.6900E-09  0.7240E-09  0.7490E-09  0.7540E-09  0.7270E-09  0.6750E-09  0.6370E-09
  0.1000E+13  0.5540E-11  0.1960E-10  0.4590E-10  0.7370E-10  0.9930E-10  0.1730E-09  0.2060E-09  0.2150E-09  0.2190E-09  0.2220E-09  0.2230E-09  0.2210E-09  0.2160E-09  0.2120E-09
  0.1000E+14  0.1350E-11  0.4920E-11  0.1140E-10  0.1860E-10  0.2270E-10  0.2620E-10  0.2740E-10  0.2780E-10  0.2790E-10  0.2810E-10  0.2820E-10  0.2830E-10  0.2830E-10  0.2830E-10
  0.1000E+15  0.1540E-12  0.5680E-12  0.1320E-11  0.2170E-11  0.2590E-11  0.2770E-11  0.2830E-11  0.2860E-11  0.2870E-11  0.2890E-11  0.2900E-11  0.2910E-11  0.2920E-11  0.2920E-11
  0.1000E+16  0.1560E-13  0.5770E-13  0.1350E-12  0.2200E-12  0.2630E-12  0.2780E-12  0.2840E-12  0.2860E-12  0.2870E-12  0.2890E-12  0.2900E-12  0.2910E-12  0.2920E-12  0.2930E-12
  0.1000E+17  0.1560E-14  0.5780E-14  0.1350E-13  0.2210E-13  0.2630E-13  0.2750E-13  0.2770E-13  0.2780E-13  0.2790E-13  0.2790E-13  0.2810E-13  0.2830E-13  0.2850E-13  0.2870E-13
WAVELENGTH(A)= 
  3117.010
 7 14 t 
excit   
     1.400      2.090      3.490      6.980     14.000     34.900     69.800    105.000    140.000    209.000    349.000    698.000   1400.000   2090.000 
  0.1000E+11  0.2220E-10  0.5820E-10  0.1390E-09  0.2840E-09  0.5160E-09  0.1140E-08  0.1400E-08  0.1470E-08  0.1500E-08  0.1510E-08  0.1520E-08  0.1500E-08  0.1450E-08  0.1420E-08
  0.1000E+12  0.1540E-10  0.3610E-10  0.7220E-10  0.1180E-09  0.1530E-09  0.1620E-09  0.1550E-09  0.1530E-09  0.1520E-09  0.1510E-09  0.1510E-09  0.1530E-09  0.1550E-09  0.1570E-09
  0.1000E+13  0.3390E-11  0.6430E-11  0.9790E-11  0.1260E-10  0.1340E-10  0.1190E-10  0.1130E-10  0.1110E-10  0.1110E-10  0.1100E-10  0.1100E-10  0.1110E-10  0.1120E-10  0.1130E-10
  0.1000E+14  0.4100E-12  0.7240E-12  0.9560E-12  0.1050E-11  0.1050E-11  0.1010E-11  0.9970E-12  0.9930E-12  0.9910E-12  0.9880E-12  0.9870E-12  0.9860E-12  0.9860E-12  0.9870E-12
  0.1000E+15  0.4230E-13  0.7420E-13  0.9530E-13  0.1000E-12  0.9890E-13  0.9850E-13  0.9800E-13  0.9770E-13  0.9760E-13  0.9740E-13  0.9720E-13  0.9700E-13  0.9690E-13  0.9670E-13
  0.1000E+16  0.4250E-14  0.7440E-14  0.9530E-14  0.9980E-14  0.9830E-14  0.9810E-14  0.9760E-14  0.9730E-14  0.9710E-14  0.9690E-14  0.9680E-14  0.9660E-14  0.9650E-14  0.9630E-14
  0.1000E+17  0.4250E-15  0.7450E-15  0.9530E-15  0.9970E-15  0.9800E-15  0.9690E-15  0.9530E-15  0.9450E-15  0.9410E-15  0.9370E-15  0.9360E-15  0.9380E-15  0.9410E-15  0.9420E-15
WAVELENGTH(A)= 
  3953.190
 7 14 t 
excit   
     1.400      2.090      3.490      6.980     14.000     34.900     69.800    105.000    140.000    209.000    349.000    698.000   1400.000   2090.000 
  0.1000E+11  0.5570E-11  0.2350E-10  0.6650E-10  0.1280E-09  0.2840E-09  0.1320E-08  0.2280E-08  0.2660E-08  0.2840E-08  0.2980E-08  0.3010E-08  0.2880E-08  0.2620E-08  0.2440E-08
  0.1000E+12  0.1090E-10  0.4320E-10  0.1170E-09  0.2080E-09  0.3570E-09  0.1130E-08  0.1720E-08  0.1930E-08  0.2030E-08  0.2100E-08  0.2110E-08  0.2040E-08  0.1890E-08  0.1790E-08
  0.1000E+13  0.1550E-10  0.5490E-10  0.1280E-09  0.2060E-09  0.2780E-09  0.4850E-09  0.5770E-09  0.6030E-09  0.6140E-09  0.6230E-09  0.6250E-09  0.6200E-09  0.6050E-09  0.5930E-09
  0.1000E+14  0.3780E-11  0.1380E-10  0.3200E-10  0.5210E-10  0.6360E-10  0.7340E-10  0.7670E-10  0.7780E-10  0.7820E-10  0.7870E-10  0.7910E-10  0.7930E-10  0.7920E-10  0.7920E-10
  0.1000E+15  0.4310E-12  0.1590E-11  0.3710E-11  0.6070E-11  0.7250E-11  0.7750E-11  0.7940E-11  0.8010E-11  0.8040E-11  0.8090E-11  0.8120E-11  0.8160E-11  0.8180E-11  0.8190E-11
  0.1000E+16  0.4370E-13  0.1620E-12  0.3770E-12  0.6170E-12  0.7360E-12  0.7780E-12  0.7950E-12  0.8020E-12  0.8050E-12  0.8090E-12  0.8120E-12  0.8160E-12  0.8190E-12  0.8210E-12
  0.1000E+17  0.4370E-14  0.1620E-13  0.3770E-13  0.6180E-13  0.7350E-13  0.7700E-13  0.7770E-13  0.7790E-13  0.7800E-13  0.7830E-13  0.7870E-13  0.7930E-13  0.7990E-13  0.8030E-13
WAVELENGTH(A)= 
  5461.710
 7 14 t 
excit   
     1.400      2.090      3.490      6.980     14.000     34.900     69.800    105.000    140.000    209.000    349.000    698.000   1400.000   2090.000 
  0.1000E+11  0.8870E-12  0.3740E-11  0.1060E-10  0.2050E-10  0.4530E-10  0.2100E-09  0.3640E-09  0.4240E-09  0.4530E-09  0.4750E-09  0.4800E-09  0.4590E-09  0.4170E-09  0.3890E-09
  0.1000E+12  0.1730E-11  0.6890E-11  0.1860E-10  0.3320E-10  0.5690E-10  0.1800E-09  0.2750E-09  0.3080E-09  0.3230E-09  0.3350E-09  0.3370E-09  0.3250E-09  0.3010E-09  0.2850E-09
  0.1000E+13  0.2470E-11  0.8750E-11  0.2050E-10  0.3290E-10  0.4430E-10  0.7720E-10  0.9200E-10  0.9620E-10  0.9790E-10  0.9930E-10  0.9970E-10  0.9880E-10  0.9640E-10  0.9460E-10
  0.1000E+14  0.6030E-12  0.2200E-11  0.5100E-11  0.8300E-11  0.1010E-10  0.1170E-10  0.1220E-10  0.1240E-10  0.1250E-10  0.1250E-10  0.1260E-10  0.1260E-10  0.1260E-10  0.1260E-10
  0.1000E+15  0.6860E-13  0.2540E-12  0.5910E-12  0.9680E-12  0.1160E-11  0.1240E-11  0.1270E-11  0.1280E-11  0.1280E-11  0.1290E-11  0.1290E-11  0.1300E-11  0.1300E-11  0.1310E-11
  0.1000E+16  0.6960E-14  0.2580E-13  0.6010E-13  0.9840E-13  0.1170E-12  0.1240E-12  0.1270E-12  0.1280E-12  0.1280E-12  0.1290E-12  0.1290E-12  0.1300E-12  0.1300E-12  0.1310E-12
  0.1000E+17  0.6970E-15  0.2580E-14  0.6020E-14  0.9860E-14  0.1170E-13  0.1230E-13  0.1240E-13  0.1240E-13  0.1240E-13  0.1250E-13  0.1250E-13  0.1260E-13  0.1270E-13  0.1280E-13
WAVELENGTH(A)= 
  6230.920
 7 14 t 
excit   
     1.400      2.090      3.490      6.980     14.000     34.900     69.800    105.000    140.000    209.000    349.000    698.000   1400.000   2090.000 
  0.1000E+11  0.6270E-10  0.1640E-09  0.3930E-09  0.8000E-09  0.1450E-08  0.3210E-08  0.3960E-08  0.4140E-08  0.4220E-08  0.4270E-08  0.4270E-08  0.4220E-08  0.4090E-08  0.4000E-08
  0.1000E+12  0.4340E-10  0.1020E-09  0.2040E-09  0.3330E-09  0.4310E-09  0.4580E-09  0.4380E-09  0.4300E-09  0.4270E-09  0.4250E-09  0.4260E-09  0.4300E-09  0.4370E-09  0.4410E-09
  0.1000E+13  0.9550E-11  0.1810E-10  0.2760E-10  0.3550E-10  0.3770E-10  0.3350E-10  0.3180E-10  0.3140E-10  0.3120E-10  0.3110E-10  0.3110E-10  0.3120E-10  0.3150E-10  0.3180E-10
  0.1000E+14  0.1150E-11  0.2040E-11  0.2690E-11  0.2950E-11  0.2950E-11  0.2850E-11  0.2810E-11  0.2800E-11  0.2790E-11  0.2790E-11  0.2780E-11  0.2780E-11  0.2780E-11  0.2780E-11
  0.1000E+15  0.1190E-12  0.2090E-12  0.2690E-12  0.2830E-12  0.2790E-12  0.2780E-12  0.2760E-12  0.2750E-12  0.2750E-12  0.2740E-12  0.2740E-12  0.2730E-12  0.2730E-12  0.2730E-12
  0.1000E+16  0.1200E-13  0.2100E-13  0.2690E-13  0.2810E-13  0.2770E-13  0.2760E-13  0.2750E-13  0.2740E-13  0.2740E-13  0.2730E-13  0.2730E-13  0.2720E-13  0.2720E-13  0.2710E-13
  0.1000E+17  0.1200E-14  0.2100E-14  0.2690E-14  0.2810E-14  0.2760E-14  0.2730E-14  0.2680E-14  0.2660E-14  0.2650E-14  0.2640E-14  0.2640E-14  0.2640E-14  0.2650E-14  0.2650E-14
