 50  7 14
WAVELENGTH(A)= 
     3.119
 7 14 t 
excit   
    46.600     69.900    117.000    233.000    466.000   1170.000   2330.000   3490.000   4660.000   6990.000  11700.000  23300.000  46600.000  69900.000 
  0.1000E+11  0.1000E-73  0.3280E-35  0.1930E-25  0.3500E-18  0.1260E-14  0.1370E-12  0.5550E-12  0.8390E-12  0.1000E-11  0.1160E-11  0.1260E-11  0.1250E-11  0.1140E-11  0.1050E-11
  0.1000E+12  0.1000E-73  0.3280E-35  0.1930E-25  0.3500E-18  0.1260E-14  0.1370E-12  0.5550E-12  0.8390E-12  0.1000E-11  0.1160E-11  0.1260E-11  0.1250E-11  0.1140E-11  0.1050E-11
  0.1000E+13  0.1000E-73  0.3280E-35  0.1930E-25  0.3500E-18  0.1260E-14  0.1370E-12  0.5550E-12  0.8390E-12  0.1000E-11  0.1160E-11  0.1260E-11  0.1250E-11  0.1140E-11  0.1050E-11
  0.1000E+14  0.1000E-73  0.3280E-35  0.1930E-25  0.3500E-18  0.1260E-14  0.1370E-12  0.5550E-12  0.8390E-12  0.1000E-11  0.1160E-11  0.1260E-11  0.1250E-11  0.1140E-11  0.1050E-11
  0.1000E+15  0.1000E-73  0.3280E-35  0.1930E-25  0.3500E-18  0.1260E-14  0.1370E-12  0.5550E-12  0.8390E-12  0.1000E-11  0.1160E-11  0.1260E-11  0.1250E-11  0.1140E-11  0.1050E-11
  0.1000E+16  0.1000E-73  0.3280E-35  0.1930E-25  0.3500E-18  0.1260E-14  0.1370E-12  0.5550E-12  0.8390E-12  0.1000E-11  0.1160E-11  0.1260E-11  0.1250E-11  0.1140E-11  0.1050E-11
  0.1000E+17  0.1390E-47  0.3280E-35  0.1930E-25  0.3500E-18  0.1260E-14  0.1370E-12  0.5550E-12  0.8390E-12  0.1000E-11  0.1160E-11  0.1260E-11  0.1250E-11  0.1140E-11  0.1050E-11
WAVELENGTH(A)= 
     3.356
 7 14 t 
excit   
    46.600     69.900    117.000    233.000    466.000   1170.000   2330.000   3490.000   4660.000   6990.000  11700.000  23300.000  46600.000  69900.000 
  0.1000E+11  0.1000E-73  0.4030E-33  0.4790E-24  0.2630E-17  0.5270E-14  0.4030E-12  0.1470E-11  0.2130E-11  0.2510E-11  0.2870E-11  0.3080E-11  0.3020E-11  0.2770E-11  0.2560E-11
  0.1000E+12  0.1000E-73  0.4030E-33  0.4790E-24  0.2630E-17  0.5270E-14  0.4030E-12  0.1470E-11  0.2130E-11  0.2510E-11  0.2870E-11  0.3080E-11  0.3020E-11  0.2770E-11  0.2560E-11
  0.1000E+13  0.1000E-73  0.4030E-33  0.4790E-24  0.2630E-17  0.5270E-14  0.4030E-12  0.1470E-11  0.2130E-11  0.2510E-11  0.2870E-11  0.3080E-11  0.3020E-11  0.2770E-11  0.2560E-11
  0.1000E+14  0.2400E-44  0.4030E-33  0.4790E-24  0.2630E-17  0.5270E-14  0.4030E-12  0.1470E-11  0.2130E-11  0.2510E-11  0.2870E-11  0.3080E-11  0.3020E-11  0.2770E-11  0.2560E-11
  0.1000E+15  0.1680E-44  0.4030E-33  0.4790E-24  0.2630E-17  0.5270E-14  0.4030E-12  0.1470E-11  0.2130E-11  0.2510E-11  0.2870E-11  0.3080E-11  0.3020E-11  0.2770E-11  0.2560E-11
  0.1000E+16  0.1650E-44  0.4030E-33  0.4790E-24  0.2630E-17  0.5270E-14  0.4030E-12  0.1470E-11  0.2130E-11  0.2510E-11  0.2870E-11  0.3080E-11  0.3020E-11  0.2770E-11  0.2560E-11
  0.1000E+17  0.1650E-44  0.4030E-33  0.4790E-24  0.2630E-17  0.5270E-14  0.4030E-12  0.1470E-11  0.2130E-11  0.2510E-11  0.2870E-11  0.3080E-11  0.3020E-11  0.2770E-11  0.2560E-11
WAVELENGTH(A)= 
     3.420
 7 14 t 
excit   
    46.600     69.900    117.000    233.000    466.000   1170.000   2330.000   3490.000   4660.000   6990.000  11700.000  23300.000  46600.000  69900.000 
  0.1000E+11  0.1000E-73  0.5240E-33  0.4150E-24  0.1690E-17  0.2900E-14  0.2060E-12  0.7600E-12  0.1140E-11  0.1390E-11  0.1690E-11  0.1970E-11  0.2190E-11  0.2220E-11  0.2170E-11
  0.1000E+12  0.1000E-73  0.5240E-33  0.4150E-24  0.1690E-17  0.2900E-14  0.2060E-12  0.7600E-12  0.1140E-11  0.1390E-11  0.1690E-11  0.1970E-11  0.2190E-11  0.2220E-11  0.2170E-11
  0.1000E+13  0.1000E-73  0.5240E-33  0.4150E-24  0.1690E-17  0.2900E-14  0.2060E-12  0.7600E-12  0.1140E-11  0.1390E-11  0.1690E-11  0.1970E-11  0.2190E-11  0.2220E-11  0.2170E-11
  0.1000E+14  0.3430E-44  0.5240E-33  0.4150E-24  0.1690E-17  0.2900E-14  0.2060E-12  0.7600E-12  0.1140E-11  0.1390E-11  0.1690E-11  0.1970E-11  0.2190E-11  0.2220E-11  0.2170E-11
  0.1000E+15  0.3520E-44  0.5240E-33  0.4150E-24  0.1690E-17  0.2900E-14  0.2060E-12  0.7600E-12  0.1140E-11  0.1390E-11  0.1690E-11  0.1970E-11  0.2190E-11  0.2220E-11  0.2170E-11
  0.1000E+16  0.3520E-44  0.5240E-33  0.4150E-24  0.1690E-17  0.2900E-14  0.2060E-12  0.7600E-12  0.1140E-11  0.1390E-11  0.1690E-11  0.1970E-11  0.2190E-11  0.2220E-11  0.2170E-11
  0.1000E+17  0.3520E-44  0.5240E-33  0.4150E-24  0.1690E-17  0.2900E-14  0.2060E-12  0.7600E-12  0.1140E-11  0.1390E-11  0.1690E-11  0.1970E-11  0.2190E-11  0.2220E-11  0.2170E-11
WAVELENGTH(A)= 
     3.842
 7 14 t 
excit   
    46.600     69.900    117.000    233.000    466.000   1170.000   2330.000   3490.000   4660.000   6990.000  11700.000  23300.000  46600.000  69900.000 
  0.1000E+11  0.1150E-39  0.1010E-29  0.8250E-22  0.6100E-16  0.4510E-13  0.1930E-11  0.5880E-11  0.8100E-11  0.9300E-11  0.1050E-10  0.1110E-10  0.1090E-10  0.9930E-11  0.9270E-11
  0.1000E+12  0.1180E-39  0.1010E-29  0.8250E-22  0.6100E-16  0.4510E-13  0.1930E-11  0.5880E-11  0.8100E-11  0.9300E-11  0.1050E-10  0.1110E-10  0.1090E-10  0.9930E-11  0.9270E-11
  0.1000E+13  0.1180E-39  0.1010E-29  0.8250E-22  0.6100E-16  0.4510E-13  0.1930E-11  0.5880E-11  0.8100E-11  0.9300E-11  0.1050E-10  0.1110E-10  0.1090E-10  0.9930E-11  0.9270E-11
  0.1000E+14  0.1180E-39  0.1010E-29  0.8250E-22  0.6100E-16  0.4510E-13  0.1930E-11  0.5880E-11  0.8100E-11  0.9300E-11  0.1050E-10  0.1110E-10  0.1090E-10  0.9930E-11  0.9270E-11
  0.1000E+15  0.1180E-39  0.1010E-29  0.8250E-22  0.6100E-16  0.4510E-13  0.1930E-11  0.5880E-11  0.8100E-11  0.9300E-11  0.1050E-10  0.1110E-10  0.1090E-10  0.9930E-11  0.9270E-11
  0.1000E+16  0.1180E-39  0.1010E-29  0.8250E-22  0.6100E-16  0.4510E-13  0.1930E-11  0.5880E-11  0.8100E-11  0.9300E-11  0.1050E-10  0.1110E-10  0.1090E-10  0.9930E-11  0.9270E-11
  0.1000E+17  0.1180E-39  0.1010E-29  0.8250E-22  0.6100E-16  0.4510E-13  0.1930E-11  0.5880E-11  0.8100E-11  0.9300E-11  0.1050E-10  0.1110E-10  0.1090E-10  0.9930E-11  0.9270E-11
WAVELENGTH(A)= 
     3.856
 7 14 t 
excit   
    46.600     69.900    117.000    233.000    466.000   1170.000   2330.000   3490.000   4660.000   6990.000  11700.000  23300.000  46600.000  69900.000 
  0.1000E+11  0.1000E-73  0.5270E-33  0.6120E-24  0.3290E-17  0.6410E-14  0.4750E-12  0.1650E-11  0.2310E-11  0.2630E-11  0.2840E-11  0.2780E-11  0.2360E-11  0.1840E-11  0.1560E-11
  0.1000E+12  0.1000E-73  0.5270E-33  0.6120E-24  0.3290E-17  0.6410E-14  0.4750E-12  0.1650E-11  0.2310E-11  0.2630E-11  0.2840E-11  0.2780E-11  0.2360E-11  0.1840E-11  0.1560E-11
  0.1000E+13  0.1000E-73  0.5270E-33  0.6120E-24  0.3290E-17  0.6410E-14  0.4750E-12  0.1650E-11  0.2310E-11  0.2630E-11  0.2840E-11  0.2780E-11  0.2360E-11  0.1840E-11  0.1560E-11
  0.1000E+14  0.3970E-44  0.5270E-33  0.6120E-24  0.3290E-17  0.6410E-14  0.4750E-12  0.1650E-11  0.2310E-11  0.2630E-11  0.2840E-11  0.2780E-11  0.2360E-11  0.1840E-11  0.1560E-11
  0.1000E+15  0.2380E-44  0.5270E-33  0.6120E-24  0.3290E-17  0.6410E-14  0.4750E-12  0.1650E-11  0.2310E-11  0.2630E-11  0.2840E-11  0.2780E-11  0.2360E-11  0.1840E-11  0.1560E-11
  0.1000E+16  0.2180E-44  0.5270E-33  0.6120E-24  0.3290E-17  0.6410E-14  0.4750E-12  0.1650E-11  0.2310E-11  0.2630E-11  0.2840E-11  0.2780E-11  0.2360E-11  0.1840E-11  0.1560E-11
  0.1000E+17  0.2190E-44  0.5280E-33  0.6120E-24  0.3290E-17  0.6410E-14  0.4750E-12  0.1650E-11  0.2310E-11  0.2630E-11  0.2840E-11  0.2780E-11  0.2360E-11  0.1840E-11  0.1560E-11
WAVELENGTH(A)= 
     4.038
 7 14 t 
excit   
    46.600     69.900    117.000    233.000    466.000   1170.000   2330.000   3490.000   4660.000   6990.000  11700.000  23300.000  46600.000  69900.000 
  0.1000E+11  0.3250E-40  0.9230E-31  0.3120E-23  0.1290E-17  0.8210E-15  0.3680E-13  0.1150E-12  0.1580E-12  0.1800E-12  0.1980E-12  0.2010E-12  0.1870E-12  0.1630E-12  0.1480E-12
  0.1000E+12  0.3240E-40  0.9230E-31  0.3120E-23  0.1290E-17  0.8210E-15  0.3680E-13  0.1150E-12  0.1580E-12  0.1800E-12  0.1980E-12  0.2010E-12  0.1870E-12  0.1630E-12  0.1480E-12
  0.1000E+13  0.3240E-40  0.9230E-31  0.3120E-23  0.1290E-17  0.8210E-15  0.3680E-13  0.1150E-12  0.1580E-12  0.1800E-12  0.1980E-12  0.2010E-12  0.1870E-12  0.1630E-12  0.1480E-12
  0.1000E+14  0.3240E-40  0.9230E-31  0.3120E-23  0.1290E-17  0.8210E-15  0.3680E-13  0.1150E-12  0.1580E-12  0.1800E-12  0.1980E-12  0.2010E-12  0.1870E-12  0.1630E-12  0.1480E-12
  0.1000E+15  0.3240E-40  0.9230E-31  0.3120E-23  0.1290E-17  0.8210E-15  0.3680E-13  0.1150E-12  0.1580E-12  0.1800E-12  0.1980E-12  0.2010E-12  0.1870E-12  0.1630E-12  0.1480E-12
  0.1000E+16  0.3240E-40  0.9230E-31  0.3120E-23  0.1290E-17  0.8210E-15  0.3680E-13  0.1150E-12  0.1580E-12  0.1800E-12  0.1980E-12  0.2010E-12  0.1870E-12  0.1630E-12  0.1480E-12
  0.1000E+17  0.3240E-40  0.9240E-31  0.3120E-23  0.1290E-17  0.8210E-15  0.3680E-13  0.1150E-12  0.1580E-12  0.1800E-12  0.1980E-12  0.2010E-12  0.1870E-12  0.1630E-12  0.1480E-12
WAVELENGTH(A)= 
     4.053
 7 14 t 
excit   
    46.600     69.900    117.000    233.000    466.000   1170.000   2330.000   3490.000   4660.000   6990.000  11700.000  23300.000  46600.000  69900.000 
  0.1000E+11  0.1000E-73  0.1890E-32  0.8960E-24  0.2470E-17  0.3470E-14  0.2110E-12  0.6950E-12  0.9600E-12  0.1090E-11  0.1170E-11  0.1160E-11  0.1000E-11  0.7940E-12  0.6810E-12
  0.1000E+12  0.2730E-43  0.1890E-32  0.8960E-24  0.2470E-17  0.3470E-14  0.2110E-12  0.6950E-12  0.9600E-12  0.1090E-11  0.1170E-11  0.1160E-11  0.1000E-11  0.7940E-12  0.6810E-12
  0.1000E+13  0.2460E-43  0.1890E-32  0.8960E-24  0.2470E-17  0.3470E-14  0.2110E-12  0.6950E-12  0.9600E-12  0.1090E-11  0.1170E-11  0.1160E-11  0.1000E-11  0.7940E-12  0.6810E-12
  0.1000E+14  0.2400E-43  0.1890E-32  0.8960E-24  0.2470E-17  0.3470E-14  0.2110E-12  0.6950E-12  0.9600E-12  0.1090E-11  0.1170E-11  0.1160E-11  0.1000E-11  0.7940E-12  0.6810E-12
  0.1000E+15  0.2410E-43  0.1890E-32  0.8960E-24  0.2470E-17  0.3470E-14  0.2110E-12  0.6950E-12  0.9600E-12  0.1090E-11  0.1170E-11  0.1160E-11  0.1000E-11  0.7940E-12  0.6810E-12
  0.1000E+16  0.2410E-43  0.1890E-32  0.8960E-24  0.2470E-17  0.3470E-14  0.2110E-12  0.6950E-12  0.9600E-12  0.1090E-11  0.1170E-11  0.1160E-11  0.1000E-11  0.7940E-12  0.6810E-12
  0.1000E+17  0.2410E-43  0.1890E-32  0.8960E-24  0.2470E-17  0.3470E-14  0.2110E-12  0.6950E-12  0.9600E-12  0.1090E-11  0.1170E-11  0.1160E-11  0.1000E-11  0.7940E-12  0.6810E-12
WAVELENGTH(A)= 
     4.620
 7 14 t 
excit   
    46.600     69.900    117.000    233.000    466.000   1170.000   2330.000   3490.000   4660.000   6990.000  11700.000  23300.000  46600.000  69900.000 
  0.1000E+11  0.1690E-34  0.2990E-26  0.1090E-19  0.7900E-15  0.1910E-12  0.4680E-11  0.1270E-10  0.1750E-10  0.2040E-10  0.2380E-10  0.2690E-10  0.2880E-10  0.2860E-10  0.2770E-10
  0.1000E+12  0.1690E-34  0.2990E-26  0.1090E-19  0.7900E-15  0.1910E-12  0.4680E-11  0.1270E-10  0.1750E-10  0.2040E-10  0.2380E-10  0.2690E-10  0.2880E-10  0.2860E-10  0.2770E-10
  0.1000E+13  0.1690E-34  0.2990E-26  0.1090E-19  0.7900E-15  0.1910E-12  0.4680E-11  0.1270E-10  0.1750E-10  0.2040E-10  0.2380E-10  0.2690E-10  0.2880E-10  0.2860E-10  0.2770E-10
  0.1000E+14  0.1690E-34  0.2990E-26  0.1090E-19  0.7900E-15  0.1910E-12  0.4680E-11  0.1270E-10  0.1750E-10  0.2040E-10  0.2380E-10  0.2690E-10  0.2880E-10  0.2860E-10  0.2770E-10
  0.1000E+15  0.1690E-34  0.2990E-26  0.1090E-19  0.7900E-15  0.1910E-12  0.4680E-11  0.1270E-10  0.1750E-10  0.2040E-10  0.2380E-10  0.2690E-10  0.2880E-10  0.2860E-10  0.2770E-10
  0.1000E+16  0.1690E-34  0.2990E-26  0.1090E-19  0.7900E-15  0.1910E-12  0.4680E-11  0.1270E-10  0.1750E-10  0.2040E-10  0.2380E-10  0.2690E-10  0.2880E-10  0.2860E-10  0.2770E-10
  0.1000E+17  0.1690E-34  0.2990E-26  0.1090E-19  0.7900E-15  0.1910E-12  0.4680E-11  0.1270E-10  0.1750E-10  0.2040E-10  0.2380E-10  0.2690E-10  0.2880E-10  0.2860E-10  0.2770E-10
WAVELENGTH(A)= 
     4.963
 7 14 t 
excit   
    46.600     69.900    117.000    233.000    466.000   1170.000   2330.000   3490.000   4660.000   6990.000  11700.000  23300.000  46600.000  69900.000 
  0.1000E+11  0.6490E-35  0.3060E-27  0.3850E-21  0.1240E-16  0.1910E-14  0.3210E-13  0.7110E-13  0.8720E-13  0.9370E-13  0.9710E-13  0.9390E-13  0.8240E-13  0.6830E-13  0.6030E-13
  0.1000E+12  0.6490E-35  0.3060E-27  0.3850E-21  0.1240E-16  0.1910E-14  0.3210E-13  0.7110E-13  0.8720E-13  0.9370E-13  0.9710E-13  0.9390E-13  0.8240E-13  0.6830E-13  0.6030E-13
  0.1000E+13  0.6490E-35  0.3060E-27  0.3850E-21  0.1240E-16  0.1910E-14  0.3210E-13  0.7110E-13  0.8720E-13  0.9370E-13  0.9710E-13  0.9390E-13  0.8240E-13  0.6830E-13  0.6030E-13
  0.1000E+14  0.6490E-35  0.3060E-27  0.3850E-21  0.1240E-16  0.1910E-14  0.3210E-13  0.7110E-13  0.8720E-13  0.9370E-13  0.9710E-13  0.9390E-13  0.8240E-13  0.6830E-13  0.6030E-13
  0.1000E+15  0.6490E-35  0.3060E-27  0.3850E-21  0.1240E-16  0.1910E-14  0.3210E-13  0.7110E-13  0.8720E-13  0.9370E-13  0.9710E-13  0.9390E-13  0.8240E-13  0.6830E-13  0.6030E-13
  0.1000E+16  0.6490E-35  0.3060E-27  0.3850E-21  0.1240E-16  0.1910E-14  0.3210E-13  0.7110E-13  0.8720E-13  0.9370E-13  0.9710E-13  0.9390E-13  0.8240E-13  0.6830E-13  0.6030E-13
  0.1000E+17  0.6490E-35  0.3060E-27  0.3850E-21  0.1240E-16  0.1910E-14  0.3210E-13  0.7110E-13  0.8720E-13  0.9370E-13  0.9710E-13  0.9390E-13  0.8240E-13  0.6830E-13  0.6030E-13
WAVELENGTH(A)= 
     5.246
 7 14 t 
excit   
    46.600     69.900    117.000    233.000    466.000   1170.000   2330.000   3490.000   4660.000   6990.000  11700.000  23300.000  46600.000  69900.000 
  0.1000E+11  0.8970E-31  0.1620E-23  0.9360E-18  0.1700E-13  0.1960E-11  0.2830E-10  0.6210E-10  0.7800E-10  0.8640E-10  0.9420E-10  0.9900E-10  0.9810E-10  0.9120E-10  0.8570E-10
  0.1000E+12  0.8970E-31  0.1620E-23  0.9360E-18  0.1700E-13  0.1960E-11  0.2830E-10  0.6210E-10  0.7800E-10  0.8640E-10  0.9420E-10  0.9900E-10  0.9810E-10  0.9120E-10  0.8570E-10
  0.1000E+13  0.8970E-31  0.1620E-23  0.9360E-18  0.1700E-13  0.1960E-11  0.2830E-10  0.6210E-10  0.7800E-10  0.8640E-10  0.9420E-10  0.9900E-10  0.9810E-10  0.9120E-10  0.8570E-10
  0.1000E+14  0.8970E-31  0.1620E-23  0.9360E-18  0.1700E-13  0.1960E-11  0.2830E-10  0.6210E-10  0.7800E-10  0.8640E-10  0.9420E-10  0.9900E-10  0.9810E-10  0.9120E-10  0.8570E-10
  0.1000E+15  0.8970E-31  0.1620E-23  0.9360E-18  0.1700E-13  0.1960E-11  0.2830E-10  0.6210E-10  0.7800E-10  0.8640E-10  0.9420E-10  0.9900E-10  0.9810E-10  0.9120E-10  0.8570E-10
  0.1000E+16  0.8970E-31  0.1620E-23  0.9360E-18  0.1700E-13  0.1960E-11  0.2830E-10  0.6210E-10  0.7800E-10  0.8640E-10  0.9420E-10  0.9900E-10  0.9810E-10  0.9120E-10  0.8570E-10
  0.1000E+17  0.8970E-31  0.1620E-23  0.9360E-18  0.1700E-13  0.1960E-11  0.2830E-10  0.6210E-10  0.7800E-10  0.8640E-10  0.9420E-10  0.9900E-10  0.9810E-10  0.9110E-10  0.8570E-10
WAVELENGTH(A)= 
     5.270
 7 14 t 
excit   
    46.600     69.900    117.000    233.000    466.000   1170.000   2330.000   3490.000   4660.000   6990.000  11700.000  23300.000  46600.000  69900.000 
  0.1000E+11  0.2090E-35  0.1040E-26  0.8690E-20  0.1150E-14  0.3560E-12  0.8790E-11  0.2160E-10  0.2710E-10  0.2930E-10  0.3010E-10  0.2870E-10  0.2430E-10  0.1900E-10  0.1630E-10
  0.1000E+12  0.2090E-35  0.1040E-26  0.8690E-20  0.1150E-14  0.3560E-12  0.8790E-11  0.2160E-10  0.2710E-10  0.2930E-10  0.3010E-10  0.2870E-10  0.2430E-10  0.1900E-10  0.1630E-10
  0.1000E+13  0.2090E-35  0.1040E-26  0.8690E-20  0.1150E-14  0.3560E-12  0.8790E-11  0.2160E-10  0.2710E-10  0.2930E-10  0.3010E-10  0.2870E-10  0.2430E-10  0.1900E-10  0.1630E-10
  0.1000E+14  0.2090E-35  0.1040E-26  0.8690E-20  0.1150E-14  0.3560E-12  0.8790E-11  0.2160E-10  0.2710E-10  0.2930E-10  0.3010E-10  0.2870E-10  0.2430E-10  0.1900E-10  0.1630E-10
  0.1000E+15  0.2090E-35  0.1040E-26  0.8690E-20  0.1150E-14  0.3560E-12  0.8790E-11  0.2160E-10  0.2710E-10  0.2930E-10  0.3010E-10  0.2870E-10  0.2430E-10  0.1900E-10  0.1630E-10
  0.1000E+16  0.2090E-35  0.1040E-26  0.8690E-20  0.1150E-14  0.3560E-12  0.8790E-11  0.2160E-10  0.2710E-10  0.2930E-10  0.3010E-10  0.2870E-10  0.2430E-10  0.1900E-10  0.1630E-10
  0.1000E+17  0.2090E-35  0.1040E-26  0.8690E-20  0.1150E-14  0.3560E-12  0.8790E-11  0.2160E-10  0.2710E-10  0.2930E-10  0.3010E-10  0.2870E-10  0.2430E-10  0.1900E-10  0.1630E-10
WAVELENGTH(A)= 
     5.591
 7 14 t 
excit   
    46.600     69.900    117.000    233.000    466.000   1170.000   2330.000   3490.000   4660.000   6990.000  11700.000  23300.000  46600.000  69900.000 
  0.1000E+11  0.3430E-31  0.2170E-24  0.5470E-19  0.5290E-15  0.4580E-13  0.5880E-12  0.1240E-11  0.1500E-11  0.1600E-11  0.1650E-11  0.1590E-11  0.1390E-11  0.1160E-11  0.1020E-11
  0.1000E+12  0.3430E-31  0.2170E-24  0.5470E-19  0.5290E-15  0.4580E-13  0.5880E-12  0.1240E-11  0.1500E-11  0.1600E-11  0.1650E-11  0.1590E-11  0.1390E-11  0.1160E-11  0.1020E-11
  0.1000E+13  0.3430E-31  0.2170E-24  0.5470E-19  0.5290E-15  0.4580E-13  0.5880E-12  0.1240E-11  0.1500E-11  0.1600E-11  0.1650E-11  0.1590E-11  0.1390E-11  0.1160E-11  0.1020E-11
  0.1000E+14  0.3430E-31  0.2170E-24  0.5470E-19  0.5290E-15  0.4580E-13  0.5880E-12  0.1240E-11  0.1500E-11  0.1600E-11  0.1650E-11  0.1590E-11  0.1390E-11  0.1160E-11  0.1020E-11
  0.1000E+15  0.3430E-31  0.2170E-24  0.5470E-19  0.5290E-15  0.4580E-13  0.5880E-12  0.1240E-11  0.1500E-11  0.1600E-11  0.1650E-11  0.1590E-11  0.1390E-11  0.1160E-11  0.1020E-11
  0.1000E+16  0.3430E-31  0.2170E-24  0.5470E-19  0.5290E-15  0.4580E-13  0.5880E-12  0.1240E-11  0.1500E-11  0.1600E-11  0.1650E-11  0.1590E-11  0.1390E-11  0.1160E-11  0.1020E-11
  0.1000E+17  0.3430E-31  0.2170E-24  0.5470E-19  0.5290E-15  0.4580E-13  0.5880E-12  0.1240E-11  0.1500E-11  0.1600E-11  0.1650E-11  0.1590E-11  0.1390E-11  0.1160E-11  0.1020E-11
WAVELENGTH(A)= 
     6.102
 7 14 t 
excit   
    46.600     69.900    117.000    233.000    466.000   1170.000   2330.000   3490.000   4660.000   6990.000  11700.000  23300.000  46600.000  69900.000 
  0.1000E+11  0.3620E-29  0.8380E-23  0.1250E-17  0.9750E-14  0.8020E-12  0.1060E-10  0.2300E-10  0.2840E-10  0.3060E-10  0.3190E-10  0.3120E-10  0.2780E-10  0.2350E-10  0.2090E-10
  0.1000E+12  0.3620E-29  0.8380E-23  0.1250E-17  0.9750E-14  0.8020E-12  0.1060E-10  0.2300E-10  0.2840E-10  0.3060E-10  0.3190E-10  0.3120E-10  0.2780E-10  0.2350E-10  0.2090E-10
  0.1000E+13  0.3620E-29  0.8380E-23  0.1250E-17  0.9750E-14  0.8020E-12  0.1060E-10  0.2300E-10  0.2840E-10  0.3060E-10  0.3190E-10  0.3120E-10  0.2780E-10  0.2350E-10  0.2090E-10
  0.1000E+14  0.3620E-29  0.8380E-23  0.1250E-17  0.9750E-14  0.8020E-12  0.1060E-10  0.2300E-10  0.2840E-10  0.3060E-10  0.3190E-10  0.3120E-10  0.2780E-10  0.2350E-10  0.2090E-10
  0.1000E+15  0.3620E-29  0.8380E-23  0.1250E-17  0.9750E-14  0.8020E-12  0.1060E-10  0.2300E-10  0.2840E-10  0.3060E-10  0.3190E-10  0.3120E-10  0.2780E-10  0.2350E-10  0.2090E-10
  0.1000E+16  0.3620E-29  0.8380E-23  0.1250E-17  0.9750E-14  0.8020E-12  0.1060E-10  0.2300E-10  0.2840E-10  0.3060E-10  0.3190E-10  0.3120E-10  0.2780E-10  0.2350E-10  0.2090E-10
  0.1000E+17  0.3620E-29  0.8390E-23  0.1250E-17  0.9750E-14  0.8020E-12  0.1060E-10  0.2300E-10  0.2840E-10  0.3060E-10  0.3190E-10  0.3120E-10  0.2780E-10  0.2350E-10  0.2090E-10
WAVELENGTH(A)= 
     6.132
 7 14 t 
excit   
    46.600     69.900    117.000    233.000    466.000   1170.000   2330.000   3490.000   4660.000   6990.000  11700.000  23300.000  46600.000  69900.000 
  0.1000E+11  0.1620E-32  0.7620E-25  0.9600E-19  0.3100E-14  0.4770E-12  0.8010E-11  0.1770E-10  0.2170E-10  0.2340E-10  0.2420E-10  0.2340E-10  0.2050E-10  0.1700E-10  0.1500E-10
  0.1000E+12  0.1620E-32  0.7620E-25  0.9600E-19  0.3100E-14  0.4770E-12  0.8010E-11  0.1770E-10  0.2170E-10  0.2340E-10  0.2420E-10  0.2340E-10  0.2050E-10  0.1700E-10  0.1500E-10
  0.1000E+13  0.1620E-32  0.7620E-25  0.9600E-19  0.3100E-14  0.4770E-12  0.8010E-11  0.1770E-10  0.2170E-10  0.2340E-10  0.2420E-10  0.2340E-10  0.2050E-10  0.1700E-10  0.1500E-10
  0.1000E+14  0.1620E-32  0.7620E-25  0.9600E-19  0.3100E-14  0.4770E-12  0.8010E-11  0.1770E-10  0.2170E-10  0.2340E-10  0.2420E-10  0.2340E-10  0.2050E-10  0.1700E-10  0.1500E-10
  0.1000E+15  0.1620E-32  0.7620E-25  0.9600E-19  0.3100E-14  0.4770E-12  0.8010E-11  0.1770E-10  0.2170E-10  0.2340E-10  0.2420E-10  0.2340E-10  0.2050E-10  0.1700E-10  0.1500E-10
  0.1000E+16  0.1620E-32  0.7620E-25  0.9600E-19  0.3100E-14  0.4770E-12  0.8010E-11  0.1770E-10  0.2170E-10  0.2340E-10  0.2420E-10  0.2340E-10  0.2050E-10  0.1700E-10  0.1500E-10
  0.1000E+17  0.1620E-32  0.7620E-25  0.9600E-19  0.3100E-14  0.4770E-12  0.8010E-11  0.1770E-10  0.2170E-10  0.2340E-10  0.2420E-10  0.2340E-10  0.2050E-10  0.1700E-10  0.1500E-10
WAVELENGTH(A)= 
     6.454
 7 14 t 
excit   
    46.600     69.900    117.000    233.000    466.000   1170.000   2330.000   3490.000   4660.000   6990.000  11700.000  23300.000  46600.000  69900.000 
  0.1000E+11  0.1000E-73  0.1300E-35  0.6700E-26  0.1100E-18  0.3760E-15  0.3900E-13  0.1520E-12  0.2210E-12  0.2560E-12  0.2810E-12  0.2780E-12  0.2390E-12  0.1880E-12  0.1590E-12
  0.1000E+12  0.1000E-73  0.1300E-35  0.6700E-26  0.1100E-18  0.3760E-15  0.3900E-13  0.1520E-12  0.2210E-12  0.2560E-12  0.2810E-12  0.2780E-12  0.2390E-12  0.1880E-12  0.1590E-12
  0.1000E+13  0.1000E-73  0.1300E-35  0.6700E-26  0.1100E-18  0.3760E-15  0.3900E-13  0.1520E-12  0.2210E-12  0.2560E-12  0.2810E-12  0.2780E-12  0.2390E-12  0.1880E-12  0.1590E-12
  0.1000E+14  0.1000E-73  0.1300E-35  0.6700E-26  0.1100E-18  0.3760E-15  0.3900E-13  0.1520E-12  0.2210E-12  0.2560E-12  0.2810E-12  0.2780E-12  0.2390E-12  0.1880E-12  0.1590E-12
  0.1000E+15  0.1000E-73  0.1300E-35  0.6700E-26  0.1100E-18  0.3760E-15  0.3900E-13  0.1520E-12  0.2210E-12  0.2560E-12  0.2810E-12  0.2780E-12  0.2390E-12  0.1880E-12  0.1590E-12
  0.1000E+16  0.1000E-73  0.1300E-35  0.6700E-26  0.1100E-18  0.3760E-15  0.3900E-13  0.1520E-12  0.2210E-12  0.2560E-12  0.2810E-12  0.2780E-12  0.2390E-12  0.1880E-12  0.1590E-12
  0.1000E+17  0.5970E-48  0.1300E-35  0.6700E-26  0.1100E-18  0.3760E-15  0.3900E-13  0.1520E-12  0.2210E-12  0.2560E-12  0.2810E-12  0.2780E-12  0.2390E-12  0.1880E-12  0.1590E-12
WAVELENGTH(A)= 
     6.661
 7 14 t 
excit   
    46.600     69.900    117.000    233.000    466.000   1170.000   2330.000   3490.000   4660.000   6990.000  11700.000  23300.000  46600.000  69900.000 
  0.1000E+11  0.6490E-28  0.3240E-22  0.1110E-17  0.2610E-14  0.1210E-12  0.1140E-11  0.2250E-11  0.2680E-11  0.2850E-11  0.2910E-11  0.2780E-11  0.2420E-11  0.1990E-11  0.1760E-11
  0.1000E+12  0.6490E-28  0.3240E-22  0.1110E-17  0.2610E-14  0.1210E-12  0.1140E-11  0.2250E-11  0.2680E-11  0.2850E-11  0.2910E-11  0.2780E-11  0.2420E-11  0.1990E-11  0.1760E-11
  0.1000E+13  0.6490E-28  0.3240E-22  0.1110E-17  0.2610E-14  0.1210E-12  0.1140E-11  0.2250E-11  0.2680E-11  0.2850E-11  0.2910E-11  0.2780E-11  0.2420E-11  0.1990E-11  0.1760E-11
  0.1000E+14  0.6490E-28  0.3240E-22  0.1110E-17  0.2610E-14  0.1210E-12  0.1140E-11  0.2250E-11  0.2680E-11  0.2850E-11  0.2910E-11  0.2780E-11  0.2420E-11  0.1990E-11  0.1760E-11
  0.1000E+15  0.6490E-28  0.3240E-22  0.1110E-17  0.2610E-14  0.1210E-12  0.1140E-11  0.2250E-11  0.2680E-11  0.2850E-11  0.2910E-11  0.2780E-11  0.2420E-11  0.1990E-11  0.1760E-11
  0.1000E+16  0.6490E-28  0.3240E-22  0.1110E-17  0.2610E-14  0.1210E-12  0.1140E-11  0.2250E-11  0.2680E-11  0.2850E-11  0.2910E-11  0.2780E-11  0.2420E-11  0.1990E-11  0.1760E-11
  0.1000E+17  0.6490E-28  0.3240E-22  0.1100E-17  0.2610E-14  0.1210E-12  0.1140E-11  0.2250E-11  0.2680E-11  0.2850E-11  0.2910E-11  0.2780E-11  0.2420E-11  0.1990E-11  0.1760E-11
WAVELENGTH(A)= 
     7.054
 7 14 t 
excit   
    46.600     69.900    117.000    233.000    466.000   1170.000   2330.000   3490.000   4660.000   6990.000  11700.000  23300.000  46600.000  69900.000 
  0.1000E+11  0.1000E-73  0.2300E-35  0.1350E-25  0.2460E-18  0.8880E-15  0.9610E-13  0.3900E-12  0.5890E-12  0.7040E-12  0.8190E-12  0.8830E-12  0.8750E-12  0.7990E-12  0.7400E-12
  0.1000E+12  0.1000E-73  0.2300E-35  0.1350E-25  0.2460E-18  0.8880E-15  0.9610E-13  0.3900E-12  0.5890E-12  0.7040E-12  0.8190E-12  0.8830E-12  0.8750E-12  0.7990E-12  0.7400E-12
  0.1000E+13  0.1000E-73  0.2300E-35  0.1350E-25  0.2460E-18  0.8880E-15  0.9610E-13  0.3900E-12  0.5890E-12  0.7040E-12  0.8190E-12  0.8830E-12  0.8750E-12  0.7990E-12  0.7400E-12
  0.1000E+14  0.1000E-73  0.2300E-35  0.1350E-25  0.2460E-18  0.8880E-15  0.9610E-13  0.3900E-12  0.5890E-12  0.7040E-12  0.8190E-12  0.8830E-12  0.8750E-12  0.7990E-12  0.7400E-12
  0.1000E+15  0.1000E-73  0.2300E-35  0.1350E-25  0.2460E-18  0.8880E-15  0.9610E-13  0.3900E-12  0.5890E-12  0.7040E-12  0.8190E-12  0.8830E-12  0.8750E-12  0.7990E-12  0.7400E-12
  0.1000E+16  0.1000E-73  0.2300E-35  0.1350E-25  0.2460E-18  0.8880E-15  0.9610E-13  0.3900E-12  0.5890E-12  0.7040E-12  0.8190E-12  0.8830E-12  0.8750E-12  0.7990E-12  0.7400E-12
  0.1000E+17  0.9740E-48  0.2300E-35  0.1350E-25  0.2460E-18  0.8880E-15  0.9610E-13  0.3900E-12  0.5890E-12  0.7040E-12  0.8190E-12  0.8830E-12  0.8750E-12  0.7990E-12  0.7400E-12
WAVELENGTH(A)= 
     7.101
 7 14 t 
excit   
    46.600     69.900    117.000    233.000    466.000   1170.000   2330.000   3490.000   4660.000   6990.000  11700.000  23300.000  46600.000  69900.000 
  0.1000E+11  0.1000E-73  0.2720E-34  0.2010E-25  0.8180E-19  0.1480E-15  0.1090E-13  0.3890E-13  0.5550E-13  0.6440E-13  0.7200E-13  0.7460E-13  0.7050E-13  0.6250E-13  0.5710E-13
  0.1000E+12  0.1000E-73  0.2720E-34  0.2010E-25  0.8180E-19  0.1480E-15  0.1090E-13  0.3890E-13  0.5550E-13  0.6440E-13  0.7200E-13  0.7460E-13  0.7050E-13  0.6250E-13  0.5710E-13
  0.1000E+13  0.1000E-73  0.2720E-34  0.2010E-25  0.8180E-19  0.1480E-15  0.1090E-13  0.3890E-13  0.5550E-13  0.6440E-13  0.7200E-13  0.7460E-13  0.7050E-13  0.6250E-13  0.5710E-13
  0.1000E+14  0.1000E-73  0.2720E-34  0.2010E-25  0.8180E-19  0.1480E-15  0.1090E-13  0.3890E-13  0.5550E-13  0.6440E-13  0.7200E-13  0.7460E-13  0.7050E-13  0.6250E-13  0.5710E-13
  0.1000E+15  0.2190E-45  0.2720E-34  0.2010E-25  0.8180E-19  0.1480E-15  0.1090E-13  0.3890E-13  0.5550E-13  0.6440E-13  0.7200E-13  0.7460E-13  0.7050E-13  0.6250E-13  0.5710E-13
  0.1000E+16  0.2060E-45  0.2720E-34  0.2010E-25  0.8180E-19  0.1480E-15  0.1090E-13  0.3890E-13  0.5550E-13  0.6440E-13  0.7200E-13  0.7460E-13  0.7050E-13  0.6250E-13  0.5710E-13
  0.1000E+17  0.2060E-45  0.2720E-34  0.2010E-25  0.8180E-19  0.1480E-15  0.1090E-13  0.3890E-13  0.5550E-13  0.6440E-13  0.7200E-13  0.7460E-13  0.7050E-13  0.6250E-13  0.5710E-13
WAVELENGTH(A)= 
     7.625
 7 14 t 
excit   
    46.600     69.900    117.000    233.000    466.000   1170.000   2330.000   3490.000   4660.000   6990.000  11700.000  23300.000  46600.000  69900.000 
  0.1000E+11  0.1000E-73  0.2080E-33  0.2010E-24  0.9590E-18  0.1810E-14  0.1330E-12  0.4660E-12  0.6580E-12  0.7520E-12  0.8180E-12  0.8110E-12  0.7090E-12  0.5720E-12  0.4950E-12
  0.1000E+12  0.1000E-73  0.2080E-33  0.2010E-24  0.9590E-18  0.1810E-14  0.1330E-12  0.4660E-12  0.6580E-12  0.7520E-12  0.8180E-12  0.8110E-12  0.7090E-12  0.5720E-12  0.4950E-12
  0.1000E+13  0.1000E-73  0.2080E-33  0.2010E-24  0.9590E-18  0.1810E-14  0.1330E-12  0.4660E-12  0.6580E-12  0.7520E-12  0.8180E-12  0.8110E-12  0.7090E-12  0.5720E-12  0.4950E-12
  0.1000E+14  0.9110E-45  0.2080E-33  0.2010E-24  0.9590E-18  0.1810E-14  0.1330E-12  0.4660E-12  0.6580E-12  0.7520E-12  0.8180E-12  0.8110E-12  0.7090E-12  0.5720E-12  0.4950E-12
  0.1000E+15  0.1090E-44  0.2080E-33  0.2010E-24  0.9590E-18  0.1810E-14  0.1330E-12  0.4660E-12  0.6580E-12  0.7520E-12  0.8180E-12  0.8110E-12  0.7090E-12  0.5720E-12  0.4950E-12
  0.1000E+16  0.1100E-44  0.2080E-33  0.2010E-24  0.9590E-18  0.1810E-14  0.1330E-12  0.4660E-12  0.6580E-12  0.7520E-12  0.8180E-12  0.8110E-12  0.7090E-12  0.5720E-12  0.4950E-12
  0.1000E+17  0.1100E-44  0.2080E-33  0.2010E-24  0.9590E-18  0.1810E-14  0.1330E-12  0.4660E-12  0.6580E-12  0.7520E-12  0.8180E-12  0.8110E-12  0.7090E-12  0.5720E-12  0.4950E-12
WAVELENGTH(A)= 
     7.634
 7 14 t 
excit   
    46.600     69.900    117.000    233.000    466.000   1170.000   2330.000   3490.000   4660.000   6990.000  11700.000  23300.000  46600.000  69900.000 
  0.1000E+11  0.1000E-73  0.1120E-35  0.7080E-26  0.1360E-18  0.5010E-15  0.5480E-13  0.2220E-12  0.3290E-12  0.3890E-12  0.4400E-12  0.4530E-12  0.4100E-12  0.3370E-12  0.2930E-12
  0.1000E+12  0.1000E-73  0.1120E-35  0.7080E-26  0.1360E-18  0.5010E-15  0.5480E-13  0.2220E-12  0.3290E-12  0.3890E-12  0.4400E-12  0.4530E-12  0.4100E-12  0.3370E-12  0.2930E-12
  0.1000E+13  0.1000E-73  0.1120E-35  0.7080E-26  0.1360E-18  0.5010E-15  0.5480E-13  0.2220E-12  0.3290E-12  0.3890E-12  0.4400E-12  0.4530E-12  0.4100E-12  0.3370E-12  0.2930E-12
  0.1000E+14  0.1000E-73  0.1120E-35  0.7080E-26  0.1360E-18  0.5010E-15  0.5480E-13  0.2220E-12  0.3290E-12  0.3890E-12  0.4400E-12  0.4530E-12  0.4100E-12  0.3370E-12  0.2930E-12
  0.1000E+15  0.1000E-73  0.1120E-35  0.7080E-26  0.1360E-18  0.5010E-15  0.5480E-13  0.2220E-12  0.3290E-12  0.3890E-12  0.4400E-12  0.4530E-12  0.4100E-12  0.3370E-12  0.2930E-12
  0.1000E+16  0.1000E-73  0.1120E-35  0.7080E-26  0.1360E-18  0.5010E-15  0.5480E-13  0.2220E-12  0.3290E-12  0.3890E-12  0.4400E-12  0.4530E-12  0.4100E-12  0.3370E-12  0.2930E-12
  0.1000E+17  0.8690E-48  0.1120E-35  0.7080E-26  0.1360E-18  0.5010E-15  0.5480E-13  0.2220E-12  0.3290E-12  0.3890E-12  0.4400E-12  0.4530E-12  0.4100E-12  0.3370E-12  0.2930E-12
WAVELENGTH(A)= 
     8.395
 7 14 t 
excit   
    46.600     69.900    117.000    233.000    466.000   1170.000   2330.000   3490.000   4660.000   6990.000  11700.000  23300.000  46600.000  69900.000 
  0.1000E+11  0.1000E-73  0.2690E-33  0.3190E-24  0.1750E-17  0.3510E-14  0.2680E-12  0.9780E-12  0.1420E-11  0.1670E-11  0.1910E-11  0.2050E-11  0.2020E-11  0.1840E-11  0.1710E-11
  0.1000E+12  0.1000E-73  0.2690E-33  0.3190E-24  0.1750E-17  0.3510E-14  0.2680E-12  0.9780E-12  0.1420E-11  0.1670E-11  0.1910E-11  0.2050E-11  0.2020E-11  0.1840E-11  0.1710E-11
  0.1000E+13  0.1000E-73  0.2690E-33  0.3190E-24  0.1750E-17  0.3510E-14  0.2680E-12  0.9780E-12  0.1420E-11  0.1670E-11  0.1910E-11  0.2050E-11  0.2020E-11  0.1840E-11  0.1710E-11
  0.1000E+14  0.1600E-44  0.2690E-33  0.3190E-24  0.1750E-17  0.3510E-14  0.2680E-12  0.9780E-12  0.1420E-11  0.1670E-11  0.1910E-11  0.2050E-11  0.2020E-11  0.1840E-11  0.1710E-11
  0.1000E+15  0.1120E-44  0.2690E-33  0.3190E-24  0.1750E-17  0.3510E-14  0.2680E-12  0.9780E-12  0.1420E-11  0.1670E-11  0.1910E-11  0.2050E-11  0.2020E-11  0.1840E-11  0.1710E-11
  0.1000E+16  0.1100E-44  0.2690E-33  0.3190E-24  0.1750E-17  0.3510E-14  0.2680E-12  0.9780E-12  0.1420E-11  0.1670E-11  0.1910E-11  0.2050E-11  0.2020E-11  0.1840E-11  0.1710E-11
  0.1000E+17  0.1100E-44  0.2690E-33  0.3190E-24  0.1750E-17  0.3510E-14  0.2680E-12  0.9780E-12  0.1420E-11  0.1670E-11  0.1910E-11  0.2050E-11  0.2020E-11  0.1840E-11  0.1710E-11
WAVELENGTH(A)= 
     9.176
 7 14 t 
excit   
    46.600     69.900    117.000    233.000    466.000   1170.000   2330.000   3490.000   4660.000   6990.000  11700.000  23300.000  46600.000  69900.000 
  0.1000E+11  0.1000E-73  0.1190E-33  0.1580E-24  0.9410E-18  0.1940E-14  0.1500E-12  0.5420E-12  0.7780E-12  0.9040E-12  0.1010E-11  0.1030E-11  0.9230E-12  0.7570E-12  0.6570E-12
  0.1000E+12  0.1000E-73  0.1190E-33  0.1580E-24  0.9410E-18  0.1940E-14  0.1500E-12  0.5420E-12  0.7780E-12  0.9040E-12  0.1010E-11  0.1030E-11  0.9230E-12  0.7570E-12  0.6570E-12
  0.1000E+13  0.1000E-73  0.1190E-33  0.1580E-24  0.9410E-18  0.1940E-14  0.1500E-12  0.5420E-12  0.7780E-12  0.9040E-12  0.1010E-11  0.1030E-11  0.9230E-12  0.7570E-12  0.6570E-12
  0.1000E+14  0.1000E-73  0.1190E-33  0.1580E-24  0.9410E-18  0.1940E-14  0.1500E-12  0.5420E-12  0.7780E-12  0.9040E-12  0.1010E-11  0.1030E-11  0.9230E-12  0.7570E-12  0.6570E-12
  0.1000E+15  0.3500E-45  0.1190E-33  0.1580E-24  0.9410E-18  0.1940E-14  0.1500E-12  0.5420E-12  0.7780E-12  0.9040E-12  0.1010E-11  0.1030E-11  0.9230E-12  0.7570E-12  0.6570E-12
  0.1000E+16  0.4200E-45  0.1190E-33  0.1580E-24  0.9410E-18  0.1940E-14  0.1500E-12  0.5420E-12  0.7780E-12  0.9040E-12  0.1010E-11  0.1030E-11  0.9230E-12  0.7570E-12  0.6570E-12
  0.1000E+17  0.4220E-45  0.1190E-33  0.1580E-24  0.9410E-18  0.1940E-14  0.1500E-12  0.5420E-12  0.7780E-12  0.9040E-12  0.1010E-11  0.1030E-11  0.9230E-12  0.7570E-12  0.6570E-12
WAVELENGTH(A)= 
     9.580
 7 14 t 
excit   
    46.600     69.900    117.000    233.000    466.000   1170.000   2330.000   3490.000   4660.000   6990.000  11700.000  23300.000  46600.000  69900.000 
  0.1000E+11  0.1000E-73  0.1310E-34  0.1270E-25  0.6060E-19  0.1140E-15  0.8420E-14  0.2950E-13  0.4160E-13  0.4750E-13  0.5180E-13  0.5130E-13  0.4480E-13  0.3620E-13  0.3130E-13
  0.1000E+12  0.1000E-73  0.1310E-34  0.1270E-25  0.6060E-19  0.1140E-15  0.8420E-14  0.2950E-13  0.4160E-13  0.4750E-13  0.5180E-13  0.5130E-13  0.4480E-13  0.3620E-13  0.3130E-13
  0.1000E+13  0.1000E-73  0.1310E-34  0.1270E-25  0.6060E-19  0.1140E-15  0.8420E-14  0.2950E-13  0.4160E-13  0.4750E-13  0.5180E-13  0.5130E-13  0.4480E-13  0.3620E-13  0.3130E-13
  0.1000E+14  0.5760E-46  0.1310E-34  0.1270E-25  0.6060E-19  0.1140E-15  0.8420E-14  0.2950E-13  0.4160E-13  0.4750E-13  0.5180E-13  0.5130E-13  0.4480E-13  0.3620E-13  0.3130E-13
  0.1000E+15  0.6910E-46  0.1310E-34  0.1270E-25  0.6060E-19  0.1140E-15  0.8420E-14  0.2950E-13  0.4160E-13  0.4750E-13  0.5180E-13  0.5130E-13  0.4480E-13  0.3620E-13  0.3130E-13
  0.1000E+16  0.6970E-46  0.1310E-34  0.1270E-25  0.6060E-19  0.1140E-15  0.8420E-14  0.2950E-13  0.4160E-13  0.4750E-13  0.5180E-13  0.5130E-13  0.4480E-13  0.3620E-13  0.3130E-13
  0.1000E+17  0.6980E-46  0.1310E-34  0.1270E-25  0.6060E-19  0.1140E-15  0.8420E-14  0.2950E-13  0.4160E-13  0.4750E-13  0.5180E-13  0.5130E-13  0.4480E-13  0.3620E-13  0.3130E-13
WAVELENGTH(A)= 
    10.256
 7 14 t 
excit   
    46.600     69.900    117.000    233.000    466.000   1170.000   2330.000   3490.000   4660.000   6990.000  11700.000  23300.000  46600.000  69900.000 
  0.1000E+11  0.6450E-40  0.1830E-30  0.6200E-23  0.2550E-17  0.1630E-14  0.7300E-13  0.2280E-12  0.3140E-12  0.3570E-12  0.3920E-12  0.3990E-12  0.3710E-12  0.3230E-12  0.2930E-12
  0.1000E+12  0.6430E-40  0.1830E-30  0.6200E-23  0.2550E-17  0.1630E-14  0.7300E-13  0.2280E-12  0.3140E-12  0.3570E-12  0.3920E-12  0.3990E-12  0.3710E-12  0.3230E-12  0.2930E-12
  0.1000E+13  0.6430E-40  0.1830E-30  0.6200E-23  0.2550E-17  0.1630E-14  0.7300E-13  0.2280E-12  0.3140E-12  0.3570E-12  0.3920E-12  0.3990E-12  0.3710E-12  0.3230E-12  0.2930E-12
  0.1000E+14  0.6430E-40  0.1830E-30  0.6200E-23  0.2550E-17  0.1630E-14  0.7300E-13  0.2280E-12  0.3140E-12  0.3570E-12  0.3920E-12  0.3990E-12  0.3710E-12  0.3230E-12  0.2930E-12
  0.1000E+15  0.6430E-40  0.1830E-30  0.6200E-23  0.2550E-17  0.1630E-14  0.7300E-13  0.2280E-12  0.3140E-12  0.3570E-12  0.3920E-12  0.3990E-12  0.3710E-12  0.3230E-12  0.2930E-12
  0.1000E+16  0.6430E-40  0.1830E-30  0.6200E-23  0.2550E-17  0.1630E-14  0.7300E-13  0.2280E-12  0.3140E-12  0.3570E-12  0.3920E-12  0.3990E-12  0.3710E-12  0.3230E-12  0.2930E-12
  0.1000E+17  0.6430E-40  0.1830E-30  0.6200E-23  0.2550E-17  0.1630E-14  0.7300E-13  0.2280E-12  0.3140E-12  0.3570E-12  0.3920E-12  0.3990E-12  0.3710E-12  0.3230E-12  0.2930E-12
WAVELENGTH(A)= 
    10.989
 7 14 t 
excit   
    46.600     69.900    117.000    233.000    466.000   1170.000   2330.000   3490.000   4660.000   6990.000  11700.000  23300.000  46600.000  69900.000 
  0.1000E+11  0.1700E-39  0.9080E-30  0.5030E-22  0.2860E-16  0.1910E-13  0.7930E-12  0.2360E-11  0.3170E-11  0.3540E-11  0.3810E-11  0.3760E-11  0.3320E-11  0.2730E-11  0.2400E-11
  0.1000E+12  0.1700E-39  0.9080E-30  0.5030E-22  0.2860E-16  0.1910E-13  0.7930E-12  0.2360E-11  0.3170E-11  0.3540E-11  0.3810E-11  0.3760E-11  0.3320E-11  0.2730E-11  0.2400E-11
  0.1000E+13  0.1700E-39  0.9080E-30  0.5030E-22  0.2860E-16  0.1910E-13  0.7930E-12  0.2360E-11  0.3170E-11  0.3540E-11  0.3810E-11  0.3760E-11  0.3320E-11  0.2730E-11  0.2400E-11
  0.1000E+14  0.1700E-39  0.9080E-30  0.5030E-22  0.2860E-16  0.1910E-13  0.7930E-12  0.2360E-11  0.3170E-11  0.3540E-11  0.3810E-11  0.3760E-11  0.3320E-11  0.2730E-11  0.2400E-11
  0.1000E+15  0.1700E-39  0.9080E-30  0.5030E-22  0.2860E-16  0.1910E-13  0.7930E-12  0.2360E-11  0.3170E-11  0.3540E-11  0.3810E-11  0.3760E-11  0.3320E-11  0.2730E-11  0.2400E-11
  0.1000E+16  0.1700E-39  0.9080E-30  0.5030E-22  0.2860E-16  0.1910E-13  0.7930E-12  0.2360E-11  0.3170E-11  0.3540E-11  0.3810E-11  0.3760E-11  0.3320E-11  0.2730E-11  0.2400E-11
  0.1000E+17  0.1700E-39  0.9080E-30  0.5030E-22  0.2860E-16  0.1910E-13  0.7930E-12  0.2360E-11  0.3170E-11  0.3540E-11  0.3810E-11  0.3760E-11  0.3320E-11  0.2730E-11  0.2400E-11
WAVELENGTH(A)= 
    11.004
 7 14 t 
excit   
    46.600     69.900    117.000    233.000    466.000   1170.000   2330.000   3490.000   4660.000   6990.000  11700.000  23300.000  46600.000  69900.000 
  0.1000E+11  0.1000E-73  0.8180E-33  0.6480E-24  0.2630E-17  0.4520E-14  0.3210E-12  0.1190E-11  0.1780E-11  0.2170E-11  0.2640E-11  0.3080E-11  0.3420E-11  0.3470E-11  0.3400E-11
  0.1000E+12  0.1000E-73  0.8180E-33  0.6480E-24  0.2630E-17  0.4520E-14  0.3210E-12  0.1190E-11  0.1780E-11  0.2170E-11  0.2640E-11  0.3080E-11  0.3420E-11  0.3470E-11  0.3400E-11
  0.1000E+13  0.1000E-73  0.8180E-33  0.6480E-24  0.2630E-17  0.4520E-14  0.3210E-12  0.1190E-11  0.1780E-11  0.2170E-11  0.2640E-11  0.3080E-11  0.3420E-11  0.3470E-11  0.3400E-11
  0.1000E+14  0.5360E-44  0.8180E-33  0.6480E-24  0.2630E-17  0.4520E-14  0.3210E-12  0.1190E-11  0.1780E-11  0.2170E-11  0.2640E-11  0.3080E-11  0.3420E-11  0.3470E-11  0.3400E-11
  0.1000E+15  0.5490E-44  0.8180E-33  0.6480E-24  0.2630E-17  0.4520E-14  0.3210E-12  0.1190E-11  0.1780E-11  0.2170E-11  0.2640E-11  0.3080E-11  0.3420E-11  0.3470E-11  0.3400E-11
  0.1000E+16  0.5490E-44  0.8180E-33  0.6480E-24  0.2630E-17  0.4520E-14  0.3210E-12  0.1190E-11  0.1780E-11  0.2170E-11  0.2640E-11  0.3080E-11  0.3420E-11  0.3470E-11  0.3400E-11
  0.1000E+17  0.5490E-44  0.8180E-33  0.6480E-24  0.2630E-17  0.4520E-14  0.3210E-12  0.1190E-11  0.1780E-11  0.2170E-11  0.2640E-11  0.3080E-11  0.3420E-11  0.3470E-11  0.3400E-11
WAVELENGTH(A)= 
    12.285
 7 14 t 
excit   
    46.600     69.900    117.000    233.000    466.000   1170.000   2330.000   3490.000   4660.000   6990.000  11700.000  23300.000  46600.000  69900.000 
  0.1000E+11  0.6590E-40  0.5800E-30  0.4720E-22  0.3490E-16  0.2570E-13  0.1100E-11  0.3360E-11  0.4630E-11  0.5320E-11  0.5970E-11  0.6320E-11  0.6200E-11  0.5680E-11  0.5300E-11
  0.1000E+12  0.6730E-40  0.5800E-30  0.4720E-22  0.3490E-16  0.2570E-13  0.1100E-11  0.3360E-11  0.4630E-11  0.5320E-11  0.5970E-11  0.6320E-11  0.6200E-11  0.5680E-11  0.5300E-11
  0.1000E+13  0.6720E-40  0.5800E-30  0.4720E-22  0.3490E-16  0.2570E-13  0.1100E-11  0.3360E-11  0.4630E-11  0.5320E-11  0.5970E-11  0.6320E-11  0.6200E-11  0.5680E-11  0.5300E-11
  0.1000E+14  0.6720E-40  0.5800E-30  0.4720E-22  0.3490E-16  0.2570E-13  0.1100E-11  0.3360E-11  0.4630E-11  0.5320E-11  0.5970E-11  0.6320E-11  0.6200E-11  0.5680E-11  0.5300E-11
  0.1000E+15  0.6720E-40  0.5800E-30  0.4720E-22  0.3490E-16  0.2570E-13  0.1100E-11  0.3360E-11  0.4630E-11  0.5320E-11  0.5970E-11  0.6320E-11  0.6200E-11  0.5680E-11  0.5300E-11
  0.1000E+16  0.6720E-40  0.5800E-30  0.4720E-22  0.3490E-16  0.2570E-13  0.1100E-11  0.3360E-11  0.4630E-11  0.5320E-11  0.5970E-11  0.6320E-11  0.6200E-11  0.5680E-11  0.5300E-11
  0.1000E+17  0.6720E-40  0.5800E-30  0.4720E-22  0.3490E-16  0.2570E-13  0.1100E-11  0.3360E-11  0.4630E-11  0.5320E-11  0.5970E-11  0.6320E-11  0.6200E-11  0.5680E-11  0.5300E-11
WAVELENGTH(A)= 
    12.297
 7 14 t 
excit   
    46.600     69.900    117.000    233.000    466.000   1170.000   2330.000   3490.000   4660.000   6990.000  11700.000  23300.000  46600.000  69900.000 
  0.1000E+11  0.1000E-73  0.3650E-33  0.4240E-24  0.2280E-17  0.4440E-14  0.3290E-12  0.1140E-11  0.1600E-11  0.1820E-11  0.1970E-11  0.1920E-11  0.1630E-11  0.1280E-11  0.1080E-11
  0.1000E+12  0.1000E-73  0.3650E-33  0.4240E-24  0.2280E-17  0.4440E-14  0.3290E-12  0.1140E-11  0.1600E-11  0.1820E-11  0.1970E-11  0.1920E-11  0.1630E-11  0.1280E-11  0.1080E-11
  0.1000E+13  0.1000E-73  0.3650E-33  0.4240E-24  0.2280E-17  0.4440E-14  0.3290E-12  0.1140E-11  0.1600E-11  0.1820E-11  0.1970E-11  0.1920E-11  0.1630E-11  0.1280E-11  0.1080E-11
  0.1000E+14  0.2750E-44  0.3650E-33  0.4240E-24  0.2280E-17  0.4440E-14  0.3290E-12  0.1140E-11  0.1600E-11  0.1820E-11  0.1970E-11  0.1920E-11  0.1630E-11  0.1280E-11  0.1080E-11
  0.1000E+15  0.1650E-44  0.3650E-33  0.4240E-24  0.2280E-17  0.4440E-14  0.3290E-12  0.1140E-11  0.1600E-11  0.1820E-11  0.1970E-11  0.1920E-11  0.1630E-11  0.1280E-11  0.1080E-11
  0.1000E+16  0.1510E-44  0.3650E-33  0.4240E-24  0.2280E-17  0.4440E-14  0.3290E-12  0.1140E-11  0.1600E-11  0.1820E-11  0.1970E-11  0.1920E-11  0.1630E-11  0.1280E-11  0.1080E-11
  0.1000E+17  0.1510E-44  0.3650E-33  0.4240E-24  0.2280E-17  0.4440E-14  0.3290E-12  0.1140E-11  0.1600E-11  0.1820E-11  0.1970E-11  0.1920E-11  0.1630E-11  0.1280E-11  0.1080E-11
WAVELENGTH(A)= 
    12.979
 7 14 t 
excit   
    46.600     69.900    117.000    233.000    466.000   1170.000   2330.000   3490.000   4660.000   6990.000  11700.000  23300.000  46600.000  69900.000 
  0.1000E+11  0.3950E-39  0.6130E-30  0.1270E-22  0.3350E-17  0.1520E-14  0.4940E-13  0.1350E-12  0.1760E-12  0.1940E-12  0.2040E-12  0.1970E-12  0.1700E-12  0.1370E-12  0.1180E-12
  0.1000E+12  0.3940E-39  0.6130E-30  0.1270E-22  0.3350E-17  0.1520E-14  0.4940E-13  0.1350E-12  0.1760E-12  0.1940E-12  0.2040E-12  0.1970E-12  0.1700E-12  0.1370E-12  0.1180E-12
  0.1000E+13  0.3940E-39  0.6130E-30  0.1270E-22  0.3350E-17  0.1520E-14  0.4940E-13  0.1350E-12  0.1760E-12  0.1940E-12  0.2040E-12  0.1970E-12  0.1700E-12  0.1370E-12  0.1180E-12
  0.1000E+14  0.3940E-39  0.6130E-30  0.1270E-22  0.3350E-17  0.1520E-14  0.4940E-13  0.1350E-12  0.1760E-12  0.1940E-12  0.2040E-12  0.1970E-12  0.1700E-12  0.1370E-12  0.1180E-12
  0.1000E+15  0.3940E-39  0.6130E-30  0.1270E-22  0.3350E-17  0.1520E-14  0.4940E-13  0.1350E-12  0.1760E-12  0.1940E-12  0.2040E-12  0.1970E-12  0.1700E-12  0.1370E-12  0.1180E-12
  0.1000E+16  0.3940E-39  0.6130E-30  0.1270E-22  0.3350E-17  0.1520E-14  0.4940E-13  0.1350E-12  0.1760E-12  0.1940E-12  0.2040E-12  0.1970E-12  0.1700E-12  0.1370E-12  0.1180E-12
  0.1000E+17  0.3940E-39  0.6130E-30  0.1270E-22  0.3350E-17  0.1520E-14  0.4940E-13  0.1350E-12  0.1760E-12  0.1940E-12  0.2040E-12  0.1970E-12  0.1700E-12  0.1370E-12  0.1180E-12
WAVELENGTH(A)= 
    13.784
 7 14 t 
excit   
    46.600     69.900    117.000    233.000    466.000   1170.000   2330.000   3490.000   4660.000   6990.000  11700.000  23300.000  46600.000  69900.000 
  0.1000E+11  0.1930E-40  0.2120E-30  0.2130E-22  0.1820E-16  0.1430E-13  0.6230E-12  0.1860E-11  0.2520E-11  0.2860E-11  0.3090E-11  0.3090E-11  0.2760E-11  0.2250E-11  0.1950E-11
  0.1000E+12  0.1880E-40  0.2120E-30  0.2130E-22  0.1820E-16  0.1430E-13  0.6230E-12  0.1860E-11  0.2520E-11  0.2860E-11  0.3090E-11  0.3090E-11  0.2760E-11  0.2250E-11  0.1950E-11
  0.1000E+13  0.1890E-40  0.2120E-30  0.2130E-22  0.1820E-16  0.1430E-13  0.6230E-12  0.1860E-11  0.2520E-11  0.2860E-11  0.3090E-11  0.3090E-11  0.2760E-11  0.2250E-11  0.1950E-11
  0.1000E+14  0.1890E-40  0.2120E-30  0.2130E-22  0.1820E-16  0.1430E-13  0.6230E-12  0.1860E-11  0.2520E-11  0.2860E-11  0.3090E-11  0.3090E-11  0.2760E-11  0.2250E-11  0.1950E-11
  0.1000E+15  0.1890E-40  0.2120E-30  0.2130E-22  0.1820E-16  0.1430E-13  0.6230E-12  0.1860E-11  0.2520E-11  0.2860E-11  0.3090E-11  0.3090E-11  0.2760E-11  0.2250E-11  0.1950E-11
  0.1000E+16  0.1890E-40  0.2120E-30  0.2130E-22  0.1820E-16  0.1430E-13  0.6230E-12  0.1860E-11  0.2520E-11  0.2860E-11  0.3090E-11  0.3090E-11  0.2760E-11  0.2250E-11  0.1950E-11
  0.1000E+17  0.1890E-40  0.2120E-30  0.2130E-22  0.1820E-16  0.1430E-13  0.6230E-12  0.1860E-11  0.2520E-11  0.2860E-11  0.3090E-11  0.3090E-11  0.2760E-11  0.2250E-11  0.1950E-11
WAVELENGTH(A)= 
    14.050
 7 14 t 
excit   
    46.600     69.900    117.000    233.000    466.000   1170.000   2330.000   3490.000   4660.000   6990.000  11700.000  23300.000  46600.000  69900.000 
  0.1000E+11  0.1000E-73  0.5610E-36  0.2890E-26  0.4760E-19  0.1630E-15  0.1680E-13  0.6550E-13  0.9530E-13  0.1100E-12  0.1210E-12  0.1200E-12  0.1030E-12  0.8100E-13  0.6890E-13
  0.1000E+12  0.1000E-73  0.5610E-36  0.2890E-26  0.4760E-19  0.1630E-15  0.1680E-13  0.6550E-13  0.9530E-13  0.1100E-12  0.1210E-12  0.1200E-12  0.1030E-12  0.8100E-13  0.6890E-13
  0.1000E+13  0.1000E-73  0.5610E-36  0.2890E-26  0.4760E-19  0.1630E-15  0.1680E-13  0.6550E-13  0.9530E-13  0.1100E-12  0.1210E-12  0.1200E-12  0.1030E-12  0.8100E-13  0.6890E-13
  0.1000E+14  0.1000E-73  0.5610E-36  0.2890E-26  0.4760E-19  0.1630E-15  0.1680E-13  0.6550E-13  0.9530E-13  0.1100E-12  0.1210E-12  0.1200E-12  0.1030E-12  0.8100E-13  0.6890E-13
  0.1000E+15  0.1000E-73  0.5610E-36  0.2890E-26  0.4760E-19  0.1630E-15  0.1680E-13  0.6550E-13  0.9530E-13  0.1100E-12  0.1210E-12  0.1200E-12  0.1030E-12  0.8100E-13  0.6890E-13
  0.1000E+16  0.1000E-73  0.5610E-36  0.2890E-26  0.4760E-19  0.1630E-15  0.1680E-13  0.6550E-13  0.9530E-13  0.1100E-12  0.1210E-12  0.1200E-12  0.1030E-12  0.8100E-13  0.6890E-13
  0.1000E+17  0.2580E-48  0.5610E-36  0.2890E-26  0.4760E-19  0.1630E-15  0.1680E-13  0.6550E-13  0.9530E-13  0.1100E-12  0.1210E-12  0.1200E-12  0.1030E-12  0.8100E-13  0.6890E-13
WAVELENGTH(A)= 
    14.541
 7 14 t 
excit   
    46.600     69.900    117.000    233.000    466.000   1170.000   2330.000   3490.000   4660.000   6990.000  11700.000  23300.000  46600.000  69900.000 
  0.1000E+11  0.5660E-40  0.1610E-30  0.5430E-23  0.2240E-17  0.1430E-14  0.6400E-13  0.2000E-12  0.2750E-12  0.3130E-12  0.3440E-12  0.3500E-12  0.3250E-12  0.2830E-12  0.2570E-12
  0.1000E+12  0.5630E-40  0.1610E-30  0.5430E-23  0.2240E-17  0.1430E-14  0.6400E-13  0.2000E-12  0.2750E-12  0.3130E-12  0.3440E-12  0.3500E-12  0.3250E-12  0.2830E-12  0.2570E-12
  0.1000E+13  0.5640E-40  0.1610E-30  0.5430E-23  0.2240E-17  0.1430E-14  0.6400E-13  0.2000E-12  0.2750E-12  0.3130E-12  0.3440E-12  0.3500E-12  0.3250E-12  0.2830E-12  0.2570E-12
  0.1000E+14  0.5640E-40  0.1610E-30  0.5430E-23  0.2240E-17  0.1430E-14  0.6400E-13  0.2000E-12  0.2750E-12  0.3130E-12  0.3440E-12  0.3500E-12  0.3250E-12  0.2830E-12  0.2570E-12
  0.1000E+15  0.5640E-40  0.1610E-30  0.5430E-23  0.2240E-17  0.1430E-14  0.6400E-13  0.2000E-12  0.2750E-12  0.3130E-12  0.3440E-12  0.3500E-12  0.3250E-12  0.2830E-12  0.2570E-12
  0.1000E+16  0.5640E-40  0.1610E-30  0.5430E-23  0.2240E-17  0.1430E-14  0.6400E-13  0.2000E-12  0.2750E-12  0.3130E-12  0.3440E-12  0.3500E-12  0.3250E-12  0.2830E-12  0.2570E-12
  0.1000E+17  0.5640E-40  0.1610E-30  0.5430E-23  0.2240E-17  0.1430E-14  0.6400E-13  0.2000E-12  0.2750E-12  0.3130E-12  0.3440E-12  0.3500E-12  0.3250E-12  0.2830E-12  0.2570E-12
WAVELENGTH(A)= 
    14.553
 7 14 t 
excit   
    46.600     69.900    117.000    233.000    466.000   1170.000   2330.000   3490.000   4660.000   6990.000  11700.000  23300.000  46600.000  69900.000 
  0.1000E+11  0.1000E-73  0.3980E-32  0.1890E-23  0.5200E-17  0.7310E-14  0.4450E-12  0.1460E-11  0.2020E-11  0.2290E-11  0.2470E-11  0.2440E-11  0.2110E-11  0.1670E-11  0.1440E-11
  0.1000E+12  0.5760E-43  0.3980E-32  0.1890E-23  0.5200E-17  0.7310E-14  0.4450E-12  0.1460E-11  0.2020E-11  0.2290E-11  0.2470E-11  0.2440E-11  0.2110E-11  0.1670E-11  0.1440E-11
  0.1000E+13  0.5180E-43  0.3980E-32  0.1890E-23  0.5200E-17  0.7310E-14  0.4450E-12  0.1460E-11  0.2020E-11  0.2290E-11  0.2470E-11  0.2440E-11  0.2110E-11  0.1670E-11  0.1440E-11
  0.1000E+14  0.5070E-43  0.3980E-32  0.1890E-23  0.5200E-17  0.7310E-14  0.4450E-12  0.1460E-11  0.2020E-11  0.2290E-11  0.2470E-11  0.2440E-11  0.2110E-11  0.1670E-11  0.1440E-11
  0.1000E+15  0.5070E-43  0.3980E-32  0.1890E-23  0.5200E-17  0.7310E-14  0.4450E-12  0.1460E-11  0.2020E-11  0.2290E-11  0.2470E-11  0.2440E-11  0.2110E-11  0.1670E-11  0.1440E-11
  0.1000E+16  0.5070E-43  0.3980E-32  0.1890E-23  0.5200E-17  0.7310E-14  0.4450E-12  0.1460E-11  0.2020E-11  0.2290E-11  0.2470E-11  0.2440E-11  0.2110E-11  0.1670E-11  0.1440E-11
  0.1000E+17  0.5070E-43  0.3980E-32  0.1890E-23  0.5200E-17  0.7310E-14  0.4450E-12  0.1460E-11  0.2020E-11  0.2290E-11  0.2470E-11  0.2440E-11  0.2110E-11  0.1670E-11  0.1440E-11
WAVELENGTH(A)= 
    15.208
 7 14 t 
excit   
    46.600     69.900    117.000    233.000    466.000   1170.000   2330.000   3490.000   4660.000   6990.000  11700.000  23300.000  46600.000  69900.000 
  0.1000E+11  0.1000E-73  0.1090E-35  0.6430E-26  0.1170E-18  0.4220E-15  0.4570E-13  0.1850E-12  0.2800E-12  0.3340E-12  0.3890E-12  0.4190E-12  0.4160E-12  0.3790E-12  0.3520E-12
  0.1000E+12  0.1000E-73  0.1090E-35  0.6430E-26  0.1170E-18  0.4220E-15  0.4570E-13  0.1850E-12  0.2800E-12  0.3340E-12  0.3890E-12  0.4190E-12  0.4160E-12  0.3790E-12  0.3520E-12
  0.1000E+13  0.1000E-73  0.1090E-35  0.6430E-26  0.1170E-18  0.4220E-15  0.4570E-13  0.1850E-12  0.2800E-12  0.3340E-12  0.3890E-12  0.4190E-12  0.4160E-12  0.3790E-12  0.3520E-12
  0.1000E+14  0.1000E-73  0.1090E-35  0.6430E-26  0.1170E-18  0.4220E-15  0.4570E-13  0.1850E-12  0.2800E-12  0.3340E-12  0.3890E-12  0.4190E-12  0.4160E-12  0.3790E-12  0.3520E-12
  0.1000E+15  0.1000E-73  0.1090E-35  0.6430E-26  0.1170E-18  0.4220E-15  0.4570E-13  0.1850E-12  0.2800E-12  0.3340E-12  0.3890E-12  0.4190E-12  0.4160E-12  0.3790E-12  0.3520E-12
  0.1000E+16  0.1000E-73  0.1090E-35  0.6430E-26  0.1170E-18  0.4220E-15  0.4570E-13  0.1850E-12  0.2800E-12  0.3340E-12  0.3890E-12  0.4190E-12  0.4160E-12  0.3790E-12  0.3520E-12
  0.1000E+17  0.4620E-48  0.1090E-35  0.6430E-26  0.1170E-18  0.4220E-15  0.4570E-13  0.1850E-12  0.2800E-12  0.3340E-12  0.3890E-12  0.4190E-12  0.4160E-12  0.3790E-12  0.3520E-12
WAVELENGTH(A)= 
    15.566
 7 14 t 
excit   
    46.600     69.900    117.000    233.000    466.000   1170.000   2330.000   3490.000   4660.000   6990.000  11700.000  23300.000  46600.000  69900.000 
  0.1000E+11  0.1820E-40  0.9680E-31  0.5370E-23  0.3050E-17  0.2030E-14  0.8460E-13  0.2510E-12  0.3380E-12  0.3770E-12  0.4060E-12  0.4000E-12  0.3540E-12  0.2910E-12  0.2560E-12
  0.1000E+12  0.1810E-40  0.9680E-31  0.5370E-23  0.3050E-17  0.2030E-14  0.8460E-13  0.2510E-12  0.3380E-12  0.3770E-12  0.4060E-12  0.4000E-12  0.3540E-12  0.2910E-12  0.2560E-12
  0.1000E+13  0.1810E-40  0.9680E-31  0.5370E-23  0.3050E-17  0.2030E-14  0.8460E-13  0.2510E-12  0.3380E-12  0.3770E-12  0.4060E-12  0.4000E-12  0.3540E-12  0.2910E-12  0.2560E-12
  0.1000E+14  0.1810E-40  0.9680E-31  0.5370E-23  0.3050E-17  0.2030E-14  0.8460E-13  0.2510E-12  0.3380E-12  0.3770E-12  0.4060E-12  0.4000E-12  0.3540E-12  0.2910E-12  0.2560E-12
  0.1000E+15  0.1810E-40  0.9680E-31  0.5370E-23  0.3050E-17  0.2030E-14  0.8460E-13  0.2510E-12  0.3380E-12  0.3770E-12  0.4060E-12  0.4000E-12  0.3540E-12  0.2910E-12  0.2560E-12
  0.1000E+16  0.1810E-40  0.9680E-31  0.5370E-23  0.3050E-17  0.2030E-14  0.8460E-13  0.2510E-12  0.3380E-12  0.3770E-12  0.4060E-12  0.4000E-12  0.3540E-12  0.2910E-12  0.2560E-12
  0.1000E+17  0.1810E-40  0.9680E-31  0.5370E-23  0.3050E-17  0.2030E-14  0.8460E-13  0.2510E-12  0.3380E-12  0.3770E-12  0.4060E-12  0.4000E-12  0.3540E-12  0.2910E-12  0.2560E-12
WAVELENGTH(A)= 
    15.573
 7 14 t 
excit   
    46.600     69.900    117.000    233.000    466.000   1170.000   2330.000   3490.000   4660.000   6990.000  11700.000  23300.000  46600.000  69900.000 
  0.1000E+11  0.1000E-73  0.8640E-34  0.6840E-25  0.2780E-18  0.4780E-15  0.3390E-13  0.1260E-12  0.1880E-12  0.2290E-12  0.2780E-12  0.3260E-12  0.3620E-12  0.3670E-12  0.3590E-12
  0.1000E+12  0.1000E-73  0.8640E-34  0.6840E-25  0.2780E-18  0.4780E-15  0.3390E-13  0.1260E-12  0.1880E-12  0.2290E-12  0.2780E-12  0.3260E-12  0.3620E-12  0.3670E-12  0.3590E-12
  0.1000E+13  0.1000E-73  0.8640E-34  0.6840E-25  0.2780E-18  0.4780E-15  0.3390E-13  0.1260E-12  0.1880E-12  0.2290E-12  0.2780E-12  0.3260E-12  0.3620E-12  0.3670E-12  0.3590E-12
  0.1000E+14  0.5660E-45  0.8640E-34  0.6840E-25  0.2780E-18  0.4780E-15  0.3390E-13  0.1260E-12  0.1880E-12  0.2290E-12  0.2780E-12  0.3260E-12  0.3620E-12  0.3670E-12  0.3590E-12
  0.1000E+15  0.5800E-45  0.8640E-34  0.6840E-25  0.2780E-18  0.4780E-15  0.3390E-13  0.1260E-12  0.1880E-12  0.2290E-12  0.2780E-12  0.3260E-12  0.3620E-12  0.3670E-12  0.3590E-12
  0.1000E+16  0.5800E-45  0.8640E-34  0.6840E-25  0.2780E-18  0.4780E-15  0.3390E-13  0.1260E-12  0.1880E-12  0.2290E-12  0.2780E-12  0.3260E-12  0.3620E-12  0.3670E-12  0.3590E-12
  0.1000E+17  0.5800E-45  0.8640E-34  0.6840E-25  0.2780E-18  0.4780E-15  0.3390E-13  0.1260E-12  0.1880E-12  0.2290E-12  0.2780E-12  0.3260E-12  0.3620E-12  0.3670E-12  0.3590E-12
WAVELENGTH(A)= 
    16.299
 7 14 t 
excit   
    46.600     69.900    117.000    233.000    466.000   1170.000   2330.000   3490.000   4660.000   6990.000  11700.000  23300.000  46600.000  69900.000 
  0.1000E+11  0.1000E-73  0.8150E-36  0.5140E-26  0.9840E-19  0.3640E-15  0.3980E-13  0.1610E-12  0.2390E-12  0.2820E-12  0.3190E-12  0.3290E-12  0.2980E-12  0.2450E-12  0.2120E-12
  0.1000E+12  0.1000E-73  0.8150E-36  0.5140E-26  0.9840E-19  0.3640E-15  0.3980E-13  0.1610E-12  0.2390E-12  0.2820E-12  0.3190E-12  0.3290E-12  0.2980E-12  0.2450E-12  0.2120E-12
  0.1000E+13  0.1000E-73  0.8150E-36  0.5140E-26  0.9840E-19  0.3640E-15  0.3980E-13  0.1610E-12  0.2390E-12  0.2820E-12  0.3190E-12  0.3290E-12  0.2980E-12  0.2450E-12  0.2120E-12
  0.1000E+14  0.1000E-73  0.8150E-36  0.5140E-26  0.9840E-19  0.3640E-15  0.3980E-13  0.1610E-12  0.2390E-12  0.2820E-12  0.3190E-12  0.3290E-12  0.2980E-12  0.2450E-12  0.2120E-12
  0.1000E+15  0.1000E-73  0.8150E-36  0.5140E-26  0.9840E-19  0.3640E-15  0.3980E-13  0.1610E-12  0.2390E-12  0.2820E-12  0.3190E-12  0.3290E-12  0.2980E-12  0.2450E-12  0.2120E-12
  0.1000E+16  0.1000E-73  0.8150E-36  0.5140E-26  0.9840E-19  0.3640E-15  0.3980E-13  0.1610E-12  0.2390E-12  0.2820E-12  0.3190E-12  0.3290E-12  0.2980E-12  0.2450E-12  0.2120E-12
  0.1000E+17  0.6310E-48  0.8150E-36  0.5140E-26  0.9840E-19  0.3640E-15  0.3980E-13  0.1610E-12  0.2390E-12  0.2820E-12  0.3190E-12  0.3290E-12  0.2980E-12  0.2450E-12  0.2120E-12
WAVELENGTH(A)= 
    21.107
 7 14 t 
excit   
    46.600     69.900    117.000    233.000    466.000   1170.000   2330.000   3490.000   4660.000   6990.000  11700.000  23300.000  46600.000  69900.000 
  0.1000E+11  0.1000E-73  0.7710E-34  0.7430E-25  0.3550E-18  0.6710E-15  0.4940E-13  0.1730E-12  0.2440E-12  0.2790E-12  0.3030E-12  0.3010E-12  0.2630E-12  0.2120E-12  0.1830E-12
  0.1000E+12  0.1000E-73  0.7710E-34  0.7430E-25  0.3550E-18  0.6710E-15  0.4940E-13  0.1730E-12  0.2440E-12  0.2790E-12  0.3030E-12  0.3010E-12  0.2630E-12  0.2120E-12  0.1830E-12
  0.1000E+13  0.1000E-73  0.7710E-34  0.7430E-25  0.3550E-18  0.6710E-15  0.4940E-13  0.1730E-12  0.2440E-12  0.2790E-12  0.3030E-12  0.3010E-12  0.2630E-12  0.2120E-12  0.1830E-12
  0.1000E+14  0.3380E-45  0.7710E-34  0.7430E-25  0.3550E-18  0.6710E-15  0.4940E-13  0.1730E-12  0.2440E-12  0.2790E-12  0.3030E-12  0.3010E-12  0.2630E-12  0.2120E-12  0.1830E-12
  0.1000E+15  0.4050E-45  0.7710E-34  0.7430E-25  0.3550E-18  0.6710E-15  0.4940E-13  0.1730E-12  0.2440E-12  0.2790E-12  0.3030E-12  0.3010E-12  0.2630E-12  0.2120E-12  0.1830E-12
  0.1000E+16  0.4090E-45  0.7710E-34  0.7430E-25  0.3550E-18  0.6710E-15  0.4940E-13  0.1730E-12  0.2440E-12  0.2790E-12  0.3030E-12  0.3010E-12  0.2630E-12  0.2120E-12  0.1830E-12
  0.1000E+17  0.4090E-45  0.7710E-34  0.7430E-25  0.3550E-18  0.6710E-15  0.4940E-13  0.1730E-12  0.2440E-12  0.2790E-12  0.3030E-12  0.3010E-12  0.2630E-12  0.2120E-12  0.1830E-12
WAVELENGTH(A)= 
    23.193
 7 14 t 
excit   
    46.600     69.900    117.000    233.000    466.000   1170.000   2330.000   3490.000   4660.000   6990.000  11700.000  23300.000  46600.000  69900.000 
  0.1000E+11  0.1000E-73  0.1120E-33  0.1330E-24  0.7290E-18  0.1460E-14  0.1120E-12  0.4070E-12  0.5910E-12  0.6950E-12  0.7960E-12  0.8530E-12  0.8380E-12  0.7670E-12  0.7110E-12
  0.1000E+12  0.1000E-73  0.1120E-33  0.1330E-24  0.7290E-18  0.1460E-14  0.1120E-12  0.4070E-12  0.5910E-12  0.6950E-12  0.7960E-12  0.8530E-12  0.8380E-12  0.7670E-12  0.7110E-12
  0.1000E+13  0.1000E-73  0.1120E-33  0.1330E-24  0.7290E-18  0.1460E-14  0.1120E-12  0.4070E-12  0.5910E-12  0.6950E-12  0.7960E-12  0.8530E-12  0.8380E-12  0.7670E-12  0.7110E-12
  0.1000E+14  0.6640E-45  0.1120E-33  0.1330E-24  0.7290E-18  0.1460E-14  0.1120E-12  0.4070E-12  0.5910E-12  0.6950E-12  0.7960E-12  0.8530E-12  0.8380E-12  0.7670E-12  0.7110E-12
  0.1000E+15  0.4650E-45  0.1120E-33  0.1330E-24  0.7290E-18  0.1460E-14  0.1120E-12  0.4070E-12  0.5910E-12  0.6950E-12  0.7960E-12  0.8530E-12  0.8380E-12  0.7670E-12  0.7110E-12
  0.1000E+16  0.4580E-45  0.1120E-33  0.1330E-24  0.7290E-18  0.1460E-14  0.1120E-12  0.4070E-12  0.5910E-12  0.6950E-12  0.7960E-12  0.8530E-12  0.8380E-12  0.7670E-12  0.7110E-12
  0.1000E+17  0.4570E-45  0.1120E-33  0.1330E-24  0.7290E-18  0.1460E-14  0.1120E-12  0.4070E-12  0.5910E-12  0.6950E-12  0.7960E-12  0.8530E-12  0.8380E-12  0.7670E-12  0.7110E-12
WAVELENGTH(A)= 
    25.421
 7 14 t 
excit   
    46.600     69.900    117.000    233.000    466.000   1170.000   2330.000   3490.000   4660.000   6990.000  11700.000  23300.000  46600.000  69900.000 
  0.1000E+11  0.1000E-73  0.7840E-34  0.1040E-24  0.6180E-18  0.1280E-14  0.9860E-13  0.3560E-12  0.5110E-12  0.5940E-12  0.6610E-12  0.6740E-12  0.6060E-12  0.4970E-12  0.4310E-12
  0.1000E+12  0.1000E-73  0.7840E-34  0.1040E-24  0.6180E-18  0.1280E-14  0.9860E-13  0.3560E-12  0.5110E-12  0.5940E-12  0.6610E-12  0.6740E-12  0.6060E-12  0.4970E-12  0.4310E-12
  0.1000E+13  0.1000E-73  0.7840E-34  0.1040E-24  0.6180E-18  0.1280E-14  0.9860E-13  0.3560E-12  0.5110E-12  0.5940E-12  0.6610E-12  0.6740E-12  0.6060E-12  0.4970E-12  0.4310E-12
  0.1000E+14  0.1000E-73  0.7840E-34  0.1040E-24  0.6180E-18  0.1280E-14  0.9860E-13  0.3560E-12  0.5110E-12  0.5940E-12  0.6610E-12  0.6740E-12  0.6060E-12  0.4970E-12  0.4310E-12
  0.1000E+15  0.2300E-45  0.7840E-34  0.1040E-24  0.6180E-18  0.1280E-14  0.9860E-13  0.3560E-12  0.5110E-12  0.5940E-12  0.6610E-12  0.6740E-12  0.6060E-12  0.4970E-12  0.4310E-12
  0.1000E+16  0.2760E-45  0.7840E-34  0.1040E-24  0.6180E-18  0.1280E-14  0.9860E-13  0.3560E-12  0.5110E-12  0.5940E-12  0.6610E-12  0.6740E-12  0.6060E-12  0.4970E-12  0.4310E-12
  0.1000E+17  0.2770E-45  0.7850E-34  0.1040E-24  0.6180E-18  0.1280E-14  0.9860E-13  0.3560E-12  0.5110E-12  0.5940E-12  0.6610E-12  0.6740E-12  0.6060E-12  0.4970E-12  0.4310E-12
WAVELENGTH(A)= 
    26.024
 7 14 t 
excit   
    46.600     69.900    117.000    233.000    466.000   1170.000   2330.000   3490.000   4660.000   6990.000  11700.000  23300.000  46600.000  69900.000 
  0.1000E+11  0.8250E-13  0.2040E-11  0.2440E-10  0.1360E-09  0.2810E-09  0.3800E-09  0.3930E-09  0.3820E-09  0.3680E-09  0.3430E-09  0.3060E-09  0.2530E-09  0.2030E-09  0.1770E-09
  0.1000E+12  0.8250E-13  0.2040E-11  0.2440E-10  0.1360E-09  0.2810E-09  0.3800E-09  0.3930E-09  0.3820E-09  0.3680E-09  0.3430E-09  0.3060E-09  0.2530E-09  0.2030E-09  0.1770E-09
  0.1000E+13  0.8250E-13  0.2040E-11  0.2440E-10  0.1360E-09  0.2810E-09  0.3800E-09  0.3930E-09  0.3820E-09  0.3680E-09  0.3430E-09  0.3060E-09  0.2530E-09  0.2030E-09  0.1770E-09
  0.1000E+14  0.8250E-13  0.2040E-11  0.2440E-10  0.1360E-09  0.2810E-09  0.3800E-09  0.3930E-09  0.3820E-09  0.3680E-09  0.3430E-09  0.3060E-09  0.2530E-09  0.2030E-09  0.1770E-09
  0.1000E+15  0.8250E-13  0.2040E-11  0.2440E-10  0.1360E-09  0.2810E-09  0.3800E-09  0.3930E-09  0.3820E-09  0.3680E-09  0.3430E-09  0.3060E-09  0.2530E-09  0.2030E-09  0.1770E-09
  0.1000E+16  0.8250E-13  0.2040E-11  0.2440E-10  0.1360E-09  0.2810E-09  0.3800E-09  0.3930E-09  0.3820E-09  0.3680E-09  0.3430E-09  0.3060E-09  0.2530E-09  0.2030E-09  0.1770E-09
  0.1000E+17  0.8250E-13  0.2040E-11  0.2440E-10  0.1360E-09  0.2810E-09  0.3800E-09  0.3930E-09  0.3820E-09  0.3680E-09  0.3430E-09  0.3060E-09  0.2530E-09  0.2030E-09  0.1770E-09
WAVELENGTH(A)= 
    28.781
 7 14 t 
excit   
    46.600     69.900    117.000    233.000    466.000   1170.000   2330.000   3490.000   4660.000   6990.000  11700.000  23300.000  46600.000  69900.000 
  0.1000E+11  0.1000E-73  0.2260E-34  0.2180E-25  0.1040E-18  0.1960E-15  0.1450E-13  0.5070E-13  0.7140E-13  0.8160E-13  0.8890E-13  0.8810E-13  0.7700E-13  0.6210E-13  0.5370E-13
  0.1000E+12  0.1000E-73  0.2260E-34  0.2180E-25  0.1040E-18  0.1960E-15  0.1450E-13  0.5070E-13  0.7140E-13  0.8160E-13  0.8890E-13  0.8810E-13  0.7700E-13  0.6210E-13  0.5370E-13
  0.1000E+13  0.1000E-73  0.2260E-34  0.2180E-25  0.1040E-18  0.1960E-15  0.1450E-13  0.5070E-13  0.7140E-13  0.8160E-13  0.8890E-13  0.8810E-13  0.7700E-13  0.6210E-13  0.5370E-13
  0.1000E+14  0.9890E-46  0.2260E-34  0.2180E-25  0.1040E-18  0.1960E-15  0.1450E-13  0.5070E-13  0.7140E-13  0.8160E-13  0.8890E-13  0.8810E-13  0.7700E-13  0.6210E-13  0.5370E-13
  0.1000E+15  0.1190E-45  0.2260E-34  0.2180E-25  0.1040E-18  0.1960E-15  0.1450E-13  0.5070E-13  0.7140E-13  0.8160E-13  0.8890E-13  0.8810E-13  0.7700E-13  0.6210E-13  0.5370E-13
  0.1000E+16  0.1200E-45  0.2260E-34  0.2180E-25  0.1040E-18  0.1960E-15  0.1450E-13  0.5070E-13  0.7140E-13  0.8160E-13  0.8890E-13  0.8810E-13  0.7700E-13  0.6210E-13  0.5370E-13
  0.1000E+17  0.1200E-45  0.2260E-34  0.2180E-25  0.1040E-18  0.1960E-15  0.1450E-13  0.5070E-13  0.7140E-13  0.8160E-13  0.8890E-13  0.8810E-13  0.7700E-13  0.6210E-13  0.5370E-13
WAVELENGTH(A)= 
    35.921
 7 14 t 
excit   
    46.600     69.900    117.000    233.000    466.000   1170.000   2330.000   3490.000   4660.000   6990.000  11700.000  23300.000  46600.000  69900.000 
  0.1000E+11  0.1000E-73  0.2460E-36  0.1270E-26  0.2090E-19  0.7130E-16  0.7380E-14  0.2870E-13  0.4180E-13  0.4840E-13  0.5310E-13  0.5270E-13  0.4530E-13  0.3550E-13  0.3020E-13
  0.1000E+12  0.1000E-73  0.2460E-36  0.1270E-26  0.2090E-19  0.7130E-16  0.7380E-14  0.2870E-13  0.4180E-13  0.4840E-13  0.5310E-13  0.5270E-13  0.4530E-13  0.3550E-13  0.3020E-13
  0.1000E+13  0.1000E-73  0.2460E-36  0.1270E-26  0.2090E-19  0.7130E-16  0.7380E-14  0.2870E-13  0.4180E-13  0.4840E-13  0.5310E-13  0.5270E-13  0.4530E-13  0.3550E-13  0.3020E-13
  0.1000E+14  0.1000E-73  0.2460E-36  0.1270E-26  0.2090E-19  0.7130E-16  0.7380E-14  0.2870E-13  0.4180E-13  0.4840E-13  0.5310E-13  0.5270E-13  0.4530E-13  0.3550E-13  0.3020E-13
  0.1000E+15  0.1000E-73  0.2460E-36  0.1270E-26  0.2090E-19  0.7130E-16  0.7380E-14  0.2870E-13  0.4180E-13  0.4840E-13  0.5310E-13  0.5270E-13  0.4530E-13  0.3550E-13  0.3020E-13
  0.1000E+16  0.1000E-73  0.2460E-36  0.1270E-26  0.2090E-19  0.7130E-16  0.7380E-14  0.2870E-13  0.4180E-13  0.4840E-13  0.5310E-13  0.5270E-13  0.4530E-13  0.3550E-13  0.3020E-13
  0.1000E+17  0.1130E-48  0.2460E-36  0.1270E-26  0.2090E-19  0.7130E-16  0.7380E-14  0.2870E-13  0.4180E-13  0.4840E-13  0.5310E-13  0.5270E-13  0.4530E-13  0.3550E-13  0.3020E-13
WAVELENGTH(A)= 
    39.044
 7 14 t 
excit   
    46.600     69.900    117.000    233.000    466.000   1170.000   2330.000   3490.000   4660.000   6990.000  11700.000  23300.000  46600.000  69900.000 
  0.1000E+11  0.1000E-73  0.5140E-36  0.3020E-26  0.5490E-19  0.1980E-15  0.2140E-13  0.8690E-13  0.1310E-12  0.1570E-12  0.1830E-12  0.1970E-12  0.1950E-12  0.1780E-12  0.1650E-12
  0.1000E+12  0.1000E-73  0.5140E-36  0.3020E-26  0.5490E-19  0.1980E-15  0.2140E-13  0.8690E-13  0.1310E-12  0.1570E-12  0.1830E-12  0.1970E-12  0.1950E-12  0.1780E-12  0.1650E-12
  0.1000E+13  0.1000E-73  0.5140E-36  0.3020E-26  0.5490E-19  0.1980E-15  0.2140E-13  0.8690E-13  0.1310E-12  0.1570E-12  0.1830E-12  0.1970E-12  0.1950E-12  0.1780E-12  0.1650E-12
  0.1000E+14  0.1000E-73  0.5140E-36  0.3020E-26  0.5490E-19  0.1980E-15  0.2140E-13  0.8690E-13  0.1310E-12  0.1570E-12  0.1830E-12  0.1970E-12  0.1950E-12  0.1780E-12  0.1650E-12
  0.1000E+15  0.1000E-73  0.5140E-36  0.3020E-26  0.5490E-19  0.1980E-15  0.2140E-13  0.8690E-13  0.1310E-12  0.1570E-12  0.1830E-12  0.1970E-12  0.1950E-12  0.1780E-12  0.1650E-12
  0.1000E+16  0.1000E-73  0.5140E-36  0.3020E-26  0.5490E-19  0.1980E-15  0.2140E-13  0.8690E-13  0.1310E-12  0.1570E-12  0.1830E-12  0.1970E-12  0.1950E-12  0.1780E-12  0.1650E-12
  0.1000E+17  0.2170E-48  0.5140E-36  0.3020E-26  0.5490E-19  0.1980E-15  0.2140E-13  0.8690E-13  0.1310E-12  0.1570E-12  0.1830E-12  0.1970E-12  0.1950E-12  0.1780E-12  0.1650E-12
WAVELENGTH(A)= 
    42.310
 7 14 t 
excit   
    46.600     69.900    117.000    233.000    466.000   1170.000   2330.000   3490.000   4660.000   6990.000  11700.000  23300.000  46600.000  69900.000 
  0.1000E+11  0.1000E-73  0.4780E-36  0.3010E-26  0.5770E-19  0.2140E-15  0.2330E-13  0.9440E-13  0.1400E-12  0.1660E-12  0.1870E-12  0.1930E-12  0.1750E-12  0.1430E-12  0.1250E-12
  0.1000E+12  0.1000E-73  0.4780E-36  0.3010E-26  0.5770E-19  0.2140E-15  0.2330E-13  0.9440E-13  0.1400E-12  0.1660E-12  0.1870E-12  0.1930E-12  0.1750E-12  0.1430E-12  0.1250E-12
  0.1000E+13  0.1000E-73  0.4780E-36  0.3010E-26  0.5770E-19  0.2140E-15  0.2330E-13  0.9440E-13  0.1400E-12  0.1660E-12  0.1870E-12  0.1930E-12  0.1750E-12  0.1430E-12  0.1250E-12
  0.1000E+14  0.1000E-73  0.4780E-36  0.3010E-26  0.5770E-19  0.2140E-15  0.2330E-13  0.9440E-13  0.1400E-12  0.1660E-12  0.1870E-12  0.1930E-12  0.1750E-12  0.1430E-12  0.1250E-12
  0.1000E+15  0.1000E-73  0.4780E-36  0.3010E-26  0.5770E-19  0.2140E-15  0.2330E-13  0.9440E-13  0.1400E-12  0.1660E-12  0.1870E-12  0.1930E-12  0.1750E-12  0.1430E-12  0.1250E-12
  0.1000E+16  0.1000E-73  0.4780E-36  0.3010E-26  0.5770E-19  0.2140E-15  0.2330E-13  0.9440E-13  0.1400E-12  0.1660E-12  0.1870E-12  0.1930E-12  0.1750E-12  0.1430E-12  0.1250E-12
  0.1000E+17  0.3700E-48  0.4780E-36  0.3010E-26  0.5770E-19  0.2140E-15  0.2330E-13  0.9440E-13  0.1400E-12  0.1660E-12  0.1870E-12  0.1930E-12  0.1750E-12  0.1430E-12  0.1250E-12
WAVELENGTH(A)= 
    66.703
 7 14 t 
excit   
    46.600     69.900    117.000    233.000    466.000   1170.000   2330.000   3490.000   4660.000   6990.000  11700.000  23300.000  46600.000  69900.000 
  0.1000E+11  0.5220E-30  0.3300E-23  0.8320E-18  0.8050E-14  0.6960E-12  0.8940E-11  0.1880E-10  0.2280E-10  0.2440E-10  0.2510E-10  0.2420E-10  0.2120E-10  0.1760E-10  0.1550E-10
  0.1000E+12  0.5220E-30  0.3300E-23  0.8320E-18  0.8050E-14  0.6960E-12  0.8940E-11  0.1880E-10  0.2280E-10  0.2440E-10  0.2510E-10  0.2420E-10  0.2120E-10  0.1760E-10  0.1550E-10
  0.1000E+13  0.5220E-30  0.3300E-23  0.8320E-18  0.8050E-14  0.6960E-12  0.8940E-11  0.1880E-10  0.2280E-10  0.2440E-10  0.2510E-10  0.2420E-10  0.2120E-10  0.1760E-10  0.1550E-10
  0.1000E+14  0.5220E-30  0.3300E-23  0.8320E-18  0.8050E-14  0.6960E-12  0.8940E-11  0.1880E-10  0.2280E-10  0.2440E-10  0.2510E-10  0.2420E-10  0.2120E-10  0.1760E-10  0.1550E-10
  0.1000E+15  0.5220E-30  0.3300E-23  0.8320E-18  0.8050E-14  0.6960E-12  0.8940E-11  0.1880E-10  0.2280E-10  0.2440E-10  0.2510E-10  0.2420E-10  0.2120E-10  0.1760E-10  0.1550E-10
  0.1000E+16  0.5220E-30  0.3300E-23  0.8320E-18  0.8050E-14  0.6960E-12  0.8940E-11  0.1880E-10  0.2280E-10  0.2440E-10  0.2510E-10  0.2420E-10  0.2120E-10  0.1760E-10  0.1550E-10
  0.1000E+17  0.5220E-30  0.3300E-23  0.8320E-18  0.8050E-14  0.6960E-12  0.8940E-11  0.1880E-10  0.2280E-10  0.2440E-10  0.2510E-10  0.2420E-10  0.2120E-10  0.1760E-10  0.1550E-10
WAVELENGTH(A)= 
    66.952
 7 14 t 
excit   
    46.600     69.900    117.000    233.000    466.000   1170.000   2330.000   3490.000   4660.000   6990.000  11700.000  23300.000  46600.000  69900.000 
  0.1000E+11  0.5360E-36  0.9510E-28  0.3460E-21  0.2510E-16  0.6070E-14  0.1490E-12  0.4050E-12  0.5560E-12  0.6490E-12  0.7570E-12  0.8540E-12  0.9160E-12  0.9100E-12  0.8810E-12
  0.1000E+12  0.5360E-36  0.9510E-28  0.3460E-21  0.2510E-16  0.6070E-14  0.1490E-12  0.4050E-12  0.5560E-12  0.6490E-12  0.7570E-12  0.8540E-12  0.9160E-12  0.9100E-12  0.8810E-12
  0.1000E+13  0.5360E-36  0.9510E-28  0.3460E-21  0.2510E-16  0.6070E-14  0.1490E-12  0.4050E-12  0.5560E-12  0.6490E-12  0.7570E-12  0.8540E-12  0.9160E-12  0.9100E-12  0.8810E-12
  0.1000E+14  0.5360E-36  0.9510E-28  0.3460E-21  0.2510E-16  0.6070E-14  0.1490E-12  0.4050E-12  0.5560E-12  0.6490E-12  0.7570E-12  0.8540E-12  0.9160E-12  0.9100E-12  0.8810E-12
  0.1000E+15  0.5360E-36  0.9510E-28  0.3460E-21  0.2510E-16  0.6070E-14  0.1490E-12  0.4050E-12  0.5560E-12  0.6490E-12  0.7570E-12  0.8540E-12  0.9160E-12  0.9100E-12  0.8810E-12
  0.1000E+16  0.5360E-36  0.9510E-28  0.3460E-21  0.2510E-16  0.6070E-14  0.1490E-12  0.4050E-12  0.5560E-12  0.6490E-12  0.7570E-12  0.8540E-12  0.9160E-12  0.9100E-12  0.8810E-12
  0.1000E+17  0.5360E-36  0.9510E-28  0.3460E-21  0.2510E-16  0.6070E-14  0.1490E-12  0.4050E-12  0.5560E-12  0.6490E-12  0.7570E-12  0.8540E-12  0.9160E-12  0.9100E-12  0.8810E-12
WAVELENGTH(A)= 
    72.784
 7 14 t 
excit   
    46.600     69.900    117.000    233.000    466.000   1170.000   2330.000   3490.000   4660.000   6990.000  11700.000  23300.000  46600.000  69900.000 
  0.1000E+11  0.1500E-30  0.3470E-24  0.5190E-19  0.4040E-15  0.3320E-13  0.4390E-12  0.9540E-12  0.1170E-11  0.1270E-11  0.1320E-11  0.1290E-11  0.1150E-11  0.9710E-12  0.8680E-12
  0.1000E+12  0.1500E-30  0.3470E-24  0.5190E-19  0.4040E-15  0.3320E-13  0.4390E-12  0.9540E-12  0.1170E-11  0.1270E-11  0.1320E-11  0.1290E-11  0.1150E-11  0.9710E-12  0.8680E-12
  0.1000E+13  0.1500E-30  0.3470E-24  0.5190E-19  0.4040E-15  0.3320E-13  0.4390E-12  0.9540E-12  0.1170E-11  0.1270E-11  0.1320E-11  0.1290E-11  0.1150E-11  0.9710E-12  0.8680E-12
  0.1000E+14  0.1500E-30  0.3470E-24  0.5190E-19  0.4040E-15  0.3320E-13  0.4390E-12  0.9540E-12  0.1170E-11  0.1270E-11  0.1320E-11  0.1290E-11  0.1150E-11  0.9710E-12  0.8680E-12
  0.1000E+15  0.1500E-30  0.3470E-24  0.5190E-19  0.4040E-15  0.3320E-13  0.4390E-12  0.9540E-12  0.1170E-11  0.1270E-11  0.1320E-11  0.1290E-11  0.1150E-11  0.9710E-12  0.8680E-12
  0.1000E+16  0.1500E-30  0.3470E-24  0.5190E-19  0.4040E-15  0.3320E-13  0.4390E-12  0.9540E-12  0.1170E-11  0.1270E-11  0.1320E-11  0.1290E-11  0.1150E-11  0.9710E-12  0.8680E-12
  0.1000E+17  0.1500E-30  0.3470E-24  0.5190E-19  0.4040E-15  0.3320E-13  0.4390E-12  0.9540E-12  0.1170E-11  0.1270E-11  0.1320E-11  0.1290E-11  0.1150E-11  0.9710E-12  0.8680E-12
WAVELENGTH(A)= 
    85.027
 7 14 t 
excit   
    46.600     69.900    117.000    233.000    466.000   1170.000   2330.000   3490.000   4660.000   6990.000  11700.000  23300.000  46600.000  69900.000 
  0.1000E+11  0.1300E-33  0.2340E-26  0.1360E-20  0.2460E-16  0.2840E-14  0.4100E-13  0.8990E-13  0.1130E-12  0.1250E-12  0.1370E-12  0.1430E-12  0.1420E-12  0.1320E-12  0.1240E-12
  0.1000E+12  0.1300E-33  0.2340E-26  0.1360E-20  0.2460E-16  0.2840E-14  0.4100E-13  0.8990E-13  0.1130E-12  0.1250E-12  0.1370E-12  0.1430E-12  0.1420E-12  0.1320E-12  0.1240E-12
  0.1000E+13  0.1300E-33  0.2340E-26  0.1360E-20  0.2460E-16  0.2840E-14  0.4100E-13  0.8990E-13  0.1130E-12  0.1250E-12  0.1370E-12  0.1430E-12  0.1420E-12  0.1320E-12  0.1240E-12
  0.1000E+14  0.1300E-33  0.2340E-26  0.1360E-20  0.2460E-16  0.2840E-14  0.4100E-13  0.8990E-13  0.1130E-12  0.1250E-12  0.1370E-12  0.1430E-12  0.1420E-12  0.1320E-12  0.1240E-12
  0.1000E+15  0.1300E-33  0.2340E-26  0.1360E-20  0.2460E-16  0.2840E-14  0.4100E-13  0.8990E-13  0.1130E-12  0.1250E-12  0.1370E-12  0.1430E-12  0.1420E-12  0.1320E-12  0.1240E-12
  0.1000E+16  0.1300E-33  0.2340E-26  0.1360E-20  0.2460E-16  0.2840E-14  0.4100E-13  0.8990E-13  0.1130E-12  0.1250E-12  0.1370E-12  0.1430E-12  0.1420E-12  0.1320E-12  0.1240E-12
  0.1000E+17  0.1300E-33  0.2340E-26  0.1360E-20  0.2460E-16  0.2840E-14  0.4100E-13  0.8990E-13  0.1130E-12  0.1250E-12  0.1370E-12  0.1430E-12  0.1420E-12  0.1320E-12  0.1240E-12
WAVELENGTH(A)= 
    85.282
 7 14 t 
excit   
    46.600     69.900    117.000    233.000    466.000   1170.000   2330.000   3490.000   4660.000   6990.000  11700.000  23300.000  46600.000  69900.000 
  0.1000E+11  0.3640E-38  0.1820E-29  0.1510E-22  0.2010E-17  0.6210E-15  0.1530E-13  0.3760E-13  0.4730E-13  0.5110E-13  0.5250E-13  0.5000E-13  0.4230E-13  0.3320E-13  0.2830E-13
  0.1000E+12  0.3640E-38  0.1820E-29  0.1510E-22  0.2010E-17  0.6210E-15  0.1530E-13  0.3760E-13  0.4730E-13  0.5110E-13  0.5250E-13  0.5000E-13  0.4230E-13  0.3320E-13  0.2830E-13
  0.1000E+13  0.3640E-38  0.1820E-29  0.1510E-22  0.2010E-17  0.6210E-15  0.1530E-13  0.3760E-13  0.4730E-13  0.5110E-13  0.5250E-13  0.5000E-13  0.4230E-13  0.3320E-13  0.2830E-13
  0.1000E+14  0.3640E-38  0.1820E-29  0.1510E-22  0.2010E-17  0.6210E-15  0.1530E-13  0.3760E-13  0.4730E-13  0.5110E-13  0.5250E-13  0.5000E-13  0.4230E-13  0.3320E-13  0.2830E-13
  0.1000E+15  0.3640E-38  0.1820E-29  0.1510E-22  0.2010E-17  0.6210E-15  0.1530E-13  0.3760E-13  0.4730E-13  0.5110E-13  0.5250E-13  0.5000E-13  0.4230E-13  0.3320E-13  0.2830E-13
  0.1000E+16  0.3640E-38  0.1820E-29  0.1510E-22  0.2010E-17  0.6210E-15  0.1530E-13  0.3760E-13  0.4730E-13  0.5110E-13  0.5250E-13  0.5000E-13  0.4230E-13  0.3320E-13  0.2830E-13
  0.1000E+17  0.3640E-38  0.1820E-29  0.1510E-22  0.2010E-17  0.6210E-15  0.1530E-13  0.3760E-13  0.4730E-13  0.5110E-13  0.5250E-13  0.5000E-13  0.4230E-13  0.3320E-13  0.2830E-13
