      24 25  6
dens cof -0.6988  -0.5227  -0.3008  -0.1547   0.0794   0.3012   0.4773   0.6534   0.8453   1.0416   1.2555   1.4474   1.6534   1.8453   2.0002   2.2306   2.4316   2.6337   2.8263   3.0214   3.2169   3.3981   3.6077   3.7995   4.0002 
  4.0000  1 -36.8370 -33.1709 -29.8975 -28.4798 -26.9142 -25.9871 -25.5047 -25.1729 -24.9306 -24.7707 -24.6688 -24.6162 -24.5925 -24.5943 -24.6061 -24.6392 -24.6704 -24.7008 -24.7298 -24.7592 -24.7886 -24.8158 -24.8474 -24.8762 -24.9064 
  4.0000  2 -23.6968 -23.6968 -23.6968 -23.6970 -23.6949 -23.6935 -23.6889 -23.6857 -23.6793 -23.6729 -23.6693 -23.6673 -23.6652 -23.6642 -23.6656 -23.6675 -23.6674 -23.6661 -23.6649 -23.6636 -23.6623 -23.6612 -23.6598 -23.6586 -23.6573 
  4.0000  3 -32.7742 -29.9250 -27.7474 -26.8281 -25.8942 -25.3939 -25.1480 -24.9856 -24.8664 -24.7936 -24.7491 -24.7325 -24.7376 -24.7579 -24.7825 -24.8313 -24.8831 -24.9423 -25.0014 -25.0642 -25.1278 -25.1869 -25.2551 -25.3176 -25.3829 
  4.0000  4 -74.0000 -74.0000 -74.0000 -74.0000 -74.0000 -61.0252 -39.5221 -37.7229 -32.9133 -30.3017 -28.4440 -27.4059 -26.6938 -26.3149 -26.0744 -25.8410 -25.7209 -25.6367 -25.6160 -25.5834 -25.5834 -25.5804 -25.5714 -25.5633 -25.5547 
  4.0000  5 -30.1789 -28.8240 -27.1447 -26.3014 -25.4739 -25.0613 -24.8851 -24.7892 -24.7405 -24.7241 -24.7302 -24.7542 -24.7875 -24.8362 -24.8658 -24.9167 -24.9684 -25.0274 -25.0874 -25.1485 -25.2121 -25.2714 -25.3398 -25.4025 -25.4680 
  4.0000  6 -74.0000 -74.0000 -74.0000 -74.0000 -74.0000 -74.0000 -45.2476 -41.8875 -35.2308 -31.7425 -29.2343 -27.9018 -27.0005 -26.4849 -26.2157 -25.9689 -25.8486 -25.7837 -25.7465 -25.7289 -25.7300 -25.7424 -25.7707 -25.8000 -25.8307 
  4.4771  1 -36.8370 -33.1709 -29.8975 -28.4798 -26.9142 -25.9871 -25.5046 -25.1729 -24.9306 -24.7707 -24.6688 -24.6162 -24.5925 -24.5943 -24.6061 -24.6392 -24.6704 -24.7008 -24.7298 -24.7592 -24.7886 -24.8159 -24.8474 -24.8762 -24.9064 
  4.4771  2 -24.1771 -24.1770 -24.1774 -24.1769 -24.1727 -24.1672 -24.1575 -24.1466 -24.1300 -24.1137 -24.1006 -24.0927 -24.0875 -24.0866 -24.0890 -24.0936 -24.0985 -24.1029 -24.1071 -24.1113 -24.1155 -24.1194 -24.1240 -24.1281 -24.1324 
  4.4771  3 -32.7742 -29.9250 -27.7474 -26.8281 -25.8942 -25.3939 -25.1480 -24.9856 -24.8664 -24.7936 -24.7491 -24.7325 -24.7376 -24.7579 -24.7825 -24.8313 -24.8831 -24.9423 -25.0014 -25.0642 -25.1278 -25.1869 -25.2551 -25.3176 -25.3829 
  4.4771  4 -74.0000 -74.0000 -74.0000 -74.0000 -74.0000 -60.6298 -39.6755 -37.6989 -32.9175 -30.3012 -28.4438 -27.4059 -26.6938 -26.3145 -26.0742 -25.8410 -25.7209 -25.6367 -25.6159 -25.5834 -25.5833 -25.5804 -25.5718 -25.5639 -25.5556 
  4.4771  5 -30.1789 -28.8240 -27.1447 -26.3014 -25.4739 -25.0613 -24.8851 -24.7892 -24.7405 -24.7241 -24.7302 -24.7542 -24.7876 -24.8361 -24.8657 -24.9167 -24.9684 -25.0274 -25.0874 -25.1485 -25.2121 -25.2715 -25.3399 -25.4025 -25.4680 
  4.4771  6 -74.0000 -74.0000 -74.0000 -74.0000 -74.0000 -74.0000 -45.2476 -41.8875 -35.2308 -31.7425 -29.2343 -27.9018 -27.0005 -26.4849 -26.2157 -25.9689 -25.8486 -25.7837 -25.7465 -25.7289 -25.7300 -25.7424 -25.7707 -25.8000 -25.8307 
  5.0000  1 -36.8370 -33.1709 -29.8975 -28.4798 -26.9142 -25.9871 -25.5047 -25.1729 -24.9306 -24.7707 -24.6688 -24.6162 -24.5925 -24.5943 -24.6061 -24.6392 -24.6704 -24.7008 -24.7298 -24.7592 -24.7886 -24.8158 -24.8474 -24.8762 -24.9064 
  5.0000  2 -24.6968 -24.6967 -24.6971 -24.6956 -24.6846 -24.6573 -24.6234 -24.5859 -24.5437 -24.5072 -24.4766 -24.4583 -24.4480 -24.4466 -24.4505 -24.4606 -24.4722 -24.4842 -24.4956 -24.5072 -24.5188 -24.5295 -24.5419 -24.5533 -24.5652 
  5.0000  3 -32.7742 -29.9250 -27.7474 -26.8281 -25.8942 -25.3939 -25.1480 -24.9856 -24.8664 -24.7936 -24.7491 -24.7325 -24.7376 -24.7579 -24.7825 -24.8313 -24.8831 -24.9423 -25.0014 -25.0642 -25.1278 -25.1869 -25.2551 -25.3176 -25.3829 
  5.0000  4 -74.0000 -74.0000 -74.0000 -74.0000 -74.0000 -54.6978 -41.9766 -37.3379 -32.9804 -30.2932 -28.4414 -27.4064 -26.6947 -26.3070 -26.0703 -25.8407 -25.7210 -25.6368 -25.6149 -25.5833 -25.5813 -25.5811 -25.5769 -25.5730 -25.5690 
  5.0000  5 -30.1789 -28.8240 -27.1447 -26.3014 -25.4739 -25.0613 -24.8850 -24.7893 -24.7394 -24.7239 -24.7301 -24.7540 -24.7877 -24.8350 -24.8652 -24.9167 -24.9684 -25.0275 -25.0874 -25.1488 -25.2125 -25.2719 -25.3404 -25.4031 -25.4687 
  5.0000  6 -74.0000 -74.0000 -74.0000 -74.0000 -74.0000 -74.0000 -45.2476 -41.8875 -35.2308 -31.7425 -29.2343 -27.9018 -27.0005 -26.4849 -26.2157 -25.9689 -25.8486 -25.7837 -25.7465 -25.7289 -25.7300 -25.7424 -25.7707 -25.8000 -25.8307 
  5.4771  1 -36.8370 -33.1709 -29.8975 -28.4798 -26.9142 -25.9871 -25.5048 -25.1731 -24.9306 -24.7707 -24.6689 -24.6162 -24.5925 -24.5943 -24.6062 -24.6392 -24.6704 -24.7008 -24.7298 -24.7591 -24.7885 -24.8158 -24.8473 -24.8762 -24.9063 
  5.4771  2 -25.1730 -25.1731 -25.1719 -25.1685 -25.1392 -25.0618 -24.9767 -24.8917 -24.8105 -24.7462 -24.6948 -24.6654 -24.6494 -24.6464 -24.6516 -24.6692 -24.6852 -24.7014 -24.7168 -24.7325 -24.7482 -24.7627 -24.7795 -24.7949 -24.8110 
  5.4771  3 -32.7742 -29.9250 -27.7474 -26.8281 -25.8942 -25.3939 -25.1480 -24.9856 -24.8664 -24.7936 -24.7491 -24.7325 -24.7376 -24.7579 -24.7825 -24.8313 -24.8831 -24.9423 -25.0014 -25.0642 -25.1278 -25.1869 -25.2551 -25.3176 -25.3829 
  5.4771  4 -74.0000 -74.0000 -74.0000 -74.0000 -74.0000 -49.8309 -43.8646 -37.0418 -33.0320 -30.2866 -28.4395 -27.4067 -26.6957 -26.2983 -26.0658 -25.8404 -25.7210 -25.6370 -25.6126 -25.5827 -25.5796 -25.5816 -25.5811 -25.5806 -25.5801 
  5.4771  5 -30.1789 -28.8240 -27.1447 -26.3014 -25.4739 -25.0614 -24.8850 -24.7894 -24.7384 -24.7238 -24.7302 -24.7543 -24.7879 -24.8329 -24.8641 -24.9166 -24.9686 -25.0278 -25.0873 -25.1490 -25.2128 -25.2723 -25.3410 -25.4038 -25.4696 
  5.4771  6 -74.0000 -74.0000 -74.0000 -74.0000 -74.0000 -74.0000 -45.2398 -41.8899 -35.2307 -31.7427 -29.2342 -27.9018 -27.0005 -26.4849 -26.2157 -25.9689 -25.8486 -25.7837 -25.7465 -25.7289 -25.7300 -25.7424 -25.7707 -25.8000 -25.8307 
  6.0000  1 -36.8370 -33.1709 -29.8975 -28.4798 -26.9142 -25.9871 -25.5047 -25.1729 -24.9306 -24.7707 -24.6688 -24.6162 -24.5925 -24.5943 -24.6061 -24.6392 -24.6704 -24.7008 -24.7298 -24.7592 -24.7886 -24.8158 -24.8474 -24.8762 -24.9064 
  6.0000  2 -25.6968 -25.6967 -25.6922 -25.6776 -25.5855 -25.4050 -25.2442 -25.1024 -24.9787 -24.8860 -24.8160 -24.7769 -24.7559 -24.7519 -24.7589 -24.7819 -24.8034 -24.8252 -24.8459 -24.8670 -24.8880 -24.9076 -24.9302 -24.9508 -24.9725 
  6.0000  3 -32.7742 -29.9250 -27.7474 -26.8281 -25.8942 -25.3939 -25.1480 -24.9856 -24.8664 -24.7936 -24.7491 -24.7325 -24.7376 -24.7579 -24.7825 -24.8313 -24.8831 -24.9423 -25.0014 -25.0642 -25.1278 -25.1869 -25.2551 -25.3176 -25.3829 
  6.0000  4 -74.0000 -74.0000 -74.0000 -74.0000 -74.0000 -49.7775 -43.8853 -37.0386 -33.0325 -30.2865 -28.4395 -27.4064 -26.6966 -26.2920 -26.0625 -25.8401 -25.7209 -25.6375 -25.6088 -25.5812 -25.5796 -25.5817 -25.5817 -25.5817 -25.5817 
  6.0000  5 -30.1789 -28.8240 -27.1447 -26.3014 -25.4739 -25.0614 -24.8850 -24.7894 -24.7384 -24.7239 -24.7306 -24.7553 -24.7882 -24.8300 -24.8625 -24.9165 -24.9688 -25.0281 -25.0872 -25.1489 -25.2127 -25.2724 -25.3412 -25.4042 -25.4702 
  6.0000  6 -74.0000 -74.0000 -74.0000 -74.0000 -74.0000 -74.0000 -45.2274 -41.8939 -35.2305 -31.7429 -29.2342 -27.9018 -27.0005 -26.4849 -26.2157 -25.9689 -25.8486 -25.7837 -25.7465 -25.7289 -25.7300 -25.7424 -25.7707 -25.8000 -25.8307 
  6.4771  1 -36.8370 -33.1709 -29.8975 -28.4798 -26.9142 -25.9872 -25.5044 -25.1723 -24.9307 -24.7707 -24.6688 -24.6162 -24.5925 -24.5943 -24.6061 -24.6392 -24.6704 -24.7008 -24.7298 -24.7592 -24.7886 -24.8158 -24.8474 -24.8762 -24.9064 
  6.4771  2 -26.1743 -26.1740 -26.1627 -26.1182 -25.9002 -25.5857 -25.3604 -25.1832 -25.0373 -24.9315 -24.8546 -24.8122 -24.7892 -24.7863 -24.7947 -24.8174 -24.8442 -24.8721 -24.8986 -24.9255 -24.9525 -24.9775 -25.0064 -25.0328 -25.0605 
  6.4771  3 -32.7742 -29.9250 -27.7474 -26.8281 -25.8942 -25.3939 -25.1480 -24.9856 -24.8664 -24.7936 -24.7491 -24.7325 -24.7376 -24.7579 -24.7825 -24.8313 -24.8831 -24.9423 -25.0014 -25.0642 -25.1278 -25.1869 -25.2551 -25.3176 -25.3829 
  6.4771  4 -74.0000 -74.0000 -74.0000 -74.0000 -74.0000 -50.9795 -43.4190 -37.1117 -33.0198 -30.2882 -28.4401 -27.4060 -26.6971 -26.2881 -26.0604 -25.8401 -25.7208 -25.6379 -25.6050 -25.5797 -25.5794 -25.5818 -25.5826 -25.5832 -25.5840 
  6.4771  5 -30.1789 -28.8240 -27.1447 -26.3014 -25.4739 -25.0613 -24.8850 -24.7894 -24.7386 -24.7239 -24.7314 -24.7559 -24.7884 -24.8284 -24.8617 -24.9164 -24.9686 -25.0283 -25.0871 -25.1488 -25.2128 -25.2722 -25.3407 -25.4035 -25.4691 
  6.4771  6 -74.0000 -74.0000 -74.0000 -74.0000 -74.0000 -74.0000 -45.3004 -41.8708 -35.2316 -31.7415 -29.2345 -27.9018 -27.0005 -26.4849 -26.2157 -25.9689 -25.8486 -25.7837 -25.7465 -25.7289 -25.7300 -25.7424 -25.7707 -25.8000 -25.8307 
  7.0000  1 -36.8370 -33.1709 -29.8975 -28.4798 -26.9142 -25.9872 -25.5045 -25.1722 -24.9304 -24.7707 -24.6688 -24.6162 -24.5925 -24.5943 -24.6061 -24.6392 -24.6704 -24.7008 -24.7298 -24.7592 -24.7886 -24.8158 -24.8474 -24.8762 -24.9064 
  7.0000  2 -26.6966 -26.6972 -26.6602 -26.5325 -26.1012 -25.6707 -25.4103 -25.2154 -25.0609 -24.9508 -24.8704 -24.8265 -24.8028 -24.7998 -24.8084 -24.8320 -24.8561 -24.8803 -24.9033 -24.9267 -24.9501 -24.9717 -24.9968 -25.0197 -25.0437 
  7.0000  3 -32.7742 -29.9250 -27.7474 -26.8281 -25.8942 -25.3939 -25.1480 -24.9856 -24.8664 -24.7936 -24.7491 -24.7325 -24.7376 -24.7579 -24.7825 -24.8313 -24.8831 -24.9423 -25.0014 -25.0642 -25.1278 -25.1869 -25.2551 -25.3176 -25.3829 
  7.0000  4 -74.0000 -74.0000 -74.0000 -74.0000 -74.0000 -50.9867 -43.4162 -37.1122 -33.0197 -30.2882 -28.4401 -27.4059 -26.6975 -26.2848 -26.0587 -25.8400 -25.7207 -25.6383 -25.6011 -25.5784 -25.5783 -25.5822 -25.5859 -25.5893 -25.5928 
  7.0000  5 -30.1789 -28.8240 -27.1447 -26.3014 -25.4739 -25.0613 -24.8850 -24.7894 -24.7387 -24.7237 -24.7325 -24.7556 -24.7885 -24.8284 -24.8617 -24.9163 -24.9684 -25.0286 -25.0872 -25.1491 -25.2132 -25.2720 -25.3398 -25.4019 -25.4668 
  7.0000  6 -74.0000 -74.0000 -74.0000 -74.0000 -74.0000 -74.0000 -45.3339 -41.8603 -35.2322 -31.7409 -29.2346 -27.9018 -27.0005 -26.4849 -26.2157 -25.9689 -25.8486 -25.7837 -25.7465 -25.7289 -25.7300 -25.7424 -25.7707 -25.8000 -25.8307 
  7.4771  1 -36.8370 -33.1709 -29.8975 -28.4798 -26.9142 -25.9864 -25.5027 -25.1723 -24.9303 -24.7711 -24.6668 -24.6165 -24.5926 -24.5935 -24.6048 -24.6392 -24.6704 -24.7011 -24.7303 -24.7599 -24.7895 -24.8170 -24.8487 -24.8778 -24.9083 
  7.4771  2 -27.1738 -27.1733 -27.0678 -26.8007 -26.1813 -25.7000 -25.4246 -25.2248 -25.0675 -24.9552 -24.8737 -24.8294 -24.8056 -24.8025 -24.8112 -24.8349 -24.8628 -24.8919 -24.9196 -24.9476 -24.9757 -25.0018 -25.0319 -25.0594 -25.0883 
  7.4771  3 -32.7742 -29.9250 -27.7474 -26.8281 -25.8942 -25.3939 -25.1480 -24.9856 -24.8664 -24.7936 -24.7491 -24.7325 -24.7376 -24.7579 -24.7825 -24.8313 -24.8831 -24.9423 -25.0014 -25.0642 -25.1278 -25.1869 -25.2551 -25.3176 -25.3829 
  7.4771  4 -74.0000 -74.0000 -74.0000 -74.0000 -74.0000 -50.7011 -43.5270 -37.0948 -33.0228 -30.2878 -28.4400 -27.4058 -26.6978 -26.2828 -26.0577 -25.8398 -25.7206 -25.6387 -25.5982 -25.5774 -25.5775 -25.5825 -25.5882 -25.5934 -25.5987 
  7.4771  5 -30.1789 -28.8240 -27.1447 -26.3014 -25.4739 -25.0613 -24.8850 -24.7894 -24.7387 -24.7236 -24.7332 -24.7553 -24.7884 -24.8287 -24.8619 -24.9165 -24.9692 -25.0288 -25.0874 -25.1493 -25.2134 -25.2722 -25.3400 -25.4020 -25.4669 
  7.4771  6 -74.0000 -74.0000 -74.0000 -74.0000 -74.0000 -74.0000 -45.0440 -41.9517 -35.2276 -31.7463 -29.2335 -27.9018 -27.0005 -26.4849 -26.2157 -25.9689 -25.8486 -25.7837 -25.7465 -25.7289 -25.7300 -25.7424 -25.7707 -25.8000 -25.8307 
  8.0000  1 -36.8370 -33.1709 -29.8975 -28.4798 -26.9142 -25.9865 -25.5025 -25.1716 -24.9301 -24.7712 -24.6667 -24.6166 -24.5923 -24.5923 -24.6051 -24.6392 -24.6704 -24.7010 -24.7301 -24.7597 -24.7892 -24.8166 -24.8483 -24.8774 -24.9077 
  8.0000  2 -27.6965 -27.6891 -27.4146 -26.9546 -26.2133 -25.7081 -25.4294 -25.2277 -25.0694 -24.9582 -24.8769 -24.8323 -24.8084 -24.8040 -24.8118 -24.8379 -24.8624 -24.8874 -24.9111 -24.9351 -24.9592 -24.9815 -25.0073 -25.0310 -25.0557 
  8.0000  3 -32.7742 -29.9250 -27.7474 -26.8281 -25.8942 -25.3939 -25.1480 -24.9856 -24.8664 -24.7936 -24.7491 -24.7325 -24.7376 -24.7579 -24.7825 -24.8313 -24.8831 -24.9423 -25.0014 -25.0642 -25.1278 -25.1869 -25.2551 -25.3176 -25.3829 
  8.0000  4 -74.0000 -74.0000 -74.0000 -74.0000 -74.0000 -50.7498 -43.5081 -37.0977 -33.0222 -30.2878 -28.4400 -27.4057 -26.6980 -26.2815 -26.0571 -25.8395 -25.7206 -25.6389 -25.5961 -25.5766 -25.5775 -25.5826 -25.5883 -25.5936 -25.5992 
  8.0000  5 -30.1789 -28.8240 -27.1447 -26.3014 -25.4739 -25.0613 -24.8850 -24.7894 -24.7387 -24.7236 -24.7332 -24.7553 -24.7883 -24.8286 -24.8620 -24.9169 -24.9712 -25.0289 -25.0876 -25.1492 -25.2134 -25.2729 -25.3415 -25.4044 -25.4701 
  8.0000  6 -74.0000 -74.0000 -74.0000 -74.0000 -74.0000 -74.0000 -44.9226 -41.9899 -35.2257 -31.7486 -29.2330 -27.9017 -27.0006 -26.4848 -26.2157 -25.9689 -25.8486 -25.7837 -25.7465 -25.7289 -25.7300 -25.7424 -25.7707 -25.8000 -25.8307 
  8.4771  1 -36.8370 -33.1709 -29.8975 -28.4798 -26.9143 -25.9859 -25.5025 -25.1709 -24.9301 -24.7693 -24.6668 -24.6147 -24.5924 -24.5922 -24.6054 -24.6374 -24.6708 -24.7053 -24.7383 -24.7717 -24.8051 -24.8361 -24.8719 -24.9047 -24.9390 
  8.4771  2 -28.1781 -28.1307 -27.6114 -27.0062 -26.2223 -25.7103 -25.4304 -25.2277 -25.0694 -24.9582 -24.8769 -24.8323 -24.8084 -24.8040 -24.8118 -24.8379 -24.8624 -24.8874 -24.9111 -24.9351 -24.9592 -24.9815 -25.0073 -25.0310 -25.0557 
  8.4771  3 -32.7742 -29.9250 -27.7474 -26.8281 -25.8942 -25.3939 -25.1480 -24.9856 -24.8664 -24.7936 -24.7491 -24.7325 -24.7376 -24.7579 -24.7825 -24.8313 -24.8831 -24.9423 -25.0014 -25.0642 -25.1278 -25.1869 -25.2551 -25.3176 -25.3829 
  8.4771  4 -74.0000 -74.0000 -74.0000 -74.0000 -74.0000 -50.6930 -43.5301 -37.0943 -33.0228 -30.2878 -28.4400 -27.4057 -26.6981 -26.2807 -26.0565 -25.8402 -25.7204 -25.6390 -25.5953 -25.5763 -25.5773 -25.5827 -25.5890 -25.5949 -25.6010 
  8.4771  5 -30.1789 -28.8240 -27.1447 -26.3014 -25.4739 -25.0613 -24.8850 -24.7894 -24.7387 -24.7236 -24.7330 -24.7553 -24.7886 -24.8287 -24.8619 -24.9172 -24.9726 -25.0291 -25.0875 -25.1493 -25.2135 -25.2731 -25.3419 -25.4049 -25.4708 
  8.4771  6 -74.0000 -74.0000 -74.0000 -74.0000 -74.0000 -74.0000 -46.0744 -41.6270 -35.2438 -31.7270 -29.2375 -27.9018 -27.0004 -26.4849 -26.2157 -25.9689 -25.8486 -25.7837 -25.7465 -25.7289 -25.7300 -25.7424 -25.7707 -25.8000 -25.8307 
  9.0000  1 -36.8370 -33.1709 -29.8974 -28.4800 -26.9121 -25.9846 -25.5001 -25.1673 -24.9261 -24.7672 -24.6628 -24.6129 -24.5891 -24.5908 -24.6033 -24.6373 -24.6707 -24.7042 -24.7361 -24.7684 -24.8008 -24.8308 -24.8655 -24.8972 -24.9305 
  9.0000  2 -28.7093 -28.5592 -27.7079 -27.0256 -26.2240 -25.7094 -25.4273 -25.2254 -25.0678 -24.9548 -24.8773 -24.8321 -24.8085 -24.8040 -24.8118 -24.8379 -24.8624 -24.8873 -24.9111 -24.9351 -24.9592 -24.9815 -25.0073 -25.0310 -25.0557 
  9.0000  3 -32.7742 -29.9250 -27.7474 -26.8281 -25.8942 -25.3939 -25.1480 -24.9856 -24.8664 -24.7936 -24.7491 -24.7325 -24.7376 -24.7579 -24.7825 -24.8313 -24.8831 -24.9423 -25.0014 -25.0642 -25.1278 -25.1869 -25.2551 -25.3176 -25.3829 
  9.0000  4 -74.0000 -74.0000 -74.0000 -74.0000 -74.0000 -50.3192 -43.6751 -37.0716 -33.0268 -30.2873 -28.4399 -27.4057 -26.6981 -26.2801 -26.0557 -25.8421 -25.7200 -25.6391 -25.5952 -25.5764 -25.5763 -25.5830 -25.5915 -25.5994 -25.6076 
  9.0000  5 -30.1789 -28.8240 -27.1447 -26.3014 -25.4739 -25.0613 -24.8850 -24.7894 -24.7387 -24.7236 -24.7331 -24.7550 -24.7895 -24.8293 -24.8617 -24.9171 -24.9727 -25.0293 -25.0873 -25.1496 -25.2138 -25.2727 -25.3407 -25.4030 -25.4680 
  9.0000  6 -74.0000 -74.0000 -74.0000 -74.0000 -74.0000 -64.8674 -48.2022 -40.9566 -35.2774 -31.6871 -29.2457 -27.9020 -27.0002 -26.4849 -26.2156 -25.9689 -25.8486 -25.7837 -25.7465 -25.7289 -25.7300 -25.7424 -25.7707 -25.8000 -25.8307 
  9.4771  1 -37.0306 -33.1047 -29.9076 -28.4774 -26.9126 -25.9816 -25.4959 -25.1633 -24.9210 -24.7618 -24.6588 -24.6094 -24.5857 -24.5881 -24.6018 -24.6354 -24.6687 -24.7019 -24.7336 -24.7657 -24.7979 -24.8278 -24.8622 -24.8938 -24.9268 
  9.4771  2 -29.1895 -28.8918 -27.7304 -27.0343 -26.2224 -25.7058 -25.4229 -25.2218 -25.0650 -24.9547 -24.8739 -24.8321 -24.8058 -24.8043 -24.8117 -24.8379 -24.8624 -24.8874 -24.9111 -24.9352 -24.9593 -24.9817 -25.0075 -25.0312 -25.0559 
  9.4771  3 -32.7742 -29.9250 -27.7474 -26.8281 -25.8942 -25.3939 -25.1480 -24.9856 -24.8664 -24.7936 -24.7491 -24.7325 -24.7376 -24.7579 -24.7825 -24.8313 -24.8831 -24.9423 -25.0014 -25.0642 -25.1278 -25.1869 -25.2551 -25.3176 -25.3829 
  9.4771  4 -74.0000 -74.0000 -74.0000 -74.0000 -74.0000 -50.1120 -43.7555 -37.0590 -33.0290 -30.2870 -28.4398 -27.4058 -26.6982 -26.2799 -26.0554 -25.8430 -25.7198 -25.6391 -25.5953 -25.5766 -25.5757 -25.5831 -25.5929 -25.6018 -25.6111 
  9.4771  5 -30.1789 -28.8240 -27.1447 -26.3014 -25.4739 -25.0613 -24.8850 -24.7894 -24.7387 -24.7236 -24.7332 -24.7549 -24.7900 -24.8296 -24.8616 -24.9171 -24.9725 -25.0294 -25.0877 -25.1497 -25.2141 -25.2732 -25.3412 -25.4036 -25.4688 
  9.4771  6 -74.0000 -74.0000 -74.0000 -74.0000 -74.0000 -58.8518 -49.1793 -40.6487 -35.2928 -31.6688 -29.2495 -27.9021 -27.0001 -26.4849 -26.2156 -25.9689 -25.8486 -25.7837 -25.7465 -25.7289 -25.7300 -25.7424 -25.7707 -25.8000 -25.8307 
 10.0000  1 -37.0281 -33.1056 -29.9075 -28.4776 -26.9104 -25.9797 -25.4940 -25.1603 -24.9171 -24.7594 -24.6567 -24.6059 -24.5840 -24.5843 -24.5992 -24.6317 -24.6647 -24.6990 -24.7316 -24.7646 -24.7977 -24.8284 -24.8638 -24.8963 -24.9303 
 10.0000  2 -29.6858 -29.1661 -27.7296 -27.0401 -26.2194 -25.7029 -25.4199 -25.2189 -25.0635 -24.9542 -24.8739 -24.8322 -24.8058 -24.8043 -24.8117 -24.8379 -24.8624 -24.8874 -24.9111 -24.9352 -24.9593 -24.9817 -25.0075 -25.0312 -25.0559 
 10.0000  3 -32.7742 -29.9250 -27.7474 -26.8281 -25.8942 -25.3939 -25.1480 -24.9856 -24.8664 -24.7936 -24.7491 -24.7325 -24.7376 -24.7578 -24.7825 -24.8313 -24.8831 -24.9423 -25.0014 -25.0642 -25.1278 -25.1869 -25.2551 -25.3176 -25.3829 
 10.0000  4 -74.0000 -74.0000 -74.0000 -74.0000 -74.0000 -50.1403 -43.7445 -37.0607 -33.0287 -30.2870 -28.4398 -27.4058 -26.6982 -26.2799 -26.0555 -25.8429 -25.7198 -25.6391 -25.5953 -25.5766 -25.5758 -25.5831 -25.5927 -25.6014 -25.6106 
 10.0000  5 -30.1789 -28.8240 -27.1447 -26.3014 -25.4739 -25.0613 -24.8850 -24.7894 -24.7387 -24.7236 -24.7332 -24.7548 -24.7898 -24.8296 -24.8617 -24.9171 -24.9725 -25.0296 -25.0881 -25.1501 -25.2140 -25.2741 -25.3436 -25.4072 -25.4738 
 10.0000  6 -74.0000 -74.0000 -74.0000 -74.0000 -74.0000 -60.0628 -48.9826 -40.7107 -35.2897 -31.6725 -29.2488 -27.9021 -27.0001 -26.4849 -26.2156 -25.9689 -25.8486 -25.7837 -25.7465 -25.7289 -25.7300 -25.7424 -25.7707 -25.8000 -25.8307 
 10.4771  1 -37.0281 -33.1055 -29.9077 -28.4780 -26.9104 -25.9796 -25.4942 -25.1609 -24.9170 -24.7594 -24.6567 -24.6056 -24.5825 -24.5839 -24.5970 -24.6317 -24.6647 -24.6978 -24.7295 -24.7615 -24.7936 -24.8234 -24.8578 -24.8893 -24.9223 
 10.4771  2 -30.0928 -29.3011 -27.7277 -27.0426 -26.2190 -25.7004 -25.4206 -25.2196 -25.0641 -24.9544 -24.8738 -24.8327 -24.8083 -24.8053 -24.8141 -24.8379 -24.8660 -24.8953 -24.9232 -24.9514 -24.9797 -25.0059 -25.0363 -25.0641 -25.0931 
 10.4771  3 -32.7742 -29.9250 -27.7474 -26.8281 -25.8946 -25.3938 -25.1480 -24.9856 -24.8664 -24.7936 -24.7491 -24.7325 -24.7376 -24.7581 -24.7825 -24.8313 -24.8831 -24.9423 -25.0014 -25.0642 -25.1278 -25.1869 -25.2551 -25.3176 -25.3830 
 10.4771  4 -74.0000 -74.0000 -74.0000 -74.0000 -74.0000 -50.1330 -43.7474 -37.0602 -33.0288 -30.2870 -28.4398 -27.4058 -26.6982 -26.2799 -26.0555 -25.8429 -25.7198 -25.6391 -25.5953 -25.5766 -25.5757 -25.5831 -25.5927 -25.6015 -25.6107 
 10.4771  5 -30.1788 -28.8239 -27.1447 -26.3014 -25.4739 -25.0614 -24.8850 -24.7894 -24.7387 -24.7236 -24.7331 -24.7552 -24.7903 -24.8295 -24.8615 -24.9172 -24.9726 -25.0299 -25.0881 -25.1505 -25.2142 -25.2738 -25.3428 -25.4059 -25.4720 
 10.4771  6 -74.0000 -74.0000 -74.0000 -74.0000 -74.0000 -61.0378 -48.8242 -40.7606 -35.2872 -31.6755 -29.2481 -27.9021 -27.0001 -26.4849 -26.2156 -25.9689 -25.8486 -25.7837 -25.7465 -25.7289 -25.7300 -25.7424 -25.7707 -25.8000 -25.8307 
 11.0000  1 -37.0279 -33.1056 -29.9078 -28.4778 -26.9126 -25.9809 -25.4963 -25.1656 -24.9251 -24.7642 -24.6607 -24.6092 -24.5858 -24.5873 -24.6001 -24.6317 -24.6647 -24.6989 -24.7313 -24.7643 -24.7973 -24.8279 -24.8632 -24.8956 -24.9295 
 11.0000  2 -30.4844 -29.3342 -27.7317 -27.0432 -26.2214 -25.7039 -25.4251 -25.2241 -25.0686 -24.9584 -24.8772 -24.8353 -24.8082 -24.8051 -24.8150 -24.8409 -24.8656 -24.8906 -24.9144 -24.9385 -24.9627 -24.9851 -25.0110 -25.0348 -25.0596 
 11.0000  3 -32.7743 -29.9249 -27.7474 -26.8281 -25.8947 -25.3938 -25.1479 -24.9856 -24.8664 -24.7936 -24.7491 -24.7325 -24.7380 -24.7558 -24.7823 -24.8313 -24.8831 -24.9423 -25.0014 -25.0642 -25.1278 -25.1868 -25.2551 -25.3176 -25.3829 
 11.0000  4 -74.0000 -74.0000 -74.0000 -74.0000 -74.0000 -50.1380 -43.7454 -37.0605 -33.0287 -30.2870 -28.4398 -27.4058 -26.6982 -26.2799 -26.0555 -25.8429 -25.7198 -25.6391 -25.5953 -25.5766 -25.5757 -25.5831 -25.5927 -25.6015 -25.6107 
 11.0000  5 -30.1792 -28.8242 -27.1448 -26.3014 -25.4738 -25.0612 -24.8850 -24.7894 -24.7387 -24.7236 -24.7329 -24.7562 -24.7917 -24.8292 -24.8626 -24.9166 -24.9727 -25.0301 -25.0887 -25.1506 -25.2148 -25.2741 -25.3425 -25.4052 -25.4707 
 11.0000  6 -74.0000 -74.0000 -74.0000 -74.0000 -74.0000 -60.8201 -48.8596 -40.7495 -35.2878 -31.6748 -29.2483 -27.9021 -27.0001 -26.4849 -26.2156 -25.9689 -25.8486 -25.7837 -25.7465 -25.7289 -25.7300 -25.7424 -25.7707 -25.8000 -25.8307 
 11.4771  1 -37.0278 -33.1056 -29.9078 -28.4776 -26.9146 -25.9866 -25.5049 -25.1737 -24.9331 -24.7735 -24.6709 -24.6182 -24.5939 -24.5920 -24.6054 -24.6374 -24.6685 -24.7000 -24.7301 -24.7605 -24.7910 -24.8193 -24.8519 -24.8819 -24.9132 
 11.4771  2 -30.7973 -29.3066 -27.7387 -27.0427 -26.2255 -25.7135 -25.4336 -25.2334 -25.0773 -24.9661 -24.8837 -24.8413 -24.8138 -24.8109 -24.8197 -24.8439 -24.8688 -24.8937 -24.9174 -24.9414 -24.9655 -24.9878 -25.0136 -25.0372 -25.0619 
 11.4771  3 -32.7748 -29.9252 -27.7474 -26.8282 -25.8947 -25.3938 -25.1483 -24.9858 -24.8664 -24.7936 -24.7491 -24.7325 -24.7382 -24.7553 -24.7822 -24.8313 -24.8831 -24.9422 -25.0014 -25.0642 -25.1278 -25.1869 -25.2552 -25.3177 -25.3830 
 11.4771  4 -74.0000 -74.0000 -74.0000 -74.0000 -74.0000 -50.1377 -43.7456 -37.0605 -33.0288 -30.2870 -28.4398 -27.4058 -26.6981 -26.2799 -26.0555 -25.8429 -25.7198 -25.6391 -25.5953 -25.5766 -25.5757 -25.5831 -25.5927 -25.6015 -25.6107 
 11.4771  5 -30.1780 -28.8234 -27.1446 -26.3013 -25.4738 -25.0609 -24.8852 -24.7895 -24.7388 -24.7237 -24.7331 -24.7562 -24.7916 -24.8289 -24.8646 -24.9175 -24.9728 -25.0307 -25.0889 -25.1510 -25.2149 -25.2748 -25.3442 -25.4077 -25.4742 
 11.4771  6 -74.0000 -74.0000 -74.0000 -74.0000 -74.0000 -60.8806 -48.8498 -40.7526 -35.2876 -31.6750 -29.2482 -27.9021 -27.0001 -26.4849 -26.2156 -25.9689 -25.8486 -25.7837 -25.7465 -25.7289 -25.7300 -25.7424 -25.7707 -25.8000 -25.8307 
 12.0000  1 -37.0278 -33.1056 -29.9079 -28.4789 -26.9190 -25.9948 -25.5162 -25.1880 -24.9483 -24.7906 -24.6832 -24.6310 -24.6044 -24.6039 -24.6144 -24.6450 -24.6743 -24.7031 -24.7305 -24.7582 -24.7860 -24.8118 -24.8417 -24.8690 -24.8975 
 12.0000  2 -31.0796 -29.2641 -27.7467 -27.0416 -26.2335 -25.7268 -25.4495 -25.2508 -25.0937 -24.9812 -24.9008 -24.8530 -24.8254 -24.8211 -24.8280 -24.8532 -24.8748 -24.8955 -24.9152 -24.9351 -24.9550 -24.9736 -24.9950 -25.0146 -25.0351 
 12.0000  3 -32.7756 -29.9263 -27.7471 -26.8279 -25.8950 -25.3936 -25.1483 -24.9859 -24.8664 -24.7936 -24.7491 -24.7325 -24.7381 -24.7554 -24.7825 -24.8312 -24.8832 -24.9424 -25.0013 -25.0642 -25.1278 -25.1867 -25.2549 -25.3173 -25.3826 
 12.0000  4 -74.0000 -74.0000 -74.0000 -74.0000 -74.0000 -50.1383 -43.7451 -37.0606 -33.0285 -30.2870 -28.4398 -27.4058 -26.6982 -26.2799 -26.0555 -25.8429 -25.7198 -25.6391 -25.5953 -25.5766 -25.5757 -25.5831 -25.5927 -25.6016 -25.6108 
 12.0000  5 -30.1837 -28.8271 -27.1458 -26.3017 -25.4735 -25.0611 -24.8849 -24.7887 -24.7382 -24.7230 -24.7324 -24.7551 -24.7913 -24.8295 -24.8628 -24.9194 -24.9723 -25.0312 -25.0894 -25.1513 -25.2156 -25.2746 -25.3426 -25.4049 -25.4700 
 12.0000  6 -74.0000 -74.0000 -74.0000 -74.0000 -74.0000 -60.8648 -48.8523 -40.7518 -35.2876 -31.6749 -29.2483 -27.9021 -27.0001 -26.4849 -26.2156 -25.9689 -25.8486 -25.7837 -25.7465 -25.7289 -25.7300 -25.7424 -25.7707 -25.8000 -25.8307 
 12.4771  1 -37.0307 -33.1055 -29.9099 -28.4805 -26.9254 -26.0091 -25.5344 -25.2095 -24.9708 -24.8114 -24.7050 -24.6500 -24.6218 -24.6170 -24.6266 -24.6547 -24.6848 -24.7152 -24.7442 -24.7736 -24.8030 -24.8303 -24.8619 -24.8908 -24.9210 
 12.4771  2 -31.2438 -29.2362 -27.7523 -27.0453 -26.2467 -25.7478 -25.4733 -25.2747 -25.1170 -25.0025 -24.9186 -24.8729 -24.8460 -24.8385 -24.8453 -24.8658 -24.8882 -24.9110 -24.9328 -24.9548 -24.9769 -24.9974 -25.0210 -25.0427 -25.0654 
 12.4771  3 -32.7786 -29.9286 -27.7502 -26.8304 -25.8965 -25.3947 -25.1494 -24.9858 -24.8661 -24.7937 -24.7491 -24.7324 -24.7382 -24.7553 -24.7802 -24.8314 -24.8822 -24.9409 -25.0012 -25.0638 -25.1281 -25.1876 -25.2565 -25.3195 -25.3855 
 12.4771  4 -74.0000 -74.0000 -74.0000 -74.0000 -74.0000 -50.1378 -43.7449 -37.0607 -33.0280 -30.2869 -28.4398 -27.4057 -26.6981 -26.2799 -26.0555 -25.8429 -25.7198 -25.6391 -25.5953 -25.5766 -25.5758 -25.5831 -25.5927 -25.6014 -25.6105 
 12.4771  5 -30.2016 -28.8393 -27.1510 -26.3031 -25.4717 -25.0600 -24.8830 -24.7853 -24.7354 -24.7205 -24.7299 -24.7532 -24.7892 -24.8288 -24.8618 -24.9170 -24.9731 -25.0307 -25.0891 -25.1515 -25.2154 -25.2745 -25.3428 -25.4054 -25.4709 
 12.4771  6 -74.0000 -74.0000 -74.0000 -74.0000 -74.0000 -60.8691 -48.8516 -40.7520 -35.2876 -31.6750 -29.2483 -27.9021 -27.0001 -26.4849 -26.2156 -25.9689 -25.8486 -25.7837 -25.7465 -25.7289 -25.7300 -25.7424 -25.7707 -25.8000 -25.8307 
 13.0000  1 -37.0305 -33.1054 -29.9106 -28.4851 -26.9393 -26.0346 -25.5674 -25.2467 -25.0099 -24.8490 -24.7422 -24.6817 -24.6500 -24.6436 -24.6495 -24.6749 -24.7014 -24.7278 -24.7529 -24.7783 -24.8038 -24.8274 -24.8547 -24.8797 -24.9058 
 13.0000  2 -31.3037 -29.2344 -27.7559 -27.0533 -26.2716 -25.7842 -25.5142 -25.3148 -25.1544 -25.0387 -24.9526 -24.9069 -24.8775 -24.8698 -24.8756 -24.8955 -24.9154 -24.9342 -24.9521 -24.9703 -24.9885 -25.0054 -25.0249 -25.0427 -25.0614 
 13.0000  3 -32.7890 -29.9368 -27.7566 -26.8357 -25.9013 -25.3987 -25.1519 -24.9888 -24.8689 -24.7932 -24.7492 -24.7327 -24.7365 -24.7555 -24.7798 -24.8289 -24.8803 -24.9387 -24.9995 -25.0626 -25.1259 -25.1847 -25.2525 -25.3147 -25.3797 
 13.0000  4 -74.0000 -74.0000 -74.0000 -74.0000 -74.0000 -50.1369 -43.7445 -37.0600 -33.0279 -30.2867 -28.4397 -27.4061 -26.6983 -26.2799 -26.0554 -25.8432 -25.7198 -25.6391 -25.5953 -25.5766 -25.5756 -25.5832 -25.5931 -25.6021 -25.6116 
 13.0000  5 -30.2376 -28.8655 -27.1645 -26.3065 -25.4673 -25.0527 -24.8749 -24.7775 -24.7284 -24.7125 -24.7233 -24.7478 -24.7830 -24.8230 -24.8580 -24.9154 -24.9699 -25.0274 -25.0863 -25.1490 -25.2135 -25.2730 -25.3416 -25.4044 -25.4701 
 13.0000  6 -74.0000 -74.0000 -74.0000 -74.0000 -74.0000 -60.8680 -48.8518 -40.7519 -35.2876 -31.6749 -29.2483 -27.9021 -27.0001 -26.4849 -26.2157 -25.9689 -25.8487 -25.7837 -25.7465 -25.7289 -25.7300 -25.7424 -25.7707 -25.8000 -25.8307 
 13.4771  1 -37.0309 -33.1076 -29.9139 -28.4927 -26.9587 -26.0674 -25.6078 -25.2909 -25.0558 -24.8966 -24.7856 -24.7266 -24.6902 -24.6784 -24.6826 -24.7027 -24.7257 -24.7491 -24.7715 -24.7940 -24.8167 -24.8377 -24.8620 -24.8842 -24.9074 
 13.4771  2 -31.2818 -29.2480 -27.7587 -27.0670 -26.3044 -25.8307 -25.5624 -25.3632 -25.2014 -25.0842 -24.9992 -24.9517 -24.9224 -24.9139 -24.9194 -24.9349 -24.9568 -24.9793 -25.0007 -25.0225 -25.0442 -25.0644 -25.0878 -25.1091 -25.1315 
 13.4771  3 -32.8174 -29.9601 -27.7757 -26.8509 -25.9147 -25.4094 -25.1606 -24.9934 -24.8715 -24.7950 -24.7491 -24.7322 -24.7340 -24.7539 -24.7784 -24.8265 -24.8777 -24.9353 -24.9970 -25.0594 -25.1205 -25.1772 -25.2427 -25.3027 -25.3654 
 13.4771  4 -74.0000 -74.0000 -74.0000 -74.0000 -74.0000 -50.1349 -43.7426 -37.0583 -33.0267 -30.2853 -28.4402 -27.4047 -26.6977 -26.2798 -26.0555 -25.8421 -25.7200 -25.6391 -25.5953 -25.5765 -25.5762 -25.5830 -25.5917 -25.5997 -25.6080 
 13.4771  5 -30.3477 -28.9412 -27.1973 -26.3151 -25.4562 -25.0337 -24.8541 -24.7574 -24.7083 -24.6910 -24.7035 -24.7276 -24.7660 -24.8083 -24.8423 -24.9008 -24.9562 -25.0164 -25.0765 -25.1403 -25.2054 -25.2664 -25.3371 -25.4017 -25.4694 
 13.4771  6 -74.0000 -74.0000 -74.0000 -74.0000 -74.0000 -60.8683 -48.8518 -40.7519 -35.2876 -31.6749 -29.2483 -27.9021 -27.0001 -26.4847 -26.2156 -25.9691 -25.8484 -25.7837 -25.7465 -25.7289 -25.7300 -25.7424 -25.7707 -25.8000 -25.8307 
 14.0000  1 -37.0348 -33.1138 -29.9234 -28.5071 -26.9878 -26.1116 -25.6609 -25.3518 -25.1217 -24.9656 -24.8590 -24.7978 -24.7594 -24.7447 -24.7464 -24.7614 -24.7789 -24.7966 -24.8135 -24.8305 -24.8477 -24.8635 -24.8818 -24.8986 -24.9162 
 14.0000  2 -31.2299 -29.2767 -27.7661 -27.0896 -26.3529 -25.8937 -25.6310 -25.4321 -25.2698 -25.1527 -25.0694 -25.0225 -24.9945 -24.9909 -24.9935 -25.0092 -25.0262 -25.0435 -25.0601 -25.0768 -25.0936 -25.1092 -25.1272 -25.1436 -25.1609 
 14.0000  3 -32.9037 -30.0342 -27.8363 -26.9031 -25.9587 -25.4447 -25.1884 -25.0105 -24.8844 -24.8007 -24.7503 -24.7306 -24.7306 -24.7472 -24.7695 -24.8171 -24.8680 -24.9270 -24.9870 -25.0496 -25.1116 -25.1690 -25.2355 -25.2963 -25.3600 
 14.0000  4 -74.0000 -74.0000 -74.0000 -74.0000 -74.0000 -50.1298 -43.7383 -37.0542 -33.0230 -30.2819 -28.4379 -27.4015 -26.6963 -26.2791 -26.0556 -25.8394 -25.7206 -25.6390 -25.5955 -25.5761 -25.5777 -25.5825 -25.5880 -25.5931 -25.5983 
 14.0000  5 -30.6308 -29.1314 -27.2724 -26.3339 -25.4297 -24.9908 -24.8061 -24.7066 -24.6550 -24.6380 -24.6502 -24.6778 -24.7170 -24.7608 -24.7994 -24.8583 -24.9186 -24.9801 -25.0428 -25.1099 -25.1782 -25.2414 -25.3143 -25.3812 -25.4511 
 14.0000  6 -74.0000 -74.0000 -74.0000 -74.0000 -74.0000 -60.8682 -48.8518 -40.7519 -35.2876 -31.6750 -29.2483 -27.9021 -27.0006 -26.4857 -26.2161 -25.9689 -25.8504 -25.7836 -25.7465 -25.7289 -25.7300 -25.7425 -25.7707 -25.7999 -25.8305 
 14.4771  1 -37.0501 -33.1297 -29.9437 -28.5346 -27.0349 -26.1771 -25.7425 -25.4485 -25.2326 -25.0878 -24.9841 -24.9268 -24.8866 -24.8690 -24.8665 -24.8758 -24.8833 -24.8897 -24.8957 -24.9019 -24.9080 -24.9137 -24.9203 -24.9264 -24.9327 
 14.4771  2 -31.1942 -29.3089 -27.7864 -27.1255 -26.4155 -25.9733 -25.7128 -25.5095 -25.3451 -25.2265 -25.1430 -25.0989 -25.0749 -25.0696 -25.0752 -25.0921 -25.1108 -25.1303 -25.1488 -25.1676 -25.1864 -25.2038 -25.2240 -25.2425 -25.2618 
 14.4771  3 -33.0845 -30.1940 -27.9737 -27.0277 -26.0631 -25.5307 -25.2561 -25.0617 -24.9171 -24.8221 -24.7640 -24.7407 -24.7330 -24.7466 -24.7653 -24.8065 -24.8540 -24.9091 -24.9666 -25.0294 -25.0917 -25.1494 -25.2162 -25.2773 -25.3413 
 14.4771  4 -74.0000 -74.0000 -74.0000 -74.0000 -74.0000 -50.1226 -43.7323 -37.0479 -33.0168 -30.2766 -28.4322 -27.3999 -26.6951 -26.2779 -26.0557 -25.8397 -25.7204 -25.6390 -25.5953 -25.5767 -25.5773 -25.5826 -25.5891 -25.5950 -25.6011 
 14.4771  5 -31.0402 -29.3999 -27.3678 -26.3554 -25.3990 -24.9398 -24.7456 -24.6399 -24.5819 -24.5599 -24.5691 -24.5968 -24.6388 -24.6836 -24.7224 -24.7859 -24.8466 -24.9107 -24.9745 -25.0451 -25.1171 -25.1840 -25.2614 -25.3322 -25.4063 
 14.4771  6 -74.0000 -74.0000 -74.0000 -74.0000 -74.0000 -60.8682 -48.8518 -40.7519 -35.2876 -31.6749 -29.2483 -27.9021 -27.0009 -26.4863 -26.2163 -25.9684 -25.8519 -25.7831 -25.7463 -25.7288 -25.7300 -25.7422 -25.7707 -25.8003 -25.8312 
 15.0000  1 -37.0957 -33.1812 -30.0039 -28.6102 -27.1428 -26.3249 -25.9251 -25.6605 -25.4706 -25.3437 -25.2540 -25.1999 -25.1601 -25.1377 -25.1284 -25.1244 -25.1237 -25.1233 -25.1228 -25.1223 -25.1219 -25.1214 -25.1210 -25.1205 -25.1200 
 15.0000  2 -31.2101 -29.3741 -27.8476 -27.2082 -26.5297 -26.1013 -25.8384 -25.6296 -25.4572 -25.3364 -25.2506 -25.2063 -25.1824 -25.1770 -25.1820 -25.1988 -25.2163 -25.2341 -25.2511 -25.2683 -25.2855 -25.3014 -25.3199 -25.3368 -25.3545 
 15.0000  3 -33.4236 -30.5111 -28.2622 -27.2993 -26.3051 -25.7367 -25.4254 -25.1981 -25.0315 -24.9271 -24.8625 -24.8375 -24.8232 -24.8282 -24.8387 -24.8627 -24.8967 -24.9342 -24.9746 -25.0257 -25.0785 -25.1275 -25.1842 -25.2361 -25.2904 
 15.0000  4 -74.0000 -74.0000 -74.0000 -74.0000 -74.0000 -50.1168 -43.7265 -37.0415 -33.0105 -30.2697 -28.4288 -27.3951 -26.6923 -26.2774 -26.0547 -25.8404 -25.7208 -25.6392 -25.5953 -25.5783 -25.5777 -25.5832 -25.5904 -25.5970 -25.6040 
 15.0000  5 -31.4831 -29.6812 -27.4523 -26.3716 -25.3757 -24.8982 -24.6932 -24.5773 -24.5092 -24.4799 -24.4838 -24.5116 -24.5555 -24.6014 -24.6390 -24.6997 -24.7558 -24.8168 -24.8774 -24.9437 -25.0142 -25.0805 -25.1573 -25.2276 -25.3011 
 15.0000  6 -74.0000 -74.0000 -74.0000 -74.0000 -74.0000 -60.8682 -48.8518 -40.7520 -35.2876 -31.6753 -29.2483 -27.9022 -27.0017 -26.4867 -26.2174 -25.9709 -25.8510 -25.7851 -25.7475 -25.7295 -25.7301 -25.7438 -25.7707 -25.7983 -25.8271 
 15.4771  1 -37.1438 -33.2362 -30.0679 -28.6898 -27.2543 -26.4773 -26.1131 -25.8781 -25.7141 -25.6041 -25.5302 -25.4782 -25.4395 -25.4125 -25.3964 -25.3786 -25.3716 -25.3667 -25.3620 -25.3572 -25.3525 -25.3480 -25.3429 -25.3383 -25.3334 
 15.4771  2 -31.2376 -29.4411 -27.9124 -27.2937 -26.6444 -26.2269 -25.9610 -25.7475 -25.5664 -25.4435 -25.3553 -25.3099 -25.2848 -25.2803 -25.2832 -25.2996 -25.3147 -25.3293 -25.3432 -25.3573 -25.3714 -25.3845 -25.3996 -25.4134 -25.4279 
 15.4771  3 -33.8315 -30.9067 -28.6397 -27.6651 -26.6496 -26.0413 -25.6911 -25.4414 -25.2671 -25.1656 -25.1076 -25.0882 -25.0733 -25.0707 -25.0729 -25.0827 -25.0976 -25.1109 -25.1286 -25.1545 -25.1804 -25.2044 -25.2321 -25.2575 -25.2841 
 15.4771  4 -74.0000 -74.0000 -74.0000 -74.0000 -74.0000 -50.1150 -43.7237 -37.0383 -33.0068 -30.2673 -28.4282 -27.3976 -26.6959 -26.2814 -26.0579 -25.8451 -25.7239 -25.6426 -25.5984 -25.5805 -25.5793 -25.5850 -25.5926 -25.5996 -25.6069 
 15.4771  5 -31.7269 -29.8333 -27.4932 -26.3795 -25.3674 -24.8810 -24.6703 -24.5492 -24.4747 -24.4413 -24.4488 -24.4825 -24.5333 -24.5833 -24.6240 -24.6815 -24.7317 -24.7841 -24.8357 -24.8897 -24.9488 -25.0066 -25.0737 -25.1352 -25.1996 
 15.4771  6 -74.0000 -74.0000 -74.0000 -74.0000 -74.0000 -60.8682 -48.8518 -40.7519 -35.2876 -31.6753 -29.2499 -27.9019 -27.0045 -26.4895 -26.2209 -25.9742 -25.8546 -25.7872 -25.7513 -25.7331 -25.7324 -25.7463 -25.7718 -25.7969 -25.8231 
