      24 25  4
dens coff -0.6988  -0.5227  -0.3008  -0.1547   0.0794   0.3012   0.4773   0.6534   0.8453   1.0416   1.2555   1.4474   1.6534   1.8453   2.0002   2.2306   2.4316   2.6337   2.8263   3.0214   3.2169   3.3981   3.6077   3.7995   4.0002 
  4.0000  1 -30.6628 -28.6999 -27.1638 -26.5273 -25.8828 -25.4877 -25.2356 -25.0271 -24.8527 -24.7276 -24.6449 -24.6018 -24.5838 -24.5885 -24.6019 -24.6362 -24.6682 -24.6991 -24.7284 -24.7581 -24.7878 -24.8152 -24.8469 -24.8759 -24.9061 
  4.0000  2 -32.7742 -29.9250 -27.7474 -26.8281 -25.8942 -25.3939 -25.1480 -24.9856 -24.8664 -24.7936 -24.7491 -24.7325 -24.7376 -24.7579 -24.7825 -24.8313 -24.8831 -24.9423 -25.0014 -25.0642 -25.1278 -25.1869 -25.2551 -25.3176 -25.3829 
  4.0000  3 -74.0000 -74.0000 -74.0000 -74.0000 -67.9684 -50.8720 -39.5209 -36.4285 -32.2773 -29.6464 -27.8743 -26.9408 -26.3638 -26.0851 -25.9196 -25.7595 -25.6762 -25.6139 -25.6032 -25.5770 -25.5802 -25.5787 -25.5707 -25.5630 -25.5546 
  4.0000  4 -74.0000 -74.0000 -74.0000 -74.0000 -74.0000 -74.0000 -45.2476 -41.8875 -35.2308 -31.7425 -29.2343 -27.9018 -27.0005 -26.4849 -26.2157 -25.9689 -25.8486 -25.7837 -25.7465 -25.7289 -25.7300 -25.7424 -25.7707 -25.8000 -25.8307 
  4.4771  1 -30.6694 -28.7061 -27.1705 -26.5341 -25.8905 -25.4963 -25.2440 -25.0344 -24.8586 -24.7320 -24.6479 -24.6038 -24.5851 -24.5893 -24.6025 -24.6366 -24.6684 -24.6993 -24.7286 -24.7582 -24.7878 -24.8153 -24.8469 -24.8759 -24.9062 
  4.4771  2 -32.7742 -29.9250 -27.7474 -26.8281 -25.8942 -25.3939 -25.1480 -24.9856 -24.8664 -24.7936 -24.7491 -24.7325 -24.7376 -24.7579 -24.7825 -24.8313 -24.8831 -24.9423 -25.0014 -25.0642 -25.1278 -25.1869 -25.2551 -25.3176 -25.3829 
  4.4771  3 -74.0000 -74.0000 -74.0000 -74.0000 -67.9681 -50.8703 -39.6738 -36.4271 -32.2782 -29.6464 -27.8742 -26.9409 -26.3640 -26.0849 -25.9195 -25.7595 -25.6762 -25.6139 -25.6032 -25.5770 -25.5800 -25.5787 -25.5711 -25.5636 -25.5555 
  4.4771  4 -74.0000 -74.0000 -74.0000 -74.0000 -74.0000 -74.0000 -45.2476 -41.8875 -35.2308 -31.7425 -29.2343 -27.9018 -27.0005 -26.4849 -26.2157 -25.9689 -25.8486 -25.7837 -25.7465 -25.7289 -25.7300 -25.7424 -25.7707 -25.8000 -25.8307 
  5.0000  1 -30.7004 -28.7359 -27.1981 -26.5621 -25.9195 -25.5199 -25.2638 -25.0522 -24.8741 -24.7444 -24.6565 -24.6096 -24.5888 -24.5917 -24.6042 -24.6377 -24.6692 -24.6998 -24.7290 -24.7585 -24.7881 -24.8154 -24.8470 -24.8760 -24.9062 
  5.0000  2 -32.7742 -29.9250 -27.7474 -26.8281 -25.8942 -25.3939 -25.1480 -24.9856 -24.8664 -24.7936 -24.7491 -24.7325 -24.7376 -24.7579 -24.7825 -24.8313 -24.8831 -24.9423 -25.0014 -25.0642 -25.1278 -25.1869 -25.2551 -25.3176 -25.3829 
  5.0000  3 -74.0000 -74.0000 -74.0000 -74.0000 -67.9632 -50.8453 -41.7294 -36.3969 -32.2910 -29.6456 -27.8734 -26.9420 -26.3658 -26.0806 -25.9169 -25.7597 -25.6764 -25.6141 -25.6022 -25.5770 -25.5780 -25.5794 -25.5761 -25.5727 -25.5689 
  5.0000  4 -74.0000 -74.0000 -74.0000 -74.0000 -74.0000 -74.0000 -45.2476 -41.8875 -35.2308 -31.7425 -29.2343 -27.9018 -27.0005 -26.4849 -26.2157 -25.9689 -25.8486 -25.7837 -25.7465 -25.7289 -25.7300 -25.7424 -25.7707 -25.8000 -25.8307 
  5.4771  1 -30.7758 -28.8099 -27.2653 -26.6290 -25.9858 -25.5705 -25.3033 -25.0860 -24.9026 -24.7667 -24.6716 -24.6196 -24.5950 -24.5958 -24.6071 -24.6396 -24.6706 -24.7008 -24.7297 -24.7590 -24.7884 -24.8157 -24.8472 -24.8760 -24.9062 
  5.4771  2 -32.7742 -29.9250 -27.7474 -26.8281 -25.8942 -25.3939 -25.1480 -24.9856 -24.8664 -24.7936 -24.7491 -24.7325 -24.7376 -24.7579 -24.7825 -24.8313 -24.8831 -24.9423 -25.0014 -25.0642 -25.1278 -25.1869 -25.2551 -25.3176 -25.3829 
  5.4771  3 -74.0000 -74.0000 -74.0000 -74.0000 -67.9594 -49.7891 -42.0919 -36.3500 -32.3003 -29.6450 -27.8733 -26.9435 -26.3675 -26.0753 -25.9139 -25.7597 -25.6766 -25.6145 -25.6001 -25.5765 -25.5764 -25.5799 -25.5803 -25.5803 -25.5800 
  5.4771  4 -74.0000 -74.0000 -74.0000 -74.0000 -74.0000 -74.0000 -45.2398 -41.8899 -35.2307 -31.7427 -29.2342 -27.9018 -27.0005 -26.4849 -26.2157 -25.9689 -25.8486 -25.7837 -25.7465 -25.7289 -25.7300 -25.7424 -25.7707 -25.8000 -25.8307 
  6.0000  1 -30.9619 -28.9935 -27.4391 -26.7949 -26.1216 -25.6619 -25.3722 -25.1420 -24.9472 -24.7992 -24.6925 -24.6329 -24.6032 -24.6011 -24.6111 -24.6424 -24.6726 -24.7024 -24.7309 -24.7600 -24.7891 -24.8163 -24.8476 -24.8764 -24.9066 
  6.0000  2 -32.7742 -29.9250 -27.7474 -26.8281 -25.8942 -25.3939 -25.1480 -24.9856 -24.8664 -24.7936 -24.7491 -24.7325 -24.7376 -24.7579 -24.7825 -24.8313 -24.8831 -24.9423 -25.0014 -25.0642 -25.1278 -25.1869 -25.2551 -25.3176 -25.3829 
  6.0000  3 -74.0000 -74.0000 -74.0000 -74.0000 -67.9600 -49.7406 -42.0911 -36.3495 -32.3004 -29.6450 -27.8750 -26.9450 -26.3681 -26.0710 -25.9118 -25.7598 -25.6767 -25.6150 -25.5966 -25.5750 -25.5764 -25.5800 -25.5809 -25.5813 -25.5815 
  6.0000  4 -74.0000 -74.0000 -74.0000 -74.0000 -74.0000 -74.0000 -45.2274 -41.8939 -35.2305 -31.7429 -29.2342 -27.9018 -27.0005 -26.4849 -26.2157 -25.9689 -25.8486 -25.7837 -25.7465 -25.7289 -25.7300 -25.7424 -25.7707 -25.8000 -25.8307 
  6.4771  1 -31.2625 -29.2914 -27.7248 -27.0498 -26.2760 -25.7358 -25.4193 -25.1780 -24.9750 -24.8188 -24.7047 -24.6406 -24.6077 -24.6042 -24.6134 -24.6440 -24.6740 -24.7035 -24.7319 -24.7608 -24.7898 -24.8168 -24.8481 -24.8768 -24.9068 
  6.4771  2 -32.7742 -29.9250 -27.7474 -26.8281 -25.8942 -25.3939 -25.1480 -24.9856 -24.8664 -24.7936 -24.7491 -24.7325 -24.7376 -24.7579 -24.7825 -24.8313 -24.8831 -24.9423 -25.0014 -25.0642 -25.1278 -25.1869 -25.2551 -25.3176 -25.3829 
  6.4771  3 -74.0000 -74.0000 -74.0000 -74.0000 -67.9615 -50.6011 -42.0752 -36.3638 -32.2982 -29.6450 -27.8771 -26.9460 -26.3688 -26.0687 -25.9107 -25.7599 -25.6767 -25.6154 -25.5929 -25.5736 -25.5763 -25.5801 -25.5818 -25.5829 -25.5838 
  6.4771  4 -74.0000 -74.0000 -74.0000 -74.0000 -74.0000 -74.0000 -45.3004 -41.8708 -35.2316 -31.7415 -29.2345 -27.9018 -27.0005 -26.4849 -26.2157 -25.9689 -25.8486 -25.7837 -25.7465 -25.7289 -25.7300 -25.7424 -25.7707 -25.8000 -25.8307 
  7.0000  1 -31.7015 -29.7296 -28.1288 -27.3634 -26.3964 -25.7776 -25.4448 -25.1965 -24.9891 -24.8291 -24.7108 -24.6443 -24.6100 -24.6057 -24.6146 -24.6448 -24.6746 -24.7040 -24.7322 -24.7610 -24.7899 -24.8169 -24.8481 -24.8768 -24.9069 
  7.0000  2 -32.7742 -29.9250 -27.7474 -26.8281 -25.8942 -25.3939 -25.1480 -24.9856 -24.8664 -24.7936 -24.7491 -24.7325 -24.7376 -24.7579 -24.7825 -24.8313 -24.8831 -24.9423 -25.0014 -25.0642 -25.1278 -25.1869 -25.2551 -25.3176 -25.3829 
  7.0000  3 -74.0000 -74.0000 -74.0000 -74.0000 -67.9615 -50.6043 -42.0750 -36.3639 -32.2983 -29.6446 -27.8789 -26.9466 -26.3703 -26.0675 -25.9099 -25.7601 -25.6767 -25.6160 -25.5891 -25.5723 -25.5751 -25.5806 -25.5852 -25.5890 -25.5927 
  7.0000  4 -74.0000 -74.0000 -74.0000 -74.0000 -74.0000 -74.0000 -45.3339 -41.8603 -35.2322 -31.7409 -29.2346 -27.9018 -27.0005 -26.4849 -26.2157 -25.9689 -25.8486 -25.7837 -25.7465 -25.7289 -25.7300 -25.7424 -25.7707 -25.8000 -25.8307 
  7.4771  1 -32.1523 -30.1777 -28.4977 -27.5837 -26.4475 -25.7937 -25.4520 -25.2026 -24.9937 -24.8322 -24.7107 -24.6456 -24.6106 -24.6053 -24.6136 -24.6451 -24.6749 -24.7045 -24.7330 -24.7619 -24.7911 -24.8183 -24.8497 -24.8786 -24.9089 
  7.4771  2 -32.7742 -29.9250 -27.7474 -26.8281 -25.8942 -25.3939 -25.1480 -24.9856 -24.8664 -24.7936 -24.7491 -24.7325 -24.7376 -24.7579 -24.7825 -24.8313 -24.8831 -24.9423 -25.0014 -25.0642 -25.1278 -25.1869 -25.2551 -25.3176 -25.3829 
  7.4771  3 -74.0000 -74.0000 -74.0000 -74.0000 -67.9612 -50.4619 -42.0801 -36.3606 -32.2988 -29.6448 -27.8800 -26.9472 -26.3716 -26.0671 -25.9097 -25.7602 -25.6769 -25.6163 -25.5864 -25.5713 -25.5743 -25.5809 -25.5874 -25.5930 -25.5986 
  7.4771  4 -74.0000 -74.0000 -74.0000 -74.0000 -74.0000 -74.0000 -45.0440 -41.9517 -35.2276 -31.7463 -29.2335 -27.9018 -27.0005 -26.4849 -26.2157 -25.9689 -25.8486 -25.7837 -25.7465 -25.7289 -25.7300 -25.7424 -25.7707 -25.8000 -25.8307 
  8.0000  1 -32.6646 -30.6829 -28.8147 -27.7093 -26.4685 -25.7975 -25.4548 -25.2043 -24.9951 -24.8336 -24.7117 -24.6461 -24.6107 -24.6042 -24.6139 -24.6451 -24.6749 -24.7044 -24.7327 -24.7616 -24.7907 -24.8178 -24.8492 -24.8780 -24.9082 
  8.0000  2 -32.7742 -29.9250 -27.7474 -26.8281 -25.8942 -25.3939 -25.1480 -24.9856 -24.8664 -24.7936 -24.7491 -24.7325 -24.7376 -24.7579 -24.7825 -24.8313 -24.8831 -24.9423 -25.0014 -25.0642 -25.1278 -25.1869 -25.2551 -25.3176 -25.3829 
  8.0000  3 -74.0000 -74.0000 -74.0000 -74.0000 -67.9612 -50.4893 -42.0794 -36.3612 -32.2986 -29.6459 -27.8806 -26.9481 -26.3724 -26.0669 -25.9098 -25.7603 -25.6773 -25.6166 -25.5845 -25.5705 -25.5744 -25.5809 -25.5876 -25.5933 -25.5990 
  8.0000  4 -74.0000 -74.0000 -74.0000 -74.0000 -74.0000 -74.0000 -44.9226 -41.9899 -35.2257 -31.7486 -29.2330 -27.9017 -27.0006 -26.4848 -26.2157 -25.9689 -25.8486 -25.7837 -25.7465 -25.7289 -25.7300 -25.7424 -25.7707 -25.8000 -25.8307 
  8.4771  1 -33.1423 -31.1188 -28.9897 -27.7507 -26.4744 -25.7986 -25.4553 -25.2041 -24.9952 -24.8323 -24.7115 -24.6442 -24.6105 -24.6040 -24.6140 -24.6432 -24.6752 -24.7086 -24.7408 -24.7735 -24.8065 -24.8371 -24.8727 -24.9053 -24.9394 
  8.4771  2 -32.7742 -29.9250 -27.7474 -26.8281 -25.8942 -25.3939 -25.1480 -24.9856 -24.8664 -24.7936 -24.7491 -24.7325 -24.7376 -24.7579 -24.7825 -24.8313 -24.8831 -24.9423 -25.0014 -25.0642 -25.1278 -25.1869 -25.2551 -25.3176 -25.3829 
  8.4771  3 -74.0000 -74.0000 -74.0000 -74.0000 -67.9612 -50.4574 -42.0800 -36.3606 -32.2987 -29.6466 -27.8815 -26.9494 -26.3736 -26.0670 -25.9097 -25.7612 -25.6774 -25.6168 -25.5837 -25.5703 -25.5742 -25.5810 -25.5883 -25.5945 -25.6009 
  8.4771  4 -74.0000 -74.0000 -74.0000 -74.0000 -74.0000 -74.0000 -46.0744 -41.6270 -35.2438 -31.7270 -29.2375 -27.9018 -27.0004 -26.4849 -26.2157 -25.9689 -25.8486 -25.7837 -25.7465 -25.7289 -25.7300 -25.7424 -25.7707 -25.8000 -25.8307 
  9.0000  1 -33.6736 -31.5400 -29.0717 -27.7663 -26.4747 -25.7977 -25.4524 -25.2012 -24.9918 -24.8294 -24.7075 -24.6418 -24.6068 -24.6020 -24.6115 -24.6427 -24.6748 -24.7072 -24.7384 -24.7701 -24.8021 -24.8318 -24.8662 -24.8978 -24.9309 
  9.0000  2 -32.7742 -29.9250 -27.7474 -26.8281 -25.8942 -25.3939 -25.1480 -24.9856 -24.8664 -24.7936 -24.7491 -24.7325 -24.7376 -24.7579 -24.7825 -24.8313 -24.8831 -24.9423 -25.0014 -25.0642 -25.1278 -25.1869 -25.2551 -25.3176 -25.3829 
  9.0000  3 -74.0000 -74.0000 -74.0000 -74.0000 -67.9612 -50.2037 -42.0845 -36.3563 -32.2994 -29.6465 -27.8830 -26.9510 -26.3757 -26.0673 -25.9095 -25.7629 -25.6772 -25.6170 -25.5836 -25.5705 -25.5732 -25.5813 -25.5908 -25.5990 -25.6074 
  9.0000  4 -74.0000 -74.0000 -74.0000 -74.0000 -74.0000 -64.8674 -48.2022 -40.9566 -35.2774 -31.6871 -29.2457 -27.9020 -27.0002 -26.4849 -26.2156 -25.9689 -25.8486 -25.7837 -25.7465 -25.7289 -25.7300 -25.7424 -25.7707 -25.8000 -25.8307 
  9.4771  1 -34.1529 -31.8560 -29.0923 -27.7729 -26.4734 -25.7942 -25.4481 -25.1972 -24.9874 -24.8247 -24.7026 -24.6375 -24.6022 -24.5984 -24.6091 -24.6401 -24.6721 -24.7045 -24.7355 -24.7672 -24.7990 -24.8285 -24.8628 -24.8942 -24.9271 
  9.4771  2 -32.7742 -29.9250 -27.7474 -26.8281 -25.8942 -25.3939 -25.1480 -24.9856 -24.8664 -24.7936 -24.7491 -24.7325 -24.7376 -24.7579 -24.7825 -24.8313 -24.8831 -24.9423 -25.0014 -25.0642 -25.1278 -25.1869 -25.2551 -25.3176 -25.3829 
  9.4771  3 -74.0000 -74.0000 -74.0000 -74.0000 -67.9612 -50.0368 -42.0863 -36.3538 -32.2999 -29.6460 -27.8837 -26.9515 -26.3764 -26.0677 -25.9095 -25.7639 -25.6771 -25.6171 -25.5838 -25.5706 -25.5726 -25.5815 -25.5921 -25.6014 -25.6109 
  9.4771  4 -74.0000 -74.0000 -74.0000 -74.0000 -74.0000 -58.8518 -49.1793 -40.6487 -35.2928 -31.6688 -29.2495 -27.9021 -27.0001 -26.4849 -26.2156 -25.9689 -25.8486 -25.7837 -25.7465 -25.7289 -25.7300 -25.7424 -25.7707 -25.8000 -25.8307 
 10.0000  1 -34.6480 -32.1095 -29.0916 -27.7778 -26.4706 -25.7917 -25.4456 -25.1942 -24.9841 -24.8220 -24.6997 -24.6331 -24.5993 -24.5935 -24.6054 -24.6355 -24.6673 -24.7007 -24.7328 -24.7655 -24.7983 -24.8288 -24.8641 -24.8965 -24.9304 
 10.0000  2 -32.7742 -29.9250 -27.7474 -26.8281 -25.8942 -25.3939 -25.1480 -24.9856 -24.8664 -24.7936 -24.7491 -24.7325 -24.7376 -24.7578 -24.7825 -24.8313 -24.8831 -24.9423 -25.0014 -25.0642 -25.1278 -25.1869 -25.2551 -25.3176 -25.3829 
 10.0000  3 -74.0000 -74.0000 -74.0000 -74.0000 -67.9612 -50.0605 -42.0863 -36.3544 -32.2997 -29.6469 -27.8835 -26.9521 -26.3766 -26.0684 -25.9102 -25.7641 -25.6773 -25.6171 -25.5839 -25.5706 -25.5727 -25.5815 -25.5919 -25.6011 -25.6104 
 10.0000  4 -74.0000 -74.0000 -74.0000 -74.0000 -74.0000 -60.0628 -48.9826 -40.7107 -35.2897 -31.6725 -29.2488 -27.9021 -27.0001 -26.4849 -26.2156 -25.9689 -25.8486 -25.7837 -25.7465 -25.7289 -25.7300 -25.7424 -25.7707 -25.8000 -25.8307 
 10.4771  1 -35.0522 -32.2287 -29.0900 -27.7800 -26.4703 -25.7898 -25.4462 -25.1949 -24.9839 -24.8217 -24.6992 -24.6322 -24.5973 -24.5924 -24.6026 -24.6347 -24.6666 -24.6991 -24.7303 -24.7620 -24.7940 -24.8236 -24.8579 -24.8894 -24.9223 
 10.4771  2 -32.7742 -29.9250 -27.7474 -26.8281 -25.8946 -25.3938 -25.1480 -24.9856 -24.8664 -24.7936 -24.7491 -24.7325 -24.7376 -24.7581 -24.7825 -24.8313 -24.8831 -24.9423 -25.0014 -25.0642 -25.1278 -25.1869 -25.2551 -25.3176 -25.3830 
 10.4771  3 -74.0000 -74.0000 -74.0000 -74.0000 -67.9612 -50.0544 -42.0871 -36.3548 -32.2995 -29.6483 -27.8840 -26.9547 -26.3789 -26.0697 -25.9107 -25.7644 -25.6775 -25.6173 -25.5839 -25.5707 -25.5727 -25.5815 -25.5920 -25.6012 -25.6106 
 10.4771  4 -74.0000 -74.0000 -74.0000 -74.0000 -74.0000 -61.0378 -48.8242 -40.7606 -35.2872 -31.6755 -29.2481 -27.9021 -27.0001 -26.4849 -26.2156 -25.9689 -25.8486 -25.7837 -25.7465 -25.7289 -25.7300 -25.7424 -25.7707 -25.8000 -25.8307 
 11.0000  1 -35.4371 -32.2573 -29.0935 -27.7804 -26.4726 -25.7929 -25.4500 -25.1993 -24.9902 -24.8258 -24.7025 -24.6352 -24.6001 -24.5954 -24.6052 -24.6345 -24.6663 -24.6998 -24.7319 -24.7646 -24.7975 -24.8280 -24.8633 -24.8957 -24.9295 
 11.0000  2 -32.7743 -29.9249 -27.7474 -26.8281 -25.8947 -25.3938 -25.1479 -24.9856 -24.8664 -24.7936 -24.7491 -24.7325 -24.7380 -24.7558 -24.7823 -24.8313 -24.8831 -24.9423 -25.0014 -25.0642 -25.1278 -25.1868 -25.2551 -25.3176 -25.3829 
 11.0000  3 -74.0000 -74.0000 -74.0000 -74.0000 -67.9613 -50.0586 -42.0872 -36.3547 -32.2996 -29.6485 -27.8860 -26.9575 -26.3821 -26.0712 -25.9123 -25.7649 -25.6778 -25.6174 -25.5840 -25.5707 -25.5727 -25.5815 -25.5920 -25.6011 -25.6105 
 11.0000  4 -74.0000 -74.0000 -74.0000 -74.0000 -74.0000 -60.8201 -48.8596 -40.7495 -35.2878 -31.6748 -29.2483 -27.9021 -27.0001 -26.4849 -26.2156 -25.9689 -25.8486 -25.7837 -25.7465 -25.7289 -25.7300 -25.7424 -25.7707 -25.8000 -25.8307 
 11.4771  1 -35.7384 -32.2335 -29.0994 -27.7799 -26.4765 -25.8015 -25.4587 -25.2079 -24.9978 -24.8336 -24.7114 -24.6435 -24.6077 -24.5999 -24.6104 -24.6399 -24.6699 -24.7008 -24.7305 -24.7608 -24.7911 -24.8194 -24.8520 -24.8819 -24.9132 
 11.4771  2 -32.7748 -29.9252 -27.7474 -26.8282 -25.8947 -25.3938 -25.1483 -24.9858 -24.8664 -24.7936 -24.7491 -24.7325 -24.7382 -24.7553 -24.7822 -24.8313 -24.8831 -24.9422 -25.0014 -25.0642 -25.1278 -25.1869 -25.2552 -25.3177 -25.3830 
 11.4771  3 -74.0000 -74.0000 -74.0000 -74.0000 -67.9611 -50.0584 -42.0876 -36.3548 -32.2991 -29.6506 -27.8883 -26.9602 -26.3844 -26.0729 -25.9144 -25.7658 -25.6782 -25.6177 -25.5841 -25.5708 -25.5728 -25.5815 -25.5920 -25.6011 -25.6105 
 11.4771  4 -74.0000 -74.0000 -74.0000 -74.0000 -74.0000 -60.8806 -48.8498 -40.7526 -35.2876 -31.6750 -29.2482 -27.9021 -27.0001 -26.4849 -26.2156 -25.9689 -25.8486 -25.7837 -25.7465 -25.7289 -25.7300 -25.7424 -25.7707 -25.8000 -25.8307 
 12.0000  1 -36.0007 -32.1964 -29.1062 -27.7792 -26.4838 -25.8140 -25.4733 -25.2234 -25.0121 -24.8483 -24.7228 -24.6551 -24.6176 -24.6114 -24.6192 -24.6474 -24.6757 -24.7038 -24.7309 -24.7585 -24.7862 -24.8119 -24.8417 -24.8690 -24.8975 
 12.0000  2 -32.7756 -29.9263 -27.7471 -26.8279 -25.8950 -25.3936 -25.1483 -24.9859 -24.8664 -24.7936 -24.7491 -24.7325 -24.7381 -24.7554 -24.7825 -24.8312 -24.8832 -24.9424 -25.0013 -25.0642 -25.1278 -25.1867 -25.2549 -25.3173 -25.3826 
 12.0000  3 -74.0000 -74.0000 -74.0000 -74.0000 -67.9620 -50.0594 -42.0901 -36.3560 -32.3004 -29.6521 -27.8922 -26.9638 -26.3883 -26.0761 -25.9158 -25.7673 -25.6787 -25.6179 -25.5843 -25.5709 -25.5728 -25.5815 -25.5920 -25.6012 -25.6106 
 12.0000  4 -74.0000 -74.0000 -74.0000 -74.0000 -74.0000 -60.8648 -48.8523 -40.7518 -35.2876 -31.6749 -29.2483 -27.9021 -27.0001 -26.4849 -26.2156 -25.9689 -25.8486 -25.7837 -25.7465 -25.7289 -25.7300 -25.7424 -25.7707 -25.8000 -25.8307 
 12.4771  1 -36.1469 -32.1719 -29.1113 -27.7826 -26.4958 -25.8340 -25.4956 -25.2455 -25.0327 -24.8665 -24.7419 -24.6727 -24.6345 -24.6242 -24.6311 -24.6571 -24.6861 -24.7159 -24.7446 -24.7738 -24.8032 -24.8304 -24.8619 -24.8908 -24.9210 
 12.4771  2 -32.7786 -29.9286 -27.7502 -26.8304 -25.8965 -25.3947 -25.1494 -24.9858 -24.8661 -24.7937 -24.7491 -24.7324 -24.7382 -24.7553 -24.7802 -24.8314 -24.8822 -24.9409 -25.0012 -25.0638 -25.1281 -25.1876 -25.2565 -25.3195 -25.3855 
 12.4771  3 -74.0000 -74.0000 -74.0000 -74.0000 -67.9652 -50.0597 -42.0954 -36.3598 -32.3048 -29.6562 -27.8977 -26.9712 -26.3934 -26.0804 -25.9187 -25.7685 -25.6796 -25.6183 -25.5845 -25.5710 -25.5729 -25.5816 -25.5919 -25.6010 -25.6104 
 12.4771  4 -74.0000 -74.0000 -74.0000 -74.0000 -74.0000 -60.8691 -48.8516 -40.7520 -35.2876 -31.6750 -29.2483 -27.9021 -27.0001 -26.4849 -26.2156 -25.9689 -25.8486 -25.7837 -25.7465 -25.7289 -25.7300 -25.7424 -25.7707 -25.8000 -25.8307 
 13.0000  1 -36.1985 -32.1703 -29.1145 -27.7900 -26.5188 -25.8686 -25.5342 -25.2830 -25.0681 -24.9001 -24.7757 -24.7025 -24.6615 -24.6502 -24.6537 -24.6771 -24.7026 -24.7284 -24.7533 -24.7785 -24.8039 -24.8275 -24.8547 -24.8797 -24.9059 
 13.0000  2 -32.7890 -29.9368 -27.7566 -26.8357 -25.9013 -25.3987 -25.1519 -24.9888 -24.8689 -24.7932 -24.7492 -24.7327 -24.7365 -24.7555 -24.7798 -24.8289 -24.8803 -24.9387 -24.9995 -25.0626 -25.1259 -25.1847 -25.2525 -25.3147 -25.3797 
 13.0000  3 -74.0000 -74.0000 -74.0000 -74.0000 -67.9727 -50.0612 -42.1097 -36.3720 -32.3155 -29.6675 -27.9106 -26.9839 -26.4038 -26.0869 -25.9237 -25.7718 -25.6810 -25.6190 -25.5848 -25.5711 -25.5728 -25.5816 -25.5923 -25.6018 -25.6114 
 13.0000  4 -74.0000 -74.0000 -74.0000 -74.0000 -74.0000 -60.8680 -48.8518 -40.7519 -35.2876 -31.6749 -29.2483 -27.9021 -27.0001 -26.4849 -26.2157 -25.9689 -25.8487 -25.7837 -25.7465 -25.7289 -25.7300 -25.7424 -25.7707 -25.8000 -25.8307 
 13.4771  1 -36.1798 -32.1826 -29.1174 -27.8026 -26.5494 -25.9126 -25.5802 -25.3280 -25.1109 -24.9431 -24.8160 -24.7450 -24.7005 -24.6844 -24.6864 -24.7047 -24.7268 -24.7498 -24.7718 -24.7943 -24.8168 -24.8378 -24.8620 -24.8842 -24.9075 
 13.4771  2 -32.8174 -29.9601 -27.7757 -26.8509 -25.9147 -25.4094 -25.1606 -24.9934 -24.8715 -24.7950 -24.7491 -24.7322 -24.7340 -24.7539 -24.7784 -24.8265 -24.8777 -24.9353 -24.9970 -25.0594 -25.1205 -25.1772 -25.2427 -25.3027 -25.3654 
 13.4771  3 -74.0000 -74.0000 -74.0000 -74.0000 -67.9906 -50.0642 -42.1429 -36.3990 -32.3427 -29.6907 -27.9341 -27.0031 -26.4189 -26.0977 -25.9305 -25.7743 -25.6829 -25.6199 -25.5853 -25.5713 -25.5735 -25.5815 -25.5910 -25.5993 -25.6078 
 13.4771  4 -74.0000 -74.0000 -74.0000 -74.0000 -74.0000 -60.8683 -48.8518 -40.7519 -35.2876 -31.6749 -29.2483 -27.9021 -27.0001 -26.4847 -26.2156 -25.9691 -25.8484 -25.7837 -25.7465 -25.7289 -25.7300 -25.7424 -25.7707 -25.8000 -25.8307 
 14.0000  1 -36.1354 -32.2085 -29.1251 -27.8235 -26.5948 -25.9719 -25.6433 -25.3907 -25.1732 -25.0072 -24.8854 -24.8138 -24.7683 -24.7499 -24.7497 -24.7632 -24.7799 -24.7972 -24.8138 -24.8307 -24.8478 -24.8636 -24.8819 -24.8986 -24.9162 
 14.0000  2 -32.9037 -30.0342 -27.8363 -26.9031 -25.9587 -25.4447 -25.1884 -25.0105 -24.8844 -24.8007 -24.7503 -24.7306 -24.7306 -24.7472 -24.7695 -24.8171 -24.8680 -24.9270 -24.9870 -25.0496 -25.1116 -25.1690 -25.2355 -25.2963 -25.3600 
 14.0000  3 -74.0000 -74.0000 -74.0000 -74.0000 -68.0251 -50.0683 -42.2099 -36.4529 -32.3960 -29.7431 -27.9809 -27.0438 -26.4469 -26.1163 -25.9438 -25.7785 -25.6868 -25.6213 -25.5861 -25.5712 -25.5751 -25.5811 -25.5874 -25.5927 -25.5982 
 14.0000  4 -74.0000 -74.0000 -74.0000 -74.0000 -74.0000 -60.8682 -48.8518 -40.7519 -35.2876 -31.6750 -29.2483 -27.9021 -27.0006 -26.4857 -26.2161 -25.9689 -25.8504 -25.7836 -25.7465 -25.7289 -25.7300 -25.7425 -25.7707 -25.7999 -25.8305 
 14.4771  1 -36.1058 -32.2387 -29.1452 -27.8580 -26.6550 -26.0492 -25.7256 -25.4772 -25.2706 -25.1179 -25.0035 -24.9386 -24.8934 -24.8730 -24.8691 -24.8772 -24.8841 -24.8901 -24.8960 -24.9020 -24.9081 -24.9138 -24.9203 -24.9264 -24.9327 
 14.4771  2 -33.0845 -30.1940 -27.9737 -27.0277 -26.0631 -25.5307 -25.2561 -25.0617 -24.9171 -24.8221 -24.7640 -24.7407 -24.7330 -24.7466 -24.7653 -24.8065 -24.8540 -24.9091 -24.9666 -25.0294 -25.0917 -25.1494 -25.2162 -25.2773 -25.3413 
 14.4771  3 -74.0000 -74.0000 -74.0000 -74.0000 -68.0598 -50.0693 -42.2765 -36.5066 -32.4519 -29.7968 -28.0336 -27.0904 -26.4835 -26.1402 -25.9608 -25.7878 -25.6913 -25.6235 -25.5869 -25.5722 -25.5749 -25.5813 -25.5884 -25.5946 -25.6010 
 14.4771  4 -74.0000 -74.0000 -74.0000 -74.0000 -74.0000 -60.8682 -48.8518 -40.7519 -35.2876 -31.6749 -29.2483 -27.9021 -27.0009 -26.4863 -26.2163 -25.9684 -25.8519 -25.7831 -25.7463 -25.7288 -25.7300 -25.7422 -25.7707 -25.8003 -25.8312 
 15.0000  1 -36.1250 -32.3021 -29.2063 -27.9390 -26.7680 -26.1844 -25.8750 -25.6455 -25.4658 -25.3419 -25.2535 -25.2004 -25.1610 -25.1386 -25.1291 -25.1249 -25.1241 -25.1235 -25.1229 -25.1224 -25.1219 -25.1215 -25.1210 -25.1205 -25.1200 
 15.0000  2 -33.4236 -30.5111 -28.2622 -27.2993 -26.3051 -25.7367 -25.4254 -25.1981 -25.0315 -24.9271 -24.8625 -24.8375 -24.8232 -24.8282 -24.8387 -24.8627 -24.8967 -24.9342 -24.9746 -25.0257 -25.0785 -25.1275 -25.1842 -25.2361 -25.2904 
 15.0000  3 -74.0000 -74.0000 -74.0000 -74.0000 -68.0838 -50.0686 -42.3221 -36.5413 -32.4923 -29.8431 -28.0875 -27.1429 -26.5267 -26.1718 -25.9827 -25.8009 -25.6984 -25.6271 -25.5886 -25.5745 -25.5756 -25.5820 -25.5898 -25.5967 -25.6038 
 15.0000  4 -74.0000 -74.0000 -74.0000 -74.0000 -74.0000 -60.8682 -48.8518 -40.7520 -35.2876 -31.6753 -29.2483 -27.9022 -27.0017 -26.4867 -26.2174 -25.9709 -25.8510 -25.7851 -25.7475 -25.7295 -25.7301 -25.7438 -25.7707 -25.7983 -25.8271 
 15.4771  1 -36.1546 -32.3674 -29.2712 -28.0230 -26.8820 -26.3191 -26.0234 -25.8120 -25.6565 -25.5609 -25.5018 -25.4623 -25.4318 -25.4089 -25.3945 -25.3780 -25.3713 -25.3666 -25.3619 -25.3572 -25.3525 -25.3481 -25.3429 -25.3383 -25.3334 
 15.4771  2 -33.8315 -30.9067 -28.6397 -27.6651 -26.6496 -26.0413 -25.6911 -25.4414 -25.2671 -25.1656 -25.1076 -25.0882 -25.0733 -25.0707 -25.0729 -25.0827 -25.0976 -25.1109 -25.1286 -25.1545 -25.1804 -25.2044 -25.2321 -25.2575 -25.2841 
 15.4771  3 -74.0000 -74.0000 -74.0000 -74.0000 -68.0932 -50.0684 -42.3395 -36.5560 -32.5136 -29.8777 -28.1392 -27.1989 -26.5741 -26.2073 -26.0088 -25.8185 -25.7089 -25.6343 -25.5937 -25.5779 -25.5778 -25.5841 -25.5921 -25.5993 -25.6067 
 15.4771  4 -74.0000 -74.0000 -74.0000 -74.0000 -74.0000 -60.8682 -48.8518 -40.7519 -35.2876 -31.6753 -29.2499 -27.9019 -27.0045 -26.4895 -26.2209 -25.9742 -25.8546 -25.7872 -25.7513 -25.7331 -25.7324 -25.7463 -25.7718 -25.7969 -25.8231 
