      24 30  7
dens coff  -0.6988  -0.5227  -0.3008  -0.1547   0.0002   0.1763   0.3012   0.4773   0.6992   0.8453   1.0002   1.1763   1.3012   1.4773   1.6992   1.8453   2.0002   2.1763   2.3012   2.4773   2.6992   2.8453   3.0002   3.1763   3.3012   3.4773   3.6992   3.8453   4.0002   4.1763 
  7.6990  1 -34.5403 -31.9541 -29.8876 -29.0202 -28.3533 -27.5992 -27.0500 -26.4087 -25.8378 -25.5654 -25.3471 -25.1752 -25.0883 -25.0041 -24.9454 -24.9270 -24.9239 -24.9343 -24.9450 -24.9593 -24.9774 -24.9893 -25.0020 -25.0164 -25.0267 -25.0413 -25.0596 -25.0717 -25.0846 -25.0993 
  7.6990  2 -33.0850 -31.6620 -30.2166 -29.2491 -28.4052 -27.6615 -27.1949 -26.5774 -25.9278 -25.6016 -25.3416 -25.1382 -25.0419 -24.9545 -24.9047 -24.8924 -24.8927 -24.9014 -24.9146 -24.9401 -24.9799 -25.0121 -25.0457 -25.0835 -25.1103 -25.1480 -25.1955 -25.2267 -25.2599 -25.2975 
  7.6990  3 -37.9438 -35.1165 -31.6170 -29.8929 -28.6362 -27.6172 -27.0577 -26.4116 -25.8014 -25.5101 -25.2794 -25.0931 -24.9999 -24.9096 -24.8458 -24.8239 -24.8171 -24.8239 -24.8332 -24.8560 -24.8949 -24.9278 -24.9635 -25.0033 -25.0328 -25.0748 -25.1278 -25.1626 -25.1996 -25.2416 
  7.6990  4 -35.4991 -33.7186 -31.4753 -29.9977 -28.5598 -27.4882 -26.9405 -26.3273 -25.7312 -25.4481 -25.2303 -25.0643 -24.9831 -24.8934 -24.8103 -24.7830 -24.7767 -24.7885 -24.8065 -24.8347 -24.8786 -24.9106 -24.9460 -24.9867 -25.0149 -25.0561 -25.1071 -25.1405 -25.1760 -25.2163 
  7.6990  5 -34.1810 -32.7909 -31.0395 -29.8859 -28.6631 -27.3431 -26.6770 -26.0393 -25.5640 -25.3814 -25.2608 -25.1792 -25.1386 -25.0942 -25.0535 -25.0374 -25.0306 -25.0365 -25.0478 -25.0722 -25.1154 -25.1493 -25.1898 -25.2390 -25.2760 -25.3286 -25.3952 -25.4385 -25.4845 -25.5367 
  7.6990  6 -74.0000 -74.0000 -74.0000 -74.0000 -74.0000 -74.0000 -74.0000 -74.0000 -62.1077 -50.2510 -43.5613 -37.3609 -34.2837 -31.2922 -28.8963 -27.8816 -27.1354 -26.5692 -26.2968 -26.0371 -25.8437 -25.7653 -25.7140 -25.6839 -25.6654 -25.6587 -25.7168 -25.7277 -25.7527 -25.7831 
  7.6990  7 -74.0000 -74.0000 -74.0000 -74.0000 -74.0000 -74.0000 -74.0000 -74.0000 -74.0000 -71.5042 -42.7157 -41.1305 -36.3674 -32.5936 -29.7511 -28.5825 -27.6945 -27.0242 -26.6958 -26.3623 -26.1176 -26.0220 -25.9558 -25.9136 -25.8974 -25.8894 -25.8975 -25.9113 -25.9297 -25.9512 
  8.0000  1 -34.7769 -32.1933 -30.1293 -29.2632 -28.5594 -27.6817 -27.0802 -26.4146 -25.8385 -25.5656 -25.3471 -25.1752 -25.0884 -25.0041 -24.9454 -24.9270 -24.9239 -24.9343 -24.9450 -24.9594 -24.9774 -24.9893 -25.0020 -25.0164 -25.0267 -25.0413 -25.0596 -25.0718 -25.0846 -25.0993 
  8.0000  2 -33.3863 -31.9602 -30.4231 -29.3660 -28.4723 -27.6980 -27.2134 -26.5850 -25.9297 -25.6022 -25.3418 -25.1384 -25.0421 -24.9548 -24.9050 -24.8926 -24.8930 -24.9016 -24.9148 -24.9402 -24.9800 -25.0121 -25.0458 -25.0836 -25.1104 -25.1481 -25.1956 -25.2269 -25.2600 -25.2977 
  8.0000  3 -37.9470 -35.1190 -31.6186 -29.8942 -28.6370 -27.6188 -27.0582 -26.4115 -25.8014 -25.5103 -25.2796 -25.0932 -25.0000 -24.9097 -24.8459 -24.8240 -24.8171 -24.8239 -24.8332 -24.8560 -24.8949 -24.9278 -24.9635 -25.0034 -25.0328 -25.0748 -25.1278 -25.1626 -25.1996 -25.2416 
  8.0000  4 -35.5014 -33.7206 -31.4769 -29.9990 -28.5609 -27.4893 -26.9412 -26.3276 -25.7316 -25.4483 -25.2307 -25.0645 -24.9833 -24.8935 -24.8104 -24.7831 -24.7767 -24.7885 -24.8064 -24.8357 -24.8784 -24.9106 -24.9460 -24.9867 -25.0149 -25.0560 -25.1070 -25.1405 -25.1760 -25.2163 
  8.0000  5 -34.1810 -32.7909 -31.0395 -29.8859 -28.6631 -27.3431 -26.6770 -26.0393 -25.5640 -25.3814 -25.2608 -25.1792 -25.1386 -25.0941 -25.0535 -25.0375 -25.0306 -25.0365 -25.0479 -25.0724 -25.1156 -25.1494 -25.1899 -25.2390 -25.2761 -25.3286 -25.3951 -25.4388 -25.4851 -25.5377 
  8.0000  6 -74.0000 -74.0000 -74.0000 -74.0000 -74.0000 -74.0000 -74.0000 -74.0000 -62.1071 -50.2000 -43.5659 -37.3618 -34.2829 -31.2923 -28.8964 -27.8818 -27.1351 -26.5692 -26.2969 -26.0372 -25.8437 -25.7655 -25.7137 -25.6821 -25.6650 -25.6588 -25.7173 -25.7278 -25.7517 -25.7809 
  8.0000  7 -74.0000 -74.0000 -74.0000 -74.0000 -74.0000 -74.0000 -74.0000 -74.0000 -74.0000 -71.3481 -42.7583 -41.1155 -36.3649 -32.5934 -29.7513 -28.5824 -27.6945 -27.0241 -26.6957 -26.3625 -26.1180 -26.0222 -25.9555 -25.9141 -25.8984 -25.8894 -25.8974 -25.9112 -25.9301 -25.9529 
  8.3010  1 -35.0416 -32.4580 -30.3967 -29.5292 -28.7532 -27.7384 -27.0979 -26.4179 -25.8390 -25.5657 -25.3471 -25.1752 -25.0885 -25.0041 -24.9454 -24.9270 -24.9239 -24.9343 -24.9451 -24.9594 -24.9774 -24.9893 -25.0020 -25.0164 -25.0267 -25.0413 -25.0596 -25.0718 -25.0846 -25.0993 
  8.3010  2 -33.6877 -32.2581 -30.5972 -29.4521 -28.5196 -27.7247 -27.2270 -26.5902 -25.9310 -25.6027 -25.3420 -25.1387 -25.0424 -24.9550 -24.9052 -24.8928 -24.8931 -24.9017 -24.9149 -24.9403 -24.9801 -25.0122 -25.0458 -25.0836 -25.1104 -25.1481 -25.1956 -25.2269 -25.2601 -25.2977 
  8.3010  3 -37.9510 -35.1223 -31.6209 -29.8961 -28.6384 -27.6201 -27.0591 -26.4119 -25.8018 -25.5107 -25.2799 -25.0935 -25.0002 -24.9098 -24.8460 -24.8240 -24.8172 -24.8239 -24.8332 -24.8561 -24.8949 -24.9278 -24.9635 -25.0034 -25.0328 -25.0748 -25.1278 -25.1626 -25.1996 -25.2416 
  8.3010  4 -35.5038 -33.7228 -31.4789 -30.0008 -28.5627 -27.4908 -26.9420 -26.3285 -25.7324 -25.4492 -25.2316 -25.0653 -24.9839 -24.8939 -24.8106 -24.7833 -24.7769 -24.7889 -24.8065 -24.8364 -24.8783 -24.9106 -24.9460 -24.9867 -25.0150 -25.0560 -25.1072 -25.1408 -25.1765 -25.2170 
  8.3010  5 -34.1810 -32.7909 -31.0395 -29.8859 -28.6631 -27.3431 -26.6770 -26.0393 -25.5640 -25.3814 -25.2608 -25.1792 -25.1386 -25.0941 -25.0535 -25.0375 -25.0307 -25.0365 -25.0480 -25.0725 -25.1158 -25.1496 -25.1899 -25.2392 -25.2761 -25.3285 -25.3952 -25.4393 -25.4860 -25.5392 
  8.3010  6 -74.0000 -74.0000 -74.0000 -74.0000 -74.0000 -74.0000 -74.0000 -74.0000 -62.1074 -50.1481 -43.5706 -37.3628 -34.2819 -31.2923 -28.8965 -27.8819 -27.1347 -26.5692 -26.2972 -26.0373 -25.8437 -25.7655 -25.7137 -25.6807 -25.6648 -25.6590 -25.7157 -25.7262 -25.7493 -25.7774 
  8.3010  7 -74.0000 -74.0000 -74.0000 -74.0000 -74.0000 -74.0000 -74.0000 -74.0000 -74.0000 -71.0668 -42.8352 -41.0883 -36.3602 -32.5932 -29.7517 -28.5824 -27.6946 -27.0241 -26.6958 -26.3625 -26.1184 -26.0222 -25.9553 -25.9142 -25.8987 -25.8894 -25.8973 -25.9112 -25.9301 -25.9534 
  8.6990  1 -35.4154 -32.8337 -30.7724 -29.8971 -28.9582 -27.7805 -27.1094 -26.4204 -25.8392 -25.5657 -25.3472 -25.1753 -25.0884 -25.0041 -24.9454 -24.9270 -24.9239 -24.9343 -24.9450 -24.9594 -24.9774 -24.9893 -25.0020 -25.0164 -25.0267 -25.0412 -25.0596 -25.0717 -25.0846 -25.0992 
  8.6990  2 -34.0855 -32.6478 -30.7639 -29.5245 -28.5585 -27.7466 -27.2392 -26.5945 -25.9322 -25.6033 -25.3425 -25.1392 -25.0429 -24.9555 -24.9056 -24.8931 -24.8933 -24.9019 -24.9150 -24.9404 -24.9801 -25.0122 -25.0459 -25.0836 -25.1104 -25.1482 -25.1957 -25.2269 -25.2601 -25.2977 
  8.6990  3 -37.9594 -35.1296 -31.6268 -29.9012 -28.6427 -27.6219 -27.0613 -26.4137 -25.8031 -25.5119 -25.2810 -25.0943 -25.0009 -24.9103 -24.8462 -24.8243 -24.8173 -24.8240 -24.8333 -24.8561 -24.8950 -24.9278 -24.9635 -25.0034 -25.0329 -25.0749 -25.1278 -25.1627 -25.1996 -25.2416 
  8.6990  4 -35.5150 -33.7325 -31.4867 -30.0074 -28.5682 -27.4949 -26.9447 -26.3314 -25.7341 -25.4516 -25.2340 -25.0674 -24.9856 -24.8952 -24.8114 -24.7840 -24.7775 -24.7902 -24.8067 -24.8367 -24.8783 -24.9106 -24.9460 -24.9868 -25.0152 -25.0559 -25.1076 -25.1417 -25.1778 -25.2188 
  8.6990  5 -34.1810 -32.7909 -31.0395 -29.8859 -28.6631 -27.3431 -26.6770 -26.0393 -25.5640 -25.3814 -25.2608 -25.1792 -25.1386 -25.0941 -25.0534 -25.0375 -25.0310 -25.0365 -25.0482 -25.0727 -25.1160 -25.1498 -25.1898 -25.2395 -25.2761 -25.3285 -25.3953 -25.4399 -25.4873 -25.5411 
  8.6990  6 -74.0000 -74.0000 -74.0000 -74.0000 -74.0000 -74.0000 -74.0000 -74.0000 -62.1105 -50.0515 -43.5791 -37.3647 -34.2802 -31.2925 -28.8967 -27.8820 -27.1345 -26.5692 -26.2973 -26.0374 -25.8436 -25.7656 -25.7136 -25.6789 -25.6643 -25.6594 -25.7080 -25.7203 -25.7431 -25.7703 
  8.6990  7 -74.0000 -74.0000 -74.0000 -74.0000 -74.0000 -74.0000 -74.0000 -74.0000 -74.0000 -71.0274 -42.8460 -41.0845 -36.3596 -32.5931 -29.7517 -28.5824 -27.6946 -27.0242 -26.6958 -26.3625 -26.1186 -26.0223 -25.9552 -25.9141 -25.8984 -25.8894 -25.8972 -25.9113 -25.9300 -25.9529 
  9.0000  1 -35.7071 -33.1281 -31.0656 -30.1721 -29.0659 -27.7958 -27.1135 -26.4215 -25.8392 -25.5656 -25.3473 -25.1753 -25.0884 -25.0041 -24.9454 -24.9270 -24.9239 -24.9343 -24.9450 -24.9594 -24.9774 -24.9893 -25.0020 -25.0165 -25.0268 -25.0413 -25.0597 -25.0718 -25.0847 -25.0993 
  9.0000  2 -34.3858 -32.9362 -30.8505 -29.5635 -28.5813 -27.7586 -27.2468 -26.5972 -25.9331 -25.6041 -25.3432 -25.1398 -25.0435 -24.9562 -24.9061 -24.8935 -24.8936 -24.9020 -24.9151 -24.9404 -24.9802 -25.0122 -25.0459 -25.0836 -25.1104 -25.1482 -25.1957 -25.2269 -25.2601 -25.2978 
  9.0000  3 -37.9757 -35.1440 -31.6389 -29.9116 -28.6516 -27.6270 -27.0658 -26.4166 -25.8050 -25.5136 -25.2826 -25.0955 -25.0019 -24.9111 -24.8467 -24.8246 -24.8176 -24.8242 -24.8335 -24.8563 -24.8951 -24.9279 -24.9636 -25.0034 -25.0329 -25.0749 -25.1278 -25.1627 -25.1996 -25.2417 
  9.0000  4 -35.5435 -33.7564 -31.5049 -30.0218 -28.5791 -27.5027 -26.9503 -26.3356 -25.7362 -25.4542 -25.2367 -25.0699 -24.9878 -24.8968 -24.8128 -24.7851 -24.7783 -24.7915 -24.8071 -24.8368 -24.8784 -24.9107 -24.9460 -24.9868 -25.0154 -25.0560 -25.1080 -25.1423 -25.1787 -25.2200 
  9.0000  5 -34.1810 -32.7909 -31.0395 -29.8859 -28.6631 -27.3431 -26.6770 -26.0393 -25.5640 -25.3814 -25.2608 -25.1792 -25.1386 -25.0942 -25.0535 -25.0376 -25.0311 -25.0366 -25.0483 -25.0729 -25.1162 -25.1499 -25.1898 -25.2398 -25.2763 -25.3287 -25.3955 -25.4402 -25.4877 -25.5417 
  9.0000  6 -74.0000 -74.0000 -74.0000 -74.0000 -74.0000 -74.0000 -74.0000 -74.0000 -62.1127 -49.9739 -43.5856 -37.3663 -34.2789 -31.2926 -28.8967 -27.8819 -27.1345 -26.5693 -26.2973 -26.0374 -25.8436 -25.7657 -25.7134 -25.6775 -25.6638 -25.6599 -25.6991 -25.7137 -25.7368 -25.7641 
  9.0000  7 -74.0000 -74.0000 -74.0000 -74.0000 -74.0000 -74.0000 -74.0000 -74.0000 -74.0000 -71.6724 -42.6698 -41.1468 -36.3702 -32.5938 -29.7509 -28.5825 -27.6945 -27.0242 -26.6958 -26.3626 -26.1187 -26.0226 -25.9558 -25.9139 -25.8982 -25.8893 -25.8976 -25.9112 -25.9300 -25.9525 
  9.3010  1 -36.0029 -33.4242 -31.3630 -30.4277 -29.1380 -27.8028 -27.1161 -26.4218 -25.8394 -25.5657 -25.3473 -25.1753 -25.0884 -25.0041 -24.9454 -24.9270 -24.9239 -24.9343 -24.9450 -24.9594 -24.9774 -24.9894 -25.0021 -25.0166 -25.0269 -25.0414 -25.0598 -25.0720 -25.0849 -25.0995 
  9.3010  2 -34.6868 -33.2164 -30.9212 -29.6027 -28.6085 -27.7742 -27.2562 -26.6003 -25.9344 -25.6053 -25.3445 -25.1411 -25.0448 -24.9573 -24.9069 -24.8942 -24.8941 -24.9023 -24.9153 -24.9406 -24.9802 -25.0123 -25.0459 -25.0837 -25.1104 -25.1482 -25.1957 -25.2269 -25.2601 -25.2977 
  9.3010  3 -38.0084 -35.1731 -31.6634 -29.9327 -28.6695 -27.6393 -27.0745 -26.4216 -25.8084 -25.5167 -25.2854 -25.0977 -25.0037 -24.9125 -24.8477 -24.8254 -24.8181 -24.8246 -24.8338 -24.8565 -24.8952 -24.9281 -24.9637 -25.0035 -25.0330 -25.0750 -25.1279 -25.1628 -25.1997 -25.2417 
  9.3010  4 -35.6018 -33.8050 -31.5413 -30.0502 -28.5996 -27.5171 -26.9612 -26.3426 -25.7402 -25.4582 -25.2410 -25.0741 -24.9914 -24.8997 -24.8156 -24.7871 -24.7797 -24.7928 -24.8077 -24.8369 -24.8786 -24.9108 -24.9461 -24.9869 -25.0155 -25.0560 -25.1081 -25.1425 -25.1790 -25.2204 
  9.3010  5 -34.1810 -32.7909 -31.0395 -29.8859 -28.6631 -27.3431 -26.6770 -26.0393 -25.5640 -25.3814 -25.2608 -25.1792 -25.1387 -25.0943 -25.0537 -25.0377 -25.0313 -25.0367 -25.0484 -25.0731 -25.1162 -25.1501 -25.1900 -25.2401 -25.2766 -25.3290 -25.3957 -25.4403 -25.4876 -25.5414 
  9.3010  6 -74.0000 -74.0000 -74.0000 -74.0000 -74.0000 -74.0000 -74.0000 -74.0000 -62.1112 -49.9286 -43.5892 -37.3673 -34.2781 -31.2927 -28.8967 -27.8819 -27.1346 -26.5693 -26.2973 -26.0374 -25.8436 -25.7658 -25.7132 -25.6763 -25.6633 -25.6603 -25.6904 -25.7072 -25.7310 -25.7586 
  9.3010  7 -73.8312 -74.0000 -74.0000 -74.0000 -74.0000 -74.0000 -74.0000 -74.0000 -74.0000 -72.7402 -42.3781 -41.2498 -36.3878 -32.5948 -29.7495 -28.5827 -27.6944 -27.0242 -26.6957 -26.3629 -26.1187 -26.0233 -25.9567 -25.9138 -25.8981 -25.8891 -25.8984 -25.9112 -25.9300 -25.9523 
  9.6990  1 -36.4000 -33.8189 -31.7609 -30.7060 -29.1938 -27.8056 -27.1181 -26.4217 -25.8396 -25.5656 -25.3471 -25.1752 -25.0883 -25.0041 -24.9454 -24.9270 -24.9240 -24.9343 -24.9451 -24.9593 -24.9772 -24.9891 -25.0017 -25.0161 -25.0263 -25.0408 -25.0591 -25.0711 -25.0839 -25.0985 
  9.6990  2 -35.0852 -33.5710 -31.0281 -29.6790 -28.6688 -27.8096 -27.2759 -26.6066 -25.9376 -25.6084 -25.3477 -25.1444 -25.0479 -24.9599 -24.9089 -24.8955 -24.8950 -24.9029 -24.9157 -24.9408 -24.9804 -25.0124 -25.0460 -25.0837 -25.1104 -25.1481 -25.1956 -25.2269 -25.2600 -25.2977 
  9.6990  3 -38.0926 -35.2481 -31.7268 -29.9877 -28.7162 -27.6737 -27.0969 -26.4333 -25.8166 -25.5245 -25.2924 -25.1033 -25.0083 -24.9159 -24.8500 -24.8271 -24.8194 -24.8255 -24.8345 -24.8570 -24.8956 -24.9284 -24.9640 -25.0038 -25.0332 -25.0752 -25.1281 -25.1629 -25.1998 -25.2418 
  9.6990  4 -35.7404 -33.9221 -31.6313 -30.1224 -28.6540 -27.5566 -26.9916 -26.3604 -25.7521 -25.4698 -25.2534 -25.0858 -25.0012 -24.9073 -24.8229 -24.7923 -24.7834 -24.7950 -24.8092 -24.8377 -24.8790 -24.9111 -24.9463 -24.9870 -25.0157 -25.0563 -25.1081 -25.1422 -25.1783 -25.2194 
  9.6990  5 -34.1810 -32.7909 -31.0395 -29.8859 -28.6631 -27.3431 -26.6770 -26.0393 -25.5640 -25.3814 -25.2608 -25.1792 -25.1386 -25.0946 -25.0539 -25.0380 -25.0314 -25.0369 -25.0486 -25.0733 -25.1162 -25.1504 -25.1903 -25.2404 -25.2770 -25.3294 -25.3961 -25.4401 -25.4867 -25.5398 
  9.6990  6 -74.0000 -74.0000 -74.0000 -74.0000 -74.0000 -74.0000 -74.0000 -74.0000 -62.0994 -49.9609 -43.5861 -37.3666 -34.2787 -31.2926 -28.8967 -27.8819 -27.1347 -26.5693 -26.2972 -26.0373 -25.8436 -25.7658 -25.7131 -25.6757 -25.6629 -25.6606 -25.6830 -25.7014 -25.7261 -25.7545 
  9.6990  7 -73.7075 -74.0000 -74.0000 -74.0000 -74.0000 -74.0000 -74.0000 -74.0000 -74.0000 -72.8695 -42.3428 -41.2623 -36.3900 -32.5949 -29.7493 -28.5828 -27.6944 -27.0241 -26.6957 -26.3634 -26.1188 -26.0243 -25.9582 -25.9135 -25.8982 -25.8891 -25.8996 -25.9111 -25.9301 -25.9524 
 10.0000  1 -36.7025 -34.1179 -32.0645 -30.8599 -29.2160 -27.8061 -27.1190 -26.4217 -25.8396 -25.5656 -25.3472 -25.1753 -25.0884 -25.0041 -24.9454 -24.9270 -24.9239 -24.9343 -24.9451 -24.9594 -24.9773 -24.9893 -25.0019 -25.0164 -25.0267 -25.0412 -25.0596 -25.0717 -25.0846 -25.0993 
 10.0000  2 -35.3863 -33.8317 -31.1454 -29.7751 -28.7474 -27.8547 -27.2999 -26.6145 -25.9415 -25.6121 -25.3515 -25.1481 -25.0514 -24.9628 -24.9108 -24.8969 -24.8959 -24.9034 -24.9160 -24.9410 -24.9805 -25.0124 -25.0460 -25.0837 -25.1105 -25.1482 -25.1957 -25.2269 -25.2600 -25.2977 
 10.0000  3 -38.2076 -35.3515 -31.8155 -30.0669 -28.7851 -27.7220 -27.1280 -26.4493 -25.8270 -25.5342 -25.3009 -25.1102 -25.0139 -24.9200 -24.8526 -24.8290 -24.8208 -24.8265 -24.8353 -24.8576 -24.8961 -24.9288 -24.9643 -25.0041 -25.0335 -25.0754 -25.1283 -25.1631 -25.2000 -25.2420 
 10.0000  4 -35.8998 -34.0610 -31.7443 -30.2183 -28.7319 -27.6155 -27.0363 -26.3847 -25.7690 -25.4870 -25.2715 -25.1023 -25.0152 -24.9182 -24.8324 -24.7995 -24.7885 -24.7979 -24.8113 -24.8391 -24.8796 -24.9115 -24.9465 -24.9871 -25.0157 -25.0566 -25.1079 -25.1417 -25.1775 -25.2182 
 10.0000  5 -34.1810 -32.7909 -31.0395 -29.8859 -28.6631 -27.3431 -26.6770 -26.0393 -25.5640 -25.3814 -25.2608 -25.1792 -25.1386 -25.0946 -25.0540 -25.0380 -25.0316 -25.0371 -25.0488 -25.0735 -25.1163 -25.1507 -25.1906 -25.2405 -25.2771 -25.3295 -25.3962 -25.4398 -25.4858 -25.5382 
 10.0000  6 -74.0000 -74.0000 -74.0000 -74.0000 -74.0000 -74.0000 -74.0000 -74.0000 -62.0910 -49.9811 -43.5842 -37.3661 -34.2791 -31.2926 -28.8967 -27.8820 -27.1347 -26.5693 -26.2972 -26.0373 -25.8436 -25.7658 -25.7131 -25.6757 -25.6627 -25.6606 -25.6808 -25.6994 -25.7247 -25.7538 
 10.0000  7 -74.0000 -74.0000 -74.0000 -74.0000 -74.0000 -74.0000 -74.0000 -74.0000 -74.0000 -70.4358 -43.0075 -41.0275 -36.3498 -32.5925 -29.7525 -28.5822 -27.6947 -27.0240 -26.6957 -26.3636 -26.1189 -26.0249 -25.9588 -25.9132 -25.8981 -25.8897 -25.9000 -25.9109 -25.9302 -25.9524 
 10.3010  1 -37.0032 -34.4139 -32.3674 -30.9681 -29.2269 -27.8065 -27.1194 -26.4217 -25.8397 -25.5659 -25.3477 -25.1754 -25.0889 -25.0042 -24.9455 -24.9269 -24.9237 -24.9344 -24.9451 -24.9596 -24.9780 -24.9901 -25.0031 -25.0178 -25.0283 -25.0432 -25.0619 -25.0743 -25.0874 -25.1024 
 10.3010  2 -35.6885 -34.0955 -31.3076 -29.9198 -28.8662 -27.9215 -27.3338 -26.6252 -25.9463 -25.6167 -25.3562 -25.1526 -25.0554 -24.9659 -24.9128 -24.8982 -24.8967 -24.9039 -24.9164 -24.9412 -24.9806 -25.0125 -25.0460 -25.0837 -25.1105 -25.1482 -25.1957 -25.2269 -25.2601 -25.2977 
 10.3010  3 -38.3756 -35.5050 -31.9510 -30.1911 -28.8932 -27.7945 -27.1730 -26.4711 -25.8407 -25.5465 -25.3115 -25.1186 -25.0207 -24.9249 -24.8558 -24.8313 -24.8224 -24.8277 -24.8362 -24.8583 -24.8966 -24.9292 -24.9647 -25.0044 -25.0338 -25.0757 -25.1285 -25.1633 -25.2002 -25.2422 
 10.3010  4 -36.1128 -34.2518 -31.9073 -30.3629 -28.8559 -27.7108 -27.1069 -26.4209 -25.7919 -25.5100 -25.2954 -25.1240 -25.0338 -24.9329 -24.8449 -24.8095 -24.7956 -24.8021 -24.8143 -24.8409 -24.8807 -24.9121 -24.9470 -24.9874 -25.0158 -25.0568 -25.1078 -25.1414 -25.1770 -25.2174 
 10.3010  5 -34.1810 -32.7909 -31.0395 -29.8859 -28.6631 -27.3431 -26.6770 -26.0393 -25.5640 -25.3814 -25.2608 -25.1792 -25.1385 -25.0946 -25.0539 -25.0380 -25.0317 -25.0373 -25.0490 -25.0738 -25.1163 -25.1509 -25.1909 -25.2406 -25.2770 -25.3293 -25.3963 -25.4394 -25.4850 -25.5368 
 10.3010  6 -74.0000 -74.0000 -74.0000 -74.0000 -74.0000 -74.0000 -74.0000 -74.0000 -62.0967 -49.8721 -43.5931 -37.3684 -34.2772 -31.2928 -28.8967 -27.8820 -27.1347 -26.5693 -26.2972 -26.0373 -25.8436 -25.7658 -25.7131 -25.6760 -25.6628 -25.6606 -25.6803 -25.6988 -25.7245 -25.7541 
 10.3010  7 -74.0000 -74.0000 -74.0000 -74.0000 -74.0000 -74.0000 -74.0000 -74.0000 -74.0000 -65.5412 -44.3445 -40.5552 -36.2691 -32.5877 -29.7588 -28.5811 -27.6951 -27.0238 -26.6956 -26.3636 -26.1191 -26.0251 -25.9589 -25.9128 -25.8980 -25.8907 -25.8998 -25.9107 -25.9302 -25.9524 
 10.6990  1 -37.4013 -34.8081 -32.7512 -31.0584 -29.2310 -27.8073 -27.1193 -26.4218 -25.8396 -25.5658 -25.3479 -25.1757 -25.0893 -25.0046 -24.9452 -24.9275 -24.9250 -24.9340 -24.9452 -24.9585 -24.9752 -24.9862 -24.9980 -25.0114 -25.0209 -25.0344 -25.0514 -25.0627 -25.0746 -25.0882 
 10.6990  2 -36.0889 -34.4571 -31.5908 -30.1826 -29.0802 -28.0279 -27.3830 -26.6400 -25.9527 -25.6227 -25.3622 -25.1580 -25.0602 -24.9695 -24.9149 -24.8996 -24.8976 -24.9044 -24.9167 -24.9414 -24.9807 -25.0126 -25.0461 -25.0838 -25.1105 -25.1482 -25.1957 -25.2269 -25.2601 -25.2977 
 10.6990  3 -38.6721 -35.7838 -32.2074 -30.4319 -29.0985 -27.9223 -27.2456 -26.5021 -25.8591 -25.5624 -25.3251 -25.1291 -25.0293 -24.9310 -24.8595 -24.8341 -24.8244 -24.8289 -24.8372 -24.8591 -24.8972 -24.9298 -24.9652 -25.0049 -25.0343 -25.0761 -25.1289 -25.1637 -25.2005 -25.2425 
 10.6990  4 -36.4657 -34.5776 -32.1989 -30.6320 -29.0975 -27.8989 -27.2381 -26.4819 -25.8242 -25.5401 -25.3254 -25.1512 -25.0575 -24.9526 -24.8616 -24.8234 -24.8058 -24.8086 -24.8186 -24.8435 -24.8821 -24.9130 -24.9475 -24.9877 -25.0161 -25.0569 -25.1079 -25.1415 -25.1771 -25.2176 
 10.6990  5 -34.1810 -32.7909 -31.0395 -29.8859 -28.6631 -27.3431 -26.6770 -26.0393 -25.5640 -25.3814 -25.2608 -25.1792 -25.1385 -25.0946 -25.0539 -25.0380 -25.0319 -25.0375 -25.0492 -25.0740 -25.1166 -25.1512 -25.1912 -25.2405 -25.2769 -25.3293 -25.3963 -25.4395 -25.4852 -25.5371 
 10.6990  6 -74.0000 -74.0000 -74.0000 -74.0000 -74.0000 -74.0000 -74.0000 -74.0000 -62.1410 -49.3817 -43.6292 -37.3782 -34.2688 -31.2937 -28.8970 -27.8819 -27.1346 -26.5693 -26.2974 -26.0375 -25.8436 -25.7658 -25.7131 -25.6761 -25.6635 -25.6607 -25.6803 -25.6986 -25.7245 -25.7546 
 10.6990  7 -74.0000 -74.0000 -74.0000 -74.0000 -74.0000 -74.0000 -74.0000 -74.0000 -74.0000 -58.2972 -46.3232 -39.8563 -36.1495 -32.5806 -29.7682 -28.5796 -27.6958 -27.0236 -26.6956 -26.3635 -26.1194 -26.0251 -25.9587 -25.9126 -25.8978 -25.8922 -25.8994 -25.9108 -25.9302 -25.9524 
 11.0000  1 -37.7028 -35.1110 -33.0137 -31.0996 -29.2300 -27.8081 -27.1191 -26.4219 -25.8398 -25.5659 -25.3481 -25.1761 -25.0896 -25.0049 -24.9451 -24.9288 -24.9268 -24.9341 -24.9453 -24.9593 -24.9767 -24.9883 -25.0006 -25.0146 -25.0246 -25.0387 -25.0565 -25.0683 -25.0808 -25.0950 
 11.0000  2 -36.3914 -34.7406 -31.8459 -30.4211 -29.2637 -28.1021 -27.4134 -26.6488 -25.9564 -25.6260 -25.3654 -25.1610 -25.0626 -24.9712 -24.9158 -24.9002 -24.8979 -24.9047 -24.9169 -24.9414 -24.9807 -25.0126 -25.0461 -25.0838 -25.1105 -25.1482 -25.1957 -25.2269 -25.2601 -25.2977 
 11.0000  3 -38.9364 -36.0374 -32.4476 -30.6610 -29.2871 -28.0209 -27.2951 -26.5212 -25.8696 -25.5713 -25.3325 -25.1348 -25.0339 -24.9342 -24.8616 -24.8356 -24.8254 -24.8296 -24.8377 -24.8595 -24.8975 -24.9301 -24.9655 -25.0051 -25.0345 -25.0763 -25.1291 -25.1639 -25.2007 -25.2426 
 11.0000  4 -36.7600 -34.8566 -32.4587 -30.8790 -29.3276 -28.0770 -27.3504 -26.5261 -25.8445 -25.5583 -25.3427 -25.1670 -25.0712 -24.9642 -24.8714 -24.8323 -24.8124 -24.8125 -24.8216 -24.8451 -24.8826 -24.9136 -24.9479 -24.9880 -25.0165 -25.0569 -25.1081 -25.1420 -25.1779 -25.2187 
 11.0000  5 -34.1810 -32.7909 -31.0395 -29.8859 -28.6631 -27.3431 -26.6770 -26.0393 -25.5640 -25.3814 -25.2608 -25.1792 -25.1387 -25.0946 -25.0540 -25.0382 -25.0319 -25.0375 -25.0492 -25.0739 -25.1169 -25.1512 -25.1913 -25.2404 -25.2771 -25.3298 -25.3962 -25.4402 -25.4870 -25.5402 
 11.0000  6 -74.0000 -74.0000 -74.0000 -74.0000 -74.0000 -74.0000 -74.0000 -74.0000 -62.1723 -49.0293 -43.6512 -37.3851 -34.2628 -31.2943 -28.8972 -27.8818 -27.1346 -26.5693 -26.2977 -26.0377 -25.8437 -25.7659 -25.7131 -25.6760 -25.6641 -25.6608 -25.6803 -25.6986 -25.7245 -25.7546 
 11.0000  7 -74.0000 -74.0000 -74.0000 -74.0000 -74.0000 -74.0000 -74.0000 -74.0000 -72.5758 -54.7208 -47.3001 -39.5113 -36.0905 -32.5771 -29.7728 -28.5788 -27.6962 -27.0235 -26.6956 -26.3636 -26.1197 -26.0250 -25.9588 -25.9130 -25.8977 -25.8930 -25.8994 -25.9112 -25.9300 -25.9525 
 11.3010  1 -38.0024 -35.4174 -33.2386 -31.1253 -29.2279 -27.8090 -27.1191 -26.4221 -25.8407 -25.5670 -25.3491 -25.1770 -25.0905 -25.0052 -24.9460 -24.9304 -24.9277 -24.9352 -24.9453 -24.9640 -24.9883 -25.0043 -25.0214 -25.0408 -25.0546 -25.0741 -25.0988 -25.1151 -25.1323 -25.1519 
 11.3010  2 -36.6943 -35.0306 -32.1220 -30.6796 -29.4371 -28.1590 -27.4344 -26.6546 -25.9588 -25.6282 -25.3675 -25.1628 -25.0641 -24.9722 -24.9164 -24.9005 -24.8981 -24.9045 -24.9168 -24.9415 -24.9807 -25.0126 -25.0461 -25.0838 -25.1105 -25.1482 -25.1956 -25.2269 -25.2600 -25.2977 
 11.3010  3 -39.2181 -36.3125 -32.7143 -30.9149 -29.4782 -28.1026 -27.3322 -26.5344 -25.8763 -25.5770 -25.3371 -25.1384 -25.0368 -24.9363 -24.8629 -24.8364 -24.8260 -24.8300 -24.8381 -24.8597 -24.8977 -24.9302 -24.9656 -25.0053 -25.0346 -25.0765 -25.1292 -25.1640 -25.2009 -25.2428 
 11.3010  4 -37.0660 -35.1515 -32.7393 -31.1501 -29.5825 -28.2596 -27.4510 -26.5599 -25.8580 -25.5703 -25.3541 -25.1774 -25.0804 -24.9719 -24.8779 -24.8387 -24.8172 -24.8153 -24.8237 -24.8465 -24.8839 -24.9140 -24.9481 -24.9882 -25.0168 -25.0571 -25.1080 -25.1417 -25.1774 -25.2180 
 11.3010  5 -34.1810 -32.7909 -31.0395 -29.8859 -28.6631 -27.3431 -26.6770 -26.0393 -25.5639 -25.3814 -25.2608 -25.1792 -25.1391 -25.0947 -25.0541 -25.0385 -25.0320 -25.0375 -25.0492 -25.0739 -25.1172 -25.1512 -25.1913 -25.2404 -25.2776 -25.3305 -25.3962 -25.4413 -25.4893 -25.5438 
 11.3010  6 -74.0000 -74.0000 -74.0000 -74.0000 -74.0000 -74.0000 -74.0000 -74.0000 -62.1511 -49.1704 -43.6424 -37.3823 -34.2653 -31.2940 -28.8971 -27.8819 -27.1346 -26.5693 -26.2978 -26.0378 -25.8437 -25.7659 -25.7130 -25.6759 -25.6646 -25.6608 -25.6803 -25.6986 -25.7245 -25.7545 
 11.3010  7 -74.0000 -74.0000 -74.0000 -74.0000 -74.0000 -74.0000 -74.0000 -74.0000 -71.9133 -53.8283 -47.5439 -39.4252 -36.0758 -32.5762 -29.7740 -28.5786 -27.6963 -27.0234 -26.6955 -26.3639 -26.1199 -26.0250 -25.9593 -25.9140 -25.8978 -25.8932 -25.9000 -25.9121 -25.9297 -25.9528 
 11.6990  1 -38.3967 -35.8320 -33.4645 -31.1436 -29.2256 -27.8098 -27.1196 -26.4232 -25.8425 -25.5692 -25.3517 -25.1797 -25.0933 -25.0081 -24.9494 -24.9318 -24.9289 -24.9374 -24.9460 -24.9651 -24.9902 -25.0068 -25.0245 -25.0446 -25.0589 -25.0791 -25.1046 -25.1215 -25.1393 -25.1597 
 11.6990  2 -37.0936 -35.4216 -32.5029 -31.0217 -29.6144 -28.2066 -27.4499 -26.6586 -25.9603 -25.6296 -25.3689 -25.1640 -25.0651 -24.9729 -24.9167 -24.9007 -24.8982 -24.9053 -24.9173 -24.9415 -24.9808 -25.0126 -25.0461 -25.0838 -25.1105 -25.1482 -25.1957 -25.2270 -25.2602 -25.2979 
 11.6990  3 -39.5980 -36.6912 -33.0898 -31.2606 -29.6897 -28.1719 -27.3605 -26.5442 -25.8813 -25.5811 -25.3404 -25.1409 -25.0388 -24.9378 -24.8636 -24.8370 -24.8264 -24.8303 -24.8383 -24.8599 -24.8978 -24.9303 -24.9657 -25.0054 -25.0347 -25.0766 -25.1293 -25.1641 -25.2010 -25.2429 
 11.6990  4 -37.4722 -35.5490 -33.1259 -31.5289 -29.9326 -28.4663 -27.5450 -26.5857 -25.8676 -25.5785 -25.3623 -25.1846 -25.0871 -24.9774 -24.8828 -24.8429 -24.8204 -24.8179 -24.8252 -24.8479 -24.8866 -24.9142 -24.9484 -24.9883 -25.0169 -25.0575 -25.1078 -25.1408 -25.1759 -25.2157 
 11.6990  5 -34.1810 -32.7909 -31.0395 -29.8859 -28.6631 -27.3432 -26.6770 -26.0393 -25.5639 -25.3814 -25.2608 -25.1792 -25.1392 -25.0948 -25.0541 -25.0386 -25.0323 -25.0377 -25.0495 -25.0742 -25.1172 -25.1511 -25.1911 -25.2410 -25.2779 -25.3306 -25.3970 -25.4413 -25.4884 -25.5419 
 11.6990  6 -74.0000 -74.0000 -74.0000 -74.0000 -74.0000 -74.0000 -74.0000 -74.0000 -61.9850 -50.6094 -43.5212 -37.3525 -34.2902 -31.2914 -28.8963 -27.8822 -27.1346 -26.5693 -26.2979 -26.0379 -25.8437 -25.7659 -25.7130 -25.6759 -25.6648 -25.6608 -25.6803 -25.6986 -25.7245 -25.7544 
 11.6990  7 -74.0000 -74.0000 -74.0000 -74.0000 -74.0000 -74.0000 -74.0000 -74.0000 -72.6530 -54.8248 -47.2717 -39.5213 -36.0922 -32.5772 -29.7727 -28.5788 -27.6962 -27.0234 -26.6955 -26.3644 -26.1202 -26.0250 -25.9600 -25.9154 -25.8979 -25.8929 -25.9009 -25.9133 -25.9294 -25.9532 
 12.0000  1 -38.6939 -36.1520 -33.5839 -31.1496 -29.2249 -27.8103 -27.1205 -26.4252 -25.8454 -25.5725 -25.3555 -25.1838 -25.0976 -25.0129 -24.9535 -24.9347 -24.9321 -24.9402 -24.9485 -24.9643 -24.9849 -24.9985 -25.0130 -25.0296 -25.0413 -25.0579 -25.0789 -25.0928 -25.1075 -25.1242 
 12.0000  2 -37.3934 -35.7227 -32.7950 -31.2575 -29.7006 -28.2262 -27.4555 -26.6601 -25.9608 -25.6301 -25.3694 -25.1646 -25.0656 -24.9732 -24.9169 -24.9008 -24.8982 -24.9074 -24.9187 -24.9412 -24.9809 -25.0126 -25.0461 -25.0838 -25.1105 -25.1482 -25.1957 -25.2270 -25.2602 -25.2979 
 12.0000  3 -39.8961 -36.9877 -33.3814 -31.5091 -29.8034 -28.2003 -27.3713 -26.5479 -25.8831 -25.5825 -25.3416 -25.1417 -25.0395 -24.9384 -24.8639 -24.8372 -24.8265 -24.8304 -24.8384 -24.8600 -24.8979 -24.9304 -24.9658 -25.0054 -25.0348 -25.0766 -25.1294 -25.1641 -25.2010 -25.2429 
 12.0000  4 -37.7691 -35.8451 -33.4211 -31.8225 -30.1899 -28.5785 -27.5859 -26.5956 -25.8714 -25.5817 -25.3654 -25.1872 -25.0892 -24.9796 -24.8849 -24.8438 -24.8211 -24.8187 -24.8259 -24.8484 -24.8868 -24.9140 -24.9484 -24.9884 -25.0172 -25.0575 -25.1084 -25.1420 -25.1776 -25.2181 
 12.0000  5 -34.1810 -32.7909 -31.0395 -29.8859 -28.6630 -27.3431 -26.6770 -26.0394 -25.5640 -25.3814 -25.2608 -25.1792 -25.1391 -25.0947 -25.0542 -25.0387 -25.0324 -25.0381 -25.0497 -25.0746 -25.1172 -25.1512 -25.1913 -25.2413 -25.2778 -25.3303 -25.3973 -25.4410 -25.4873 -25.5399 
 12.0000  6 -74.0000 -74.0000 -74.0000 -74.0000 -74.0000 -74.0000 -74.0000 -74.0000 -61.5417 -51.3475 -43.3999 -37.3310 -34.3067 -31.2897 -28.8959 -27.8825 -27.1346 -26.5692 -26.2979 -26.0379 -25.8437 -25.7659 -25.7130 -25.6759 -25.6648 -25.6608 -25.6803 -25.6986 -25.7245 -25.7545 
 12.0000  7 -74.0000 -74.0000 -74.0000 -74.0000 -74.0000 -74.0000 -74.0000 -74.0000 -73.1746 -55.5276 -47.0797 -39.5891 -36.1039 -32.5779 -29.7718 -28.5789 -27.6961 -27.0234 -26.6955 -26.3647 -26.1203 -26.0252 -25.9603 -25.9160 -25.8981 -25.8928 -25.9013 -25.9137 -25.9292 -25.9534 
 12.3010  1 -38.9898 -36.4736 -33.6686 -31.1514 -29.2251 -27.8114 -27.1225 -26.4291 -25.8519 -25.5800 -25.3627 -25.1916 -25.1058 -25.0201 -24.9601 -24.9430 -24.9394 -24.9460 -24.9546 -24.9710 -24.9922 -25.0063 -25.0213 -25.0384 -25.0506 -25.0678 -25.0895 -25.1038 -25.1190 -25.1363 
 12.3010  2 -37.6921 -36.0282 -33.0866 -31.4592 -29.7531 -28.2364 -27.4585 -26.6610 -25.9611 -25.6305 -25.3699 -25.1648 -25.0658 -24.9733 -24.9169 -24.9008 -24.8982 -24.9082 -24.9192 -24.9413 -24.9804 -25.0128 -25.0464 -25.0838 -25.1103 -25.1478 -25.1949 -25.2260 -25.2589 -25.2963 
 12.3010  3 -40.1928 -37.2857 -33.6746 -31.7266 -29.8790 -28.2155 -27.3772 -26.5497 -25.8838 -25.5832 -25.3422 -25.1422 -25.0399 -24.9385 -24.8642 -24.8373 -24.8266 -24.8304 -24.8384 -24.8600 -24.8979 -24.9304 -24.9658 -25.0054 -25.0348 -25.0766 -25.1294 -25.1642 -25.2010 -25.2429 
 12.3010  4 -38.0712 -36.1456 -33.7194 -32.1176 -30.4227 -28.6519 -27.6095 -26.6008 -25.8734 -25.5834 -25.3671 -25.1886 -25.0903 -24.9808 -24.8864 -24.8452 -24.8222 -24.8189 -24.8263 -24.8485 -24.8870 -24.9150 -24.9485 -24.9884 -25.0174 -25.0576 -25.1087 -25.1425 -25.1784 -25.2191 
 12.3010  5 -34.1810 -32.7908 -31.0395 -29.8859 -28.6630 -27.3431 -26.6770 -26.0394 -25.5640 -25.3814 -25.2608 -25.1792 -25.1392 -25.0946 -25.0547 -25.0389 -25.0324 -25.0384 -25.0497 -25.0748 -25.1176 -25.1517 -25.1918 -25.2412 -25.2778 -25.3304 -25.3973 -25.4411 -25.4875 -25.5403 
 12.3010  6 -74.0000 -74.0000 -74.0000 -74.0000 -74.0000 -74.0000 -74.0000 -74.0000 -61.5579 -51.3444 -43.4007 -37.3309 -34.3064 -31.2897 -28.8959 -27.8826 -27.1346 -26.5692 -26.2980 -26.0379 -25.8437 -25.7659 -25.7130 -25.6759 -25.6649 -25.6609 -25.6803 -25.6986 -25.7245 -25.7545 
 12.3010  7 -74.0000 -74.0000 -74.0000 -74.0000 -74.0000 -74.0000 -74.0000 -74.0000 -73.1361 -55.4756 -47.0939 -39.5841 -36.1030 -32.5778 -29.7718 -28.5789 -27.6961 -27.0234 -26.6955 -26.3647 -26.1205 -26.0254 -25.9602 -25.9160 -25.8982 -25.8928 -25.9013 -25.9137 -25.9292 -25.9534 
 12.6990  1 -39.3819 -36.8963 -33.7423 -31.1506 -29.2275 -27.8155 -27.1305 -26.4442 -25.8727 -25.6018 -25.3853 -25.2149 -25.1289 -25.0425 -24.9814 -24.9640 -24.9571 -24.9628 -24.9715 -24.9839 -24.9996 -25.0100 -25.0211 -25.0338 -25.0428 -25.0556 -25.0717 -25.0824 -25.0937 -25.1066 
 12.6990  2 -38.0844 -36.4372 -33.4645 -31.6549 -29.7894 -28.2416 -27.4606 -26.6617 -25.9614 -25.6306 -25.3706 -25.1653 -25.0661 -24.9741 -24.9170 -24.9008 -24.8981 -24.9079 -24.9190 -24.9410 -24.9815 -25.0131 -25.0466 -25.0844 -25.1112 -25.1490 -25.1967 -25.2280 -25.2613 -25.2990 
 12.6990  3 -40.5542 -37.6667 -34.0592 -31.9433 -29.9343 -28.2259 -27.3814 -26.5507 -25.8843 -25.5836 -25.3425 -25.1425 -25.0401 -24.9387 -24.8643 -24.8373 -24.8266 -24.8304 -24.8383 -24.8600 -24.8979 -24.9304 -24.9658 -25.0054 -25.0348 -25.0767 -25.1294 -25.1642 -25.2011 -25.2430 
 12.6990  4 -38.5367 -36.5872 -34.1307 -32.5034 -30.6693 -28.7027 -27.6251 -26.6042 -25.8746 -25.5844 -25.3679 -25.1894 -25.0914 -24.9813 -24.8875 -24.8482 -24.8247 -24.8188 -24.8263 -24.8484 -24.8885 -24.9179 -24.9483 -24.9885 -25.0174 -25.0581 -25.1083 -25.1414 -25.1765 -25.2164 
 12.6990  5 -34.1815 -32.7914 -31.0401 -29.8866 -28.6638 -27.3437 -26.6771 -26.0389 -25.5637 -25.3814 -25.2614 -25.1792 -25.1390 -25.0950 -25.0546 -25.0390 -25.0326 -25.0387 -25.0503 -25.0753 -25.1181 -25.1522 -25.1924 -25.2416 -25.2783 -25.3311 -25.3977 -25.4407 -25.4862 -25.5379 
 12.6990  6 -74.0000 -74.0000 -74.0000 -74.0000 -74.0000 -74.0000 -74.0000 -74.0000 -61.7901 -51.2521 -43.4228 -37.3344 -34.3044 -31.2898 -28.8957 -27.8821 -27.1348 -26.5694 -26.2980 -26.0379 -25.8438 -25.7659 -25.7130 -25.6760 -25.6649 -25.6607 -25.6803 -25.6986 -25.7245 -25.7545 
 12.6990  7 -74.0000 -74.0000 -74.0000 -74.0000 -74.0000 -74.0000 -74.0000 -74.0000 -73.0682 -55.3842 -47.1189 -39.5753 -36.1015 -32.5778 -29.7720 -28.5789 -27.6961 -27.0234 -26.6955 -26.3645 -26.1210 -26.0257 -25.9601 -25.9158 -25.8976 -25.8928 -25.9012 -25.9136 -25.9292 -25.9534 
 13.0000  1 -39.6805 -37.2080 -33.7770 -31.1497 -29.2312 -27.8237 -27.1455 -26.4693 -25.9047 -25.6349 -25.4197 -25.2493 -25.1630 -25.0764 -25.0138 -24.9934 -24.9837 -24.9883 -24.9957 -25.0024 -25.0104 -25.0158 -25.0215 -25.0281 -25.0328 -25.0394 -25.0479 -25.0534 -25.0594 -25.0661 
 13.0000  2 -38.3790 -36.7490 -33.7365 -31.7481 -29.8031 -28.2428 -27.4615 -26.6619 -25.9614 -25.6306 -25.3708 -25.1662 -25.0664 -24.9755 -24.9173 -24.9010 -24.8981 -24.9080 -24.9190 -24.9406 -24.9841 -25.0132 -25.0464 -25.0854 -25.1130 -25.1520 -25.2011 -25.2334 -25.2677 -25.3067 
 13.0000  3 -40.8311 -37.9572 -34.3382 -32.0526 -29.9550 -28.2292 -27.3828 -26.5510 -25.8845 -25.5837 -25.3427 -25.1425 -25.0402 -24.9387 -24.8642 -24.8375 -24.8266 -24.8307 -24.8386 -24.8599 -24.8979 -24.9304 -24.9658 -25.0055 -25.0348 -25.0766 -25.1293 -25.1640 -25.2008 -25.2426 
 13.0000  4 -39.0147 -37.0051 -34.4725 -32.7864 -30.8016 -28.7193 -27.6295 -26.6054 -25.8753 -25.5852 -25.3681 -25.1899 -25.0916 -24.9815 -24.8875 -24.8485 -24.8250 -24.8186 -24.8260 -24.8485 -24.8887 -24.9182 -24.9478 -24.9888 -25.0176 -25.0581 -25.1088 -25.1422 -25.1777 -25.2181 
 13.0000  5 -34.1821 -32.7921 -31.0407 -29.8871 -28.6643 -27.3442 -26.6773 -26.0399 -25.5641 -25.3817 -25.2616 -25.1794 -25.1392 -25.0952 -25.0547 -25.0391 -25.0330 -25.0390 -25.0508 -25.0756 -25.1184 -25.1525 -25.1928 -25.2422 -25.2789 -25.3314 -25.3982 -25.4411 -25.4863 -25.5378 
 13.0000  6 -74.0000 -74.0000 -74.0000 -74.0000 -74.0000 -74.0000 -74.0000 -74.0000 -61.7499 -51.2803 -43.4163 -37.3337 -34.3059 -31.2892 -28.8960 -27.8821 -27.1348 -26.5694 -26.2980 -26.0380 -25.8438 -25.7659 -25.7130 -25.6760 -25.6649 -25.6611 -25.6803 -25.6987 -25.7245 -25.7545 
 13.0000  7 -74.0000 -74.0000 -74.0000 -74.0000 -74.0000 -74.0000 -74.0000 -74.0000 -73.0991 -55.4259 -47.1075 -39.5793 -36.1022 -32.5778 -29.7719 -28.5789 -27.6961 -27.0234 -26.6955 -26.3648 -26.1214 -26.0259 -25.9601 -25.9162 -25.8986 -25.8928 -25.9013 -25.9137 -25.9293 -25.9533 
 13.3010  1 -39.9811 -37.5059 -33.7980 -31.1497 -29.2372 -27.8401 -27.1734 -26.5103 -25.9564 -25.6892 -25.4749 -25.3042 -25.2180 -25.1304 -25.0654 -25.0426 -25.0310 -25.0313 -25.0357 -25.0415 -25.0488 -25.0537 -25.0589 -25.0649 -25.0691 -25.0752 -25.0828 -25.0879 -25.0933 -25.0995 
 13.3010  2 -38.6735 -37.0617 -33.9851 -31.8037 -29.8111 -28.2435 -27.4622 -26.6621 -25.9613 -25.6313 -25.3715 -25.1669 -25.0675 -24.9764 -24.9187 -24.9022 -24.8991 -24.9074 -24.9193 -24.9422 -24.9851 -25.0137 -25.0469 -25.0860 -25.1137 -25.1529 -25.2022 -25.2347 -25.2691 -25.3083 
 13.3010  3 -41.1434 -38.2622 -34.5932 -32.1247 -29.9650 -28.2308 -27.3835 -26.5515 -25.8845 -25.5837 -25.3428 -25.1426 -25.0402 -24.9387 -24.8642 -24.8376 -24.8266 -24.8306 -24.8385 -24.8600 -24.8979 -24.9304 -24.9658 -25.0055 -25.0348 -25.0766 -25.1293 -25.1641 -25.2009 -25.2428 
 13.3010  4 -39.6944 -37.5572 -34.8625 -33.0546 -30.8885 -28.7270 -27.6314 -26.6059 -25.8757 -25.5855 -25.3681 -25.1901 -25.0916 -24.9818 -24.8874 -24.8481 -24.8246 -24.8189 -24.8267 -24.8483 -24.8884 -24.9179 -24.9488 -24.9885 -25.0179 -25.0581 -25.1095 -25.1435 -25.1796 -25.2206 
 13.3010  5 -34.1835 -32.7932 -31.0417 -29.8879 -28.6650 -27.3447 -26.6780 -26.0425 -25.5651 -25.3823 -25.2615 -25.1798 -25.1396 -25.0952 -25.0551 -25.0394 -25.0332 -25.0393 -25.0511 -25.0759 -25.1188 -25.1530 -25.1932 -25.2427 -25.2795 -25.3314 -25.3984 -25.4421 -25.4883 -25.5408 
 13.3010  6 -74.0000 -74.0000 -74.0000 -74.0000 -74.0000 -74.0000 -74.0000 -74.0000 -61.7493 -51.2801 -43.4165 -37.3340 -34.3056 -31.2887 -28.8968 -27.8826 -27.1343 -26.5692 -26.2982 -26.0381 -25.8438 -25.7660 -25.7131 -25.6760 -25.6647 -25.6623 -25.6802 -25.6987 -25.7245 -25.7543 
 13.3010  7 -74.0000 -74.0000 -74.0000 -74.0000 -74.0000 -74.0000 -74.0000 -74.0000 -73.0968 -55.4227 -47.1084 -39.5790 -36.1021 -32.5778 -29.7719 -28.5789 -27.6961 -27.0233 -26.6954 -26.3655 -26.1217 -26.0262 -25.9598 -25.9172 -25.9011 -25.8927 -25.9014 -25.9137 -25.9293 -25.9533 
 13.6990  1 -40.3849 -37.8723 -33.8120 -31.1539 -29.2527 -27.8774 -27.2314 -26.5920 -26.0545 -25.7930 -25.5829 -25.4140 -25.3286 -25.2403 -25.1721 -25.1466 -25.1316 -25.1250 -25.1249 -25.1281 -25.1324 -25.1353 -25.1384 -25.1420 -25.1446 -25.1482 -25.1528 -25.1559 -25.1591 -25.1628 
 13.6990  2 -39.0625 -37.4765 -34.2532 -31.8417 -29.8169 -28.2449 -27.4632 -26.6627 -25.9620 -25.6333 -25.3738 -25.1692 -25.0708 -24.9788 -24.9216 -24.9062 -24.9035 -24.9097 -24.9217 -24.9466 -24.9850 -25.0155 -25.0487 -25.0866 -25.1135 -25.1514 -25.1992 -25.2307 -25.2640 -25.3020 
 13.6990  3 -41.6627 -38.7049 -34.8695 -32.1831 -29.9692 -28.2340 -27.3852 -26.5531 -25.8850 -25.5839 -25.3430 -25.1427 -25.0402 -24.9388 -24.8646 -24.8373 -24.8272 -24.8284 -24.8372 -24.8607 -24.8979 -24.9307 -24.9660 -25.0051 -25.0347 -25.0771 -25.1306 -25.1659 -25.2032 -25.2457 
 13.6990  4 -40.9346 -38.5119 -35.4519 -33.3708 -30.9505 -28.7325 -27.6333 -26.6061 -25.8762 -25.5855 -25.3685 -25.1902 -25.0918 -24.9819 -24.8873 -24.8480 -24.8246 -24.8198 -24.8288 -24.8481 -24.8882 -24.9181 -24.9520 -24.9882 -25.0182 -25.0585 -25.1100 -25.1440 -25.1802 -25.2213 
 13.6990  5 -34.1895 -32.7987 -31.0464 -29.8923 -28.6688 -27.3479 -26.6806 -26.0457 -25.5661 -25.3836 -25.2628 -25.1805 -25.1400 -25.0954 -25.0552 -25.0396 -25.0334 -25.0395 -25.0512 -25.0761 -25.1189 -25.1531 -25.1933 -25.2428 -25.2796 -25.3322 -25.3982 -25.4425 -25.4895 -25.5429 
 13.6990  6 -74.0000 -74.0000 -74.0000 -74.0000 -74.0000 -74.0000 -74.0000 -74.0000 -61.7594 -51.2740 -43.4180 -37.3343 -34.3040 -31.2895 -28.8961 -27.8826 -27.1349 -26.5702 -26.2984 -26.0382 -25.8439 -25.7660 -25.7132 -25.6761 -25.6647 -25.6630 -25.6801 -25.6988 -25.7245 -25.7541 
 13.6990  7 -74.0000 -74.0000 -74.0000 -74.0000 -74.0000 -74.0000 -74.0000 -74.0000 -73.0923 -55.4166 -47.1100 -39.5784 -36.1020 -32.5778 -29.7719 -28.5789 -27.6962 -27.0233 -26.6954 -26.3657 -26.1223 -26.0261 -25.9593 -25.9178 -25.9020 -25.8928 -25.9015 -25.9135 -25.9289 -25.9538 
 14.0000  1 -40.6952 -38.1279 -33.8170 -31.1613 -29.2712 -27.9176 -27.2902 -26.6734 -26.1520 -25.8979 -25.6939 -25.5290 -25.4446 -25.3568 -25.2866 -25.2586 -25.2403 -25.2293 -25.2259 -25.2231 -25.2199 -25.2178 -25.2156 -25.2132 -25.2114 -25.2090 -25.2060 -25.2040 -25.2019 -25.1995 
 14.0000  2 -39.3558 -37.7921 -34.3990 -31.8572 -29.8200 -28.2470 -27.4648 -26.6641 -25.9639 -25.6358 -25.3773 -25.1740 -25.0757 -24.9841 -24.9260 -24.9121 -24.9097 -24.9164 -24.9270 -24.9509 -24.9875 -25.0185 -25.0515 -25.0885 -25.1148 -25.1518 -25.1984 -25.2291 -25.2616 -25.2986 
 14.0000  3 -42.1910 -39.0900 -35.0202 -32.2101 -29.9718 -28.2374 -27.3875 -26.5547 -25.8859 -25.5845 -25.3432 -25.1426 -25.0405 -24.9387 -24.8635 -24.8375 -24.8269 -24.8276 -24.8373 -24.8598 -24.8980 -24.9295 -24.9656 -25.0051 -25.0343 -25.0771 -25.1312 -25.1668 -25.2046 -25.2475 
 14.0000  4 -42.0138 -39.3210 -35.9078 -33.5670 -30.9732 -28.7349 -27.6343 -26.6064 -25.8771 -25.5865 -25.3692 -25.1905 -25.0919 -24.9819 -24.8869 -24.8477 -24.8243 -24.8198 -24.8290 -24.8496 -24.8879 -24.9181 -24.9525 -24.9905 -25.0186 -25.0589 -25.1102 -25.1441 -25.1800 -25.2209 
 14.0000  5 -34.2019 -32.8095 -31.0552 -29.8997 -28.6749 -27.3525 -26.6849 -26.0484 -25.5682 -25.3861 -25.2649 -25.1819 -25.1408 -25.0960 -25.0551 -25.0394 -25.0332 -25.0393 -25.0511 -25.0758 -25.1188 -25.1529 -25.1932 -25.2427 -25.2794 -25.3324 -25.3983 -25.4424 -25.4892 -25.5425 
 14.0000  6 -74.0000 -74.0000 -74.0000 -74.0000 -74.0000 -74.0000 -74.0000 -74.0000 -61.7574 -51.2760 -43.4174 -37.3338 -34.3038 -31.2899 -28.8954 -27.8823 -27.1357 -26.5709 -26.2984 -26.0382 -25.8439 -25.7661 -25.7132 -25.6760 -25.6647 -25.6628 -25.6802 -25.6987 -25.7245 -25.7542 
 14.0000  7 -74.0000 -74.0000 -74.0000 -74.0000 -74.0000 -74.0000 -74.0000 -74.0000 -73.0944 -55.4195 -47.1092 -39.5787 -36.1021 -32.5778 -29.7719 -28.5789 -27.6961 -27.0232 -26.6954 -26.3658 -26.1226 -26.0268 -25.9600 -25.9173 -25.9016 -25.8926 -25.9013 -25.9139 -25.9297 -25.9528 
 14.3010  1 -41.0077 -38.3676 -33.8206 -31.1738 -29.2969 -27.9702 -27.3640 -26.7731 -26.2747 -26.0318 -25.8350 -25.6758 -25.5932 -25.5060 -25.4339 -25.4031 -25.3817 -25.3666 -25.3593 -25.3502 -25.3389 -25.3314 -25.3236 -25.3147 -25.3084 -25.2995 -25.2884 -25.2810 -25.2733 -25.2645 
 14.3010  2 -39.6502 -38.1085 -34.4994 -31.8694 -29.8248 -28.2509 -27.4677 -26.6667 -25.9673 -25.6403 -25.3840 -25.1827 -25.0852 -24.9935 -24.9360 -24.9228 -24.9183 -24.9253 -24.9360 -24.9583 -24.9945 -25.0247 -25.0571 -25.0935 -25.1194 -25.1559 -25.2019 -25.2321 -25.2642 -25.3007 
 14.3010  3 -42.8394 -39.5178 -35.1280 -32.2303 -29.9784 -28.2433 -27.3919 -26.5576 -25.8878 -25.5856 -25.3435 -25.1425 -25.0406 -24.9379 -24.8616 -24.8374 -24.8256 -24.8277 -24.8380 -24.8583 -24.8978 -24.9278 -24.9646 -25.0049 -25.0337 -25.0764 -25.1303 -25.1658 -25.2035 -25.2463 
 14.3010  4 -43.0626 -40.0938 -36.3095 -33.7165 -30.9858 -28.7382 -27.6363 -26.6082 -25.8783 -25.5877 -25.3703 -25.1910 -25.0922 -24.9823 -24.8873 -24.8480 -24.8245 -24.8195 -24.8289 -24.8512 -24.8877 -24.9181 -24.9524 -24.9925 -25.0190 -25.0592 -25.1103 -25.1441 -25.1798 -25.2205 
 14.3010  5 -34.2241 -32.8289 -31.0710 -29.9131 -28.6857 -27.3611 -26.6931 -26.0538 -25.5738 -25.3911 -25.2685 -25.1849 -25.1430 -25.0969 -25.0548 -25.0388 -25.0323 -25.0384 -25.0502 -25.0748 -25.1181 -25.1521 -25.1928 -25.2422 -25.2789 -25.3316 -25.3985 -25.4424 -25.4889 -25.5418 
 14.3010  6 -74.0000 -74.0000 -74.0000 -74.0000 -74.0000 -74.0000 -74.0000 -74.0000 -61.7584 -51.2762 -43.4173 -37.3334 -34.3049 -31.2890 -28.8958 -27.8824 -27.1355 -26.5705 -26.2980 -26.0383 -25.8439 -25.7661 -25.7132 -25.6758 -25.6647 -25.6628 -25.6802 -25.6987 -25.7245 -25.7543 
 14.3010  7 -74.0000 -74.0000 -74.0000 -74.0000 -74.0000 -74.0000 -74.0000 -74.0000 -73.0942 -55.4193 -47.1093 -39.5787 -36.1021 -32.5778 -29.7719 -28.5789 -27.6961 -27.0231 -26.6953 -26.3665 -26.1227 -26.0284 -25.9622 -25.9166 -25.9016 -25.8924 -25.9008 -25.9148 -25.9319 -25.9506 
 14.6990  1 -41.4239 -38.6671 -33.8317 -31.2091 -29.3614 -28.0850 -27.5140 -26.9628 -26.4990 -26.2721 -26.0859 -25.9333 -25.8524 -25.7662 -25.6921 -25.6574 -25.6314 -25.6101 -25.5976 -25.5822 -25.5630 -25.5504 -25.5371 -25.5220 -25.5113 -25.4962 -25.4773 -25.4648 -25.4515 -25.4365 
 14.6990  2 -40.0404 -38.5275 -34.5900 -31.8907 -29.8391 -28.2618 -27.4764 -26.6737 -25.9771 -25.6528 -25.4005 -25.2027 -25.1070 -25.0162 -24.9606 -24.9456 -24.9391 -24.9448 -24.9562 -24.9773 -25.0134 -25.0414 -25.0721 -25.1073 -25.1324 -25.1676 -25.2121 -25.2414 -25.2724 -25.3077 
 14.6990  3 -43.8054 -40.1142 -35.2347 -32.2604 -29.9995 -28.2607 -27.4053 -26.5663 -25.8939 -25.5886 -25.3445 -25.1428 -25.0392 -24.9356 -24.8601 -24.8343 -24.8232 -24.8266 -24.8364 -24.8585 -24.8959 -24.9275 -24.9625 -25.0036 -25.0332 -25.0748 -25.1271 -25.1615 -25.1981 -25.2397 
 14.6990  4 -44.1822 -40.8894 -36.6811 -33.8474 -30.9986 -28.7468 -27.6428 -26.6139 -25.8815 -25.5902 -25.3730 -25.1927 -25.0933 -24.9833 -24.8888 -24.8489 -24.8250 -24.8193 -24.8288 -24.8509 -24.8877 -24.9181 -24.9523 -24.9921 -25.0189 -25.0591 -25.1103 -25.1440 -25.1798 -25.2206 
 14.6990  5 -34.2739 -32.8740 -31.1103 -29.9485 -28.7170 -27.3877 -26.7164 -26.0729 -25.5898 -25.4038 -25.2793 -25.1928 -25.1487 -25.0988 -25.0533 -25.0357 -25.0285 -25.0342 -25.0458 -25.0708 -25.1145 -25.1490 -25.1897 -25.2398 -25.2764 -25.3298 -25.3966 -25.4409 -25.4879 -25.5414 
 14.6990  6 -74.0000 -74.0000 -74.0000 -74.0000 -74.0000 -74.0000 -74.0000 -74.0000 -61.7628 -51.2717 -43.4188 -37.3337 -34.3054 -31.2887 -28.8955 -27.8816 -27.1345 -26.5695 -26.2978 -26.0381 -25.8436 -25.7659 -25.7133 -25.6773 -25.6649 -25.6629 -25.6800 -25.6989 -25.7244 -25.7539 
 14.6990  7 -74.0000 -74.0000 -74.0000 -74.0000 -74.0000 -74.0000 -74.0000 -74.0000 -73.0939 -55.4188 -47.1094 -39.5786 -36.1020 -32.5778 -29.7719 -28.5789 -27.6964 -27.0235 -26.6953 -26.3674 -26.1236 -26.0294 -25.9642 -25.9182 -25.9011 -25.8949 -25.9017 -25.9146 -25.9338 -25.9535 
 15.0000  1 -41.7403 -38.8837 -33.8451 -31.2479 -29.4305 -28.2011 -27.6615 -27.1431 -26.7051 -26.4893 -26.3121 -26.1630 -26.0825 -25.9973 -25.9221 -25.8845 -25.8544 -25.8277 -25.8115 -25.7928 -25.7698 -25.7547 -25.7387 -25.7206 -25.7078 -25.6897 -25.6669 -25.6519 -25.6360 -25.6179 
 15.0000  2 -40.3360 -38.8430 -34.6513 -31.9194 -29.8618 -28.2787 -27.4905 -26.6846 -25.9912 -25.6700 -25.4212 -25.2266 -25.1324 -25.0442 -24.9885 -24.9716 -24.9667 -24.9715 -24.9814 -25.0020 -25.0369 -25.0634 -25.0925 -25.1258 -25.1494 -25.1827 -25.2247 -25.2524 -25.2817 -25.3150 
 15.0000  3 -44.5273 -40.5466 -35.3133 -32.2993 -30.0331 -28.2865 -27.4261 -26.5802 -25.9021 -25.5939 -25.3472 -25.1431 -25.0376 -24.9329 -24.8575 -24.8304 -24.8200 -24.8233 -24.8324 -24.8557 -24.8935 -24.9262 -24.9613 -25.0021 -25.0318 -25.0732 -25.1254 -25.1598 -25.1962 -25.2377 
 15.0000  4 -44.7217 -41.2533 -36.8449 -33.9130 -31.0121 -28.7582 -27.6523 -26.6211 -25.8881 -25.5956 -25.3769 -25.1956 -25.0949 -24.9831 -24.8881 -24.8473 -24.8235 -24.8193 -24.8271 -24.8486 -24.8871 -24.9168 -24.9505 -24.9904 -25.0181 -25.0584 -25.1096 -25.1433 -25.1791 -25.2199 
 15.0000  5 -34.3503 -32.9434 -31.1708 -30.0032 -28.7655 -27.4288 -26.7519 -26.1035 -25.6143 -25.4248 -25.2973 -25.2058 -25.1577 -25.1018 -25.0503 -25.0304 -25.0217 -25.0267 -25.0382 -25.0632 -25.1074 -25.1424 -25.1835 -25.2342 -25.2713 -25.3254 -25.3925 -25.4374 -25.4851 -25.5394 
 15.0000  6 -74.0000 -74.0000 -74.0000 -74.0000 -74.0000 -74.0000 -74.0000 -74.0000 -61.7634 -51.2693 -43.4200 -37.3343 -34.3047 -31.2889 -28.8943 -27.8804 -27.1334 -26.5691 -26.2977 -26.0382 -25.8439 -25.7662 -25.7138 -25.6784 -25.6654 -25.6628 -25.6804 -25.6987 -25.7246 -25.7546 
 15.0000  7 -74.0000 -74.0000 -74.0000 -74.0000 -74.0000 -74.0000 -74.0000 -74.0000 -73.0941 -55.4190 -47.1093 -39.5786 -36.1021 -32.5778 -29.7719 -28.5788 -27.6966 -27.0237 -26.6953 -26.3680 -26.1248 -26.0297 -25.9641 -25.9199 -25.9021 -25.8964 -25.9032 -25.9149 -25.9336 -25.9571 
 15.3010  1 -42.0570 -39.0921 -33.8591 -31.2883 -29.5023 -28.3210 -27.8134 -27.3280 -26.9159 -26.7113 -26.5432 -26.3974 -26.3171 -26.2329 -26.1567 -26.1162 -26.0821 -26.0499 -26.0299 -26.0082 -25.9817 -25.9643 -25.9459 -25.9249 -25.9101 -25.8892 -25.8628 -25.8455 -25.8271 -25.8062 
 15.3010  2 -40.6339 -39.1535 -34.7270 -31.9700 -29.9032 -28.3100 -27.5164 -26.7056 -26.0129 -25.6962 -25.4515 -25.2608 -25.1684 -25.0826 -25.0270 -25.0108 -25.0064 -25.0109 -25.0195 -25.0386 -25.0714 -25.0965 -25.1238 -25.1549 -25.1769 -25.2081 -25.2473 -25.2731 -25.3005 -25.3317 
 15.3010  3 -45.1752 -40.9361 -35.4114 -32.3668 -30.0933 -28.3331 -27.4640 -26.6062 -25.9168 -25.6041 -25.3526 -25.1438 -25.0358 -24.9294 -24.8521 -24.8248 -24.8143 -24.8172 -24.8261 -24.8491 -24.8896 -24.9217 -24.9583 -24.9996 -25.0288 -25.0702 -25.1224 -25.1569 -25.1934 -25.2349 
 15.3010  4 -45.0378 -41.4685 -36.9542 -33.9697 -31.0365 -28.7785 -27.6697 -26.6364 -25.9008 -25.6070 -25.3854 -25.2013 -25.0982 -24.9836 -24.8865 -24.8448 -24.8207 -24.8165 -24.8233 -24.8452 -24.8838 -24.9135 -24.9477 -24.9872 -25.0156 -25.0564 -25.1071 -25.1405 -25.1759 -25.2161 
 15.3010  5 -34.4770 -33.0589 -31.2723 -30.0955 -28.8480 -27.5002 -26.8154 -26.1584 -25.6590 -25.4646 -25.3312 -25.2309 -25.1746 -25.1075 -25.0447 -25.0203 -25.0088 -25.0122 -25.0235 -25.0483 -25.0932 -25.1287 -25.1710 -25.2223 -25.2605 -25.3150 -25.3838 -25.4294 -25.4778 -25.5328 
 15.3010  6 -74.0000 -74.0000 -74.0000 -74.0000 -74.0000 -74.0000 -74.0000 -74.0000 -61.7672 -51.2660 -43.4218 -37.3349 -34.3040 -31.2879 -28.8925 -27.8786 -27.1317 -26.5687 -26.2972 -26.0386 -25.8453 -25.7676 -25.7149 -25.6783 -25.6666 -25.6628 -25.6815 -25.6982 -25.7248 -25.7561 
 15.3010  7 -74.0000 -74.0000 -74.0000 -74.0000 -74.0000 -74.0000 -74.0000 -74.0000 -73.0940 -55.4190 -47.1094 -39.5786 -36.1021 -32.5778 -29.7719 -28.5788 -27.6966 -27.0237 -26.6952 -26.3686 -26.1263 -26.0305 -25.9635 -25.9209 -25.9046 -25.8961 -25.9046 -25.9167 -25.9328 -25.9577 
