      24 29  1
dens coff  -0.6990  -0.5229  -0.3010  -0.1549   0.0000   0.1761   0.3010   0.4771   0.6990   0.8451   1.0000   1.1761   1.3010   1.4771   1.6990   1.8451   2.0000   2.1761   2.3010   2.4771   2.6990   2.8451   3.0000   3.1761   3.3010   3.4771   3.6990   3.8451   4.0000 
  7.6990  1 -47.1967 -39.8872 -34.0678 -31.5804 -29.7065 -28.2426 -27.4861 -26.7281 -26.1164 -25.8353 -25.6258 -25.4537 -25.3587 -25.2596 -25.1832 -25.1562 -25.1432 -25.1441 -25.1534 -25.1767 -25.2166 -25.2470 -25.2840 -25.3326 -25.3696 -25.4228 -25.4926 -25.5407 -25.5940 
  8.0000  1 -47.1967 -39.8872 -34.0679 -31.5804 -29.7066 -28.2429 -27.4865 -26.7287 -26.1172 -25.8362 -25.6267 -25.4546 -25.3595 -25.2604 -25.1839 -25.1569 -25.1439 -25.1446 -25.1539 -25.1772 -25.2171 -25.2475 -25.2844 -25.3330 -25.3699 -25.4232 -25.4929 -25.5410 -25.5943 
  8.3010  1 -47.1967 -39.8872 -34.0679 -31.5805 -29.7067 -28.2432 -27.4870 -26.7294 -26.1181 -25.8372 -25.6277 -25.4557 -25.3605 -25.2613 -25.1848 -25.1577 -25.1446 -25.1454 -25.1546 -25.1778 -25.2177 -25.2480 -25.2849 -25.3335 -25.3704 -25.4236 -25.4933 -25.5414 -25.5946 
  8.6990  1 -47.1967 -39.8872 -34.0679 -31.5805 -29.7069 -28.2437 -27.4878 -26.7306 -26.1197 -25.8389 -25.6294 -25.4574 -25.3622 -25.2629 -25.1862 -25.1591 -25.1459 -25.1465 -25.1557 -25.1789 -25.2186 -25.2489 -25.2857 -25.3343 -25.3711 -25.4243 -25.4940 -25.5420 -25.5952 
  9.0000  1 -47.1967 -39.8872 -34.0679 -31.5805 -29.7070 -28.2442 -27.4885 -26.7317 -26.1212 -25.8404 -25.6311 -25.4590 -25.3638 -25.2643 -25.1875 -25.1603 -25.1471 -25.1476 -25.1568 -25.1798 -25.2195 -25.2497 -25.2865 -25.3350 -25.3718 -25.4249 -25.4946 -25.5426 -25.5957 
  9.3010  1 -47.1967 -39.8872 -34.0679 -31.5806 -29.7072 -28.2447 -27.4894 -26.7330 -26.1229 -25.8422 -25.6330 -25.4610 -25.3657 -25.2661 -25.1892 -25.1619 -25.1486 -25.1490 -25.1581 -25.1811 -25.2206 -25.2508 -25.2875 -25.3359 -25.3727 -25.4257 -25.4953 -25.5432 -25.5964 
  9.6990  1 -47.1967 -39.8872 -34.0679 -31.5807 -29.7076 -28.2456 -27.4907 -26.7350 -26.1256 -25.8452 -25.6361 -25.4641 -25.3687 -25.2690 -25.1919 -25.1645 -25.1510 -25.1513 -25.1603 -25.1831 -25.2225 -25.2525 -25.2891 -25.3374 -25.3741 -25.4271 -25.4965 -25.5444 -25.5974 
 10.0000  1 -47.1967 -39.8872 -34.0679 -31.5807 -29.7078 -28.2464 -27.4919 -26.7368 -26.1280 -25.8478 -25.6389 -25.4669 -25.3715 -25.2717 -25.1944 -25.1668 -25.1533 -25.1535 -25.1623 -25.1851 -25.2243 -25.2542 -25.2907 -25.3389 -25.3755 -25.4284 -25.4977 -25.5455 -25.5985 
 10.3010  1 -47.1967 -39.8872 -34.0679 -31.5808 -29.7082 -28.2473 -27.4933 -26.7389 -26.1309 -25.8509 -25.6422 -25.4703 -25.3748 -25.2748 -25.1973 -25.1697 -25.1560 -25.1560 -25.1648 -25.1874 -25.2264 -25.2562 -25.2926 -25.3407 -25.3772 -25.4300 -25.4991 -25.5469 -25.5998 
 10.6990  1 -47.1967 -39.8872 -34.0679 -31.5810 -29.7087 -28.2487 -27.4955 -26.7423 -26.1355 -25.8559 -25.6475 -25.4757 -25.3801 -25.2799 -25.2021 -25.1743 -25.1604 -25.1602 -25.1688 -25.1912 -25.2299 -25.2595 -25.2957 -25.3436 -25.3800 -25.4326 -25.5016 -25.5492 -25.6019 
 11.0000  1 -47.1967 -39.8872 -34.0680 -31.5811 -29.7092 -28.2501 -27.4976 -26.7455 -26.1400 -25.8607 -25.6526 -25.4809 -25.3852 -25.2847 -25.2066 -25.1786 -25.1645 -25.1642 -25.1726 -25.1948 -25.2333 -25.2627 -25.2987 -25.3464 -25.3827 -25.4351 -25.5038 -25.5513 -25.6040 
 11.3010  1 -47.1967 -39.8872 -34.0680 -31.5813 -29.7098 -28.2518 -27.5003 -26.7496 -26.1455 -25.8668 -25.6590 -25.4873 -25.3914 -25.2906 -25.2121 -25.1838 -25.1696 -25.1689 -25.1772 -25.1991 -25.2373 -25.2665 -25.3022 -25.3497 -25.3859 -25.4381 -25.5066 -25.5540 -25.6065 
 11.6990  1 -47.1967 -39.8872 -34.0680 -31.5816 -29.7109 -28.2547 -27.5049 -26.7568 -26.1554 -25.8773 -25.6702 -25.4985 -25.4021 -25.3005 -25.2212 -25.1925 -25.1778 -25.1768 -25.1849 -25.2064 -25.2440 -25.2728 -25.3082 -25.3553 -25.3913 -25.4432 -25.5113 -25.5584 -25.6107 
 12.0000  1 -47.1967 -39.8872 -34.0681 -31.5818 -29.7120 -28.2579 -27.5098 -26.7642 -26.1654 -25.8879 -25.6819 -25.5099 -25.4129 -25.3104 -25.2300 -25.2009 -25.1858 -25.1844 -25.1922 -25.2133 -25.2504 -25.2788 -25.3139 -25.3607 -25.3964 -25.4480 -25.5157 -25.5626 -25.6147 
 12.3010  1 -47.1967 -39.8872 -34.0682 -31.5823 -29.7135 -28.2621 -27.5162 -26.7738 -26.1782 -25.9012 -25.6967 -25.5242 -25.4264 -25.3227 -25.2412 -25.2114 -25.1958 -25.1939 -25.2013 -25.2219 -25.2584 -25.2864 -25.3210 -25.3674 -25.4028 -25.4540 -25.5212 -25.5678 -25.6196 
 12.6990  1 -47.1967 -39.8873 -34.0683 -31.5831 -29.7164 -28.2696 -27.5276 -26.7905 -26.2000 -25.9237 -25.7213 -25.5482 -25.4492 -25.3437 -25.2602 -25.2294 -25.2129 -25.2101 -25.2169 -25.2368 -25.2721 -25.2993 -25.3331 -25.3788 -25.4138 -25.4643 -25.5307 -25.5768 -25.6281 
 13.0000  1 -47.1968 -39.8873 -34.0685 -31.5841 -29.7195 -28.2772 -27.5388 -26.8066 -26.2207 -25.9449 -25.7447 -25.5710 -25.4711 -25.3641 -25.2789 -25.2473 -25.2299 -25.2261 -25.2324 -25.2514 -25.2857 -25.3121 -25.3452 -25.3902 -25.4247 -25.4746 -25.5402 -25.5858 -25.6366 
 13.3010  1 -47.1969 -39.8874 -34.0689 -31.5854 -29.7236 -28.2869 -27.5529 -26.8266 -26.2462 -25.9711 -25.7727 -25.5987 -25.4980 -25.3896 -25.3029 -25.2702 -25.2518 -25.2469 -25.2524 -25.2704 -25.3033 -25.3287 -25.3608 -25.4049 -25.4388 -25.4878 -25.5523 -25.5972 -25.6474 
 13.6990  1 -47.1973 -39.8878 -34.0697 -31.5883 -29.7314 -28.3040 -27.5770 -26.8597 -26.2879 -26.0144 -25.8175 -25.6442 -25.5430 -25.4336 -25.3451 -25.3113 -25.2914 -25.2846 -25.2888 -25.3050 -25.3354 -25.3590 -25.3894 -25.4317 -25.4645 -25.5118 -25.5742 -25.6179 -25.6669 
 14.0000  1 -47.1980 -39.8883 -34.0709 -31.5917 -29.7397 -28.3207 -27.6001 -26.8910 -26.3278 -26.0572 -25.8618 -25.6908 -25.5901 -25.4804 -25.3907 -25.3558 -25.3344 -25.3255 -25.3281 -25.3422 -25.3699 -25.3916 -25.4200 -25.4605 -25.4919 -25.5374 -25.5976 -25.6399 -25.6875 
 14.3010  1 -47.1993 -39.8895 -34.0729 -31.5967 -29.7511 -28.3428 -27.6308 -26.9329 -26.3826 -26.1176 -25.9260 -25.7596 -25.6602 -25.5507 -25.4594 -25.4227 -25.3988 -25.3865 -25.3865 -25.3969 -25.4199 -25.4385 -25.4637 -25.5010 -25.5303 -25.5730 -25.6299 -25.6701 -25.7158 
 14.6990  1 -47.2032 -39.8929 -34.0783 -31.6087 -29.7767 -28.3911 -27.6973 -27.0236 -26.5001 -26.2475 -26.0656 -25.9087 -25.8122 -25.7033 -25.6090 -25.5689 -25.5401 -25.5207 -25.5150 -25.5173 -25.5296 -25.5410 -25.5588 -25.5881 -25.6122 -25.6478 -25.6964 -25.7318 -25.7727 
 15.0000  1 -47.2097 -39.8984 -34.0866 -31.6264 -29.8129 -28.4563 -27.7843 -27.1371 -26.6402 -26.3993 -26.2267 -26.0777 -25.9837 -25.8753 -25.7786 -25.7356 -25.7026 -25.6770 -25.6663 -25.6607 -25.6625 -25.6665 -25.6763 -25.6966 -25.7144 -25.7412 -25.7795 -25.8084 -25.8428 
 15.3010  1 -47.2223 -39.9094 -34.1026 -31.6589 -29.8758 -28.5613 -27.9169 -27.2998 -26.8296 -26.5997 -26.4354 -26.2932 -26.2012 -26.0933 -25.9947 -25.9492 -25.9126 -25.8815 -25.8662 -25.8535 -25.8450 -25.8416 -25.8430 -25.8533 -25.8638 -25.8803 -25.9052 -25.9255 -25.9510 
